20 -325.22484551 0.31
25 -325.57245240 0.34
30 -325.58732970 0.33
35 -325.59351972 0.36
40 -325.60178065 0.36
45 -325.60385216 0.45
50 -325.60398520 0.46
55 -325.60763112 0.54
60 -325.61173855 0.56
65 -325.61268752 0.57
70 -325.61276059 0.59
75 -325.61322057 0.62
80 -325.61388379 0.68
85 -325.61443101 0.74
90 -325.61513706 0.82
95 -325.61568480 0.78
100 -325.61587552 0.83
105 -325.61593067 0.86
110 -325.61635514 0.88
115 -325.61751612 0.89
120 -325.61935011 0.94
125 -325.62154647 0.94
130 -325.62364381 1.12
135 -325.62524233 1.00
140 -325.62622800 1.44
145 -325.62665079 1.45
150 -325.62674467 1.49
155 -325.62678471 1.48
160 -325.62698745 1.52
165 -325.62748535 1.52
170 -325.62828915 1.58
175 -325.62928375 2.10
180 -325.63029525 2.17
185 -325.63115762 2.19
190 -325.63178804 2.28
195 -325.63214780 2.32
200 -325.63229772 2.38
