20 -325.16139517 0.41
25 -325.52755091 1.17
30 -325.54394576 0.47
35 -325.55049504 0.49
40 -325.55854862 0.55
45 -325.56049736 0.54
50 -325.56091597 0.72
55 -325.56394888 0.73
60 -325.56764799 2.51
65 -325.56933003 2.33
70 -325.56968060 2.31
75 -325.56991761 0.94
80 -325.57040171 0.97
85 -325.57117866 1.08
90 -325.57208382 1.19
95 -325.57265637 1.21
100 -325.57280966 1.25
105 -325.57286213 1.30
110 -325.57331201 1.37
115 -325.57446999 1.35
120 -325.57633292 1.38
125 -325.57853554 1.40
130 -325.58063101 1.49
135 -325.58225053 1.50
140 -325.58322558 1.59
145 -325.58363942 1.94
150 -325.58372517 1.96
155 -325.58375809 2.00
160 -325.58397000 2.03
165 -325.58448892 2.08
170 -325.58529742 2.07
175 -325.58628951 2.10
180 -325.58729640 2.14
185 -325.58812955 10.51
190 -325.58875155 10.68
195 -325.58912169 7.60
200 -325.58927839 7.69
