  0.0000E+00  0.0000E+00
  1.0000E+00  8.6121E-08
  2.0000E+00  3.4449E-07
  3.0000E+00  7.7510E-07
  4.0000E+00  1.3780E-06
  5.0000E+00  2.1531E-06
  6.0000E+00  3.1004E-06
  7.0000E+00  4.2200E-06
  8.0000E+00  5.5119E-06
  9.0000E+00  6.9760E-06
  1.0000E+01  8.6123E-06
  1.1000E+01  1.0421E-05
  1.2000E+01  1.2402E-05
  1.3000E+01  1.4555E-05
  1.4000E+01  1.6880E-05
  1.5000E+01  1.9378E-05
  1.6000E+01  2.2048E-05
  1.7000E+01  2.4890E-05
  1.8000E+01  2.7904E-05
  1.9000E+01  3.1091E-05
  2.0000E+01  3.4449E-05
  2.1000E+01  3.7980E-05
  2.2000E+01  4.1684E-05
  2.3000E+01  4.5559E-05
  2.4000E+01  4.9607E-05
  2.5000E+01  5.3827E-05
  2.6000E+01  5.8219E-05
  2.7000E+01  6.2784E-05
  2.8000E+01  6.7521E-05
  2.9000E+01  7.2430E-05
  3.0000E+01  7.7511E-05
  3.1000E+01  8.2765E-05
  3.2000E+01  8.8190E-05
  3.3000E+01  9.3788E-05
  3.4000E+01  1.3228E-04
  3.5000E+01  1.8698E-04
  3.6000E+01  2.3389E-04
  3.7000E+01  2.7301E-04
  3.8000E+01  3.0434E-04
  3.9000E+01  3.2788E-04
  4.0000E+01  3.4363E-04
  4.1000E+01  3.5158E-04
  4.2000E+01  3.5175E-04
  4.3000E+01  3.5781E-04
  4.4000E+01  3.7806E-04
  4.5000E+01  3.9875E-04
  4.6000E+01  4.1989E-04
  4.7000E+01  4.4146E-04
  4.8000E+01  4.6348E-04
  4.9000E+01  4.8593E-04
  5.0000E+01  5.0883E-04
  5.1000E+01  5.3304E-04
  5.2000E+01  5.5899E-04
  5.3000E+01  5.8616E-04
  5.4000E+01  6.1454E-04
  5.5000E+01  6.4412E-04
  5.6000E+01  6.7492E-04
  5.7000E+01  7.0693E-04
  5.8000E+01  7.4014E-04
  5.9000E+01  7.7457E-04
  6.0000E+01  8.1020E-04
  6.1000E+01  8.6908E-04
  6.2000E+01  1.0271E-03
  6.3000E+01  1.1652E-03
  6.4000E+01  1.2772E-03
  6.5000E+01  1.2759E-03
  6.6000E+01  1.2829E-03
  6.7000E+01  1.2720E-03
  6.8000E+01  1.3280E-03
  6.9000E+01  1.3855E-03
  7.0000E+01  1.4446E-03
  7.1000E+01  1.5052E-03
  7.2000E+01  1.5674E-03
  7.3000E+01  1.6302E-03
  7.4000E+01  1.6952E-03
  7.5000E+01  1.7627E-03
  7.6000E+01  1.8328E-03
  7.7000E+01  1.9054E-03
  7.8000E+01  1.9807E-03
  7.9000E+01  2.0586E-03
  8.0000E+01  2.1391E-03
  8.1000E+01  2.2321E-03
  8.2000E+01  2.3416E-03
  8.3000E+01  2.4677E-03
  8.4000E+01  2.6039E-03
  8.5000E+01  2.7538E-03
  8.6000E+01  3.1158E-03
  8.7000E+01  3.0603E-03
  8.8000E+01  3.1899E-03
  8.9000E+01  3.3265E-03
  9.0000E+01  3.5007E-03
  9.1000E+01  3.7032E-03
  9.2000E+01  3.9207E-03
  9.3000E+01  4.1360E-03
  9.4000E+01  4.3492E-03
  9.5000E+01  4.5645E-03
  9.6000E+01  4.7970E-03
  9.7000E+01  5.0364E-03
  9.8000E+01  5.3117E-03
  9.9000E+01  5.7035E-03
  1.0000E+02  6.3340E-03
  1.0100E+02  6.9089E-03
  1.0200E+02  7.2299E-03
  1.0300E+02  7.8671E-03
  1.0400E+02  8.7958E-03
  1.0500E+02  1.0081E-02
  1.0600E+02  1.0657E-02
  1.0700E+02  1.1588E-02
  1.0800E+02  1.2237E-02
  1.0900E+02  1.1877E-02
  1.1000E+02  1.2425E-02
  1.1100E+02  1.2819E-02
  1.1200E+02  1.3188E-02
  1.1300E+02  1.3610E-02
  1.1400E+02  1.4160E-02
  1.1500E+02  1.4685E-02
  1.1600E+02  1.5068E-02
  1.1700E+02  1.5725E-02
  1.1800E+02  1.6361E-02
  1.1900E+02  1.5668E-02
  1.2000E+02  1.5596E-02
  1.2100E+02  1.5869E-02
  1.2200E+02  1.6280E-02
  1.2300E+02  1.6630E-02
  1.2400E+02  1.6988E-02
  1.2500E+02  1.7357E-02
  1.2600E+02  1.7897E-02
  1.2700E+02  1.8415E-02
  1.2800E+02  1.9035E-02
  1.2900E+02  2.0198E-02
  1.3000E+02  2.0877E-02
  1.3100E+02  2.1798E-02
  1.3200E+02  2.2935E-02
  1.3300E+02  2.3167E-02
  1.3400E+02  2.5320E-02
  1.3500E+02  2.8871E-02
  1.3600E+02  2.9605E-02
  1.3700E+02  3.0921E-02
  1.3800E+02  3.2571E-02
  1.3900E+02  3.4128E-02
  1.4000E+02  3.5014E-02
  1.4100E+02  3.4572E-02
  1.4200E+02  3.3919E-02
  1.4300E+02  3.3014E-02
  1.4400E+02  3.2258E-02
  1.4500E+02  3.3178E-02
  1.4600E+02  2.8134E-02
  1.4700E+02  2.5033E-02
  1.4800E+02  2.2948E-02
  1.4900E+02  2.1546E-02
  1.5000E+02  2.1138E-02
  1.5100E+02  2.0752E-02
  1.5200E+02  2.0386E-02
  1.5300E+02  2.0024E-02
  1.5400E+02  1.9840E-02
  1.5500E+02  1.9554E-02
  1.5600E+02  1.9299E-02
  1.5700E+02  1.9075E-02
  1.5800E+02  1.8826E-02
  1.5900E+02  1.8490E-02
  1.6000E+02  1.8263E-02
  1.6100E+02  1.8210E-02
  1.6200E+02  1.7814E-02
  1.6300E+02  1.7392E-02
  1.6400E+02  1.7100E-02
  1.6500E+02  1.6894E-02
  1.6600E+02  1.7149E-02
  1.6700E+02  1.7429E-02
  1.6800E+02  1.7561E-02
  1.6900E+02  1.6486E-02
  1.7000E+02  1.6271E-02
  1.7100E+02  1.6040E-02
  1.7200E+02  1.5832E-02
  1.7300E+02  1.5641E-02
  1.7400E+02  1.5496E-02
  1.7500E+02  1.5338E-02
  1.7600E+02  1.5157E-02
  1.7700E+02  1.5014E-02
  1.7800E+02  1.4871E-02
  1.7900E+02  1.4733E-02
  1.8000E+02  1.4607E-02
  1.8100E+02  1.4581E-02
  1.8200E+02  1.4514E-02
  1.8300E+02  1.4451E-02
  1.8400E+02  1.4395E-02
  1.8500E+02  1.4855E-02
  1.8600E+02  1.4911E-02
  1.8700E+02  1.4357E-02
  1.8800E+02  1.4047E-02
  1.8900E+02  1.4219E-02
  1.9000E+02  1.4926E-02
  1.9100E+02  1.4733E-02
  1.9200E+02  1.4686E-02
  1.9300E+02  1.4690E-02
  1.9400E+02  1.4807E-02
  1.9500E+02  1.4950E-02
  1.9600E+02  1.5013E-02
  1.9700E+02  1.5109E-02
  1.9800E+02  1.5226E-02
  1.9900E+02  1.5397E-02
  2.0000E+02  1.5628E-02
  2.0100E+02  1.6120E-02
  2.0200E+02  2.0011E-02
  2.0300E+02  1.8411E-02
  2.0400E+02  1.6814E-02
  2.0500E+02  1.4863E-02
  2.0600E+02  1.3569E-02
  2.0700E+02  1.1945E-02
  2.0800E+02  1.0239E-02
  2.0900E+02  8.1383E-03
  2.1000E+02  6.5153E-03
  2.1100E+02  5.1602E-03
  2.1200E+02  3.8078E-03
  2.1300E+02  2.2372E-03
  2.1400E+02  1.4829E-03
  2.1500E+02  1.4996E-03
  2.1600E+02  1.5177E-03
  2.1700E+02  1.5410E-03
  2.1800E+02  1.5644E-03
  2.1900E+02  1.5878E-03
  2.2000E+02  1.6111E-03
  2.2100E+02  1.6345E-03
  2.2200E+02  1.6580E-03
  2.2300E+02  1.6816E-03
  2.2400E+02  1.7053E-03
  2.2500E+02  1.7291E-03
  2.2600E+02  1.7531E-03
  2.2700E+02  1.7781E-03
  2.2800E+02  1.8070E-03
  2.2900E+02  1.8362E-03
  2.3000E+02  1.8659E-03
  2.3100E+02  1.8963E-03
  2.3200E+02  1.9280E-03
  2.3300E+02  1.9606E-03
  2.3400E+02  1.9942E-03
  2.3500E+02  2.0288E-03
  2.3600E+02  2.0643E-03
  2.3700E+02  2.1007E-03
  2.3800E+02  2.1381E-03
  2.3900E+02  2.1760E-03
  2.4000E+02  2.2125E-03
  2.4100E+02  2.2474E-03
  2.4200E+02  2.2809E-03
  2.4300E+02  2.3127E-03
  2.4400E+02  2.3431E-03
  2.4500E+02  2.3718E-03
  2.4600E+02  2.4026E-03
  2.4700E+02  2.4399E-03
  2.4800E+02  2.4779E-03
  2.4900E+02  2.5165E-03
  2.5000E+02  2.5560E-03
  2.5100E+02  2.5961E-03
  2.5200E+02  2.6369E-03
  2.5300E+02  2.6784E-03
  2.5400E+02  2.7207E-03
  2.5500E+02  2.7636E-03
  2.5600E+02  2.8072E-03
  2.5700E+02  2.8515E-03
  2.5800E+02  2.8965E-03
  2.5900E+02  2.9429E-03
  2.6000E+02  2.9903E-03
  2.6100E+02  3.0394E-03
  2.6200E+02  3.0925E-03
  2.6300E+02  3.1495E-03
  2.6400E+02  3.2103E-03
  2.6500E+02  3.2747E-03
  2.6600E+02  3.3347E-03
  2.6700E+02  3.3878E-03
  2.6800E+02  3.4350E-03
  2.6900E+02  3.4796E-03
  2.7000E+02  3.5354E-03
  2.7100E+02  3.5908E-03
  2.7200E+02  3.6457E-03
  2.7300E+02  3.7002E-03
  2.7400E+02  3.7554E-03
  2.7500E+02  3.8139E-03
  2.7600E+02  3.8745E-03
  2.7700E+02  3.9366E-03
  2.7800E+02  4.0001E-03
  2.7900E+02  4.0650E-03
  2.8000E+02  4.1314E-03
  2.8100E+02  4.2012E-03
  2.8200E+02  4.2738E-03
  2.8300E+02  4.3492E-03
  2.8400E+02  4.4274E-03
  2.8500E+02  4.5084E-03
  2.8600E+02  4.5926E-03
  2.8700E+02  4.6808E-03
  2.8800E+02  4.7733E-03
  2.8900E+02  4.8648E-03
  2.9000E+02  4.9433E-03
  2.9100E+02  5.0162E-03
  2.9200E+02  5.1090E-03
  2.9300E+02  5.1959E-03
  2.9400E+02  5.2848E-03
  2.9500E+02  5.3752E-03
  2.9600E+02  5.4671E-03
  2.9700E+02  5.5604E-03
  2.9800E+02  5.6542E-03
  2.9900E+02  5.7483E-03
  3.0000E+02  5.8430E-03
  3.0100E+02  5.9458E-03
  3.0200E+02  6.0566E-03
  3.0300E+02  6.1746E-03
  3.0400E+02  6.2993E-03
  3.0500E+02  6.4310E-03
  3.0600E+02  6.5695E-03
  3.0700E+02  6.7142E-03
  3.0800E+02  6.8641E-03
  3.0900E+02  7.0202E-03
  3.1000E+02  7.1792E-03
  3.1100E+02  7.3298E-03
  3.1200E+02  7.5018E-03
  3.1300E+02  7.6654E-03
  3.1400E+02  7.8448E-03
  3.1500E+02  8.0320E-03
  3.1600E+02  8.2269E-03
  3.1700E+02  8.4295E-03
  3.1800E+02  8.6474E-03
  3.1900E+02  8.8782E-03
  3.2000E+02  9.1172E-03
  3.2100E+02  9.3724E-03
  3.2200E+02  9.6862E-03
  3.2300E+02  1.0039E-02
  3.2400E+02  1.0409E-02
  3.2500E+02  1.0793E-02
  3.2600E+02  1.1238E-02
  3.2700E+02  1.1751E-02
  3.2800E+02  1.2343E-02
  3.2900E+02  1.3110E-02
  3.3000E+02  1.4615E-02
  3.3100E+02  1.5887E-02
  3.3200E+02  1.6681E-02
  3.3300E+02  1.7169E-02
  3.3400E+02  1.7141E-02
  3.3500E+02  1.6449E-02
  3.3600E+02  1.5667E-02
  3.3700E+02  1.4854E-02
  3.3800E+02  1.4006E-02
  3.3900E+02  1.3024E-02
  3.4000E+02  1.2077E-02
  3.4100E+02  1.1324E-02
  3.4200E+02  1.0686E-02
  3.4300E+02  1.0644E-02
  3.4400E+02  1.0168E-02
  3.4500E+02  9.7518E-03
  3.4600E+02  9.3364E-03
  3.4700E+02  8.9247E-03
  3.4800E+02  8.5167E-03
  3.4900E+02  8.1113E-03
  3.5000E+02  7.7397E-03
  3.5100E+02  7.4068E-03
  3.5200E+02  7.0869E-03
  3.5300E+02  6.7765E-03
  3.5400E+02  6.4755E-03
  3.5500E+02  6.1839E-03
  3.5600E+02  5.9080E-03
  3.5700E+02  5.6639E-03
  3.5800E+02  5.4489E-03
  3.5900E+02  5.2663E-03
  3.6000E+02  5.1063E-03
  3.6100E+02  4.9587E-03
  3.6200E+02  4.6550E-03
  3.6300E+02  4.3669E-03
  3.6400E+02  3.9995E-03
  3.6500E+02  3.6523E-03
  3.6600E+02  3.3254E-03
  3.6700E+02  3.1294E-03
  3.6800E+02  3.0019E-03
  3.6900E+02  2.9183E-03
  3.7000E+02  2.8860E-03
  3.7100E+02  2.9068E-03
  3.7200E+02  2.9829E-03
  3.7300E+02  3.1148E-03
  3.7400E+02  3.2925E-03
  3.7500E+02  3.5132E-03
  3.7600E+02  3.9041E-03
  3.7700E+02  4.1077E-03
  3.7800E+02  4.1765E-03
  3.7900E+02  4.3262E-03
  3.8000E+02  4.5714E-03
  3.8100E+02  4.8329E-03
  3.8200E+02  5.0826E-03
  3.8300E+02  5.3042E-03
  3.8400E+02  5.6192E-03
  3.8500E+02  6.4967E-03
  3.8600E+02  7.4884E-03
  3.8700E+02  8.3203E-03
  3.8800E+02  8.9290E-03
  3.8900E+02  9.1160E-03
  3.9000E+02  9.1695E-03
  3.9100E+02  9.0265E-03
  3.9200E+02  9.0533E-03
  3.9300E+02  9.1853E-03
  3.9400E+02  9.3843E-03
  3.9500E+02  9.8417E-03
  3.9600E+02  1.0243E-02
  3.9700E+02  1.0401E-02
  3.9800E+02  9.8865E-03
  3.9900E+02  9.9507E-03
  4.0000E+02  1.0023E-02
  4.0100E+02  1.0105E-02
  4.0200E+02  1.0239E-02
  4.0300E+02  1.0388E-02
  4.0400E+02  1.0516E-02
  4.0500E+02  1.0714E-02
  4.0600E+02  1.0920E-02
  4.0700E+02  1.1115E-02
  4.0800E+02  1.1332E-02
  4.0900E+02  1.1569E-02
  4.1000E+02  1.1801E-02
  4.1100E+02  1.1813E-02
  4.1200E+02  1.1947E-02
  4.1300E+02  1.1962E-02
  4.1400E+02  1.2219E-02
  4.1500E+02  1.2335E-02
  4.1600E+02  1.1886E-02
  4.1700E+02  1.1819E-02
  4.1800E+02  1.1803E-02
  4.1900E+02  1.1857E-02
  4.2000E+02  1.1948E-02
  4.2100E+02  1.1964E-02
  4.2200E+02  1.1942E-02
  4.2300E+02  1.1881E-02
  4.2400E+02  1.1841E-02
  4.2500E+02  1.2101E-02
  4.2600E+02  1.2142E-02
  4.2700E+02  1.1904E-02
  4.2800E+02  1.1529E-02
  4.2900E+02  1.0837E-02
  4.3000E+02  1.0297E-02
  4.3100E+02  1.0015E-02
  4.3200E+02  9.8573E-03
  4.3300E+02  9.7121E-03
  4.3400E+02  9.5629E-03
  4.3500E+02  9.4238E-03
  4.3600E+02  9.2370E-03
  4.3700E+02  9.0718E-03
  4.3800E+02  8.9124E-03
  4.3900E+02  8.7600E-03
  4.4000E+02  8.6147E-03
  4.4100E+02  8.4766E-03
  4.4200E+02  8.3552E-03
  4.4300E+02  8.2562E-03
  4.4400E+02  8.1651E-03
  4.4500E+02  8.0818E-03
  4.4600E+02  8.0068E-03
  4.4700E+02  7.9415E-03
  4.4800E+02  7.8379E-03
  4.4900E+02  7.7872E-03
  4.5000E+02  7.7701E-03
  4.5100E+02  7.7442E-03
  4.5200E+02  7.7186E-03
  4.5300E+02  7.6780E-03
  4.5400E+02  7.6172E-03
  4.5500E+02  7.5025E-03
  4.5600E+02  7.3475E-03
  4.5700E+02  7.2097E-03
  4.5800E+02  7.0967E-03
  4.5900E+02  6.9859E-03
  4.6000E+02  6.8814E-03
  4.6100E+02  6.7861E-03
  4.6200E+02  6.7354E-03
  4.6300E+02  6.6975E-03
  4.6400E+02  6.6724E-03
  4.6500E+02  6.6674E-03
  4.6600E+02  6.7653E-03
  4.6700E+02  6.7000E-03
  4.6800E+02  6.6807E-03
  4.6900E+02  6.7575E-03
  4.7000E+02  6.8093E-03
  4.7100E+02  6.4040E-03
  4.7200E+02  6.2662E-03
  4.7300E+02  9.5916E-03
  4.7400E+02  2.2409E-02
  4.7500E+02  4.6597E-02
  4.7600E+02  6.0266E-02
  4.7700E+02  6.9227E-02
  4.7800E+02  9.9760E-02
  4.7900E+02  7.6086E-02
  4.8000E+02  7.0166E-02
  4.8100E+02  6.9631E-02
  4.8200E+02  7.0101E-02
  4.8300E+02  6.9527E-02
  4.8400E+02  6.8649E-02
  4.8500E+02  6.7629E-02
  4.8600E+02  6.7141E-02
  4.8700E+02  6.7136E-02
  4.8800E+02  6.6078E-02
  4.8900E+02  6.6591E-02
  4.9000E+02  6.6809E-02
  4.9100E+02  6.6706E-02
  4.9200E+02  6.8201E-02
  4.9300E+02  6.8337E-02
  4.9400E+02  6.9308E-02
  4.9500E+02  6.9414E-02
  4.9600E+02  7.1394E-02
  4.9700E+02  7.4390E-02
  4.9800E+02  7.9221E-02
  4.9900E+02  8.3883E-02
  5.0000E+02  7.8227E-02
  5.0100E+02  4.6215E-02
  5.0200E+02  3.4639E-02
  5.0300E+02  2.9661E-02
  5.0400E+02  2.3490E-02
  5.0500E+02  2.0556E-02
  5.0600E+02  1.8729E-02
  5.0700E+02  1.7528E-02
  5.0800E+02  1.6215E-02
  5.0900E+02  1.3752E-02
  5.1000E+02  1.2109E-02
  5.1100E+02  1.0899E-02
  5.1200E+02  9.8731E-03
  5.1300E+02  9.2161E-03
  5.1400E+02  8.5817E-03
  5.1500E+02  7.3859E-03
  5.1600E+02  6.4682E-03
  5.1700E+02  5.6287E-03
  5.1800E+02  4.9243E-03
  5.1900E+02  3.9318E-03
  5.2000E+02  3.2811E-03
  5.2100E+02  1.7707E-03
  5.2200E+02  1.2331E-03
  5.2300E+02  0.0000E+00
