  0.0000E+00  0.0000E+00
  1.0000E+00  1.3122E-07
  2.0000E+00  5.2490E-07
  3.0000E+00  1.1810E-06
  4.0000E+00  2.0996E-06
  5.0000E+00  3.2806E-06
  6.0000E+00  4.7241E-06
  7.0000E+00  6.4301E-06
  8.0000E+00  8.3985E-06
  9.0000E+00  1.0629E-05
  1.0000E+01  1.3123E-05
  1.1000E+01  1.5878E-05
  1.2000E+01  1.8897E-05
  1.3000E+01  2.2177E-05
  1.4000E+01  2.5720E-05
  1.5000E+01  2.9526E-05
  1.6000E+01  3.3594E-05
  1.7000E+01  3.7924E-05
  1.8000E+01  4.2517E-05
  1.9000E+01  4.7373E-05
  2.0000E+01  5.2490E-05
  2.1000E+01  5.7871E-05
  2.2000E+01  6.3513E-05
  2.3000E+01  6.9419E-05
  2.4000E+01  7.5586E-05
  2.5000E+01  8.2016E-05
  2.6000E+01  8.8709E-05
  2.7000E+01  9.5664E-05
  2.8000E+01  1.0288E-04
  2.9000E+01  1.1036E-04
  3.0000E+01  1.1810E-04
  3.1000E+01  1.2611E-04
  3.2000E+01  1.3438E-04
  3.3000E+01  1.7462E-04
  3.4000E+01  2.5244E-04
  3.5000E+01  3.1986E-04
  3.6000E+01  3.7689E-04
  3.7000E+01  4.2351E-04
  3.8000E+01  4.5973E-04
  3.9000E+01  4.8556E-04
  4.0000E+01  5.0098E-04
  4.1000E+01  5.0600E-04
  4.2000E+01  5.0063E-04
  4.3000E+01  5.2464E-04
  4.4000E+01  5.5231E-04
  4.5000E+01  5.8047E-04
  4.6000E+01  6.0913E-04
  4.7000E+01  6.3829E-04
  4.8000E+01  6.6795E-04
  4.9000E+01  6.9810E-04
  5.0000E+01  7.2928E-04
  5.1000E+01  7.6188E-04
  5.2000E+01  7.9580E-04
  5.3000E+01  8.3105E-04
  5.4000E+01  8.6762E-04
  5.5000E+01  9.0551E-04
  5.6000E+01  9.4473E-04
  5.7000E+01  9.8527E-04
  5.8000E+01  1.0271E-03
  5.9000E+01  1.0703E-03
  6.0000E+01  1.1148E-03
  6.1000E+01  1.1607E-03
  6.2000E+01  1.2491E-03
  6.3000E+01  1.5023E-03
  6.4000E+01  1.6313E-03
  6.5000E+01  1.6361E-03
  6.6000E+01  1.5703E-03
  6.7000E+01  1.6353E-03
  6.8000E+01  1.7020E-03
  6.9000E+01  1.7704E-03
  7.0000E+01  1.8900E-03
  7.1000E+01  2.0205E-03
  7.2000E+01  2.1260E-03
  7.3000E+01  2.2040E-03
  7.4000E+01  2.2502E-03
  7.5000E+01  2.2717E-03
  7.6000E+01  2.3228E-03
  7.7000E+01  2.3988E-03
  7.8000E+01  2.4767E-03
  7.9000E+01  2.5567E-03
  8.0000E+01  2.6388E-03
  8.1000E+01  2.7255E-03
  8.2000E+01  2.8181E-03
  8.3000E+01  2.9144E-03
  8.4000E+01  3.0174E-03
  8.5000E+01  3.1486E-03
  8.6000E+01  3.3069E-03
  8.7000E+01  3.4681E-03
  8.8000E+01  3.6466E-03
  8.9000E+01  3.8425E-03
  9.0000E+01  4.5106E-03
  9.1000E+01  4.2607E-03
  9.2000E+01  4.4285E-03
  9.3000E+01  4.6224E-03
  9.4000E+01  4.8411E-03
  9.5000E+01  5.0798E-03
  9.6000E+01  5.3382E-03
  9.7000E+01  5.6072E-03
  9.8000E+01  5.9046E-03
  9.9000E+01  6.2166E-03
  1.0000E+02  6.5316E-03
  1.0100E+02  6.8801E-03
  1.0200E+02  7.2619E-03
  1.0300E+02  7.8179E-03
  1.0400E+02  9.8688E-03
  1.0500E+02  1.1310E-02
  1.0600E+02  1.2436E-02
  1.0700E+02  1.3458E-02
  1.0800E+02  1.5147E-02
  1.0900E+02  1.5127E-02
  1.1000E+02  1.4453E-02
  1.1100E+02  1.4890E-02
  1.1200E+02  1.5296E-02
  1.1300E+02  1.5698E-02
  1.1400E+02  1.6073E-02
  1.1500E+02  1.6344E-02
  1.1600E+02  1.6918E-02
  1.1700E+02  1.7348E-02
  1.1800E+02  1.7611E-02
  1.1900E+02  1.8406E-02
  1.2000E+02  1.7423E-02
  1.2100E+02  1.6847E-02
  1.2200E+02  1.6865E-02
  1.2300E+02  1.7123E-02
  1.2400E+02  1.7372E-02
  1.2500E+02  1.7753E-02
  1.2600E+02  1.8126E-02
  1.2700E+02  1.8381E-02
  1.2800E+02  1.8759E-02
  1.2900E+02  1.9007E-02
  1.3000E+02  1.9148E-02
  1.3100E+02  1.9360E-02
  1.3200E+02  1.9523E-02
  1.3300E+02  2.0115E-02
  1.3400E+02  2.0665E-02
  1.3500E+02  2.2205E-02
  1.3600E+02  2.3765E-02
  1.3700E+02  2.5543E-02
  1.3800E+02  2.5971E-02
  1.3900E+02  2.6573E-02
  1.4000E+02  2.7324E-02
  1.4100E+02  2.8154E-02
  1.4200E+02  2.8595E-02
  1.4300E+02  2.9331E-02
  1.4400E+02  3.0086E-02
  1.4500E+02  3.1209E-02
  1.4600E+02  3.1817E-02
  1.4700E+02  2.9901E-02
  1.4800E+02  2.8230E-02
  1.4900E+02  2.6506E-02
  1.5000E+02  2.5448E-02
  1.5100E+02  2.4179E-02
  1.5200E+02  2.3373E-02
  1.5300E+02  2.2658E-02
  1.5400E+02  2.1920E-02
  1.5500E+02  2.0996E-02
  1.5600E+02  1.9732E-02
  1.5700E+02  1.9464E-02
  1.5800E+02  1.9195E-02
  1.5900E+02  1.8929E-02
  1.6000E+02  1.8666E-02
  1.6100E+02  1.8407E-02
  1.6200E+02  1.8152E-02
  1.6300E+02  1.7901E-02
  1.6400E+02  1.7655E-02
  1.6500E+02  1.7410E-02
  1.6600E+02  1.7576E-02
  1.6700E+02  1.8256E-02
  1.6800E+02  1.8491E-02
  1.6900E+02  1.8984E-02
  1.7000E+02  1.8265E-02
  1.7100E+02  1.7480E-02
  1.7200E+02  1.6874E-02
  1.7300E+02  1.6485E-02
  1.7400E+02  1.6258E-02
  1.7500E+02  1.6019E-02
  1.7600E+02  1.5900E-02
  1.7700E+02  1.5789E-02
  1.7800E+02  1.5670E-02
  1.7900E+02  1.5543E-02
  1.8000E+02  1.5406E-02
  1.8100E+02  1.5254E-02
  1.8200E+02  1.5095E-02
  1.8300E+02  1.4941E-02
  1.8400E+02  1.4790E-02
  1.8500E+02  1.4643E-02
  1.8600E+02  1.4560E-02
  1.8700E+02  1.4588E-02
  1.8800E+02  1.4621E-02
  1.8900E+02  1.4766E-02
  1.9000E+02  1.5183E-02
  1.9100E+02  1.5683E-02
  1.9200E+02  1.6160E-02
  1.9300E+02  1.7173E-02
  1.9400E+02  1.7152E-02
  1.9500E+02  1.7157E-02
  1.9600E+02  1.7151E-02
  1.9700E+02  1.7112E-02
  1.9800E+02  1.7039E-02
  1.9900E+02  1.6972E-02
  2.0000E+02  1.6896E-02
  2.0100E+02  1.6703E-02
  2.0200E+02  1.5038E-02
  2.0300E+02  1.2193E-02
  2.0400E+02  9.8754E-03
  2.0500E+02  8.1978E-03
  2.0600E+02  7.1993E-03
  2.0700E+02  5.1817E-03
  2.0800E+02  2.4766E-03
  2.0900E+02  1.2723E-03
  2.1000E+02  1.2865E-03
  2.1100E+02  1.3043E-03
  2.1200E+02  1.3228E-03
  2.1300E+02  1.3420E-03
  2.1400E+02  1.3619E-03
  2.1500E+02  1.3824E-03
  2.1600E+02  1.4035E-03
  2.1700E+02  1.4253E-03
  2.1800E+02  1.4478E-03
  2.1900E+02  1.4708E-03
  2.2000E+02  1.4945E-03
  2.2100E+02  1.5182E-03
  2.2200E+02  1.5422E-03
  2.2300E+02  1.5665E-03
  2.2400E+02  1.5910E-03
  2.2500E+02  1.6160E-03
  2.2600E+02  1.6414E-03
  2.2700E+02  1.6673E-03
  2.2800E+02  1.6936E-03
  2.2900E+02  1.7203E-03
  2.3000E+02  1.7475E-03
  2.3100E+02  1.7752E-03
  2.3200E+02  1.8033E-03
  2.3300E+02  1.8324E-03
  2.3400E+02  1.8629E-03
  2.3500E+02  1.8948E-03
  2.3600E+02  1.9281E-03
  2.3700E+02  1.9628E-03
  2.3800E+02  1.9946E-03
  2.3900E+02  2.0216E-03
  2.4000E+02  2.0457E-03
  2.4100E+02  2.0667E-03
  2.4200E+02  2.0983E-03
  2.4300E+02  2.1316E-03
  2.4400E+02  2.1645E-03
  2.4500E+02  2.1977E-03
  2.4600E+02  2.2310E-03
  2.4700E+02  2.2645E-03
  2.4800E+02  2.2981E-03
  2.4900E+02  2.3320E-03
  2.5000E+02  2.3662E-03
  2.5100E+02  2.4008E-03
  2.5200E+02  2.4357E-03
  2.5300E+02  2.4709E-03
  2.5400E+02  2.5075E-03
  2.5500E+02  2.5499E-03
  2.5600E+02  2.5937E-03
  2.5700E+02  2.6388E-03
  2.5800E+02  2.6853E-03
  2.5900E+02  2.7333E-03
  2.6000E+02  2.7836E-03
  2.6100E+02  2.8361E-03
  2.6200E+02  2.8908E-03
  2.6300E+02  2.9474E-03
  2.6400E+02  3.0033E-03
  2.6500E+02  3.0575E-03
  2.6600E+02  3.1101E-03
  2.6700E+02  3.1610E-03
  2.6800E+02  3.2103E-03
  2.6900E+02  3.2579E-03
  2.7000E+02  3.3038E-03
  2.7100E+02  3.3480E-03
  2.7200E+02  3.3898E-03
  2.7300E+02  3.4342E-03
  2.7400E+02  3.4851E-03
  2.7500E+02  3.5458E-03
  2.7600E+02  3.6162E-03
  2.7700E+02  3.6793E-03
  2.7800E+02  3.7437E-03
  2.7900E+02  3.8093E-03
  2.8000E+02  3.8763E-03
  2.8100E+02  3.9448E-03
  2.8200E+02  4.0147E-03
  2.8300E+02  4.0860E-03
  2.8400E+02  4.1587E-03
  2.8500E+02  4.2328E-03
  2.8600E+02  4.3084E-03
  2.8700E+02  4.3854E-03
  2.8800E+02  4.4677E-03
  2.8900E+02  4.5653E-03
  2.9000E+02  4.6787E-03
  2.9100E+02  4.7814E-03
  2.9200E+02  4.8724E-03
  2.9300E+02  4.9518E-03
  2.9400E+02  5.0196E-03
  2.9500E+02  5.0951E-03
  2.9600E+02  5.1860E-03
  2.9700E+02  5.2769E-03
  2.9800E+02  5.3697E-03
  2.9900E+02  5.4646E-03
  3.0000E+02  5.5660E-03
  3.0100E+02  5.6735E-03
  3.0200E+02  5.7845E-03
  3.0300E+02  5.8999E-03
  3.0400E+02  6.0206E-03
  3.0500E+02  6.1452E-03
  3.0600E+02  6.2724E-03
  3.0700E+02  6.4028E-03
  3.0800E+02  6.5365E-03
  3.0900E+02  6.6799E-03
  3.1000E+02  6.8391E-03
  3.1100E+02  7.0134E-03
  3.1200E+02  7.2026E-03
  3.1300E+02  7.3865E-03
  3.1400E+02  7.5553E-03
  3.1500E+02  7.7124E-03
  3.1600E+02  7.8628E-03
  3.1700E+02  8.1008E-03
  3.1800E+02  8.3272E-03
  3.1900E+02  8.5421E-03
  3.2000E+02  8.7603E-03
  3.2100E+02  9.0001E-03
  3.2200E+02  9.2570E-03
  3.2300E+02  9.5311E-03
  3.2400E+02  9.8223E-03
  3.2500E+02  1.0131E-02
  3.2600E+02  1.0458E-02
  3.2700E+02  1.0830E-02
  3.2800E+02  1.1297E-02
  3.2900E+02  1.1834E-02
  3.3000E+02  1.2439E-02
  3.3100E+02  1.3112E-02
  3.3200E+02  1.3861E-02
  3.3300E+02  1.4849E-02
  3.3400E+02  1.6241E-02
  3.3500E+02  1.7648E-02
  3.3600E+02  1.8460E-02
  3.3700E+02  1.8144E-02
  3.3800E+02  1.7248E-02
  3.3900E+02  1.6245E-02
  3.4000E+02  1.5358E-02
  3.4100E+02  1.4197E-02
  3.4200E+02  1.3036E-02
  3.4300E+02  1.2295E-02
  3.4400E+02  1.1651E-02
  3.4500E+02  1.1104E-02
  3.4600E+02  1.0652E-02
  3.4700E+02  1.0262E-02
  3.4800E+02  9.9934E-03
  3.4900E+02  9.8000E-03
  3.5000E+02  9.2501E-03
  3.5100E+02  8.6433E-03
  3.5200E+02  8.2234E-03
  3.5300E+02  7.8359E-03
  3.5400E+02  7.4545E-03
  3.5500E+02  7.0784E-03
  3.5600E+02  6.7089E-03
  3.5700E+02  6.3606E-03
  3.5800E+02  6.0155E-03
  3.5900E+02  5.7243E-03
  3.6000E+02  5.4742E-03
  3.6100E+02  5.1657E-03
  3.6200E+02  4.8117E-03
  3.6300E+02  4.4826E-03
  3.6400E+02  4.1802E-03
  3.6500E+02  3.9467E-03
  3.6600E+02  3.7054E-03
  3.6700E+02  3.4828E-03
  3.6800E+02  3.3761E-03
  3.6900E+02  3.3276E-03
  3.7000E+02  3.3200E-03
  3.7100E+02  3.3539E-03
  3.7200E+02  3.4292E-03
  3.7300E+02  3.4857E-03
  3.7400E+02  3.5578E-03
  3.7500E+02  3.7410E-03
  3.7600E+02  3.8824E-03
  3.7700E+02  4.0936E-03
  3.7800E+02  4.2952E-03
  3.7900E+02  4.5315E-03
  3.8000E+02  4.8154E-03
  3.8100E+02  5.2124E-03
  3.8200E+02  5.7319E-03
  3.8300E+02  6.4444E-03
  3.8400E+02  7.9954E-03
  3.8500E+02  9.1843E-03
  3.8600E+02  9.9136E-03
  3.8700E+02  1.0608E-02
  3.8800E+02  9.8685E-03
  3.8900E+02  9.0920E-03
  3.9000E+02  9.1293E-03
  3.9100E+02  9.1742E-03
  3.9200E+02  9.2342E-03
  3.9300E+02  9.3120E-03
  3.9400E+02  9.4059E-03
  3.9500E+02  9.4934E-03
  3.9600E+02  9.5862E-03
  3.9700E+02  9.6758E-03
  3.9800E+02  9.7133E-03
  3.9900E+02  9.8641E-03
  4.0000E+02  9.9882E-03
  4.0100E+02  1.0110E-02
  4.0200E+02  1.0232E-02
  4.0300E+02  1.0355E-02
  4.0400E+02  1.0491E-02
  4.0500E+02  1.0664E-02
  4.0600E+02  1.0861E-02
  4.0700E+02  1.0955E-02
  4.0800E+02  1.1133E-02
  4.0900E+02  1.1658E-02
  4.1000E+02  1.1840E-02
  4.1100E+02  1.0949E-02
  4.1200E+02  1.0836E-02
  4.1300E+02  1.0815E-02
  4.1400E+02  1.0823E-02
  4.1500E+02  1.0858E-02
  4.1600E+02  1.0933E-02
  4.1700E+02  1.1024E-02
  4.1800E+02  1.1063E-02
  4.1900E+02  1.1084E-02
  4.2000E+02  1.1087E-02
  4.2100E+02  1.1073E-02
  4.2200E+02  1.1040E-02
  4.2300E+02  1.1012E-02
  4.2400E+02  1.1136E-02
  4.2500E+02  1.1507E-02
  4.2600E+02  1.1486E-02
  4.2700E+02  1.1342E-02
  4.2800E+02  1.1072E-02
  4.2900E+02  1.0707E-02
  4.3000E+02  9.9007E-03
  4.3100E+02  9.6329E-03
  4.3200E+02  9.4591E-03
  4.3300E+02  9.3278E-03
  4.3400E+02  9.1940E-03
  4.3500E+02  9.0596E-03
  4.3600E+02  8.9408E-03
  4.3700E+02  8.7483E-03
  4.3800E+02  8.6016E-03
  4.3900E+02  8.4595E-03
  4.4000E+02  8.3221E-03
  4.4100E+02  8.1901E-03
  4.4200E+02  8.0641E-03
  4.4300E+02  7.9440E-03
  4.4400E+02  7.8297E-03
  4.4500E+02  7.7188E-03
  4.4600E+02  7.6211E-03
  4.4700E+02  7.5368E-03
  4.4800E+02  7.4646E-03
  4.4900E+02  7.4034E-03
  4.5000E+02  7.3565E-03
  4.5100E+02  7.3242E-03
  4.5200E+02  7.2898E-03
  4.5300E+02  7.2938E-03
  4.5400E+02  7.2814E-03
  4.5500E+02  7.4299E-03
  4.5600E+02  7.4443E-03
  4.5700E+02  7.2881E-03
  4.5800E+02  7.0438E-03
  4.5900E+02  6.9322E-03
  4.6000E+02  6.8214E-03
  4.6100E+02  6.7113E-03
  4.6200E+02  6.6021E-03
  4.6300E+02  6.4937E-03
  4.6400E+02  6.3874E-03
  4.6500E+02  6.2849E-03
  4.6600E+02  6.1863E-03
  4.6700E+02  6.0915E-03
  4.6800E+02  5.9992E-03
  4.6900E+02  5.9178E-03
  4.7000E+02  5.9085E-03
  4.7100E+02  6.3653E-03
  4.7200E+02  6.4575E-03
  4.7300E+02  3.2233E-02
  4.7400E+02  4.7839E-02
  4.7500E+02  5.4482E-02
  4.7600E+02  6.5026E-02
  4.7700E+02  7.3160E-02
  4.7800E+02  7.3243E-02
  4.7900E+02  6.1501E-02
  4.8000E+02  5.8888E-02
  4.8100E+02  5.8692E-02
  4.8200E+02  5.9092E-02
  4.8300E+02  5.8278E-02
  4.8400E+02  5.9568E-02
  4.8500E+02  6.0571E-02
  4.8600E+02  6.0463E-02
  4.8700E+02  6.0149E-02
  4.8800E+02  6.1052E-02
  4.8900E+02  6.2252E-02
  4.9000E+02  6.3476E-02
  4.9100E+02  6.5266E-02
  4.9200E+02  6.6159E-02
  4.9300E+02  6.8817E-02
  4.9400E+02  7.1767E-02
  4.9500E+02  7.3369E-02
  4.9600E+02  7.6109E-02
  4.9700E+02  8.1707E-02
  4.9800E+02  1.0153E-01
  4.9900E+02  1.1639E-01
  5.0000E+02  8.4942E-02
  5.0100E+02  3.3977E-02
  5.0200E+02  2.8306E-02
  5.0300E+02  2.4926E-02
  5.0400E+02  2.2392E-02
  5.0500E+02  2.0489E-02
  5.0600E+02  1.7872E-02
  5.0700E+02  1.6447E-02
  5.0800E+02  1.5110E-02
  5.0900E+02  1.3804E-02
  5.1000E+02  1.2645E-02
  5.1100E+02  1.1753E-02
  5.1200E+02  1.1391E-02
  5.1300E+02  1.0515E-02
  5.1400E+02  9.7083E-03
  5.1500E+02  8.7741E-03
  5.1600E+02  7.7600E-03
  5.1700E+02  6.9172E-03
  5.1800E+02  6.8963E-03
  5.1900E+02  5.2805E-03
  5.2000E+02  4.5531E-03
  5.2100E+02  2.6018E-03
  5.2200E+02  5.5677E-04
  5.2300E+02  0.0000E+00
