  0.0000E+00  0.0000E+00
  1.0000E+00  9.0573E-08
  2.0000E+00  3.6230E-07
  3.0000E+00  8.1517E-07
  4.0000E+00  1.4492E-06
  5.0000E+00  2.2644E-06
  6.0000E+00  3.2607E-06
  7.0000E+00  4.4382E-06
  8.0000E+00  5.7968E-06
  9.0000E+00  7.3366E-06
  1.0000E+01  9.0575E-06
  1.1000E+01  1.0960E-05
  1.2000E+01  1.3043E-05
  1.3000E+01  1.5307E-05
  1.4000E+01  1.7753E-05
  1.5000E+01  2.0379E-05
  1.6000E+01  2.3187E-05
  1.7000E+01  2.6176E-05
  1.8000E+01  2.9346E-05
  1.9000E+01  3.2698E-05
  2.0000E+01  3.6230E-05
  2.1000E+01  3.9944E-05
  2.2000E+01  4.3839E-05
  2.3000E+01  4.7914E-05
  2.4000E+01  5.2171E-05
  2.5000E+01  5.6610E-05
  2.6000E+01  6.1229E-05
  2.7000E+01  6.6030E-05
  2.8000E+01  7.1011E-05
  2.9000E+01  7.6174E-05
  3.0000E+01  8.1518E-05
  3.1000E+01  8.7043E-05
  3.2000E+01  9.2749E-05
  3.3000E+01  9.8637E-05
  3.4000E+01  1.0471E-04
  3.5000E+01  1.1096E-04
  3.6000E+01  1.1739E-04
  3.7000E+01  1.2400E-04
  3.8000E+01  1.3079E-04
  3.9000E+01  1.3777E-04
  4.0000E+01  1.4492E-04
  4.1000E+01  1.9034E-04
  4.2000E+01  2.6121E-04
  4.3000E+01  3.2481E-04
  4.4000E+01  3.8113E-04
  4.5000E+01  4.3017E-04
  4.6000E+01  4.7194E-04
  4.7000E+01  5.0643E-04
  4.8000E+01  5.3365E-04
  4.9000E+01  5.5359E-04
  5.0000E+01  5.6625E-04
  5.1000E+01  5.7163E-04
  5.2000E+01  5.7718E-04
  5.3000E+01  6.0564E-04
  5.4000E+01  6.3465E-04
  5.5000E+01  6.6420E-04
  5.6000E+01  6.9430E-04
  5.7000E+01  7.2494E-04
  5.8000E+01  7.5612E-04
  5.9000E+01  7.8785E-04
  6.0000E+01  8.2012E-04
  6.1000E+01  8.5446E-04
  6.2000E+01  8.9183E-04
  6.3000E+01  9.3113E-04
  6.4000E+01  9.7236E-04
  6.5000E+01  1.0155E-03
  6.6000E+01  1.0607E-03
  6.7000E+01  1.1077E-03
  6.8000E+01  1.1567E-03
  6.9000E+01  1.2076E-03
  7.0000E+01  1.2605E-03
  7.1000E+01  1.3156E-03
  7.2000E+01  1.3843E-03
  7.3000E+01  1.4722E-03
  7.4000E+01  1.5792E-03
  7.5000E+01  1.7951E-03
  7.6000E+01  1.9766E-03
  7.7000E+01  2.1001E-03
  7.8000E+01  2.2725E-03
  7.9000E+01  2.3232E-03
  8.0000E+01  2.4001E-03
  8.1000E+01  2.4056E-03
  8.2000E+01  2.4274E-03
  8.3000E+01  2.5220E-03
  8.4000E+01  2.6192E-03
  8.5000E+01  2.7287E-03
  8.6000E+01  2.8523E-03
  8.7000E+01  2.9866E-03
  8.8000E+01  3.1316E-03
  8.9000E+01  3.2870E-03
  9.0000E+01  3.4510E-03
  9.1000E+01  3.6233E-03
  9.2000E+01  3.8040E-03
  9.3000E+01  3.9930E-03
  9.4000E+01  4.1899E-03
  9.5000E+01  4.3893E-03
  9.6000E+01  4.5974E-03
  9.7000E+01  4.8170E-03
  9.8000E+01  5.0801E-03
  9.9000E+01  5.4293E-03
  1.0000E+02  5.8648E-03
  1.0100E+02  6.7503E-03
  1.0200E+02  7.2867E-03
  1.0300E+02  7.6139E-03
  1.0400E+02  8.3339E-03
  1.0500E+02  9.1072E-03
  1.0600E+02  9.8946E-03
  1.0700E+02  1.0696E-02
  1.0800E+02  1.1621E-02
  1.0900E+02  1.2214E-02
  1.1000E+02  1.3223E-02
  1.1100E+02  1.4202E-02
  1.1200E+02  1.2709E-02
  1.1300E+02  1.3084E-02
  1.1400E+02  1.3507E-02
  1.1500E+02  1.4069E-02
  1.1600E+02  1.4445E-02
  1.1700E+02  1.4731E-02
  1.1800E+02  1.5070E-02
  1.1900E+02  1.5509E-02
  1.2000E+02  1.6052E-02
  1.2100E+02  1.6762E-02
  1.2200E+02  1.7447E-02
  1.2300E+02  1.7914E-02
  1.2400E+02  1.9228E-02
  1.2500E+02  2.0981E-02
  1.2600E+02  1.8714E-02
  1.2700E+02  1.9041E-02
  1.2800E+02  1.9421E-02
  1.2900E+02  1.9771E-02
  1.3000E+02  2.0122E-02
  1.3100E+02  2.0579E-02
  1.3200E+02  2.1511E-02
  1.3300E+02  2.2647E-02
  1.3400E+02  2.4973E-02
  1.3500E+02  2.8567E-02
  1.3600E+02  2.9453E-02
  1.3700E+02  3.0652E-02
  1.3800E+02  3.2003E-02
  1.3900E+02  3.2920E-02
  1.4000E+02  3.3195E-02
  1.4100E+02  3.2349E-02
  1.4200E+02  3.1586E-02
  1.4300E+02  3.1069E-02
  1.4400E+02  3.0547E-02
  1.4500E+02  3.0021E-02
  1.4600E+02  2.9889E-02
  1.4700E+02  2.8970E-02
  1.4800E+02  2.8408E-02
  1.4900E+02  2.7643E-02
  1.5000E+02  2.4945E-02
  1.5100E+02  2.3410E-02
  1.5200E+02  2.1323E-02
  1.5300E+02  2.0376E-02
  1.5400E+02  2.0002E-02
  1.5500E+02  1.9640E-02
  1.5600E+02  1.9326E-02
  1.5700E+02  1.9022E-02
  1.5800E+02  1.8707E-02
  1.5900E+02  1.8381E-02
  1.6000E+02  1.8046E-02
  1.6100E+02  1.7757E-02
  1.6200E+02  1.7485E-02
  1.6300E+02  1.7243E-02
  1.6400E+02  1.7018E-02
  1.6500E+02  1.6804E-02
  1.6600E+02  1.6602E-02
  1.6700E+02  1.6420E-02
  1.6800E+02  1.6244E-02
  1.6900E+02  1.6073E-02
  1.7000E+02  1.5909E-02
  1.7100E+02  1.5755E-02
  1.7200E+02  1.5624E-02
  1.7300E+02  1.5855E-02
  1.7400E+02  1.6571E-02
  1.7500E+02  1.7120E-02
  1.7600E+02  1.6650E-02
  1.7700E+02  1.6187E-02
  1.7800E+02  1.5989E-02
  1.7900E+02  1.6124E-02
  1.8000E+02  1.5001E-02
  1.8100E+02  1.4818E-02
  1.8200E+02  1.4626E-02
  1.8300E+02  1.4425E-02
  1.8400E+02  1.4449E-02
  1.8500E+02  1.4583E-02
  1.8600E+02  1.4602E-02
  1.8700E+02  1.4504E-02
  1.8800E+02  1.4384E-02
  1.8900E+02  1.4245E-02
  1.9000E+02  1.4086E-02
  1.9100E+02  1.3867E-02
  1.9200E+02  1.3886E-02
  1.9300E+02  1.3907E-02
  1.9400E+02  1.3930E-02
  1.9500E+02  1.3985E-02
  1.9600E+02  1.4186E-02
  1.9700E+02  1.4525E-02
  1.9800E+02  1.4879E-02
  1.9900E+02  1.7964E-02
  2.0000E+02  2.0574E-02
  2.0100E+02  1.8946E-02
  2.0200E+02  1.8531E-02
  2.0300E+02  1.7530E-02
  2.0400E+02  1.6261E-02
  2.0500E+02  1.4822E-02
  2.0600E+02  1.3113E-02
  2.0700E+02  9.7926E-03
  2.0800E+02  7.8750E-03
  2.0900E+02  6.5773E-03
  2.1000E+02  5.3120E-03
  2.1100E+02  4.0790E-03
  2.1200E+02  2.8458E-03
  2.1300E+02  1.4627E-03
  2.1400E+02  1.4834E-03
  2.1500E+02  1.5035E-03
  2.1600E+02  1.5232E-03
  2.1700E+02  1.5424E-03
  2.1800E+02  1.5611E-03
  2.1900E+02  1.5791E-03
  2.2000E+02  1.6002E-03
  2.2100E+02  1.6223E-03
  2.2200E+02  1.6451E-03
  2.2300E+02  1.6688E-03
  2.2400E+02  1.6933E-03
  2.2500E+02  1.7186E-03
  2.2600E+02  1.7447E-03
  2.2700E+02  1.7716E-03
  2.2800E+02  1.7993E-03
  2.2900E+02  1.8278E-03
  2.3000E+02  1.8571E-03
  2.3100E+02  1.8871E-03
  2.3200E+02  1.9174E-03
  2.3300E+02  1.9483E-03
  2.3400E+02  1.9796E-03
  2.3500E+02  2.0114E-03
  2.3600E+02  2.0438E-03
  2.3700E+02  2.0769E-03
  2.3800E+02  2.1112E-03
  2.3900E+02  2.1466E-03
  2.4000E+02  2.1832E-03
  2.4100E+02  2.2210E-03
  2.4200E+02  2.2604E-03
  2.4300E+02  2.3020E-03
  2.4400E+02  2.3458E-03
  2.4500E+02  2.3917E-03
  2.4600E+02  2.4363E-03
  2.4700E+02  2.4742E-03
  2.4800E+02  2.5081E-03
  2.4900E+02  2.5380E-03
  2.5000E+02  2.5638E-03
  2.5100E+02  2.5977E-03
  2.5200E+02  2.6395E-03
  2.5300E+02  2.6812E-03
  2.5400E+02  2.7229E-03
  2.5500E+02  2.7645E-03
  2.5600E+02  2.8058E-03
  2.5700E+02  2.8472E-03
  2.5800E+02  2.8890E-03
  2.5900E+02  2.9313E-03
  2.6000E+02  2.9740E-03
  2.6100E+02  3.0172E-03
  2.6200E+02  3.0614E-03
  2.6300E+02  3.1103E-03
  2.6400E+02  3.1624E-03
  2.6500E+02  3.2155E-03
  2.6600E+02  3.2696E-03
  2.6700E+02  3.3247E-03
  2.6800E+02  3.3817E-03
  2.6900E+02  3.4442E-03
  2.7000E+02  3.5096E-03
  2.7100E+02  3.5781E-03
  2.7200E+02  3.6496E-03
  2.7300E+02  3.7241E-03
  2.7400E+02  3.8012E-03
  2.7500E+02  3.8749E-03
  2.7600E+02  3.9433E-03
  2.7700E+02  4.0062E-03
  2.7800E+02  4.0637E-03
  2.7900E+02  4.1159E-03
  2.8000E+02  4.1625E-03
  2.8100E+02  4.2114E-03
  2.8200E+02  4.2698E-03
  2.8300E+02  4.3379E-03
  2.8400E+02  4.4125E-03
  2.8500E+02  4.4894E-03
  2.8600E+02  4.5681E-03
  2.8700E+02  4.6488E-03
  2.8800E+02  4.7293E-03
  2.8900E+02  4.8101E-03
  2.9000E+02  4.8928E-03
  2.9100E+02  4.9772E-03
  2.9200E+02  5.0627E-03
  2.9300E+02  5.1496E-03
  2.9400E+02  5.2382E-03
  2.9500E+02  5.3263E-03
  2.9600E+02  5.4183E-03
  2.9700E+02  5.5199E-03
  2.9800E+02  5.6310E-03
  2.9900E+02  5.7517E-03
  3.0000E+02  5.8820E-03
  3.0100E+02  6.0217E-03
  3.0200E+02  6.1618E-03
  3.0300E+02  6.2940E-03
  3.0400E+02  6.4193E-03
  3.0500E+02  6.5379E-03
  3.0600E+02  6.6496E-03
  3.0700E+02  6.7804E-03
  3.0800E+02  6.9220E-03
  3.0900E+02  7.0714E-03
  3.1000E+02  7.2278E-03
  3.1100E+02  7.3912E-03
  3.1200E+02  7.5647E-03
  3.1300E+02  7.7438E-03
  3.1400E+02  7.9186E-03
  3.1500E+02  8.0952E-03
  3.1600E+02  8.3015E-03
  3.1700E+02  8.5211E-03
  3.1800E+02  8.7540E-03
  3.1900E+02  9.0001E-03
  3.2000E+02  9.2592E-03
  3.2100E+02  9.5384E-03
  3.2200E+02  9.8601E-03
  3.2300E+02  1.0226E-02
  3.2400E+02  1.0622E-02
  3.2500E+02  1.1163E-02
  3.2600E+02  1.1969E-02
  3.2700E+02  1.2835E-02
  3.2800E+02  1.3742E-02
  3.2900E+02  1.4673E-02
  3.3000E+02  1.5351E-02
  3.3100E+02  1.5765E-02
  3.3200E+02  1.5921E-02
  3.3300E+02  1.5844E-02
  3.3400E+02  1.5696E-02
  3.3500E+02  1.5675E-02
  3.3600E+02  1.5351E-02
  3.3700E+02  1.4799E-02
  3.3800E+02  1.4111E-02
  3.3900E+02  1.3443E-02
  3.4000E+02  1.2812E-02
  3.4100E+02  1.2127E-02
  3.4200E+02  1.1461E-02
  3.4300E+02  1.0928E-02
  3.4400E+02  1.0469E-02
  3.4500E+02  9.9918E-03
  3.4600E+02  9.5541E-03
  3.4700E+02  9.1833E-03
  3.4800E+02  8.8836E-03
  3.4900E+02  8.6088E-03
  3.5000E+02  7.7261E-03
  3.5100E+02  7.3984E-03
  3.5200E+02  7.0770E-03
  3.5300E+02  6.7678E-03
  3.5400E+02  6.4719E-03
  3.5500E+02  6.1892E-03
  3.5600E+02  5.9199E-03
  3.5700E+02  5.6638E-03
  3.5800E+02  5.4211E-03
  3.5900E+02  5.1749E-03
  3.6000E+02  4.8647E-03
  3.6100E+02  4.4773E-03
  3.6200E+02  3.9505E-03
  3.6300E+02  3.6766E-03
  3.6400E+02  3.5221E-03
  3.6500E+02  3.3081E-03
  3.6600E+02  3.0466E-03
  3.6700E+02  2.8226E-03
  3.6800E+02  2.6360E-03
  3.6900E+02  2.4976E-03
  3.7000E+02  2.4071E-03
  3.7100E+02  2.3205E-03
  3.7200E+02  2.2377E-03
  3.7300E+02  2.8803E-03
  3.7400E+02  3.3282E-03
  3.7500E+02  3.4861E-03
  3.7600E+02  3.6112E-03
  3.7700E+02  3.7893E-03
  3.7800E+02  3.9686E-03
  3.7900E+02  4.1440E-03
  3.8000E+02  4.3155E-03
  3.8100E+02  4.4831E-03
  3.8200E+02  4.6467E-03
  3.8300E+02  4.8067E-03
  3.8400E+02  5.4492E-03
  3.8500E+02  6.0053E-03
  3.8600E+02  6.5549E-03
  3.8700E+02  7.1000E-03
  3.8800E+02  7.6405E-03
  3.8900E+02  8.2208E-03
  3.9000E+02  8.9111E-03
  3.9100E+02  9.4779E-03
  3.9200E+02  9.8464E-03
  3.9300E+02  9.8431E-03
  3.9400E+02  9.7899E-03
  3.9500E+02  9.7131E-03
  3.9600E+02  9.8599E-03
  3.9700E+02  1.0393E-02
  3.9800E+02  1.1096E-02
  3.9900E+02  1.1549E-02
  4.0000E+02  1.0289E-02
  4.0100E+02  1.0301E-02
  4.0200E+02  1.0338E-02
  4.0300E+02  1.0399E-02
  4.0400E+02  1.0484E-02
  4.0500E+02  1.0586E-02
  4.0600E+02  1.0704E-02
  4.0700E+02  1.0838E-02
  4.0800E+02  1.0989E-02
  4.0900E+02  1.1128E-02
  4.1000E+02  1.1255E-02
  4.1100E+02  1.1471E-02
  4.1200E+02  1.1728E-02
  4.1300E+02  1.1894E-02
  4.1400E+02  1.2060E-02
  4.1500E+02  1.2225E-02
  4.1600E+02  1.2403E-02
  4.1700E+02  1.2672E-02
  4.1800E+02  1.3024E-02
  4.1900E+02  1.3429E-02
  4.2000E+02  1.3580E-02
  4.2100E+02  1.2617E-02
  4.2200E+02  1.2126E-02
  4.2300E+02  1.1900E-02
  4.2400E+02  1.1751E-02
  4.2500E+02  1.1595E-02
  4.2600E+02  1.1430E-02
  4.2700E+02  1.1258E-02
  4.2800E+02  1.1078E-02
  4.2900E+02  1.0889E-02
  4.3000E+02  1.0693E-02
  4.3100E+02  1.0498E-02
  4.3200E+02  1.0279E-02
  4.3300E+02  1.0003E-02
  4.3400E+02  9.6716E-03
  4.3500E+02  9.4774E-03
  4.3600E+02  9.3109E-03
  4.3700E+02  9.1625E-03
  4.3800E+02  9.0305E-03
  4.3900E+02  8.9148E-03
  4.4000E+02  8.8156E-03
  4.4100E+02  8.6647E-03
  4.4200E+02  8.5292E-03
  4.4300E+02  8.5024E-03
  4.4400E+02  8.4675E-03
  4.4500E+02  8.4132E-03
  4.4600E+02  8.3342E-03
  4.4700E+02  8.2148E-03
  4.4800E+02  8.0631E-03
  4.4900E+02  7.8789E-03
  4.5000E+02  7.7616E-03
  4.5100E+02  7.6492E-03
  4.5200E+02  7.5378E-03
  4.5300E+02  7.4273E-03
  4.5400E+02  7.3176E-03
  4.5500E+02  7.2090E-03
  4.5600E+02  7.1053E-03
  4.5700E+02  7.0122E-03
  4.5800E+02  6.9316E-03
  4.5900E+02  6.8909E-03
  4.6000E+02  6.8624E-03
  4.6100E+02  6.8511E-03
  4.6200E+02  6.8743E-03
  4.6300E+02  6.9889E-03
  4.6400E+02  7.1035E-03
  4.6500E+02  6.8592E-03
  4.6600E+02  7.1929E-03
  4.6700E+02  7.2274E-03
  4.6800E+02  6.5725E-03
  4.6900E+02  6.4454E-03
  4.7000E+02  6.3188E-03
  4.7100E+02  6.1926E-03
  4.7200E+02  6.0669E-03
  4.7300E+02  8.2623E-03
  4.7400E+02  2.0026E-02
  4.7500E+02  4.1537E-02
  4.7600E+02  7.3141E-02
  4.7700E+02  6.8585E-02
  4.7800E+02  1.0215E-01
  4.7900E+02  7.4087E-02
  4.8000E+02  6.9445E-02
  4.8100E+02  6.9126E-02
  4.8200E+02  7.1416E-02
  4.8300E+02  7.0431E-02
  4.8400E+02  6.9642E-02
  4.8500E+02  6.8375E-02
  4.8600E+02  6.8311E-02
  4.8700E+02  6.8888E-02
  4.8800E+02  6.9593E-02
  4.8900E+02  6.6989E-02
  4.9000E+02  6.6978E-02
  4.9100E+02  6.7295E-02
  4.9200E+02  6.7732E-02
  4.9300E+02  6.9215E-02
  4.9400E+02  6.9877E-02
  4.9500E+02  7.1779E-02
  4.9600E+02  7.3333E-02
  4.9700E+02  7.8864E-02
  4.9800E+02  8.2292E-02
  4.9900E+02  7.6939E-02
  5.0000E+02  7.4451E-02
  5.0100E+02  4.4246E-02
  5.0200E+02  3.4353E-02
  5.0300E+02  2.9679E-02
  5.0400E+02  2.4086E-02
  5.0500E+02  2.0169E-02
  5.0600E+02  1.7917E-02
  5.0700E+02  1.6371E-02
  5.0800E+02  1.5099E-02
  5.0900E+02  1.4094E-02
  5.1000E+02  1.3202E-02
  5.1100E+02  1.1341E-02
  5.1200E+02  1.0005E-02
  5.1300E+02  8.8679E-03
  5.1400E+02  7.8766E-03
  5.1500E+02  7.0113E-03
  5.1600E+02  6.8214E-03
  5.1700E+02  5.1484E-03
  5.1800E+02  4.5911E-03
  5.1900E+02  3.5170E-03
  5.2000E+02  2.2430E-03
  5.2100E+02  2.3144E-03
  5.2200E+02  3.0849E-04
  5.2300E+02  0.0000E+00
