 -9.0571E-06  0.0000E+00
  9.9999E-01  9.5245E-08
  2.0000E+00  3.8098E-07
  3.0000E+00  8.5721E-07
  4.0000E+00  1.5239E-06
  5.0000E+00  2.3811E-06
  6.0000E+00  3.4288E-06
  7.0000E+00  4.6670E-06
  8.0000E+00  6.0957E-06
  9.0000E+00  7.7149E-06
  1.0000E+01  9.5246E-06
  1.1000E+01  1.1525E-05
  1.2000E+01  1.3715E-05
  1.3000E+01  1.6097E-05
  1.4000E+01  1.8668E-05
  1.5000E+01  2.1430E-05
  1.6000E+01  2.4383E-05
  1.7000E+01  2.7526E-05
  1.8000E+01  3.0860E-05
  1.9000E+01  3.4384E-05
  2.0000E+01  3.8098E-05
  2.1000E+01  4.2003E-05
  2.2000E+01  4.6099E-05
  2.3000E+01  5.0385E-05
  2.4000E+01  5.4861E-05
  2.5000E+01  5.9528E-05
  2.6000E+01  6.4386E-05
  2.7000E+01  6.9434E-05
  2.8000E+01  7.4673E-05
  2.9000E+01  8.0102E-05
  3.0000E+01  8.5721E-05
  3.1000E+01  9.1531E-05
  3.2000E+01  1.0181E-04
  3.3000E+01  1.5342E-04
  3.4000E+01  1.9936E-04
  3.5000E+01  2.3964E-04
  3.6000E+01  2.7424E-04
  3.7000E+01  3.0319E-04
  3.8000E+01  3.2647E-04
  3.9000E+01  3.4408E-04
  4.0000E+01  3.5602E-04
  4.1000E+01  3.6230E-04
  4.2000E+01  3.6569E-04
  4.3000E+01  3.8594E-04
  4.4000E+01  4.0658E-04
  4.5000E+01  4.2761E-04
  4.6000E+01  4.4904E-04
  4.7000E+01  4.7087E-04
  4.8000E+01  4.9310E-04
  4.9000E+01  5.1619E-04
  5.0000E+01  5.4030E-04
  5.1000E+01  5.6541E-04
  5.2000E+01  5.9154E-04
  5.3000E+01  6.1868E-04
  5.4000E+01  6.4683E-04
  5.5000E+01  6.7598E-04
  5.6000E+01  7.0615E-04
  5.7000E+01  7.3733E-04
  5.8000E+01  7.6953E-04
  5.9000E+01  8.0273E-04
  6.0000E+01  8.3988E-04
  6.1000E+01  1.0020E-03
  6.2000E+01  1.1337E-03
  6.3000E+01  1.2729E-03
  6.4000E+01  1.2651E-03
  6.5000E+01  1.2733E-03
  6.6000E+01  1.2433E-03
  6.7000E+01  1.2966E-03
  6.8000E+01  1.3513E-03
  6.9000E+01  1.4074E-03
  7.0000E+01  1.4649E-03
  7.1000E+01  1.5235E-03
  7.2000E+01  1.5789E-03
  7.3000E+01  1.6361E-03
  7.4000E+01  1.6950E-03
  7.5000E+01  1.7556E-03
  7.6000E+01  1.8180E-03
  7.7000E+01  1.8820E-03
  7.8000E+01  1.9478E-03
  7.9000E+01  2.0168E-03
  8.0000E+01  2.0903E-03
  8.1000E+01  2.1720E-03
  8.2000E+01  2.2759E-03
  8.3000E+01  2.4026E-03
  8.4000E+01  2.5376E-03
  8.5000E+01  2.6896E-03
  8.6000E+01  2.9536E-03
  8.7000E+01  2.9739E-03
  8.8000E+01  3.1013E-03
  8.9000E+01  3.2362E-03
  9.0000E+01  3.3964E-03
  9.1000E+01  3.5836E-03
  9.2000E+01  3.7856E-03
  9.3000E+01  3.9991E-03
  9.4000E+01  4.2150E-03
  9.5000E+01  4.4318E-03
  9.6000E+01  4.6599E-03
  9.7000E+01  4.9024E-03
  9.8000E+01  5.1651E-03
  9.9000E+01  5.5060E-03
  1.0000E+02  6.0501E-03
  1.0100E+02  6.8125E-03
  1.0200E+02  7.3550E-03
  1.0300E+02  8.0009E-03
  1.0400E+02  9.1132E-03
  1.0500E+02  1.0378E-02
  1.0600E+02  1.1319E-02
  1.0700E+02  1.2445E-02
  1.0800E+02  1.3991E-02
  1.0900E+02  1.2341E-02
  1.1000E+02  1.2837E-02
  1.1100E+02  1.3255E-02
  1.1200E+02  1.3629E-02
  1.1300E+02  1.4071E-02
  1.1400E+02  1.4614E-02
  1.1500E+02  1.4972E-02
  1.1600E+02  1.5552E-02
  1.1700E+02  1.6483E-02
  1.1800E+02  1.7115E-02
  1.1900E+02  1.5043E-02
  1.2000E+02  1.5287E-02
  1.2100E+02  1.5613E-02
  1.2200E+02  1.5964E-02
  1.2300E+02  1.6336E-02
  1.2400E+02  1.6652E-02
  1.2500E+02  1.6939E-02
  1.2600E+02  1.7393E-02
  1.2700E+02  1.7795E-02
  1.2800E+02  1.8210E-02
  1.2900E+02  1.9269E-02
  1.3000E+02  2.0304E-02
  1.3100E+02  2.2938E-02
  1.3200E+02  2.0983E-02
  1.3300E+02  2.1655E-02
  1.3400E+02  2.2538E-02
  1.3500E+02  2.8128E-02
  1.3600E+02  2.9526E-02
  1.3700E+02  3.1815E-02
  1.3800E+02  3.3908E-02
  1.3900E+02  3.5391E-02
  1.4000E+02  3.6934E-02
  1.4100E+02  3.7281E-02
  1.4200E+02  3.5957E-02
  1.4300E+02  3.5066E-02
  1.4400E+02  3.4483E-02
  1.4500E+02  3.1785E-02
  1.4600E+02  2.7170E-02
  1.4700E+02  2.4745E-02
  1.4800E+02  2.2685E-02
  1.4900E+02  2.2158E-02
  1.5000E+02  2.1715E-02
  1.5100E+02  2.1292E-02
  1.5200E+02  2.0887E-02
  1.5300E+02  2.0627E-02
  1.5400E+02  2.0256E-02
  1.5500E+02  1.9890E-02
  1.5600E+02  1.9569E-02
  1.5700E+02  1.9296E-02
  1.5800E+02  1.9070E-02
  1.5900E+02  1.8743E-02
  1.6000E+02  1.8410E-02
  1.6100E+02  1.8492E-02
  1.6200E+02  1.7867E-02
  1.6300E+02  1.7393E-02
  1.6400E+02  1.6962E-02
  1.6500E+02  1.7070E-02
  1.6600E+02  1.6849E-02
  1.6700E+02  1.7026E-02
  1.6800E+02  1.7101E-02
  1.6900E+02  1.5825E-02
  1.7000E+02  1.5502E-02
  1.7100E+02  1.5260E-02
  1.7200E+02  1.5042E-02
  1.7300E+02  1.4867E-02
  1.7400E+02  1.4687E-02
  1.7500E+02  1.4500E-02
  1.7600E+02  1.4331E-02
  1.7700E+02  1.4196E-02
  1.7800E+02  1.4051E-02
  1.7900E+02  1.3915E-02
  1.8000E+02  1.3795E-02
  1.8100E+02  1.3722E-02
  1.8200E+02  1.3641E-02
  1.8300E+02  1.3569E-02
  1.8400E+02  1.3797E-02
  1.8500E+02  1.3911E-02
  1.8600E+02  1.3620E-02
  1.8700E+02  1.3298E-02
  1.8800E+02  1.3117E-02
  1.8900E+02  1.3174E-02
  1.9000E+02  1.3563E-02
  1.9100E+02  1.4252E-02
  1.9200E+02  1.4147E-02
  1.9300E+02  1.4130E-02
  1.9400E+02  1.4188E-02
  1.9500E+02  1.4351E-02
  1.9600E+02  1.4553E-02
  1.9700E+02  1.4699E-02
  1.9800E+02  1.4853E-02
  1.9900E+02  1.5000E-02
  2.0000E+02  1.5172E-02
  2.0100E+02  1.5411E-02
  2.0200E+02  1.6815E-02
  2.0300E+02  1.7941E-02
  2.0400E+02  1.8373E-02
  2.0500E+02  1.7281E-02
  2.0600E+02  1.5648E-02
  2.0700E+02  1.4145E-02
  2.0800E+02  1.3103E-02
  2.0900E+02  1.1366E-02
  2.1000E+02  8.9656E-03
  2.1100E+02  6.8090E-03
  2.1200E+02  4.9796E-03
  2.1300E+02  3.1043E-03
  2.1400E+02  1.4726E-03
  2.1500E+02  1.4901E-03
  2.1600E+02  1.5049E-03
  2.1700E+02  1.5283E-03
  2.1800E+02  1.5516E-03
  2.1900E+02  1.5751E-03
  2.2000E+02  1.5984E-03
  2.2100E+02  1.6218E-03
  2.2200E+02  1.6453E-03
  2.2300E+02  1.6690E-03
  2.2400E+02  1.6927E-03
  2.2500E+02  1.7166E-03
  2.2600E+02  1.7406E-03
  2.2700E+02  1.7647E-03
  2.2800E+02  1.7925E-03
  2.2900E+02  1.8215E-03
  2.3000E+02  1.8511E-03
  2.3100E+02  1.8814E-03
  2.3200E+02  1.9126E-03
  2.3300E+02  1.9450E-03
  2.3400E+02  1.9786E-03
  2.3500E+02  2.0131E-03
  2.3600E+02  2.0488E-03
  2.3700E+02  2.0854E-03
  2.3800E+02  2.1231E-03
  2.3900E+02  2.1612E-03
  2.4000E+02  2.1978E-03
  2.4100E+02  2.2331E-03
  2.4200E+02  2.2669E-03
  2.4300E+02  2.2993E-03
  2.4400E+02  2.3303E-03
  2.4500E+02  2.3598E-03
  2.4600E+02  2.3884E-03
  2.4700E+02  2.4229E-03
  2.4800E+02  2.4611E-03
  2.4900E+02  2.4996E-03
  2.5000E+02  2.5391E-03
  2.5100E+02  2.5794E-03
  2.5200E+02  2.6204E-03
  2.5300E+02  2.6622E-03
  2.5400E+02  2.7047E-03
  2.5500E+02  2.7479E-03
  2.5600E+02  2.7919E-03
  2.5700E+02  2.8366E-03
  2.5800E+02  2.8820E-03
  2.5900E+02  2.9282E-03
  2.6000E+02  2.9761E-03
  2.6100E+02  3.0250E-03
  2.6200E+02  3.0779E-03
  2.6300E+02  3.1350E-03
  2.6400E+02  3.1963E-03
  2.6500E+02  3.2618E-03
  2.6600E+02  3.3235E-03
  2.6700E+02  3.3777E-03
  2.6800E+02  3.4255E-03
  2.6900E+02  3.4669E-03
  2.7000E+02  3.5235E-03
  2.7100E+02  3.5801E-03
  2.7200E+02  3.6368E-03
  2.7300E+02  3.6936E-03
  2.7400E+02  3.7507E-03
  2.7500E+02  3.8117E-03
  2.7600E+02  3.8746E-03
  2.7700E+02  3.9390E-03
  2.7800E+02  4.0050E-03
  2.7900E+02  4.0726E-03
  2.8000E+02  4.1416E-03
  2.8100E+02  4.2123E-03
  2.8200E+02  4.2869E-03
  2.8300E+02  4.3648E-03
  2.8400E+02  4.4462E-03
  2.8500E+02  4.5310E-03
  2.8600E+02  4.6194E-03
  2.8700E+02  4.7123E-03
  2.8800E+02  4.8093E-03
  2.8900E+02  4.9001E-03
  2.9000E+02  4.9821E-03
  2.9100E+02  5.0646E-03
  2.9200E+02  5.1500E-03
  2.9300E+02  5.2426E-03
  2.9400E+02  5.3356E-03
  2.9500E+02  5.4297E-03
  2.9600E+02  5.5259E-03
  2.9700E+02  5.6239E-03
  2.9800E+02  5.7239E-03
  2.9900E+02  5.8238E-03
  3.0000E+02  5.9224E-03
  3.0100E+02  6.0276E-03
  3.0200E+02  6.1417E-03
  3.0300E+02  6.2653E-03
  3.0400E+02  6.3967E-03
  3.0500E+02  6.5356E-03
  3.0600E+02  6.6821E-03
  3.0700E+02  6.8362E-03
  3.0800E+02  6.9961E-03
  3.0900E+02  7.1631E-03
  3.1000E+02  7.3260E-03
  3.1100E+02  7.4772E-03
  3.1200E+02  7.6589E-03
  3.1300E+02  7.8400E-03
  3.1400E+02  8.0217E-03
  3.1500E+02  8.2126E-03
  3.1600E+02  8.4102E-03
  3.1700E+02  8.6196E-03
  3.1800E+02  8.8496E-03
  3.1900E+02  9.0880E-03
  3.2000E+02  9.3353E-03
  3.2100E+02  9.6203E-03
  3.2200E+02  9.9667E-03
  3.2300E+02  1.0372E-02
  3.2400E+02  1.0740E-02
  3.2500E+02  1.1173E-02
  3.2600E+02  1.1672E-02
  3.2700E+02  1.2252E-02
  3.2800E+02  1.3003E-02
  3.2900E+02  1.4150E-02
  3.3000E+02  1.5985E-02
  3.3100E+02  1.6905E-02
  3.3200E+02  1.7246E-02
  3.3300E+02  1.6768E-02
  3.3400E+02  1.6142E-02
  3.3500E+02  1.5405E-02
  3.3600E+02  1.4653E-02
  3.3700E+02  1.3870E-02
  3.3800E+02  1.3041E-02
  3.3900E+02  1.2257E-02
  3.4000E+02  1.1490E-02
  3.4100E+02  1.0902E-02
  3.4200E+02  1.0416E-02
  3.4300E+02  1.0382E-02
  3.4400E+02  1.0000E-02
  3.4500E+02  9.6023E-03
  3.4600E+02  9.1915E-03
  3.4700E+02  8.7813E-03
  3.4800E+02  8.3745E-03
  3.4900E+02  8.3478E-03
  3.5000E+02  7.6187E-03
  3.5100E+02  7.2863E-03
  3.5200E+02  6.9665E-03
  3.5300E+02  6.6572E-03
  3.5400E+02  6.3584E-03
  3.5500E+02  6.0705E-03
  3.5600E+02  5.8037E-03
  3.5700E+02  5.5625E-03
  3.5800E+02  5.3549E-03
  3.5900E+02  5.1936E-03
  3.6000E+02  5.0534E-03
  3.6100E+02  4.8866E-03
  3.6200E+02  4.6602E-03
  3.6300E+02  4.3834E-03
  3.6400E+02  4.0383E-03
  3.6500E+02  3.7224E-03
  3.6600E+02  3.4358E-03
  3.6700E+02  3.2008E-03
  3.6800E+02  3.1003E-03
  3.6900E+02  3.0562E-03
  3.7000E+02  3.0744E-03
  3.7100E+02  3.1577E-03
  3.7200E+02  3.3058E-03
  3.7300E+02  3.5187E-03
  3.7400E+02  3.8786E-03
  3.7500E+02  4.0566E-03
  3.7600E+02  4.1017E-03
  3.7700E+02  4.1310E-03
  3.7800E+02  4.3196E-03
  3.7900E+02  4.5204E-03
  3.8000E+02  4.7335E-03
  3.8100E+02  4.9589E-03
  3.8200E+02  5.2324E-03
  3.8300E+02  5.5270E-03
  3.8400E+02  5.9761E-03
  3.8500E+02  6.8800E-03
  3.8600E+02  7.6505E-03
  3.8700E+02  8.2685E-03
  3.8800E+02  8.5655E-03
  3.8900E+02  8.7088E-03
  3.9000E+02  8.8393E-03
  3.9100E+02  8.6601E-03
  3.9200E+02  8.6967E-03
  3.9300E+02  8.8526E-03
  3.9400E+02  9.0714E-03
  3.9500E+02  9.5316E-03
  3.9600E+02  9.8612E-03
  3.9700E+02  9.9987E-03
  3.9800E+02  9.6077E-03
  3.9900E+02  9.6935E-03
  4.0000E+02  9.7909E-03
  4.0100E+02  9.8722E-03
  4.0200E+02  1.0018E-02
  4.0300E+02  1.0171E-02
  4.0400E+02  1.0323E-02
  4.0500E+02  1.0497E-02
  4.0600E+02  1.0733E-02
  4.0700E+02  1.0975E-02
  4.0800E+02  1.1212E-02
  4.0900E+02  1.1480E-02
  4.1000E+02  1.1700E-02
  4.1100E+02  1.1825E-02
  4.1200E+02  1.1833E-02
  4.1300E+02  1.1842E-02
  4.1400E+02  1.2025E-02
  4.1500E+02  1.2237E-02
  4.1600E+02  1.2266E-02
  4.1700E+02  1.2120E-02
  4.1800E+02  1.2081E-02
  4.1900E+02  1.2081E-02
  4.2000E+02  1.2177E-02
  4.2100E+02  1.2260E-02
  4.2200E+02  1.2255E-02
  4.2300E+02  1.2203E-02
  4.2400E+02  1.2158E-02
  4.2500E+02  1.2248E-02
  4.2600E+02  1.2373E-02
  4.2700E+02  1.2168E-02
  4.2800E+02  1.1838E-02
  4.2900E+02  1.1397E-02
  4.3000E+02  1.0551E-02
  4.3100E+02  1.0232E-02
  4.3200E+02  1.0044E-02
  4.3300E+02  9.8914E-03
  4.3400E+02  9.7401E-03
  4.3500E+02  9.5892E-03
  4.3600E+02  9.4389E-03
  4.3700E+02  9.2683E-03
  4.3800E+02  9.1034E-03
  4.3900E+02  8.9449E-03
  4.4000E+02  8.7933E-03
  4.4100E+02  8.6486E-03
  4.4200E+02  8.5221E-03
  4.4300E+02  8.4269E-03
  4.4400E+02  8.3396E-03
  4.4500E+02  8.2474E-03
  4.4600E+02  8.1682E-03
  4.4700E+02  8.0991E-03
  4.4800E+02  7.9687E-03
  4.4900E+02  7.8813E-03
  4.5000E+02  7.8171E-03
  4.5100E+02  7.7680E-03
  4.5200E+02  7.7245E-03
  4.5300E+02  7.6742E-03
  4.5400E+02  7.6011E-03
  4.5500E+02  7.4878E-03
  4.5600E+02  7.3430E-03
  4.5700E+02  7.2026E-03
  4.5800E+02  7.0870E-03
  4.5900E+02  6.9736E-03
  4.6000E+02  6.8672E-03
  4.6100E+02  6.7793E-03
  4.6200E+02  6.7531E-03
  4.6300E+02  6.7401E-03
  4.6400E+02  6.7510E-03
  4.6500E+02  6.8565E-03
  4.6600E+02  6.7442E-03
  4.6700E+02  6.5974E-03
  4.6800E+02  6.5551E-03
  4.6900E+02  7.1106E-03
  4.7000E+02  6.2887E-03
  4.7100E+02  6.1429E-03
  4.7200E+02  5.9973E-03
  4.7300E+02  7.6872E-03
  4.7400E+02  2.0605E-02
  4.7500E+02  4.5353E-02
  4.7600E+02  5.9493E-02
  4.7700E+02  7.2252E-02
  4.7800E+02  1.2797E-01
  4.7900E+02  8.3433E-02
  4.8000E+02  7.3887E-02
  4.8100E+02  7.2482E-02
  4.8200E+02  7.0290E-02
  4.8300E+02  6.8564E-02
  4.8400E+02  6.7768E-02
  4.8500E+02  6.5734E-02
  4.8600E+02  6.4530E-02
  4.8700E+02  6.4449E-02
  4.8800E+02  6.3247E-02
  4.8900E+02  6.3624E-02
  4.9000E+02  6.4251E-02
  4.9100E+02  6.4561E-02
  4.9200E+02  6.6412E-02
  4.9300E+02  6.7660E-02
  4.9400E+02  6.9657E-02
  4.9500E+02  7.0806E-02
  4.9600E+02  7.5658E-02
  4.9700E+02  7.7247E-02
  4.9800E+02  8.0201E-02
  4.9900E+02  8.2726E-02
  5.0000E+02  7.3662E-02
  5.0100E+02  5.0101E-02
  5.0200E+02  3.8231E-02
  5.0300E+02  3.1405E-02
  5.0400E+02  2.3782E-02
  5.0500E+02  2.0432E-02
  5.0600E+02  1.8375E-02
  5.0700E+02  1.7036E-02
  5.0800E+02  1.4806E-02
  5.0900E+02  1.2801E-02
  5.1000E+02  1.1443E-02
  5.1100E+02  1.0296E-02
  5.1200E+02  9.3593E-03
  5.1300E+02  8.7223E-03
  5.1400E+02  8.0858E-03
  5.1500E+02  7.1898E-03
  5.1600E+02  6.3404E-03
  5.1700E+02  5.5337E-03
  5.1800E+02  4.8725E-03
  5.1900E+02  4.2015E-03
  5.2000E+02  3.5893E-03
  5.2100E+02  1.9427E-03
  5.2200E+02  1.1087E-03
  5.2300E+02  0.0000E+00
