  0.0000E+00  0.0000E+00
  1.0000E+00  1.4172E-07
  2.0000E+00  5.6690E-07
  3.0000E+00  1.2755E-06
  4.0000E+00  2.2676E-06
  5.0000E+00  3.5431E-06
  6.0000E+00  5.1021E-06
  7.0000E+00  6.9445E-06
  8.0000E+00  9.0704E-06
  9.0000E+00  1.1480E-05
  1.0000E+01  1.4173E-05
  1.1000E+01  1.7149E-05
  1.2000E+01  2.0408E-05
  1.3000E+01  2.3952E-05
  1.4000E+01  2.7778E-05
  1.5000E+01  3.1888E-05
  1.6000E+01  3.6282E-05
  1.7000E+01  4.0959E-05
  1.8000E+01  4.5919E-05
  1.9000E+01  5.1163E-05
  2.0000E+01  5.6690E-05
  2.1000E+01  6.2501E-05
  2.2000E+01  6.8595E-05
  2.3000E+01  7.4973E-05
  2.4000E+01  8.1634E-05
  2.5000E+01  8.8578E-05
  2.6000E+01  9.5806E-05
  2.7000E+01  1.0332E-04
  2.8000E+01  1.1111E-04
  2.9000E+01  1.1919E-04
  3.0000E+01  1.2755E-04
  3.1000E+01  1.3620E-04
  3.2000E+01  1.4513E-04
  3.3000E+01  1.5434E-04
  3.4000E+01  1.6383E-04
  3.5000E+01  1.7361E-04
  3.6000E+01  1.8368E-04
  3.7000E+01  1.9402E-04
  3.8000E+01  2.0465E-04
  3.9000E+01  2.1556E-04
  4.0000E+01  2.2676E-04
  4.1000E+01  2.3824E-04
  4.2000E+01  2.5000E-04
  4.3000E+01  2.6205E-04
  4.4000E+01  2.7438E-04
  4.5000E+01  2.8699E-04
  4.6000E+01  2.9989E-04
  4.7000E+01  3.1307E-04
  4.8000E+01  3.2654E-04
  4.9000E+01  3.4028E-04
  5.0000E+01  4.3542E-04
  5.1000E+01  5.6300E-04
  5.2000E+01  6.8141E-04
  5.3000E+01  7.9065E-04
  5.4000E+01  8.9072E-04
  5.5000E+01  9.8161E-04
  5.6000E+01  1.0633E-03
  5.7000E+01  1.1359E-03
  5.8000E+01  1.1993E-03
  5.9000E+01  1.2535E-03
  6.0000E+01  1.2985E-03
  6.1000E+01  1.3344E-03
  6.2000E+01  1.3610E-03
  6.3000E+01  1.3786E-03
  6.4000E+01  1.3869E-03
  6.5000E+01  1.4269E-03
  6.6000E+01  1.4824E-03
  6.7000E+01  1.5388E-03
  6.8000E+01  1.5959E-03
  6.9000E+01  1.6538E-03
  7.0000E+01  1.7124E-03
  7.1000E+01  1.7719E-03
  7.2000E+01  1.8322E-03
  7.3000E+01  1.8932E-03
  7.4000E+01  1.9581E-03
  7.5000E+01  2.0287E-03
  7.6000E+01  2.1032E-03
  7.7000E+01  2.1817E-03
  7.8000E+01  2.2641E-03
  7.9000E+01  2.3506E-03
  8.0000E+01  2.4410E-03
  8.1000E+01  2.5354E-03
  8.2000E+01  2.6338E-03
  8.3000E+01  2.7361E-03
  8.4000E+01  2.8425E-03
  8.5000E+01  2.9528E-03
  8.6000E+01  3.0688E-03
  8.7000E+01  3.1996E-03
  8.8000E+01  3.3464E-03
  8.9000E+01  3.5091E-03
  9.0000E+01  3.6879E-03
  9.1000E+01  3.8826E-03
  9.2000E+01  4.0933E-03
  9.3000E+01  4.3200E-03
  9.4000E+01  4.5415E-03
  9.5000E+01  4.7664E-03
  9.6000E+01  5.0057E-03
  9.7000E+01  5.2595E-03
  9.8000E+01  5.5393E-03
  9.9000E+01  6.3130E-03
  1.0000E+02  6.7644E-03
  1.0100E+02  6.8934E-03
  1.0200E+02  7.0877E-03
  1.0300E+02  8.0377E-03
  1.0400E+02  8.9789E-03
  1.0500E+02  1.0004E-02
  1.0600E+02  1.0939E-02
  1.0700E+02  1.1786E-02
  1.0800E+02  1.2506E-02
  1.0900E+02  1.3191E-02
  1.1000E+02  1.3879E-02
  1.1100E+02  1.4573E-02
  1.1200E+02  1.5369E-02
  1.1300E+02  1.6293E-02
  1.1400E+02  1.7345E-02
  1.1500E+02  1.5529E-02
  1.1600E+02  1.5068E-02
  1.1700E+02  1.5370E-02
  1.1800E+02  1.5686E-02
  1.1900E+02  1.6003E-02
  1.2000E+02  1.6320E-02
  1.2100E+02  1.6638E-02
  1.2200E+02  1.6956E-02
  1.2300E+02  1.7274E-02
  1.2400E+02  1.7593E-02
  1.2500E+02  1.7913E-02
  1.2600E+02  1.8228E-02
  1.2700E+02  1.8524E-02
  1.2800E+02  1.8828E-02
  1.2900E+02  1.9184E-02
  1.3000E+02  1.9654E-02
  1.3100E+02  2.1499E-02
  1.3200E+02  2.1903E-02
  1.3300E+02  2.2465E-02
  1.3400E+02  2.2972E-02
  1.3500E+02  2.4135E-02
  1.3600E+02  2.8107E-02
  1.3700E+02  2.8501E-02
  1.3800E+02  2.8224E-02
  1.3900E+02  2.7723E-02
  1.4000E+02  2.6890E-02
  1.4100E+02  2.6792E-02
  1.4200E+02  2.7007E-02
  1.4300E+02  2.7251E-02
  1.4400E+02  2.7489E-02
  1.4500E+02  2.7625E-02
  1.4600E+02  2.7643E-02
  1.4700E+02  2.7547E-02
  1.4800E+02  2.7336E-02
  1.4900E+02  2.7090E-02
  1.5000E+02  2.6917E-02
  1.5100E+02  2.6732E-02
  1.5200E+02  2.6535E-02
  1.5300E+02  2.6290E-02
  1.5400E+02  2.6021E-02
  1.5500E+02  2.5730E-02
  1.5600E+02  2.5467E-02
  1.5700E+02  2.6109E-02
  1.5800E+02  2.8224E-02
  1.5900E+02  2.6227E-02
  1.6000E+02  2.4241E-02
  1.6100E+02  2.1712E-02
  1.6200E+02  2.0506E-02
  1.6300E+02  1.9020E-02
  1.6400E+02  1.7815E-02
  1.6500E+02  1.6892E-02
  1.6600E+02  1.6462E-02
  1.6700E+02  1.6349E-02
  1.6800E+02  1.6247E-02
  1.6900E+02  1.6170E-02
  1.7000E+02  1.6083E-02
  1.7100E+02  1.5986E-02
  1.7200E+02  1.5880E-02
  1.7300E+02  1.5764E-02
  1.7400E+02  1.5638E-02
  1.7500E+02  1.5713E-02
  1.7600E+02  1.5650E-02
  1.7700E+02  1.5584E-02
  1.7800E+02  1.5516E-02
  1.7900E+02  1.5445E-02
  1.8000E+02  1.5371E-02
  1.8100E+02  1.5295E-02
  1.8200E+02  1.5221E-02
  1.8300E+02  1.5146E-02
  1.8400E+02  1.5072E-02
  1.8500E+02  1.5002E-02
  1.8600E+02  1.4934E-02
  1.8700E+02  1.4870E-02
  1.8800E+02  1.4809E-02
  1.8900E+02  1.4637E-02
  1.9000E+02  1.4743E-02
  1.9100E+02  1.5922E-02
  1.9200E+02  1.7528E-02
  1.9300E+02  1.9011E-02
  1.9400E+02  2.0931E-02
  1.9500E+02  2.3298E-02
  1.9600E+02  2.2394E-02
  1.9700E+02  1.9214E-02
  1.9800E+02  1.7002E-02
  1.9900E+02  1.4802E-02
  2.0000E+02  1.2617E-02
  2.0100E+02  1.0445E-02
  2.0200E+02  8.2874E-03
  2.0300E+02  6.1432E-03
  2.0400E+02  3.9242E-03
  2.0500E+02  3.1683E-03
  2.0600E+02  2.5395E-03
  2.0700E+02  2.0376E-03
  2.0800E+02  1.6628E-03
  2.0900E+02  1.4150E-03
  2.1000E+02  1.2942E-03
  2.1100E+02  1.2911E-03
  2.1200E+02  1.3123E-03
  2.1300E+02  1.3340E-03
  2.1400E+02  1.3560E-03
  2.1500E+02  1.3785E-03
  2.1600E+02  1.4014E-03
  2.1700E+02  1.4247E-03
  2.1800E+02  1.4484E-03
  2.1900E+02  1.4725E-03
  2.2000E+02  1.4971E-03
  2.2100E+02  1.5220E-03
  2.2200E+02  1.5474E-03
  2.2300E+02  1.5731E-03
  2.2400E+02  1.5991E-03
  2.2500E+02  1.6255E-03
  2.2600E+02  1.6522E-03
  2.2700E+02  1.6792E-03
  2.2800E+02  1.7065E-03
  2.2900E+02  1.7342E-03
  2.3000E+02  1.7622E-03
  2.3100E+02  1.7905E-03
  2.3200E+02  1.8191E-03
  2.3300E+02  1.8481E-03
  2.3400E+02  1.8770E-03
  2.3500E+02  1.9033E-03
  2.3600E+02  1.9262E-03
  2.3700E+02  1.9459E-03
  2.3800E+02  1.9624E-03
  2.3900E+02  1.9756E-03
  2.4000E+02  2.0035E-03
  2.4100E+02  2.0378E-03
  2.4200E+02  2.0724E-03
  2.4300E+02  2.1074E-03
  2.4400E+02  2.1427E-03
  2.4500E+02  2.1783E-03
  2.4600E+02  2.2142E-03
  2.4700E+02  2.2505E-03
  2.4800E+02  2.2871E-03
  2.4900E+02  2.3240E-03
  2.5000E+02  2.3613E-03
  2.5100E+02  2.3988E-03
  2.5200E+02  2.4368E-03
  2.5300E+02  2.4750E-03
  2.5400E+02  2.5136E-03
  2.5500E+02  2.5525E-03
  2.5600E+02  2.5917E-03
  2.5700E+02  2.6313E-03
  2.5800E+02  2.6712E-03
  2.5900E+02  2.7114E-03
  2.6000E+02  2.7520E-03
  2.6100E+02  2.7928E-03
  2.6200E+02  2.8341E-03
  2.6300E+02  2.8756E-03
  2.6400E+02  2.9175E-03
  2.6500E+02  2.9597E-03
  2.6600E+02  3.0022E-03
  2.6700E+02  3.0451E-03
  2.6800E+02  3.0975E-03
  2.6900E+02  3.2333E-03
  2.7000E+02  3.3006E-03
  2.7100E+02  3.3675E-03
  2.7200E+02  3.4338E-03
  2.7300E+02  3.4997E-03
  2.7400E+02  3.5651E-03
  2.7500E+02  3.6300E-03
  2.7600E+02  3.6944E-03
  2.7700E+02  3.7583E-03
  2.7800E+02  3.8218E-03
  2.7900E+02  3.8848E-03
  2.8000E+02  3.9473E-03
  2.8100E+02  4.0093E-03
  2.8200E+02  4.0708E-03
  2.8300E+02  4.1319E-03
  2.8400E+02  4.1925E-03
  2.8500E+02  4.2525E-03
  2.8600E+02  4.3149E-03
  2.8700E+02  4.3842E-03
  2.8800E+02  4.4567E-03
  2.8900E+02  4.5325E-03
  2.9000E+02  4.6114E-03
  2.9100E+02  4.6936E-03
  2.9200E+02  4.7790E-03
  2.9300E+02  4.8677E-03
  2.9400E+02  4.9595E-03
  2.9500E+02  5.0546E-03
  2.9600E+02  5.1529E-03
  2.9700E+02  5.2545E-03
  2.9800E+02  5.3592E-03
  2.9900E+02  5.4672E-03
  3.0000E+02  5.5786E-03
  3.0100E+02  5.6935E-03
  3.0200E+02  5.8118E-03
  3.0300E+02  5.9336E-03
  3.0400E+02  6.0596E-03
  3.0500E+02  6.1895E-03
  3.0600E+02  6.3233E-03
  3.0700E+02  6.4611E-03
  3.0800E+02  6.6035E-03
  3.0900E+02  6.7569E-03
  3.1000E+02  6.9282E-03
  3.1100E+02  7.1297E-03
  3.1200E+02  7.3614E-03
  3.1300E+02  7.6233E-03
  3.1400E+02  7.9149E-03
  3.1500E+02  8.1875E-03
  3.1600E+02  8.4059E-03
  3.1700E+02  8.5700E-03
  3.1800E+02  8.7949E-03
  3.1900E+02  9.0908E-03
  3.2000E+02  9.4033E-03
  3.2100E+02  9.7323E-03
  3.2200E+02  1.0078E-02
  3.2300E+02  1.0440E-02
  3.2400E+02  1.0819E-02
  3.2500E+02  1.1214E-02
  3.2600E+02  1.1626E-02
  3.2700E+02  1.2072E-02
  3.2800E+02  1.2673E-02
  3.2900E+02  1.3296E-02
  3.3000E+02  1.3941E-02
  3.3100E+02  1.4609E-02
  3.3200E+02  1.5299E-02
  3.3300E+02  1.6012E-02
  3.3400E+02  1.7905E-02
  3.3500E+02  1.7354E-02
  3.3600E+02  1.7286E-02
  3.3700E+02  1.7699E-02
  3.3800E+02  1.6786E-02
  3.3900E+02  1.5886E-02
  3.4000E+02  1.5103E-02
  3.4100E+02  1.4437E-02
  3.4200E+02  1.3888E-02
  3.4300E+02  1.3356E-02
  3.4400E+02  1.2593E-02
  3.4500E+02  1.1592E-02
  3.4600E+02  1.0456E-02
  3.4700E+02  9.9912E-03
  3.4800E+02  9.5490E-03
  3.4900E+02  9.1290E-03
  3.5000E+02  8.7313E-03
  3.5100E+02  8.3558E-03
  3.5200E+02  8.0026E-03
  3.5300E+02  7.6716E-03
  3.5400E+02  7.3628E-03
  3.5500E+02  7.0441E-03
  3.5600E+02  6.7203E-03
  3.5700E+02  6.4016E-03
  3.5800E+02  6.0878E-03
  3.5900E+02  5.7790E-03
  3.6000E+02  5.4752E-03
  3.6100E+02  6.3774E-03
  3.6200E+02  4.4921E-03
  3.6300E+02  3.8261E-03
  3.6400E+02  3.6405E-03
  3.6500E+02  3.4556E-03
  3.6600E+02  3.2713E-03
  3.6700E+02  3.0875E-03
  3.6800E+02  2.7205E-03
  3.6900E+02  2.2884E-03
  3.7000E+02  1.8086E-03
  3.7100E+02  1.7630E-03
  3.7200E+02  1.7164E-03
  3.7300E+02  1.6687E-03
  3.7400E+02  1.6201E-03
  3.7500E+02  1.5704E-03
  3.7600E+02  1.5197E-03
  3.7700E+02  1.4680E-03
  3.7800E+02  1.6962E-03
  3.7900E+02  4.1730E-03
  3.8000E+02  5.3693E-03
  3.8100E+02  6.0307E-03
  3.8200E+02  6.4734E-03
  3.8300E+02  6.7010E-03
  3.8400E+02  6.8695E-03
  3.8500E+02  7.0612E-03
  3.8600E+02  7.2761E-03
  3.8700E+02  7.5089E-03
  3.8800E+02  7.5900E-03
  3.8900E+02  7.8512E-03
  3.9000E+02  8.0994E-03
  3.9100E+02  8.3347E-03
  3.9200E+02  8.5570E-03
  3.9300E+02  8.7663E-03
  3.9400E+02  8.9628E-03
  3.9500E+02  9.1462E-03
  3.9600E+02  9.3167E-03
  3.9700E+02  9.4743E-03
  3.9800E+02  9.6188E-03
  3.9900E+02  9.7505E-03
  4.0000E+02  9.8692E-03
  4.0100E+02  9.9749E-03
  4.0200E+02  1.0068E-02
  4.0300E+02  1.0147E-02
  4.0400E+02  1.0219E-02
  4.0500E+02  1.0641E-02
  4.0600E+02  1.1169E-02
  4.0700E+02  1.1605E-02
  4.0800E+02  1.2051E-02
  4.0900E+02  1.2508E-02
  4.1000E+02  1.2975E-02
  4.1100E+02  1.3452E-02
  4.1200E+02  1.3939E-02
  4.1300E+02  1.4602E-02
  4.1400E+02  1.6119E-02
  4.1500E+02  1.2868E-02
  4.1600E+02  1.2327E-02
  4.1700E+02  1.1916E-02
  4.1800E+02  1.1635E-02
  4.1900E+02  1.1463E-02
  4.2000E+02  1.1384E-02
  4.2100E+02  1.1301E-02
  4.2200E+02  1.1213E-02
  4.2300E+02  1.1121E-02
  4.2400E+02  1.1026E-02
  4.2500E+02  1.0926E-02
  4.2600E+02  1.0822E-02
  4.2700E+02  1.0715E-02
  4.2800E+02  1.0603E-02
  4.2900E+02  1.0487E-02
  4.3000E+02  1.0367E-02
  4.3100E+02  1.0243E-02
  4.3200E+02  1.0115E-02
  4.3300E+02  9.9830E-03
  4.3400E+02  9.8468E-03
  4.3500E+02  9.7105E-03
  4.3600E+02  9.6233E-03
  4.3700E+02  9.4811E-03
  4.3800E+02  9.2840E-03
  4.3900E+02  9.0321E-03
  4.4000E+02  8.7332E-03
  4.4100E+02  8.5686E-03
  4.4200E+02  8.4328E-03
  4.4300E+02  8.3166E-03
  4.4400E+02  8.2495E-03
  4.4500E+02  8.2312E-03
  4.4600E+02  8.2618E-03
  4.4700E+02  8.3413E-03
  4.4800E+02  8.4696E-03
  4.4900E+02  8.5258E-03
  4.5000E+02  8.4533E-03
  4.5100E+02  8.1568E-03
  4.5200E+02  7.4773E-03
  4.5300E+02  7.3058E-03
  4.5400E+02  7.1968E-03
  4.5500E+02  7.0886E-03
  4.5600E+02  6.9811E-03
  4.5700E+02  6.8745E-03
  4.5800E+02  6.7687E-03
  4.5900E+02  6.6637E-03
  4.6000E+02  6.5596E-03
  4.6100E+02  6.4562E-03
  4.6200E+02  6.3537E-03
  4.6300E+02  6.2519E-03
  4.6400E+02  6.1510E-03
  4.6500E+02  6.0509E-03
  4.6600E+02  5.9516E-03
  4.6700E+02  5.8531E-03
  4.6800E+02  5.7554E-03
  4.6900E+02  5.6586E-03
  4.7000E+02  5.5625E-03
  4.7100E+02  5.4679E-03
  4.7200E+02  5.3833E-03
  4.7300E+02  2.2908E-02
  4.7400E+02  3.3622E-02
  4.7500E+02  4.7329E-02
  4.7600E+02  5.7171E-02
  4.7700E+02  7.0325E-02
  4.7800E+02  8.1533E-02
  4.7900E+02  6.5736E-02
  4.8000E+02  6.3226E-02
  4.8100E+02  6.1524E-02
  4.8200E+02  5.8924E-02
  4.8300E+02  5.7189E-02
  4.8400E+02  6.1647E-02
  4.8500E+02  6.5978E-02
  4.8600E+02  6.6157E-02
  4.8700E+02  6.5875E-02
  4.8800E+02  6.5461E-02
  4.8900E+02  6.5451E-02
  4.9000E+02  6.5824E-02
  4.9100E+02  6.6846E-02
  4.9200E+02  6.7897E-02
  4.9300E+02  7.1469E-02
  4.9400E+02  7.5235E-02
  4.9500E+02  8.3462E-02
  4.9600E+02  8.5797E-02
  4.9700E+02  9.0386E-02
  4.9800E+02  8.8309E-02
  4.9900E+02  9.0386E-02
  5.0000E+02  7.1054E-02
  5.0100E+02  4.3877E-02
  5.0200E+02  2.6229E-02
  5.0300E+02  2.4078E-02
  5.0400E+02  2.1989E-02
  5.0500E+02  2.0019E-02
  5.0600E+02  1.8168E-02
  5.0700E+02  1.6437E-02
  5.0800E+02  1.4879E-02
  5.0900E+02  1.3678E-02
  5.1000E+02  1.2903E-02
  5.1100E+02  1.3059E-02
  5.1200E+02  1.0301E-02
  5.1300E+02  9.2898E-03
  5.1400E+02  8.5599E-03
  5.1500E+02  8.0496E-03
  5.1600E+02  7.1428E-03
  5.1700E+02  5.8393E-03
  5.1800E+02  4.2186E-03
  5.1900E+02  4.0780E-03
  5.2000E+02  1.6537E-03
  5.2100E+02  5.8571E-04
  5.2200E+02  1.4437E-04
  5.2300E+02  0.0000E+00
