  0.0000E+00  0.0000E+00
  1.0000E+00  6.8516E-08
  2.0000E+00  2.7407E-07
  3.0000E+00  6.1665E-07
  4.0000E+00  1.0963E-06
  5.0000E+00  1.7129E-06
  6.0000E+00  2.4666E-06
  7.0000E+00  3.3574E-06
  8.0000E+00  4.3851E-06
  9.0000E+00  5.5499E-06
  1.0000E+01  6.8518E-06
  1.1000E+01  8.2906E-06
  1.2000E+01  9.8665E-06
  1.3000E+01  1.1579E-05
  1.4000E+01  1.3429E-05
  1.5000E+01  1.5416E-05
  1.6000E+01  1.7541E-05
  1.7000E+01  1.9802E-05
  1.8000E+01  2.2200E-05
  1.9000E+01  2.4735E-05
  2.0000E+01  2.7407E-05
  2.1000E+01  3.0216E-05
  2.2000E+01  3.3163E-05
  2.3000E+01  3.6246E-05
  2.4000E+01  3.9466E-05
  2.5000E+01  4.2824E-05
  2.6000E+01  4.6318E-05
  2.7000E+01  4.9949E-05
  2.8000E+01  5.3718E-05
  2.9000E+01  5.7623E-05
  3.0000E+01  6.1666E-05
  3.1000E+01  6.5846E-05
  3.2000E+01  7.0162E-05
  3.3000E+01  7.4616E-05
  3.4000E+01  7.9207E-05
  3.5000E+01  8.3934E-05
  3.6000E+01  8.8799E-05
  3.7000E+01  9.3801E-05
  3.8000E+01  9.8940E-05
  3.9000E+01  1.0422E-04
  4.0000E+01  1.0988E-04
  4.1000E+01  1.9319E-04
  4.2000E+01  2.6461E-04
  4.3000E+01  3.2414E-04
  4.4000E+01  3.7178E-04
  4.5000E+01  4.0754E-04
  4.6000E+01  4.3140E-04
  4.7000E+01  4.4337E-04
  4.8000E+01  4.4346E-04
  4.9000E+01  4.5008E-04
  5.0000E+01  4.7755E-04
  5.1000E+01  5.0545E-04
  5.2000E+01  5.3378E-04
  5.3000E+01  5.6255E-04
  5.4000E+01  5.9174E-04
  5.5000E+01  6.2137E-04
  5.6000E+01  6.5191E-04
  5.7000E+01  6.8402E-04
  5.8000E+01  7.1765E-04
  5.9000E+01  7.5282E-04
  6.0000E+01  7.8952E-04
  6.1000E+01  8.2775E-04
  6.2000E+01  8.6751E-04
  6.3000E+01  9.0881E-04
  6.4000E+01  9.5163E-04
  6.5000E+01  9.9970E-04
  6.6000E+01  1.0624E-03
  6.7000E+01  1.1402E-03
  6.8000E+01  1.2931E-03
  6.9000E+01  1.4364E-03
  7.0000E+01  1.6263E-03
  7.1000E+01  1.7007E-03
  7.2000E+01  1.6736E-03
  7.3000E+01  1.6308E-03
  7.4000E+01  1.6975E-03
  7.5000E+01  1.7662E-03
  7.6000E+01  1.8368E-03
  7.7000E+01  1.9092E-03
  7.8000E+01  1.9850E-03
  7.9000E+01  2.0645E-03
  8.0000E+01  2.1475E-03
  8.1000E+01  2.2342E-03
  8.2000E+01  2.3245E-03
  8.3000E+01  2.4196E-03
  8.4000E+01  2.5213E-03
  8.5000E+01  2.6297E-03
  8.6000E+01  2.7449E-03
  8.7000E+01  2.8671E-03
  8.8000E+01  2.9948E-03
  8.9000E+01  3.1297E-03
  9.0000E+01  3.2730E-03
  9.1000E+01  3.4249E-03
  9.2000E+01  3.8790E-03
  9.3000E+01  3.7860E-03
  9.4000E+01  3.9668E-03
  9.5000E+01  4.2423E-03
  9.6000E+01  4.5173E-03
  9.7000E+01  4.7910E-03
  9.8000E+01  5.0603E-03
  9.9000E+01  5.3219E-03
  1.0000E+02  5.6220E-03
  1.0100E+02  6.0227E-03
  1.0200E+02  6.5135E-03
  1.0300E+02  7.0909E-03
  1.0400E+02  7.7982E-03
  1.0500E+02  8.6251E-03
  1.0600E+02  9.2981E-03
  1.0700E+02  1.0171E-02
  1.0800E+02  1.0772E-02
  1.0900E+02  1.2016E-02
  1.1000E+02  1.3199E-02
  1.1100E+02  1.2227E-02
  1.1200E+02  1.2684E-02
  1.1300E+02  1.3138E-02
  1.1400E+02  1.3585E-02
  1.1500E+02  1.4104E-02
  1.1600E+02  1.4661E-02
  1.1700E+02  1.5062E-02
  1.1800E+02  1.5420E-02
  1.1900E+02  1.6093E-02
  1.2000E+02  1.6865E-02
  1.2100E+02  1.8288E-02
  1.2200E+02  1.8693E-02
  1.2300E+02  1.7070E-02
  1.2400E+02  1.7383E-02
  1.2500E+02  1.7792E-02
  1.2600E+02  1.8230E-02
  1.2700E+02  1.8638E-02
  1.2800E+02  1.9008E-02
  1.2900E+02  1.9456E-02
  1.3000E+02  2.0041E-02
  1.3100E+02  2.0650E-02
  1.3200E+02  2.2185E-02
  1.3300E+02  2.3522E-02
  1.3400E+02  2.4314E-02
  1.3500E+02  2.6781E-02
  1.3600E+02  2.8024E-02
  1.3700E+02  2.9074E-02
  1.3800E+02  3.0235E-02
  1.3900E+02  3.1523E-02
  1.4000E+02  3.2913E-02
  1.4100E+02  3.2928E-02
  1.4200E+02  3.2658E-02
  1.4300E+02  3.2288E-02
  1.4400E+02  3.1821E-02
  1.4500E+02  3.1201E-02
  1.4600E+02  3.0607E-02
  1.4700E+02  2.9950E-02
  1.4800E+02  2.8305E-02
  1.4900E+02  2.6024E-02
  1.5000E+02  2.3639E-02
  1.5100E+02  2.2127E-02
  1.5200E+02  2.1455E-02
  1.5300E+02  2.0974E-02
  1.5400E+02  2.0599E-02
  1.5500E+02  2.0234E-02
  1.5600E+02  1.9892E-02
  1.5700E+02  1.9569E-02
  1.5800E+02  1.9249E-02
  1.5900E+02  1.8932E-02
  1.6000E+02  1.8772E-02
  1.6100E+02  1.8663E-02
  1.6200E+02  1.8528E-02
  1.6300E+02  1.8415E-02
  1.6400E+02  1.8179E-02
  1.6500E+02  1.8143E-02
  1.6600E+02  1.7822E-02
  1.6700E+02  1.7415E-02
  1.6800E+02  1.6980E-02
  1.6900E+02  1.6695E-02
  1.7000E+02  1.6788E-02
  1.7100E+02  1.7857E-02
  1.7200E+02  1.6482E-02
  1.7300E+02  1.6094E-02
  1.7400E+02  1.5915E-02
  1.7500E+02  1.5706E-02
  1.7600E+02  1.5470E-02
  1.7700E+02  1.5239E-02
  1.7800E+02  1.5026E-02
  1.7900E+02  1.4833E-02
  1.8000E+02  1.4671E-02
  1.8100E+02  1.4554E-02
  1.8200E+02  1.4488E-02
  1.8300E+02  1.4368E-02
  1.8400E+02  1.4240E-02
  1.8500E+02  1.4125E-02
  1.8600E+02  1.4026E-02
  1.8700E+02  1.4041E-02
  1.8800E+02  1.4081E-02
  1.8900E+02  1.3230E-02
  1.9000E+02  1.3382E-02
  1.9100E+02  1.3615E-02
  1.9200E+02  1.4042E-02
  1.9300E+02  1.4914E-02
  1.9400E+02  1.5139E-02
  1.9500E+02  1.5312E-02
  1.9600E+02  1.5499E-02
  1.9700E+02  1.5666E-02
  1.9800E+02  1.5799E-02
  1.9900E+02  1.6010E-02
  2.0000E+02  1.6294E-02
  2.0100E+02  1.6527E-02
  2.0200E+02  1.6749E-02
  2.0300E+02  1.7090E-02
  2.0400E+02  1.8731E-02
  2.0500E+02  1.5761E-02
  2.0600E+02  1.2763E-02
  2.0700E+02  1.1174E-02
  2.0800E+02  1.0794E-02
  2.0900E+02  9.9230E-03
  2.1000E+02  6.8952E-03
  2.1100E+02  4.5206E-03
  2.1200E+02  2.9026E-03
  2.1300E+02  1.9955E-03
  2.1400E+02  1.5417E-03
  2.1500E+02  1.4963E-03
  2.1600E+02  1.5209E-03
  2.1700E+02  1.5463E-03
  2.1800E+02  1.5727E-03
  2.1900E+02  1.6003E-03
  2.2000E+02  1.6289E-03
  2.2100E+02  1.6587E-03
  2.2200E+02  1.6895E-03
  2.2300E+02  1.7162E-03
  2.2400E+02  1.7395E-03
  2.2500E+02  1.7603E-03
  2.2600E+02  1.7788E-03
  2.2700E+02  1.8043E-03
  2.2800E+02  1.8322E-03
  2.2900E+02  1.8594E-03
  2.3000E+02  1.8868E-03
  2.3100E+02  1.9141E-03
  2.3200E+02  1.9415E-03
  2.3300E+02  1.9689E-03
  2.3400E+02  1.9965E-03
  2.3500E+02  2.0243E-03
  2.3600E+02  2.0523E-03
  2.3700E+02  2.0804E-03
  2.3800E+02  2.1102E-03
  2.3900E+02  2.1433E-03
  2.4000E+02  2.1758E-03
  2.4100E+02  2.2078E-03
  2.4200E+02  2.2422E-03
  2.4300E+02  2.2787E-03
  2.4400E+02  2.3162E-03
  2.4500E+02  2.3548E-03
  2.4600E+02  2.3944E-03
  2.4700E+02  2.4351E-03
  2.4800E+02  2.4768E-03
  2.4900E+02  2.5195E-03
  2.5000E+02  2.5632E-03
  2.5100E+02  2.6058E-03
  2.5200E+02  2.6467E-03
  2.5300E+02  2.6860E-03
  2.5400E+02  2.7236E-03
  2.5500E+02  2.7596E-03
  2.5600E+02  2.7939E-03
  2.5700E+02  2.8284E-03
  2.5800E+02  2.8707E-03
  2.5900E+02  2.9187E-03
  2.6000E+02  2.9673E-03
  2.6100E+02  3.0153E-03
  2.6200E+02  3.0639E-03
  2.6300E+02  3.1132E-03
  2.6400E+02  3.1635E-03
  2.6500E+02  3.2146E-03
  2.6600E+02  3.2666E-03
  2.6700E+02  3.3195E-03
  2.6800E+02  3.3732E-03
  2.6900E+02  3.4278E-03
  2.7000E+02  3.4839E-03
  2.7100E+02  3.5417E-03
  2.7200E+02  3.6003E-03
  2.7300E+02  3.6634E-03
  2.7400E+02  3.7318E-03
  2.7500E+02  3.8055E-03
  2.7600E+02  3.8844E-03
  2.7700E+02  3.9664E-03
  2.7800E+02  4.0395E-03
  2.7900E+02  4.1060E-03
  2.8000E+02  4.1657E-03
  2.8100E+02  4.2264E-03
  2.8200E+02  4.2961E-03
  2.8300E+02  4.3654E-03
  2.8400E+02  4.4341E-03
  2.8500E+02  4.5065E-03
  2.8600E+02  4.5796E-03
  2.8700E+02  4.6557E-03
  2.8800E+02  4.7348E-03
  2.8900E+02  4.8160E-03
  2.9000E+02  4.8988E-03
  2.9100E+02  4.9832E-03
  2.9200E+02  5.0710E-03
  2.9300E+02  5.1635E-03
  2.9400E+02  5.2596E-03
  2.9500E+02  5.3594E-03
  2.9600E+02  5.4628E-03
  2.9700E+02  5.5701E-03
  2.9800E+02  5.6824E-03
  2.9900E+02  5.8012E-03
  3.0000E+02  5.9267E-03
  3.0100E+02  6.0473E-03
  3.0200E+02  6.1545E-03
  3.0300E+02  6.2778E-03
  3.0400E+02  6.4001E-03
  3.0500E+02  6.5257E-03
  3.0600E+02  6.6540E-03
  3.0700E+02  6.7845E-03
  3.0800E+02  6.9191E-03
  3.0900E+02  7.0580E-03
  3.1000E+02  7.1967E-03
  3.1100E+02  7.3420E-03
  3.1200E+02  7.4972E-03
  3.1300E+02  7.6622E-03
  3.1400E+02  7.8393E-03
  3.1500E+02  8.0310E-03
  3.1600E+02  8.2356E-03
  3.1700E+02  8.4538E-03
  3.1800E+02  8.6855E-03
  3.1900E+02  8.9307E-03
  3.2000E+02  9.1895E-03
  3.2100E+02  9.4566E-03
  3.2200E+02  9.8047E-03
  3.2300E+02  1.0181E-02
  3.2400E+02  1.0623E-02
  3.2500E+02  1.1128E-02
  3.2600E+02  1.1685E-02
  3.2700E+02  1.2311E-02
  3.2800E+02  1.3178E-02
  3.2900E+02  1.4318E-02
  3.3000E+02  1.5333E-02
  3.3100E+02  1.5749E-02
  3.3200E+02  1.6053E-02
  3.3300E+02  1.6247E-02
  3.3400E+02  1.6302E-02
  3.3500E+02  1.6556E-02
  3.3600E+02  1.5722E-02
  3.3700E+02  1.4856E-02
  3.3800E+02  1.3892E-02
  3.3900E+02  1.2927E-02
  3.4000E+02  1.2565E-02
  3.4100E+02  1.1597E-02
  3.4200E+02  1.1047E-02
  3.4300E+02  1.0508E-02
  3.4400E+02  9.9873E-03
  3.4500E+02  9.5649E-03
  3.4600E+02  9.2082E-03
  3.4700E+02  8.8858E-03
  3.4800E+02  8.5977E-03
  3.4900E+02  8.7303E-03
  3.5000E+02  8.1206E-03
  3.5100E+02  7.8280E-03
  3.5200E+02  7.5400E-03
  3.5300E+02  7.2772E-03
  3.5400E+02  6.0239E-03
  3.5500E+02  5.7821E-03
  3.5600E+02  5.5554E-03
  3.5700E+02  5.3439E-03
  3.5800E+02  5.1474E-03
  3.5900E+02  4.9051E-03
  3.6000E+02  4.6680E-03
  3.6100E+02  4.4554E-03
  3.6200E+02  4.2704E-03
  3.6300E+02  4.0228E-03
  3.6400E+02  3.8057E-03
  3.6500E+02  3.6201E-03
  3.6600E+02  3.4838E-03
  3.6700E+02  3.2538E-03
  3.6800E+02  3.0150E-03
  3.6900E+02  2.8743E-03
  3.7000E+02  2.7751E-03
  3.7100E+02  2.7342E-03
  3.7200E+02  2.8309E-03
  3.7300E+02  2.9606E-03
  3.7400E+02  3.0909E-03
  3.7500E+02  3.2216E-03
  3.7600E+02  3.3529E-03
  3.7700E+02  3.6134E-03
  3.7800E+02  4.0276E-03
  3.7900E+02  4.4421E-03
  3.8000E+02  4.7199E-03
  3.8100E+02  5.0272E-03
  3.8200E+02  5.6846E-03
  3.8300E+02  6.1568E-03
  3.8400E+02  6.3195E-03
  3.8500E+02  6.5041E-03
  3.8600E+02  6.8976E-03
  3.8700E+02  7.3605E-03
  3.8800E+02  7.9241E-03
  3.8900E+02  8.5599E-03
  3.9000E+02  8.9804E-03
  3.9100E+02  9.0894E-03
  3.9200E+02  9.2153E-03
  3.9300E+02  9.3409E-03
  3.9400E+02  9.4555E-03
  3.9500E+02  9.6241E-03
  3.9600E+02  1.0104E-02
  3.9700E+02  1.0194E-02
  3.9800E+02  1.0223E-02
  3.9900E+02  1.0339E-02
  4.0000E+02  1.0308E-02
  4.0100E+02  1.0494E-02
  4.0200E+02  1.0678E-02
  4.0300E+02  1.1109E-02
  4.0400E+02  1.1148E-02
  4.0500E+02  1.0902E-02
  4.0600E+02  1.0773E-02
  4.0700E+02  1.0840E-02
  4.0800E+02  1.0913E-02
  4.0900E+02  1.0992E-02
  4.1000E+02  1.1094E-02
  4.1100E+02  1.1250E-02
  4.1200E+02  1.1421E-02
  4.1300E+02  1.1662E-02
  4.1400E+02  1.1895E-02
  4.1500E+02  1.2063E-02
  4.1600E+02  1.2216E-02
  4.1700E+02  1.2355E-02
  4.1800E+02  1.2488E-02
  4.1900E+02  1.2697E-02
  4.2000E+02  1.2889E-02
  4.2100E+02  1.2979E-02
  4.2200E+02  1.4204E-02
  4.2300E+02  1.1958E-02
  4.2400E+02  1.1723E-02
  4.2500E+02  1.1552E-02
  4.2600E+02  1.1371E-02
  4.2700E+02  1.1180E-02
  4.2800E+02  1.0979E-02
  4.2900E+02  1.0768E-02
  4.3000E+02  1.0550E-02
  4.3100E+02  1.0298E-02
  4.3200E+02  1.0001E-02
  4.3300E+02  9.7102E-03
  4.3400E+02  9.5311E-03
  4.3500E+02  9.3722E-03
  4.3600E+02  9.2306E-03
  4.3700E+02  9.1049E-03
  4.3800E+02  8.9946E-03
  4.3900E+02  8.8494E-03
  4.4000E+02  8.6801E-03
  4.4100E+02  8.6604E-03
  4.4200E+02  8.6270E-03
  4.4300E+02  8.5764E-03
  4.4400E+02  8.5080E-03
  4.4500E+02  8.4336E-03
  4.4600E+02  8.3052E-03
  4.4700E+02  8.1296E-03
  4.4800E+02  7.9968E-03
  4.4900E+02  7.8734E-03
  4.5000E+02  7.7514E-03
  4.5100E+02  7.6341E-03
  4.5200E+02  7.5229E-03
  4.5300E+02  7.4177E-03
  4.5400E+02  7.3399E-03
  4.5500E+02  7.2819E-03
  4.5600E+02  7.2342E-03
  4.5700E+02  7.1966E-03
  4.5800E+02  7.1706E-03
  4.5900E+02  7.2369E-03
  4.6000E+02  7.0806E-03
  4.6100E+02  7.0735E-03
  4.6200E+02  7.0861E-03
  4.6300E+02  7.1205E-03
  4.6400E+02  6.9512E-03
  4.6500E+02  6.6450E-03
  4.6600E+02  6.5295E-03
  4.6700E+02  6.4145E-03
  4.6800E+02  6.2998E-03
  4.6900E+02  6.1855E-03
  4.7000E+02  6.0717E-03
  4.7100E+02  5.9582E-03
  4.7200E+02  5.8475E-03
  4.7300E+02  5.8052E-03
  4.7400E+02  1.7818E-02
  4.7500E+02  5.6542E-02
  4.7600E+02  5.7361E-02
  4.7700E+02  6.9097E-02
  4.7800E+02  9.9244E-02
  4.7900E+02  7.8697E-02
  4.8000E+02  7.1026E-02
  4.8100E+02  6.8655E-02
  4.8200E+02  7.0164E-02
  4.8300E+02  6.8694E-02
  4.8400E+02  6.7777E-02
  4.8500E+02  6.8375E-02
  4.8600E+02  6.7087E-02
  4.8700E+02  6.6634E-02
  4.8800E+02  6.7271E-02
  4.8900E+02  6.7372E-02
  4.9000E+02  6.8629E-02
  4.9100E+02  7.0636E-02
  4.9200E+02  7.0880E-02
  4.9300E+02  7.1549E-02
  4.9400E+02  7.0964E-02
  4.9500E+02  7.2500E-02
  4.9600E+02  7.4016E-02
  4.9700E+02  7.5958E-02
  4.9800E+02  7.8302E-02
  4.9900E+02  8.0655E-02
  5.0000E+02  6.9631E-02
  5.0100E+02  4.2669E-02
  5.0200E+02  3.4042E-02
  5.0300E+02  2.6151E-02
  5.0400E+02  2.3289E-02
  5.0500E+02  2.0696E-02
  5.0600E+02  1.9140E-02
  5.0700E+02  1.5762E-02
  5.0800E+02  1.3946E-02
  5.0900E+02  1.2662E-02
  5.1000E+02  1.1617E-02
  5.1100E+02  1.0716E-02
  5.1200E+02  1.0190E-02
  5.1300E+02  9.5816E-03
  5.1400E+02  8.0989E-03
  5.1500E+02  6.9410E-03
  5.1600E+02  6.0552E-03
  5.1700E+02  5.3097E-03
  5.1800E+02  4.7395E-03
  5.1900E+02  3.6705E-03
  5.2000E+02  2.2724E-03
  5.2100E+02  2.0527E-03
  5.2200E+02  2.6824E-04
  5.2300E+02  0.0000E+00
