  0.0000E+00  0.0000E+00
  1.0000E+00  1.3370E-07
  2.0000E+00  5.3481E-07
  3.0000E+00  1.2033E-06
  4.0000E+00  2.1393E-06
  5.0000E+00  3.3426E-06
  6.0000E+00  4.8133E-06
  7.0000E+00  6.5515E-06
  8.0000E+00  8.5570E-06
  9.0000E+00  1.0830E-05
  1.0000E+01  1.3370E-05
  1.1000E+01  1.6178E-05
  1.2000E+01  1.9253E-05
  1.3000E+01  2.2596E-05
  1.4000E+01  2.6206E-05
  1.5000E+01  3.0083E-05
  1.6000E+01  3.4228E-05
  1.7000E+01  3.8640E-05
  1.8000E+01  4.3320E-05
  1.9000E+01  4.8267E-05
  2.0000E+01  5.3482E-05
  2.1000E+01  5.8963E-05
  2.2000E+01  6.4713E-05
  2.3000E+01  7.0729E-05
  2.4000E+01  7.7014E-05
  2.5000E+01  8.3565E-05
  2.6000E+01  9.0384E-05
  2.7000E+01  9.7470E-05
  2.8000E+01  1.0482E-04
  2.9000E+01  1.1245E-04
  3.0000E+01  1.2033E-04
  3.1000E+01  1.2849E-04
  3.2000E+01  1.3691E-04
  3.3000E+01  1.4560E-04
  3.4000E+01  1.5456E-04
  3.5000E+01  1.6379E-04
  3.6000E+01  1.7328E-04
  3.7000E+01  1.8304E-04
  3.8000E+01  2.1515E-04
  3.9000E+01  3.0978E-04
  4.0000E+01  3.9431E-04
  4.1000E+01  4.6873E-04
  4.2000E+01  5.3304E-04
  4.3000E+01  5.8725E-04
  4.4000E+01  6.3136E-04
  4.5000E+01  6.6536E-04
  4.6000E+01  6.8925E-04
  4.7000E+01  7.0304E-04
  4.8000E+01  7.0673E-04
  4.9000E+01  7.0576E-04
  5.0000E+01  7.3957E-04
  5.1000E+01  7.7391E-04
  5.2000E+01  8.0879E-04
  5.3000E+01  8.4421E-04
  5.4000E+01  8.8017E-04
  5.5000E+01  9.1668E-04
  5.6000E+01  9.5372E-04
  5.7000E+01  9.9147E-04
  5.8000E+01  1.0313E-03
  5.9000E+01  1.0728E-03
  6.0000E+01  1.1160E-03
  6.1000E+01  1.1610E-03
  6.2000E+01  1.2076E-03
  6.3000E+01  1.2559E-03
  6.4000E+01  1.3059E-03
  6.5000E+01  1.3577E-03
  6.6000E+01  1.4111E-03
  6.7000E+01  1.4663E-03
  6.8000E+01  1.5231E-03
  6.9000E+01  1.5816E-03
  7.0000E+01  1.6428E-03
  7.1000E+01  1.7272E-03
  7.2000E+01  1.8430E-03
  7.3000E+01  2.0579E-03
  7.4000E+01  2.3580E-03
  7.5000E+01  2.5034E-03
  7.6000E+01  2.4889E-03
  7.7000E+01  2.4196E-03
  7.8000E+01  2.5111E-03
  7.9000E+01  2.6052E-03
  8.0000E+01  2.7019E-03
  8.1000E+01  2.8139E-03
  8.2000E+01  3.0063E-03
  8.3000E+01  3.1718E-03
  8.4000E+01  3.3127E-03
  8.5000E+01  3.4301E-03
  8.6000E+01  3.5242E-03
  8.7000E+01  3.5948E-03
  8.8000E+01  3.6736E-03
  8.9000E+01  3.8104E-03
  9.0000E+01  3.9525E-03
  9.1000E+01  4.0999E-03
  9.2000E+01  4.2585E-03
  9.3000E+01  4.4448E-03
  9.4000E+01  4.6573E-03
  9.5000E+01  4.8823E-03
  9.6000E+01  5.1063E-03
  9.7000E+01  5.3485E-03
  9.8000E+01  5.6090E-03
  9.9000E+01  5.8878E-03
  1.0000E+02  6.1848E-03
  1.0100E+02  6.5002E-03
  1.0200E+02  7.4181E-03
  1.0300E+02  8.4464E-03
  1.0400E+02  9.4923E-03
  1.0500E+02  1.0643E-02
  1.0600E+02  1.1761E-02
  1.0700E+02  1.2817E-02
  1.0800E+02  1.3757E-02
  1.0900E+02  1.5002E-02
  1.1000E+02  1.5823E-02
  1.1100E+02  1.4569E-02
  1.1200E+02  1.4658E-02
  1.1300E+02  1.5034E-02
  1.1400E+02  1.5403E-02
  1.1500E+02  1.5765E-02
  1.1600E+02  1.6119E-02
  1.1700E+02  1.6461E-02
  1.1800E+02  1.6741E-02
  1.1900E+02  1.7502E-02
  1.2000E+02  1.7991E-02
  1.2100E+02  1.8017E-02
  1.2200E+02  1.8423E-02
  1.2300E+02  1.9133E-02
  1.2400E+02  1.9881E-02
  1.2500E+02  1.9058E-02
  1.2600E+02  1.8135E-02
  1.2700E+02  1.8006E-02
  1.2800E+02  1.8455E-02
  1.2900E+02  1.8901E-02
  1.3000E+02  1.9251E-02
  1.3100E+02  1.9474E-02
  1.3200E+02  1.9747E-02
  1.3300E+02  2.0128E-02
  1.3400E+02  2.0619E-02
  1.3500E+02  2.1305E-02
  1.3600E+02  2.2653E-02
  1.3700E+02  2.5542E-02
  1.3800E+02  2.6028E-02
  1.3900E+02  2.6732E-02
  1.4000E+02  2.7468E-02
  1.4100E+02  2.8583E-02
  1.4200E+02  2.9264E-02
  1.4300E+02  2.9033E-02
  1.4400E+02  2.8828E-02
  1.4500E+02  2.9013E-02
  1.4600E+02  2.9241E-02
  1.4700E+02  2.9324E-02
  1.4800E+02  2.9449E-02
  1.4900E+02  2.9384E-02
  1.5000E+02  2.7951E-02
  1.5100E+02  2.5883E-02
  1.5200E+02  2.4864E-02
  1.5300E+02  2.4014E-02
  1.5400E+02  2.2771E-02
  1.5500E+02  2.1963E-02
  1.5600E+02  2.1176E-02
  1.5700E+02  2.0414E-02
  1.5800E+02  1.9816E-02
  1.5900E+02  1.9247E-02
  1.6000E+02  1.8905E-02
  1.6100E+02  1.8602E-02
  1.6200E+02  1.8310E-02
  1.6300E+02  1.8078E-02
  1.6400E+02  1.7948E-02
  1.6500E+02  1.7727E-02
  1.6600E+02  1.7433E-02
  1.6700E+02  1.7225E-02
  1.6800E+02  1.7070E-02
  1.6900E+02  1.6947E-02
  1.7000E+02  1.6806E-02
  1.7100E+02  1.6665E-02
  1.7200E+02  1.6523E-02
  1.7300E+02  1.6379E-02
  1.7400E+02  1.6234E-02
  1.7500E+02  1.6124E-02
  1.7600E+02  1.6223E-02
  1.7700E+02  1.8628E-02
  1.7800E+02  1.7483E-02
  1.7900E+02  1.6970E-02
  1.8000E+02  1.6810E-02
  1.8100E+02  1.5300E-02
  1.8200E+02  1.5220E-02
  1.8300E+02  1.5084E-02
  1.8400E+02  1.4924E-02
  1.8500E+02  1.4791E-02
  1.8600E+02  1.4685E-02
  1.8700E+02  1.4940E-02
  1.8800E+02  1.5056E-02
  1.8900E+02  1.5075E-02
  1.9000E+02  1.5087E-02
  1.9100E+02  1.5085E-02
  1.9200E+02  1.5067E-02
  1.9300E+02  1.5041E-02
  1.9400E+02  1.5037E-02
  1.9500E+02  1.5116E-02
  1.9600E+02  1.5301E-02
  1.9700E+02  1.5596E-02
  1.9800E+02  1.6341E-02
  1.9900E+02  1.8722E-02
  2.0000E+02  2.2046E-02
  2.0100E+02  1.8338E-02
  2.0200E+02  1.4835E-02
  2.0300E+02  1.0949E-02
  2.0400E+02  8.0097E-03
  2.0500E+02  5.6629E-03
  2.0600E+02  3.9087E-03
  2.0700E+02  2.8062E-03
  2.0800E+02  2.0685E-03
  2.0900E+02  1.5730E-03
  2.1000E+02  1.3197E-03
  2.1100E+02  1.2907E-03
  2.1200E+02  1.3075E-03
  2.1300E+02  1.3261E-03
  2.1400E+02  1.3511E-03
  2.1500E+02  1.3777E-03
  2.1600E+02  1.4023E-03
  2.1700E+02  1.4273E-03
  2.1800E+02  1.4526E-03
  2.1900E+02  1.4782E-03
  2.2000E+02  1.5042E-03
  2.2100E+02  1.5305E-03
  2.2200E+02  1.5572E-03
  2.2300E+02  1.5841E-03
  2.2400E+02  1.6107E-03
  2.2500E+02  1.6370E-03
  2.2600E+02  1.6629E-03
  2.2700E+02  1.6884E-03
  2.2800E+02  1.7137E-03
  2.2900E+02  1.7385E-03
  2.3000E+02  1.7631E-03
  2.3100E+02  1.7873E-03
  2.3200E+02  1.8111E-03
  2.3300E+02  1.8346E-03
  2.3400E+02  1.8577E-03
  2.3500E+02  1.8804E-03
  2.3600E+02  1.9026E-03
  2.3700E+02  1.9273E-03
  2.3800E+02  1.9545E-03
  2.3900E+02  1.9827E-03
  2.4000E+02  2.0120E-03
  2.4100E+02  2.0424E-03
  2.4200E+02  2.0738E-03
  2.4300E+02  2.1063E-03
  2.4400E+02  2.1399E-03
  2.4500E+02  2.1745E-03
  2.4600E+02  2.2102E-03
  2.4700E+02  2.2470E-03
  2.4800E+02  2.2847E-03
  2.4900E+02  2.3230E-03
  2.5000E+02  2.3619E-03
  2.5100E+02  2.4013E-03
  2.5200E+02  2.4414E-03
  2.5300E+02  2.4821E-03
  2.5400E+02  2.5234E-03
  2.5500E+02  2.5657E-03
  2.5600E+02  2.6095E-03
  2.5700E+02  2.6550E-03
  2.5800E+02  2.7020E-03
  2.5900E+02  2.7506E-03
  2.6000E+02  2.8010E-03
  2.6100E+02  2.8549E-03
  2.6200E+02  2.9128E-03
  2.6300E+02  2.9663E-03
  2.6400E+02  3.0142E-03
  2.6500E+02  3.0582E-03
  2.6600E+02  3.0982E-03
  2.6700E+02  3.1344E-03
  2.6800E+02  3.1666E-03
  2.6900E+02  3.2191E-03
  2.7000E+02  3.2731E-03
  2.7100E+02  3.3274E-03
  2.7200E+02  3.3821E-03
  2.7300E+02  3.4370E-03
  2.7400E+02  3.4922E-03
  2.7500E+02  3.5478E-03
  2.7600E+02  3.6035E-03
  2.7700E+02  3.6601E-03
  2.7800E+02  3.7176E-03
  2.7900E+02  3.7760E-03
  2.8000E+02  3.8365E-03
  2.8100E+02  3.9032E-03
  2.8200E+02  3.9757E-03
  2.8300E+02  4.0515E-03
  2.8400E+02  4.1304E-03
  2.8500E+02  4.2125E-03
  2.8600E+02  4.2979E-03
  2.8700E+02  4.3864E-03
  2.8800E+02  4.4785E-03
  2.8900E+02  4.5877E-03
  2.9000E+02  4.6943E-03
  2.9100E+02  4.7967E-03
  2.9200E+02  4.8951E-03
  2.9300E+02  4.9893E-03
  2.9400E+02  5.0795E-03
  2.9500E+02  5.1655E-03
  2.9600E+02  5.2474E-03
  2.9700E+02  5.3252E-03
  2.9800E+02  5.3945E-03
  2.9900E+02  5.4766E-03
  3.0000E+02  5.5723E-03
  3.0100E+02  5.6813E-03
  3.0200E+02  5.7953E-03
  3.0300E+02  5.9105E-03
  3.0400E+02  6.0329E-03
  3.0500E+02  6.1608E-03
  3.0600E+02  6.2900E-03
  3.0700E+02  6.4220E-03
  3.0800E+02  6.5586E-03
  3.0900E+02  6.6998E-03
  3.1000E+02  6.8456E-03
  3.1100E+02  6.9959E-03
  3.1200E+02  7.1459E-03
  3.1300E+02  7.3003E-03
  3.1400E+02  7.4712E-03
  3.1500E+02  7.6587E-03
  3.1600E+02  7.9043E-03
  3.1700E+02  8.1937E-03
  3.1800E+02  8.4580E-03
  3.1900E+02  8.6972E-03
  3.2000E+02  8.9114E-03
  3.2100E+02  9.1272E-03
  3.2200E+02  9.3911E-03
  3.2300E+02  9.6718E-03
  3.2400E+02  9.9867E-03
  3.2500E+02  1.0340E-02
  3.2600E+02  1.0749E-02
  3.2700E+02  1.1212E-02
  3.2800E+02  1.1730E-02
  3.2900E+02  1.2299E-02
  3.3000E+02  1.2918E-02
  3.3100E+02  1.3779E-02
  3.3200E+02  1.4730E-02
  3.3300E+02  1.5566E-02
  3.3400E+02  1.6327E-02
  3.3500E+02  1.7009E-02
  3.3600E+02  1.7612E-02
  3.3700E+02  1.8785E-02
  3.3800E+02  1.7312E-02
  3.3900E+02  1.6712E-02
  3.4000E+02  1.5286E-02
  3.4100E+02  1.4328E-02
  3.4200E+02  1.3456E-02
  3.4300E+02  1.2664E-02
  3.4400E+02  1.1938E-02
  3.4500E+02  1.1277E-02
  3.4600E+02  1.0680E-02
  3.4700E+02  1.0148E-02
  3.4800E+02  9.6698E-03
  3.4900E+02  9.2302E-03
  3.5000E+02  8.8014E-03
  3.5100E+02  8.4056E-03
  3.5200E+02  8.0589E-03
  3.5300E+02  7.7613E-03
  3.5400E+02  7.5128E-03
  3.5500E+02  7.3073E-03
  3.5600E+02  7.0318E-03
  3.5700E+02  6.6353E-03
  3.5800E+02  6.2435E-03
  3.5900E+02  5.8561E-03
  3.6000E+02  5.4763E-03
  3.6100E+02  5.1060E-03
  3.6200E+02  4.7488E-03
  3.6300E+02  4.4058E-03
  3.6400E+02  4.0770E-03
  3.6500E+02  3.8244E-03
  3.6600E+02  3.5601E-03
  3.6700E+02  3.3692E-03
  3.6800E+02  3.2518E-03
  3.6900E+02  3.0833E-03
  3.7000E+02  2.9356E-03
  3.7100E+02  2.8199E-03
  3.7200E+02  2.7363E-03
  3.7300E+02  2.6848E-03
  3.7400E+02  2.6655E-03
  3.7500E+02  2.6782E-03
  3.7600E+02  2.7230E-03
  3.7700E+02  2.9772E-03
  3.7800E+02  3.8603E-03
  3.7900E+02  5.4626E-03
  3.8000E+02  7.9272E-03
  3.8100E+02  6.0402E-03
  3.8200E+02  6.5005E-03
  3.8300E+02  6.8299E-03
  3.8400E+02  7.1477E-03
  3.8500E+02  7.5171E-03
  3.8600E+02  7.9076E-03
  3.8700E+02  8.1387E-03
  3.8800E+02  8.3966E-03
  3.8900E+02  8.6764E-03
  3.9000E+02  8.9125E-03
  3.9100E+02  9.0988E-03
  3.9200E+02  9.2414E-03
  3.9300E+02  9.3491E-03
  3.9400E+02  9.4948E-03
  3.9500E+02  9.6086E-03
  3.9600E+02  9.7304E-03
  3.9700E+02  9.8701E-03
  3.9800E+02  1.0028E-02
  3.9900E+02  1.0208E-02
  4.0000E+02  1.0410E-02
  4.0100E+02  1.0633E-02
  4.0200E+02  1.0879E-02
  4.0300E+02  1.1038E-02
  4.0400E+02  1.1303E-02
  4.0500E+02  1.2811E-02
  4.0600E+02  1.2421E-02
  4.0700E+02  1.0757E-02
  4.0800E+02  1.0665E-02
  4.0900E+02  1.0645E-02
  4.1000E+02  1.0656E-02
  4.1100E+02  1.0699E-02
  4.1200E+02  1.0768E-02
  4.1300E+02  1.0857E-02
  4.1400E+02  1.0957E-02
  4.1500E+02  1.1010E-02
  4.1600E+02  1.1053E-02
  4.1700E+02  1.1084E-02
  4.1800E+02  1.1105E-02
  4.1900E+02  1.1117E-02
  4.2000E+02  1.1118E-02
  4.2100E+02  1.1109E-02
  4.2200E+02  1.1091E-02
  4.2300E+02  1.1112E-02
  4.2400E+02  1.1367E-02
  4.2500E+02  1.1840E-02
  4.2600E+02  1.1851E-02
  4.2700E+02  1.1756E-02
  4.2800E+02  1.1563E-02
  4.2900E+02  1.1262E-02
  4.3000E+02  1.0595E-02
  4.3100E+02  9.8403E-03
  4.3200E+02  9.6623E-03
  4.3300E+02  9.5125E-03
  4.3400E+02  9.3668E-03
  4.3500E+02  9.2240E-03
  4.3600E+02  9.0455E-03
  4.3700E+02  8.8488E-03
  4.3800E+02  8.6801E-03
  4.3900E+02  8.5395E-03
  4.4000E+02  8.4022E-03
  4.4100E+02  8.2684E-03
  4.4200E+02  8.1379E-03
  4.4300E+02  8.0108E-03
  4.4400E+02  7.8873E-03
  4.4500E+02  7.7695E-03
  4.4600E+02  7.6579E-03
  4.4700E+02  7.5523E-03
  4.4800E+02  7.4529E-03
  4.4900E+02  7.3562E-03
  4.5000E+02  7.2701E-03
  4.5100E+02  7.2017E-03
  4.5200E+02  7.1473E-03
  4.5300E+02  7.1068E-03
  4.5400E+02  7.0974E-03
  4.5500E+02  7.1431E-03
  4.5600E+02  7.2438E-03
  4.5700E+02  7.3412E-03
  4.5800E+02  7.4286E-03
  4.5900E+02  7.5145E-03
  4.6000E+02  6.9890E-03
  4.6100E+02  6.8617E-03
  4.6200E+02  6.7435E-03
  4.6300E+02  6.6261E-03
  4.6400E+02  6.5096E-03
  4.6500E+02  6.3939E-03
  4.6600E+02  6.2791E-03
  4.6700E+02  6.1652E-03
  4.6800E+02  6.0521E-03
  4.6900E+02  5.9400E-03
  4.7000E+02  5.8286E-03
  4.7100E+02  5.7185E-03
  4.7200E+02  5.7338E-03
  4.7300E+02  2.6370E-02
  4.7400E+02  4.7021E-02
  4.7500E+02  5.1523E-02
  4.7600E+02  5.9034E-02
  4.7700E+02  8.1523E-02
  4.7800E+02  7.5620E-02
  4.7900E+02  6.8806E-02
  4.8000E+02  5.5753E-02
  4.8100E+02  5.6136E-02
  4.8200E+02  5.8003E-02
  4.8300E+02  5.9884E-02
  4.8400E+02  6.1733E-02
  4.8500E+02  6.1727E-02
  4.8600E+02  6.1212E-02
  4.8700E+02  6.1501E-02
  4.8800E+02  6.1767E-02
  4.8900E+02  6.2451E-02
  4.9000E+02  6.5320E-02
  4.9100E+02  6.7281E-02
  4.9200E+02  6.8106E-02
  4.9300E+02  6.8940E-02
  4.9400E+02  7.0068E-02
  4.9500E+02  7.2609E-02
  4.9600E+02  7.7417E-02
  4.9700E+02  9.1601E-02
  4.9800E+02  9.8733E-02
  4.9900E+02  1.0384E-01
  5.0000E+02  8.0132E-02
  5.0100E+02  4.2878E-02
  5.0200E+02  2.7147E-02
  5.0300E+02  2.4275E-02
  5.0400E+02  2.1833E-02
  5.0500E+02  1.9636E-02
  5.0600E+02  1.7719E-02
  5.0700E+02  1.6190E-02
  5.0800E+02  1.5327E-02
  5.0900E+02  1.4153E-02
  5.1000E+02  1.2705E-02
  5.1100E+02  1.2014E-02
  5.1200E+02  1.1038E-02
  5.1300E+02  1.0062E-02
  5.1400E+02  9.1099E-03
  5.1500E+02  8.3032E-03
  5.1600E+02  8.1954E-03
  5.1700E+02  6.8270E-03
  5.1800E+02  6.0104E-03
  5.1900E+02  5.2045E-03
  5.2000E+02  3.3203E-03
  5.2100E+02  2.4605E-03
  5.2200E+02  3.4451E-04
  5.2300E+02  0.0000E+00
