  0.0000E+00  0.0000E+00
  1.0000E+00  9.0406E-08
  2.0000E+00  3.6163E-07
  3.0000E+00  8.1367E-07
  4.0000E+00  1.4465E-06
  5.0000E+00  2.2602E-06
  6.0000E+00  3.2547E-06
  7.0000E+00  4.4300E-06
  8.0000E+00  5.7861E-06
  9.0000E+00  7.3231E-06
  1.0000E+01  9.0409E-06
  1.1000E+01  1.0939E-05
  1.2000E+01  1.3019E-05
  1.3000E+01  1.5279E-05
  1.4000E+01  1.7720E-05
  1.5000E+01  2.0342E-05
  1.6000E+01  2.3145E-05
  1.7000E+01  2.6128E-05
  1.8000E+01  2.9292E-05
  1.9000E+01  3.2638E-05
  2.0000E+01  3.6163E-05
  2.1000E+01  3.9870E-05
  2.2000E+01  4.3758E-05
  2.3000E+01  4.7826E-05
  2.4000E+01  5.2075E-05
  2.5000E+01  5.6505E-05
  2.6000E+01  6.1116E-05
  2.7000E+01  6.5908E-05
  2.8000E+01  7.0880E-05
  2.9000E+01  7.6034E-05
  3.0000E+01  8.1368E-05
  3.1000E+01  8.6883E-05
  3.2000E+01  9.2579E-05
  3.3000E+01  9.8455E-05
  3.4000E+01  1.0451E-04
  3.5000E+01  1.1075E-04
  3.6000E+01  1.1717E-04
  3.7000E+01  1.2377E-04
  3.8000E+01  1.3055E-04
  3.9000E+01  1.3751E-04
  4.0000E+01  1.4465E-04
  4.1000E+01  1.5198E-04
  4.2000E+01  1.5948E-04
  4.3000E+01  1.6717E-04
  4.4000E+01  1.7503E-04
  4.5000E+01  1.8308E-04
  4.6000E+01  1.9130E-04
  4.7000E+01  1.9971E-04
  4.8000E+01  2.0830E-04
  4.9000E+01  2.1707E-04
  5.0000E+01  2.2602E-04
  5.1000E+01  2.3515E-04
  5.2000E+01  2.4447E-04
  5.3000E+01  2.5396E-04
  5.4000E+01  3.1533E-04
  5.5000E+01  4.2861E-04
  5.6000E+01  5.3379E-04
  5.7000E+01  6.3088E-04
  5.8000E+01  7.1987E-04
  5.9000E+01  8.0077E-04
  6.0000E+01  8.7356E-04
  6.1000E+01  9.3827E-04
  6.2000E+01  9.9487E-04
  6.3000E+01  1.0434E-03
  6.4000E+01  1.0838E-03
  6.5000E+01  1.1161E-03
  6.6000E+01  1.1403E-03
  6.7000E+01  1.1565E-03
  6.8000E+01  1.1897E-03
  6.9000E+01  1.2424E-03
  7.0000E+01  1.2958E-03
  7.1000E+01  1.3500E-03
  7.2000E+01  1.4049E-03
  7.3000E+01  1.4606E-03
  7.4000E+01  1.5169E-03
  7.5000E+01  1.5740E-03
  7.6000E+01  1.6323E-03
  7.7000E+01  1.6988E-03
  7.8000E+01  1.7709E-03
  7.9000E+01  1.8484E-03
  8.0000E+01  1.9314E-03
  8.1000E+01  2.0200E-03
  8.2000E+01  2.1141E-03
  8.3000E+01  2.2143E-03
  8.4000E+01  2.3219E-03
  8.5000E+01  2.4368E-03
  8.6000E+01  2.5591E-03
  8.7000E+01  2.6888E-03
  8.8000E+01  2.8258E-03
  8.9000E+01  2.9703E-03
  9.0000E+01  3.1221E-03
  9.1000E+01  3.2812E-03
  9.2000E+01  3.4477E-03
  9.3000E+01  3.6216E-03
  9.4000E+01  3.7971E-03
  9.5000E+01  3.9739E-03
  9.6000E+01  4.1608E-03
  9.7000E+01  4.5677E-03
  9.8000E+01  4.9166E-03
  9.9000E+01  5.2554E-03
  1.0000E+02  5.5843E-03
  1.0100E+02  5.9031E-03
  1.0200E+02  6.7073E-03
  1.0300E+02  7.4577E-03
  1.0400E+02  8.0091E-03
  1.0500E+02  8.3148E-03
  1.0600E+02  8.7494E-03
  1.0700E+02  9.2621E-03
  1.0800E+02  9.7738E-03
  1.0900E+02  1.0309E-02
  1.1000E+02  1.0858E-02
  1.1100E+02  1.1421E-02
  1.1200E+02  1.1997E-02
  1.1300E+02  1.2586E-02
  1.1400E+02  1.5131E-02
  1.1500E+02  1.4868E-02
  1.1600E+02  1.7428E-02
  1.1700E+02  1.4291E-02
  1.1800E+02  1.4703E-02
  1.1900E+02  1.5110E-02
  1.2000E+02  1.5514E-02
  1.2100E+02  1.5912E-02
  1.2200E+02  1.6307E-02
  1.2300E+02  1.6694E-02
  1.2400E+02  1.7382E-02
  1.2500E+02  1.8095E-02
  1.2600E+02  1.8332E-02
  1.2700E+02  1.8700E-02
  1.2800E+02  1.9190E-02
  1.2900E+02  1.9853E-02
  1.3000E+02  2.0694E-02
  1.3100E+02  2.1584E-02
  1.3200E+02  2.2553E-02
  1.3300E+02  2.3955E-02
  1.3400E+02  2.5292E-02
  1.3500E+02  3.0561E-02
  1.3600E+02  3.4245E-02
  1.3700E+02  3.0686E-02
  1.3800E+02  3.2812E-02
  1.3900E+02  2.9431E-02
  1.4000E+02  2.9673E-02
  1.4100E+02  2.9354E-02
  1.4200E+02  2.9082E-02
  1.4300E+02  2.8804E-02
  1.4400E+02  2.8520E-02
  1.4500E+02  2.8229E-02
  1.4600E+02  2.7957E-02
  1.4700E+02  2.7691E-02
  1.4800E+02  2.7425E-02
  1.4900E+02  2.7157E-02
  1.5000E+02  2.6907E-02
  1.5100E+02  2.6826E-02
  1.5200E+02  2.6924E-02
  1.5300E+02  2.6842E-02
  1.5400E+02  2.6776E-02
  1.5500E+02  2.6449E-02
  1.5600E+02  2.5088E-02
  1.5700E+02  2.4279E-02
  1.5800E+02  2.3585E-02
  1.5900E+02  2.5150E-02
  1.6000E+02  2.0920E-02
  1.6100E+02  1.8427E-02
  1.6200E+02  1.8148E-02
  1.6300E+02  1.7880E-02
  1.6400E+02  1.7605E-02
  1.6500E+02  1.7324E-02
  1.6600E+02  1.7037E-02
  1.6700E+02  1.6748E-02
  1.6800E+02  1.6468E-02
  1.6900E+02  1.6195E-02
  1.7000E+02  1.6046E-02
  1.7100E+02  1.5987E-02
  1.7200E+02  1.5913E-02
  1.7300E+02  1.5756E-02
  1.7400E+02  1.5597E-02
  1.7500E+02  1.5437E-02
  1.7600E+02  1.5276E-02
  1.7700E+02  1.5113E-02
  1.7800E+02  1.4964E-02
  1.7900E+02  1.4838E-02
  1.8000E+02  1.4734E-02
  1.8100E+02  1.4654E-02
  1.8200E+02  1.4530E-02
  1.8300E+02  1.4276E-02
  1.8400E+02  1.4237E-02
  1.8500E+02  1.4267E-02
  1.8600E+02  1.4266E-02
  1.8700E+02  1.4228E-02
  1.8800E+02  1.4185E-02
  1.8900E+02  1.4263E-02
  1.9000E+02  1.4348E-02
  1.9100E+02  1.4480E-02
  1.9200E+02  1.5104E-02
  1.9300E+02  1.8268E-02
  1.9400E+02  1.7467E-02
  1.9500E+02  1.7560E-02
  1.9600E+02  1.7747E-02
  1.9700E+02  1.7877E-02
  1.9800E+02  1.7925E-02
  1.9900E+02  1.7890E-02
  2.0000E+02  1.7772E-02
  2.0100E+02  1.6807E-02
  2.0200E+02  1.5317E-02
  2.0300E+02  1.4185E-02
  2.0400E+02  1.2881E-02
  2.0500E+02  1.1405E-02
  2.0600E+02  9.7572E-03
  2.0700E+02  8.1910E-03
  2.0800E+02  6.7234E-03
  2.0900E+02  5.3544E-03
  2.1000E+02  4.0841E-03
  2.1100E+02  1.9362E-03
  2.1200E+02  1.4562E-03
  2.1300E+02  1.4778E-03
  2.1400E+02  1.4966E-03
  2.1500E+02  1.5127E-03
  2.1600E+02  1.5260E-03
  2.1700E+02  1.5367E-03
  2.1800E+02  1.5456E-03
  2.1900E+02  1.5709E-03
  2.2000E+02  1.5963E-03
  2.2100E+02  1.6220E-03
  2.2200E+02  1.6478E-03
  2.2300E+02  1.6738E-03
  2.2400E+02  1.7000E-03
  2.2500E+02  1.7263E-03
  2.2600E+02  1.7529E-03
  2.2700E+02  1.7796E-03
  2.2800E+02  1.8065E-03
  2.2900E+02  1.8336E-03
  2.3000E+02  1.8608E-03
  2.3100E+02  1.8883E-03
  2.3200E+02  1.9159E-03
  2.3300E+02  1.9437E-03
  2.3400E+02  1.9717E-03
  2.3500E+02  1.9998E-03
  2.3600E+02  2.0282E-03
  2.3700E+02  2.0567E-03
  2.3800E+02  2.0854E-03
  2.3900E+02  2.1142E-03
  2.4000E+02  2.1433E-03
  2.4100E+02  2.1725E-03
  2.4200E+02  2.2019E-03
  2.4300E+02  2.2317E-03
  2.4400E+02  2.2680E-03
  2.4500E+02  2.3140E-03
  2.4600E+02  2.3693E-03
  2.4700E+02  2.4210E-03
  2.4800E+02  2.4716E-03
  2.4900E+02  2.5211E-03
  2.5000E+02  2.5694E-03
  2.5100E+02  2.6168E-03
  2.5200E+02  2.6635E-03
  2.5300E+02  2.7093E-03
  2.5400E+02  2.7543E-03
  2.5500E+02  2.7985E-03
  2.5600E+02  2.8418E-03
  2.5700E+02  2.8844E-03
  2.5800E+02  2.9261E-03
  2.5900E+02  2.9670E-03
  2.6000E+02  3.0070E-03
  2.6100E+02  3.0463E-03
  2.6200E+02  3.0847E-03
  2.6300E+02  3.1223E-03
  2.6400E+02  3.1651E-03
  2.6500E+02  3.2103E-03
  2.6600E+02  3.2571E-03
  2.6700E+02  3.3055E-03
  2.6800E+02  3.3556E-03
  2.6900E+02  3.4073E-03
  2.7000E+02  3.4606E-03
  2.7100E+02  3.5155E-03
  2.7200E+02  3.5720E-03
  2.7300E+02  3.6302E-03
  2.7400E+02  3.6900E-03
  2.7500E+02  3.7515E-03
  2.7600E+02  3.8145E-03
  2.7700E+02  3.8793E-03
  2.7800E+02  3.9456E-03
  2.7900E+02  4.0136E-03
  2.8000E+02  4.0832E-03
  2.8100E+02  4.1548E-03
  2.8200E+02  4.2280E-03
  2.8300E+02  4.3027E-03
  2.8400E+02  4.3791E-03
  2.8500E+02  4.4570E-03
  2.8600E+02  4.5365E-03
  2.8700E+02  4.6176E-03
  2.8800E+02  4.7108E-03
  2.8900E+02  4.8316E-03
  2.9000E+02  4.9528E-03
  2.9100E+02  5.0679E-03
  2.9200E+02  5.1768E-03
  2.9300E+02  5.2795E-03
  2.9400E+02  5.3760E-03
  2.9500E+02  5.4664E-03
  2.9600E+02  5.5505E-03
  2.9700E+02  5.6285E-03
  2.9800E+02  5.7412E-03
  2.9900E+02  5.8582E-03
  3.0000E+02  5.9769E-03
  3.0100E+02  6.0973E-03
  3.0200E+02  6.2193E-03
  3.0300E+02  6.3431E-03
  3.0400E+02  6.4684E-03
  3.0500E+02  6.5955E-03
  3.0600E+02  6.7242E-03
  3.0700E+02  6.8546E-03
  3.0800E+02  6.9992E-03
  3.0900E+02  7.1903E-03
  3.1000E+02  7.3728E-03
  3.1100E+02  7.5467E-03
  3.1200E+02  7.7120E-03
  3.1300E+02  7.8687E-03
  3.1400E+02  8.0905E-03
  3.1500E+02  8.3474E-03
  3.1600E+02  8.6336E-03
  3.1700E+02  8.9492E-03
  3.1800E+02  9.2941E-03
  3.1900E+02  9.6681E-03
  3.2000E+02  1.0072E-02
  3.2100E+02  1.0505E-02
  3.2200E+02  1.0967E-02
  3.2300E+02  1.1578E-02
  3.2400E+02  1.2530E-02
  3.2500E+02  1.3310E-02
  3.2600E+02  1.3906E-02
  3.2700E+02  1.4317E-02
  3.2800E+02  1.4548E-02
  3.2900E+02  1.4673E-02
  3.3000E+02  1.4711E-02
  3.3100E+02  1.4662E-02
  3.3200E+02  1.4545E-02
  3.3300E+02  1.4498E-02
  3.3400E+02  1.4470E-02
  3.3500E+02  1.4458E-02
  3.3600E+02  1.4383E-02
  3.3700E+02  1.4205E-02
  3.3800E+02  1.3912E-02
  3.3900E+02  1.3498E-02
  3.4000E+02  1.3068E-02
  3.4100E+02  1.2796E-02
  3.4200E+02  1.2653E-02
  3.4300E+02  1.2367E-02
  3.4400E+02  1.1784E-02
  3.4500E+02  1.1179E-02
  3.4600E+02  1.0553E-02
  3.4700E+02  9.9069E-03
  3.4800E+02  9.1106E-03
  3.4900E+02  8.5175E-03
  3.5000E+02  7.9676E-03
  3.5100E+02  7.3062E-03
  3.5200E+02  6.6978E-03
  3.5300E+02  6.1450E-03
  3.5400E+02  5.8067E-03
  3.5500E+02  5.5105E-03
  3.5600E+02  5.2345E-03
  3.5700E+02  4.8954E-03
  3.5800E+02  4.5775E-03
  3.5900E+02  4.2809E-03
  3.6000E+02  4.0055E-03
  3.6100E+02  3.7516E-03
  3.6200E+02  3.5197E-03
  3.6300E+02  3.3098E-03
  3.6400E+02  3.1219E-03
  3.6500E+02  2.9560E-03
  3.6600E+02  2.8279E-03
  3.6700E+02  2.7583E-03
  3.6800E+02  2.7103E-03
  3.6900E+02  2.6839E-03
  3.7000E+02  2.6792E-03
  3.7100E+02  2.6960E-03
  3.7200E+02  2.7344E-03
  3.7300E+02  2.7944E-03
  3.7400E+02  2.8760E-03
  3.7500E+02  2.9792E-03
  3.7600E+02  3.1040E-03
  3.7700E+02  3.2487E-03
  3.7800E+02  3.4124E-03
  3.7900E+02  3.5951E-03
  3.8000E+02  3.7335E-03
  3.8100E+02  3.8936E-03
  3.8200E+02  4.2673E-03
  3.8300E+02  4.6430E-03
  3.8400E+02  4.9921E-03
  3.8500E+02  5.3154E-03
  3.8600E+02  5.6274E-03
  3.8700E+02  5.9599E-03
  3.8800E+02  6.3282E-03
  3.8900E+02  6.7321E-03
  3.9000E+02  7.1717E-03
  3.9100E+02  7.6470E-03
  3.9200E+02  8.1580E-03
  3.9300E+02  8.6967E-03
  3.9400E+02  9.1593E-03
  3.9500E+02  9.5446E-03
  3.9600E+02  9.9231E-03
  3.9700E+02  1.0404E-02
  3.9800E+02  1.0935E-02
  3.9900E+02  1.1397E-02
  4.0000E+02  1.1284E-02
  4.0100E+02  1.2103E-02
  4.0200E+02  1.3654E-02
  4.0300E+02  1.3280E-02
  4.0400E+02  1.1144E-02
  4.0500E+02  1.1088E-02
  4.0600E+02  1.1068E-02
  4.0700E+02  1.1084E-02
  4.0800E+02  1.1135E-02
  4.0900E+02  1.1223E-02
  4.1000E+02  1.1343E-02
  4.1100E+02  1.1492E-02
  4.1200E+02  1.1671E-02
  4.1300E+02  1.1776E-02
  4.1400E+02  1.1870E-02
  4.1500E+02  1.1954E-02
  4.1600E+02  1.2028E-02
  4.1700E+02  1.2091E-02
  4.1800E+02  1.2147E-02
  4.1900E+02  1.2195E-02
  4.2000E+02  1.2235E-02
  4.2100E+02  1.2268E-02
  4.2200E+02  1.2293E-02
  4.2300E+02  1.2329E-02
  4.2400E+02  1.2722E-02
  4.2500E+02  1.3662E-02
  4.2600E+02  1.3813E-02
  4.2700E+02  1.3779E-02
  4.2800E+02  1.3609E-02
  4.2900E+02  1.3223E-02
  4.3000E+02  1.2691E-02
  4.3100E+02  1.0793E-02
  4.3200E+02  1.0485E-02
  4.3300E+02  1.0245E-02
  4.3400E+02  1.0002E-02
  4.3500E+02  9.7339E-03
  4.3600E+02  9.4831E-03
  4.3700E+02  9.3344E-03
  4.3800E+02  9.1878E-03
  4.3900E+02  9.0434E-03
  4.4000E+02  8.9012E-03
  4.4100E+02  8.7612E-03
  4.4200E+02  8.6234E-03
  4.4300E+02  8.4879E-03
  4.4400E+02  8.3545E-03
  4.4500E+02  8.2233E-03
  4.4600E+02  8.0943E-03
  4.4700E+02  7.9675E-03
  4.4800E+02  7.8430E-03
  4.4900E+02  7.7206E-03
  4.5000E+02  7.6009E-03
  4.5100E+02  7.4978E-03
  4.5200E+02  7.4176E-03
  4.5300E+02  7.3604E-03
  4.5400E+02  7.3021E-03
  4.5500E+02  7.2989E-03
  4.5600E+02  7.3272E-03
  4.5700E+02  7.3859E-03
  4.5800E+02  7.4808E-03
  4.5900E+02  7.6692E-03
  4.6000E+02  7.5352E-03
  4.6100E+02  8.6342E-03
  4.6200E+02  6.8635E-03
  4.6300E+02  6.6775E-03
  4.6400E+02  6.5629E-03
  4.6500E+02  6.4490E-03
  4.6600E+02  6.3358E-03
  4.6700E+02  6.2233E-03
  4.6800E+02  6.1116E-03
  4.6900E+02  6.0006E-03
  4.7000E+02  5.8902E-03
  4.7100E+02  5.7807E-03
  4.7200E+02  5.6718E-03
  4.7300E+02  5.9882E-03
  4.7400E+02  1.2937E-02
  4.7500E+02  3.0929E-02
  4.7600E+02  5.0024E-02
  4.7700E+02  7.2130E-02
  4.7800E+02  8.2383E-02
  4.7900E+02  8.3942E-02
  4.8000E+02  7.8003E-02
  4.8100E+02  6.7383E-02
  4.8200E+02  6.7947E-02
  4.8300E+02  6.8728E-02
  4.8400E+02  7.0072E-02
  4.8500E+02  7.0822E-02
  4.8600E+02  7.0433E-02
  4.8700E+02  7.0346E-02
  4.8800E+02  7.1808E-02
  4.8900E+02  6.9361E-02
  4.9000E+02  6.9958E-02
  4.9100E+02  7.1601E-02
  4.9200E+02  7.3622E-02
  4.9300E+02  7.5857E-02
  4.9400E+02  7.9409E-02
  4.9500E+02  8.9992E-02
  4.9600E+02  8.1116E-02
  4.9700E+02  7.5146E-02
  4.9800E+02  6.9915E-02
  4.9900E+02  6.4752E-02
  5.0000E+02  6.2192E-02
  5.0100E+02  4.1001E-02
  5.0200E+02  3.4831E-02
  5.0300E+02  2.9535E-02
  5.0400E+02  2.3711E-02
  5.0500E+02  1.8933E-02
  5.0600E+02  1.6856E-02
  5.0700E+02  1.5055E-02
  5.0800E+02  1.3532E-02
  5.0900E+02  1.2283E-02
  5.1000E+02  1.1240E-02
  5.1100E+02  1.0536E-02
  5.1200E+02  1.0426E-02
  5.1300E+02  8.3733E-03
  5.1400E+02  7.2896E-03
  5.1500E+02  6.2977E-03
  5.1600E+02  5.2431E-03
  5.1700E+02  4.1259E-03
  5.1800E+02  3.1682E-03
  5.1900E+02  3.5049E-03
  5.2000E+02  1.0372E-03
  5.2100E+02  4.5881E-04
  5.2200E+02  1.1309E-04
  5.2300E+02  0.0000E+00
