  0.0000E+00  0.0000E+00
  1.0000E+00  7.1431E-08
  2.0000E+00  2.8573E-07
  3.0000E+00  6.4289E-07
  4.0000E+00  1.1429E-06
  5.0000E+00  1.7858E-06
  6.0000E+00  2.5716E-06
  7.0000E+00  3.5002E-06
  8.0000E+00  4.5717E-06
  9.0000E+00  5.7860E-06
  1.0000E+01  7.1433E-06
  1.1000E+01  8.6433E-06
  1.2000E+01  1.0286E-05
  1.3000E+01  1.2072E-05
  1.4000E+01  1.4001E-05
  1.5000E+01  1.6072E-05
  1.6000E+01  1.8287E-05
  1.7000E+01  2.0644E-05
  1.8000E+01  2.3144E-05
  1.9000E+01  2.5787E-05
  2.0000E+01  2.8573E-05
  2.1000E+01  3.1502E-05
  2.2000E+01  3.4573E-05
  2.3000E+01  3.7788E-05
  2.4000E+01  4.1145E-05
  2.5000E+01  4.4645E-05
  2.6000E+01  4.8288E-05
  2.7000E+01  5.2074E-05
  2.8000E+01  5.6003E-05
  2.9000E+01  6.0075E-05
  3.0000E+01  6.4289E-05
  3.1000E+01  6.8647E-05
  3.2000E+01  7.3147E-05
  3.3000E+01  7.7790E-05
  3.4000E+01  8.2576E-05
  3.5000E+01  8.7505E-05
  3.6000E+01  9.2577E-05
  3.7000E+01  9.7791E-05
  3.8000E+01  1.0315E-04
  3.9000E+01  1.0865E-04
  4.0000E+01  1.1429E-04
  4.1000E+01  1.2008E-04
  4.2000E+01  1.2601E-04
  4.3000E+01  2.0141E-04
  4.4000E+01  2.8183E-04
  4.5000E+01  3.5070E-04
  4.6000E+01  4.0802E-04
  4.7000E+01  4.5379E-04
  4.8000E+01  4.8802E-04
  4.9000E+01  5.1070E-04
  5.0000E+01  5.2183E-04
  5.1000E+01  5.2141E-04
  5.2000E+01  5.3556E-04
  5.3000E+01  5.6636E-04
  5.4000E+01  5.9759E-04
  5.5000E+01  6.2925E-04
  5.6000E+01  6.6133E-04
  5.7000E+01  6.9385E-04
  5.8000E+01  7.2679E-04
  5.9000E+01  7.6077E-04
  6.0000E+01  7.9642E-04
  6.1000E+01  8.3373E-04
  6.2000E+01  8.7271E-04
  6.3000E+01  9.1335E-04
  6.4000E+01  9.5565E-04
  6.5000E+01  9.9962E-04
  6.6000E+01  1.0452E-03
  6.7000E+01  1.0925E-03
  6.8000E+01  1.1455E-03
  6.9000E+01  1.2091E-03
  7.0000E+01  1.2834E-03
  7.1000E+01  1.3684E-03
  7.2000E+01  1.5187E-03
  7.3000E+01  1.6891E-03
  7.4000E+01  1.7907E-03
  7.5000E+01  2.0062E-03
  7.6000E+01  2.0378E-03
  7.7000E+01  2.0131E-03
  7.8000E+01  2.0014E-03
  7.9000E+01  2.0785E-03
  8.0000E+01  2.1579E-03
  8.1000E+01  2.2425E-03
  8.2000E+01  2.3351E-03
  8.3000E+01  2.4336E-03
  8.4000E+01  2.5382E-03
  8.5000E+01  2.6489E-03
  8.6000E+01  2.7656E-03
  8.7000E+01  2.8887E-03
  8.8000E+01  3.0183E-03
  8.9000E+01  3.1542E-03
  9.0000E+01  3.2961E-03
  9.1000E+01  3.4434E-03
  9.2000E+01  3.5951E-03
  9.3000E+01  3.7552E-03
  9.4000E+01  3.9243E-03
  9.5000E+01  4.1024E-03
  9.6000E+01  4.2899E-03
  9.7000E+01  4.8226E-03
  9.8000E+01  4.9571E-03
  9.9000E+01  5.3482E-03
  1.0000E+02  5.7124E-03
  1.0100E+02  6.0814E-03
  1.0200E+02  6.5295E-03
  1.0300E+02  7.0873E-03
  1.0400E+02  7.7235E-03
  1.0500E+02  8.3908E-03
  1.0600E+02  9.0788E-03
  1.0700E+02  9.7813E-03
  1.0800E+02  1.0662E-02
  1.0900E+02  1.1324E-02
  1.1000E+02  1.2371E-02
  1.1100E+02  1.4687E-02
  1.1200E+02  1.2787E-02
  1.1300E+02  1.3100E-02
  1.1400E+02  1.3478E-02
  1.1500E+02  1.3910E-02
  1.1600E+02  1.4352E-02
  1.1700E+02  1.4817E-02
  1.1800E+02  1.5280E-02
  1.1900E+02  1.5812E-02
  1.2000E+02  1.6364E-02
  1.2100E+02  1.6955E-02
  1.2200E+02  1.7761E-02
  1.2300E+02  1.8964E-02
  1.2400E+02  1.9818E-02
  1.2500E+02  1.7904E-02
  1.2600E+02  1.8269E-02
  1.2700E+02  1.8639E-02
  1.2800E+02  1.9005E-02
  1.2900E+02  1.9514E-02
  1.3000E+02  2.0117E-02
  1.3100E+02  2.0660E-02
  1.3200E+02  2.1284E-02
  1.3300E+02  2.1990E-02
  1.3400E+02  2.4200E-02
  1.3500E+02  2.6812E-02
  1.3600E+02  2.9358E-02
  1.3700E+02  3.0142E-02
  1.3800E+02  3.0809E-02
  1.3900E+02  3.0942E-02
  1.4000E+02  3.1819E-02
  1.4100E+02  3.1756E-02
  1.4200E+02  3.1556E-02
  1.4300E+02  3.1431E-02
  1.4400E+02  3.1294E-02
  1.4500E+02  3.0795E-02
  1.4600E+02  3.0406E-02
  1.4700E+02  2.9769E-02
  1.4800E+02  2.8849E-02
  1.4900E+02  2.8761E-02
  1.5000E+02  2.6169E-02
  1.5100E+02  2.3920E-02
  1.5200E+02  2.2245E-02
  1.5300E+02  2.1379E-02
  1.5400E+02  2.0878E-02
  1.5500E+02  2.0425E-02
  1.5600E+02  1.9998E-02
  1.5700E+02  1.9595E-02
  1.5800E+02  1.9261E-02
  1.5900E+02  1.8946E-02
  1.6000E+02  1.8646E-02
  1.6100E+02  1.8366E-02
  1.6200E+02  1.8097E-02
  1.6300E+02  1.7834E-02
  1.6400E+02  1.7573E-02
  1.6500E+02  1.7312E-02
  1.6600E+02  1.7143E-02
  1.6700E+02  1.7275E-02
  1.6800E+02  1.7494E-02
  1.6900E+02  1.7529E-02
  1.7000E+02  1.7508E-02
  1.7100E+02  1.6934E-02
  1.7200E+02  1.6513E-02
  1.7300E+02  1.6197E-02
  1.7400E+02  1.6485E-02
  1.7500E+02  1.6012E-02
  1.7600E+02  1.5243E-02
  1.7700E+02  1.5116E-02
  1.7800E+02  1.5049E-02
  1.7900E+02  1.5006E-02
  1.8000E+02  1.4974E-02
  1.8100E+02  1.4807E-02
  1.8200E+02  1.4632E-02
  1.8300E+02  1.4448E-02
  1.8400E+02  1.4267E-02
  1.8500E+02  1.4119E-02
  1.8600E+02  1.4013E-02
  1.8700E+02  1.3927E-02
  1.8800E+02  1.3782E-02
  1.8900E+02  1.3720E-02
  1.9000E+02  1.3663E-02
  1.9100E+02  1.3594E-02
  1.9200E+02  1.3586E-02
  1.9300E+02  1.3856E-02
  1.9400E+02  1.4332E-02
  1.9500E+02  1.4844E-02
  1.9600E+02  1.5777E-02
  1.9700E+02  1.6863E-02
  1.9800E+02  1.7268E-02
  1.9900E+02  1.7166E-02
  2.0000E+02  1.7219E-02
  2.0100E+02  1.7283E-02
  2.0200E+02  1.7240E-02
  2.0300E+02  1.7088E-02
  2.0400E+02  1.6927E-02
  2.0500E+02  1.5514E-02
  2.0600E+02  1.3270E-02
  2.0700E+02  1.0828E-02
  2.0800E+02  9.0388E-03
  2.0900E+02  7.7822E-03
  2.1000E+02  6.7867E-03
  2.1100E+02  5.3679E-03
  2.1200E+02  2.7940E-03
  2.1300E+02  1.4382E-03
  2.1400E+02  1.4599E-03
  2.1500E+02  1.4822E-03
  2.1600E+02  1.5052E-03
  2.1700E+02  1.5288E-03
  2.1800E+02  1.5530E-03
  2.1900E+02  1.5773E-03
  2.2000E+02  1.6020E-03
  2.2100E+02  1.6271E-03
  2.2200E+02  1.6526E-03
  2.2300E+02  1.6785E-03
  2.2400E+02  1.7051E-03
  2.2500E+02  1.7324E-03
  2.2600E+02  1.7605E-03
  2.2700E+02  1.7893E-03
  2.2800E+02  1.8190E-03
  2.2900E+02  1.8499E-03
  2.3000E+02  1.8822E-03
  2.3100E+02  1.9159E-03
  2.3200E+02  1.9510E-03
  2.3300E+02  1.9874E-03
  2.3400E+02  2.0228E-03
  2.3500E+02  2.0527E-03
  2.3600E+02  2.0794E-03
  2.3700E+02  2.1030E-03
  2.3800E+02  2.1237E-03
  2.3900E+02  2.1582E-03
  2.4000E+02  2.1922E-03
  2.4100E+02  2.2257E-03
  2.4200E+02  2.2587E-03
  2.4300E+02  2.2919E-03
  2.4400E+02  2.3253E-03
  2.4500E+02  2.3588E-03
  2.4600E+02  2.3925E-03
  2.4700E+02  2.4265E-03
  2.4800E+02  2.4610E-03
  2.4900E+02  2.4960E-03
  2.5000E+02  2.5325E-03
  2.5100E+02  2.5740E-03
  2.5200E+02  2.6147E-03
  2.5300E+02  2.6547E-03
  2.5400E+02  2.6955E-03
  2.5500E+02  2.7412E-03
  2.5600E+02  2.7885E-03
  2.5700E+02  2.8371E-03
  2.5800E+02  2.8873E-03
  2.5900E+02  2.9389E-03
  2.6000E+02  2.9920E-03
  2.6100E+02  3.0465E-03
  2.6200E+02  3.1013E-03
  2.6300E+02  3.1538E-03
  2.6400E+02  3.2040E-03
  2.6500E+02  3.2518E-03
  2.6600E+02  3.2972E-03
  2.6700E+02  3.3402E-03
  2.6800E+02  3.3809E-03
  2.6900E+02  3.4213E-03
  2.7000E+02  3.4717E-03
  2.7100E+02  3.5310E-03
  2.7200E+02  3.5956E-03
  2.7300E+02  3.6599E-03
  2.7400E+02  3.7215E-03
  2.7500E+02  3.7841E-03
  2.7600E+02  3.8475E-03
  2.7700E+02  3.9120E-03
  2.7800E+02  3.9776E-03
  2.7900E+02  4.0444E-03
  2.8000E+02  4.1123E-03
  2.8100E+02  4.1814E-03
  2.8200E+02  4.2518E-03
  2.8300E+02  4.3248E-03
  2.8400E+02  4.3988E-03
  2.8500E+02  4.4799E-03
  2.8600E+02  4.5681E-03
  2.8700E+02  4.6635E-03
  2.8800E+02  4.7660E-03
  2.8900E+02  4.8680E-03
  2.9000E+02  4.9625E-03
  2.9100E+02  5.0510E-03
  2.9200E+02  5.1331E-03
  2.9300E+02  5.2077E-03
  2.9400E+02  5.2976E-03
  2.9500E+02  5.3886E-03
  2.9600E+02  5.4853E-03
  2.9700E+02  5.5868E-03
  2.9800E+02  5.6891E-03
  2.9900E+02  5.7936E-03
  3.0000E+02  5.9038E-03
  3.0100E+02  6.0157E-03
  3.0200E+02  6.1282E-03
  3.0300E+02  6.2409E-03
  3.0400E+02  6.3625E-03
  3.0500E+02  6.4904E-03
  3.0600E+02  6.6240E-03
  3.0700E+02  6.7633E-03
  3.0800E+02  6.9082E-03
  3.0900E+02  7.0599E-03
  3.1000E+02  7.2210E-03
  3.1100E+02  7.3926E-03
  3.1200E+02  7.5780E-03
  3.1300E+02  7.7769E-03
  3.1400E+02  7.9840E-03
  3.1500E+02  8.1734E-03
  3.1600E+02  8.3829E-03
  3.1700E+02  8.6048E-03
  3.1800E+02  8.8390E-03
  3.1900E+02  9.0856E-03
  3.2000E+02  9.3448E-03
  3.2100E+02  9.6146E-03
  3.2200E+02  9.9108E-03
  3.2300E+02  1.0241E-02
  3.2400E+02  1.0608E-02
  3.2500E+02  1.1034E-02
  3.2600E+02  1.1522E-02
  3.2700E+02  1.2068E-02
  3.2800E+02  1.2673E-02
  3.2900E+02  1.3339E-02
  3.3000E+02  1.4064E-02
  3.3100E+02  1.4985E-02
  3.3200E+02  1.6690E-02
  3.3300E+02  1.8813E-02
  3.3400E+02  1.9259E-02
  3.3500E+02  1.7889E-02
  3.3600E+02  1.5850E-02
  3.3700E+02  1.4245E-02
  3.3800E+02  1.3171E-02
  3.3900E+02  1.2437E-02
  3.4000E+02  1.1782E-02
  3.4100E+02  1.1204E-02
  3.4200E+02  1.0701E-02
  3.4300E+02  1.0273E-02
  3.4400E+02  9.8937E-03
  3.4500E+02  9.5480E-03
  3.4600E+02  9.2294E-03
  3.4700E+02  8.9493E-03
  3.4800E+02  8.7359E-03
  3.4900E+02  8.4317E-03
  3.5000E+02  8.0602E-03
  3.5100E+02  7.4915E-03
  3.5200E+02  7.1680E-03
  3.5300E+02  6.8524E-03
  3.5400E+02  6.5447E-03
  3.5500E+02  6.2558E-03
  3.5600E+02  6.1287E-03
  3.5700E+02  5.7944E-03
  3.5800E+02  5.3789E-03
  3.5900E+02  4.9805E-03
  3.6000E+02  4.5991E-03
  3.6100E+02  4.2333E-03
  3.6200E+02  3.8838E-03
  3.6300E+02  3.5943E-03
  3.6400E+02  3.4581E-03
  3.6500E+02  3.3551E-03
  3.6600E+02  3.2797E-03
  3.6700E+02  3.2174E-03
  3.6800E+02  3.1646E-03
  3.6900E+02  3.1344E-03
  3.7000E+02  3.1279E-03
  3.7100E+02  3.1450E-03
  3.7200E+02  3.1858E-03
  3.7300E+02  3.2501E-03
  3.7400E+02  3.3381E-03
  3.7500E+02  3.4121E-03
  3.7600E+02  3.3594E-03
  3.7700E+02  3.4560E-03
  3.7800E+02  3.6080E-03
  3.7900E+02  3.8043E-03
  3.8000E+02  4.0449E-03
  3.8100E+02  4.3298E-03
  3.8200E+02  4.7604E-03
  3.8300E+02  5.4506E-03
  3.8400E+02  6.2123E-03
  3.8500E+02  6.8651E-03
  3.8600E+02  7.2292E-03
  3.8700E+02  7.5528E-03
  3.8800E+02  8.0146E-03
  3.8900E+02  8.6233E-03
  3.9000E+02  9.1710E-03
  3.9100E+02  9.4283E-03
  3.9200E+02  9.1744E-03
  3.9300E+02  9.2703E-03
  3.9400E+02  9.4211E-03
  3.9500E+02  9.5693E-03
  3.9600E+02  9.6286E-03
  3.9700E+02  9.7093E-03
  3.9800E+02  9.8369E-03
  3.9900E+02  9.9252E-03
  4.0000E+02  1.0110E-02
  4.0100E+02  1.0312E-02
  4.0200E+02  1.0506E-02
  4.0300E+02  1.0691E-02
  4.0400E+02  1.0868E-02
  4.0500E+02  1.1069E-02
  4.0600E+02  1.1317E-02
  4.0700E+02  1.1580E-02
  4.0800E+02  1.1692E-02
  4.0900E+02  1.1749E-02
  4.1000E+02  1.1855E-02
  4.1100E+02  1.2050E-02
  4.1200E+02  1.2353E-02
  4.1300E+02  1.1895E-02
  4.1400E+02  1.1738E-02
  4.1500E+02  1.1717E-02
  4.1600E+02  1.1734E-02
  4.1700E+02  1.1794E-02
  4.1800E+02  1.1922E-02
  4.1900E+02  1.1997E-02
  4.2000E+02  1.2034E-02
  4.2100E+02  1.2042E-02
  4.2200E+02  1.2023E-02
  4.2300E+02  1.1981E-02
  4.2400E+02  1.2001E-02
  4.2500E+02  1.2332E-02
  4.2600E+02  1.2456E-02
  4.2700E+02  1.2306E-02
  4.2800E+02  1.1990E-02
  4.2900E+02  1.1560E-02
  4.3000E+02  1.0494E-02
  4.3100E+02  1.0145E-02
  4.3200E+02  9.9883E-03
  4.3300E+02  9.8401E-03
  4.3400E+02  9.6926E-03
  4.3500E+02  9.5255E-03
  4.3600E+02  9.3171E-03
  4.3700E+02  9.1574E-03
  4.3800E+02  9.0018E-03
  4.3900E+02  8.8505E-03
  4.4000E+02  8.7034E-03
  4.4100E+02  8.5610E-03
  4.4200E+02  8.4259E-03
  4.4300E+02  8.2982E-03
  4.4400E+02  8.1780E-03
  4.4500E+02  8.0730E-03
  4.4600E+02  7.9962E-03
  4.4700E+02  7.9334E-03
  4.4800E+02  7.8798E-03
  4.4900E+02  7.8355E-03
  4.5000E+02  7.8039E-03
  4.5100E+02  7.7392E-03
  4.5200E+02  7.6936E-03
  4.5300E+02  7.6873E-03
  4.5400E+02  7.6810E-03
  4.5500E+02  7.6600E-03
  4.5600E+02  7.5707E-03
  4.5700E+02  7.4095E-03
  4.5800E+02  7.1779E-03
  4.5900E+02  7.0673E-03
  4.6000E+02  6.9572E-03
  4.6100E+02  6.8477E-03
  4.6200E+02  6.7388E-03
  4.6300E+02  6.6304E-03
  4.6400E+02  6.5226E-03
  4.6500E+02  6.4245E-03
  4.6600E+02  6.3515E-03
  4.6700E+02  6.3352E-03
  4.6800E+02  6.3376E-03
  4.6900E+02  6.4050E-03
  4.7000E+02  6.5925E-03
  4.7100E+02  6.5761E-03
  4.7200E+02  7.3685E-03
  4.7300E+02  6.6718E-03
  4.7400E+02  1.7550E-02
  4.7500E+02  5.6074E-02
  4.7600E+02  5.7190E-02
  4.7700E+02  6.6946E-02
  4.7800E+02  9.5524E-02
  4.7900E+02  7.8648E-02
  4.8000E+02  7.1095E-02
  4.8100E+02  6.8583E-02
  4.8200E+02  6.8181E-02
  4.8300E+02  6.9918E-02
  4.8400E+02  6.9304E-02
  4.8500E+02  6.8008E-02
  4.8600E+02  6.7277E-02
  4.8700E+02  6.7284E-02
  4.8800E+02  6.8113E-02
  4.8900E+02  6.9702E-02
  4.9000E+02  6.9686E-02
  4.9100E+02  6.8835E-02
  4.9200E+02  7.0004E-02
  4.9300E+02  7.0665E-02
  4.9400E+02  7.2227E-02
  4.9500E+02  7.3214E-02
  4.9600E+02  7.4477E-02
  4.9700E+02  8.1502E-02
  4.9800E+02  8.4079E-02
  4.9900E+02  7.8338E-02
  5.0000E+02  6.8701E-02
  5.0100E+02  4.3199E-02
  5.0200E+02  3.1848E-02
  5.0300E+02  2.7153E-02
  5.0400E+02  2.4585E-02
  5.0500E+02  1.9735E-02
  5.0600E+02  1.7268E-02
  5.0700E+02  1.5434E-02
  5.0800E+02  1.4108E-02
  5.0900E+02  1.2996E-02
  5.1000E+02  1.2010E-02
  5.1100E+02  1.1820E-02
  5.1200E+02  1.0141E-02
  5.1300E+02  8.7868E-03
  5.1400E+02  7.6264E-03
  5.1500E+02  6.7427E-03
  5.1600E+02  5.9828E-03
  5.1700E+02  6.4150E-03
  5.1800E+02  4.5507E-03
  5.1900E+02  3.3621E-03
  5.2000E+02  2.1469E-03
  5.2100E+02  2.2174E-03
  5.2200E+02  2.3171E-04
  5.2300E+02  0.0000E+00
