  0.0000E+00  0.0000E+00
  1.0000E+00  6.7929E-08
  2.0000E+00  2.7172E-07
  3.0000E+00  6.1137E-07
  4.0000E+00  1.0869E-06
  5.0000E+00  1.6983E-06
  6.0000E+00  2.4455E-06
  7.0000E+00  3.3286E-06
  8.0000E+00  4.3475E-06
  9.0000E+00  5.5024E-06
  1.0000E+01  6.7930E-06
  1.1000E+01  8.2196E-06
  1.2000E+01  9.7820E-06
  1.3000E+01  1.1480E-05
  1.4000E+01  1.3314E-05
  1.5000E+01  1.5284E-05
  1.6000E+01  1.7390E-05
  1.7000E+01  1.9632E-05
  1.8000E+01  2.2009E-05
  1.9000E+01  2.4523E-05
  2.0000E+01  2.7172E-05
  2.1000E+01  2.9957E-05
  2.2000E+01  3.2878E-05
  2.3000E+01  3.5935E-05
  2.4000E+01  3.9128E-05
  2.5000E+01  4.2457E-05
  2.6000E+01  4.5921E-05
  2.7000E+01  4.9521E-05
  2.8000E+01  5.3257E-05
  2.9000E+01  5.7130E-05
  3.0000E+01  6.1137E-05
  3.1000E+01  6.5281E-05
  3.2000E+01  6.9561E-05
  3.3000E+01  7.3976E-05
  3.4000E+01  7.8528E-05
  3.5000E+01  8.3215E-05
  3.6000E+01  8.8038E-05
  3.7000E+01  9.2997E-05
  3.8000E+01  1.3962E-04
  3.9000E+01  2.0630E-04
  4.0000E+01  2.6186E-04
  4.1000E+01  3.0631E-04
  4.2000E+01  3.3965E-04
  4.3000E+01  3.6187E-04
  4.4000E+01  3.7298E-04
  4.5000E+01  3.7298E-04
  4.6000E+01  3.7627E-04
  4.7000E+01  3.9990E-04
  4.8000E+01  4.2399E-04
  4.9000E+01  4.4854E-04
  5.0000E+01  4.7355E-04
  5.1000E+01  4.9903E-04
  5.2000E+01  5.2496E-04
  5.3000E+01  5.5156E-04
  5.4000E+01  5.8006E-04
  5.5000E+01  6.1004E-04
  5.6000E+01  6.4150E-04
  5.7000E+01  6.7442E-04
  5.8000E+01  7.0883E-04
  5.9000E+01  7.4471E-04
  6.0000E+01  7.8206E-04
  6.1000E+01  8.2089E-04
  6.2000E+01  8.6120E-04
  6.3000E+01  9.2016E-04
  6.4000E+01  1.0535E-03
  6.5000E+01  1.2074E-03
  6.6000E+01  1.3857E-03
  6.7000E+01  1.4078E-03
  6.8000E+01  1.3854E-03
  6.9000E+01  1.3744E-03
  7.0000E+01  1.4353E-03
  7.1000E+01  1.4977E-03
  7.2000E+01  1.5616E-03
  7.3000E+01  1.6250E-03
  7.4000E+01  1.6875E-03
  7.5000E+01  1.7523E-03
  7.6000E+01  1.8196E-03
  7.7000E+01  1.8892E-03
  7.8000E+01  1.9612E-03
  7.9000E+01  2.0356E-03
  8.0000E+01  2.1144E-03
  8.1000E+01  2.2019E-03
  8.2000E+01  2.2997E-03
  8.3000E+01  2.4063E-03
  8.4000E+01  2.5215E-03
  8.5000E+01  2.6406E-03
  8.6000E+01  2.7686E-03
  8.7000E+01  3.0702E-03
  8.8000E+01  3.0756E-03
  8.9000E+01  3.1965E-03
  9.0000E+01  3.3356E-03
  9.1000E+01  3.5184E-03
  9.2000E+01  3.7277E-03
  9.3000E+01  3.9373E-03
  9.4000E+01  4.1384E-03
  9.5000E+01  4.3336E-03
  9.6000E+01  4.5357E-03
  9.7000E+01  4.7553E-03
  9.8000E+01  4.9798E-03
  9.9000E+01  5.2509E-03
  1.0000E+02  5.6187E-03
  1.0100E+02  6.0732E-03
  1.0200E+02  7.0064E-03
  1.0300E+02  7.4893E-03
  1.0400E+02  8.1703E-03
  1.0500E+02  8.8777E-03
  1.0600E+02  9.6120E-03
  1.0700E+02  1.0622E-02
  1.0800E+02  1.1192E-02
  1.0900E+02  1.3247E-02
  1.1000E+02  1.1773E-02
  1.1100E+02  1.2272E-02
  1.1200E+02  1.2822E-02
  1.1300E+02  1.3202E-02
  1.1400E+02  1.3608E-02
  1.1500E+02  1.4064E-02
  1.1600E+02  1.4683E-02
  1.1700E+02  1.5240E-02
  1.1800E+02  1.5651E-02
  1.1900E+02  1.6885E-02
  1.2000E+02  1.7047E-02
  1.2100E+02  1.6279E-02
  1.2200E+02  1.6626E-02
  1.2300E+02  1.7033E-02
  1.2400E+02  1.7331E-02
  1.2500E+02  1.7681E-02
  1.2600E+02  1.8157E-02
  1.2700E+02  1.8576E-02
  1.2800E+02  1.9084E-02
  1.2900E+02  2.0523E-02
  1.3000E+02  2.0744E-02
  1.3100E+02  2.1658E-02
  1.3200E+02  2.2494E-02
  1.3300E+02  2.2213E-02
  1.3400E+02  2.3006E-02
  1.3500E+02  2.7175E-02
  1.3600E+02  2.8270E-02
  1.3700E+02  2.9675E-02
  1.3800E+02  3.1073E-02
  1.3900E+02  3.2369E-02
  1.4000E+02  3.3315E-02
  1.4100E+02  3.3490E-02
  1.4200E+02  3.3090E-02
  1.4300E+02  3.2402E-02
  1.4400E+02  3.1872E-02
  1.4500E+02  3.1451E-02
  1.4600E+02  3.0800E-02
  1.4700E+02  2.8270E-02
  1.4800E+02  2.5399E-02
  1.4900E+02  2.3343E-02
  1.5000E+02  2.2064E-02
  1.5100E+02  2.1632E-02
  1.5200E+02  2.1253E-02
  1.5300E+02  2.0888E-02
  1.5400E+02  2.0693E-02
  1.5500E+02  2.0383E-02
  1.5600E+02  2.0096E-02
  1.5700E+02  1.9831E-02
  1.5800E+02  1.9584E-02
  1.5900E+02  1.9285E-02
  1.6000E+02  1.8975E-02
  1.6100E+02  1.8812E-02
  1.6200E+02  1.8669E-02
  1.6300E+02  1.8323E-02
  1.6400E+02  1.7859E-02
  1.6500E+02  1.7601E-02
  1.6600E+02  1.7655E-02
  1.6700E+02  1.7773E-02
  1.6800E+02  1.8013E-02
  1.6900E+02  1.9046E-02
  1.7000E+02  1.6762E-02
  1.7100E+02  1.6466E-02
  1.7200E+02  1.6203E-02
  1.7300E+02  1.5989E-02
  1.7400E+02  1.5778E-02
  1.7500E+02  1.5565E-02
  1.7600E+02  1.5353E-02
  1.7700E+02  1.5172E-02
  1.7800E+02  1.4990E-02
  1.7900E+02  1.4819E-02
  1.8000E+02  1.4666E-02
  1.8100E+02  1.4580E-02
  1.8200E+02  1.4494E-02
  1.8300E+02  1.4418E-02
  1.8400E+02  1.4621E-02
  1.8500E+02  1.4852E-02
  1.8600E+02  1.4433E-02
  1.8700E+02  1.3971E-02
  1.8800E+02  1.3850E-02
  1.8900E+02  1.4512E-02
  1.9000E+02  1.4603E-02
  1.9100E+02  1.4445E-02
  1.9200E+02  1.4450E-02
  1.9300E+02  1.4474E-02
  1.9400E+02  1.4587E-02
  1.9500E+02  1.4766E-02
  1.9600E+02  1.4833E-02
  1.9700E+02  1.4926E-02
  1.9800E+02  1.5034E-02
  1.9900E+02  1.5188E-02
  2.0000E+02  1.5387E-02
  2.0100E+02  1.5822E-02
  2.0200E+02  1.9748E-02
  2.0300E+02  1.8396E-02
  2.0400E+02  1.7101E-02
  2.0500E+02  1.5305E-02
  2.0600E+02  1.3884E-02
  2.0700E+02  1.2503E-02
  2.0800E+02  1.0756E-02
  2.0900E+02  8.8438E-03
  2.1000E+02  6.8772E-03
  2.1100E+02  5.4270E-03
  2.1200E+02  3.9857E-03
  2.1300E+02  2.4298E-03
  2.1400E+02  1.4900E-03
  2.1500E+02  1.5062E-03
  2.1600E+02  1.5258E-03
  2.1700E+02  1.5484E-03
  2.1800E+02  1.5711E-03
  2.1900E+02  1.5939E-03
  2.2000E+02  1.6166E-03
  2.2100E+02  1.6392E-03
  2.2200E+02  1.6620E-03
  2.2300E+02  1.6849E-03
  2.2400E+02  1.7079E-03
  2.2500E+02  1.7310E-03
  2.2600E+02  1.7541E-03
  2.2700E+02  1.7795E-03
  2.2800E+02  1.8071E-03
  2.2900E+02  1.8349E-03
  2.3000E+02  1.8629E-03
  2.3100E+02  1.8927E-03
  2.3200E+02  1.9235E-03
  2.3300E+02  1.9553E-03
  2.3400E+02  1.9880E-03
  2.3500E+02  2.0216E-03
  2.3600E+02  2.0560E-03
  2.3700E+02  2.0914E-03
  2.3800E+02  2.1277E-03
  2.3900E+02  2.1649E-03
  2.4000E+02  2.2012E-03
  2.4100E+02  2.2357E-03
  2.4200E+02  2.2685E-03
  2.4300E+02  2.2996E-03
  2.4400E+02  2.3289E-03
  2.4500E+02  2.3565E-03
  2.4600E+02  2.3880E-03
  2.4700E+02  2.4260E-03
  2.4800E+02  2.4644E-03
  2.4900E+02  2.5028E-03
  2.5000E+02  2.5417E-03
  2.5100E+02  2.5812E-03
  2.5200E+02  2.6213E-03
  2.5300E+02  2.6622E-03
  2.5400E+02  2.7036E-03
  2.5500E+02  2.7458E-03
  2.5600E+02  2.7885E-03
  2.5700E+02  2.8320E-03
  2.5800E+02  2.8761E-03
  2.5900E+02  2.9214E-03
  2.6000E+02  2.9673E-03
  2.6100E+02  3.0150E-03
  2.6200E+02  3.0661E-03
  2.6300E+02  3.1207E-03
  2.6400E+02  3.1789E-03
  2.6500E+02  3.2399E-03
  2.6600E+02  3.3027E-03
  2.6700E+02  3.3588E-03
  2.6800E+02  3.4097E-03
  2.6900E+02  3.4553E-03
  2.7000E+02  3.5065E-03
  2.7100E+02  3.5629E-03
  2.7200E+02  3.6186E-03
  2.7300E+02  3.6736E-03
  2.7400E+02  3.7275E-03
  2.7500E+02  3.7864E-03
  2.7600E+02  3.8476E-03
  2.7700E+02  3.9106E-03
  2.7800E+02  3.9752E-03
  2.7900E+02  4.0413E-03
  2.8000E+02  4.1090E-03
  2.8100E+02  4.1792E-03
  2.8200E+02  4.2526E-03
  2.8300E+02  4.3288E-03
  2.8400E+02  4.4078E-03
  2.8500E+02  4.4896E-03
  2.8600E+02  4.5746E-03
  2.8700E+02  4.6634E-03
  2.8800E+02  4.7562E-03
  2.8900E+02  4.8496E-03
  2.9000E+02  4.9331E-03
  2.9100E+02  5.0140E-03
  2.9200E+02  5.1011E-03
  2.9300E+02  5.1938E-03
  2.9400E+02  5.2857E-03
  2.9500E+02  5.3792E-03
  2.9600E+02  5.4744E-03
  2.9700E+02  5.5711E-03
  2.9800E+02  5.6687E-03
  2.9900E+02  5.7672E-03
  3.0000E+02  5.8664E-03
  3.0100E+02  5.9717E-03
  3.0200E+02  6.0872E-03
  3.0300E+02  6.2115E-03
  3.0400E+02  6.3411E-03
  3.0500E+02  6.4775E-03
  3.0600E+02  6.6218E-03
  3.0700E+02  6.7723E-03
  3.0800E+02  6.9290E-03
  3.0900E+02  7.0925E-03
  3.1000E+02  7.2536E-03
  3.1100E+02  7.4044E-03
  3.1200E+02  7.5693E-03
  3.1300E+02  7.7365E-03
  3.1400E+02  7.9186E-03
  3.1500E+02  8.1086E-03
  3.1600E+02  8.3064E-03
  3.1700E+02  8.5121E-03
  3.1800E+02  8.7335E-03
  3.1900E+02  8.9677E-03
  3.2000E+02  9.2089E-03
  3.2100E+02  9.4658E-03
  3.2200E+02  9.7797E-03
  3.2300E+02  1.0137E-02
  3.2400E+02  1.0513E-02
  3.2500E+02  1.0910E-02
  3.2600E+02  1.1358E-02
  3.2700E+02  1.1866E-02
  3.2800E+02  1.2456E-02
  3.2900E+02  1.3240E-02
  3.3000E+02  1.4890E-02
  3.3100E+02  1.6111E-02
  3.3200E+02  1.6817E-02
  3.3300E+02  1.7234E-02
  3.3400E+02  1.7129E-02
  3.3500E+02  1.6398E-02
  3.3600E+02  1.5637E-02
  3.3700E+02  1.4838E-02
  3.3800E+02  1.4052E-02
  3.3900E+02  1.3082E-02
  3.4000E+02  1.2026E-02
  3.4100E+02  1.1227E-02
  3.4200E+02  1.0608E-02
  3.4300E+02  1.0459E-02
  3.4400E+02  1.0040E-02
  3.4500E+02  9.6523E-03
  3.4600E+02  9.2502E-03
  3.4700E+02  8.8503E-03
  3.4800E+02  8.4521E-03
  3.4900E+02  8.2873E-03
  3.5000E+02  7.7006E-03
  3.5100E+02  7.3707E-03
  3.5200E+02  7.0488E-03
  3.5300E+02  6.7372E-03
  3.5400E+02  6.4360E-03
  3.5500E+02  6.1453E-03
  3.5600E+02  5.8799E-03
  3.5700E+02  5.6382E-03
  3.5800E+02  5.4216E-03
  3.5900E+02  5.2324E-03
  3.6000E+02  5.0487E-03
  3.6100E+02  4.9069E-03
  3.6200E+02  4.5842E-03
  3.6300E+02  4.2833E-03
  3.6400E+02  3.9031E-03
  3.6500E+02  3.5360E-03
  3.6600E+02  3.2443E-03
  3.6700E+02  3.0792E-03
  3.6800E+02  2.9572E-03
  3.6900E+02  2.8806E-03
  3.7000E+02  2.8579E-03
  3.7100E+02  2.8908E-03
  3.7200E+02  2.9811E-03
  3.7300E+02  3.1278E-03
  3.7400E+02  3.3208E-03
  3.7500E+02  3.5591E-03
  3.7600E+02  3.9564E-03
  3.7700E+02  4.1369E-03
  3.7800E+02  4.1801E-03
  3.7900E+02  4.3771E-03
  3.8000E+02  4.6271E-03
  3.8100E+02  4.8934E-03
  3.8200E+02  5.1415E-03
  3.8300E+02  5.3569E-03
  3.8400E+02  5.7182E-03
  3.8500E+02  6.7190E-03
  3.8600E+02  7.6227E-03
  3.8700E+02  8.4134E-03
  3.8800E+02  8.9757E-03
  3.8900E+02  9.1188E-03
  3.9000E+02  9.1465E-03
  3.9100E+02  8.9945E-03
  3.9200E+02  9.0226E-03
  3.9300E+02  9.1635E-03
  3.9400E+02  9.3829E-03
  3.9500E+02  9.9247E-03
  3.9600E+02  1.0311E-02
  3.9700E+02  1.0123E-02
  3.9800E+02  9.7602E-03
  3.9900E+02  9.8262E-03
  4.0000E+02  9.8951E-03
  4.0100E+02  9.9726E-03
  4.0200E+02  1.0079E-02
  4.0300E+02  1.0237E-02
  4.0400E+02  1.0360E-02
  4.0500E+02  1.0558E-02
  4.0600E+02  1.0760E-02
  4.0700E+02  1.0952E-02
  4.0800E+02  1.1154E-02
  4.0900E+02  1.1394E-02
  4.1000E+02  1.1633E-02
  4.1100E+02  1.1649E-02
  4.1200E+02  1.1772E-02
  4.1300E+02  1.1894E-02
  4.1400E+02  1.2121E-02
  4.1500E+02  1.2364E-02
  4.1600E+02  1.2025E-02
  4.1700E+02  1.1942E-02
  4.1800E+02  1.1927E-02
  4.1900E+02  1.1953E-02
  4.2000E+02  1.2087E-02
  4.2100E+02  1.2140E-02
  4.2200E+02  1.2140E-02
  4.2300E+02  1.2094E-02
  4.2400E+02  1.2074E-02
  4.2500E+02  1.2241E-02
  4.2600E+02  1.2373E-02
  4.2700E+02  1.2140E-02
  4.2800E+02  1.1744E-02
  4.2900E+02  1.1023E-02
  4.3000E+02  1.0440E-02
  4.3100E+02  1.0133E-02
  4.3200E+02  9.9651E-03
  4.3300E+02  9.8085E-03
  4.3400E+02  9.6485E-03
  4.3500E+02  9.4713E-03
  4.3600E+02  9.2947E-03
  4.3700E+02  9.1240E-03
  4.3800E+02  8.9596E-03
  4.3900E+02  8.8023E-03
  4.4000E+02  8.6521E-03
  4.4100E+02  8.5091E-03
  4.4200E+02  8.3888E-03
  4.4300E+02  8.2856E-03
  4.4400E+02  8.1907E-03
  4.4500E+02  8.1041E-03
  4.4600E+02  8.0264E-03
  4.4700E+02  7.9586E-03
  4.4800E+02  7.7813E-03
  4.4900E+02  7.7824E-03
  4.5000E+02  7.7350E-03
  4.5100E+02  7.6996E-03
  4.5200E+02  7.6602E-03
  4.5300E+02  7.6058E-03
  4.5400E+02  7.5121E-03
  4.5500E+02  7.3815E-03
  4.5600E+02  7.2166E-03
  4.5700E+02  7.1040E-03
  4.5800E+02  6.9957E-03
  4.5900E+02  6.8885E-03
  4.6000E+02  6.7896E-03
  4.6100E+02  6.7049E-03
  4.6200E+02  6.6608E-03
  4.6300E+02  6.6328E-03
  4.6400E+02  6.6220E-03
  4.6500E+02  6.6317E-03
  4.6600E+02  6.7879E-03
  4.6700E+02  6.7066E-03
  4.6800E+02  6.6748E-03
  4.6900E+02  6.6744E-03
  4.7000E+02  6.6280E-03
  4.7100E+02  6.3626E-03
  4.7200E+02  6.2230E-03
  4.7300E+02  6.0836E-03
  4.7400E+02  2.3502E-02
  4.7500E+02  4.7714E-02
  4.7600E+02  5.6388E-02
  4.7700E+02  6.8385E-02
  4.7800E+02  8.9886E-02
  4.7900E+02  8.2590E-02
  4.8000E+02  7.0814E-02
  4.8100E+02  6.9883E-02
  4.8200E+02  7.0242E-02
  4.8300E+02  6.9519E-02
  4.8400E+02  6.8575E-02
  4.8500E+02  6.7634E-02
  4.8600E+02  6.7437E-02
  4.8700E+02  6.7864E-02
  4.8800E+02  6.6953E-02
  4.8900E+02  6.7472E-02
  4.9000E+02  6.7925E-02
  4.9100E+02  6.8083E-02
  4.9200E+02  6.9068E-02
  4.9300E+02  6.9398E-02
  4.9400E+02  7.0605E-02
  4.9500E+02  7.0932E-02
  4.9600E+02  7.4911E-02
  4.9700E+02  7.7522E-02
  4.9800E+02  8.1946E-02
  4.9900E+02  8.0859E-02
  5.0000E+02  7.3513E-02
  5.0100E+02  4.4629E-02
  5.0200E+02  3.3499E-02
  5.0300E+02  2.8348E-02
  5.0400E+02  2.2544E-02
  5.0500E+02  1.9919E-02
  5.0600E+02  1.8220E-02
  5.0700E+02  1.6949E-02
  5.0800E+02  1.4962E-02
  5.0900E+02  1.2735E-02
  5.1000E+02  1.1453E-02
  5.1100E+02  1.0453E-02
  5.1200E+02  9.5762E-03
  5.1300E+02  9.0592E-03
  5.1400E+02  8.7607E-03
  5.1500E+02  7.3198E-03
  5.1600E+02  6.2123E-03
  5.1700E+02  5.3409E-03
  5.1800E+02  4.6005E-03
  5.1900E+02  3.8267E-03
  5.2000E+02  2.5944E-03
  5.2100E+02  1.4791E-03
  5.2200E+02  3.2905E-04
  5.2300E+02  0.0000E+00
