  0.0000E+00  0.0000E+00
  1.0000E+00  1.0053E-07
  2.0000E+00  4.0212E-07
  3.0000E+00  9.0478E-07
  4.0000E+00  1.6085E-06
  5.0000E+00  2.5133E-06
  6.0000E+00  3.6191E-06
  7.0000E+00  4.9261E-06
  8.0000E+00  6.4340E-06
  9.0000E+00  8.1431E-06
  1.0000E+01  1.0053E-05
  1.1000E+01  1.2164E-05
  1.2000E+01  1.4477E-05
  1.3000E+01  1.6990E-05
  1.4000E+01  1.9704E-05
  1.5000E+01  2.2620E-05
  1.6000E+01  2.5736E-05
  1.7000E+01  2.9054E-05
  1.8000E+01  3.2572E-05
  1.9000E+01  3.6292E-05
  2.0000E+01  4.0213E-05
  2.1000E+01  4.4335E-05
  2.2000E+01  4.8658E-05
  2.3000E+01  5.3182E-05
  2.4000E+01  5.7907E-05
  2.5000E+01  6.2833E-05
  2.6000E+01  6.7960E-05
  2.7000E+01  7.3288E-05
  2.8000E+01  7.8817E-05
  2.9000E+01  8.4548E-05
  3.0000E+01  9.0479E-05
  3.1000E+01  9.6611E-05
  3.2000E+01  1.0294E-04
  3.3000E+01  1.0948E-04
  3.4000E+01  1.1622E-04
  3.5000E+01  1.2315E-04
  3.6000E+01  1.3029E-04
  3.7000E+01  1.3763E-04
  3.8000E+01  1.4517E-04
  3.9000E+01  1.5291E-04
  4.0000E+01  1.6085E-04
  4.1000E+01  1.6899E-04
  4.2000E+01  1.7734E-04
  4.3000E+01  1.8588E-04
  4.4000E+01  1.9463E-04
  4.5000E+01  2.0358E-04
  4.6000E+01  2.1273E-04
  4.7000E+01  2.2208E-04
  4.8000E+01  2.3163E-04
  4.9000E+01  2.4138E-04
  5.0000E+01  2.5133E-04
  5.1000E+01  2.9138E-04
  5.2000E+01  3.8102E-04
  5.3000E+01  4.6605E-04
  5.4000E+01  5.4646E-04
  5.5000E+01  6.2225E-04
  5.6000E+01  6.9343E-04
  5.7000E+01  7.5999E-04
  5.8000E+01  8.2193E-04
  5.9000E+01  8.7927E-04
  6.0000E+01  9.3198E-04
  6.1000E+01  9.8008E-04
  6.2000E+01  1.0236E-03
  6.3000E+01  1.0624E-03
  6.4000E+01  1.0967E-03
  6.5000E+01  1.1263E-03
  6.6000E+01  1.1513E-03
  6.7000E+01  1.1839E-03
  6.8000E+01  1.2327E-03
  6.9000E+01  1.2824E-03
  7.0000E+01  1.3332E-03
  7.1000E+01  1.3849E-03
  7.2000E+01  1.4376E-03
  7.3000E+01  1.4914E-03
  7.4000E+01  1.5461E-03
  7.5000E+01  1.6018E-03
  7.6000E+01  1.6687E-03
  7.7000E+01  1.7406E-03
  7.8000E+01  1.8175E-03
  7.9000E+01  1.8995E-03
  8.0000E+01  1.9864E-03
  8.1000E+01  2.0784E-03
  8.2000E+01  2.1754E-03
  8.3000E+01  2.2775E-03
  8.4000E+01  2.3873E-03
  8.5000E+01  2.5062E-03
  8.6000E+01  2.6342E-03
  8.7000E+01  2.7714E-03
  8.8000E+01  2.9176E-03
  8.9000E+01  3.0728E-03
  9.0000E+01  3.2372E-03
  9.1000E+01  3.4107E-03
  9.2000E+01  3.5933E-03
  9.3000E+01  3.7749E-03
  9.4000E+01  3.9663E-03
  9.5000E+01  4.3727E-03
  9.6000E+01  4.7231E-03
  9.7000E+01  4.9558E-03
  9.8000E+01  5.1058E-03
  9.9000E+01  5.2343E-03
  1.0000E+02  5.7308E-03
  1.0100E+02  6.4826E-03
  1.0200E+02  7.1832E-03
  1.0300E+02  7.7594E-03
  1.0400E+02  8.1216E-03
  1.0500E+02  8.7529E-03
  1.0600E+02  9.3581E-03
  1.0700E+02  9.9369E-03
  1.0800E+02  1.0505E-02
  1.0900E+02  1.1087E-02
  1.1000E+02  1.1683E-02
  1.1100E+02  1.2294E-02
  1.1200E+02  1.2919E-02
  1.1300E+02  1.4774E-02
  1.1400E+02  1.6069E-02
  1.1500E+02  1.5797E-02
  1.1600E+02  1.4069E-02
  1.1700E+02  1.4437E-02
  1.1800E+02  1.4802E-02
  1.1900E+02  1.5167E-02
  1.2000E+02  1.5530E-02
  1.2100E+02  1.5892E-02
  1.2200E+02  1.6268E-02
  1.2300E+02  1.7100E-02
  1.2400E+02  1.7573E-02
  1.2500E+02  1.7776E-02
  1.2600E+02  1.8203E-02
  1.2700E+02  1.8644E-02
  1.2800E+02  1.9098E-02
  1.2900E+02  1.9887E-02
  1.3000E+02  2.1229E-02
  1.3100E+02  2.1933E-02
  1.3200E+02  2.2780E-02
  1.3300E+02  2.4946E-02
  1.3400E+02  2.7993E-02
  1.3500E+02  3.0195E-02
  1.3600E+02  3.3080E-02
  1.3700E+02  2.9067E-02
  1.3800E+02  2.9072E-02
  1.3900E+02  2.9071E-02
  1.4000E+02  2.9483E-02
  1.4100E+02  2.9560E-02
  1.4200E+02  2.9273E-02
  1.4300E+02  2.8980E-02
  1.4400E+02  2.8680E-02
  1.4500E+02  2.8384E-02
  1.4600E+02  2.8109E-02
  1.4700E+02  2.7829E-02
  1.4800E+02  2.7549E-02
  1.4900E+02  2.7262E-02
  1.5000E+02  2.7126E-02
  1.5100E+02  2.7257E-02
  1.5200E+02  2.7233E-02
  1.5300E+02  2.7126E-02
  1.5400E+02  2.6637E-02
  1.5500E+02  2.5524E-02
  1.5600E+02  2.4480E-02
  1.5700E+02  2.3667E-02
  1.5800E+02  2.2604E-02
  1.5900E+02  1.9302E-02
  1.6000E+02  1.7844E-02
  1.6100E+02  1.7449E-02
  1.6200E+02  1.7245E-02
  1.6300E+02  1.7033E-02
  1.6400E+02  1.6813E-02
  1.6500E+02  1.6584E-02
  1.6600E+02  1.6348E-02
  1.6700E+02  1.6104E-02
  1.6800E+02  1.5862E-02
  1.6900E+02  1.5628E-02
  1.7000E+02  1.5448E-02
  1.7100E+02  1.5391E-02
  1.7200E+02  1.5405E-02
  1.7300E+02  1.5317E-02
  1.7400E+02  1.5201E-02
  1.7500E+02  1.5083E-02
  1.7600E+02  1.4963E-02
  1.7700E+02  1.4840E-02
  1.7800E+02  1.4715E-02
  1.7900E+02  1.4595E-02
  1.8000E+02  1.4502E-02
  1.8100E+02  1.4436E-02
  1.8200E+02  1.4399E-02
  1.8300E+02  1.4273E-02
  1.8400E+02  1.4072E-02
  1.8500E+02  1.4090E-02
  1.8600E+02  1.4095E-02
  1.8700E+02  1.4084E-02
  1.8800E+02  1.4054E-02
  1.8900E+02  1.4087E-02
  1.9000E+02  1.4197E-02
  1.9100E+02  1.4323E-02
  1.9200E+02  1.4862E-02
  1.9300E+02  1.6726E-02
  1.9400E+02  1.8033E-02
  1.9500E+02  1.7930E-02
  1.9600E+02  1.8069E-02
  1.9700E+02  1.8271E-02
  1.9800E+02  1.8385E-02
  1.9900E+02  1.8409E-02
  2.0000E+02  1.8342E-02
  2.0100E+02  1.7489E-02
  2.0200E+02  1.5891E-02
  2.0300E+02  1.4618E-02
  2.0400E+02  1.3214E-02
  2.0500E+02  1.1629E-02
  2.0600E+02  9.9923E-03
  2.0700E+02  8.4382E-03
  2.0800E+02  6.9670E-03
  2.0900E+02  5.5788E-03
  2.1000E+02  4.2734E-03
  2.1100E+02  2.3860E-03
  2.1200E+02  1.4551E-03
  2.1300E+02  1.4774E-03
  2.1400E+02  1.4962E-03
  2.1500E+02  1.5115E-03
  2.1600E+02  1.5234E-03
  2.1700E+02  1.5318E-03
  2.1800E+02  1.5459E-03
  2.1900E+02  1.5714E-03
  2.2000E+02  1.5971E-03
  2.2100E+02  1.6231E-03
  2.2200E+02  1.6492E-03
  2.2300E+02  1.6756E-03
  2.2400E+02  1.7021E-03
  2.2500E+02  1.7289E-03
  2.2600E+02  1.7558E-03
  2.2700E+02  1.7830E-03
  2.2800E+02  1.8103E-03
  2.2900E+02  1.8379E-03
  2.3000E+02  1.8657E-03
  2.3100E+02  1.8936E-03
  2.3200E+02  1.9218E-03
  2.3300E+02  1.9502E-03
  2.3400E+02  1.9788E-03
  2.3500E+02  2.0075E-03
  2.3600E+02  2.0365E-03
  2.3700E+02  2.0657E-03
  2.3800E+02  2.0951E-03
  2.3900E+02  2.1247E-03
  2.4000E+02  2.1544E-03
  2.4100E+02  2.1844E-03
  2.4200E+02  2.2146E-03
  2.4300E+02  2.2450E-03
  2.4400E+02  2.2807E-03
  2.4500E+02  2.3295E-03
  2.4600E+02  2.3908E-03
  2.4700E+02  2.4468E-03
  2.4800E+02  2.4986E-03
  2.4900E+02  2.5470E-03
  2.5000E+02  2.5945E-03
  2.5100E+02  2.6412E-03
  2.5200E+02  2.6871E-03
  2.5300E+02  2.7322E-03
  2.5400E+02  2.7766E-03
  2.5500E+02  2.8201E-03
  2.5600E+02  2.8629E-03
  2.5700E+02  2.9048E-03
  2.5800E+02  2.9460E-03
  2.5900E+02  2.9864E-03
  2.6000E+02  3.0260E-03
  2.6100E+02  3.0648E-03
  2.6200E+02  3.1029E-03
  2.6300E+02  3.1427E-03
  2.6400E+02  3.1874E-03
  2.6500E+02  3.2336E-03
  2.6600E+02  3.2813E-03
  2.6700E+02  3.3306E-03
  2.6800E+02  3.3815E-03
  2.6900E+02  3.4339E-03
  2.7000E+02  3.4878E-03
  2.7100E+02  3.5433E-03
  2.7200E+02  3.6003E-03
  2.7300E+02  3.6589E-03
  2.7400E+02  3.7191E-03
  2.7500E+02  3.7809E-03
  2.7600E+02  3.8443E-03
  2.7700E+02  3.9093E-03
  2.7800E+02  3.9760E-03
  2.7900E+02  4.0442E-03
  2.8000E+02  4.1140E-03
  2.8100E+02  4.1858E-03
  2.8200E+02  4.2595E-03
  2.8300E+02  4.3351E-03
  2.8400E+02  4.4124E-03
  2.8500E+02  4.4916E-03
  2.8600E+02  4.5727E-03
  2.8700E+02  4.6579E-03
  2.8800E+02  4.7485E-03
  2.8900E+02  4.8809E-03
  2.9000E+02  5.0157E-03
  2.9100E+02  5.1387E-03
  2.9200E+02  5.2499E-03
  2.9300E+02  5.3493E-03
  2.9400E+02  5.4368E-03
  2.9500E+02  5.5126E-03
  2.9600E+02  5.5765E-03
  2.9700E+02  5.6800E-03
  2.9800E+02  5.7930E-03
  2.9900E+02  5.9077E-03
  3.0000E+02  6.0238E-03
  3.0100E+02  6.1416E-03
  3.0200E+02  6.2610E-03
  3.0300E+02  6.3819E-03
  3.0400E+02  6.5045E-03
  3.0500E+02  6.6286E-03
  3.0600E+02  6.7543E-03
  3.0700E+02  6.8816E-03
  3.0800E+02  7.0409E-03
  3.0900E+02  7.2456E-03
  3.1000E+02  7.4349E-03
  3.1100E+02  7.6089E-03
  3.1200E+02  7.7676E-03
  3.1300E+02  7.9314E-03
  3.1400E+02  8.1701E-03
  3.1500E+02  8.4387E-03
  3.1600E+02  8.7373E-03
  3.1700E+02  9.0659E-03
  3.1800E+02  9.4245E-03
  3.1900E+02  9.8129E-03
  3.2000E+02  1.0231E-02
  3.2100E+02  1.0678E-02
  3.2200E+02  1.1155E-02
  3.2300E+02  1.1892E-02
  3.2400E+02  1.3008E-02
  3.2500E+02  1.3664E-02
  3.2600E+02  1.4080E-02
  3.2700E+02  1.4326E-02
  3.2800E+02  1.4493E-02
  3.2900E+02  1.4579E-02
  3.3000E+02  1.4585E-02
  3.3100E+02  1.4511E-02
  3.3200E+02  1.4367E-02
  3.3300E+02  1.4322E-02
  3.3400E+02  1.4330E-02
  3.3500E+02  1.4265E-02
  3.3600E+02  1.4122E-02
  3.3700E+02  1.3894E-02
  3.3800E+02  1.3569E-02
  3.3900E+02  1.3143E-02
  3.4000E+02  1.2737E-02
  3.4100E+02  1.2445E-02
  3.4200E+02  1.2230E-02
  3.4300E+02  1.1998E-02
  3.4400E+02  1.1499E-02
  3.4500E+02  1.0941E-02
  3.4600E+02  1.0375E-02
  3.4700E+02  9.8000E-03
  3.4800E+02  9.1103E-03
  3.4900E+02  8.5230E-03
  3.5000E+02  8.1156E-03
  3.5100E+02  7.4265E-03
  3.5200E+02  6.7969E-03
  3.5300E+02  6.2268E-03
  3.5400E+02  5.7663E-03
  3.5500E+02  5.4715E-03
  3.5600E+02  5.1524E-03
  3.5700E+02  4.8093E-03
  3.5800E+02  4.4891E-03
  3.5900E+02  4.1919E-03
  3.6000E+02  3.9176E-03
  3.6100E+02  3.6669E-03
  3.6200E+02  3.4399E-03
  3.6300E+02  3.2365E-03
  3.6400E+02  3.0568E-03
  3.6500E+02  2.9008E-03
  3.6600E+02  2.8155E-03
  3.6700E+02  2.7546E-03
  3.6800E+02  2.7143E-03
  3.6900E+02  2.6945E-03
  3.7000E+02  2.6953E-03
  3.7100E+02  2.7167E-03
  3.7200E+02  2.7586E-03
  3.7300E+02  2.8211E-03
  3.7400E+02  2.9042E-03
  3.7500E+02  3.0079E-03
  3.7600E+02  3.1320E-03
  3.7700E+02  3.2747E-03
  3.7800E+02  3.4352E-03
  3.7900E+02  3.6135E-03
  3.8000E+02  3.7391E-03
  3.8100E+02  3.9323E-03
  3.8200E+02  4.3165E-03
  3.8300E+02  4.7102E-03
  3.8400E+02  5.0722E-03
  3.8500E+02  5.4043E-03
  3.8600E+02  5.7439E-03
  3.8700E+02  6.1110E-03
  3.8800E+02  6.5057E-03
  3.8900E+02  6.9280E-03
  3.9000E+02  7.3778E-03
  3.9100E+02  7.8552E-03
  3.9200E+02  8.3601E-03
  3.9300E+02  8.8757E-03
  3.9400E+02  9.3204E-03
  3.9500E+02  9.7020E-03
  3.9600E+02  1.0021E-02
  3.9700E+02  1.0472E-02
  3.9800E+02  1.1305E-02
  3.9900E+02  1.1157E-02
  4.0000E+02  1.1362E-02
  4.0100E+02  1.2379E-02
  4.0200E+02  1.3515E-02
  4.0300E+02  1.1153E-02
  4.0400E+02  1.1074E-02
  4.0500E+02  1.1029E-02
  4.0600E+02  1.1018E-02
  4.0700E+02  1.1042E-02
  4.0800E+02  1.1100E-02
  4.0900E+02  1.1192E-02
  4.1000E+02  1.1312E-02
  4.1100E+02  1.1459E-02
  4.1200E+02  1.1617E-02
  4.1300E+02  1.1715E-02
  4.1400E+02  1.1801E-02
  4.1500E+02  1.1878E-02
  4.1600E+02  1.1944E-02
  4.1700E+02  1.1999E-02
  4.1800E+02  1.2045E-02
  4.1900E+02  1.2085E-02
  4.2000E+02  1.2117E-02
  4.2100E+02  1.2142E-02
  4.2200E+02  1.2160E-02
  4.2300E+02  1.2221E-02
  4.2400E+02  1.2628E-02
  4.2500E+02  1.3391E-02
  4.2600E+02  1.3468E-02
  4.2700E+02  1.3445E-02
  4.2800E+02  1.3321E-02
  4.2900E+02  1.3019E-02
  4.3000E+02  1.2518E-02
  4.3100E+02  1.0744E-02
  4.3200E+02  1.0414E-02
  4.3300E+02  1.0186E-02
  4.3400E+02  9.9687E-03
  4.3500E+02  9.7371E-03
  4.3600E+02  9.4910E-03
  4.3700E+02  9.3067E-03
  4.3800E+02  9.1629E-03
  4.3900E+02  9.0212E-03
  4.4000E+02  8.8817E-03
  4.4100E+02  8.7444E-03
  4.4200E+02  8.6092E-03
  4.4300E+02  8.4762E-03
  4.4400E+02  8.3454E-03
  4.4500E+02  8.2167E-03
  4.4600E+02  8.0902E-03
  4.4700E+02  7.9658E-03
  4.4800E+02  7.8436E-03
  4.4900E+02  7.7236E-03
  4.5000E+02  7.6058E-03
  4.5100E+02  7.4971E-03
  4.5200E+02  7.4092E-03
  4.5300E+02  7.3424E-03
  4.5400E+02  7.2910E-03
  4.5500E+02  7.3109E-03
  4.5600E+02  7.3660E-03
  4.5700E+02  7.4643E-03
  4.5800E+02  7.6155E-03
  4.5900E+02  7.6848E-03
  4.6000E+02  7.3320E-03
  4.6100E+02  8.5162E-03
  4.6200E+02  7.8936E-03
  4.6300E+02  6.7738E-03
  4.6400E+02  6.6549E-03
  4.6500E+02  6.5367E-03
  4.6600E+02  6.4191E-03
  4.6700E+02  6.3022E-03
  4.6800E+02  6.1859E-03
  4.6900E+02  6.0704E-03
  4.7000E+02  5.9555E-03
  4.7100E+02  5.8413E-03
  4.7200E+02  5.7278E-03
  4.7300E+02  6.5322E-03
  4.7400E+02  1.4992E-02
  4.7500E+02  2.6371E-02
  4.7600E+02  4.1937E-02
  4.7700E+02  6.8720E-02
  4.7800E+02  8.3001E-02
  4.7900E+02  8.7457E-02
  4.8000E+02  8.1129E-02
  4.8100E+02  7.0502E-02
  4.8200E+02  6.9388E-02
  4.8300E+02  6.9422E-02
  4.8400E+02  7.0896E-02
  4.8500E+02  7.0297E-02
  4.8600E+02  6.8988E-02
  4.8700E+02  6.8542E-02
  4.8800E+02  6.8972E-02
  4.8900E+02  6.7419E-02
  4.9000E+02  6.6870E-02
  4.9100E+02  6.8017E-02
  4.9200E+02  6.9502E-02
  4.9300E+02  7.1033E-02
  4.9400E+02  7.3120E-02
  4.9500E+02  8.0369E-02
  4.9600E+02  8.4786E-02
  4.9700E+02  7.9606E-02
  4.9800E+02  7.5017E-02
  4.9900E+02  7.0746E-02
  5.0000E+02  7.5857E-02
  5.0100E+02  4.6214E-02
  5.0200E+02  3.6230E-02
  5.0300E+02  3.1164E-02
  5.0400E+02  2.6499E-02
  5.0500E+02  2.1592E-02
  5.0600E+02  1.8350E-02
  5.0700E+02  1.6140E-02
  5.0800E+02  1.4361E-02
  5.0900E+02  1.2948E-02
  5.1000E+02  1.1760E-02
  5.1100E+02  1.0950E-02
  5.1200E+02  1.0622E-02
  5.1300E+02  7.9825E-03
  5.1400E+02  7.3544E-03
  5.1500E+02  6.5937E-03
  5.1600E+02  5.6474E-03
  5.1700E+02  4.5154E-03
  5.1800E+02  3.3292E-03
  5.1900E+02  3.0528E-03
  5.2000E+02  2.3705E-03
  5.2100E+02  5.4310E-04
  5.2200E+02  1.3387E-04
  5.2300E+02  0.0000E+00
