  0.0000E+00  0.0000E+00
  1.0000E+00  1.2559E-07
  2.0000E+00  5.0235E-07
  3.0000E+00  1.1303E-06
  4.0000E+00  2.0094E-06
  5.0000E+00  3.1397E-06
  6.0000E+00  4.5212E-06
  7.0000E+00  6.1539E-06
  8.0000E+00  8.0377E-06
  9.0000E+00  1.0173E-05
  1.0000E+01  1.2559E-05
  1.1000E+01  1.5196E-05
  1.2000E+01  1.8085E-05
  1.3000E+01  2.1225E-05
  1.4000E+01  2.4616E-05
  1.5000E+01  2.8258E-05
  1.6000E+01  3.2151E-05
  1.7000E+01  3.6296E-05
  1.8000E+01  4.0691E-05
  1.9000E+01  4.5338E-05
  2.0000E+01  5.0236E-05
  2.1000E+01  5.5385E-05
  2.2000E+01  6.0786E-05
  2.3000E+01  6.6437E-05
  2.4000E+01  7.2340E-05
  2.5000E+01  7.8494E-05
  2.6000E+01  8.4899E-05
  2.7000E+01  9.1555E-05
  2.8000E+01  9.8463E-05
  2.9000E+01  1.0562E-04
  3.0000E+01  1.1303E-04
  3.1000E+01  1.2069E-04
  3.2000E+01  1.2860E-04
  3.3000E+01  1.3677E-04
  3.4000E+01  1.4518E-04
  3.5000E+01  1.5385E-04
  3.6000E+01  1.6276E-04
  3.7000E+01  1.7193E-04
  3.8000E+01  1.8135E-04
  3.9000E+01  1.9102E-04
  4.0000E+01  2.0094E-04
  4.1000E+01  2.1112E-04
  4.2000E+01  2.2154E-04
  4.3000E+01  2.3222E-04
  4.4000E+01  2.4314E-04
  4.5000E+01  2.5432E-04
  4.6000E+01  2.6575E-04
  4.7000E+01  2.7743E-04
  4.8000E+01  2.8936E-04
  4.9000E+01  3.0154E-04
  5.0000E+01  3.1398E-04
  5.1000E+01  3.2666E-04
  5.2000E+01  3.3960E-04
  5.3000E+01  3.5278E-04
  5.4000E+01  3.6622E-04
  5.5000E+01  3.7991E-04
  5.6000E+01  3.9385E-04
  5.7000E+01  4.0804E-04
  5.8000E+01  4.2249E-04
  5.9000E+01  4.3718E-04
  6.0000E+01  4.5213E-04
  6.1000E+01  4.6732E-04
  6.2000E+01  4.8277E-04
  6.3000E+01  4.9847E-04
  6.4000E+01  5.1442E-04
  6.5000E+01  5.3062E-04
  6.6000E+01  5.4707E-04
  6.7000E+01  5.6377E-04
  6.8000E+01  7.1720E-04
  6.9000E+01  8.7506E-04
  7.0000E+01  1.0289E-03
  7.1000E+01  1.1786E-03
  7.2000E+01  1.3243E-03
  7.3000E+01  1.4659E-03
  7.4000E+01  1.6034E-03
  7.5000E+01  1.7369E-03
  7.6000E+01  1.8664E-03
  7.7000E+01  1.9917E-03
  7.8000E+01  2.1130E-03
  7.9000E+01  2.2303E-03
  8.0000E+01  2.3435E-03
  8.1000E+01  2.4526E-03
  8.2000E+01  2.5576E-03
  8.3000E+01  2.6586E-03
  8.4000E+01  2.7556E-03
  8.5000E+01  2.8485E-03
  8.6000E+01  2.9373E-03
  8.7000E+01  3.0220E-03
  8.8000E+01  3.1027E-03
  8.9000E+01  3.1965E-03
  9.0000E+01  3.3091E-03
  9.1000E+01  3.4248E-03
  9.2000E+01  3.5436E-03
  9.3000E+01  3.6655E-03
  9.4000E+01  3.7905E-03
  9.5000E+01  3.9186E-03
  9.6000E+01  4.0503E-03
  9.7000E+01  4.2412E-03
  9.8000E+01  4.5290E-03
  9.9000E+01  4.9240E-03
  1.0000E+02  5.4049E-03
  1.0100E+02  5.8729E-03
  1.0200E+02  6.3830E-03
  1.0300E+02  6.9429E-03
  1.0400E+02  7.4974E-03
  1.0500E+02  8.0464E-03
  1.0600E+02  8.5900E-03
  1.0700E+02  9.1282E-03
  1.0800E+02  9.6610E-03
  1.0900E+02  1.0188E-02
  1.1000E+02  1.0710E-02
  1.1100E+02  1.1227E-02
  1.1200E+02  1.1738E-02
  1.1300E+02  1.2231E-02
  1.1400E+02  1.2655E-02
  1.1500E+02  1.3098E-02
  1.1600E+02  1.3559E-02
  1.1700E+02  1.4038E-02
  1.1800E+02  1.4536E-02
  1.1900E+02  1.5052E-02
  1.2000E+02  1.5586E-02
  1.2100E+02  2.0645E-02
  1.2200E+02  2.0258E-02
  1.2300E+02  2.1295E-02
  1.2400E+02  1.7752E-02
  1.2500E+02  1.8028E-02
  1.2600E+02  1.8294E-02
  1.2700E+02  1.8550E-02
  1.2800E+02  1.8796E-02
  1.2900E+02  1.9488E-02
  1.3000E+02  2.1007E-02
  1.3100E+02  2.2052E-02
  1.3200E+02  2.2608E-02
  1.3300E+02  2.2677E-02
  1.3400E+02  2.2257E-02
  1.3500E+02  2.7693E-02
  1.3600E+02  2.9586E-02
  1.3700E+02  2.9610E-02
  1.3800E+02  2.8365E-02
  1.3900E+02  2.8931E-02
  1.4000E+02  2.8595E-02
  1.4100E+02  2.8712E-02
  1.4200E+02  2.8787E-02
  1.4300E+02  2.8643E-02
  1.4400E+02  2.8279E-02
  1.4500E+02  2.7695E-02
  1.4600E+02  2.6892E-02
  1.4700E+02  2.6405E-02
  1.4800E+02  2.6062E-02
  1.4900E+02  2.5722E-02
  1.5000E+02  2.5385E-02
  1.5100E+02  2.5050E-02
  1.5200E+02  2.4719E-02
  1.5300E+02  2.4391E-02
  1.5400E+02  2.4066E-02
  1.5500E+02  2.3879E-02
  1.5600E+02  2.5467E-02
  1.5700E+02  2.5587E-02
  1.5800E+02  2.6078E-02
  1.5900E+02  2.6443E-02
  1.6000E+02  2.7135E-02
  1.6100E+02  2.4098E-02
  1.6200E+02  2.3758E-02
  1.6300E+02  2.3419E-02
  1.6400E+02  2.3079E-02
  1.6500E+02  2.2739E-02
  1.6600E+02  2.2398E-02
  1.6700E+02  2.2373E-02
  1.6800E+02  2.2090E-02
  1.6900E+02  2.1321E-02
  1.7000E+02  2.0396E-02
  1.7100E+02  2.0314E-02
  1.7200E+02  2.0567E-02
  1.7300E+02  1.9008E-02
  1.7400E+02  1.5943E-02
  1.7500E+02  1.8078E-02
  1.7600E+02  1.4232E-02
  1.7700E+02  1.4326E-02
  1.7800E+02  1.4412E-02
  1.7900E+02  1.4490E-02
  1.8000E+02  1.4560E-02
  1.8100E+02  1.4621E-02
  1.8200E+02  1.4674E-02
  1.8300E+02  1.4719E-02
  1.8400E+02  1.4756E-02
  1.8500E+02  1.4784E-02
  1.8600E+02  1.4804E-02
  1.8700E+02  1.4815E-02
  1.8800E+02  1.4819E-02
  1.8900E+02  1.4814E-02
  1.9000E+02  1.4801E-02
  1.9100E+02  1.4779E-02
  1.9200E+02  1.4749E-02
  1.9300E+02  1.4711E-02
  1.9400E+02  1.5265E-02
  1.9500E+02  1.5088E-02
  1.9600E+02  1.4844E-02
  1.9700E+02  1.4532E-02
  1.9800E+02  1.4150E-02
  1.9900E+02  1.3695E-02
  2.0000E+02  1.3169E-02
  2.0100E+02  1.2571E-02
  2.0200E+02  1.1901E-02
  2.0300E+02  1.1160E-02
  2.0400E+02  1.0347E-02
  2.0500E+02  9.4625E-03
  2.0600E+02  8.5063E-03
  2.0700E+02  7.9569E-03
  2.0800E+02  8.1590E-03
  2.0900E+02  1.3692E-03
  2.1000E+02  1.3898E-03
  2.1100E+02  1.4102E-03
  2.1200E+02  1.4304E-03
  2.1300E+02  1.4504E-03
  2.1400E+02  1.4703E-03
  2.1500E+02  1.4899E-03
  2.1600E+02  1.5094E-03
  2.1700E+02  1.5288E-03
  2.1800E+02  1.5479E-03
  2.1900E+02  1.5669E-03
  2.2000E+02  1.5856E-03
  2.2100E+02  1.6043E-03
  2.2200E+02  1.6227E-03
  2.2300E+02  1.6409E-03
  2.2400E+02  1.6590E-03
  2.2500E+02  1.6769E-03
  2.2600E+02  1.6947E-03
  2.2700E+02  1.7122E-03
  2.2800E+02  1.7326E-03
  2.2900E+02  1.7587E-03
  2.3000E+02  1.7856E-03
  2.3100E+02  1.8131E-03
  2.3200E+02  1.8414E-03
  2.3300E+02  1.8704E-03
  2.3400E+02  1.9002E-03
  2.3500E+02  1.9307E-03
  2.3600E+02  1.9619E-03
  2.3700E+02  1.9939E-03
  2.3800E+02  2.0266E-03
  2.3900E+02  2.0600E-03
  2.4000E+02  2.0942E-03
  2.4100E+02  2.1291E-03
  2.4200E+02  2.1648E-03
  2.4300E+02  2.2011E-03
  2.4400E+02  2.2383E-03
  2.4500E+02  2.2761E-03
  2.4600E+02  2.3147E-03
  2.4700E+02  2.3540E-03
  2.4800E+02  2.3941E-03
  2.4900E+02  2.4349E-03
  2.5000E+02  2.4764E-03
  2.5100E+02  2.5186E-03
  2.5200E+02  2.5616E-03
  2.5300E+02  2.6054E-03
  2.5400E+02  2.6498E-03
  2.5500E+02  2.6950E-03
  2.5600E+02  2.7410E-03
  2.5700E+02  2.7876E-03
  2.5800E+02  2.8351E-03
  2.5900E+02  2.8832E-03
  2.6000E+02  2.9321E-03
  2.6100E+02  2.9817E-03
  2.6200E+02  3.0320E-03
  2.6300E+02  3.0847E-03
  2.6400E+02  3.1415E-03
  2.6500E+02  3.2024E-03
  2.6600E+02  3.2673E-03
  2.6700E+02  3.3364E-03
  2.6800E+02  3.4095E-03
  2.6900E+02  3.4867E-03
  2.7000E+02  3.5680E-03
  2.7100E+02  3.6534E-03
  2.7200E+02  3.7362E-03
  2.7300E+02  3.8127E-03
  2.7400E+02  3.8845E-03
  2.7500E+02  3.9517E-03
  2.7600E+02  4.0143E-03
  2.7700E+02  4.0722E-03
  2.7800E+02  4.1255E-03
  2.7900E+02  4.1742E-03
  2.8000E+02  4.2182E-03
  2.8100E+02  4.2576E-03
  2.8200E+02  4.2924E-03
  2.8300E+02  4.3731E-03
  2.8400E+02  4.4609E-03
  2.8500E+02  4.5508E-03
  2.8600E+02  4.6429E-03
  2.8700E+02  4.7371E-03
  2.8800E+02  4.8334E-03
  2.8900E+02  4.9320E-03
  2.9000E+02  5.0327E-03
  2.9100E+02  5.1355E-03
  2.9200E+02  5.2405E-03
  2.9300E+02  5.3476E-03
  2.9400E+02  5.4569E-03
  2.9500E+02  5.5684E-03
  2.9600E+02  5.6820E-03
  2.9700E+02  5.7978E-03
  2.9800E+02  5.9157E-03
  2.9900E+02  6.0358E-03
  3.0000E+02  6.1581E-03
  3.0100E+02  6.2825E-03
  3.0200E+02  6.4090E-03
  3.0300E+02  6.5377E-03
  3.0400E+02  6.6686E-03
  3.0500E+02  6.8016E-03
  3.0600E+02  6.9368E-03
  3.0700E+02  7.0742E-03
  3.0800E+02  7.2137E-03
  3.0900E+02  7.4515E-03
  3.1000E+02  7.7932E-03
  3.1100E+02  8.2310E-03
  3.1200E+02  8.7649E-03
  3.1300E+02  9.3948E-03
  3.1400E+02  1.0074E-02
  3.1500E+02  1.0768E-02
  3.1600E+02  1.1476E-02
  3.1700E+02  1.2198E-02
  3.1800E+02  1.2934E-02
  3.1900E+02  1.3575E-02
  3.2000E+02  1.2336E-02
  3.2100E+02  1.2468E-02
  3.2200E+02  1.2593E-02
  3.2300E+02  1.2712E-02
  3.2400E+02  1.2824E-02
  3.2500E+02  1.2929E-02
  3.2600E+02  1.3028E-02
  3.2700E+02  1.3120E-02
  3.2800E+02  1.3206E-02
  3.2900E+02  1.3285E-02
  3.3000E+02  1.3357E-02
  3.3100E+02  1.3423E-02
  3.3200E+02  1.3482E-02
  3.3300E+02  1.3534E-02
  3.3400E+02  1.3580E-02
  3.3500E+02  1.3619E-02
  3.3600E+02  1.3651E-02
  3.3700E+02  1.3677E-02
  3.3800E+02  1.3697E-02
  3.3900E+02  1.3709E-02
  3.4000E+02  1.3715E-02
  3.4100E+02  1.3715E-02
  3.4200E+02  1.3707E-02
  3.4300E+02  1.4008E-02
  3.4400E+02  1.4933E-02
  3.4500E+02  1.4677E-02
  3.4600E+02  1.3880E-02
  3.4700E+02  1.3017E-02
  3.4800E+02  1.2784E-02
  3.4900E+02  1.0835E-02
  3.5000E+02  5.8378E-03
  3.5100E+02  4.2351E-03
  3.5200E+02  3.9529E-03
  3.5300E+02  3.7092E-03
  3.5400E+02  3.5039E-03
  3.5500E+02  3.3633E-03
  3.5600E+02  3.2742E-03
  3.5700E+02  3.1853E-03
  3.5800E+02  3.0967E-03
  3.5900E+02  3.0082E-03
  3.6000E+02  2.9200E-03
  3.6100E+02  2.8320E-03
  3.6200E+02  2.7441E-03
  3.6300E+02  2.6565E-03
  3.6400E+02  2.5691E-03
  3.6500E+02  2.4819E-03
  3.6600E+02  2.3949E-03
  3.6700E+02  2.3082E-03
  3.6800E+02  2.2216E-03
  3.6900E+02  2.1352E-03
  3.7000E+02  2.0490E-03
  3.7100E+02  1.9631E-03
  3.7200E+02  1.8773E-03
  3.7300E+02  1.7918E-03
  3.7400E+02  1.7065E-03
  3.7500E+02  1.6213E-03
  3.7600E+02  1.5364E-03
  3.7700E+02  1.9985E-03
  3.7800E+02  2.2333E-03
  3.7900E+02  2.4650E-03
  3.8000E+02  2.6998E-03
  3.8100E+02  2.9378E-03
  3.8200E+02  3.1789E-03
  3.8300E+02  3.4231E-03
  3.8400E+02  3.6704E-03
  3.8500E+02  3.9208E-03
  3.8600E+02  4.1744E-03
  3.8700E+02  4.4312E-03
  3.8800E+02  4.6910E-03
  3.8900E+02  4.9540E-03
  3.9000E+02  5.2201E-03
  3.9100E+02  5.4893E-03
  3.9200E+02  5.7617E-03
  3.9300E+02  6.0372E-03
  3.9400E+02  6.3158E-03
  3.9500E+02  6.5976E-03
  3.9600E+02  6.9378E-03
  3.9700E+02  7.2876E-03
  3.9800E+02  7.6388E-03
  3.9900E+02  8.5037E-03
  4.0000E+02  1.0024E-02
  4.0100E+02  1.1005E-02
  4.0200E+02  1.1942E-02
  4.0300E+02  1.2834E-02
  4.0400E+02  1.3681E-02
  4.0500E+02  1.4483E-02
  4.0600E+02  1.5241E-02
  4.0700E+02  1.5954E-02
  4.0800E+02  1.6622E-02
  4.0900E+02  1.7245E-02
  4.1000E+02  2.3512E-02
  4.1100E+02  1.4121E-02
  4.1200E+02  1.3500E-02
  4.1300E+02  1.3053E-02
  4.1400E+02  1.2780E-02
  4.1500E+02  1.2682E-02
  4.1600E+02  1.2758E-02
  4.1700E+02  1.2446E-02
  4.1800E+02  1.2380E-02
  4.1900E+02  1.2311E-02
  4.2000E+02  1.2239E-02
  4.2100E+02  1.2163E-02
  4.2200E+02  1.2084E-02
  4.2300E+02  1.2001E-02
  4.2400E+02  1.1916E-02
  4.2500E+02  1.1827E-02
  4.2600E+02  1.1734E-02
  4.2700E+02  1.1638E-02
  4.2800E+02  1.1539E-02
  4.2900E+02  1.1437E-02
  4.3000E+02  1.1331E-02
  4.3100E+02  1.1221E-02
  4.3200E+02  1.1109E-02
  4.3300E+02  1.0993E-02
  4.3400E+02  1.0873E-02
  4.3500E+02  1.0751E-02
  4.3600E+02  1.0625E-02
  4.3700E+02  1.0495E-02
  4.3800E+02  1.0363E-02
  4.3900E+02  1.0226E-02
  4.4000E+02  1.0087E-02
  4.4100E+02  1.0142E-02
  4.4200E+02  1.0222E-02
  4.4300E+02  1.0073E-02
  4.4400E+02  9.6955E-03
  4.4500E+02  9.3281E-03
  4.4600E+02  9.1451E-03
  4.4700E+02  9.0097E-03
  4.4800E+02  8.9219E-03
  4.4900E+02  8.8818E-03
  4.5000E+02  1.0952E-02
  4.5100E+02  1.1685E-02
  4.5200E+02  9.4227E-03
  4.5300E+02  7.3170E-03
  4.5400E+02  7.2043E-03
  4.5500E+02  7.0924E-03
  4.5600E+02  6.9812E-03
  4.5700E+02  6.8708E-03
  4.5800E+02  6.7612E-03
  4.5900E+02  6.6523E-03
  4.6000E+02  6.5443E-03
  4.6100E+02  6.4369E-03
  4.6200E+02  6.3304E-03
  4.6300E+02  6.2247E-03
  4.6400E+02  6.1197E-03
  4.6500E+02  6.0154E-03
  4.6600E+02  5.9120E-03
  4.6700E+02  5.8093E-03
  4.6800E+02  5.7074E-03
  4.6900E+02  5.6063E-03
  4.7000E+02  5.5059E-03
  4.7100E+02  5.4064E-03
  4.7200E+02  5.3075E-03
  4.7300E+02  5.2095E-03
  4.7400E+02  1.3224E-02
  4.7500E+02  2.1517E-02
  4.7600E+02  3.1648E-02
  4.7700E+02  4.3617E-02
  4.7800E+02  7.9453E-02
  4.7900E+02  7.6957E-02
  4.8000E+02  7.4107E-02
  4.8100E+02  7.4488E-02
  4.8200E+02  7.2726E-02
  4.8300E+02  6.8481E-02
  4.8400E+02  7.1857E-02
  4.8500E+02  7.4371E-02
  4.8600E+02  7.5720E-02
  4.8700E+02  7.6316E-02
  4.8800E+02  7.9534E-02
  4.8900E+02  8.1723E-02
  4.9000E+02  9.0916E-02
  4.9100E+02  9.6722E-02
  4.9200E+02  8.6596E-02
  4.9300E+02  7.7158E-02
  4.9400E+02  7.2820E-02
  4.9500E+02  7.0199E-02
  4.9600E+02  6.7547E-02
  4.9700E+02  6.4862E-02
  4.9800E+02  6.2373E-02
  4.9900E+02  7.3011E-02
  5.0000E+02  6.3835E-02
  5.0100E+02  4.4785E-02
  5.0200E+02  3.6450E-02
  5.0300E+02  3.0557E-02
  5.0400E+02  2.6144E-02
  5.0500E+02  2.1952E-02
  5.0600E+02  1.8438E-02
  5.0700E+02  1.5794E-02
  5.0800E+02  1.4296E-02
  5.0900E+02  1.2831E-02
  5.1000E+02  1.1400E-02
  5.1100E+02  1.0002E-02
  5.1200E+02  8.6382E-03
  5.1300E+02  7.3075E-03
  5.1400E+02  6.0918E-03
  5.1500E+02  6.4548E-03
  5.1600E+02  5.0069E-03
  5.1700E+02  1.9545E-03
  5.1800E+02  1.3560E-03
  5.1900E+02  8.6665E-04
  5.2000E+02  4.8635E-04
  5.2100E+02  2.1514E-04
  5.2200E+02  5.3031E-05
  5.2300E+02  0.0000E+00
