 -3.0064E-05  0.0000E+00
  9.9997E-01  7.6175E-08
  2.0000E+00  3.0470E-07
  3.0000E+00  6.8557E-07
  4.0000E+00  1.2188E-06
  5.0000E+00  1.9044E-06
  6.0000E+00  2.7423E-06
  7.0000E+00  3.7326E-06
  8.0000E+00  4.8752E-06
  9.0000E+00  6.1701E-06
  1.0000E+01  7.6175E-06
  1.1000E+01  9.2171E-06
  1.2000E+01  1.0969E-05
  1.3000E+01  1.2874E-05
  1.4000E+01  1.4930E-05
  1.5000E+01  1.7139E-05
  1.6000E+01  1.9501E-05
  1.7000E+01  2.2014E-05
  1.8000E+01  2.4681E-05
  1.9000E+01  2.7499E-05
  2.0000E+01  3.0470E-05
  2.1000E+01  3.3593E-05
  2.2000E+01  3.6869E-05
  2.3000E+01  4.0296E-05
  2.4000E+01  4.3877E-05
  2.5000E+01  4.7609E-05
  2.6000E+01  5.1494E-05
  2.7000E+01  5.5531E-05
  2.8000E+01  5.9721E-05
  2.9000E+01  6.4063E-05
  3.0000E+01  6.8557E-05
  3.1000E+01  7.3204E-05
  3.2000E+01  7.8003E-05
  3.3000E+01  8.2954E-05
  3.4000E+01  8.8058E-05
  3.5000E+01  9.3314E-05
  3.6000E+01  9.8722E-05
  3.7000E+01  1.0428E-04
  3.8000E+01  1.2166E-04
  3.9000E+01  1.9108E-04
  4.0000E+01  2.5128E-04
  4.1000E+01  3.0227E-04
  4.2000E+01  3.4405E-04
  4.3000E+01  3.7660E-04
  4.4000E+01  3.9995E-04
  4.5000E+01  4.1408E-04
  4.6000E+01  4.1899E-04
  4.7000E+01  4.1469E-04
  4.8000E+01  4.3629E-04
  4.9000E+01  4.6069E-04
  5.0000E+01  4.8557E-04
  5.1000E+01  5.1093E-04
  5.2000E+01  5.3677E-04
  5.3000E+01  5.6309E-04
  5.4000E+01  5.8990E-04
  5.5000E+01  6.1718E-04
  5.6000E+01  6.4683E-04
  5.7000E+01  6.7817E-04
  5.8000E+01  7.1111E-04
  5.9000E+01  7.4565E-04
  6.0000E+01  7.8179E-04
  6.1000E+01  8.1953E-04
  6.2000E+01  8.5887E-04
  6.3000E+01  8.9981E-04
  6.4000E+01  9.4234E-04
  6.5000E+01  9.8692E-04
  6.6000E+01  1.0596E-03
  6.7000E+01  1.2306E-03
  6.8000E+01  1.3817E-03
  6.9000E+01  1.5726E-03
  7.0000E+01  1.6197E-03
  7.1000E+01  1.5926E-03
  7.2000E+01  1.5675E-03
  7.3000E+01  1.6355E-03
  7.4000E+01  1.7051E-03
  7.5000E+01  1.7764E-03
  7.6000E+01  1.8494E-03
  7.7000E+01  1.9213E-03
  7.8000E+01  1.9962E-03
  7.9000E+01  2.0743E-03
  8.0000E+01  2.1558E-03
  8.1000E+01  2.2405E-03
  8.2000E+01  2.3285E-03
  8.3000E+01  2.4206E-03
  8.4000E+01  2.5217E-03
  8.5000E+01  2.6326E-03
  8.6000E+01  2.7540E-03
  8.7000E+01  2.8852E-03
  8.8000E+01  3.0225E-03
  8.9000E+01  3.1664E-03
  9.0000E+01  3.3209E-03
  9.1000E+01  3.6049E-03
  9.2000E+01  3.8057E-03
  9.3000E+01  3.8422E-03
  9.4000E+01  4.0774E-03
  9.5000E+01  4.3700E-03
  9.6000E+01  4.6469E-03
  9.7000E+01  4.9075E-03
  9.8000E+01  5.1455E-03
  9.9000E+01  5.4023E-03
  1.0000E+02  5.7002E-03
  1.0100E+02  6.1372E-03
  1.0200E+02  6.7768E-03
  1.0300E+02  7.5315E-03
  1.0400E+02  8.8187E-03
  1.0500E+02  9.0794E-03
  1.0600E+02  9.8851E-03
  1.0700E+02  1.0613E-02
  1.0800E+02  1.1768E-02
  1.0900E+02  1.2849E-02
  1.1000E+02  1.1726E-02
  1.1100E+02  1.2158E-02
  1.1200E+02  1.2602E-02
  1.1300E+02  1.3031E-02
  1.1400E+02  1.3515E-02
  1.1500E+02  1.4079E-02
  1.1600E+02  1.4468E-02
  1.1700E+02  1.4842E-02
  1.1800E+02  1.5376E-02
  1.1900E+02  1.6125E-02
  1.2000E+02  1.6749E-02
  1.2100E+02  1.9828E-02
  1.2200E+02  1.6859E-02
  1.2300E+02  1.6888E-02
  1.2400E+02  1.7228E-02
  1.2500E+02  1.7661E-02
  1.2600E+02  1.8144E-02
  1.2700E+02  1.8582E-02
  1.2800E+02  1.8954E-02
  1.2900E+02  1.9455E-02
  1.3000E+02  2.0050E-02
  1.3100E+02  2.0902E-02
  1.3200E+02  2.2319E-02
  1.3300E+02  2.3530E-02
  1.3400E+02  2.4535E-02
  1.3500E+02  2.8349E-02
  1.3600E+02  2.8253E-02
  1.3700E+02  2.9408E-02
  1.3800E+02  3.0744E-02
  1.3900E+02  3.2156E-02
  1.4000E+02  3.3273E-02
  1.4100E+02  3.3194E-02
  1.4200E+02  3.2892E-02
  1.4300E+02  3.2432E-02
  1.4400E+02  3.1801E-02
  1.4500E+02  3.0905E-02
  1.4600E+02  3.0250E-02
  1.4700E+02  3.0028E-02
  1.4800E+02  2.6698E-02
  1.4900E+02  2.4489E-02
  1.5000E+02  2.2444E-02
  1.5100E+02  2.1449E-02
  1.5200E+02  2.0967E-02
  1.5300E+02  2.0533E-02
  1.5400E+02  2.0174E-02
  1.5500E+02  1.9845E-02
  1.5600E+02  1.9526E-02
  1.5700E+02  1.9233E-02
  1.5800E+02  1.8948E-02
  1.5900E+02  1.8666E-02
  1.6000E+02  1.8445E-02
  1.6100E+02  1.8397E-02
  1.6200E+02  1.8268E-02
  1.6300E+02  1.8189E-02
  1.6400E+02  1.8055E-02
  1.6500E+02  1.7853E-02
  1.6600E+02  1.7848E-02
  1.6700E+02  1.7427E-02
  1.6800E+02  1.7033E-02
  1.6900E+02  1.6687E-02
  1.7000E+02  1.6489E-02
  1.7100E+02  1.7457E-02
  1.7200E+02  1.7756E-02
  1.7300E+02  1.6302E-02
  1.7400E+02  1.6117E-02
  1.7500E+02  1.5916E-02
  1.7600E+02  1.5680E-02
  1.7700E+02  1.5445E-02
  1.7800E+02  1.5227E-02
  1.7900E+02  1.5031E-02
  1.8000E+02  1.4864E-02
  1.8100E+02  1.4746E-02
  1.8200E+02  1.4674E-02
  1.8300E+02  1.4546E-02
  1.8400E+02  1.4414E-02
  1.8500E+02  1.4295E-02
  1.8600E+02  1.4190E-02
  1.8700E+02  1.4196E-02
  1.8800E+02  1.4244E-02
  1.8900E+02  1.3382E-02
  1.9000E+02  1.3535E-02
  1.9100E+02  1.3772E-02
  1.9200E+02  1.4196E-02
  1.9300E+02  1.4985E-02
  1.9400E+02  1.5373E-02
  1.9500E+02  1.5423E-02
  1.9600E+02  1.5606E-02
  1.9700E+02  1.5755E-02
  1.9800E+02  1.5866E-02
  1.9900E+02  1.6046E-02
  2.0000E+02  1.6299E-02
  2.0100E+02  1.6487E-02
  2.0200E+02  1.6681E-02
  2.0300E+02  1.7891E-02
  2.0400E+02  1.8210E-02
  2.0500E+02  1.5991E-02
  2.0600E+02  1.2742E-02
  2.0700E+02  1.1193E-02
  2.0800E+02  1.0780E-02
  2.0900E+02  9.6550E-03
  2.1000E+02  6.7811E-03
  2.1100E+02  4.5193E-03
  2.1200E+02  2.9530E-03
  2.1300E+02  2.0858E-03
  2.1400E+02  1.6044E-03
  2.1500E+02  1.5016E-03
  2.1600E+02  1.5258E-03
  2.1700E+02  1.5507E-03
  2.1800E+02  1.5767E-03
  2.1900E+02  1.6037E-03
  2.2000E+02  1.6318E-03
  2.2100E+02  1.6609E-03
  2.2200E+02  1.6911E-03
  2.2300E+02  1.7202E-03
  2.2400E+02  1.7443E-03
  2.2500E+02  1.7659E-03
  2.2600E+02  1.7850E-03
  2.2700E+02  1.8074E-03
  2.2800E+02  1.8350E-03
  2.2900E+02  1.8621E-03
  2.3000E+02  1.8893E-03
  2.3100E+02  1.9165E-03
  2.3200E+02  1.9438E-03
  2.3300E+02  1.9711E-03
  2.3400E+02  1.9986E-03
  2.3500E+02  2.0264E-03
  2.3600E+02  2.0543E-03
  2.3700E+02  2.0824E-03
  2.3800E+02  2.1130E-03
  2.3900E+02  2.1459E-03
  2.4000E+02  2.1796E-03
  2.4100E+02  2.2142E-03
  2.4200E+02  2.2497E-03
  2.4300E+02  2.2868E-03
  2.4400E+02  2.3252E-03
  2.4500E+02  2.3648E-03
  2.4600E+02  2.4057E-03
  2.4700E+02  2.4479E-03
  2.4800E+02  2.4913E-03
  2.4900E+02  2.5360E-03
  2.5000E+02  2.5800E-03
  2.5100E+02  2.6223E-03
  2.5200E+02  2.6628E-03
  2.5300E+02  2.7016E-03
  2.5400E+02  2.7386E-03
  2.5500E+02  2.7739E-03
  2.5600E+02  2.8074E-03
  2.5700E+02  2.8420E-03
  2.5800E+02  2.8834E-03
  2.5900E+02  2.9298E-03
  2.6000E+02  2.9771E-03
  2.6100E+02  3.0245E-03
  2.6200E+02  3.0725E-03
  2.6300E+02  3.1214E-03
  2.6400E+02  3.1712E-03
  2.6500E+02  3.2219E-03
  2.6600E+02  3.2735E-03
  2.6700E+02  3.3261E-03
  2.6800E+02  3.3795E-03
  2.6900E+02  3.4338E-03
  2.7000E+02  3.4894E-03
  2.7100E+02  3.5468E-03
  2.7200E+02  3.6065E-03
  2.7300E+02  3.6714E-03
  2.7400E+02  3.7414E-03
  2.7500E+02  3.8166E-03
  2.7600E+02  3.8970E-03
  2.7700E+02  3.9697E-03
  2.7800E+02  4.0339E-03
  2.7900E+02  4.0905E-03
  2.8000E+02  4.1446E-03
  2.8100E+02  4.2137E-03
  2.8200E+02  4.2827E-03
  2.8300E+02  4.3519E-03
  2.8400E+02  4.4214E-03
  2.8500E+02  4.4932E-03
  2.8600E+02  4.5686E-03
  2.8700E+02  4.6468E-03
  2.8800E+02  4.7274E-03
  2.8900E+02  4.8096E-03
  2.9000E+02  4.8934E-03
  2.9100E+02  4.9788E-03
  2.9200E+02  5.0676E-03
  2.9300E+02  5.1613E-03
  2.9400E+02  5.2592E-03
  2.9500E+02  5.3613E-03
  2.9600E+02  5.4674E-03
  2.9700E+02  5.5778E-03
  2.9800E+02  5.6935E-03
  2.9900E+02  5.8159E-03
  3.0000E+02  5.9422E-03
  3.0100E+02  6.0520E-03
  3.0200E+02  6.1513E-03
  3.0300E+02  6.2855E-03
  3.0400E+02  6.4067E-03
  3.0500E+02  6.5320E-03
  3.0600E+02  6.6597E-03
  3.0700E+02  6.7898E-03
  3.0800E+02  6.9230E-03
  3.0900E+02  7.0609E-03
  3.1000E+02  7.1977E-03
  3.1100E+02  7.3416E-03
  3.1200E+02  7.4973E-03
  3.1300E+02  7.6642E-03
  3.1400E+02  7.8441E-03
  3.1500E+02  8.0369E-03
  3.1600E+02  8.2427E-03
  3.1700E+02  8.4613E-03
  3.1800E+02  8.6928E-03
  3.1900E+02  8.9372E-03
  3.2000E+02  9.1947E-03
  3.2100E+02  9.4633E-03
  3.2200E+02  9.8184E-03
  3.2300E+02  1.0209E-02
  3.2400E+02  1.0639E-02
  3.2500E+02  1.1143E-02
  3.2600E+02  1.1699E-02
  3.2700E+02  1.2326E-02
  3.2800E+02  1.3194E-02
  3.2900E+02  1.4333E-02
  3.3000E+02  1.5430E-02
  3.3100E+02  1.5865E-02
  3.3200E+02  1.6148E-02
  3.3300E+02  1.6281E-02
  3.3400E+02  1.6213E-02
  3.3500E+02  1.6364E-02
  3.3600E+02  1.5556E-02
  3.3700E+02  1.4719E-02
  3.3800E+02  1.3798E-02
  3.3900E+02  1.2906E-02
  3.4000E+02  1.2262E-02
  3.4100E+02  1.1522E-02
  3.4200E+02  1.0986E-02
  3.4300E+02  1.0454E-02
  3.4400E+02  9.9350E-03
  3.4500E+02  9.5081E-03
  3.4600E+02  9.1543E-03
  3.4700E+02  8.8341E-03
  3.4800E+02  8.5478E-03
  3.4900E+02  8.4865E-03
  3.5000E+02  8.0906E-03
  3.5100E+02  7.7991E-03
  3.5200E+02  7.5140E-03
  3.5300E+02  7.4410E-03
  3.5400E+02  6.0223E-03
  3.5500E+02  5.7773E-03
  3.5600E+02  5.5554E-03
  3.5700E+02  5.3468E-03
  3.5800E+02  5.1516E-03
  3.5900E+02  4.9177E-03
  3.6000E+02  4.6853E-03
  3.6100E+02  4.4719E-03
  3.6200E+02  4.2802E-03
  3.6300E+02  4.0551E-03
  3.6400E+02  3.8241E-03
  3.6500E+02  3.6295E-03
  3.6600E+02  3.4713E-03
  3.6700E+02  3.2849E-03
  3.6800E+02  3.0361E-03
  3.6900E+02  2.9239E-03
  3.7000E+02  2.8473E-03
  3.7100E+02  2.7964E-03
  3.7200E+02  2.8597E-03
  3.7300E+02  2.9950E-03
  3.7400E+02  3.1292E-03
  3.7500E+02  3.2623E-03
  3.7600E+02  3.3942E-03
  3.7700E+02  3.7234E-03
  3.7800E+02  4.1593E-03
  3.7900E+02  4.4592E-03
  3.8000E+02  4.7056E-03
  3.8100E+02  4.9936E-03
  3.8200E+02  5.6545E-03
  3.8300E+02  6.1223E-03
  3.8400E+02  6.2521E-03
  3.8500E+02  6.4710E-03
  3.8600E+02  6.8670E-03
  3.8700E+02  7.3339E-03
  3.8800E+02  7.8797E-03
  3.8900E+02  8.4979E-03
  3.9000E+02  8.9584E-03
  3.9100E+02  9.0494E-03
  3.9200E+02  9.1612E-03
  3.9300E+02  9.2808E-03
  3.9400E+02  9.3960E-03
  3.9500E+02  9.5712E-03
  3.9600E+02  1.0040E-02
  3.9700E+02  1.0176E-02
  3.9800E+02  1.0213E-02
  3.9900E+02  1.0329E-02
  4.0000E+02  1.0282E-02
  4.0100E+02  1.0462E-02
  4.0200E+02  1.0637E-02
  4.0300E+02  1.1078E-02
  4.0400E+02  1.1124E-02
  4.0500E+02  1.0884E-02
  4.0600E+02  1.0745E-02
  4.0700E+02  1.0797E-02
  4.0800E+02  1.0862E-02
  4.0900E+02  1.0942E-02
  4.1000E+02  1.1041E-02
  4.1100E+02  1.1168E-02
  4.1200E+02  1.1330E-02
  4.1300E+02  1.1511E-02
  4.1400E+02  1.1766E-02
  4.1500E+02  1.1933E-02
  4.1600E+02  1.2087E-02
  4.1700E+02  1.2230E-02
  4.1800E+02  1.2363E-02
  4.1900E+02  1.2559E-02
  4.2000E+02  1.2796E-02
  4.2100E+02  1.3005E-02
  4.2200E+02  1.3101E-02
  4.2300E+02  1.2347E-02
  4.2400E+02  1.2039E-02
  4.2500E+02  1.1851E-02
  4.2600E+02  1.1653E-02
  4.2700E+02  1.1443E-02
  4.2800E+02  1.1221E-02
  4.2900E+02  1.0988E-02
  4.3000E+02  1.0744E-02
  4.3100E+02  1.0455E-02
  4.3200E+02  1.0117E-02
  4.3300E+02  9.8487E-03
  4.3400E+02  9.6614E-03
  4.3500E+02  9.4914E-03
  4.3600E+02  9.3376E-03
  4.3700E+02  9.1986E-03
  4.3800E+02  9.0742E-03
  4.3900E+02  8.9082E-03
  4.4000E+02  8.7292E-03
  4.4100E+02  8.6764E-03
  4.4200E+02  8.6179E-03
  4.4300E+02  8.5452E-03
  4.4400E+02  8.4600E-03
  4.4500E+02  8.3677E-03
  4.4600E+02  8.2325E-03
  4.4700E+02  8.0703E-03
  4.4800E+02  7.9320E-03
  4.4900E+02  7.8085E-03
  4.5000E+02  7.6869E-03
  4.5100E+02  7.5703E-03
  4.5200E+02  7.4593E-03
  4.5300E+02  7.3542E-03
  4.5400E+02  7.2795E-03
  4.5500E+02  7.2210E-03
  4.5600E+02  7.1732E-03
  4.5700E+02  7.1361E-03
  4.5800E+02  7.1120E-03
  4.5900E+02  7.2081E-03
  4.6000E+02  7.0019E-03
  4.6100E+02  6.9953E-03
  4.6200E+02  7.0093E-03
  4.6300E+02  7.0387E-03
  4.6400E+02  6.9034E-03
  4.6500E+02  6.6006E-03
  4.6600E+02  6.4861E-03
  4.6700E+02  6.3718E-03
  4.6800E+02  6.2579E-03
  4.6900E+02  6.1443E-03
  4.7000E+02  6.0311E-03
  4.7100E+02  5.9181E-03
  4.7200E+02  5.8064E-03
  4.7300E+02  5.7419E-03
  4.7400E+02  1.8712E-02
  4.7500E+02  5.7570E-02
  4.7600E+02  5.7926E-02
  4.7700E+02  7.3909E-02
  4.7800E+02  8.2895E-02
  4.7900E+02  8.7438E-02
  4.8000E+02  7.0406E-02
  4.8100E+02  6.7365E-02
  4.8200E+02  6.9729E-02
  4.8300E+02  6.9180E-02
  4.8400E+02  6.7105E-02
  4.8500E+02  6.7717E-02
  4.8600E+02  6.6616E-02
  4.8700E+02  6.6063E-02
  4.8800E+02  6.6628E-02
  4.8900E+02  6.6774E-02
  4.9000E+02  6.7073E-02
  4.9100E+02  7.0394E-02
  4.9200E+02  7.0205E-02
  4.9300E+02  7.1089E-02
  4.9400E+02  7.1296E-02
  4.9500E+02  7.3813E-02
  4.9600E+02  7.5881E-02
  4.9700E+02  7.7552E-02
  4.9800E+02  8.6068E-02
  4.9900E+02  7.8131E-02
  5.0000E+02  7.4786E-02
  5.0100E+02  4.2728E-02
  5.0200E+02  3.3804E-02
  5.0300E+02  2.6390E-02
  5.0400E+02  2.3533E-02
  5.0500E+02  2.0808E-02
  5.0600E+02  1.9103E-02
  5.0700E+02  1.5557E-02
  5.0800E+02  1.3730E-02
  5.0900E+02  1.2451E-02
  5.1000E+02  1.1404E-02
  5.1100E+02  1.0514E-02
  5.1200E+02  1.0056E-02
  5.1300E+02  9.4853E-03
  5.1400E+02  8.0829E-03
  5.1500E+02  6.9702E-03
  5.1600E+02  6.0633E-03
  5.1700E+02  5.2830E-03
  5.1800E+02  4.3989E-03
  5.1900E+02  3.7253E-03
  5.2000E+02  2.4518E-03
  5.2100E+02  1.4816E-03
  5.2200E+02  3.4761E-04
  5.2300E+02  0.0000E+00
