 -1.6947E-05  0.0000E+00
  9.9998E-01  8.5872E-08
  2.0000E+00  3.4349E-07
  3.0000E+00  7.7285E-07
  4.0000E+00  1.3740E-06
  5.0000E+00  2.1468E-06
  6.0000E+00  3.0914E-06
  7.0000E+00  4.2077E-06
  8.0000E+00  5.4958E-06
  9.0000E+00  6.9557E-06
  1.0000E+01  8.5872E-06
  1.1000E+01  1.0391E-05
  1.2000E+01  1.2366E-05
  1.3000E+01  1.4512E-05
  1.4000E+01  1.6831E-05
  1.5000E+01  1.9321E-05
  1.6000E+01  2.1983E-05
  1.7000E+01  2.4817E-05
  1.8000E+01  2.7823E-05
  1.9000E+01  3.1000E-05
  2.0000E+01  3.4349E-05
  2.1000E+01  3.7870E-05
  2.2000E+01  4.1562E-05
  2.3000E+01  4.5426E-05
  2.4000E+01  4.9462E-05
  2.5000E+01  5.3670E-05
  2.6000E+01  5.8050E-05
  2.7000E+01  6.2601E-05
  2.8000E+01  6.7324E-05
  2.9000E+01  7.2219E-05
  3.0000E+01  7.7285E-05
  3.1000E+01  8.2523E-05
  3.2000E+01  8.7933E-05
  3.3000E+01  9.3515E-05
  3.4000E+01  9.9268E-05
  3.5000E+01  1.0519E-04
  3.6000E+01  1.1129E-04
  3.7000E+01  1.1756E-04
  3.8000E+01  1.2400E-04
  3.9000E+01  1.3061E-04
  4.0000E+01  1.3740E-04
  4.1000E+01  1.4435E-04
  4.2000E+01  1.5148E-04
  4.3000E+01  1.5878E-04
  4.4000E+01  1.6625E-04
  4.5000E+01  1.7389E-04
  4.6000E+01  1.8171E-04
  4.7000E+01  1.8969E-04
  4.8000E+01  1.9785E-04
  4.9000E+01  2.0618E-04
  5.0000E+01  2.5026E-04
  5.1000E+01  3.5304E-04
  5.2000E+01  4.4710E-04
  5.3000E+01  5.3245E-04
  5.4000E+01  6.0907E-04
  5.5000E+01  6.7698E-04
  5.6000E+01  7.3617E-04
  5.7000E+01  7.8664E-04
  5.8000E+01  8.2840E-04
  5.9000E+01  8.6143E-04
  6.0000E+01  8.8575E-04
  6.1000E+01  9.0135E-04
  6.2000E+01  9.0824E-04
  6.3000E+01  9.4371E-04
  6.4000E+01  9.8758E-04
  6.5000E+01  1.0321E-03
  6.6000E+01  1.0771E-03
  6.7000E+01  1.1228E-03
  6.8000E+01  1.1690E-03
  6.9000E+01  1.2159E-03
  7.0000E+01  1.2633E-03
  7.1000E+01  1.3144E-03
  7.2000E+01  1.3690E-03
  7.3000E+01  1.4269E-03
  7.4000E+01  1.4881E-03
  7.5000E+01  1.5525E-03
  7.6000E+01  1.6202E-03
  7.7000E+01  1.6912E-03
  7.8000E+01  1.7654E-03
  7.9000E+01  1.8450E-03
  8.0000E+01  1.9324E-03
  8.1000E+01  2.0278E-03
  8.2000E+01  2.1312E-03
  8.3000E+01  2.2424E-03
  8.4000E+01  2.3616E-03
  8.5000E+01  2.4886E-03
  8.6000E+01  2.6237E-03
  8.7000E+01  2.7666E-03
  8.8000E+01  2.9336E-03
  8.9000E+01  3.2341E-03
  9.0000E+01  3.4660E-03
  9.1000E+01  3.6294E-03
  9.2000E+01  3.7242E-03
  9.3000E+01  3.9939E-03
  9.4000E+01  4.3198E-03
  9.5000E+01  4.4187E-03
  9.6000E+01  4.3998E-03
  9.7000E+01  4.7472E-03
  9.8000E+01  5.0843E-03
  9.9000E+01  5.4113E-03
  1.0000E+02  5.7280E-03
  1.0100E+02  6.0554E-03
  1.0200E+02  6.4307E-03
  1.0300E+02  6.8821E-03
  1.0400E+02  7.4407E-03
  1.0500E+02  8.0121E-03
  1.0600E+02  8.5961E-03
  1.0700E+02  9.1929E-03
  1.0800E+02  9.8023E-03
  1.0900E+02  1.0424E-02
  1.1000E+02  1.2004E-02
  1.1100E+02  1.2168E-02
  1.1200E+02  1.2713E-02
  1.1300E+02  1.3389E-02
  1.1400E+02  1.5492E-02
  1.1500E+02  1.3503E-02
  1.1600E+02  1.4291E-02
  1.1700E+02  1.4763E-02
  1.1800E+02  1.4921E-02
  1.1900E+02  1.5317E-02
  1.2000E+02  1.5715E-02
  1.2100E+02  1.6115E-02
  1.2200E+02  1.6518E-02
  1.2300E+02  1.6923E-02
  1.2400E+02  1.7486E-02
  1.2500E+02  1.8026E-02
  1.2600E+02  1.8525E-02
  1.2700E+02  1.8995E-02
  1.2800E+02  1.9965E-02
  1.2900E+02  2.1031E-02
  1.3000E+02  2.2315E-02
  1.3100E+02  2.3560E-02
  1.3200E+02  2.4091E-02
  1.3300E+02  2.5133E-02
  1.3400E+02  2.4541E-02
  1.3500E+02  2.6975E-02
  1.3600E+02  2.8339E-02
  1.3700E+02  2.7940E-02
  1.3800E+02  2.8508E-02
  1.3900E+02  2.9494E-02
  1.4000E+02  3.0115E-02
  1.4100E+02  2.9971E-02
  1.4200E+02  2.9807E-02
  1.4300E+02  2.9655E-02
  1.4400E+02  2.9549E-02
  1.4500E+02  2.9487E-02
  1.4600E+02  2.9441E-02
  1.4700E+02  2.9443E-02
  1.4800E+02  2.9269E-02
  1.4900E+02  2.8722E-02
  1.5000E+02  2.7980E-02
  1.5100E+02  2.7257E-02
  1.5200E+02  2.6473E-02
  1.5300E+02  2.5708E-02
  1.5400E+02  2.4959E-02
  1.5500E+02  2.6095E-02
  1.5600E+02  2.6993E-02
  1.5700E+02  2.1361E-02
  1.5800E+02  1.9279E-02
  1.5900E+02  1.8922E-02
  1.6000E+02  1.8577E-02
  1.6100E+02  1.8304E-02
  1.6200E+02  1.8073E-02
  1.6300E+02  1.7852E-02
  1.6400E+02  1.7641E-02
  1.6500E+02  1.7534E-02
  1.6600E+02  1.7298E-02
  1.6700E+02  1.7064E-02
  1.6800E+02  1.6830E-02
  1.6900E+02  1.6598E-02
  1.7000E+02  1.6372E-02
  1.7100E+02  1.6153E-02
  1.7200E+02  1.5941E-02
  1.7300E+02  1.5736E-02
  1.7400E+02  1.5649E-02
  1.7500E+02  1.5656E-02
  1.7600E+02  1.5562E-02
  1.7700E+02  1.5429E-02
  1.7800E+02  1.5256E-02
  1.7900E+02  1.5106E-02
  1.8000E+02  1.5019E-02
  1.8100E+02  1.4932E-02
  1.8200E+02  1.4832E-02
  1.8300E+02  1.4737E-02
  1.8400E+02  1.5121E-02
  1.8500E+02  1.3099E-02
  1.8600E+02  1.3402E-02
  1.8700E+02  1.4219E-02
  1.8800E+02  1.5650E-02
  1.8900E+02  1.5338E-02
  1.9000E+02  1.5162E-02
  1.9100E+02  1.5313E-02
  1.9200E+02  1.5473E-02
  1.9300E+02  1.5655E-02
  1.9400E+02  1.5807E-02
  1.9500E+02  1.5930E-02
  1.9600E+02  1.6023E-02
  1.9700E+02  1.6085E-02
  1.9800E+02  1.6137E-02
  1.9900E+02  1.6149E-02
  2.0000E+02  1.6102E-02
  2.0100E+02  1.5996E-02
  2.0200E+02  1.5838E-02
  2.0300E+02  1.6203E-02
  2.0400E+02  1.6584E-02
  2.0500E+02  1.4258E-02
  2.0600E+02  1.2010E-02
  2.0700E+02  1.0125E-02
  2.0800E+02  8.5991E-03
  2.0900E+02  6.7427E-03
  2.1000E+02  4.1456E-03
  2.1100E+02  1.3960E-03
  2.1200E+02  1.4170E-03
  2.1300E+02  1.4381E-03
  2.1400E+02  1.4593E-03
  2.1500E+02  1.4807E-03
  2.1600E+02  1.5022E-03
  2.1700E+02  1.5238E-03
  2.1800E+02  1.5455E-03
  2.1900E+02  1.5674E-03
  2.2000E+02  1.5894E-03
  2.2100E+02  1.6115E-03
  2.2200E+02  1.6337E-03
  2.2300E+02  1.6560E-03
  2.2400E+02  1.6785E-03
  2.2500E+02  1.7011E-03
  2.2600E+02  1.7241E-03
  2.2700E+02  1.7539E-03
  2.2800E+02  1.7929E-03
  2.2900E+02  1.8300E-03
  2.3000E+02  1.8664E-03
  2.3100E+02  1.9028E-03
  2.3200E+02  1.9392E-03
  2.3300E+02  1.9755E-03
  2.3400E+02  2.0116E-03
  2.3500E+02  2.0471E-03
  2.3600E+02  2.0820E-03
  2.3700E+02  2.1162E-03
  2.3800E+02  2.1498E-03
  2.3900E+02  2.1828E-03
  2.4000E+02  2.2151E-03
  2.4100E+02  2.2467E-03
  2.4200E+02  2.2777E-03
  2.4300E+02  2.3081E-03
  2.4400E+02  2.3379E-03
  2.4500E+02  2.3669E-03
  2.4600E+02  2.3954E-03
  2.4700E+02  2.4241E-03
  2.4800E+02  2.4573E-03
  2.4900E+02  2.4916E-03
  2.5000E+02  2.5269E-03
  2.5100E+02  2.5634E-03
  2.5200E+02  2.6011E-03
  2.5300E+02  2.6398E-03
  2.5400E+02  2.6797E-03
  2.5500E+02  2.7208E-03
  2.5600E+02  2.7631E-03
  2.5700E+02  2.8065E-03
  2.5800E+02  2.8511E-03
  2.5900E+02  2.8969E-03
  2.6000E+02  2.9438E-03
  2.6100E+02  2.9919E-03
  2.6200E+02  3.0412E-03
  2.6300E+02  3.0917E-03
  2.6400E+02  3.1432E-03
  2.6500E+02  3.1956E-03
  2.6600E+02  3.2490E-03
  2.6700E+02  3.3034E-03
  2.6800E+02  3.3589E-03
  2.6900E+02  3.4154E-03
  2.7000E+02  3.4765E-03
  2.7100E+02  3.5451E-03
  2.7200E+02  3.6218E-03
  2.7300E+02  3.7065E-03
  2.7400E+02  3.7848E-03
  2.7500E+02  3.8566E-03
  2.7600E+02  3.9222E-03
  2.7700E+02  3.9816E-03
  2.7800E+02  4.0349E-03
  2.7900E+02  4.0820E-03
  2.8000E+02  4.1263E-03
  2.8100E+02  4.1979E-03
  2.8200E+02  4.2701E-03
  2.8300E+02  4.3428E-03
  2.8400E+02  4.4161E-03
  2.8500E+02  4.4900E-03
  2.8600E+02  4.5644E-03
  2.8700E+02  4.6394E-03
  2.8800E+02  4.7149E-03
  2.8900E+02  4.7910E-03
  2.9000E+02  4.8671E-03
  2.9100E+02  4.9490E-03
  2.9200E+02  5.0379E-03
  2.9300E+02  5.1348E-03
  2.9400E+02  5.2335E-03
  2.9500E+02  5.3339E-03
  2.9600E+02  5.4361E-03
  2.9700E+02  5.5401E-03
  2.9800E+02  5.6513E-03
  2.9900E+02  5.7781E-03
  3.0000E+02  5.9140E-03
  3.0100E+02  6.0587E-03
  3.0200E+02  6.2125E-03
  3.0300E+02  6.3752E-03
  3.0400E+02  6.5469E-03
  3.0500E+02  6.7262E-03
  3.0600E+02  6.8854E-03
  3.0700E+02  7.0130E-03
  3.0800E+02  7.1090E-03
  3.0900E+02  7.2305E-03
  3.1000E+02  7.3793E-03
  3.1100E+02  7.5521E-03
  3.1200E+02  7.7377E-03
  3.1300E+02  7.9326E-03
  3.1400E+02  8.1366E-03
  3.1500E+02  8.3499E-03
  3.1600E+02  8.5723E-03
  3.1700E+02  8.8040E-03
  3.1800E+02  9.0450E-03
  3.1900E+02  9.2963E-03
  3.2000E+02  9.5609E-03
  3.2100E+02  9.8607E-03
  3.2200E+02  1.0217E-02
  3.2300E+02  1.0620E-02
  3.2400E+02  1.1068E-02
  3.2500E+02  1.1573E-02
  3.2600E+02  1.2128E-02
  3.2700E+02  1.2706E-02
  3.2800E+02  1.3305E-02
  3.2900E+02  1.3926E-02
  3.3000E+02  1.4569E-02
  3.3100E+02  1.5235E-02
  3.3200E+02  1.6203E-02
  3.3300E+02  1.8455E-02
  3.3400E+02  1.8513E-02
  3.3500E+02  1.8054E-02
  3.3600E+02  1.7511E-02
  3.3700E+02  1.5832E-02
  3.3800E+02  1.3278E-02
  3.3900E+02  1.2163E-02
  3.4000E+02  1.1551E-02
  3.4100E+02  1.1127E-02
  3.4200E+02  1.0734E-02
  3.4300E+02  1.0371E-02
  3.4400E+02  1.0039E-02
  3.4500E+02  9.7367E-03
  3.4600E+02  9.4653E-03
  3.4700E+02  9.2244E-03
  3.4800E+02  9.0140E-03
  3.4900E+02  8.8341E-03
  3.5000E+02  8.7122E-03
  3.5100E+02  9.1807E-03
  3.5200E+02  6.2950E-03
  3.5300E+02  6.0344E-03
  3.5400E+02  5.7790E-03
  3.5500E+02  5.5288E-03
  3.5600E+02  5.2839E-03
  3.5700E+02  5.0441E-03
  3.5800E+02  4.8096E-03
  3.5900E+02  4.5826E-03
  3.6000E+02  4.3477E-03
  3.6100E+02  4.0365E-03
  3.6200E+02  3.7552E-03
  3.6300E+02  3.5038E-03
  3.6400E+02  3.2821E-03
  3.6500E+02  3.0931E-03
  3.6600E+02  2.9395E-03
  3.6700E+02  2.8482E-03
  3.6800E+02  2.7699E-03
  3.6900E+02  2.6904E-03
  3.7000E+02  2.6092E-03
  3.7100E+02  2.5264E-03
  3.7200E+02  2.4420E-03
  3.7300E+02  2.6961E-03
  3.7400E+02  2.8443E-03
  3.7500E+02  2.9982E-03
  3.7600E+02  3.1579E-03
  3.7700E+02  3.2729E-03
  3.7800E+02  3.3682E-03
  3.7900E+02  3.4614E-03
  3.8000E+02  3.5524E-03
  3.8100E+02  3.6412E-03
  3.8200E+02  3.8490E-03
  3.8300E+02  4.1732E-03
  3.8400E+02  4.9041E-03
  3.8500E+02  5.6769E-03
  3.8600E+02  6.4557E-03
  3.8700E+02  7.2405E-03
  3.8800E+02  7.9680E-03
  3.8900E+02  8.6993E-03
  3.9000E+02  9.3373E-03
  3.9100E+02  9.8089E-03
  3.9200E+02  1.0682E-02
  3.9300E+02  9.5635E-03
  3.9400E+02  9.5564E-03
  3.9500E+02  9.5867E-03
  3.9600E+02  9.6774E-03
  3.9700E+02  9.8092E-03
  3.9800E+02  9.8715E-03
  3.9900E+02  9.9588E-03
  4.0000E+02  1.0071E-02
  4.0100E+02  1.0209E-02
  4.0200E+02  1.0367E-02
  4.0300E+02  1.0512E-02
  4.0400E+02  1.0644E-02
  4.0500E+02  1.0763E-02
  4.0600E+02  1.0880E-02
  4.0700E+02  1.1005E-02
  4.0800E+02  1.1113E-02
  4.0900E+02  1.1544E-02
  4.1000E+02  1.1746E-02
  4.1100E+02  1.1952E-02
  4.1200E+02  1.2163E-02
  4.1300E+02  1.2396E-02
  4.1400E+02  1.2716E-02
  4.1500E+02  1.3113E-02
  4.1600E+02  1.3585E-02
  4.1700E+02  1.4081E-02
  4.1800E+02  1.4534E-02
  4.1900E+02  1.2802E-02
  4.2000E+02  1.2281E-02
  4.2100E+02  1.2095E-02
  4.2200E+02  1.1936E-02
  4.2300E+02  1.1820E-02
  4.2400E+02  1.1697E-02
  4.2500E+02  1.1569E-02
  4.2600E+02  1.1435E-02
  4.2700E+02  1.1294E-02
  4.2800E+02  1.1147E-02
  4.2900E+02  1.0994E-02
  4.3000E+02  1.0834E-02
  4.3100E+02  1.0669E-02
  4.3200E+02  1.0497E-02
  4.3300E+02  1.0339E-02
  4.3400E+02  1.0165E-02
  4.3500E+02  9.9303E-03
  4.3600E+02  9.6337E-03
  4.3700E+02  9.3658E-03
  4.3800E+02  9.2167E-03
  4.3900E+02  9.0794E-03
  4.4000E+02  8.9646E-03
  4.4100E+02  8.8798E-03
  4.4200E+02  8.8284E-03
  4.4300E+02  8.8106E-03
  4.4400E+02  8.6202E-03
  4.4500E+02  8.5829E-03
  4.4600E+02  8.5296E-03
  4.4700E+02  8.4691E-03
  4.4800E+02  8.3389E-03
  4.4900E+02  8.1387E-03
  4.5000E+02  7.8688E-03
  4.5100E+02  7.7286E-03
  4.5200E+02  7.6203E-03
  4.5300E+02  7.5129E-03
  4.5400E+02  7.4061E-03
  4.5500E+02  7.3002E-03
  4.5600E+02  7.1949E-03
  4.5700E+02  7.0904E-03
  4.5800E+02  6.9867E-03
  4.5900E+02  6.8837E-03
  4.6000E+02  6.7815E-03
  4.6100E+02  6.6800E-03
  4.6200E+02  6.5806E-03
  4.6300E+02  6.5047E-03
  4.6400E+02  6.4598E-03
  4.6500E+02  6.4888E-03
  4.6600E+02  6.5774E-03
  4.6700E+02  6.7080E-03
  4.6800E+02  6.9171E-03
  4.6900E+02  7.0071E-03
  4.7000E+02  7.9506E-03
  4.7100E+02  6.4486E-03
  4.7200E+02  6.0325E-03
  4.7300E+02  5.8887E-03
  4.7400E+02  1.5594E-02
  4.7500E+02  4.0680E-02
  4.7600E+02  5.8938E-02
  4.7700E+02  7.9238E-02
  4.7800E+02  8.7240E-02
  4.7900E+02  7.6897E-02
  4.8000E+02  6.7243E-02
  4.8100E+02  6.5903E-02
  4.8200E+02  7.0115E-02
  4.8300E+02  7.1708E-02
  4.8400E+02  7.1500E-02
  4.8500E+02  7.0082E-02
  4.8600E+02  6.9321E-02
  4.8700E+02  6.9815E-02
  4.8800E+02  6.9632E-02
  4.8900E+02  7.0294E-02
  4.9000E+02  7.0088E-02
  4.9100E+02  6.9954E-02
  4.9200E+02  7.0417E-02
  4.9300E+02  7.1906E-02
  4.9400E+02  7.4150E-02
  4.9500E+02  7.6521E-02
  4.9600E+02  8.8073E-02
  4.9700E+02  8.1483E-02
  4.9800E+02  7.5723E-02
  4.9900E+02  6.9424E-02
  5.0000E+02  6.2053E-02
  5.0100E+02  4.2097E-02
  5.0200E+02  3.0932E-02
  5.0300E+02  2.6995E-02
  5.0400E+02  2.4440E-02
  5.0500E+02  2.2515E-02
  5.0600E+02  1.9500E-02
  5.0700E+02  1.5701E-02
  5.0800E+02  1.3715E-02
  5.0900E+02  1.2232E-02
  5.1000E+02  1.0990E-02
  5.1100E+02  9.9598E-03
  5.1200E+02  9.0597E-03
  5.1300E+02  8.5260E-03
  5.1400E+02  9.0058E-03
  5.1500E+02  6.6557E-03
  5.1600E+02  5.6884E-03
  5.1700E+02  4.6176E-03
  5.1800E+02  3.4434E-03
  5.1900E+02  2.5772E-03
  5.2000E+02  2.7408E-03
  5.2100E+02  5.5476E-04
  5.2200E+02  1.3675E-04
  5.2300E+02  0.0000E+00
