 -9.0571E-06  0.0000E+00
  9.9999E-01  1.2739E-07
  2.0000E+00  5.0958E-07
  3.0000E+00  1.1465E-06
  4.0000E+00  2.0383E-06
  5.0000E+00  3.1849E-06
  6.0000E+00  4.5862E-06
  7.0000E+00  6.2423E-06
  8.0000E+00  8.1532E-06
  9.0000E+00  1.0319E-05
  1.0000E+01  1.2739E-05
  1.1000E+01  1.5415E-05
  1.2000E+01  1.8345E-05
  1.3000E+01  2.1530E-05
  1.4000E+01  2.4969E-05
  1.5000E+01  2.8664E-05
  1.6000E+01  3.2613E-05
  1.7000E+01  3.6817E-05
  1.8000E+01  4.1276E-05
  1.9000E+01  4.5989E-05
  2.0000E+01  5.0958E-05
  2.1000E+01  5.6181E-05
  2.2000E+01  6.1659E-05
  2.3000E+01  6.7392E-05
  2.4000E+01  7.3379E-05
  2.5000E+01  7.9622E-05
  2.6000E+01  8.6119E-05
  2.7000E+01  9.2871E-05
  2.8000E+01  9.9877E-05
  2.9000E+01  1.0714E-04
  3.0000E+01  1.1466E-04
  3.1000E+01  1.2243E-04
  3.2000E+01  1.3045E-04
  3.3000E+01  1.3873E-04
  3.4000E+01  1.4727E-04
  3.5000E+01  1.5606E-04
  3.6000E+01  1.6510E-04
  3.7000E+01  1.7440E-04
  3.8000E+01  1.8396E-04
  3.9000E+01  1.9377E-04
  4.0000E+01  2.0383E-04
  4.1000E+01  2.1415E-04
  4.2000E+01  2.2472E-04
  4.3000E+01  2.3555E-04
  4.4000E+01  2.4664E-04
  4.5000E+01  2.5797E-04
  4.6000E+01  2.6957E-04
  4.7000E+01  2.8141E-04
  4.8000E+01  2.9352E-04
  4.9000E+01  3.0587E-04
  5.0000E+01  3.1849E-04
  5.1000E+01  3.3135E-04
  5.2000E+01  3.4447E-04
  5.3000E+01  3.5785E-04
  5.4000E+01  3.7148E-04
  5.5000E+01  3.8537E-04
  5.6000E+01  3.9951E-04
  5.7000E+01  4.1390E-04
  5.8000E+01  4.2856E-04
  5.9000E+01  4.4346E-04
  6.0000E+01  4.5862E-04
  6.1000E+01  4.7403E-04
  6.2000E+01  4.8970E-04
  6.3000E+01  5.0563E-04
  6.4000E+01  5.2181E-04
  6.5000E+01  5.3824E-04
  6.6000E+01  5.5493E-04
  6.7000E+01  6.4388E-04
  6.8000E+01  7.9944E-04
  6.9000E+01  9.5107E-04
  7.0000E+01  1.0988E-03
  7.1000E+01  1.2426E-03
  7.2000E+01  1.3824E-03
  7.3000E+01  1.5183E-03
  7.4000E+01  1.6503E-03
  7.5000E+01  1.7784E-03
  7.6000E+01  1.9026E-03
  7.7000E+01  2.0228E-03
  7.8000E+01  2.1391E-03
  7.9000E+01  2.2515E-03
  8.0000E+01  2.3599E-03
  8.1000E+01  2.4644E-03
  8.2000E+01  2.5650E-03
  8.3000E+01  2.6617E-03
  8.4000E+01  2.7544E-03
  8.5000E+01  2.8433E-03
  8.6000E+01  2.9281E-03
  8.7000E+01  3.0091E-03
  8.8000E+01  3.0862E-03
  8.9000E+01  3.1892E-03
  9.0000E+01  3.3001E-03
  9.1000E+01  3.4141E-03
  9.2000E+01  3.5312E-03
  9.3000E+01  3.6514E-03
  9.4000E+01  3.7748E-03
  9.5000E+01  3.9012E-03
  9.6000E+01  4.0307E-03
  9.7000E+01  4.1910E-03
  9.8000E+01  4.4601E-03
  9.9000E+01  4.8639E-03
  1.0000E+02  5.3171E-03
  1.0100E+02  5.7719E-03
  1.0200E+02  6.2283E-03
  1.0300E+02  6.7348E-03
  1.0400E+02  7.3161E-03
  1.0500E+02  7.8924E-03
  1.0600E+02  8.4637E-03
  1.0700E+02  9.0301E-03
  1.0800E+02  9.5916E-03
  1.0900E+02  1.0148E-02
  1.1000E+02  1.0700E-02
  1.1100E+02  1.1246E-02
  1.1200E+02  1.1788E-02
  1.1300E+02  1.2293E-02
  1.1400E+02  1.2742E-02
  1.1500E+02  1.3209E-02
  1.1600E+02  1.3694E-02
  1.1700E+02  1.4197E-02
  1.1800E+02  1.4717E-02
  1.1900E+02  1.5256E-02
  1.2000E+02  1.6729E-02
  1.2100E+02  2.1294E-02
  1.2200E+02  2.2723E-02
  1.2300E+02  1.7119E-02
  1.2400E+02  1.7398E-02
  1.2500E+02  1.7670E-02
  1.2600E+02  1.7937E-02
  1.2700E+02  1.8198E-02
  1.2800E+02  1.8453E-02
  1.2900E+02  1.8702E-02
  1.3000E+02  2.0152E-02
  1.3100E+02  2.1658E-02
  1.3200E+02  2.2580E-02
  1.3300E+02  2.2917E-02
  1.3400E+02  2.2669E-02
  1.3500E+02  3.0167E-02
  1.3600E+02  3.0516E-02
  1.3700E+02  2.9165E-02
  1.3800E+02  2.8712E-02
  1.3900E+02  2.8993E-02
  1.4000E+02  2.9084E-02
  1.4100E+02  2.9270E-02
  1.4200E+02  2.9415E-02
  1.4300E+02  2.9361E-02
  1.4400E+02  2.9108E-02
  1.4500E+02  2.8657E-02
  1.4600E+02  2.8008E-02
  1.4700E+02  2.7368E-02
  1.4800E+02  2.7020E-02
  1.4900E+02  2.6672E-02
  1.5000E+02  2.6323E-02
  1.5100E+02  2.5974E-02
  1.5200E+02  2.5625E-02
  1.5300E+02  2.5277E-02
  1.5400E+02  2.5877E-02
  1.5500E+02  2.6460E-02
  1.5600E+02  2.6722E-02
  1.5700E+02  2.5799E-02
  1.5800E+02  2.5896E-02
  1.5900E+02  2.6074E-02
  1.6000E+02  2.6332E-02
  1.6100E+02  2.4464E-02
  1.6200E+02  2.3955E-02
  1.6300E+02  2.3444E-02
  1.6400E+02  2.2932E-02
  1.6500E+02  2.2538E-02
  1.6600E+02  2.2328E-02
  1.6700E+02  2.1611E-02
  1.6800E+02  2.0389E-02
  1.6900E+02  1.9837E-02
  1.7000E+02  1.9888E-02
  1.7100E+02  1.8647E-02
  1.7200E+02  1.5682E-02
  1.7300E+02  1.4309E-02
  1.7400E+02  1.4526E-02
  1.7500E+02  1.4752E-02
  1.7600E+02  1.6246E-02
  1.7700E+02  1.4501E-02
  1.7800E+02  1.3864E-02
  1.7900E+02  1.3951E-02
  1.8000E+02  1.4032E-02
  1.8100E+02  1.4105E-02
  1.8200E+02  1.4172E-02
  1.8300E+02  1.4231E-02
  1.8400E+02  1.4284E-02
  1.8500E+02  1.4329E-02
  1.8600E+02  1.4367E-02
  1.8700E+02  1.4398E-02
  1.8800E+02  1.4422E-02
  1.8900E+02  1.4439E-02
  1.9000E+02  1.4449E-02
  1.9100E+02  1.4452E-02
  1.9200E+02  1.4448E-02
  1.9300E+02  1.4437E-02
  1.9400E+02  1.4970E-02
  1.9500E+02  1.4819E-02
  1.9600E+02  1.4605E-02
  1.9700E+02  1.4335E-02
  1.9800E+02  1.4002E-02
  1.9900E+02  1.3606E-02
  2.0000E+02  1.3146E-02
  2.0100E+02  1.2622E-02
  2.0200E+02  1.2036E-02
  2.0300E+02  1.1385E-02
  2.0400E+02  1.0672E-02
  2.0500E+02  9.8948E-03
  2.0600E+02  9.0544E-03
  2.0700E+02  8.1508E-03
  2.0800E+02  7.6647E-03
  2.0900E+02  6.8275E-03
  2.1000E+02  1.3674E-03
  2.1100E+02  1.3878E-03
  2.1200E+02  1.4079E-03
  2.1300E+02  1.4280E-03
  2.1400E+02  1.4479E-03
  2.1500E+02  1.4676E-03
  2.1600E+02  1.4872E-03
  2.1700E+02  1.5067E-03
  2.1800E+02  1.5260E-03
  2.1900E+02  1.5452E-03
  2.2000E+02  1.5643E-03
  2.2100E+02  1.5831E-03
  2.2200E+02  1.6019E-03
  2.2300E+02  1.6205E-03
  2.2400E+02  1.6390E-03
  2.2500E+02  1.6573E-03
  2.2600E+02  1.6755E-03
  2.2700E+02  1.6935E-03
  2.2800E+02  1.7114E-03
  2.2900E+02  1.7324E-03
  2.3000E+02  1.7589E-03
  2.3100E+02  1.7862E-03
  2.3200E+02  1.8142E-03
  2.3300E+02  1.8430E-03
  2.3400E+02  1.8725E-03
  2.3500E+02  1.9028E-03
  2.3600E+02  1.9339E-03
  2.3700E+02  1.9657E-03
  2.3800E+02  1.9982E-03
  2.3900E+02  2.0315E-03
  2.4000E+02  2.0656E-03
  2.4100E+02  2.1004E-03
  2.4200E+02  2.1360E-03
  2.4300E+02  2.1723E-03
  2.4400E+02  2.2094E-03
  2.4500E+02  2.2472E-03
  2.4600E+02  2.2858E-03
  2.4700E+02  2.3251E-03
  2.4800E+02  2.3652E-03
  2.4900E+02  2.4061E-03
  2.5000E+02  2.4477E-03
  2.5100E+02  2.4900E-03
  2.5200E+02  2.5331E-03
  2.5300E+02  2.5770E-03
  2.5400E+02  2.6216E-03
  2.5500E+02  2.6670E-03
  2.5600E+02  2.7131E-03
  2.5700E+02  2.7600E-03
  2.5800E+02  2.8077E-03
  2.5900E+02  2.8561E-03
  2.6000E+02  2.9052E-03
  2.6100E+02  2.9551E-03
  2.6200E+02  3.0058E-03
  2.6300E+02  3.0572E-03
  2.6400E+02  3.1109E-03
  2.6500E+02  3.1689E-03
  2.6600E+02  3.2314E-03
  2.6700E+02  3.2981E-03
  2.6800E+02  3.3692E-03
  2.6900E+02  3.4447E-03
  2.7000E+02  3.5245E-03
  2.7100E+02  3.6086E-03
  2.7200E+02  3.6956E-03
  2.7300E+02  3.7756E-03
  2.7400E+02  3.8513E-03
  2.7500E+02  3.9228E-03
  2.7600E+02  3.9900E-03
  2.7700E+02  4.0530E-03
  2.7800E+02  4.1117E-03
  2.7900E+02  4.1662E-03
  2.8000E+02  4.2165E-03
  2.8100E+02  4.2626E-03
  2.8200E+02  4.3044E-03
  2.8300E+02  4.3420E-03
  2.8400E+02  4.4289E-03
  2.8500E+02  4.5193E-03
  2.8600E+02  4.6121E-03
  2.8700E+02  4.7071E-03
  2.8800E+02  4.8045E-03
  2.8900E+02  4.9041E-03
  2.9000E+02  5.0061E-03
  2.9100E+02  5.1104E-03
  2.9200E+02  5.2170E-03
  2.9300E+02  5.3259E-03
  2.9400E+02  5.4371E-03
  2.9500E+02  5.5506E-03
  2.9600E+02  5.6664E-03
  2.9700E+02  5.7845E-03
  2.9800E+02  5.9050E-03
  2.9900E+02  6.0277E-03
  3.0000E+02  6.1528E-03
  3.0100E+02  6.2802E-03
  3.0200E+02  6.4098E-03
  3.0300E+02  6.5418E-03
  3.0400E+02  6.6761E-03
  3.0500E+02  6.8127E-03
  3.0600E+02  6.9516E-03
  3.0700E+02  7.0929E-03
  3.0800E+02  7.2364E-03
  3.0900E+02  7.3822E-03
  3.1000E+02  7.6720E-03
  3.1100E+02  8.0973E-03
  3.1200E+02  8.6570E-03
  3.1300E+02  9.3503E-03
  3.1400E+02  1.0100E-02
  3.1500E+02  1.0852E-02
  3.1600E+02  1.1607E-02
  3.1700E+02  1.2364E-02
  3.1800E+02  1.3125E-02
  3.1900E+02  1.3799E-02
  3.2000E+02  1.2425E-02
  3.2100E+02  1.2555E-02
  3.2200E+02  1.2677E-02
  3.2300E+02  1.2793E-02
  3.2400E+02  1.2901E-02
  3.2500E+02  1.3003E-02
  3.2600E+02  1.3099E-02
  3.2700E+02  1.3187E-02
  3.2800E+02  1.3269E-02
  3.2900E+02  1.3344E-02
  3.3000E+02  1.3412E-02
  3.3100E+02  1.3473E-02
  3.3200E+02  1.3528E-02
  3.3300E+02  1.3575E-02
  3.3400E+02  1.3616E-02
  3.3500E+02  1.3650E-02
  3.3600E+02  1.3678E-02
  3.3700E+02  1.3698E-02
  3.3800E+02  1.3712E-02
  3.3900E+02  1.3719E-02
  3.4000E+02  1.3719E-02
  3.4100E+02  1.3713E-02
  3.4200E+02  1.3700E-02
  3.4300E+02  1.4146E-02
  3.4400E+02  1.4441E-02
  3.4500E+02  1.4422E-02
  3.4600E+02  1.4140E-02
  3.4700E+02  1.3158E-02
  3.4800E+02  1.2541E-02
  3.4900E+02  1.1001E-02
  3.5000E+02  7.8364E-03
  3.5100E+02  4.2672E-03
  3.5200E+02  3.9584E-03
  3.5300E+02  3.6986E-03
  3.5400E+02  3.4878E-03
  3.5500E+02  3.3728E-03
  3.5600E+02  3.2834E-03
  3.5700E+02  3.1942E-03
  3.5800E+02  3.1051E-03
  3.5900E+02  3.0163E-03
  3.6000E+02  2.9276E-03
  3.6100E+02  2.8392E-03
  3.6200E+02  2.7509E-03
  3.6300E+02  2.6628E-03
  3.6400E+02  2.5749E-03
  3.6500E+02  2.4871E-03
  3.6600E+02  2.3996E-03
  3.6700E+02  2.3123E-03
  3.6800E+02  2.2251E-03
  3.6900E+02  2.1381E-03
  3.7000E+02  2.0513E-03
  3.7100E+02  1.9647E-03
  3.7200E+02  1.8783E-03
  3.7300E+02  1.7921E-03
  3.7400E+02  1.7061E-03
  3.7500E+02  1.6202E-03
  3.7600E+02  2.1086E-03
  3.7700E+02  2.3173E-03
  3.7800E+02  2.5216E-03
  3.7900E+02  2.7239E-03
  3.8000E+02  2.9295E-03
  3.8100E+02  3.1383E-03
  3.8200E+02  3.3504E-03
  3.8300E+02  3.5658E-03
  3.8400E+02  3.7844E-03
  3.8500E+02  4.0063E-03
  3.8600E+02  4.2315E-03
  3.8700E+02  4.4599E-03
  3.8800E+02  4.6916E-03
  3.8900E+02  4.9265E-03
  3.9000E+02  5.1647E-03
  3.9100E+02  5.4062E-03
  3.9200E+02  5.6510E-03
  3.9300E+02  5.8990E-03
  3.9400E+02  6.1502E-03
  3.9500E+02  6.4062E-03
  3.9600E+02  6.7275E-03
  3.9700E+02  7.0501E-03
  3.9800E+02  7.3742E-03
  3.9900E+02  7.7638E-03
  4.0000E+02  9.5849E-03
  4.0100E+02  1.0583E-02
  4.0200E+02  1.1533E-02
  4.0300E+02  1.2434E-02
  4.0400E+02  1.3286E-02
  4.0500E+02  1.4090E-02
  4.0600E+02  1.4845E-02
  4.0700E+02  1.5551E-02
  4.0800E+02  1.6208E-02
  4.0900E+02  1.6907E-02
  4.1000E+02  2.0314E-02
  4.1100E+02  1.6719E-02
  4.1200E+02  1.3516E-02
  4.1300E+02  1.3130E-02
  4.1400E+02  1.2864E-02
  4.1500E+02  1.2718E-02
  4.1600E+02  1.2693E-02
  4.1700E+02  1.2788E-02
  4.1800E+02  1.2584E-02
  4.1900E+02  1.2519E-02
  4.2000E+02  1.2451E-02
  4.2100E+02  1.2379E-02
  4.2200E+02  1.2304E-02
  4.2300E+02  1.2224E-02
  4.2400E+02  1.2141E-02
  4.2500E+02  1.2055E-02
  4.2600E+02  1.1964E-02
  4.2700E+02  1.1870E-02
  4.2800E+02  1.1772E-02
  4.2900E+02  1.1671E-02
  4.3000E+02  1.1566E-02
  4.3100E+02  1.1457E-02
  4.3200E+02  1.1344E-02
  4.3300E+02  1.1228E-02
  4.3400E+02  1.1107E-02
  4.3500E+02  1.0984E-02
  4.3600E+02  1.0856E-02
  4.3700E+02  1.0725E-02
  4.3800E+02  1.0590E-02
  4.3900E+02  1.0451E-02
  4.4000E+02  1.0309E-02
  4.4100E+02  1.0271E-02
  4.4200E+02  1.0520E-02
  4.4300E+02  1.0415E-02
  4.4400E+02  9.9557E-03
  4.4500E+02  9.6050E-03
  4.4600E+02  9.4121E-03
  4.4700E+02  9.2750E-03
  4.4800E+02  9.1938E-03
  4.4900E+02  9.5165E-03
  4.5000E+02  1.3244E-02
  4.5100E+02  1.0109E-02
  4.5200E+02  7.3151E-03
  4.5300E+02  7.1992E-03
  4.5400E+02  7.0843E-03
  4.5500E+02  6.9701E-03
  4.5600E+02  6.8568E-03
  4.5700E+02  6.7444E-03
  4.5800E+02  6.6328E-03
  4.5900E+02  6.5220E-03
  4.6000E+02  6.4120E-03
  4.6100E+02  6.3029E-03
  4.6200E+02  6.1946E-03
  4.6300E+02  6.0872E-03
  4.6400E+02  5.9806E-03
  4.6500E+02  5.8748E-03
  4.6600E+02  5.7699E-03
  4.6700E+02  5.6658E-03
  4.6800E+02  5.5625E-03
  4.6900E+02  5.4601E-03
  4.7000E+02  5.3585E-03
  4.7100E+02  5.2578E-03
  4.7200E+02  5.1578E-03
  4.7300E+02  5.0588E-03
  4.7400E+02  1.3916E-02
  4.7500E+02  2.3813E-02
  4.7600E+02  3.5839E-02
  4.7700E+02  4.9995E-02
  4.7800E+02  8.6531E-02
  4.7900E+02  7.2686E-02
  4.8000E+02  7.0281E-02
  4.8100E+02  7.2622E-02
  4.8200E+02  7.1472E-02
  4.8300E+02  6.8177E-02
  4.8400E+02  7.1501E-02
  4.8500E+02  7.3049E-02
  4.8600E+02  7.6066E-02
  4.8700E+02  7.7592E-02
  4.8800E+02  7.9248E-02
  4.8900E+02  8.0621E-02
  4.9000E+02  8.8496E-02
  4.9100E+02  9.6039E-02
  4.9200E+02  8.7061E-02
  4.9300E+02  7.7750E-02
  4.9400E+02  7.3504E-02
  4.9500E+02  7.0646E-02
  4.9600E+02  6.7781E-02
  4.9700E+02  6.4909E-02
  4.9800E+02  6.6096E-02
  4.9900E+02  7.0995E-02
  5.0000E+02  5.6774E-02
  5.0100E+02  4.2679E-02
  5.0200E+02  3.5782E-02
  5.0300E+02  2.9937E-02
  5.0400E+02  2.4851E-02
  5.0500E+02  2.0134E-02
  5.0600E+02  1.6559E-02
  5.0700E+02  1.5171E-02
  5.0800E+02  1.3796E-02
  5.0900E+02  1.2435E-02
  5.1000E+02  1.1087E-02
  5.1100E+02  9.7526E-03
  5.1200E+02  8.4317E-03
  5.1300E+02  7.1243E-03
  5.1400E+02  6.2101E-03
  5.1500E+02  6.2258E-03
  5.1600E+02  4.5760E-03
  5.1700E+02  1.8845E-03
  5.1800E+02  1.3074E-03
  5.1900E+02  8.3558E-04
  5.2000E+02  4.6892E-04
  5.2100E+02  2.0743E-04
  5.2200E+02  5.1131E-05
  5.2300E+02  0.0000E+00
