  0.0000E+00  0.0000E+00
  1.0000E+00  9.9869E-08
  2.0000E+00  3.9948E-07
  3.0000E+00  8.9884E-07
  4.0000E+00  1.5979E-06
  5.0000E+00  2.4968E-06
  6.0000E+00  3.5954E-06
  7.0000E+00  4.8937E-06
  8.0000E+00  6.3918E-06
  9.0000E+00  8.0896E-06
  1.0000E+01  9.9872E-06
  1.1000E+01  1.2085E-05
  1.2000E+01  1.4382E-05
  1.3000E+01  1.6878E-05
  1.4000E+01  1.9575E-05
  1.5000E+01  2.2471E-05
  1.6000E+01  2.5567E-05
  1.7000E+01  2.8863E-05
  1.8000E+01  3.2359E-05
  1.9000E+01  3.6054E-05
  2.0000E+01  3.9949E-05
  2.1000E+01  4.4044E-05
  2.2000E+01  4.8338E-05
  2.3000E+01  5.2832E-05
  2.4000E+01  5.7526E-05
  2.5000E+01  6.2420E-05
  2.6000E+01  6.7514E-05
  2.7000E+01  7.2807E-05
  2.8000E+01  7.8300E-05
  2.9000E+01  8.3993E-05
  3.0000E+01  8.9885E-05
  3.1000E+01  9.5977E-05
  3.2000E+01  1.0227E-04
  3.3000E+01  1.0876E-04
  3.4000E+01  1.1545E-04
  3.5000E+01  1.2234E-04
  3.6000E+01  1.2943E-04
  3.7000E+01  1.3673E-04
  3.8000E+01  1.4422E-04
  3.9000E+01  1.5191E-04
  4.0000E+01  1.5980E-04
  4.1000E+01  1.6789E-04
  4.2000E+01  1.7617E-04
  4.3000E+01  1.8466E-04
  4.4000E+01  1.9335E-04
  4.5000E+01  2.0224E-04
  4.6000E+01  2.1133E-04
  4.7000E+01  2.2062E-04
  4.8000E+01  2.3011E-04
  4.9000E+01  2.3979E-04
  5.0000E+01  2.4968E-04
  5.1000E+01  2.6847E-04
  5.2000E+01  3.6953E-04
  5.3000E+01  4.6428E-04
  5.4000E+01  5.5274E-04
  5.5000E+01  6.3489E-04
  5.6000E+01  7.1075E-04
  5.7000E+01  7.8031E-04
  5.8000E+01  8.4357E-04
  5.9000E+01  9.0054E-04
  6.0000E+01  9.5120E-04
  6.1000E+01  9.9556E-04
  6.2000E+01  1.0336E-03
  6.3000E+01  1.0654E-03
  6.4000E+01  1.0909E-03
  6.5000E+01  1.1100E-03
  6.6000E+01  1.1306E-03
  6.7000E+01  1.1784E-03
  6.8000E+01  1.2269E-03
  6.9000E+01  1.2764E-03
  7.0000E+01  1.3266E-03
  7.1000E+01  1.3778E-03
  7.2000E+01  1.4298E-03
  7.3000E+01  1.4826E-03
  7.4000E+01  1.5363E-03
  7.5000E+01  1.5908E-03
  7.6000E+01  1.6544E-03
  7.7000E+01  1.7244E-03
  7.8000E+01  1.7995E-03
  7.9000E+01  1.8798E-03
  8.0000E+01  1.9654E-03
  8.1000E+01  2.0561E-03
  8.2000E+01  2.1520E-03
  8.3000E+01  2.2533E-03
  8.4000E+01  2.3628E-03
  8.5000E+01  2.4820E-03
  8.6000E+01  2.6107E-03
  8.7000E+01  2.7491E-03
  8.8000E+01  2.8971E-03
  8.9000E+01  3.0547E-03
  9.0000E+01  3.2219E-03
  9.1000E+01  3.3988E-03
  9.2000E+01  3.5853E-03
  9.3000E+01  3.7716E-03
  9.4000E+01  3.9636E-03
  9.5000E+01  4.2812E-03
  9.6000E+01  4.6660E-03
  9.7000E+01  4.9510E-03
  9.8000E+01  5.1955E-03
  9.9000E+01  5.4092E-03
  1.0000E+02  5.8210E-03
  1.0100E+02  6.5196E-03
  1.0200E+02  7.1292E-03
  1.0300E+02  7.6632E-03
  1.0400E+02  8.1390E-03
  1.0500E+02  8.6442E-03
  1.0600E+02  9.2450E-03
  1.0700E+02  9.8243E-03
  1.0800E+02  1.0415E-02
  1.0900E+02  1.1019E-02
  1.1000E+02  1.1635E-02
  1.1100E+02  1.2265E-02
  1.1200E+02  1.4247E-02
  1.1300E+02  1.4042E-02
  1.1400E+02  1.4495E-02
  1.1500E+02  1.7724E-02
  1.1600E+02  1.3968E-02
  1.1700E+02  1.4346E-02
  1.1800E+02  1.4726E-02
  1.1900E+02  1.5108E-02
  1.2000E+02  1.5491E-02
  1.2100E+02  1.5875E-02
  1.2200E+02  1.6350E-02
  1.2300E+02  1.7143E-02
  1.2400E+02  1.7604E-02
  1.2500E+02  1.7838E-02
  1.2600E+02  1.8289E-02
  1.2700E+02  1.8757E-02
  1.2800E+02  1.9245E-02
  1.2900E+02  2.0034E-02
  1.3000E+02  2.1319E-02
  1.3100E+02  2.2094E-02
  1.3200E+02  2.3155E-02
  1.3300E+02  2.5071E-02
  1.3400E+02  2.8504E-02
  1.3500E+02  3.2748E-02
  1.3600E+02  3.1547E-02
  1.3700E+02  3.2728E-02
  1.3800E+02  2.9351E-02
  1.3900E+02  2.9832E-02
  1.4000E+02  2.9783E-02
  1.4100E+02  2.9488E-02
  1.4200E+02  2.9186E-02
  1.4300E+02  2.8879E-02
  1.4400E+02  2.8566E-02
  1.4500E+02  2.8272E-02
  1.4600E+02  2.7983E-02
  1.4700E+02  2.7690E-02
  1.4800E+02  2.7397E-02
  1.4900E+02  2.7108E-02
  1.5000E+02  2.6996E-02
  1.5100E+02  2.7092E-02
  1.5200E+02  2.6942E-02
  1.5300E+02  2.6748E-02
  1.5400E+02  2.6477E-02
  1.5500E+02  2.5082E-02
  1.5600E+02  2.4214E-02
  1.5700E+02  2.3447E-02
  1.5800E+02  2.7746E-02
  1.5900E+02  2.0569E-02
  1.6000E+02  1.7888E-02
  1.6100E+02  1.7609E-02
  1.6200E+02  1.7393E-02
  1.6300E+02  1.7169E-02
  1.6400E+02  1.6937E-02
  1.6500E+02  1.6698E-02
  1.6600E+02  1.6451E-02
  1.6700E+02  1.6198E-02
  1.6800E+02  1.5952E-02
  1.6900E+02  1.5714E-02
  1.7000E+02  1.5602E-02
  1.7100E+02  1.5582E-02
  1.7200E+02  1.5537E-02
  1.7300E+02  1.5412E-02
  1.7400E+02  1.5286E-02
  1.7500E+02  1.5158E-02
  1.7600E+02  1.5029E-02
  1.7700E+02  1.4898E-02
  1.7800E+02  1.4766E-02
  1.7900E+02  1.4652E-02
  1.8000E+02  1.4561E-02
  1.8100E+02  1.4492E-02
  1.8200E+02  1.4446E-02
  1.8300E+02  1.4274E-02
  1.8400E+02  1.4128E-02
  1.8500E+02  1.4218E-02
  1.8600E+02  1.4255E-02
  1.8700E+02  1.4237E-02
  1.8800E+02  1.4176E-02
  1.8900E+02  1.4268E-02
  1.9000E+02  1.4369E-02
  1.9100E+02  1.4501E-02
  1.9200E+02  1.4915E-02
  1.9300E+02  1.8538E-02
  1.9400E+02  1.7695E-02
  1.9500E+02  1.7783E-02
  1.9600E+02  1.7988E-02
  1.9700E+02  1.8124E-02
  1.9800E+02  1.8171E-02
  1.9900E+02  1.8127E-02
  2.0000E+02  1.7993E-02
  2.0100E+02  1.6795E-02
  2.0200E+02  1.5333E-02
  2.0300E+02  1.4158E-02
  2.0400E+02  1.2808E-02
  2.0500E+02  1.1285E-02
  2.0600E+02  9.5968E-03
  2.0700E+02  8.0107E-03
  2.0800E+02  6.5291E-03
  2.0900E+02  5.1521E-03
  2.1000E+02  3.8796E-03
  2.1100E+02  1.4212E-03
  2.1200E+02  1.4457E-03
  2.1300E+02  1.4692E-03
  2.1400E+02  1.4890E-03
  2.1500E+02  1.5053E-03
  2.1600E+02  1.5180E-03
  2.1700E+02  1.5273E-03
  2.1800E+02  1.5369E-03
  2.1900E+02  1.5623E-03
  2.2000E+02  1.5879E-03
  2.2100E+02  1.6137E-03
  2.2200E+02  1.6398E-03
  2.2300E+02  1.6660E-03
  2.2400E+02  1.6925E-03
  2.2500E+02  1.7191E-03
  2.2600E+02  1.7459E-03
  2.2700E+02  1.7730E-03
  2.2800E+02  1.8002E-03
  2.2900E+02  1.8277E-03
  2.3000E+02  1.8554E-03
  2.3100E+02  1.8832E-03
  2.3200E+02  1.9113E-03
  2.3300E+02  1.9396E-03
  2.3400E+02  1.9681E-03
  2.3500E+02  1.9967E-03
  2.3600E+02  2.0256E-03
  2.3700E+02  2.0547E-03
  2.3800E+02  2.0840E-03
  2.3900E+02  2.1135E-03
  2.4000E+02  2.1432E-03
  2.4100E+02  2.1731E-03
  2.4200E+02  2.2032E-03
  2.4300E+02  2.2336E-03
  2.4400E+02  2.2668E-03
  2.4500E+02  2.3121E-03
  2.4600E+02  2.3701E-03
  2.4700E+02  2.4284E-03
  2.4800E+02  2.4823E-03
  2.4900E+02  2.5333E-03
  2.5000E+02  2.5824E-03
  2.5100E+02  2.6306E-03
  2.5200E+02  2.6778E-03
  2.5300E+02  2.7242E-03
  2.5400E+02  2.7696E-03
  2.5500E+02  2.8141E-03
  2.5600E+02  2.8576E-03
  2.5700E+02  2.9003E-03
  2.5800E+02  2.9420E-03
  2.5900E+02  2.9828E-03
  2.6000E+02  3.0227E-03
  2.6100E+02  3.0617E-03
  2.6200E+02  3.0998E-03
  2.6300E+02  3.1378E-03
  2.6400E+02  3.1813E-03
  2.6500E+02  3.2264E-03
  2.6600E+02  3.2730E-03
  2.6700E+02  3.3212E-03
  2.6800E+02  3.3709E-03
  2.6900E+02  3.4222E-03
  2.7000E+02  3.4750E-03
  2.7100E+02  3.5294E-03
  2.7200E+02  3.5853E-03
  2.7300E+02  3.6428E-03
  2.7400E+02  3.7019E-03
  2.7500E+02  3.7626E-03
  2.7600E+02  3.8249E-03
  2.7700E+02  3.8888E-03
  2.7800E+02  3.9543E-03
  2.7900E+02  4.0215E-03
  2.8000E+02  4.0903E-03
  2.8100E+02  4.1611E-03
  2.8200E+02  4.2335E-03
  2.8300E+02  4.3076E-03
  2.8400E+02  4.3833E-03
  2.8500E+02  4.4607E-03
  2.8600E+02  4.5398E-03
  2.8700E+02  4.6205E-03
  2.8800E+02  4.7089E-03
  2.8900E+02  4.8351E-03
  2.9000E+02  4.9640E-03
  2.9100E+02  5.0834E-03
  2.9200E+02  5.1933E-03
  2.9300E+02  5.2936E-03
  2.9400E+02  5.3844E-03
  2.9500E+02  5.4657E-03
  2.9600E+02  5.5374E-03
  2.9700E+02  5.6231E-03
  2.9800E+02  5.7352E-03
  2.9900E+02  5.8489E-03
  3.0000E+02  5.9641E-03
  3.0100E+02  6.0809E-03
  3.0200E+02  6.1993E-03
  3.0300E+02  6.3192E-03
  3.0400E+02  6.4406E-03
  3.0500E+02  6.5637E-03
  3.0600E+02  6.6882E-03
  3.0700E+02  6.8144E-03
  3.0800E+02  6.9502E-03
  3.0900E+02  7.1529E-03
  3.1000E+02  7.3421E-03
  3.1100E+02  7.5141E-03
  3.1200E+02  7.6690E-03
  3.1300E+02  7.8117E-03
  3.1400E+02  8.0386E-03
  3.1500E+02  8.2930E-03
  3.1600E+02  8.5749E-03
  3.1700E+02  8.8842E-03
  3.1800E+02  9.2210E-03
  3.1900E+02  9.5851E-03
  3.2000E+02  9.9765E-03
  3.2100E+02  1.0395E-02
  3.2200E+02  1.0842E-02
  3.2300E+02  1.1315E-02
  3.2400E+02  1.2470E-02
  3.2500E+02  1.3258E-02
  3.2600E+02  1.3824E-02
  3.2700E+02  1.4178E-02
  3.2800E+02  1.4406E-02
  3.2900E+02  1.4554E-02
  3.3000E+02  1.4623E-02
  3.3100E+02  1.4613E-02
  3.3200E+02  1.4523E-02
  3.3300E+02  1.4432E-02
  3.3400E+02  1.4420E-02
  3.3500E+02  1.4427E-02
  3.3600E+02  1.4350E-02
  3.3700E+02  1.4182E-02
  3.3800E+02  1.3916E-02
  3.3900E+02  1.3538E-02
  3.4000E+02  1.3093E-02
  3.4100E+02  1.2779E-02
  3.4200E+02  1.2567E-02
  3.4300E+02  1.2368E-02
  3.4400E+02  1.1827E-02
  3.4500E+02  1.1245E-02
  3.4600E+02  1.0655E-02
  3.4700E+02  1.0054E-02
  3.4800E+02  9.4143E-03
  3.4900E+02  8.6938E-03
  3.5000E+02  8.2715E-03
  3.5100E+02  7.5687E-03
  3.5200E+02  6.9262E-03
  3.5300E+02  6.3439E-03
  3.5400E+02  5.8698E-03
  3.5500E+02  5.5630E-03
  3.5600E+02  5.2690E-03
  3.5700E+02  4.9278E-03
  3.5800E+02  4.6079E-03
  3.5900E+02  4.3093E-03
  3.6000E+02  4.0321E-03
  3.6100E+02  3.7769E-03
  3.6200E+02  3.5437E-03
  3.6300E+02  3.3328E-03
  3.6400E+02  3.1440E-03
  3.6500E+02  2.9773E-03
  3.6600E+02  2.8493E-03
  3.6700E+02  2.7760E-03
  3.6800E+02  2.7230E-03
  3.6900E+02  2.6903E-03
  3.7000E+02  2.6778E-03
  3.7100E+02  2.6857E-03
  3.7200E+02  2.7138E-03
  3.7300E+02  2.7621E-03
  3.7400E+02  2.8308E-03
  3.7500E+02  2.9197E-03
  3.7600E+02  3.0288E-03
  3.7700E+02  3.1565E-03
  3.7800E+02  3.3017E-03
  3.7900E+02  3.4645E-03
  3.8000E+02  3.6480E-03
  3.8100E+02  3.7790E-03
  3.8200E+02  4.0305E-03
  3.8300E+02  4.4541E-03
  3.8400E+02  4.8459E-03
  3.8500E+02  5.2069E-03
  3.8600E+02  5.5543E-03
  3.8700E+02  5.9258E-03
  3.8800E+02  6.3276E-03
  3.8900E+02  6.7594E-03
  3.9000E+02  7.2214E-03
  3.9100E+02  7.7136E-03
  3.9200E+02  8.2359E-03
  3.9300E+02  8.7883E-03
  3.9400E+02  9.2799E-03
  3.9500E+02  9.6869E-03
  3.9600E+02  1.0025E-02
  3.9700E+02  1.0525E-02
  3.9800E+02  1.1138E-02
  3.9900E+02  1.1341E-02
  4.0000E+02  1.1325E-02
  4.0100E+02  1.2173E-02
  4.0200E+02  1.3413E-02
  4.0300E+02  1.4231E-02
  4.0400E+02  1.1264E-02
  4.0500E+02  1.1165E-02
  4.0600E+02  1.1117E-02
  4.0700E+02  1.1120E-02
  4.0800E+02  1.1174E-02
  4.0900E+02  1.1271E-02
  4.1000E+02  1.1391E-02
  4.1100E+02  1.1532E-02
  4.1200E+02  1.1665E-02
  4.1300E+02  1.1753E-02
  4.1400E+02  1.1832E-02
  4.1500E+02  1.1901E-02
  4.1600E+02  1.1961E-02
  4.1700E+02  1.2011E-02
  4.1800E+02  1.2054E-02
  4.1900E+02  1.2091E-02
  4.2000E+02  1.2121E-02
  4.2100E+02  1.2144E-02
  4.2200E+02  1.2160E-02
  4.2300E+02  1.2179E-02
  4.2400E+02  1.2569E-02
  4.2500E+02  1.3503E-02
  4.2600E+02  1.3644E-02
  4.2700E+02  1.3611E-02
  4.2800E+02  1.3448E-02
  4.2900E+02  1.3087E-02
  4.3000E+02  1.2584E-02
  4.3100E+02  1.0759E-02
  4.3200E+02  1.0437E-02
  4.3300E+02  1.0194E-02
  4.3400E+02  9.9698E-03
  4.3500E+02  9.7282E-03
  4.3600E+02  9.4689E-03
  4.3700E+02  9.2983E-03
  4.3800E+02  9.1534E-03
  4.3900E+02  9.0108E-03
  4.4000E+02  8.8702E-03
  4.4100E+02  8.7318E-03
  4.4200E+02  8.5956E-03
  4.4300E+02  8.4615E-03
  4.4400E+02  8.3296E-03
  4.4500E+02  8.1998E-03
  4.4600E+02  8.0722E-03
  4.4700E+02  7.9468E-03
  4.4800E+02  7.8235E-03
  4.4900E+02  7.7023E-03
  4.5000E+02  7.5835E-03
  4.5100E+02  7.4786E-03
  4.5200E+02  7.3953E-03
  4.5300E+02  7.3336E-03
  4.5400E+02  7.2702E-03
  4.5500E+02  7.2557E-03
  4.5600E+02  7.2727E-03
  4.5700E+02  7.3187E-03
  4.5800E+02  7.3994E-03
  4.5900E+02  7.5575E-03
  4.6000E+02  7.4321E-03
  4.6100E+02  8.5151E-03
  4.6200E+02  7.9586E-03
  4.6300E+02  6.9400E-03
  4.6400E+02  6.7070E-03
  4.6500E+02  6.5899E-03
  4.6600E+02  6.4734E-03
  4.6700E+02  6.3576E-03
  4.6800E+02  6.2425E-03
  4.6900E+02  6.1280E-03
  4.7000E+02  6.0142E-03
  4.7100E+02  5.9011E-03
  4.7200E+02  5.7887E-03
  4.7300E+02  6.5981E-03
  4.7400E+02  1.8211E-02
  4.7500E+02  3.0391E-02
  4.7600E+02  4.6145E-02
  4.7700E+02  7.1444E-02
  4.7800E+02  8.3163E-02
  4.7900E+02  8.4412E-02
  4.8000E+02  7.7360E-02
  4.8100E+02  6.8739E-02
  4.8200E+02  6.9125E-02
  4.8300E+02  6.9762E-02
  4.8400E+02  7.1343E-02
  4.8500E+02  7.0673E-02
  4.8600E+02  6.9914E-02
  4.8700E+02  6.9528E-02
  4.8800E+02  7.0719E-02
  4.8900E+02  6.8509E-02
  4.9000E+02  6.8776E-02
  4.9100E+02  7.0091E-02
  4.9200E+02  7.1400E-02
  4.9300E+02  7.2617E-02
  4.9400E+02  7.4356E-02
  4.9500E+02  7.9089E-02
  4.9600E+02  8.1300E-02
  4.9700E+02  7.6062E-02
  4.9800E+02  7.1566E-02
  4.9900E+02  6.6925E-02
  5.0000E+02  6.6838E-02
  5.0100E+02  4.1266E-02
  5.0200E+02  3.4341E-02
  5.0300E+02  3.0068E-02
  5.0400E+02  2.5776E-02
  5.0500E+02  2.1185E-02
  5.0600E+02  1.7967E-02
  5.0700E+02  1.5912E-02
  5.0800E+02  1.4221E-02
  5.0900E+02  1.2853E-02
  5.1000E+02  1.1702E-02
  5.1100E+02  1.0868E-02
  5.1200E+02  1.0465E-02
  5.1300E+02  8.1571E-03
  5.1400E+02  7.4468E-03
  5.1500E+02  6.5946E-03
  5.1600E+02  5.6002E-03
  5.1700E+02  4.4638E-03
  5.1800E+02  3.3400E-03
  5.1900E+02  2.8293E-03
  5.2000E+02  2.5394E-03
  5.2100E+02  5.5702E-04
  5.2200E+02  1.3730E-04
  5.2300E+02  0.0000E+00
