  0.0000E+00  0.0000E+00
  1.0000E+00  1.3810E-07
  2.0000E+00  5.5242E-07
  3.0000E+00  1.2430E-06
  4.0000E+00  2.2097E-06
  5.0000E+00  3.4527E-06
  6.0000E+00  4.9718E-06
  7.0000E+00  6.7672E-06
  8.0000E+00  8.8388E-06
  9.0000E+00  1.1187E-05
  1.0000E+01  1.3811E-05
  1.1000E+01  1.6711E-05
  1.2000E+01  1.9887E-05
  1.3000E+01  2.3340E-05
  1.4000E+01  2.7069E-05
  1.5000E+01  3.1074E-05
  1.6000E+01  3.5355E-05
  1.7000E+01  3.9913E-05
  1.8000E+01  4.4747E-05
  1.9000E+01  4.9857E-05
  2.0000E+01  5.5243E-05
  2.1000E+01  6.0905E-05
  2.2000E+01  6.6844E-05
  2.3000E+01  7.3059E-05
  2.4000E+01  7.9550E-05
  2.5000E+01  8.6317E-05
  2.6000E+01  9.3360E-05
  2.7000E+01  1.0068E-04
  2.8000E+01  1.0828E-04
  2.9000E+01  1.1615E-04
  3.0000E+01  1.2430E-04
  3.1000E+01  1.3272E-04
  3.2000E+01  1.4142E-04
  3.3000E+01  1.5040E-04
  3.4000E+01  1.5965E-04
  3.5000E+01  1.6918E-04
  3.6000E+01  1.7899E-04
  3.7000E+01  1.8907E-04
  3.8000E+01  1.9943E-04
  3.9000E+01  2.1006E-04
  4.0000E+01  2.2097E-04
  4.1000E+01  2.3216E-04
  4.2000E+01  2.4362E-04
  4.3000E+01  2.5536E-04
  4.4000E+01  2.6738E-04
  4.5000E+01  3.0255E-04
  4.6000E+01  4.1922E-04
  4.7000E+01  5.2631E-04
  4.8000E+01  6.2380E-04
  4.9000E+01  7.1170E-04
  5.0000E+01  7.9001E-04
  5.1000E+01  8.5873E-04
  5.2000E+01  9.1786E-04
  5.3000E+01  9.6740E-04
  5.4000E+01  1.0073E-03
  5.5000E+01  1.0377E-03
  5.6000E+01  1.0585E-03
  5.7000E+01  1.0696E-03
  5.8000E+01  1.0712E-03
  5.9000E+01  1.1062E-03
  6.0000E+01  1.1519E-03
  6.1000E+01  1.1983E-03
  6.2000E+01  1.2453E-03
  6.3000E+01  1.2930E-03
  6.4000E+01  1.3413E-03
  6.5000E+01  1.3903E-03
  6.6000E+01  1.4399E-03
  6.7000E+01  1.4903E-03
  6.8000E+01  1.5447E-03
  6.9000E+01  1.6019E-03
  7.0000E+01  1.6617E-03
  7.1000E+01  1.7242E-03
  7.2000E+01  1.7895E-03
  7.3000E+01  1.8574E-03
  7.4000E+01  1.9280E-03
  7.5000E+01  2.0013E-03
  7.6000E+01  2.0773E-03
  7.7000E+01  2.1560E-03
  7.8000E+01  2.2374E-03
  7.9000E+01  2.3214E-03
  8.0000E+01  2.4085E-03
  8.1000E+01  2.5076E-03
  8.2000E+01  2.6231E-03
  8.3000E+01  2.7548E-03
  8.4000E+01  2.9030E-03
  8.5000E+01  3.0675E-03
  8.6000E+01  3.2483E-03
  8.7000E+01  3.4320E-03
  8.8000E+01  3.6654E-03
  8.9000E+01  4.1831E-03
  9.0000E+01  4.4705E-03
  9.1000E+01  4.5274E-03
  9.2000E+01  4.3984E-03
  9.3000E+01  4.5542E-03
  9.4000E+01  4.7157E-03
  9.5000E+01  4.9024E-03
  9.6000E+01  5.1430E-03
  9.7000E+01  5.4302E-03
  9.8000E+01  5.8630E-03
  9.9000E+01  6.2992E-03
  1.0000E+02  6.7398E-03
  1.0100E+02  7.1853E-03
  1.0200E+02  7.6357E-03
  1.0300E+02  8.0909E-03
  1.0400E+02  8.7534E-03
  1.0500E+02  9.6870E-03
  1.0600E+02  1.0683E-02
  1.0700E+02  1.1664E-02
  1.0800E+02  1.2630E-02
  1.0900E+02  1.3772E-02
  1.1000E+02  1.4574E-02
  1.1100E+02  1.5329E-02
  1.1200E+02  1.6010E-02
  1.1300E+02  1.5732E-02
  1.1400E+02  1.4575E-02
  1.1500E+02  1.4923E-02
  1.1600E+02  1.5247E-02
  1.1700E+02  1.5554E-02
  1.1800E+02  1.5862E-02
  1.1900E+02  1.6173E-02
  1.2000E+02  1.6485E-02
  1.2100E+02  1.7927E-02
  1.2200E+02  1.7525E-02
  1.2300E+02  1.7873E-02
  1.2400E+02  1.8270E-02
  1.2500E+02  1.8837E-02
  1.2600E+02  1.9175E-02
  1.2700E+02  1.9471E-02
  1.2800E+02  1.9856E-02
  1.2900E+02  2.0430E-02
  1.3000E+02  2.1797E-02
  1.3100E+02  2.3307E-02
  1.3200E+02  2.3249E-02
  1.3300E+02  2.2483E-02
  1.3400E+02  2.0909E-02
  1.3500E+02  2.1456E-02
  1.3600E+02  2.3883E-02
  1.3700E+02  2.5678E-02
  1.3800E+02  2.6851E-02
  1.3900E+02  2.6188E-02
  1.4000E+02  2.6337E-02
  1.4100E+02  2.6483E-02
  1.4200E+02  2.6627E-02
  1.4300E+02  2.6769E-02
  1.4400E+02  2.6934E-02
  1.4500E+02  2.7082E-02
  1.4600E+02  2.8465E-02
  1.4700E+02  2.8387E-02
  1.4800E+02  2.8439E-02
  1.4900E+02  2.8521E-02
  1.5000E+02  2.8352E-02
  1.5100E+02  2.8053E-02
  1.5200E+02  2.7644E-02
  1.5300E+02  2.7625E-02
  1.5400E+02  2.8207E-02
  1.5500E+02  2.6803E-02
  1.5600E+02  2.3822E-02
  1.5700E+02  2.2216E-02
  1.5800E+02  2.1281E-02
  1.5900E+02  2.0375E-02
  1.6000E+02  1.9554E-02
  1.6100E+02  1.8927E-02
  1.6200E+02  1.8377E-02
  1.6300E+02  1.7906E-02
  1.6400E+02  1.7512E-02
  1.6500E+02  1.7299E-02
  1.6600E+02  1.7085E-02
  1.6700E+02  1.7196E-02
  1.6800E+02  1.7061E-02
  1.6900E+02  1.6924E-02
  1.7000E+02  1.6785E-02
  1.7100E+02  1.6645E-02
  1.7200E+02  1.6503E-02
  1.7300E+02  1.6360E-02
  1.7400E+02  1.6216E-02
  1.7500E+02  1.6070E-02
  1.7600E+02  1.5923E-02
  1.7700E+02  1.5775E-02
  1.7800E+02  1.5625E-02
  1.7900E+02  1.5475E-02
  1.8000E+02  1.5347E-02
  1.8100E+02  1.5510E-02
  1.8200E+02  1.5717E-02
  1.8300E+02  1.5889E-02
  1.8400E+02  1.5678E-02
  1.8500E+02  1.5639E-02
  1.8600E+02  1.5808E-02
  1.8700E+02  1.6141E-02
  1.8800E+02  1.7005E-02
  1.8900E+02  1.7398E-02
  1.9000E+02  1.7377E-02
  1.9100E+02  1.7626E-02
  1.9200E+02  1.7707E-02
  1.9300E+02  1.7701E-02
  1.9400E+02  1.7606E-02
  1.9500E+02  1.7422E-02
  1.9600E+02  1.7151E-02
  1.9700E+02  1.6791E-02
  1.9800E+02  1.5476E-02
  1.9900E+02  1.4462E-02
  2.0000E+02  1.3400E-02
  2.0100E+02  1.2130E-02
  2.0200E+02  1.0653E-02
  2.0300E+02  8.9163E-03
  2.0400E+02  7.2665E-03
  2.0500E+02  5.7602E-03
  2.0600E+02  4.3973E-03
  2.0700E+02  2.8840E-03
  2.0800E+02  1.2588E-03
  2.0900E+02  1.2789E-03
  2.1000E+02  1.2993E-03
  2.1100E+02  1.3199E-03
  2.1200E+02  1.3408E-03
  2.1300E+02  1.3618E-03
  2.1400E+02  1.3830E-03
  2.1500E+02  1.4045E-03
  2.1600E+02  1.4263E-03
  2.1700E+02  1.4472E-03
  2.1800E+02  1.4635E-03
  2.1900E+02  1.4753E-03
  2.2000E+02  1.4828E-03
  2.2100E+02  1.5074E-03
  2.2200E+02  1.5322E-03
  2.2300E+02  1.5571E-03
  2.2400E+02  1.5823E-03
  2.2500E+02  1.6076E-03
  2.2600E+02  1.6332E-03
  2.2700E+02  1.6589E-03
  2.2800E+02  1.6848E-03
  2.2900E+02  1.7109E-03
  2.3000E+02  1.7372E-03
  2.3100E+02  1.7637E-03
  2.3200E+02  1.7904E-03
  2.3300E+02  1.8173E-03
  2.3400E+02  1.8443E-03
  2.3500E+02  1.8716E-03
  2.3600E+02  1.8990E-03
  2.3700E+02  1.9266E-03
  2.3800E+02  1.9545E-03
  2.3900E+02  1.9825E-03
  2.4000E+02  2.0107E-03
  2.4100E+02  2.0391E-03
  2.4200E+02  2.0677E-03
  2.4300E+02  2.0964E-03
  2.4400E+02  2.1254E-03
  2.4500E+02  2.1545E-03
  2.4600E+02  2.1839E-03
  2.4700E+02  2.2136E-03
  2.4800E+02  2.2600E-03
  2.4900E+02  2.3186E-03
  2.5000E+02  2.3695E-03
  2.5100E+02  2.4183E-03
  2.5200E+02  2.4651E-03
  2.5300E+02  2.5112E-03
  2.5400E+02  2.5569E-03
  2.5500E+02  2.6022E-03
  2.5600E+02  2.6470E-03
  2.5700E+02  2.6914E-03
  2.5800E+02  2.7354E-03
  2.5900E+02  2.7790E-03
  2.6000E+02  2.8221E-03
  2.6100E+02  2.8649E-03
  2.6200E+02  2.9072E-03
  2.6300E+02  2.9491E-03
  2.6400E+02  2.9905E-03
  2.6500E+02  3.0316E-03
  2.6600E+02  3.0722E-03
  2.6700E+02  3.1124E-03
  2.6800E+02  3.1527E-03
  2.6900E+02  3.1991E-03
  2.7000E+02  3.2474E-03
  2.7100E+02  3.2978E-03
  2.7200E+02  3.3502E-03
  2.7300E+02  3.4045E-03
  2.7400E+02  3.4609E-03
  2.7500E+02  3.5192E-03
  2.7600E+02  3.5796E-03
  2.7700E+02  3.6420E-03
  2.7800E+02  3.7065E-03
  2.7900E+02  3.7730E-03
  2.8000E+02  3.8415E-03
  2.8100E+02  3.9121E-03
  2.8200E+02  3.9846E-03
  2.8300E+02  4.0593E-03
  2.8400E+02  4.1358E-03
  2.8500E+02  4.2138E-03
  2.8600E+02  4.2935E-03
  2.8700E+02  4.3747E-03
  2.8800E+02  4.4575E-03
  2.8900E+02  4.5420E-03
  2.9000E+02  4.6281E-03
  2.9100E+02  4.7159E-03
  2.9200E+02  4.8154E-03
  2.9300E+02  4.9540E-03
  2.9400E+02  5.0825E-03
  2.9500E+02  5.1990E-03
  2.9600E+02  5.3034E-03
  2.9700E+02  5.3957E-03
  2.9800E+02  5.4761E-03
  2.9900E+02  5.5444E-03
  3.0000E+02  5.6145E-03
  3.0100E+02  5.7265E-03
  3.0200E+02  5.8406E-03
  3.0300E+02  5.9567E-03
  3.0400E+02  6.0749E-03
  3.0500E+02  6.1952E-03
  3.0600E+02  6.3175E-03
  3.0700E+02  6.4419E-03
  3.0800E+02  6.5684E-03
  3.0900E+02  6.6969E-03
  3.1000E+02  6.8275E-03
  3.1100E+02  6.9640E-03
  3.1200E+02  7.1221E-03
  3.1300E+02  7.3028E-03
  3.1400E+02  7.5013E-03
  3.1500E+02  7.7085E-03
  3.1600E+02  7.9254E-03
  3.1700E+02  8.1520E-03
  3.1800E+02  8.3883E-03
  3.1900E+02  8.6344E-03
  3.2000E+02  8.9164E-03
  3.2100E+02  9.3436E-03
  3.2200E+02  9.8723E-03
  3.2300E+02  1.0431E-02
  3.2400E+02  1.1021E-02
  3.2500E+02  1.1640E-02
  3.2600E+02  1.2389E-02
  3.2700E+02  1.3156E-02
  3.2800E+02  1.3842E-02
  3.2900E+02  1.4426E-02
  3.3000E+02  1.4772E-02
  3.3100E+02  1.4962E-02
  3.3200E+02  1.5024E-02
  3.3300E+02  1.4958E-02
  3.3400E+02  1.4821E-02
  3.3500E+02  1.4809E-02
  3.3600E+02  1.4817E-02
  3.3700E+02  1.4836E-02
  3.3800E+02  1.4837E-02
  3.3900E+02  1.4817E-02
  3.4000E+02  1.4773E-02
  3.4100E+02  1.4663E-02
  3.4200E+02  1.4482E-02
  3.4300E+02  1.4235E-02
  3.4400E+02  1.3923E-02
  3.4500E+02  1.3316E-02
  3.4600E+02  1.2419E-02
  3.4700E+02  1.1617E-02
  3.4800E+02  1.0914E-02
  3.4900E+02  1.0253E-02
  3.5000E+02  9.6704E-03
  3.5100E+02  9.0474E-03
  3.5200E+02  8.4593E-03
  3.5300E+02  7.9061E-03
  3.5400E+02  7.3879E-03
  3.5500E+02  6.9047E-03
  3.5600E+02  6.4563E-03
  3.5700E+02  5.9986E-03
  3.5800E+02  5.4886E-03
  3.5900E+02  4.9999E-03
  3.6000E+02  4.5867E-03
  3.6100E+02  4.2716E-03
  3.6200E+02  3.9795E-03
  3.6300E+02  3.7105E-03
  3.6400E+02  3.4645E-03
  3.6500E+02  3.2415E-03
  3.6600E+02  3.0416E-03
  3.6700E+02  2.8710E-03
  3.6800E+02  2.7859E-03
  3.6900E+02  2.7423E-03
  3.7000E+02  2.7402E-03
  3.7100E+02  2.7797E-03
  3.7200E+02  2.8607E-03
  3.7300E+02  2.9832E-03
  3.7400E+02  3.1472E-03
  3.7500E+02  3.3528E-03
  3.7600E+02  3.5998E-03
  3.7700E+02  3.8850E-03
  3.7800E+02  3.8795E-03
  3.7900E+02  4.1933E-03
  3.8000E+02  4.5044E-03
  3.8100E+02  4.8535E-03
  3.8200E+02  5.1975E-03
  3.8300E+02  5.4864E-03
  3.8400E+02  5.7728E-03
  3.8500E+02  6.0591E-03
  3.8600E+02  6.3452E-03
  3.8700E+02  6.6312E-03
  3.8800E+02  6.9169E-03
  3.8900E+02  7.3584E-03
  3.9000E+02  7.9918E-03
  3.9100E+02  8.5166E-03
  3.9200E+02  9.0095E-03
  3.9300E+02  9.4706E-03
  3.9400E+02  9.8999E-03
  3.9500E+02  1.0297E-02
  3.9600E+02  1.0663E-02
  3.9700E+02  1.0997E-02
  3.9800E+02  1.1460E-02
  3.9900E+02  1.2775E-02
  4.0000E+02  1.9718E-02
  4.0100E+02  1.0697E-02
  4.0200E+02  1.0530E-02
  4.0300E+02  1.0429E-02
  4.0400E+02  1.0394E-02
  4.0500E+02  1.0425E-02
  4.0600E+02  1.0500E-02
  4.0700E+02  1.0583E-02
  4.0800E+02  1.0675E-02
  4.0900E+02  1.0775E-02
  4.1000E+02  1.0857E-02
  4.1100E+02  1.0920E-02
  4.1200E+02  1.0976E-02
  4.1300E+02  1.1026E-02
  4.1400E+02  1.1069E-02
  4.1500E+02  1.1106E-02
  4.1600E+02  1.1136E-02
  4.1700E+02  1.1160E-02
  4.1800E+02  1.1179E-02
  4.1900E+02  1.1194E-02
  4.2000E+02  1.1204E-02
  4.2100E+02  1.1210E-02
  4.2200E+02  1.1212E-02
  4.2300E+02  1.1349E-02
  4.2400E+02  1.1972E-02
  4.2500E+02  1.2492E-02
  4.2600E+02  1.2558E-02
  4.2700E+02  1.2521E-02
  4.2800E+02  1.2397E-02
  4.2900E+02  1.2185E-02
  4.3000E+02  1.1824E-02
  4.3100E+02  1.0302E-02
  4.3200E+02  1.0051E-02
  4.3300E+02  9.8096E-03
  4.3400E+02  9.6050E-03
  4.3500E+02  9.3982E-03
  4.3600E+02  9.1781E-03
  4.3700E+02  8.9448E-03
  4.3800E+02  8.7674E-03
  4.3900E+02  8.6303E-03
  4.4000E+02  8.4956E-03
  4.4100E+02  8.3633E-03
  4.4200E+02  8.2335E-03
  4.4300E+02  8.1061E-03
  4.4400E+02  7.9811E-03
  4.4500E+02  7.8585E-03
  4.4600E+02  7.7384E-03
  4.4700E+02  7.6207E-03
  4.4800E+02  7.5054E-03
  4.4900E+02  7.3925E-03
  4.5000E+02  7.2846E-03
  4.5100E+02  7.1842E-03
  4.5200E+02  7.0913E-03
  4.5300E+02  7.0058E-03
  4.5400E+02  6.9278E-03
  4.5500E+02  6.8512E-03
  4.5600E+02  6.7888E-03
  4.5700E+02  6.7549E-03
  4.5800E+02  6.7539E-03
  4.5900E+02  6.7868E-03
  4.6000E+02  7.0545E-03
  4.6100E+02  7.7133E-03
  4.6200E+02  7.6363E-03
  4.6300E+02  7.4760E-03
  4.6400E+02  6.6252E-03
  4.6500E+02  6.5441E-03
  4.6600E+02  6.4159E-03
  4.6700E+02  6.2892E-03
  4.6800E+02  6.1639E-03
  4.6900E+02  6.0402E-03
  4.7000E+02  5.9180E-03
  4.7100E+02  5.7972E-03
  4.7200E+02  6.2293E-03
  4.7300E+02  2.1943E-02
  4.7400E+02  3.2678E-02
  4.7500E+02  5.2415E-02
  4.7600E+02  6.3348E-02
  4.7700E+02  6.9543E-02
  4.7800E+02  7.3267E-02
  4.7900E+02  7.0121E-02
  4.8000E+02  5.9108E-02
  4.8100E+02  5.7544E-02
  4.8200E+02  5.8113E-02
  4.8300E+02  5.9220E-02
  4.8400E+02  6.0934E-02
  4.8500E+02  6.1839E-02
  4.8600E+02  6.3449E-02
  4.8700E+02  6.5226E-02
  4.8800E+02  6.6407E-02
  4.8900E+02  6.5295E-02
  4.9000E+02  6.5117E-02
  4.9100E+02  6.6030E-02
  4.9200E+02  6.7384E-02
  4.9300E+02  6.9808E-02
  4.9400E+02  7.3276E-02
  4.9500E+02  7.7601E-02
  4.9600E+02  8.7950E-02
  4.9700E+02  9.2060E-02
  4.9800E+02  9.4208E-02
  4.9900E+02  9.1337E-02
  5.0000E+02  7.5653E-02
  5.0100E+02  3.7458E-02
  5.0200E+02  3.1697E-02
  5.0300E+02  2.7284E-02
  5.0400E+02  2.3047E-02
  5.0500E+02  1.9130E-02
  5.0600E+02  1.7835E-02
  5.0700E+02  1.6450E-02
  5.0800E+02  1.5113E-02
  5.0900E+02  1.3823E-02
  5.1000E+02  1.2585E-02
  5.1100E+02  1.1505E-02
  5.1200E+02  1.0821E-02
  5.1300E+02  1.0514E-02
  5.1400E+02  8.9064E-03
  5.1500E+02  7.8788E-03
  5.1600E+02  7.3191E-03
  5.1700E+02  6.6109E-03
  5.1800E+02  5.3418E-03
  5.1900E+02  3.8397E-03
  5.2000E+02  3.1477E-03
  5.2100E+02  7.9620E-04
  5.2200E+02  1.9626E-04
  5.2300E+02  0.0000E+00
