  0.0000E+00  0.0000E+00
  1.0000E+00  8.7304E-08
  2.0000E+00  3.4922E-07
  3.0000E+00  7.8575E-07
  4.0000E+00  1.3969E-06
  5.0000E+00  2.1826E-06
  6.0000E+00  3.1430E-06
  7.0000E+00  4.2780E-06
  8.0000E+00  5.5876E-06
  9.0000E+00  7.0718E-06
  1.0000E+01  8.7306E-06
  1.1000E+01  1.0564E-05
  1.2000E+01  1.2572E-05
  1.3000E+01  1.4755E-05
  1.4000E+01  1.7112E-05
  1.5000E+01  1.9644E-05
  1.6000E+01  2.2350E-05
  1.7000E+01  2.5232E-05
  1.8000E+01  2.8287E-05
  1.9000E+01  3.1518E-05
  2.0000E+01  3.4923E-05
  2.1000E+01  3.8502E-05
  2.2000E+01  4.2256E-05
  2.3000E+01  4.6185E-05
  2.4000E+01  5.0289E-05
  2.5000E+01  5.4567E-05
  2.6000E+01  5.9019E-05
  2.7000E+01  6.3646E-05
  2.8000E+01  6.8448E-05
  2.9000E+01  7.3425E-05
  3.0000E+01  7.8576E-05
  3.1000E+01  8.3902E-05
  3.2000E+01  8.9402E-05
  3.3000E+01  9.5077E-05
  3.4000E+01  1.0093E-04
  3.5000E+01  1.0695E-04
  3.6000E+01  1.4419E-04
  3.7000E+01  2.0394E-04
  3.8000E+01  2.5605E-04
  3.9000E+01  3.0050E-04
  4.0000E+01  3.3731E-04
  4.1000E+01  3.6646E-04
  4.2000E+01  3.8796E-04
  4.3000E+01  4.0181E-04
  4.4000E+01  4.0801E-04
  4.5000E+01  4.0656E-04
  4.6000E+01  4.2194E-04
  4.7000E+01  4.4451E-04
  4.8000E+01  4.6754E-04
  4.9000E+01  4.9103E-04
  5.0000E+01  5.1500E-04
  5.1000E+01  5.3943E-04
  5.2000E+01  5.6432E-04
  5.3000E+01  5.8969E-04
  5.4000E+01  6.1662E-04
  5.5000E+01  6.4553E-04
  5.6000E+01  6.7582E-04
  5.7000E+01  7.0748E-04
  5.8000E+01  7.4052E-04
  5.9000E+01  7.7494E-04
  6.0000E+01  8.1073E-04
  6.1000E+01  8.4789E-04
  6.2000E+01  8.8643E-04
  6.3000E+01  9.2635E-04
  6.4000E+01  9.6764E-04
  6.5000E+01  1.0754E-03
  6.6000E+01  1.2413E-03
  6.7000E+01  1.3756E-03
  6.8000E+01  1.5122E-03
  6.9000E+01  1.5257E-03
  7.0000E+01  1.5457E-03
  7.1000E+01  1.5267E-03
  7.2000E+01  1.5813E-03
  7.3000E+01  1.6476E-03
  7.4000E+01  1.7157E-03
  7.5000E+01  1.7855E-03
  7.6000E+01  1.8572E-03
  7.7000E+01  1.9325E-03
  7.8000E+01  2.0114E-03
  7.9000E+01  2.0940E-03
  8.0000E+01  2.1802E-03
  8.1000E+01  2.2702E-03
  8.2000E+01  2.3638E-03
  8.3000E+01  2.4613E-03
  8.4000E+01  2.5692E-03
  8.5000E+01  2.6900E-03
  8.6000E+01  2.8233E-03
  8.7000E+01  2.9666E-03
  8.8000E+01  3.1188E-03
  8.9000E+01  3.2832E-03
  9.0000E+01  3.5737E-03
  9.1000E+01  3.8014E-03
  9.2000E+01  3.8236E-03
  9.3000E+01  4.0120E-03
  9.4000E+01  4.3061E-03
  9.5000E+01  4.5978E-03
  9.6000E+01  4.8768E-03
  9.7000E+01  5.1393E-03
  9.8000E+01  5.4036E-03
  9.9000E+01  5.6926E-03
  1.0000E+02  6.0635E-03
  1.0100E+02  6.5359E-03
  1.0200E+02  7.1109E-03
  1.0300E+02  8.0766E-03
  1.0400E+02  8.6690E-03
  1.0500E+02  9.6550E-03
  1.0600E+02  1.0497E-02
  1.0700E+02  1.1367E-02
  1.0800E+02  1.1931E-02
  1.0900E+02  1.3156E-02
  1.1000E+02  1.2111E-02
  1.1100E+02  1.2552E-02
  1.1200E+02  1.2976E-02
  1.1300E+02  1.3500E-02
  1.1400E+02  1.3995E-02
  1.1500E+02  1.4362E-02
  1.1600E+02  1.4761E-02
  1.1700E+02  1.5350E-02
  1.1800E+02  1.5968E-02
  1.1900E+02  1.6458E-02
  1.2000E+02  1.7661E-02
  1.2100E+02  1.6471E-02
  1.2200E+02  1.6405E-02
  1.2300E+02  1.6709E-02
  1.2400E+02  1.7054E-02
  1.2500E+02  1.7525E-02
  1.2600E+02  1.8032E-02
  1.2700E+02  1.8473E-02
  1.2800E+02  1.8863E-02
  1.2900E+02  1.9515E-02
  1.3000E+02  2.0258E-02
  1.3100E+02  2.1622E-02
  1.3200E+02  2.2919E-02
  1.3300E+02  2.3974E-02
  1.3400E+02  2.5363E-02
  1.3500E+02  2.8901E-02
  1.3600E+02  2.9246E-02
  1.3700E+02  3.0309E-02
  1.3800E+02  3.1684E-02
  1.3900E+02  3.3426E-02
  1.4000E+02  3.4231E-02
  1.4100E+02  3.3875E-02
  1.4200E+02  3.3336E-02
  1.4300E+02  3.2726E-02
  1.4400E+02  3.1929E-02
  1.4500E+02  3.0947E-02
  1.4600E+02  3.1157E-02
  1.4700E+02  2.7294E-02
  1.4800E+02  2.5223E-02
  1.4900E+02  2.2681E-02
  1.5000E+02  2.1372E-02
  1.5100E+02  2.0833E-02
  1.5200E+02  2.0358E-02
  1.5300E+02  1.9979E-02
  1.5400E+02  1.9638E-02
  1.5500E+02  1.9308E-02
  1.5600E+02  1.9005E-02
  1.5700E+02  1.8713E-02
  1.5800E+02  1.8424E-02
  1.5900E+02  1.8140E-02
  1.6000E+02  1.8005E-02
  1.6100E+02  1.7960E-02
  1.6200E+02  1.7875E-02
  1.6300E+02  1.7783E-02
  1.6400E+02  1.7552E-02
  1.6500E+02  1.7566E-02
  1.6600E+02  1.7253E-02
  1.6700E+02  1.6870E-02
  1.6800E+02  1.6492E-02
  1.6900E+02  1.6283E-02
  1.7000E+02  1.6642E-02
  1.7100E+02  1.7983E-02
  1.7200E+02  1.6009E-02
  1.7300E+02  1.5891E-02
  1.7400E+02  1.5785E-02
  1.7500E+02  1.5630E-02
  1.7600E+02  1.5437E-02
  1.7700E+02  1.5242E-02
  1.7800E+02  1.5057E-02
  1.7900E+02  1.4885E-02
  1.8000E+02  1.4727E-02
  1.8100E+02  1.4627E-02
  1.8200E+02  1.4529E-02
  1.8300E+02  1.4471E-02
  1.8400E+02  1.4358E-02
  1.8500E+02  1.4260E-02
  1.8600E+02  1.4175E-02
  1.8700E+02  1.4254E-02
  1.8800E+02  1.4273E-02
  1.8900E+02  1.4585E-02
  1.9000E+02  1.3463E-02
  1.9100E+02  1.3678E-02
  1.9200E+02  1.4143E-02
  1.9300E+02  1.5033E-02
  1.9400E+02  1.5416E-02
  1.9500E+02  1.5533E-02
  1.9600E+02  1.5709E-02
  1.9700E+02  1.5859E-02
  1.9800E+02  1.5973E-02
  1.9900E+02  1.6217E-02
  2.0000E+02  1.6466E-02
  2.0100E+02  1.6681E-02
  2.0200E+02  1.6919E-02
  2.0300E+02  1.8201E-02
  2.0400E+02  1.8030E-02
  2.0500E+02  1.5709E-02
  2.0600E+02  1.2277E-02
  2.0700E+02  1.0826E-02
  2.0800E+02  1.0525E-02
  2.0900E+02  9.1764E-03
  2.1000E+02  6.3188E-03
  2.1100E+02  4.1556E-03
  2.1200E+02  2.7770E-03
  2.1300E+02  2.0033E-03
  2.1400E+02  1.5757E-03
  2.1500E+02  1.4874E-03
  2.1600E+02  1.5115E-03
  2.1700E+02  1.5363E-03
  2.1800E+02  1.5621E-03
  2.1900E+02  1.5890E-03
  2.2000E+02  1.6171E-03
  2.2100E+02  1.6463E-03
  2.2200E+02  1.6765E-03
  2.2300E+02  1.7059E-03
  2.2400E+02  1.7299E-03
  2.2500E+02  1.7507E-03
  2.2600E+02  1.7684E-03
  2.2700E+02  1.7942E-03
  2.2800E+02  1.8222E-03
  2.2900E+02  1.8498E-03
  2.3000E+02  1.8774E-03
  2.3100E+02  1.9052E-03
  2.3200E+02  1.9330E-03
  2.3300E+02  1.9609E-03
  2.3400E+02  1.9891E-03
  2.3500E+02  2.0175E-03
  2.3600E+02  2.0461E-03
  2.3700E+02  2.0749E-03
  2.3800E+02  2.1050E-03
  2.3900E+02  2.1393E-03
  2.4000E+02  2.1741E-03
  2.4100E+02  2.2095E-03
  2.4200E+02  2.2456E-03
  2.4300E+02  2.2838E-03
  2.4400E+02  2.3234E-03
  2.4500E+02  2.3643E-03
  2.4600E+02  2.4065E-03
  2.4700E+02  2.4500E-03
  2.4800E+02  2.4948E-03
  2.4900E+02  2.5409E-03
  2.5000E+02  2.5868E-03
  2.5100E+02  2.6305E-03
  2.5200E+02  2.6721E-03
  2.5300E+02  2.7116E-03
  2.5400E+02  2.7489E-03
  2.5500E+02  2.7840E-03
  2.5600E+02  2.8170E-03
  2.5700E+02  2.8522E-03
  2.5800E+02  2.8935E-03
  2.5900E+02  2.9423E-03
  2.6000E+02  2.9918E-03
  2.6100E+02  3.0393E-03
  2.6200E+02  3.0875E-03
  2.6300E+02  3.1365E-03
  2.6400E+02  3.1864E-03
  2.6500E+02  3.2373E-03
  2.6600E+02  3.2890E-03
  2.6700E+02  3.3416E-03
  2.6800E+02  3.3951E-03
  2.6900E+02  3.4495E-03
  2.7000E+02  3.5051E-03
  2.7100E+02  3.5623E-03
  2.7200E+02  3.6216E-03
  2.7300E+02  3.6861E-03
  2.7400E+02  3.7559E-03
  2.7500E+02  3.8308E-03
  2.7600E+02  3.9110E-03
  2.7700E+02  3.9862E-03
  2.7800E+02  4.0533E-03
  2.7900E+02  4.1137E-03
  2.8000E+02  4.1673E-03
  2.8100E+02  4.2321E-03
  2.8200E+02  4.3000E-03
  2.8300E+02  4.3679E-03
  2.8400E+02  4.4357E-03
  2.8500E+02  4.5089E-03
  2.8600E+02  4.5817E-03
  2.8700E+02  4.6572E-03
  2.8800E+02  4.7352E-03
  2.8900E+02  4.8144E-03
  2.9000E+02  4.8951E-03
  2.9100E+02  4.9771E-03
  2.9200E+02  5.0639E-03
  2.9300E+02  5.1549E-03
  2.9400E+02  5.2495E-03
  2.9500E+02  5.3477E-03
  2.9600E+02  5.4495E-03
  2.9700E+02  5.5550E-03
  2.9800E+02  5.6659E-03
  2.9900E+02  5.7838E-03
  3.0000E+02  5.9090E-03
  3.0100E+02  6.0327E-03
  3.0200E+02  6.1426E-03
  3.0300E+02  6.2482E-03
  3.0400E+02  6.3729E-03
  3.0500E+02  6.4975E-03
  3.0600E+02  6.6242E-03
  3.0700E+02  6.7529E-03
  3.0800E+02  6.8841E-03
  3.0900E+02  7.0197E-03
  3.1000E+02  7.1523E-03
  3.1100E+02  7.2910E-03
  3.1200E+02  7.4423E-03
  3.1300E+02  7.6047E-03
  3.1400E+02  7.7822E-03
  3.1500E+02  7.9714E-03
  3.1600E+02  8.1726E-03
  3.1700E+02  8.3858E-03
  3.1800E+02  8.6109E-03
  3.1900E+02  8.8480E-03
  3.2000E+02  9.0970E-03
  3.2100E+02  9.3570E-03
  3.2200E+02  9.6910E-03
  3.2300E+02  1.0085E-02
  3.2400E+02  1.0510E-02
  3.2500E+02  1.0999E-02
  3.2600E+02  1.1543E-02
  3.2700E+02  1.2140E-02
  3.2800E+02  1.2945E-02
  3.2900E+02  1.4033E-02
  3.3000E+02  1.5411E-02
  3.3100E+02  1.5858E-02
  3.3200E+02  1.6133E-02
  3.3300E+02  1.6235E-02
  3.3400E+02  1.6184E-02
  3.3500E+02  1.6408E-02
  3.3600E+02  1.5662E-02
  3.3700E+02  1.4831E-02
  3.3800E+02  1.3917E-02
  3.3900E+02  1.3055E-02
  3.4000E+02  1.2303E-02
  3.4100E+02  1.1574E-02
  3.4200E+02  1.1095E-02
  3.4300E+02  1.0583E-02
  3.4400E+02  1.0065E-02
  3.4500E+02  9.5855E-03
  3.4600E+02  9.2315E-03
  3.4700E+02  8.9120E-03
  3.4800E+02  8.6286E-03
  3.4900E+02  8.4316E-03
  3.5000E+02  8.2183E-03
  3.5100E+02  7.9226E-03
  3.5200E+02  7.6356E-03
  3.5300E+02  7.8640E-03
  3.5400E+02  6.1100E-03
  3.5500E+02  5.8495E-03
  3.5600E+02  5.6249E-03
  3.5700E+02  5.4149E-03
  3.5800E+02  5.2194E-03
  3.5900E+02  4.9994E-03
  3.6000E+02  4.7605E-03
  3.6100E+02  4.5432E-03
  3.6200E+02  4.3503E-03
  3.6300E+02  4.1199E-03
  3.6400E+02  3.8850E-03
  3.6500E+02  3.6867E-03
  3.6600E+02  3.5249E-03
  3.6700E+02  3.4092E-03
  3.6800E+02  3.1071E-03
  3.6900E+02  2.8372E-03
  3.7000E+02  2.7343E-03
  3.7100E+02  2.7080E-03
  3.7200E+02  2.8017E-03
  3.7300E+02  2.9468E-03
  3.7400E+02  3.0882E-03
  3.7500E+02  3.2261E-03
  3.7600E+02  3.3687E-03
  3.7700E+02  3.6812E-03
  3.7800E+02  4.0742E-03
  3.7900E+02  4.3718E-03
  3.8000E+02  4.6159E-03
  3.8100E+02  4.8200E-03
  3.8200E+02  5.4011E-03
  3.8300E+02  5.9608E-03
  3.8400E+02  6.3560E-03
  3.8500E+02  6.4928E-03
  3.8600E+02  6.8536E-03
  3.8700E+02  7.3256E-03
  3.8800E+02  7.8741E-03
  3.8900E+02  8.4993E-03
  3.9000E+02  8.9662E-03
  3.9100E+02  9.1320E-03
  3.9200E+02  9.2362E-03
  3.9300E+02  9.3666E-03
  3.9400E+02  9.5135E-03
  3.9500E+02  9.6895E-03
  3.9600E+02  1.0269E-02
  3.9700E+02  1.0276E-02
  3.9800E+02  1.0309E-02
  3.9900E+02  1.0363E-02
  4.0000E+02  1.0367E-02
  4.0100E+02  1.0543E-02
  4.0200E+02  1.0718E-02
  4.0300E+02  1.1187E-02
  4.0400E+02  1.1224E-02
  4.0500E+02  1.0917E-02
  4.0600E+02  1.0794E-02
  4.0700E+02  1.0841E-02
  4.0800E+02  1.0906E-02
  4.0900E+02  1.0988E-02
  4.1000E+02  1.1091E-02
  4.1100E+02  1.1229E-02
  4.1200E+02  1.1394E-02
  4.1300E+02  1.1613E-02
  4.1400E+02  1.1801E-02
  4.1500E+02  1.1949E-02
  4.1600E+02  1.2089E-02
  4.1700E+02  1.2221E-02
  4.1800E+02  1.2358E-02
  4.1900E+02  1.2583E-02
  4.2000E+02  1.2842E-02
  4.2100E+02  1.3075E-02
  4.2200E+02  1.3863E-02
  4.2300E+02  1.2033E-02
  4.2400E+02  1.1784E-02
  4.2500E+02  1.1605E-02
  4.2600E+02  1.1416E-02
  4.2700E+02  1.1217E-02
  4.2800E+02  1.1008E-02
  4.2900E+02  1.0789E-02
  4.3000E+02  1.0564E-02
  4.3100E+02  1.0299E-02
  4.3200E+02  9.9827E-03
  4.3300E+02  9.7081E-03
  4.3400E+02  9.5266E-03
  4.3500E+02  9.3613E-03
  4.3600E+02  9.2121E-03
  4.3700E+02  9.0774E-03
  4.3800E+02  8.9572E-03
  4.3900E+02  8.7949E-03
  4.4000E+02  8.6134E-03
  4.4100E+02  8.5842E-03
  4.4200E+02  8.5425E-03
  4.4300E+02  8.4853E-03
  4.4400E+02  8.4122E-03
  4.4500E+02  8.3353E-03
  4.4600E+02  8.2218E-03
  4.4700E+02  8.0707E-03
  4.4800E+02  7.9237E-03
  4.4900E+02  7.8036E-03
  4.5000E+02  7.6846E-03
  4.5100E+02  7.5698E-03
  4.5200E+02  7.4609E-03
  4.5300E+02  7.3579E-03
  4.5400E+02  7.2796E-03
  4.5500E+02  7.2204E-03
  4.5600E+02  7.1717E-03
  4.5700E+02  7.1330E-03
  4.5800E+02  7.1064E-03
  4.5900E+02  7.1276E-03
  4.6000E+02  7.0752E-03
  4.6100E+02  7.0709E-03
  4.6200E+02  7.1021E-03
  4.6300E+02  7.1701E-03
  4.6400E+02  7.1127E-03
  4.6500E+02  6.8798E-03
  4.6600E+02  6.6677E-03
  4.6700E+02  6.5502E-03
  4.6800E+02  6.4330E-03
  4.6900E+02  6.3161E-03
  4.7000E+02  6.1994E-03
  4.7100E+02  6.0829E-03
  4.7200E+02  5.9677E-03
  4.7300E+02  9.2625E-03
  4.7400E+02  2.1970E-02
  4.7500E+02  4.6279E-02
  4.7600E+02  5.5361E-02
  4.7700E+02  7.5739E-02
  4.7800E+02  9.4896E-02
  4.7900E+02  7.7112E-02
  4.8000E+02  7.0193E-02
  4.8100E+02  6.8381E-02
  4.8200E+02  7.0517E-02
  4.8300E+02  7.0090E-02
  4.8400E+02  6.8088E-02
  4.8500E+02  6.8832E-02
  4.8600E+02  6.7330E-02
  4.8700E+02  6.6806E-02
  4.8800E+02  6.6750E-02
  4.8900E+02  6.6466E-02
  4.9000E+02  6.7195E-02
  4.9100E+02  6.9158E-02
  4.9200E+02  6.8380E-02
  4.9300E+02  6.8910E-02
  4.9400E+02  6.8335E-02
  4.9500E+02  7.0121E-02
  4.9600E+02  7.1821E-02
  4.9700E+02  7.4324E-02
  4.9800E+02  7.8122E-02
  4.9900E+02  8.2025E-02
  5.0000E+02  8.0098E-02
  5.0100E+02  4.4353E-02
  5.0200E+02  3.5216E-02
  5.0300E+02  2.6964E-02
  5.0400E+02  2.3579E-02
  5.0500E+02  2.1825E-02
  5.0600E+02  1.9974E-02
  5.0700E+02  1.7306E-02
  5.0800E+02  1.4835E-02
  5.0900E+02  1.3238E-02
  5.1000E+02  1.2012E-02
  5.1100E+02  1.0973E-02
  5.1200E+02  1.0318E-02
  5.1300E+02  9.5513E-03
  5.1400E+02  8.2434E-03
  5.1500E+02  7.2630E-03
  5.1600E+02  6.3758E-03
  5.1700E+02  5.6004E-03
  5.1800E+02  6.5618E-03
  5.1900E+02  4.0499E-03
  5.2000E+02  2.9397E-03
  5.2100E+02  1.6592E-03
  5.2200E+02  5.3328E-04
  5.2300E+02  0.0000E+00
