 -1.3167E-05  0.0000E+00
  9.9999E-01  9.5215E-08
  2.0000E+00  3.8086E-07
  3.0000E+00  8.5694E-07
  4.0000E+00  1.5234E-06
  5.0000E+00  2.3804E-06
  6.0000E+00  3.4278E-06
  7.0000E+00  4.6656E-06
  8.0000E+00  6.0938E-06
  9.0000E+00  7.7124E-06
  1.0000E+01  9.5215E-06
  1.1000E+01  1.1521E-05
  1.2000E+01  1.3711E-05
  1.3000E+01  1.6091E-05
  1.4000E+01  1.8662E-05
  1.5000E+01  2.1423E-05
  1.6000E+01  2.4375E-05
  1.7000E+01  2.7517E-05
  1.8000E+01  3.0850E-05
  1.9000E+01  3.4373E-05
  2.0000E+01  3.8086E-05
  2.1000E+01  4.1990E-05
  2.2000E+01  4.6084E-05
  2.3000E+01  5.0369E-05
  2.4000E+01  5.4844E-05
  2.5000E+01  5.9510E-05
  2.6000E+01  6.4366E-05
  2.7000E+01  6.9412E-05
  2.8000E+01  7.4649E-05
  2.9000E+01  8.0076E-05
  3.0000E+01  8.5694E-05
  3.1000E+01  9.1502E-05
  3.2000E+01  9.7501E-05
  3.3000E+01  1.0369E-04
  3.4000E+01  1.1007E-04
  3.5000E+01  1.1664E-04
  3.6000E+01  1.2340E-04
  3.7000E+01  1.3035E-04
  3.8000E+01  1.3749E-04
  3.9000E+01  1.4482E-04
  4.0000E+01  1.8673E-04
  4.1000E+01  2.4307E-04
  4.2000E+01  2.9557E-04
  4.3000E+01  3.4423E-04
  4.4000E+01  3.8905E-04
  4.5000E+01  4.3002E-04
  4.6000E+01  4.6716E-04
  4.7000E+01  5.0045E-04
  4.8000E+01  5.2991E-04
  4.9000E+01  5.5552E-04
  5.0000E+01  5.7729E-04
  5.1000E+01  5.9522E-04
  5.2000E+01  6.0931E-04
  5.3000E+01  6.2719E-04
  5.4000E+01  6.5647E-04
  5.5000E+01  6.8633E-04
  5.6000E+01  7.1676E-04
  5.7000E+01  7.4775E-04
  5.8000E+01  7.7932E-04
  5.9000E+01  8.1170E-04
  6.0000E+01  8.4591E-04
  6.1000E+01  8.8187E-04
  6.2000E+01  9.1957E-04
  6.3000E+01  9.5902E-04
  6.4000E+01  1.0002E-03
  6.5000E+01  1.0432E-03
  6.6000E+01  1.0878E-03
  6.7000E+01  1.1343E-03
  6.8000E+01  1.1825E-03
  6.9000E+01  1.2324E-03
  7.0000E+01  1.2840E-03
  7.1000E+01  1.3455E-03
  7.2000E+01  1.4307E-03
  7.3000E+01  1.5399E-03
  7.4000E+01  1.7796E-03
  7.5000E+01  1.9692E-03
  7.6000E+01  2.0564E-03
  7.7000E+01  2.0404E-03
  7.8000E+01  2.1965E-03
  7.9000E+01  2.4216E-03
  8.0000E+01  2.4724E-03
  8.1000E+01  2.3770E-03
  8.2000E+01  2.4745E-03
  8.3000E+01  2.5754E-03
  8.4000E+01  2.6795E-03
  8.5000E+01  2.8040E-03
  8.6000E+01  2.9402E-03
  8.7000E+01  3.0870E-03
  8.8000E+01  3.2444E-03
  8.9000E+01  3.4124E-03
  9.0000E+01  3.5903E-03
  9.1000E+01  3.7781E-03
  9.2000E+01  3.9758E-03
  9.3000E+01  4.1834E-03
  9.4000E+01  4.3957E-03
  9.5000E+01  4.6150E-03
  9.6000E+01  4.8501E-03
  9.7000E+01  5.1106E-03
  9.8000E+01  5.4502E-03
  9.9000E+01  5.8921E-03
  1.0000E+02  6.7362E-03
  1.0100E+02  7.2938E-03
  1.0200E+02  7.5736E-03
  1.0300E+02  8.1646E-03
  1.0400E+02  8.9191E-03
  1.0500E+02  9.6992E-03
  1.0600E+02  1.0482E-02
  1.0700E+02  1.1417E-02
  1.0800E+02  1.2071E-02
  1.0900E+02  1.2716E-02
  1.1000E+02  1.3878E-02
  1.1100E+02  1.4569E-02
  1.1200E+02  1.3459E-02
  1.1300E+02  1.4058E-02
  1.1400E+02  1.4499E-02
  1.1500E+02  1.4808E-02
  1.1600E+02  1.5166E-02
  1.1700E+02  1.5527E-02
  1.1800E+02  1.6042E-02
  1.1900E+02  1.6661E-02
  1.2000E+02  1.7276E-02
  1.2100E+02  1.7665E-02
  1.2200E+02  1.8105E-02
  1.2300E+02  1.9780E-02
  1.2400E+02  2.0466E-02
  1.2500E+02  1.9761E-02
  1.2600E+02  1.9496E-02
  1.2700E+02  1.9751E-02
  1.2800E+02  2.0130E-02
  1.2900E+02  2.0585E-02
  1.3000E+02  2.1231E-02
  1.3100E+02  2.2155E-02
  1.3200E+02  2.3311E-02
  1.3300E+02  2.4181E-02
  1.3400E+02  2.4871E-02
  1.3500E+02  2.5765E-02
  1.3600E+02  2.7268E-02
  1.3700E+02  2.9555E-02
  1.3800E+02  3.2831E-02
  1.3900E+02  3.4418E-02
  1.4000E+02  3.3235E-02
  1.4100E+02  3.2466E-02
  1.4200E+02  3.1928E-02
  1.4300E+02  3.1034E-02
  1.4400E+02  3.0506E-02
  1.4500E+02  2.9922E-02
  1.4600E+02  2.9270E-02
  1.4700E+02  2.8586E-02
  1.4800E+02  2.7801E-02
  1.4900E+02  2.5572E-02
  1.5000E+02  2.4560E-02
  1.5100E+02  2.3299E-02
  1.5200E+02  1.9793E-02
  1.5300E+02  1.9421E-02
  1.5400E+02  1.9107E-02
  1.5500E+02  1.8738E-02
  1.5600E+02  1.8375E-02
  1.5700E+02  1.8003E-02
  1.5800E+02  1.7651E-02
  1.5900E+02  1.7310E-02
  1.6000E+02  1.6983E-02
  1.6100E+02  1.6712E-02
  1.6200E+02  1.6472E-02
  1.6300E+02  1.6242E-02
  1.6400E+02  1.6022E-02
  1.6500E+02  1.5809E-02
  1.6600E+02  1.5611E-02
  1.6700E+02  1.5426E-02
  1.6800E+02  1.5246E-02
  1.6900E+02  1.5072E-02
  1.7000E+02  1.4905E-02
  1.7100E+02  1.4818E-02
  1.7200E+02  1.4930E-02
  1.7300E+02  1.5238E-02
  1.7400E+02  1.5673E-02
  1.7500E+02  1.5504E-02
  1.7600E+02  1.5259E-02
  1.7700E+02  1.4955E-02
  1.7800E+02  1.4830E-02
  1.7900E+02  1.4834E-02
  1.8000E+02  1.3889E-02
  1.8100E+02  1.3800E-02
  1.8200E+02  1.3703E-02
  1.8300E+02  1.3599E-02
  1.8400E+02  1.3493E-02
  1.8500E+02  1.3507E-02
  1.8600E+02  1.3715E-02
  1.8700E+02  1.3948E-02
  1.8800E+02  1.3963E-02
  1.8900E+02  1.3943E-02
  1.9000E+02  1.3901E-02
  1.9100E+02  1.3839E-02
  1.9200E+02  1.3778E-02
  1.9300E+02  1.3721E-02
  1.9400E+02  1.3627E-02
  1.9500E+02  1.3700E-02
  1.9600E+02  1.3904E-02
  1.9700E+02  1.4095E-02
  1.9800E+02  1.4263E-02
  1.9900E+02  1.4532E-02
  2.0000E+02  1.6220E-02
  2.0100E+02  1.7368E-02
  2.0200E+02  1.8011E-02
  2.0300E+02  2.0710E-02
  2.0400E+02  2.0176E-02
  2.0500E+02  1.8626E-02
  2.0600E+02  1.6674E-02
  2.0700E+02  1.4630E-02
  2.0800E+02  1.1777E-02
  2.0900E+02  7.5901E-03
  2.1000E+02  5.4019E-03
  2.1100E+02  3.4243E-03
  2.1200E+02  1.6480E-03
  2.1300E+02  1.4252E-03
  2.1400E+02  1.4475E-03
  2.1500E+02  1.4695E-03
  2.1600E+02  1.4910E-03
  2.1700E+02  1.5121E-03
  2.1800E+02  1.5327E-03
  2.1900E+02  1.5529E-03
  2.2000E+02  1.5725E-03
  2.2100E+02  1.5915E-03
  2.2200E+02  1.6115E-03
  2.2300E+02  1.6347E-03
  2.2400E+02  1.6588E-03
  2.2500E+02  1.6837E-03
  2.2600E+02  1.7094E-03
  2.2700E+02  1.7359E-03
  2.2800E+02  1.7633E-03
  2.2900E+02  1.7915E-03
  2.3000E+02  1.8206E-03
  2.3100E+02  1.8504E-03
  2.3200E+02  1.8811E-03
  2.3300E+02  1.9123E-03
  2.3400E+02  1.9439E-03
  2.3500E+02  1.9759E-03
  2.3600E+02  2.0084E-03
  2.3700E+02  2.0413E-03
  2.3800E+02  2.0749E-03
  2.3900E+02  2.1094E-03
  2.4000E+02  2.1449E-03
  2.4100E+02  2.1814E-03
  2.4200E+02  2.2189E-03
  2.4300E+02  2.2573E-03
  2.4400E+02  2.2972E-03
  2.4500E+02  2.3391E-03
  2.4600E+02  2.3829E-03
  2.4700E+02  2.4287E-03
  2.4800E+02  2.4719E-03
  2.4900E+02  2.5082E-03
  2.5000E+02  2.5404E-03
  2.5100E+02  2.5682E-03
  2.5200E+02  2.5925E-03
  2.5300E+02  2.6354E-03
  2.5400E+02  2.6784E-03
  2.5500E+02  2.7213E-03
  2.5600E+02  2.7642E-03
  2.5700E+02  2.8070E-03
  2.5800E+02  2.8500E-03
  2.5900E+02  2.8933E-03
  2.6000E+02  2.9371E-03
  2.6100E+02  2.9814E-03
  2.6200E+02  3.0260E-03
  2.6300E+02  3.0717E-03
  2.6400E+02  3.1185E-03
  2.6500E+02  3.1693E-03
  2.6600E+02  3.2246E-03
  2.6700E+02  3.2819E-03
  2.6800E+02  3.3410E-03
  2.6900E+02  3.4019E-03
  2.7000E+02  3.4650E-03
  2.7100E+02  3.5333E-03
  2.7200E+02  3.6058E-03
  2.7300E+02  3.6819E-03
  2.7400E+02  3.7564E-03
  2.7500E+02  3.8280E-03
  2.7600E+02  3.8966E-03
  2.7700E+02  3.9623E-03
  2.7800E+02  4.0250E-03
  2.7900E+02  4.0849E-03
  2.8000E+02  4.1418E-03
  2.8100E+02  4.1958E-03
  2.8200E+02  4.2521E-03
  2.8300E+02  4.3139E-03
  2.8400E+02  4.3811E-03
  2.8500E+02  4.4538E-03
  2.8600E+02  4.5322E-03
  2.8700E+02  4.6148E-03
  2.8800E+02  4.7004E-03
  2.8900E+02  4.7857E-03
  2.9000E+02  4.8717E-03
  2.9100E+02  4.9600E-03
  2.9200E+02  5.0506E-03
  2.9300E+02  5.1429E-03
  2.9400E+02  5.2372E-03
  2.9500E+02  5.3335E-03
  2.9600E+02  5.4318E-03
  2.9700E+02  5.5305E-03
  2.9800E+02  5.6435E-03
  2.9900E+02  5.7780E-03
  3.0000E+02  5.9342E-03
  3.0100E+02  6.0835E-03
  3.0200E+02  6.2132E-03
  3.0300E+02  6.3239E-03
  3.0400E+02  6.4156E-03
  3.0500E+02  6.5351E-03
  3.0600E+02  6.6654E-03
  3.0700E+02  6.7978E-03
  3.0800E+02  6.9325E-03
  3.0900E+02  7.0769E-03
  3.1000E+02  7.2323E-03
  3.1100E+02  7.3977E-03
  3.1200E+02  7.5730E-03
  3.1300E+02  7.7583E-03
  3.1400E+02  7.9535E-03
  3.1500E+02  8.1483E-03
  3.1600E+02  8.3352E-03
  3.1700E+02  8.5663E-03
  3.1800E+02  8.8152E-03
  3.1900E+02  9.0817E-03
  3.2000E+02  9.3656E-03
  3.2100E+02  9.6669E-03
  3.2200E+02  9.9855E-03
  3.2300E+02  1.0321E-02
  3.2400E+02  1.0767E-02
  3.2500E+02  1.1431E-02
  3.2600E+02  1.2620E-02
  3.2700E+02  1.3722E-02
  3.2800E+02  1.4635E-02
  3.2900E+02  1.5351E-02
  3.3000E+02  1.5748E-02
  3.3100E+02  1.5829E-02
  3.3200E+02  1.5792E-02
  3.3300E+02  1.5687E-02
  3.3400E+02  1.5513E-02
  3.3500E+02  1.5286E-02
  3.3600E+02  1.5120E-02
  3.3700E+02  1.4387E-02
  3.3800E+02  1.3789E-02
  3.3900E+02  1.3207E-02
  3.4000E+02  1.2639E-02
  3.4100E+02  1.2088E-02
  3.4200E+02  1.1633E-02
  3.4300E+02  1.1191E-02
  3.4400E+02  1.0759E-02
  3.4500E+02  1.0370E-02
  3.4600E+02  1.0028E-02
  3.4700E+02  9.5218E-03
  3.4800E+02  8.7643E-03
  3.4900E+02  8.1545E-03
  3.5000E+02  7.6402E-03
  3.5100E+02  7.2158E-03
  3.5200E+02  6.9027E-03
  3.5300E+02  6.5978E-03
  3.5400E+02  6.3139E-03
  3.5500E+02  6.0524E-03
  3.5600E+02  5.8133E-03
  3.5700E+02  5.5965E-03
  3.5800E+02  5.3901E-03
  3.5900E+02  5.1168E-03
  3.6000E+02  4.8449E-03
  3.6100E+02  4.5745E-03
  3.6200E+02  4.1994E-03
  3.6300E+02  3.7340E-03
  3.6400E+02  3.5729E-03
  3.6500E+02  3.4132E-03
  3.6600E+02  3.2550E-03
  3.6700E+02  3.3179E-03
  3.6800E+02  2.7475E-03
  3.6900E+02  2.4206E-03
  3.7000E+02  2.3253E-03
  3.7100E+02  3.2714E-03
  3.7200E+02  3.4313E-03
  3.7300E+02  3.5638E-03
  3.7400E+02  3.6972E-03
  3.7500E+02  3.8314E-03
  3.7600E+02  3.9621E-03
  3.7700E+02  4.0964E-03
  3.7800E+02  4.2439E-03
  3.7900E+02  4.3862E-03
  3.8000E+02  4.5233E-03
  3.8100E+02  4.9277E-03
  3.8200E+02  5.4503E-03
  3.8300E+02  5.8841E-03
  3.8400E+02  6.3270E-03
  3.8500E+02  6.7790E-03
  3.8600E+02  7.2189E-03
  3.8700E+02  7.6427E-03
  3.8800E+02  8.0730E-03
  3.8900E+02  8.4226E-03
  3.9000E+02  8.6660E-03
  3.9100E+02  8.8434E-03
  3.9200E+02  9.5228E-03
  3.9300E+02  9.6223E-03
  3.9400E+02  9.7741E-03
  3.9500E+02  9.9782E-03
  3.9600E+02  1.0294E-02
  3.9700E+02  1.1194E-02
  3.9800E+02  1.0337E-02
  3.9900E+02  9.8922E-03
  4.0000E+02  9.8110E-03
  4.0100E+02  9.8641E-03
  4.0200E+02  9.9311E-03
  4.0300E+02  1.0012E-02
  4.0400E+02  1.0103E-02
  4.0500E+02  1.0204E-02
  4.0600E+02  1.0315E-02
  4.0700E+02  1.0435E-02
  4.0800E+02  1.0580E-02
  4.0900E+02  1.0722E-02
  4.1000E+02  1.0837E-02
  4.1100E+02  1.0960E-02
  4.1200E+02  1.1245E-02
  4.1300E+02  1.1491E-02
  4.1400E+02  1.1665E-02
  4.1500E+02  1.1832E-02
  4.1600E+02  1.1993E-02
  4.1700E+02  1.2118E-02
  4.1800E+02  1.2331E-02
  4.1900E+02  1.2566E-02
  4.2000E+02  1.2673E-02
  4.2100E+02  1.2801E-02
  4.2200E+02  1.2559E-02
  4.2300E+02  1.2038E-02
  4.2400E+02  1.1869E-02
  4.2500E+02  1.1728E-02
  4.2600E+02  1.1578E-02
  4.2700E+02  1.1419E-02
  4.2800E+02  1.1251E-02
  4.2900E+02  1.1075E-02
  4.3000E+02  1.0889E-02
  4.3100E+02  1.0695E-02
  4.3200E+02  1.0500E-02
  4.3300E+02  1.0275E-02
  4.3400E+02  1.0002E-02
  4.3500E+02  9.6831E-03
  4.3600E+02  9.5017E-03
  4.3700E+02  9.3517E-03
  4.3800E+02  9.2167E-03
  4.3900E+02  9.0896E-03
  4.4000E+02  8.9647E-03
  4.4100E+02  8.8798E-03
  4.4200E+02  8.5714E-03
  4.4300E+02  8.5143E-03
  4.4400E+02  8.4665E-03
  4.4500E+02  8.4148E-03
  4.4600E+02  8.3435E-03
  4.4700E+02  8.2418E-03
  4.4800E+02  8.1147E-03
  4.4900E+02  7.9621E-03
  4.5000E+02  7.7907E-03
  4.5100E+02  7.6754E-03
  4.5200E+02  7.5611E-03
  4.5300E+02  7.4478E-03
  4.5400E+02  7.3354E-03
  4.5500E+02  7.2241E-03
  4.5600E+02  7.1171E-03
  4.5700E+02  7.0192E-03
  4.5800E+02  6.9304E-03
  4.5900E+02  6.8661E-03
  4.6000E+02  6.8458E-03
  4.6100E+02  6.8611E-03
  4.6200E+02  6.9351E-03
  4.6300E+02  7.0814E-03
  4.6400E+02  7.1125E-03
  4.6500E+02  6.9734E-03
  4.6600E+02  6.6589E-03
  4.6700E+02  6.5080E-03
  4.6800E+02  6.3584E-03
  4.6900E+02  6.2100E-03
  4.7000E+02  6.0629E-03
  4.7100E+02  5.9171E-03
  4.7200E+02  5.7726E-03
  4.7300E+02  5.6293E-03
  4.7400E+02  6.8530E-03
  4.7500E+02  5.7595E-02
  4.7600E+02  7.5852E-02
  4.7700E+02  8.4506E-02
  4.7800E+02  9.3628E-02
  4.7900E+02  6.7909E-02
  4.8000E+02  6.5570E-02
  4.8100E+02  6.6961E-02
  4.8200E+02  6.5554E-02
  4.8300E+02  6.6160E-02
  4.8400E+02  6.5772E-02
  4.8500E+02  6.4508E-02
  4.8600E+02  6.4423E-02
  4.8700E+02  6.5093E-02
  4.8800E+02  6.5015E-02
  4.8900E+02  6.5342E-02
  4.9000E+02  6.5183E-02
  4.9100E+02  6.6646E-02
  4.9200E+02  6.7998E-02
  4.9300E+02  6.9054E-02
  4.9400E+02  6.9868E-02
  4.9500E+02  7.2353E-02
  4.9600E+02  7.5360E-02
  4.9700E+02  7.7968E-02
  4.9800E+02  8.5579E-02
  4.9900E+02  8.5787E-02
  5.0000E+02  8.6583E-02
  5.0100E+02  4.4086E-02
  5.0200E+02  3.5355E-02
  5.0300E+02  2.9155E-02
  5.0400E+02  2.1170E-02
  5.0500E+02  1.8811E-02
  5.0600E+02  1.6788E-02
  5.0700E+02  1.5108E-02
  5.0800E+02  1.3782E-02
  5.0900E+02  1.3027E-02
  5.1000E+02  1.1696E-02
  5.1100E+02  1.0508E-02
  5.1200E+02  9.6910E-03
  5.1300E+02  8.7491E-03
  5.1400E+02  7.8725E-03
  5.1500E+02  7.0919E-03
  5.1600E+02  6.7139E-03
  5.1700E+02  5.6202E-03
  5.1800E+02  4.9331E-03
  5.1900E+02  4.2293E-03
  5.2000E+02  2.5956E-03
  5.2100E+02  2.1960E-03
  5.2200E+02  2.9103E-04
  5.2300E+02  0.0000E+00
