 -1.6947E-05  0.0000E+00
  9.9998E-01  7.8413E-08
  2.0000E+00  3.1365E-07
  3.0000E+00  7.0571E-07
  4.0000E+00  1.2546E-06
  5.0000E+00  1.9603E-06
  6.0000E+00  2.8229E-06
  7.0000E+00  3.8422E-06
  8.0000E+00  5.0184E-06
  9.0000E+00  6.3514E-06
  1.0000E+01  7.8413E-06
  1.1000E+01  9.4879E-06
  1.2000E+01  1.1291E-05
  1.3000E+01  1.3252E-05
  1.4000E+01  1.5369E-05
  1.5000E+01  1.7643E-05
  1.6000E+01  2.0074E-05
  1.7000E+01  2.2661E-05
  1.8000E+01  2.5406E-05
  1.9000E+01  2.8307E-05
  2.0000E+01  3.1365E-05
  2.1000E+01  3.4580E-05
  2.2000E+01  3.7952E-05
  2.3000E+01  4.1480E-05
  2.4000E+01  4.5166E-05
  2.5000E+01  4.9008E-05
  2.6000E+01  5.3007E-05
  2.7000E+01  5.7163E-05
  2.8000E+01  6.1476E-05
  2.9000E+01  6.5945E-05
  3.0000E+01  7.0571E-05
  3.1000E+01  7.5355E-05
  3.2000E+01  8.0295E-05
  3.3000E+01  8.5391E-05
  3.4000E+01  9.0645E-05
  3.5000E+01  9.6056E-05
  3.6000E+01  1.0162E-04
  3.7000E+01  1.0735E-04
  3.8000E+01  1.1323E-04
  3.9000E+01  1.1927E-04
  4.0000E+01  1.2546E-04
  4.1000E+01  1.3181E-04
  4.2000E+01  1.3832E-04
  4.3000E+01  1.4499E-04
  4.4000E+01  1.9783E-04
  4.5000E+01  2.7812E-04
  4.6000E+01  3.4959E-04
  4.7000E+01  4.1226E-04
  4.8000E+01  4.6612E-04
  4.9000E+01  5.1117E-04
  5.0000E+01  5.4741E-04
  5.1000E+01  5.7484E-04
  5.2000E+01  5.9346E-04
  5.3000E+01  6.0327E-04
  5.4000E+01  6.0427E-04
  5.5000E+01  6.3172E-04
  5.6000E+01  6.6422E-04
  5.7000E+01  6.9722E-04
  5.8000E+01  7.3072E-04
  5.9000E+01  7.6471E-04
  6.0000E+01  7.9920E-04
  6.1000E+01  8.3420E-04
  6.2000E+01  8.7054E-04
  6.3000E+01  9.0903E-04
  6.4000E+01  9.4945E-04
  6.5000E+01  9.9180E-04
  6.6000E+01  1.0361E-03
  6.7000E+01  1.0823E-03
  6.8000E+01  1.1304E-03
  6.9000E+01  1.1805E-03
  7.0000E+01  1.2325E-03
  7.1000E+01  1.2865E-03
  7.2000E+01  1.3472E-03
  7.3000E+01  1.4200E-03
  7.4000E+01  1.5050E-03
  7.5000E+01  1.6022E-03
  7.6000E+01  1.7115E-03
  7.7000E+01  1.9541E-03
  7.8000E+01  2.1327E-03
  7.9000E+01  2.2623E-03
  8.0000E+01  2.4853E-03
  8.1000E+01  2.5222E-03
  8.2000E+01  2.3796E-03
  8.3000E+01  2.4716E-03
  8.4000E+01  2.5663E-03
  8.5000E+01  2.6638E-03
  8.6000E+01  2.7804E-03
  8.7000E+01  2.9104E-03
  8.8000E+01  3.0535E-03
  8.9000E+01  3.2063E-03
  9.0000E+01  3.3643E-03
  9.1000E+01  3.5274E-03
  9.2000E+01  3.6955E-03
  9.3000E+01  3.8687E-03
  9.4000E+01  4.0469E-03
  9.5000E+01  4.2292E-03
  9.6000E+01  4.4148E-03
  9.7000E+01  4.6092E-03
  9.8000E+01  4.8150E-03
  9.9000E+01  5.0861E-03
  1.0000E+02  5.4643E-03
  1.0100E+02  5.9352E-03
  1.0200E+02  6.6887E-03
  1.0300E+02  7.4731E-03
  1.0400E+02  7.8124E-03
  1.0500E+02  8.4333E-03
  1.0600E+02  9.0894E-03
  1.0700E+02  9.7642E-03
  1.0800E+02  1.0458E-02
  1.0900E+02  1.1190E-02
  1.1000E+02  1.2376E-02
  1.1100E+02  1.3320E-02
  1.1200E+02  1.4981E-02
  1.1300E+02  1.2915E-02
  1.1400E+02  1.3317E-02
  1.1500E+02  1.3717E-02
  1.1600E+02  1.4277E-02
  1.1700E+02  1.4784E-02
  1.1800E+02  1.4984E-02
  1.1900E+02  1.5359E-02
  1.2000E+02  1.5809E-02
  1.2100E+02  1.6397E-02
  1.2200E+02  1.6900E-02
  1.2300E+02  1.7581E-02
  1.2400E+02  1.8349E-02
  1.2500E+02  1.9839E-02
  1.2600E+02  2.1485E-02
  1.2700E+02  1.9197E-02
  1.2800E+02  1.9553E-02
  1.2900E+02  1.9864E-02
  1.3000E+02  2.0160E-02
  1.3100E+02  2.0525E-02
  1.3200E+02  2.1091E-02
  1.3300E+02  2.2007E-02
  1.3400E+02  2.3035E-02
  1.3500E+02  2.7367E-02
  1.3600E+02  2.8788E-02
  1.3700E+02  2.9835E-02
  1.3800E+02  3.1093E-02
  1.3900E+02  3.1844E-02
  1.4000E+02  3.2642E-02
  1.4100E+02  3.2011E-02
  1.4200E+02  3.1135E-02
  1.4300E+02  3.0688E-02
  1.4400E+02  3.0243E-02
  1.4500E+02  2.9794E-02
  1.4600E+02  2.9353E-02
  1.4700E+02  2.9188E-02
  1.4800E+02  2.8530E-02
  1.4900E+02  2.8006E-02
  1.5000E+02  2.7382E-02
  1.5100E+02  2.9398E-02
  1.5200E+02  2.3772E-02
  1.5300E+02  2.1795E-02
  1.5400E+02  2.0850E-02
  1.5500E+02  2.0469E-02
  1.5600E+02  2.0140E-02
  1.5700E+02  1.9815E-02
  1.5800E+02  1.9484E-02
  1.5900E+02  1.9132E-02
  1.6000E+02  1.8766E-02
  1.6100E+02  1.8434E-02
  1.6200E+02  1.8141E-02
  1.6300E+02  1.7866E-02
  1.6400E+02  1.7611E-02
  1.6500E+02  1.7367E-02
  1.6600E+02  1.7133E-02
  1.6700E+02  1.6920E-02
  1.6800E+02  1.6715E-02
  1.6900E+02  1.6515E-02
  1.7000E+02  1.6322E-02
  1.7100E+02  1.6139E-02
  1.7200E+02  1.6011E-02
  1.7300E+02  1.6253E-02
  1.7400E+02  1.6914E-02
  1.7500E+02  1.7157E-02
  1.7600E+02  1.6661E-02
  1.7700E+02  1.6205E-02
  1.7800E+02  1.5742E-02
  1.7900E+02  1.6683E-02
  1.8000E+02  1.5087E-02
  1.8100E+02  1.4824E-02
  1.8200E+02  1.4614E-02
  1.8300E+02  1.4397E-02
  1.8400E+02  1.4374E-02
  1.8500E+02  1.4483E-02
  1.8600E+02  1.4543E-02
  1.8700E+02  1.4435E-02
  1.8800E+02  1.4307E-02
  1.8900E+02  1.4161E-02
  1.9000E+02  1.3996E-02
  1.9100E+02  1.3876E-02
  1.9200E+02  1.3899E-02
  1.9300E+02  1.3925E-02
  1.9400E+02  1.3953E-02
  1.9500E+02  1.4015E-02
  1.9600E+02  1.4215E-02
  1.9700E+02  1.4525E-02
  1.9800E+02  1.5075E-02
  1.9900E+02  1.7609E-02
  2.0000E+02  1.8871E-02
  2.0100E+02  1.9074E-02
  2.0200E+02  1.8559E-02
  2.0300E+02  1.7602E-02
  2.0400E+02  1.6352E-02
  2.0500E+02  1.4930E-02
  2.0600E+02  1.3309E-02
  2.0700E+02  1.0843E-02
  2.0800E+02  8.0736E-03
  2.0900E+02  6.7522E-03
  2.1000E+02  5.4615E-03
  2.1100E+02  4.2017E-03
  2.1200E+02  2.9296E-03
  2.1300E+02  1.4729E-03
  2.1400E+02  1.4934E-03
  2.1500E+02  1.5134E-03
  2.1600E+02  1.5329E-03
  2.1700E+02  1.5519E-03
  2.1800E+02  1.5703E-03
  2.1900E+02  1.5882E-03
  2.2000E+02  1.6093E-03
  2.2100E+02  1.6312E-03
  2.2200E+02  1.6538E-03
  2.2300E+02  1.6771E-03
  2.2400E+02  1.7012E-03
  2.2500E+02  1.7260E-03
  2.2600E+02  1.7515E-03
  2.2700E+02  1.7778E-03
  2.2800E+02  1.8048E-03
  2.2900E+02  1.8326E-03
  2.3000E+02  1.8611E-03
  2.3100E+02  1.8903E-03
  2.3200E+02  1.9199E-03
  2.3300E+02  1.9499E-03
  2.3400E+02  1.9805E-03
  2.3500E+02  2.0114E-03
  2.3600E+02  2.0429E-03
  2.3700E+02  2.0752E-03
  2.3800E+02  2.1086E-03
  2.3900E+02  2.1431E-03
  2.4000E+02  2.1787E-03
  2.4100E+02  2.2154E-03
  2.4200E+02  2.2539E-03
  2.4300E+02  2.2943E-03
  2.4400E+02  2.3367E-03
  2.4500E+02  2.3809E-03
  2.4600E+02  2.4241E-03
  2.4700E+02  2.4605E-03
  2.4800E+02  2.4929E-03
  2.4900E+02  2.5214E-03
  2.5000E+02  2.5460E-03
  2.5100E+02  2.5798E-03
  2.5200E+02  2.6209E-03
  2.5300E+02  2.6620E-03
  2.5400E+02  2.7031E-03
  2.5500E+02  2.7441E-03
  2.5600E+02  2.7850E-03
  2.5700E+02  2.8261E-03
  2.5800E+02  2.8676E-03
  2.5900E+02  2.9097E-03
  2.6000E+02  2.9523E-03
  2.6100E+02  2.9954E-03
  2.6200E+02  3.0395E-03
  2.6300E+02  3.0870E-03
  2.6400E+02  3.1399E-03
  2.6500E+02  3.1937E-03
  2.6600E+02  3.2483E-03
  2.6700E+02  3.3038E-03
  2.6800E+02  3.3606E-03
  2.6900E+02  3.4229E-03
  2.7000E+02  3.4882E-03
  2.7100E+02  3.5563E-03
  2.7200E+02  3.6274E-03
  2.7300E+02  3.7014E-03
  2.7400E+02  3.7781E-03
  2.7500E+02  3.8521E-03
  2.7600E+02  3.9213E-03
  2.7700E+02  3.9859E-03
  2.7800E+02  4.0457E-03
  2.7900E+02  4.1007E-03
  2.8000E+02  4.1511E-03
  2.8100E+02  4.2023E-03
  2.8200E+02  4.2611E-03
  2.8300E+02  4.3274E-03
  2.8400E+02  4.4008E-03
  2.8500E+02  4.4794E-03
  2.8600E+02  4.5599E-03
  2.8700E+02  4.6422E-03
  2.8800E+02  4.7248E-03
  2.8900E+02  4.8075E-03
  2.9000E+02  4.8922E-03
  2.9100E+02  4.9788E-03
  2.9200E+02  5.0668E-03
  2.9300E+02  5.1563E-03
  2.9400E+02  5.2474E-03
  2.9500E+02  5.3395E-03
  2.9600E+02  5.4327E-03
  2.9700E+02  5.5354E-03
  2.9800E+02  5.6485E-03
  2.9900E+02  5.7719E-03
  3.0000E+02  5.9056E-03
  3.0100E+02  6.0497E-03
  3.0200E+02  6.1911E-03
  3.0300E+02  6.3261E-03
  3.0400E+02  6.4551E-03
  3.0500E+02  6.5781E-03
  3.0600E+02  6.6950E-03
  3.0700E+02  6.8216E-03
  3.0800E+02  6.9619E-03
  3.0900E+02  7.1129E-03
  3.1000E+02  7.2709E-03
  3.1100E+02  7.4361E-03
  3.1200E+02  7.6120E-03
  3.1300E+02  7.7936E-03
  3.1400E+02  7.9721E-03
  3.1500E+02  8.1499E-03
  3.1600E+02  8.3585E-03
  3.1700E+02  8.5811E-03
  3.1800E+02  8.8175E-03
  3.1900E+02  9.0678E-03
  3.2000E+02  9.3315E-03
  3.2100E+02  9.6167E-03
  3.2200E+02  9.9415E-03
  3.2300E+02  1.0307E-02
  3.2400E+02  1.0708E-02
  3.2500E+02  1.1266E-02
  3.2600E+02  1.2136E-02
  3.2700E+02  1.3040E-02
  3.2800E+02  1.3957E-02
  3.2900E+02  1.4810E-02
  3.3000E+02  1.5442E-02
  3.3100E+02  1.5842E-02
  3.3200E+02  1.6012E-02
  3.3300E+02  1.5959E-02
  3.3400E+02  1.5816E-02
  3.3500E+02  1.5858E-02
  3.3600E+02  1.5382E-02
  3.3700E+02  1.4761E-02
  3.3800E+02  1.4003E-02
  3.3900E+02  1.3364E-02
  3.4000E+02  1.2725E-02
  3.4100E+02  1.2053E-02
  3.4200E+02  1.1395E-02
  3.4300E+02  1.0854E-02
  3.4400E+02  1.0377E-02
  3.4500E+02  9.8877E-03
  3.4600E+02  9.4519E-03
  3.4700E+02  9.0855E-03
  3.4800E+02  8.7893E-03
  3.4900E+02  8.5848E-03
  3.5000E+02  7.6597E-03
  3.5100E+02  7.3336E-03
  3.5200E+02  7.0140E-03
  3.5300E+02  6.7066E-03
  3.5400E+02  6.4123E-03
  3.5500E+02  6.1314E-03
  3.5600E+02  5.8636E-03
  3.5700E+02  5.6090E-03
  3.5800E+02  5.3677E-03
  3.5900E+02  5.1253E-03
  3.6000E+02  4.8150E-03
  3.6100E+02  4.4159E-03
  3.6200E+02  3.8927E-03
  3.6300E+02  3.6291E-03
  3.6400E+02  3.4538E-03
  3.6500E+02  3.2015E-03
  3.6600E+02  2.9776E-03
  3.6700E+02  2.7824E-03
  3.6800E+02  2.6156E-03
  3.6900E+02  2.4901E-03
  3.7000E+02  2.4005E-03
  3.7100E+02  2.3147E-03
  3.7200E+02  2.2327E-03
  3.7300E+02  2.7566E-03
  3.7400E+02  3.1978E-03
  3.7500E+02  3.4990E-03
  3.7600E+02  3.6360E-03
  3.7700E+02  3.8247E-03
  3.7800E+02  4.0125E-03
  3.7900E+02  4.1951E-03
  3.8000E+02  4.3725E-03
  3.8100E+02  4.5446E-03
  3.8200E+02  4.7116E-03
  3.8300E+02  4.9089E-03
  3.8400E+02  5.6048E-03
  3.8500E+02  6.1550E-03
  3.8600E+02  6.7013E-03
  3.8700E+02  7.2442E-03
  3.8800E+02  7.7836E-03
  3.8900E+02  8.3479E-03
  3.9000E+02  9.0643E-03
  3.9100E+02  9.5314E-03
  3.9200E+02  9.8647E-03
  3.9300E+02  9.8634E-03
  3.9400E+02  9.8026E-03
  3.9500E+02  9.7417E-03
  3.9600E+02  9.9108E-03
  3.9700E+02  1.0536E-02
  3.9800E+02  1.1173E-02
  3.9900E+02  1.1384E-02
  4.0000E+02  1.0249E-02
  4.0100E+02  1.0267E-02
  4.0200E+02  1.0307E-02
  4.0300E+02  1.0369E-02
  4.0400E+02  1.0451E-02
  4.0500E+02  1.0549E-02
  4.0600E+02  1.0662E-02
  4.0700E+02  1.0789E-02
  4.0800E+02  1.0943E-02
  4.0900E+02  1.1098E-02
  4.1000E+02  1.1227E-02
  4.1100E+02  1.1354E-02
  4.1200E+02  1.1716E-02
  4.1300E+02  1.1894E-02
  4.1400E+02  1.2066E-02
  4.1500E+02  1.2234E-02
  4.1600E+02  1.2410E-02
  4.1700E+02  1.2676E-02
  4.1800E+02  1.3027E-02
  4.1900E+02  1.3348E-02
  4.2000E+02  1.3462E-02
  4.2100E+02  1.2534E-02
  4.2200E+02  1.2048E-02
  4.2300E+02  1.1846E-02
  4.2400E+02  1.1704E-02
  4.2500E+02  1.1553E-02
  4.2600E+02  1.1395E-02
  4.2700E+02  1.1229E-02
  4.2800E+02  1.1054E-02
  4.2900E+02  1.0872E-02
  4.3000E+02  1.0682E-02
  4.3100E+02  1.0491E-02
  4.3200E+02  1.0283E-02
  4.3300E+02  1.0025E-02
  4.3400E+02  9.7178E-03
  4.3500E+02  9.4892E-03
  4.3600E+02  9.3264E-03
  4.3700E+02  9.1835E-03
  4.3800E+02  9.0584E-03
  4.3900E+02  8.9510E-03
  4.4000E+02  8.8617E-03
  4.4100E+02  8.7317E-03
  4.4200E+02  8.5909E-03
  4.4300E+02  8.5607E-03
  4.4400E+02  8.5283E-03
  4.4500E+02  8.4734E-03
  4.4600E+02  8.3865E-03
  4.4700E+02  8.2604E-03
  4.4800E+02  8.0984E-03
  4.4900E+02  7.9129E-03
  4.5000E+02  7.7995E-03
  4.5100E+02  7.6871E-03
  4.5200E+02  7.5756E-03
  4.5300E+02  7.4651E-03
  4.5400E+02  7.3555E-03
  4.5500E+02  7.2469E-03
  4.5600E+02  7.1443E-03
  4.5700E+02  7.0523E-03
  4.5800E+02  6.9710E-03
  4.5900E+02  6.9354E-03
  4.6000E+02  6.9212E-03
  4.6100E+02  6.9297E-03
  4.6200E+02  6.9778E-03
  4.6300E+02  7.1439E-03
  4.6400E+02  6.9962E-03
  4.6500E+02  6.8765E-03
  4.6600E+02  7.7164E-03
  4.6700E+02  7.0197E-03
  4.6800E+02  6.5171E-03
  4.6900E+02  6.3855E-03
  4.7000E+02  6.2545E-03
  4.7100E+02  6.1240E-03
  4.7200E+02  5.9942E-03
  4.7300E+02  5.9145E-03
  4.7400E+02  1.6248E-02
  4.7500E+02  4.9995E-02
  4.7600E+02  6.4694E-02
  4.7700E+02  6.5094E-02
  4.7800E+02  8.6989E-02
  4.7900E+02  7.2684E-02
  4.8000E+02  6.8233E-02
  4.8100E+02  6.8205E-02
  4.8200E+02  7.1922E-02
  4.8300E+02  7.1018E-02
  4.8400E+02  7.0330E-02
  4.8500E+02  6.9163E-02
  4.8600E+02  6.9354E-02
  4.8700E+02  6.9591E-02
  4.8800E+02  7.0475E-02
  4.8900E+02  6.7536E-02
  4.9000E+02  6.7384E-02
  4.9100E+02  6.7715E-02
  4.9200E+02  6.7968E-02
  4.9300E+02  6.9855E-02
  4.9400E+02  7.1143E-02
  4.9500E+02  7.4387E-02
  4.9600E+02  7.7628E-02
  4.9700E+02  8.2464E-02
  4.9800E+02  8.2163E-02
  4.9900E+02  7.4436E-02
  5.0000E+02  6.5356E-02
  5.0100E+02  4.1605E-02
  5.0200E+02  3.3698E-02
  5.0300E+02  2.8569E-02
  5.0400E+02  2.2253E-02
  5.0500E+02  1.9455E-02
  5.0600E+02  1.7500E-02
  5.0700E+02  1.6024E-02
  5.0800E+02  1.4770E-02
  5.0900E+02  1.3993E-02
  5.1000E+02  1.2699E-02
  5.1100E+02  1.0852E-02
  5.1200E+02  9.2990E-03
  5.1300E+02  8.2523E-03
  5.1400E+02  7.3650E-03
  5.1500E+02  6.5915E-03
  5.1600E+02  6.6399E-03
  5.1700E+02  5.2047E-03
  5.1800E+02  4.2438E-03
  5.1900E+02  3.0435E-03
  5.2000E+02  2.0561E-03
  5.2100E+02  1.6459E-03
  5.2200E+02  2.1210E-04
  5.2300E+02  0.0000E+00
