  0.0000E+00  0.0000E+00
  1.0000E+00  1.2507E-07
  2.0000E+00  5.0027E-07
  3.0000E+00  1.1256E-06
  4.0000E+00  2.0011E-06
  5.0000E+00  3.1267E-06
  6.0000E+00  4.5025E-06
  7.0000E+00  6.1284E-06
  8.0000E+00  8.0045E-06
  9.0000E+00  1.0131E-05
  1.0000E+01  1.2507E-05
  1.1000E+01  1.5133E-05
  1.2000E+01  1.8010E-05
  1.3000E+01  2.1137E-05
  1.4000E+01  2.4514E-05
  1.5000E+01  2.8141E-05
  1.6000E+01  3.2018E-05
  1.7000E+01  3.6145E-05
  1.8000E+01  4.0523E-05
  1.9000E+01  4.5150E-05
  2.0000E+01  5.0028E-05
  2.1000E+01  5.5156E-05
  2.2000E+01  6.0534E-05
  2.3000E+01  6.6162E-05
  2.4000E+01  7.2040E-05
  2.5000E+01  7.8169E-05
  2.6000E+01  8.4547E-05
  2.7000E+01  9.1176E-05
  2.8000E+01  9.8055E-05
  2.9000E+01  1.0518E-04
  3.0000E+01  1.1256E-04
  3.1000E+01  1.2019E-04
  3.2000E+01  1.2807E-04
  3.3000E+01  1.3620E-04
  3.4000E+01  1.4458E-04
  3.5000E+01  1.5321E-04
  3.6000E+01  1.6209E-04
  3.7000E+01  1.7122E-04
  3.8000E+01  1.8060E-04
  3.9000E+01  1.9023E-04
  4.0000E+01  2.0011E-04
  4.1000E+01  2.1024E-04
  4.2000E+01  2.2062E-04
  4.3000E+01  2.3125E-04
  4.4000E+01  2.4214E-04
  4.5000E+01  2.5327E-04
  4.6000E+01  2.6465E-04
  4.7000E+01  2.7628E-04
  4.8000E+01  2.8816E-04
  4.9000E+01  3.0029E-04
  5.0000E+01  3.1268E-04
  5.1000E+01  3.2531E-04
  5.2000E+01  3.3819E-04
  5.3000E+01  3.5132E-04
  5.4000E+01  3.6470E-04
  5.5000E+01  3.7834E-04
  5.6000E+01  3.9222E-04
  5.7000E+01  4.0635E-04
  5.8000E+01  4.2074E-04
  5.9000E+01  4.3537E-04
  6.0000E+01  4.5025E-04
  6.1000E+01  4.6539E-04
  6.2000E+01  4.8077E-04
  6.3000E+01  4.9640E-04
  6.4000E+01  5.1229E-04
  6.5000E+01  5.2842E-04
  6.6000E+01  5.4481E-04
  6.7000E+01  5.6144E-04
  6.8000E+01  6.8596E-04
  6.9000E+01  8.4830E-04
  7.0000E+01  1.0064E-03
  7.1000E+01  1.1604E-03
  7.2000E+01  1.3101E-03
  7.3000E+01  1.4557E-03
  7.4000E+01  1.5970E-03
  7.5000E+01  1.7341E-03
  7.6000E+01  1.8671E-03
  7.7000E+01  1.9958E-03
  7.8000E+01  2.1203E-03
  7.9000E+01  2.2406E-03
  8.0000E+01  2.3567E-03
  8.1000E+01  2.4687E-03
  8.2000E+01  2.5764E-03
  8.3000E+01  2.6799E-03
  8.4000E+01  2.7792E-03
  8.5000E+01  2.8743E-03
  8.6000E+01  2.9652E-03
  8.7000E+01  3.0519E-03
  8.8000E+01  3.1344E-03
  8.9000E+01  3.2286E-03
  9.0000E+01  3.3434E-03
  9.1000E+01  3.4611E-03
  9.2000E+01  3.5819E-03
  9.3000E+01  3.7056E-03
  9.4000E+01  3.8323E-03
  9.5000E+01  3.9620E-03
  9.6000E+01  4.1121E-03
  9.7000E+01  4.3306E-03
  9.8000E+01  4.6202E-03
  9.9000E+01  5.0026E-03
  1.0000E+02  5.4402E-03
  1.0100E+02  5.8796E-03
  1.0200E+02  6.3208E-03
  1.0300E+02  6.8204E-03
  1.0400E+02  7.3812E-03
  1.0500E+02  7.9383E-03
  1.0600E+02  8.4918E-03
  1.0700E+02  9.0415E-03
  1.0800E+02  9.5876E-03
  1.0900E+02  1.0130E-02
  1.1000E+02  1.0669E-02
  1.1100E+02  1.1204E-02
  1.1200E+02  1.1735E-02
  1.1300E+02  1.2252E-02
  1.1400E+02  1.2696E-02
  1.1500E+02  1.3160E-02
  1.1600E+02  1.3643E-02
  1.1700E+02  1.4145E-02
  1.1800E+02  1.4667E-02
  1.1900E+02  1.5207E-02
  1.2000E+02  1.5768E-02
  1.2100E+02  1.9268E-02
  1.2200E+02  1.9898E-02
  1.2300E+02  2.0864E-02
  1.2400E+02  1.8040E-02
  1.2500E+02  1.8317E-02
  1.2600E+02  1.8581E-02
  1.2700E+02  1.8832E-02
  1.2800E+02  1.9071E-02
  1.2900E+02  2.0149E-02
  1.3000E+02  2.1482E-02
  1.3100E+02  2.2364E-02
  1.3200E+02  2.2794E-02
  1.3300E+02  2.2773E-02
  1.3400E+02  2.2868E-02
  1.3500E+02  2.7767E-02
  1.3600E+02  2.8593E-02
  1.3700E+02  2.9277E-02
  1.3800E+02  2.8671E-02
  1.3900E+02  2.8700E-02
  1.4000E+02  2.8336E-02
  1.4100E+02  2.8350E-02
  1.4200E+02  2.8459E-02
  1.4300E+02  2.8335E-02
  1.4400E+02  2.7977E-02
  1.4500E+02  2.7385E-02
  1.4600E+02  2.6559E-02
  1.4700E+02  2.6055E-02
  1.4800E+02  2.5710E-02
  1.4900E+02  2.5368E-02
  1.5000E+02  2.5030E-02
  1.5100E+02  2.4696E-02
  1.5200E+02  2.4367E-02
  1.5300E+02  2.4041E-02
  1.5400E+02  2.3718E-02
  1.5500E+02  2.3400E-02
  1.5600E+02  2.4527E-02
  1.5700E+02  2.5326E-02
  1.5800E+02  2.6001E-02
  1.5900E+02  2.6427E-02
  1.6000E+02  2.7158E-02
  1.6100E+02  2.3996E-02
  1.6200E+02  2.3681E-02
  1.6300E+02  2.3368E-02
  1.6400E+02  2.3057E-02
  1.6500E+02  2.2748E-02
  1.6600E+02  2.2441E-02
  1.6700E+02  2.2384E-02
  1.6800E+02  2.2220E-02
  1.6900E+02  2.1580E-02
  1.7000E+02  2.0548E-02
  1.7100E+02  2.0477E-02
  1.7200E+02  2.0992E-02
  1.7300E+02  2.0307E-02
  1.7400E+02  1.7679E-02
  1.7500E+02  1.8165E-02
  1.7600E+02  1.4433E-02
  1.7700E+02  1.4527E-02
  1.7800E+02  1.4611E-02
  1.7900E+02  1.4688E-02
  1.8000E+02  1.4755E-02
  1.8100E+02  1.4813E-02
  1.8200E+02  1.4863E-02
  1.8300E+02  1.4904E-02
  1.8400E+02  1.4937E-02
  1.8500E+02  1.4960E-02
  1.8600E+02  1.4975E-02
  1.8700E+02  1.4982E-02
  1.8800E+02  1.4979E-02
  1.8900E+02  1.4968E-02
  1.9000E+02  1.4948E-02
  1.9100E+02  1.4919E-02
  1.9200E+02  1.4881E-02
  1.9300E+02  1.5458E-02
  1.9400E+02  1.5318E-02
  1.9500E+02  1.5107E-02
  1.9600E+02  1.4827E-02
  1.9700E+02  1.4480E-02
  1.9800E+02  1.4062E-02
  1.9900E+02  1.3571E-02
  2.0000E+02  1.3008E-02
  2.0100E+02  1.2373E-02
  2.0200E+02  1.1667E-02
  2.0300E+02  1.0888E-02
  2.0400E+02  1.0037E-02
  2.0500E+02  9.1137E-03
  2.0600E+02  8.1218E-03
  2.0700E+02  9.7832E-03
  2.0800E+02  1.3419E-03
  2.0900E+02  1.3627E-03
  2.1000E+02  1.3833E-03
  2.1100E+02  1.4038E-03
  2.1200E+02  1.4241E-03
  2.1300E+02  1.4442E-03
  2.1400E+02  1.4642E-03
  2.1500E+02  1.4840E-03
  2.1600E+02  1.5037E-03
  2.1700E+02  1.5232E-03
  2.1800E+02  1.5425E-03
  2.1900E+02  1.5617E-03
  2.2000E+02  1.5807E-03
  2.2100E+02  1.5996E-03
  2.2200E+02  1.6183E-03
  2.2300E+02  1.6368E-03
  2.2400E+02  1.6552E-03
  2.2500E+02  1.6734E-03
  2.2600E+02  1.6915E-03
  2.2700E+02  1.7094E-03
  2.2800E+02  1.7271E-03
  2.2900E+02  1.7530E-03
  2.3000E+02  1.7800E-03
  2.3100E+02  1.8077E-03
  2.3200E+02  1.8362E-03
  2.3300E+02  1.8654E-03
  2.3400E+02  1.8953E-03
  2.3500E+02  1.9260E-03
  2.3600E+02  1.9575E-03
  2.3700E+02  1.9897E-03
  2.3800E+02  2.0226E-03
  2.3900E+02  2.0563E-03
  2.4000E+02  2.0907E-03
  2.4100E+02  2.1259E-03
  2.4200E+02  2.1618E-03
  2.4300E+02  2.1985E-03
  2.4400E+02  2.2359E-03
  2.4500E+02  2.2741E-03
  2.4600E+02  2.3130E-03
  2.4700E+02  2.3526E-03
  2.4800E+02  2.3930E-03
  2.4900E+02  2.4341E-03
  2.5000E+02  2.4760E-03
  2.5100E+02  2.5186E-03
  2.5200E+02  2.5620E-03
  2.5300E+02  2.6061E-03
  2.5400E+02  2.6510E-03
  2.5500E+02  2.6966E-03
  2.5600E+02  2.7429E-03
  2.5700E+02  2.7900E-03
  2.5800E+02  2.8378E-03
  2.5900E+02  2.8864E-03
  2.6000E+02  2.9357E-03
  2.6100E+02  2.9858E-03
  2.6200E+02  3.0366E-03
  2.6300E+02  3.0897E-03
  2.6400E+02  3.1469E-03
  2.6500E+02  3.2083E-03
  2.6600E+02  3.2739E-03
  2.6700E+02  3.3437E-03
  2.6800E+02  3.4177E-03
  2.6900E+02  3.4959E-03
  2.7000E+02  3.5783E-03
  2.7100E+02  3.6648E-03
  2.7200E+02  3.7460E-03
  2.7300E+02  3.8204E-03
  2.7400E+02  3.8897E-03
  2.7500E+02  3.9539E-03
  2.7600E+02  4.0129E-03
  2.7700E+02  4.0669E-03
  2.7800E+02  4.1160E-03
  2.7900E+02  4.1601E-03
  2.8000E+02  4.1993E-03
  2.8100E+02  4.2336E-03
  2.8200E+02  4.2692E-03
  2.8300E+02  4.3524E-03
  2.8400E+02  4.4376E-03
  2.8500E+02  4.5249E-03
  2.8600E+02  4.6143E-03
  2.8700E+02  4.7058E-03
  2.8800E+02  4.7994E-03
  2.8900E+02  4.8950E-03
  2.9000E+02  4.9927E-03
  2.9100E+02  5.0926E-03
  2.9200E+02  5.1945E-03
  2.9300E+02  5.2984E-03
  2.9400E+02  5.4045E-03
  2.9500E+02  5.5127E-03
  2.9600E+02  5.6229E-03
  2.9700E+02  5.7352E-03
  2.9800E+02  5.8496E-03
  2.9900E+02  5.9661E-03
  3.0000E+02  6.0847E-03
  3.0100E+02  6.2054E-03
  3.0200E+02  6.3281E-03
  3.0300E+02  6.4530E-03
  3.0400E+02  6.5799E-03
  3.0500E+02  6.7089E-03
  3.0600E+02  6.8400E-03
  3.0700E+02  6.9731E-03
  3.0800E+02  7.1084E-03
  3.0900E+02  7.2831E-03
  3.1000E+02  7.5781E-03
  3.1100E+02  7.9678E-03
  3.1200E+02  8.4525E-03
  3.1300E+02  9.0320E-03
  3.1400E+02  9.7032E-03
  3.1500E+02  1.0415E-02
  3.1600E+02  1.1149E-02
  3.1700E+02  1.1905E-02
  3.1800E+02  1.2684E-02
  3.1900E+02  1.3456E-02
  3.2000E+02  1.2278E-02
  3.2100E+02  1.2414E-02
  3.2200E+02  1.2544E-02
  3.2300E+02  1.2668E-02
  3.2400E+02  1.2785E-02
  3.2500E+02  1.2895E-02
  3.2600E+02  1.2999E-02
  3.2700E+02  1.3095E-02
  3.2800E+02  1.3186E-02
  3.2900E+02  1.3269E-02
  3.3000E+02  1.3346E-02
  3.3100E+02  1.3417E-02
  3.3200E+02  1.3481E-02
  3.3300E+02  1.3538E-02
  3.3400E+02  1.3588E-02
  3.3500E+02  1.3632E-02
  3.3600E+02  1.3669E-02
  3.3700E+02  1.3700E-02
  3.3800E+02  1.3724E-02
  3.3900E+02  1.3741E-02
  3.4000E+02  1.3752E-02
  3.4100E+02  1.3756E-02
  3.4200E+02  1.3754E-02
  3.4300E+02  1.3744E-02
  3.4400E+02  1.4791E-02
  3.4500E+02  1.5113E-02
  3.4600E+02  1.4384E-02
  3.4700E+02  1.3572E-02
  3.4800E+02  1.3221E-02
  3.4900E+02  1.1817E-02
  3.5000E+02  7.2151E-03
  3.5100E+02  4.3535E-03
  3.5200E+02  4.0573E-03
  3.5300E+02  3.8004E-03
  3.5400E+02  3.5828E-03
  3.5500E+02  3.4163E-03
  3.5600E+02  3.3253E-03
  3.5700E+02  3.2346E-03
  3.5800E+02  3.1440E-03
  3.5900E+02  3.0537E-03
  3.6000E+02  2.9636E-03
  3.6100E+02  2.8736E-03
  3.6200E+02  2.7839E-03
  3.6300E+02  2.6944E-03
  3.6400E+02  2.6050E-03
  3.6500E+02  2.5159E-03
  3.6600E+02  2.4270E-03
  3.6700E+02  2.3383E-03
  3.6800E+02  2.2497E-03
  3.6900E+02  2.1614E-03
  3.7000E+02  2.0733E-03
  3.7100E+02  1.9854E-03
  3.7200E+02  1.8977E-03
  3.7300E+02  1.8102E-03
  3.7400E+02  1.7228E-03
  3.7500E+02  1.6357E-03
  3.7600E+02  1.5488E-03
  3.7700E+02  1.4621E-03
  3.7800E+02  1.9922E-03
  3.7900E+02  2.2344E-03
  3.8000E+02  2.4799E-03
  3.8100E+02  2.7286E-03
  3.8200E+02  2.9805E-03
  3.8300E+02  3.2355E-03
  3.8400E+02  3.4937E-03
  3.8500E+02  3.7552E-03
  3.8600E+02  4.0198E-03
  3.8700E+02  4.2876E-03
  3.8800E+02  4.5586E-03
  3.8900E+02  4.8328E-03
  3.9000E+02  5.1102E-03
  3.9100E+02  5.3907E-03
  3.9200E+02  5.6745E-03
  3.9300E+02  5.9615E-03
  3.9400E+02  6.2516E-03
  3.9500E+02  6.5484E-03
  3.9600E+02  6.9088E-03
  3.9700E+02  7.2705E-03
  3.9800E+02  7.6336E-03
  3.9900E+02  8.3928E-03
  4.0000E+02  9.7247E-03
  4.0100E+02  1.0860E-02
  4.0200E+02  1.1793E-02
  4.0300E+02  1.2687E-02
  4.0400E+02  1.3540E-02
  4.0500E+02  1.4353E-02
  4.0600E+02  1.5126E-02
  4.0700E+02  1.5858E-02
  4.0800E+02  1.6551E-02
  4.0900E+02  1.7203E-02
  4.1000E+02  1.8768E-02
  4.1100E+02  1.4707E-02
  4.1200E+02  1.3886E-02
  4.1300E+02  1.3302E-02
  4.1400E+02  1.2955E-02
  4.1500E+02  1.2846E-02
  4.1600E+02  1.2974E-02
  4.1700E+02  1.2497E-02
  4.1800E+02  1.2428E-02
  4.1900E+02  1.2356E-02
  4.2000E+02  1.2281E-02
  4.2100E+02  1.2202E-02
  4.2200E+02  1.2120E-02
  4.2300E+02  1.2034E-02
  4.2400E+02  1.1946E-02
  4.2500E+02  1.1854E-02
  4.2600E+02  1.1758E-02
  4.2700E+02  1.1660E-02
  4.2800E+02  1.1558E-02
  4.2900E+02  1.1453E-02
  4.3000E+02  1.1344E-02
  4.3100E+02  1.1232E-02
  4.3200E+02  1.1117E-02
  4.3300E+02  1.0998E-02
  4.3400E+02  1.0876E-02
  4.3500E+02  1.0751E-02
  4.3600E+02  1.0623E-02
  4.3700E+02  1.0491E-02
  4.3800E+02  1.0356E-02
  4.3900E+02  1.0217E-02
  4.4000E+02  1.0076E-02
  4.4100E+02  1.0169E-02
  4.4200E+02  1.0202E-02
  4.4300E+02  9.9977E-03
  4.4400E+02  9.5577E-03
  4.4500E+02  9.2498E-03
  4.4600E+02  9.0644E-03
  4.4700E+02  8.9206E-03
  4.4800E+02  8.8184E-03
  4.4900E+02  8.7577E-03
  4.5000E+02  1.0117E-02
  4.5100E+02  1.0973E-02
  4.5200E+02  1.0334E-02
  4.5300E+02  7.5937E-03
  4.5400E+02  7.2768E-03
  4.5500E+02  7.1646E-03
  4.5600E+02  7.0531E-03
  4.5700E+02  6.9424E-03
  4.5800E+02  6.8325E-03
  4.5900E+02  6.7234E-03
  4.6000E+02  6.6150E-03
  4.6100E+02  6.5074E-03
  4.6200E+02  6.4006E-03
  4.6300E+02  6.2946E-03
  4.6400E+02  6.1893E-03
  4.6500E+02  6.0849E-03
  4.6600E+02  5.9811E-03
  4.6700E+02  5.8782E-03
  4.6800E+02  5.7760E-03
  4.6900E+02  5.6747E-03
  4.7000E+02  5.5740E-03
  4.7100E+02  5.4742E-03
  4.7200E+02  5.3751E-03
  4.7300E+02  5.2769E-03
  4.7400E+02  1.5474E-02
  4.7500E+02  2.4011E-02
  4.7600E+02  3.4849E-02
  4.7700E+02  9.1434E-02
  4.7800E+02  8.0747E-02
  4.7900E+02  7.0395E-02
  4.8000E+02  7.2042E-02
  4.8100E+02  7.3176E-02
  4.8200E+02  7.3087E-02
  4.8300E+02  6.9348E-02
  4.8400E+02  7.3096E-02
  4.8500E+02  7.5747E-02
  4.8600E+02  7.6476E-02
  4.8700E+02  7.8075E-02
  4.8800E+02  8.1186E-02
  4.8900E+02  8.3049E-02
  4.9000E+02  9.1758E-02
  4.9100E+02  9.2855E-02
  4.9200E+02  8.3452E-02
  4.9300E+02  7.5544E-02
  4.9400E+02  7.1752E-02
  4.9500E+02  6.9022E-02
  4.9600E+02  6.6274E-02
  4.9700E+02  6.3509E-02
  4.9800E+02  6.4393E-02
  4.9900E+02  7.4857E-02
  5.0000E+02  5.7525E-02
  5.0100E+02  4.0700E-02
  5.0200E+02  3.4522E-02
  5.0300E+02  2.9264E-02
  5.0400E+02  2.5494E-02
  5.0500E+02  2.1747E-02
  5.0600E+02  1.8529E-02
  5.0700E+02  1.5803E-02
  5.0800E+02  1.4293E-02
  5.0900E+02  1.2822E-02
  5.1000E+02  1.1390E-02
  5.1100E+02  9.9962E-03
  5.1200E+02  8.6409E-03
  5.1300E+02  7.3241E-03
  5.1400E+02  6.1217E-03
  5.1500E+02  6.5207E-03
  5.1600E+02  5.1305E-03
  5.1700E+02  1.9763E-03
  5.1800E+02  1.3712E-03
  5.1900E+02  8.7631E-04
  5.2000E+02  4.9177E-04
  5.2100E+02  2.1754E-04
  5.2200E+02  5.3622E-05
  5.2300E+02  0.0000E+00
