 -2.8871E-05  0.0000E+00
  9.9997E-01  9.5139E-08
  2.0000E+00  3.8056E-07
  3.0000E+00  8.5625E-07
  4.0000E+00  1.5222E-06
  5.0000E+00  2.3785E-06
  6.0000E+00  3.4250E-06
  7.0000E+00  4.6618E-06
  8.0000E+00  6.0889E-06
  9.0000E+00  7.7063E-06
  1.0000E+01  9.5139E-06
  1.1000E+01  1.1512E-05
  1.2000E+01  1.3700E-05
  1.3000E+01  1.6079E-05
  1.4000E+01  1.8647E-05
  1.5000E+01  2.1406E-05
  1.6000E+01  2.4356E-05
  1.7000E+01  2.7495E-05
  1.8000E+01  3.0825E-05
  1.9000E+01  3.4345E-05
  2.0000E+01  3.8056E-05
  2.1000E+01  4.1957E-05
  2.2000E+01  4.6048E-05
  2.3000E+01  5.0329E-05
  2.4000E+01  5.4800E-05
  2.5000E+01  5.9462E-05
  2.6000E+01  6.4314E-05
  2.7000E+01  6.9357E-05
  2.8000E+01  7.4589E-05
  2.9000E+01  8.0012E-05
  3.0000E+01  8.5626E-05
  3.1000E+01  9.1429E-05
  3.2000E+01  9.7423E-05
  3.3000E+01  1.0361E-04
  3.4000E+01  1.0998E-04
  3.5000E+01  1.1655E-04
  3.6000E+01  1.2330E-04
  3.7000E+01  1.3025E-04
  3.8000E+01  1.3738E-04
  3.9000E+01  1.4471E-04
  4.0000E+01  1.5222E-04
  4.1000E+01  1.5993E-04
  4.2000E+01  1.6783E-04
  4.3000E+01  1.7591E-04
  4.4000E+01  1.8419E-04
  4.5000E+01  1.9266E-04
  4.6000E+01  2.0132E-04
  4.7000E+01  2.1016E-04
  4.8000E+01  2.1920E-04
  4.9000E+01  2.2843E-04
  5.0000E+01  2.3785E-04
  5.1000E+01  2.4746E-04
  5.2000E+01  2.5726E-04
  5.3000E+01  3.4649E-04
  5.4000E+01  4.4908E-04
  5.5000E+01  5.4473E-04
  5.6000E+01  6.3343E-04
  5.7000E+01  7.1518E-04
  5.8000E+01  7.8999E-04
  5.9000E+01  8.5784E-04
  6.0000E+01  9.1875E-04
  6.1000E+01  9.7271E-04
  6.2000E+01  1.0197E-03
  6.3000E+01  1.0598E-03
  6.4000E+01  1.0929E-03
  6.5000E+01  1.1191E-03
  6.6000E+01  1.1383E-03
  6.7000E+01  1.1629E-03
  6.8000E+01  1.2132E-03
  6.9000E+01  1.2643E-03
  7.0000E+01  1.3162E-03
  7.1000E+01  1.3688E-03
  7.2000E+01  1.4223E-03
  7.3000E+01  1.4765E-03
  7.4000E+01  1.5315E-03
  7.5000E+01  1.5873E-03
  7.6000E+01  1.6494E-03
  7.7000E+01  1.7175E-03
  7.8000E+01  1.7905E-03
  7.9000E+01  1.8684E-03
  8.0000E+01  1.9512E-03
  8.1000E+01  2.0389E-03
  8.2000E+01  2.1314E-03
  8.3000E+01  2.2293E-03
  8.4000E+01  2.3351E-03
  8.5000E+01  2.4494E-03
  8.6000E+01  2.5722E-03
  8.7000E+01  2.7034E-03
  8.8000E+01  2.8432E-03
  8.9000E+01  2.9915E-03
  9.0000E+01  3.1482E-03
  9.1000E+01  3.3134E-03
  9.2000E+01  3.4872E-03
  9.3000E+01  3.6694E-03
  9.4000E+01  3.8467E-03
  9.5000E+01  4.0340E-03
  9.6000E+01  4.4426E-03
  9.7000E+01  4.7732E-03
  9.8000E+01  5.0254E-03
  9.9000E+01  5.2607E-03
  1.0000E+02  5.4815E-03
  1.0100E+02  6.0853E-03
  1.0200E+02  6.8769E-03
  1.0300E+02  7.5144E-03
  1.0400E+02  7.9899E-03
  1.0500E+02  8.3532E-03
  1.0600E+02  8.9389E-03
  1.0700E+02  9.4947E-03
  1.0800E+02  1.0045E-02
  1.0900E+02  1.0611E-02
  1.1000E+02  1.1192E-02
  1.1100E+02  1.1788E-02
  1.1200E+02  1.2400E-02
  1.1300E+02  1.4369E-02
  1.1400E+02  1.4584E-02
  1.1500E+02  1.5405E-02
  1.1600E+02  1.5880E-02
  1.1700E+02  1.4325E-02
  1.1800E+02  1.4713E-02
  1.1900E+02  1.5099E-02
  1.2000E+02  1.5484E-02
  1.2100E+02  1.5866E-02
  1.2200E+02  1.6247E-02
  1.2300E+02  1.6621E-02
  1.2400E+02  1.7571E-02
  1.2500E+02  1.8007E-02
  1.2600E+02  1.8222E-02
  1.2700E+02  1.8664E-02
  1.2800E+02  1.9146E-02
  1.2900E+02  1.9842E-02
  1.3000E+02  2.0778E-02
  1.3100E+02  2.1599E-02
  1.3200E+02  2.2527E-02
  1.3300E+02  2.4080E-02
  1.3400E+02  2.6053E-02
  1.3500E+02  3.1909E-02
  1.3600E+02  3.2327E-02
  1.3700E+02  3.0379E-02
  1.3800E+02  3.1966E-02
  1.3900E+02  2.9322E-02
  1.4000E+02  2.9670E-02
  1.4100E+02  2.9386E-02
  1.4200E+02  2.9118E-02
  1.4300E+02  2.8843E-02
  1.4400E+02  2.8559E-02
  1.4500E+02  2.8267E-02
  1.4600E+02  2.7996E-02
  1.4700E+02  2.7724E-02
  1.4800E+02  2.7450E-02
  1.4900E+02  2.7175E-02
  1.5000E+02  2.6935E-02
  1.5100E+02  2.6911E-02
  1.5200E+02  2.7045E-02
  1.5300E+02  2.6852E-02
  1.5400E+02  2.6743E-02
  1.5500E+02  2.6274E-02
  1.5600E+02  2.4906E-02
  1.5700E+02  2.4051E-02
  1.5800E+02  2.3307E-02
  1.5900E+02  2.3638E-02
  1.6000E+02  2.0194E-02
  1.6100E+02  1.8083E-02
  1.6200E+02  1.7837E-02
  1.6300E+02  1.7584E-02
  1.6400E+02  1.7324E-02
  1.6500E+02  1.7057E-02
  1.6600E+02  1.6783E-02
  1.6700E+02  1.6507E-02
  1.6800E+02  1.6238E-02
  1.6900E+02  1.5977E-02
  1.7000E+02  1.5827E-02
  1.7100E+02  1.5776E-02
  1.7200E+02  1.5725E-02
  1.7300E+02  1.5580E-02
  1.7400E+02  1.5434E-02
  1.7500E+02  1.5286E-02
  1.7600E+02  1.5137E-02
  1.7700E+02  1.4986E-02
  1.7800E+02  1.4841E-02
  1.7900E+02  1.4720E-02
  1.8000E+02  1.4621E-02
  1.8100E+02  1.4546E-02
  1.8200E+02  1.4481E-02
  1.8300E+02  1.4229E-02
  1.8400E+02  1.4136E-02
  1.8500E+02  1.4181E-02
  1.8600E+02  1.4197E-02
  1.8700E+02  1.4180E-02
  1.8800E+02  1.4133E-02
  1.8900E+02  1.4218E-02
  1.9000E+02  1.4310E-02
  1.9100E+02  1.4434E-02
  1.9200E+02  1.4727E-02
  1.9300E+02  1.8542E-02
  1.9400E+02  1.7581E-02
  1.9500E+02  1.7593E-02
  1.9600E+02  1.7790E-02
  1.9700E+02  1.7927E-02
  1.9800E+02  1.7977E-02
  1.9900E+02  1.7941E-02
  2.0000E+02  1.7816E-02
  2.0100E+02  1.6976E-02
  2.0200E+02  1.5436E-02
  2.0300E+02  1.4325E-02
  2.0400E+02  1.3039E-02
  2.0500E+02  1.1580E-02
  2.0600E+02  9.9320E-03
  2.0700E+02  8.3433E-03
  2.0800E+02  6.8543E-03
  2.0900E+02  5.4650E-03
  2.1000E+02  4.1753E-03
  2.1100E+02  2.1030E-03
  2.1200E+02  1.4362E-03
  2.1300E+02  1.4606E-03
  2.1400E+02  1.4819E-03
  2.1500E+02  1.5001E-03
  2.1600E+02  1.5152E-03
  2.1700E+02  1.5271E-03
  2.1800E+02  1.5359E-03
  2.1900E+02  1.5544E-03
  2.2000E+02  1.5801E-03
  2.2100E+02  1.6061E-03
  2.2200E+02  1.6322E-03
  2.2300E+02  1.6586E-03
  2.2400E+02  1.6851E-03
  2.2500E+02  1.7119E-03
  2.2600E+02  1.7388E-03
  2.2700E+02  1.7660E-03
  2.2800E+02  1.7934E-03
  2.2900E+02  1.8209E-03
  2.3000E+02  1.8487E-03
  2.3100E+02  1.8766E-03
  2.3200E+02  1.9048E-03
  2.3300E+02  1.9332E-03
  2.3400E+02  1.9617E-03
  2.3500E+02  1.9905E-03
  2.3600E+02  2.0195E-03
  2.3700E+02  2.0486E-03
  2.3800E+02  2.0780E-03
  2.3900E+02  2.1076E-03
  2.4000E+02  2.1373E-03
  2.4100E+02  2.1673E-03
  2.4200E+02  2.1975E-03
  2.4300E+02  2.2279E-03
  2.4400E+02  2.2595E-03
  2.4500E+02  2.3005E-03
  2.4600E+02  2.3523E-03
  2.4700E+02  2.4125E-03
  2.4800E+02  2.4673E-03
  2.4900E+02  2.5194E-03
  2.5000E+02  2.5692E-03
  2.5100E+02  2.6178E-03
  2.5200E+02  2.6656E-03
  2.5300E+02  2.7125E-03
  2.5400E+02  2.7584E-03
  2.5500E+02  2.8035E-03
  2.5600E+02  2.8477E-03
  2.5700E+02  2.8911E-03
  2.5800E+02  2.9335E-03
  2.5900E+02  2.9750E-03
  2.6000E+02  3.0157E-03
  2.6100E+02  3.0555E-03
  2.6200E+02  3.0943E-03
  2.6300E+02  3.1323E-03
  2.6400E+02  3.1738E-03
  2.6500E+02  3.2184E-03
  2.6600E+02  3.2647E-03
  2.6700E+02  3.3125E-03
  2.6800E+02  3.3620E-03
  2.6900E+02  3.4130E-03
  2.7000E+02  3.4657E-03
  2.7100E+02  3.5200E-03
  2.7200E+02  3.5759E-03
  2.7300E+02  3.6334E-03
  2.7400E+02  3.6925E-03
  2.7500E+02  3.7533E-03
  2.7600E+02  3.8158E-03
  2.7700E+02  3.8800E-03
  2.7800E+02  3.9458E-03
  2.7900E+02  4.0132E-03
  2.8000E+02  4.0824E-03
  2.8100E+02  4.1535E-03
  2.8200E+02  4.2264E-03
  2.8300E+02  4.3008E-03
  2.8400E+02  4.3769E-03
  2.8500E+02  4.4546E-03
  2.8600E+02  4.5339E-03
  2.8700E+02  4.6148E-03
  2.8800E+02  4.6992E-03
  2.8900E+02  4.8132E-03
  2.9000E+02  4.9447E-03
  2.9100E+02  5.0672E-03
  2.9200E+02  5.1818E-03
  2.9300E+02  5.2885E-03
  2.9400E+02  5.3871E-03
  2.9500E+02  5.4779E-03
  2.9600E+02  5.5606E-03
  2.9700E+02  5.6354E-03
  2.9800E+02  5.7471E-03
  2.9900E+02  5.8647E-03
  3.0000E+02  5.9839E-03
  3.0100E+02  6.1048E-03
  3.0200E+02  6.2273E-03
  3.0300E+02  6.3514E-03
  3.0400E+02  6.4772E-03
  3.0500E+02  6.6046E-03
  3.0600E+02  6.7336E-03
  3.0700E+02  6.8643E-03
  3.0800E+02  6.9966E-03
  3.0900E+02  7.2028E-03
  3.1000E+02  7.3984E-03
  3.1100E+02  7.5739E-03
  3.1200E+02  7.7293E-03
  3.1300E+02  7.8708E-03
  3.1400E+02  8.1017E-03
  3.1500E+02  8.3597E-03
  3.1600E+02  8.6449E-03
  3.1700E+02  8.9571E-03
  3.1800E+02  9.2964E-03
  3.1900E+02  9.6627E-03
  3.2000E+02  1.0056E-02
  3.2100E+02  1.0477E-02
  3.2200E+02  1.0924E-02
  3.2300E+02  1.1416E-02
  3.2400E+02  1.2468E-02
  3.2500E+02  1.3305E-02
  3.2600E+02  1.3912E-02
  3.2700E+02  1.4310E-02
  3.2800E+02  1.4544E-02
  3.2900E+02  1.4690E-02
  3.3000E+02  1.4749E-02
  3.3100E+02  1.4722E-02
  3.3200E+02  1.4607E-02
  3.3300E+02  1.4541E-02
  3.3400E+02  1.4517E-02
  3.3500E+02  1.4512E-02
  3.3600E+02  1.4438E-02
  3.3700E+02  1.4274E-02
  3.3800E+02  1.4007E-02
  3.3900E+02  1.3632E-02
  3.4000E+02  1.3204E-02
  3.4100E+02  1.2905E-02
  3.4200E+02  1.2704E-02
  3.4300E+02  1.2408E-02
  3.4400E+02  1.1813E-02
  3.4500E+02  1.1204E-02
  3.4600E+02  1.0580E-02
  3.4700E+02  9.9434E-03
  3.4800E+02  9.1592E-03
  3.4900E+02  8.5746E-03
  3.5000E+02  8.0404E-03
  3.5100E+02  7.3772E-03
  3.5200E+02  6.7678E-03
  3.5300E+02  6.2121E-03
  3.5400E+02  5.8140E-03
  3.5500E+02  5.5182E-03
  3.5600E+02  5.2325E-03
  3.5700E+02  4.8916E-03
  3.5800E+02  4.5723E-03
  3.5900E+02  4.2745E-03
  3.6000E+02  3.9983E-03
  3.6100E+02  3.7444E-03
  3.6200E+02  3.5127E-03
  3.6300E+02  3.3034E-03
  3.6400E+02  3.1163E-03
  3.6500E+02  2.9516E-03
  3.6600E+02  2.8339E-03
  3.6700E+02  2.7651E-03
  3.6800E+02  2.7175E-03
  3.6900E+02  2.6912E-03
  3.7000E+02  2.6861E-03
  3.7100E+02  2.7022E-03
  3.7200E+02  2.7396E-03
  3.7300E+02  2.7983E-03
  3.7400E+02  2.8782E-03
  3.7500E+02  2.9793E-03
  3.7600E+02  3.1017E-03
  3.7700E+02  3.2436E-03
  3.7800E+02  3.4041E-03
  3.7900E+02  3.5831E-03
  3.8000E+02  3.7255E-03
  3.8100E+02  3.8917E-03
  3.8200E+02  4.2675E-03
  3.8300E+02  4.6507E-03
  3.8400E+02  5.0072E-03
  3.8500E+02  5.3424E-03
  3.8600E+02  5.6697E-03
  3.8700E+02  6.0192E-03
  3.8800E+02  6.4053E-03
  3.8900E+02  6.8281E-03
  3.9000E+02  7.2876E-03
  3.9100E+02  7.7837E-03
  3.9200E+02  8.3165E-03
  3.9300E+02  8.8436E-03
  3.9400E+02  9.2926E-03
  3.9500E+02  9.6764E-03
  3.9600E+02  1.0022E-02
  3.9700E+02  1.0516E-02
  3.9800E+02  1.1100E-02
  3.9900E+02  1.1379E-02
  4.0000E+02  1.1392E-02
  4.0100E+02  1.2403E-02
  4.0200E+02  1.4429E-02
  4.0300E+02  1.1181E-02
  4.0400E+02  1.1078E-02
  4.0500E+02  1.1015E-02
  4.0600E+02  1.0993E-02
  4.0700E+02  1.1011E-02
  4.0800E+02  1.1069E-02
  4.0900E+02  1.1164E-02
  4.1000E+02  1.1285E-02
  4.1100E+02  1.1430E-02
  4.1200E+02  1.1574E-02
  4.1300E+02  1.1667E-02
  4.1400E+02  1.1749E-02
  4.1500E+02  1.1822E-02
  4.1600E+02  1.1885E-02
  4.1700E+02  1.1939E-02
  4.1800E+02  1.1985E-02
  4.1900E+02  1.2024E-02
  4.2000E+02  1.2056E-02
  4.2100E+02  1.2081E-02
  4.2200E+02  1.2098E-02
  4.2300E+02  1.2130E-02
  4.2400E+02  1.2489E-02
  4.2500E+02  1.3388E-02
  4.2600E+02  1.3540E-02
  4.2700E+02  1.3521E-02
  4.2800E+02  1.3383E-02
  4.2900E+02  1.3070E-02
  4.3000E+02  1.2587E-02
  4.3100E+02  1.0763E-02
  4.3200E+02  1.0434E-02
  4.3300E+02  1.0185E-02
  4.3400E+02  9.9620E-03
  4.3500E+02  9.7212E-03
  4.3600E+02  9.4620E-03
  4.3700E+02  9.2864E-03
  4.3800E+02  9.1441E-03
  4.3900E+02  9.0040E-03
  4.4000E+02  8.8660E-03
  4.4100E+02  8.7300E-03
  4.4200E+02  8.5962E-03
  4.4300E+02  8.4644E-03
  4.4400E+02  8.3347E-03
  4.4500E+02  8.2071E-03
  4.4600E+02  8.0817E-03
  4.4700E+02  7.9583E-03
  4.4800E+02  7.8370E-03
  4.4900E+02  7.7177E-03
  4.5000E+02  7.6006E-03
  4.5100E+02  7.4931E-03
  4.5200E+02  7.4110E-03
  4.5300E+02  7.3549E-03
  4.5400E+02  7.2976E-03
  4.5500E+02  7.2749E-03
  4.5600E+02  7.3013E-03
  4.5700E+02  7.3671E-03
  4.5800E+02  7.4783E-03
  4.5900E+02  7.6841E-03
  4.6000E+02  7.3668E-03
  4.6100E+02  8.3236E-03
  4.6200E+02  8.1938E-03
  4.6300E+02  6.8341E-03
  4.6400E+02  6.7141E-03
  4.6500E+02  6.5948E-03
  4.6600E+02  6.4761E-03
  4.6700E+02  6.3582E-03
  4.6800E+02  6.2409E-03
  4.6900E+02  6.1243E-03
  4.7000E+02  6.0085E-03
  4.7100E+02  5.8933E-03
  4.7200E+02  5.7787E-03
  4.7300E+02  6.2138E-03
  4.7400E+02  1.7554E-02
  4.7500E+02  3.1975E-02
  4.7600E+02  5.0162E-02
  4.7700E+02  7.3727E-02
  4.7800E+02  8.4550E-02
  4.7900E+02  8.2737E-02
  4.8000E+02  7.4789E-02
  4.8100E+02  6.7190E-02
  4.8200E+02  6.7604E-02
  4.8300E+02  6.8202E-02
  4.8400E+02  6.9437E-02
  4.8500E+02  7.0626E-02
  4.8600E+02  7.0316E-02
  4.8700E+02  7.0083E-02
  4.8800E+02  7.0731E-02
  4.8900E+02  6.8284E-02
  4.9000E+02  6.8807E-02
  4.9100E+02  7.0372E-02
  4.9200E+02  7.2558E-02
  4.9300E+02  7.4928E-02
  4.9400E+02  7.8307E-02
  4.9500E+02  8.4468E-02
  4.9600E+02  8.3027E-02
  4.9700E+02  7.7214E-02
  4.9800E+02  7.1863E-02
  4.9900E+02  6.6527E-02
  5.0000E+02  6.3285E-02
  5.0100E+02  3.9702E-02
  5.0200E+02  3.4269E-02
  5.0300E+02  2.9127E-02
  5.0400E+02  2.3780E-02
  5.0500E+02  1.8750E-02
  5.0600E+02  1.6689E-02
  5.0700E+02  1.4906E-02
  5.0800E+02  1.3402E-02
  5.0900E+02  1.2173E-02
  5.1000E+02  1.1155E-02
  5.1100E+02  1.0410E-02
  5.1200E+02  9.9442E-03
  5.1300E+02  8.8507E-03
  5.1400E+02  7.3731E-03
  5.1500E+02  6.4280E-03
  5.1600E+02  5.3916E-03
  5.1700E+02  4.2641E-03
  5.1800E+02  3.2494E-03
  5.1900E+02  3.3977E-03
  5.2000E+02  1.4519E-03
  5.2100E+02  4.9104E-04
  5.2200E+02  1.2104E-04
  5.2300E+02  0.0000E+00
