  0.0000E+00  0.0000E+00
  1.0000E+00  8.2301E-08
  2.0000E+00  3.2921E-07
  3.0000E+00  7.4073E-07
  4.0000E+00  1.3169E-06
  5.0000E+00  2.0576E-06
  6.0000E+00  2.9629E-06
  7.0000E+00  4.0329E-06
  8.0000E+00  5.2675E-06
  9.0000E+00  6.6666E-06
  1.0000E+01  8.2304E-06
  1.1000E+01  9.9588E-06
  1.2000E+01  1.1852E-05
  1.3000E+01  1.3909E-05
  1.4000E+01  1.6132E-05
  1.5000E+01  1.8518E-05
  1.6000E+01  2.1070E-05
  1.7000E+01  2.3786E-05
  1.8000E+01  2.6667E-05
  1.9000E+01  2.9712E-05
  2.0000E+01  3.2922E-05
  2.1000E+01  3.6296E-05
  2.2000E+01  3.9835E-05
  2.3000E+01  4.3539E-05
  2.4000E+01  4.7407E-05
  2.5000E+01  5.1440E-05
  2.6000E+01  5.5638E-05
  2.7000E+01  6.0000E-05
  2.8000E+01  6.4527E-05
  2.9000E+01  6.9218E-05
  3.0000E+01  7.4074E-05
  3.1000E+01  7.9094E-05
  3.2000E+01  8.4280E-05
  3.3000E+01  8.9629E-05
  3.4000E+01  9.5571E-05
  3.5000E+01  1.4860E-04
  3.6000E+01  1.9583E-04
  3.7000E+01  2.3727E-04
  3.8000E+01  2.7292E-04
  3.9000E+01  3.0276E-04
  4.0000E+01  3.2682E-04
  4.1000E+01  3.4507E-04
  4.2000E+01  3.5754E-04
  4.3000E+01  3.6420E-04
  4.4000E+01  3.6825E-04
  4.5000E+01  3.8918E-04
  4.6000E+01  4.1058E-04
  4.7000E+01  4.3244E-04
  4.8000E+01  4.5476E-04
  4.9000E+01  4.7755E-04
  5.0000E+01  5.0080E-04
  5.1000E+01  5.2499E-04
  5.2000E+01  5.5071E-04
  5.3000E+01  5.7768E-04
  5.4000E+01  6.0588E-04
  5.5000E+01  6.3533E-04
  5.6000E+01  6.6602E-04
  5.7000E+01  6.9796E-04
  5.8000E+01  7.3113E-04
  5.9000E+01  7.6555E-04
  6.0000E+01  8.0121E-04
  6.1000E+01  8.3812E-04
  6.2000E+01  9.3319E-04
  6.3000E+01  1.0999E-03
  6.4000E+01  1.3192E-03
  6.5000E+01  1.3632E-03
  6.6000E+01  1.2659E-03
  6.7000E+01  1.2747E-03
  6.8000E+01  1.3328E-03
  6.9000E+01  1.3926E-03
  7.0000E+01  1.4540E-03
  7.1000E+01  1.5171E-03
  7.2000E+01  1.5818E-03
  7.3000E+01  1.6460E-03
  7.4000E+01  1.7115E-03
  7.5000E+01  1.7795E-03
  7.6000E+01  1.8498E-03
  7.7000E+01  1.9225E-03
  7.8000E+01  1.9976E-03
  7.9000E+01  2.0752E-03
  8.0000E+01  2.1554E-03
  8.1000E+01  2.2489E-03
  8.2000E+01  2.3575E-03
  8.3000E+01  2.4811E-03
  8.4000E+01  2.6151E-03
  8.5000E+01  2.7598E-03
  8.6000E+01  3.1534E-03
  8.7000E+01  3.0739E-03
  8.8000E+01  3.1996E-03
  8.9000E+01  3.3329E-03
  9.0000E+01  3.5019E-03
  9.1000E+01  3.6968E-03
  9.2000E+01  3.9022E-03
  9.3000E+01  4.1041E-03
  9.4000E+01  4.3034E-03
  9.5000E+01  4.5008E-03
  9.6000E+01  4.7142E-03
  9.7000E+01  4.9350E-03
  9.8000E+01  5.1711E-03
  9.9000E+01  5.4924E-03
  1.0000E+02  5.9353E-03
  1.0100E+02  6.7371E-03
  1.0200E+02  7.1875E-03
  1.0300E+02  7.9575E-03
  1.0400E+02  8.7954E-03
  1.0500E+02  9.6564E-03
  1.0600E+02  1.0743E-02
  1.0700E+02  1.1399E-02
  1.0800E+02  1.5336E-02
  1.0900E+02  1.1682E-02
  1.1000E+02  1.2222E-02
  1.1100E+02  1.2655E-02
  1.1200E+02  1.2995E-02
  1.1300E+02  1.3410E-02
  1.1400E+02  1.3808E-02
  1.1500E+02  1.4451E-02
  1.1600E+02  1.4935E-02
  1.1700E+02  1.5475E-02
  1.1800E+02  1.8801E-02
  1.1900E+02  1.5996E-02
  1.2000E+02  1.5711E-02
  1.2100E+02  1.5942E-02
  1.2200E+02  1.6361E-02
  1.2300E+02  1.6742E-02
  1.2400E+02  1.7090E-02
  1.2500E+02  1.7457E-02
  1.2600E+02  1.8003E-02
  1.2700E+02  1.8459E-02
  1.2800E+02  1.9013E-02
  1.2900E+02  2.0030E-02
  1.3000E+02  2.0719E-02
  1.3100E+02  2.1732E-02
  1.3200E+02  2.2681E-02
  1.3300E+02  2.2618E-02
  1.3400E+02  2.3799E-02
  1.3500E+02  2.7942E-02
  1.3600E+02  2.8822E-02
  1.3700E+02  3.0341E-02
  1.3800E+02  3.2195E-02
  1.3900E+02  3.3632E-02
  1.4000E+02  3.4606E-02
  1.4100E+02  3.4380E-02
  1.4200E+02  3.3726E-02
  1.4300E+02  3.2843E-02
  1.4400E+02  3.2389E-02
  1.4500E+02  3.2685E-02
  1.4600E+02  2.8993E-02
  1.4700E+02  2.5740E-02
  1.4800E+02  2.3363E-02
  1.4900E+02  2.1842E-02
  1.5000E+02  2.1343E-02
  1.5100E+02  2.0959E-02
  1.5200E+02  2.0598E-02
  1.5300E+02  2.0245E-02
  1.5400E+02  2.0059E-02
  1.5500E+02  1.9762E-02
  1.5600E+02  1.9498E-02
  1.5700E+02  1.9267E-02
  1.5800E+02  1.9050E-02
  1.5900E+02  1.8758E-02
  1.6000E+02  1.8466E-02
  1.6100E+02  1.8307E-02
  1.6200E+02  1.8163E-02
  1.6300E+02  1.7713E-02
  1.6400E+02  1.7382E-02
  1.6500E+02  1.7126E-02
  1.6600E+02  1.7315E-02
  1.6700E+02  1.7349E-02
  1.6800E+02  1.7844E-02
  1.6900E+02  1.6810E-02
  1.7000E+02  1.6455E-02
  1.7100E+02  1.6199E-02
  1.7200E+02  1.5970E-02
  1.7300E+02  1.5776E-02
  1.7400E+02  1.5604E-02
  1.7500E+02  1.5423E-02
  1.7600E+02  1.5221E-02
  1.7700E+02  1.5072E-02
  1.7800E+02  1.4913E-02
  1.7900E+02  1.4760E-02
  1.8000E+02  1.4620E-02
  1.8100E+02  1.4570E-02
  1.8200E+02  1.4498E-02
  1.8300E+02  1.4432E-02
  1.8400E+02  1.4514E-02
  1.8500E+02  1.4820E-02
  1.8600E+02  1.4625E-02
  1.8700E+02  1.4221E-02
  1.8800E+02  1.3998E-02
  1.8900E+02  1.4104E-02
  1.9000E+02  1.5194E-02
  1.9100E+02  1.4766E-02
  1.9200E+02  1.4689E-02
  1.9300E+02  1.4703E-02
  1.9400E+02  1.4822E-02
  1.9500E+02  1.4986E-02
  1.9600E+02  1.5068E-02
  1.9700E+02  1.5176E-02
  1.9800E+02  1.5306E-02
  1.9900E+02  1.5481E-02
  2.0000E+02  1.5707E-02
  2.0100E+02  1.6180E-02
  2.0200E+02  2.0191E-02
  2.0300E+02  1.8577E-02
  2.0400E+02  1.7068E-02
  2.0500E+02  1.5127E-02
  2.0600E+02  1.3808E-02
  2.0700E+02  1.2039E-02
  2.0800E+02  1.0292E-02
  2.0900E+02  8.1951E-03
  2.1000E+02  6.5319E-03
  2.1100E+02  5.1082E-03
  2.1200E+02  3.6872E-03
  2.1300E+02  1.4570E-03
  2.1400E+02  1.4773E-03
  2.1500E+02  1.4947E-03
  2.1600E+02  1.5097E-03
  2.1700E+02  1.5329E-03
  2.1800E+02  1.5559E-03
  2.1900E+02  1.5790E-03
  2.2000E+02  1.6021E-03
  2.2100E+02  1.6251E-03
  2.2200E+02  1.6483E-03
  2.2300E+02  1.6715E-03
  2.2400E+02  1.6948E-03
  2.2500E+02  1.7183E-03
  2.2600E+02  1.7418E-03
  2.2700E+02  1.7655E-03
  2.2800E+02  1.7933E-03
  2.2900E+02  1.8220E-03
  2.3000E+02  1.8511E-03
  2.3100E+02  1.8807E-03
  2.3200E+02  1.9115E-03
  2.3300E+02  1.9433E-03
  2.3400E+02  1.9759E-03
  2.3500E+02  2.0095E-03
  2.3600E+02  2.0439E-03
  2.3700E+02  2.0793E-03
  2.3800E+02  2.1155E-03
  2.3900E+02  2.1527E-03
  2.4000E+02  2.1894E-03
  2.4100E+02  2.2246E-03
  2.4200E+02  2.2584E-03
  2.4300E+02  2.2906E-03
  2.4400E+02  2.3214E-03
  2.4500E+02  2.3507E-03
  2.4600E+02  2.3790E-03
  2.4700E+02  2.4139E-03
  2.4800E+02  2.4504E-03
  2.4900E+02  2.4875E-03
  2.5000E+02  2.5258E-03
  2.5100E+02  2.5650E-03
  2.5200E+02  2.6049E-03
  2.5300E+02  2.6454E-03
  2.5400E+02  2.6866E-03
  2.5500E+02  2.7284E-03
  2.5600E+02  2.7710E-03
  2.5700E+02  2.8142E-03
  2.5800E+02  2.8581E-03
  2.5900E+02  2.9029E-03
  2.6000E+02  2.9491E-03
  2.6100E+02  2.9959E-03
  2.6200E+02  3.0457E-03
  2.6300E+02  3.0993E-03
  2.6400E+02  3.1566E-03
  2.6500E+02  3.2172E-03
  2.6600E+02  3.2813E-03
  2.6700E+02  3.3389E-03
  2.6800E+02  3.3909E-03
  2.6900E+02  3.4375E-03
  2.7000E+02  3.4846E-03
  2.7100E+02  3.5409E-03
  2.7200E+02  3.5968E-03
  2.7300E+02  3.6522E-03
  2.7400E+02  3.7071E-03
  2.7500E+02  3.7635E-03
  2.7600E+02  3.8236E-03
  2.7700E+02  3.8856E-03
  2.7800E+02  3.9491E-03
  2.7900E+02  4.0141E-03
  2.8000E+02  4.0805E-03
  2.8100E+02  4.1486E-03
  2.8200E+02  4.2202E-03
  2.8300E+02  4.2947E-03
  2.8400E+02  4.3720E-03
  2.8500E+02  4.4523E-03
  2.8600E+02  4.5356E-03
  2.8700E+02  4.6224E-03
  2.8800E+02  4.7133E-03
  2.8900E+02  4.8081E-03
  2.9000E+02  4.8971E-03
  2.9100E+02  4.9745E-03
  2.9200E+02  5.0462E-03
  2.9300E+02  5.1496E-03
  2.9400E+02  5.2416E-03
  2.9500E+02  5.3346E-03
  2.9600E+02  5.4293E-03
  2.9700E+02  5.5257E-03
  2.9800E+02  5.6235E-03
  2.9900E+02  5.7222E-03
  3.0000E+02  5.8217E-03
  3.0100E+02  5.9230E-03
  3.0200E+02  6.0335E-03
  3.0300E+02  6.1525E-03
  3.0400E+02  6.2799E-03
  3.0500E+02  6.4140E-03
  3.0600E+02  6.5557E-03
  3.0700E+02  6.7049E-03
  3.0800E+02  6.8589E-03
  3.0900E+02  7.0198E-03
  3.1000E+02  7.1858E-03
  3.1100E+02  7.3430E-03
  3.1200E+02  7.4995E-03
  3.1300E+02  7.6704E-03
  3.1400E+02  7.8497E-03
  3.1500E+02  8.0389E-03
  3.1600E+02  8.2365E-03
  3.1700E+02  8.4425E-03
  3.1800E+02  8.6582E-03
  3.1900E+02  8.8923E-03
  3.2000E+02  9.1349E-03
  3.2100E+02  9.3855E-03
  3.2200E+02  9.6806E-03
  3.2300E+02  1.0025E-02
  3.2400E+02  1.0401E-02
  3.2500E+02  1.0793E-02
  3.2600E+02  1.1231E-02
  3.2700E+02  1.1734E-02
  3.2800E+02  1.2311E-02
  3.2900E+02  1.3036E-02
  3.3000E+02  1.4305E-02
  3.3100E+02  1.5838E-02
  3.3200E+02  1.6684E-02
  3.3300E+02  1.7215E-02
  3.3400E+02  1.7285E-02
  3.3500E+02  1.6682E-02
  3.3600E+02  1.5899E-02
  3.3700E+02  1.5054E-02
  3.3800E+02  1.4273E-02
  3.3900E+02  1.3316E-02
  3.4000E+02  1.2274E-02
  3.4100E+02  1.1473E-02
  3.4200E+02  1.0804E-02
  3.4300E+02  1.0307E-02
  3.4400E+02  1.0209E-02
  3.4500E+02  9.8263E-03
  3.4600E+02  9.4177E-03
  3.4700E+02  9.0120E-03
  3.4800E+02  8.6095E-03
  3.4900E+02  8.2089E-03
  3.5000E+02  7.8269E-03
  3.5100E+02  7.4804E-03
  3.5200E+02  7.1547E-03
  3.5300E+02  6.8393E-03
  3.5400E+02  6.5342E-03
  3.5500E+02  6.2394E-03
  3.5600E+02  5.9604E-03
  3.5700E+02  5.7117E-03
  3.5800E+02  5.4879E-03
  3.5900E+02  5.2940E-03
  3.6000E+02  5.1610E-03
  3.6100E+02  5.0080E-03
  3.6200E+02  4.6822E-03
  3.6300E+02  4.3820E-03
  3.6400E+02  4.0259E-03
  3.6500E+02  3.6623E-03
  3.6600E+02  3.3211E-03
  3.6700E+02  3.1381E-03
  3.6800E+02  3.0020E-03
  3.6900E+02  2.9092E-03
  3.7000E+02  2.8687E-03
  3.7100E+02  2.8847E-03
  3.7200E+02  2.9591E-03
  3.7300E+02  3.0927E-03
  3.7400E+02  3.2778E-03
  3.7500E+02  3.5092E-03
  3.7600E+02  3.9063E-03
  3.7700E+02  4.1179E-03
  3.7800E+02  4.1767E-03
  3.7900E+02  4.3206E-03
  3.8000E+02  4.5653E-03
  3.8100E+02  4.8262E-03
  3.8200E+02  5.0993E-03
  3.8300E+02  5.3349E-03
  3.8400E+02  5.6579E-03
  3.8500E+02  6.4957E-03
  3.8600E+02  7.4533E-03
  3.8700E+02  8.2458E-03
  3.8800E+02  8.8767E-03
  3.8900E+02  9.0745E-03
  3.9000E+02  9.2099E-03
  3.9100E+02  9.0414E-03
  3.9200E+02  9.0244E-03
  3.9300E+02  9.1471E-03
  3.9400E+02  9.3396E-03
  3.9500E+02  9.7813E-03
  3.9600E+02  1.0211E-02
  3.9700E+02  1.0349E-02
  3.9800E+02  9.8901E-03
  3.9900E+02  9.9099E-03
  4.0000E+02  9.9822E-03
  4.0100E+02  1.0061E-02
  4.0200E+02  1.0171E-02
  4.0300E+02  1.0325E-02
  4.0400E+02  1.0456E-02
  4.0500E+02  1.0634E-02
  4.0600E+02  1.0847E-02
  4.0700E+02  1.1049E-02
  4.0800E+02  1.1248E-02
  4.0900E+02  1.1491E-02
  4.1000E+02  1.1733E-02
  4.1100E+02  1.1796E-02
  4.1200E+02  1.1887E-02
  4.1300E+02  1.1930E-02
  4.1400E+02  1.2104E-02
  4.1500E+02  1.2380E-02
  4.1600E+02  1.2115E-02
  4.1700E+02  1.1977E-02
  4.1800E+02  1.1956E-02
  4.1900E+02  1.1987E-02
  4.2000E+02  1.2123E-02
  4.2100E+02  1.2169E-02
  4.2200E+02  1.2165E-02
  4.2300E+02  1.2112E-02
  4.2400E+02  1.2072E-02
  4.2500E+02  1.2420E-02
  4.2600E+02  1.2330E-02
  4.2700E+02  1.2088E-02
  4.2800E+02  1.1701E-02
  4.2900E+02  1.1043E-02
  4.3000E+02  1.0446E-02
  4.3100E+02  1.0137E-02
  4.3200E+02  9.9686E-03
  4.3300E+02  9.8133E-03
  4.3400E+02  9.6563E-03
  4.3500E+02  9.5143E-03
  4.3600E+02  9.3141E-03
  4.3700E+02  9.1448E-03
  4.3800E+02  8.9819E-03
  4.3900E+02  8.8262E-03
  4.4000E+02  8.6777E-03
  4.4100E+02  8.5364E-03
  4.4200E+02  8.4144E-03
  4.4300E+02  8.3134E-03
  4.4400E+02  8.2203E-03
  4.4500E+02  8.1352E-03
  4.4600E+02  8.0591E-03
  4.4700E+02  7.9861E-03
  4.4800E+02  7.8149E-03
  4.4900E+02  7.8196E-03
  4.5000E+02  7.7761E-03
  4.5100E+02  7.7445E-03
  4.5200E+02  7.7096E-03
  4.5300E+02  7.6599E-03
  4.5400E+02  7.5737E-03
  4.5500E+02  7.4404E-03
  4.5600E+02  7.2683E-03
  4.5700E+02  7.1509E-03
  4.5800E+02  7.0363E-03
  4.5900E+02  6.9264E-03
  4.6000E+02  6.8229E-03
  4.6100E+02  6.7373E-03
  4.6200E+02  6.6866E-03
  4.6300E+02  6.6493E-03
  4.6400E+02  6.6252E-03
  4.6500E+02  6.6248E-03
  4.6600E+02  6.7138E-03
  4.6700E+02  6.6756E-03
  4.6800E+02  6.6607E-03
  4.6900E+02  7.0929E-03
  4.7000E+02  6.5490E-03
  4.7100E+02  6.3339E-03
  4.7200E+02  6.1966E-03
  4.7300E+02  6.0596E-03
  4.7400E+02  1.8895E-02
  4.7500E+02  5.0481E-02
  4.7600E+02  5.8665E-02
  4.7700E+02  6.8659E-02
  4.7800E+02  1.0458E-01
  4.7900E+02  7.8456E-02
  4.8000E+02  7.1890E-02
  4.8100E+02  7.1060E-02
  4.8200E+02  7.1103E-02
  4.8300E+02  6.9856E-02
  4.8400E+02  6.8783E-02
  4.8500E+02  6.7566E-02
  4.8600E+02  6.7496E-02
  4.8700E+02  6.6450E-02
  4.8800E+02  6.6106E-02
  4.8900E+02  6.6652E-02
  4.9000E+02  6.7208E-02
  4.9100E+02  6.7543E-02
  4.9200E+02  6.8171E-02
  4.9300E+02  6.8665E-02
  4.9400E+02  6.9822E-02
  4.9500E+02  7.0248E-02
  4.9600E+02  7.2315E-02
  4.9700E+02  7.5266E-02
  4.9800E+02  7.6636E-02
  4.9900E+02  8.1351E-02
  5.0000E+02  7.1797E-02
  5.0100E+02  4.7060E-02
  5.0200E+02  3.3885E-02
  5.0300E+02  2.8394E-02
  5.0400E+02  2.2286E-02
  5.0500E+02  1.9633E-02
  5.0600E+02  1.8034E-02
  5.0700E+02  1.6943E-02
  5.0800E+02  1.5399E-02
  5.0900E+02  1.3305E-02
  5.1000E+02  1.1793E-02
  5.1100E+02  1.0682E-02
  5.1200E+02  9.7360E-03
  5.1300E+02  9.1003E-03
  5.1400E+02  8.6027E-03
  5.1500E+02  7.4240E-03
  5.1600E+02  6.4536E-03
  5.1700E+02  5.5898E-03
  5.1800E+02  4.8472E-03
  5.1900E+02  3.9016E-03
  5.2000E+02  3.1102E-03
  5.2100E+02  1.6893E-03
  5.2200E+02  1.0699E-03
  5.2300E+02  0.0000E+00
