 -2.8871E-05  0.0000E+00
  9.9997E-01  7.7735E-08
  2.0000E+00  3.1094E-07
  3.0000E+00  6.9962E-07
  4.0000E+00  1.2438E-06
  5.0000E+00  1.9434E-06
  6.0000E+00  2.7985E-06
  7.0000E+00  3.8090E-06
  8.0000E+00  4.9751E-06
  9.0000E+00  6.2966E-06
  1.0000E+01  7.7735E-06
  1.1000E+01  9.4060E-06
  1.2000E+01  1.1194E-05
  1.3000E+01  1.3137E-05
  1.4000E+01  1.5236E-05
  1.5000E+01  1.7490E-05
  1.6000E+01  1.9900E-05
  1.7000E+01  2.2465E-05
  1.8000E+01  2.5186E-05
  1.9000E+01  2.8062E-05
  2.0000E+01  3.1094E-05
  2.1000E+01  3.4281E-05
  2.2000E+01  3.7624E-05
  2.3000E+01  4.1122E-05
  2.4000E+01  4.4776E-05
  2.5000E+01  4.8585E-05
  2.6000E+01  5.2549E-05
  2.7000E+01  5.6669E-05
  2.8000E+01  6.0944E-05
  2.9000E+01  6.5375E-05
  3.0000E+01  6.9962E-05
  3.1000E+01  7.4704E-05
  3.2000E+01  7.9601E-05
  3.3000E+01  8.4654E-05
  3.4000E+01  8.9862E-05
  3.5000E+01  9.6272E-05
  3.6000E+01  1.5784E-04
  3.7000E+01  2.1119E-04
  3.8000E+01  2.5632E-04
  3.9000E+01  2.9322E-04
  4.0000E+01  3.2191E-04
  4.1000E+01  3.4238E-04
  4.2000E+01  3.5462E-04
  4.3000E+01  3.5865E-04
  4.4000E+01  3.5575E-04
  4.5000E+01  3.7680E-04
  4.6000E+01  3.9832E-04
  4.7000E+01  4.2029E-04
  4.8000E+01  4.4273E-04
  4.9000E+01  4.6562E-04
  5.0000E+01  4.8898E-04
  5.1000E+01  5.1280E-04
  5.2000E+01  5.3765E-04
  5.3000E+01  5.6455E-04
  5.4000E+01  5.9279E-04
  5.5000E+01  6.2238E-04
  5.6000E+01  6.5331E-04
  5.7000E+01  6.8560E-04
  5.8000E+01  7.1923E-04
  5.9000E+01  7.5420E-04
  6.0000E+01  7.9053E-04
  6.1000E+01  8.2820E-04
  6.2000E+01  8.7147E-04
  6.3000E+01  1.0247E-03
  6.4000E+01  1.2406E-03
  6.5000E+01  1.3695E-03
  6.6000E+01  1.3370E-03
  6.7000E+01  1.2751E-03
  6.8000E+01  1.3240E-03
  6.9000E+01  1.3836E-03
  7.0000E+01  1.4447E-03
  7.1000E+01  1.5073E-03
  7.2000E+01  1.5714E-03
  7.3000E+01  1.6349E-03
  7.4000E+01  1.6990E-03
  7.5000E+01  1.7655E-03
  7.6000E+01  1.8343E-03
  7.7000E+01  1.9055E-03
  7.8000E+01  1.9791E-03
  7.9000E+01  2.0550E-03
  8.0000E+01  2.1338E-03
  8.1000E+01  2.2242E-03
  8.2000E+01  2.3279E-03
  8.3000E+01  2.4441E-03
  8.4000E+01  2.5707E-03
  8.5000E+01  2.7058E-03
  8.6000E+01  2.9941E-03
  8.7000E+01  3.0150E-03
  8.8000E+01  3.1323E-03
  8.9000E+01  3.2601E-03
  9.0000E+01  3.4134E-03
  9.1000E+01  3.5924E-03
  9.2000E+01  3.7915E-03
  9.3000E+01  3.9921E-03
  9.4000E+01  4.1944E-03
  9.5000E+01  4.3984E-03
  9.6000E+01  4.6098E-03
  9.7000E+01  4.8324E-03
  9.8000E+01  5.0677E-03
  9.9000E+01  5.3653E-03
  1.0000E+02  5.8008E-03
  1.0100E+02  6.4891E-03
  1.0200E+02  7.0927E-03
  1.0300E+02  7.5395E-03
  1.0400E+02  8.3486E-03
  1.0500E+02  9.2284E-03
  1.0600E+02  1.0476E-02
  1.0700E+02  1.1059E-02
  1.0800E+02  1.2041E-02
  1.0900E+02  1.3312E-02
  1.1000E+02  1.1980E-02
  1.1100E+02  1.2573E-02
  1.1200E+02  1.2970E-02
  1.1300E+02  1.3354E-02
  1.1400E+02  1.3773E-02
  1.1500E+02  1.4364E-02
  1.1600E+02  1.4941E-02
  1.1700E+02  1.5441E-02
  1.1800E+02  1.6299E-02
  1.1900E+02  1.8408E-02
  1.2000E+02  1.5896E-02
  1.2100E+02  1.6017E-02
  1.2200E+02  1.6424E-02
  1.2300E+02  1.6847E-02
  1.2400E+02  1.7147E-02
  1.2500E+02  1.7504E-02
  1.2600E+02  1.8010E-02
  1.2700E+02  1.8459E-02
  1.2800E+02  1.8979E-02
  1.2900E+02  2.0024E-02
  1.3000E+02  2.0708E-02
  1.3100E+02  2.1611E-02
  1.3200E+02  2.2913E-02
  1.3300E+02  2.2475E-02
  1.3400E+02  2.3917E-02
  1.3500E+02  2.8515E-02
  1.3600E+02  2.8736E-02
  1.3700E+02  3.0198E-02
  1.3800E+02  3.1611E-02
  1.3900E+02  3.2905E-02
  1.4000E+02  3.3790E-02
  1.4100E+02  3.4142E-02
  1.4200E+02  3.3581E-02
  1.4300E+02  3.2848E-02
  1.4400E+02  3.2333E-02
  1.4500E+02  3.2166E-02
  1.4600E+02  2.9179E-02
  1.4700E+02  2.6350E-02
  1.4800E+02  2.4105E-02
  1.4900E+02  2.2319E-02
  1.5000E+02  2.1462E-02
  1.5100E+02  2.1081E-02
  1.5200E+02  2.0723E-02
  1.5300E+02  2.0377E-02
  1.5400E+02  2.0201E-02
  1.5500E+02  1.9905E-02
  1.5600E+02  1.9639E-02
  1.5700E+02  1.9407E-02
  1.5800E+02  1.9197E-02
  1.5900E+02  1.8928E-02
  1.6000E+02  1.8608E-02
  1.6100E+02  1.8461E-02
  1.6200E+02  1.8399E-02
  1.6300E+02  1.8041E-02
  1.6400E+02  1.7622E-02
  1.6500E+02  1.7374E-02
  1.6600E+02  1.7466E-02
  1.6700E+02  1.7553E-02
  1.6800E+02  1.7869E-02
  1.6900E+02  1.7931E-02
  1.7000E+02  1.6672E-02
  1.7100E+02  1.6393E-02
  1.7200E+02  1.6143E-02
  1.7300E+02  1.5934E-02
  1.7400E+02  1.5740E-02
  1.7500E+02  1.5539E-02
  1.7600E+02  1.5320E-02
  1.7700E+02  1.5156E-02
  1.7800E+02  1.4983E-02
  1.7900E+02  1.4817E-02
  1.8000E+02  1.4664E-02
  1.8100E+02  1.4591E-02
  1.8200E+02  1.4502E-02
  1.8300E+02  1.4420E-02
  1.8400E+02  1.4618E-02
  1.8500E+02  1.4760E-02
  1.8600E+02  1.4422E-02
  1.8700E+02  1.4041E-02
  1.8800E+02  1.3869E-02
  1.8900E+02  1.3997E-02
  1.9000E+02  1.5087E-02
  1.9100E+02  1.4615E-02
  1.9200E+02  1.4550E-02
  1.9300E+02  1.4568E-02
  1.9400E+02  1.4676E-02
  1.9500E+02  1.4856E-02
  1.9600E+02  1.4939E-02
  1.9700E+02  1.5048E-02
  1.9800E+02  1.5178E-02
  1.9900E+02  1.5346E-02
  2.0000E+02  1.5553E-02
  2.0100E+02  1.5966E-02
  2.0200E+02  2.1029E-02
  2.0300E+02  1.8474E-02
  2.0400E+02  1.7188E-02
  2.0500E+02  1.5393E-02
  2.0600E+02  1.4049E-02
  2.0700E+02  1.2513E-02
  2.0800E+02  1.0758E-02
  2.0900E+02  8.8525E-03
  2.1000E+02  6.8265E-03
  2.1100E+02  5.3463E-03
  2.1200E+02  3.8770E-03
  2.1300E+02  2.1387E-03
  2.1400E+02  1.4825E-03
  2.1500E+02  1.5019E-03
  2.1600E+02  1.5191E-03
  2.1700E+02  1.5392E-03
  2.1800E+02  1.5627E-03
  2.1900E+02  1.5863E-03
  2.2000E+02  1.6099E-03
  2.2100E+02  1.6334E-03
  2.2200E+02  1.6570E-03
  2.2300E+02  1.6806E-03
  2.2400E+02  1.7043E-03
  2.2500E+02  1.7281E-03
  2.2600E+02  1.7520E-03
  2.2700E+02  1.7760E-03
  2.2800E+02  1.8037E-03
  2.2900E+02  1.8326E-03
  2.3000E+02  1.8620E-03
  2.3100E+02  1.8918E-03
  2.3200E+02  1.9231E-03
  2.3300E+02  1.9553E-03
  2.3400E+02  1.9884E-03
  2.3500E+02  2.0224E-03
  2.3600E+02  2.0574E-03
  2.3700E+02  2.0933E-03
  2.3800E+02  2.1301E-03
  2.3900E+02  2.1678E-03
  2.4000E+02  2.2049E-03
  2.4100E+02  2.2403E-03
  2.4200E+02  2.2740E-03
  2.4300E+02  2.3060E-03
  2.4400E+02  2.3364E-03
  2.4500E+02  2.3650E-03
  2.4600E+02  2.3930E-03
  2.4700E+02  2.4272E-03
  2.4800E+02  2.4642E-03
  2.4900E+02  2.5027E-03
  2.5000E+02  2.5416E-03
  2.5100E+02  2.5811E-03
  2.5200E+02  2.6213E-03
  2.5300E+02  2.6623E-03
  2.5400E+02  2.7040E-03
  2.5500E+02  2.7463E-03
  2.5600E+02  2.7894E-03
  2.5700E+02  2.8332E-03
  2.5800E+02  2.8777E-03
  2.5900E+02  2.9234E-03
  2.6000E+02  2.9704E-03
  2.6100E+02  3.0180E-03
  2.6200E+02  3.0688E-03
  2.6300E+02  3.1237E-03
  2.6400E+02  3.1827E-03
  2.6500E+02  3.2453E-03
  2.6600E+02  3.3090E-03
  2.6700E+02  3.3656E-03
  2.6800E+02  3.4171E-03
  2.6900E+02  3.4634E-03
  2.7000E+02  3.5154E-03
  2.7100E+02  3.5722E-03
  2.7200E+02  3.6284E-03
  2.7300E+02  3.6841E-03
  2.7400E+02  3.7387E-03
  2.7500E+02  3.7974E-03
  2.7600E+02  3.8587E-03
  2.7700E+02  3.9221E-03
  2.7800E+02  3.9871E-03
  2.7900E+02  4.0535E-03
  2.8000E+02  4.1214E-03
  2.8100E+02  4.1918E-03
  2.8200E+02  4.2654E-03
  2.8300E+02  4.3418E-03
  2.8400E+02  4.4209E-03
  2.8500E+02  4.5029E-03
  2.8600E+02  4.5879E-03
  2.8700E+02  4.6766E-03
  2.8800E+02  4.7695E-03
  2.8900E+02  4.8648E-03
  2.9000E+02  4.9506E-03
  2.9100E+02  5.0281E-03
  2.9200E+02  5.1170E-03
  2.9300E+02  5.2111E-03
  2.9400E+02  5.3030E-03
  2.9500E+02  5.3966E-03
  2.9600E+02  5.4918E-03
  2.9700E+02  5.5885E-03
  2.9800E+02  5.6863E-03
  2.9900E+02  5.7848E-03
  3.0000E+02  5.8840E-03
  3.0100E+02  5.9885E-03
  3.0200E+02  6.1016E-03
  3.0300E+02  6.2220E-03
  3.0400E+02  6.3497E-03
  3.0500E+02  6.4842E-03
  3.0600E+02  6.6263E-03
  3.0700E+02  6.7747E-03
  3.0800E+02  6.9291E-03
  3.0900E+02  7.0900E-03
  3.1000E+02  7.2511E-03
  3.1100E+02  7.4043E-03
  3.1200E+02  7.5687E-03
  3.1300E+02  7.7339E-03
  3.1400E+02  7.9138E-03
  3.1500E+02  8.1021E-03
  3.1600E+02  8.2987E-03
  3.1700E+02  8.5037E-03
  3.1800E+02  8.7228E-03
  3.1900E+02  8.9558E-03
  3.2000E+02  9.1967E-03
  3.2100E+02  9.4508E-03
  3.2200E+02  9.7600E-03
  3.2300E+02  1.0113E-02
  3.2400E+02  1.0488E-02
  3.2500E+02  1.0884E-02
  3.2600E+02  1.1336E-02
  3.2700E+02  1.1847E-02
  3.2800E+02  1.2438E-02
  3.2900E+02  1.3219E-02
  3.3000E+02  1.4842E-02
  3.3100E+02  1.6052E-02
  3.3200E+02  1.6793E-02
  3.3300E+02  1.7240E-02
  3.3400E+02  1.7149E-02
  3.3500E+02  1.6444E-02
  3.3600E+02  1.5690E-02
  3.3700E+02  1.4905E-02
  3.3800E+02  1.4116E-02
  3.3900E+02  1.3204E-02
  3.4000E+02  1.2132E-02
  3.4100E+02  1.1308E-02
  3.4200E+02  1.0684E-02
  3.4300E+02  1.0596E-02
  3.4400E+02  1.0141E-02
  3.4500E+02  9.7173E-03
  3.4600E+02  9.2964E-03
  3.4700E+02  8.8796E-03
  3.4800E+02  8.4664E-03
  3.4900E+02  8.2127E-03
  3.5000E+02  7.6936E-03
  3.5100E+02  7.3578E-03
  3.5200E+02  7.0326E-03
  3.5300E+02  6.7178E-03
  3.5400E+02  6.4133E-03
  3.5500E+02  6.1192E-03
  3.5600E+02  5.8453E-03
  3.5700E+02  5.6053E-03
  3.5800E+02  5.3956E-03
  3.5900E+02  5.2218E-03
  3.6000E+02  5.0366E-03
  3.6100E+02  4.8658E-03
  3.6200E+02  4.5716E-03
  3.6300E+02  4.2938E-03
  3.6400E+02  3.9226E-03
  3.6500E+02  3.5726E-03
  3.6600E+02  3.2621E-03
  3.6700E+02  3.1003E-03
  3.6800E+02  2.9814E-03
  3.6900E+02  2.9080E-03
  3.7000E+02  2.8915E-03
  3.7100E+02  2.9343E-03
  3.7200E+02  3.0379E-03
  3.7300E+02  3.2019E-03
  3.7400E+02  3.4128E-03
  3.7500E+02  3.7292E-03
  3.7600E+02  4.0314E-03
  3.7700E+02  4.1288E-03
  3.7800E+02  4.1759E-03
  3.7900E+02  4.4067E-03
  3.8000E+02  4.6541E-03
  3.8100E+02  4.9182E-03
  3.8200E+02  5.1702E-03
  3.8300E+02  5.4223E-03
  3.8400E+02  5.8227E-03
  3.8500E+02  6.8867E-03
  3.8600E+02  7.7466E-03
  3.8700E+02  8.4809E-03
  3.8800E+02  8.9881E-03
  3.8900E+02  9.0953E-03
  3.9000E+02  9.1924E-03
  3.9100E+02  9.0412E-03
  3.9200E+02  9.0647E-03
  3.9300E+02  9.2072E-03
  3.9400E+02  9.4224E-03
  3.9500E+02  9.9927E-03
  3.9600E+02  1.0302E-02
  3.9700E+02  1.0062E-02
  3.9800E+02  9.7918E-03
  3.9900E+02  9.8583E-03
  4.0000E+02  9.9284E-03
  4.0100E+02  1.0010E-02
  4.0200E+02  1.0137E-02
  4.0300E+02  1.0276E-02
  4.0400E+02  1.0403E-02
  4.0500E+02  1.0607E-02
  4.0600E+02  1.0810E-02
  4.0700E+02  1.1000E-02
  4.0800E+02  1.1212E-02
  4.0900E+02  1.1439E-02
  4.1000E+02  1.1639E-02
  4.1100E+02  1.1653E-02
  4.1200E+02  1.1770E-02
  4.1300E+02  1.1775E-02
  4.1400E+02  1.2021E-02
  4.1500E+02  1.2168E-02
  4.1600E+02  1.1833E-02
  4.1700E+02  1.1765E-02
  4.1800E+02  1.1748E-02
  4.1900E+02  1.1794E-02
  4.2000E+02  1.1902E-02
  4.2100E+02  1.1926E-02
  4.2200E+02  1.1909E-02
  4.2300E+02  1.1852E-02
  4.2400E+02  1.1811E-02
  4.2500E+02  1.2043E-02
  4.2600E+02  1.2100E-02
  4.2700E+02  1.1882E-02
  4.2800E+02  1.1517E-02
  4.2900E+02  1.0900E-02
  4.3000E+02  1.0283E-02
  4.3100E+02  1.0005E-02
  4.3200E+02  9.8493E-03
  4.3300E+02  9.7070E-03
  4.3400E+02  9.5606E-03
  4.3500E+02  9.4171E-03
  4.3600E+02  9.2402E-03
  4.3700E+02  9.0789E-03
  4.3800E+02  8.9229E-03
  4.3900E+02  8.7736E-03
  4.4000E+02  8.6313E-03
  4.4100E+02  8.4961E-03
  4.4200E+02  8.3713E-03
  4.4300E+02  8.2731E-03
  4.4400E+02  8.1855E-03
  4.4500E+02  8.1065E-03
  4.4600E+02  8.0361E-03
  4.4700E+02  7.9756E-03
  4.4800E+02  7.8778E-03
  4.4900E+02  7.8212E-03
  4.5000E+02  7.7761E-03
  4.5100E+02  7.7458E-03
  4.5200E+02  7.7182E-03
  4.5300E+02  7.6808E-03
  4.5400E+02  7.6141E-03
  4.5500E+02  7.4988E-03
  4.5600E+02  7.3455E-03
  4.5700E+02  7.2011E-03
  4.5800E+02  7.0892E-03
  4.5900E+02  6.9787E-03
  4.6000E+02  6.8752E-03
  4.6100E+02  6.7821E-03
  4.6200E+02  6.7314E-03
  4.6300E+02  6.6971E-03
  4.6400E+02  6.6791E-03
  4.6500E+02  6.6835E-03
  4.6600E+02  6.7897E-03
  4.6700E+02  6.7313E-03
  4.6800E+02  6.7109E-03
  4.6900E+02  6.7059E-03
  4.7000E+02  6.7738E-03
  4.7100E+02  6.3982E-03
  4.7200E+02  6.2565E-03
  4.7300E+02  7.2640E-03
  4.7400E+02  1.9633E-02
  4.7500E+02  5.3629E-02
  4.7600E+02  5.9559E-02
  4.7700E+02  7.1027E-02
  4.7800E+02  9.8923E-02
  4.7900E+02  7.4817E-02
  4.8000E+02  6.9870E-02
  4.8100E+02  6.9089E-02
  4.8200E+02  6.9129E-02
  4.8300E+02  6.8344E-02
  4.8400E+02  6.7184E-02
  4.8500E+02  6.6091E-02
  4.8600E+02  6.6957E-02
  4.8700E+02  6.5897E-02
  4.8800E+02  6.5851E-02
  4.8900E+02  6.6428E-02
  4.9000E+02  6.7396E-02
  4.9100E+02  6.8507E-02
  4.9200E+02  6.9857E-02
  4.9300E+02  7.0103E-02
  4.9400E+02  7.1446E-02
  4.9500E+02  7.2200E-02
  4.9600E+02  7.4649E-02
  4.9700E+02  7.7767E-02
  4.9800E+02  8.2440E-02
  4.9900E+02  8.2263E-02
  5.0000E+02  7.1695E-02
  5.0100E+02  4.4736E-02
  5.0200E+02  3.3571E-02
  5.0300E+02  2.8025E-02
  5.0400E+02  2.1984E-02
  5.0500E+02  1.9456E-02
  5.0600E+02  1.7806E-02
  5.0700E+02  1.6547E-02
  5.0800E+02  1.4883E-02
  5.0900E+02  1.2824E-02
  5.1000E+02  1.1461E-02
  5.1100E+02  1.0432E-02
  5.1200E+02  9.5566E-03
  5.1300E+02  8.9644E-03
  5.1400E+02  8.5689E-03
  5.1500E+02  7.3872E-03
  5.1600E+02  6.3570E-03
  5.1700E+02  5.4754E-03
  5.1800E+02  4.7228E-03
  5.1900E+02  3.8343E-03
  5.2000E+02  2.9357E-03
  5.2100E+02  1.6092E-03
  5.2200E+02  4.8744E-04
  5.2300E+02  0.0000E+00
