  0.0000E+00  0.0000E+00
  1.0000E+00  8.7379E-08
  2.0000E+00  3.4952E-07
  3.0000E+00  7.8643E-07
  4.0000E+00  1.3981E-06
  5.0000E+00  2.1845E-06
  6.0000E+00  3.1457E-06
  7.0000E+00  4.2817E-06
  8.0000E+00  5.5924E-06
  9.0000E+00  7.0779E-06
  1.0000E+01  8.7382E-06
  1.1000E+01  1.0573E-05
  1.2000E+01  1.2583E-05
  1.3000E+01  1.4768E-05
  1.4000E+01  1.7127E-05
  1.5000E+01  1.9661E-05
  1.6000E+01  2.2370E-05
  1.7000E+01  2.5253E-05
  1.8000E+01  2.8312E-05
  1.9000E+01  3.1545E-05
  2.0000E+01  3.4953E-05
  2.1000E+01  3.8535E-05
  2.2000E+01  4.2293E-05
  2.3000E+01  4.6225E-05
  2.4000E+01  5.0332E-05
  2.5000E+01  5.4614E-05
  2.6000E+01  5.9070E-05
  2.7000E+01  6.3702E-05
  2.8000E+01  6.8508E-05
  2.9000E+01  7.3488E-05
  3.0000E+01  7.8644E-05
  3.1000E+01  8.3974E-05
  3.2000E+01  8.9479E-05
  3.3000E+01  9.5159E-05
  3.4000E+01  1.0101E-04
  3.5000E+01  1.0704E-04
  3.6000E+01  1.1325E-04
  3.7000E+01  1.1963E-04
  3.8000E+01  1.2618E-04
  3.9000E+01  1.3291E-04
  4.0000E+01  1.3981E-04
  4.1000E+01  1.4689E-04
  4.2000E+01  2.1216E-04
  4.3000E+01  2.7680E-04
  4.4000E+01  3.3551E-04
  4.5000E+01  3.8830E-04
  4.6000E+01  4.3516E-04
  4.7000E+01  4.7609E-04
  4.8000E+01  5.1110E-04
  4.9000E+01  5.4019E-04
  5.0000E+01  5.6335E-04
  5.1000E+01  5.8059E-04
  5.2000E+01  5.9189E-04
  5.3000E+01  5.9786E-04
  5.4000E+01  6.2760E-04
  5.5000E+01  6.5792E-04
  5.6000E+01  6.8882E-04
  5.7000E+01  7.2030E-04
  5.8000E+01  7.5236E-04
  5.9000E+01  7.8499E-04
  6.0000E+01  8.1821E-04
  6.1000E+01  8.5309E-04
  6.2000E+01  8.9072E-04
  6.3000E+01  9.3031E-04
  6.4000E+01  9.7186E-04
  6.5000E+01  1.0154E-03
  6.6000E+01  1.0608E-03
  6.7000E+01  1.1083E-03
  6.8000E+01  1.1577E-03
  6.9000E+01  1.2090E-03
  7.0000E+01  1.2623E-03
  7.1000E+01  1.3176E-03
  7.2000E+01  1.3833E-03
  7.3000E+01  1.4674E-03
  7.4000E+01  1.5700E-03
  7.5000E+01  1.7328E-03
  7.6000E+01  1.9752E-03
  7.7000E+01  2.1202E-03
  7.8000E+01  2.2981E-03
  7.9000E+01  2.3815E-03
  8.0000E+01  2.4477E-03
  8.1000E+01  2.3702E-03
  8.2000E+01  2.4415E-03
  8.3000E+01  2.5368E-03
  8.4000E+01  2.6346E-03
  8.5000E+01  2.7437E-03
  8.6000E+01  2.8650E-03
  8.7000E+01  2.9963E-03
  8.8000E+01  3.1377E-03
  8.9000E+01  3.2884E-03
  9.0000E+01  3.4461E-03
  9.1000E+01  3.6109E-03
  9.2000E+01  3.7828E-03
  9.3000E+01  3.9617E-03
  9.4000E+01  4.1471E-03
  9.5000E+01  4.3350E-03
  9.6000E+01  4.5305E-03
  9.7000E+01  4.7373E-03
  9.8000E+01  4.9648E-03
  9.9000E+01  5.2720E-03
  1.0000E+02  5.6692E-03
  1.0100E+02  6.3649E-03
  1.0200E+02  7.2703E-03
  1.0300E+02  7.7404E-03
  1.0400E+02  8.3618E-03
  1.0500E+02  9.0401E-03
  1.0600E+02  9.7289E-03
  1.0700E+02  1.0428E-02
  1.0800E+02  1.1517E-02
  1.0900E+02  1.2188E-02
  1.1000E+02  1.2983E-02
  1.1100E+02  1.2256E-02
  1.1200E+02  1.2635E-02
  1.1300E+02  1.3013E-02
  1.1400E+02  1.3392E-02
  1.1500E+02  1.3956E-02
  1.1600E+02  1.4396E-02
  1.1700E+02  1.4643E-02
  1.1800E+02  1.4986E-02
  1.1900E+02  1.5412E-02
  1.2000E+02  1.5905E-02
  1.2100E+02  1.6508E-02
  1.2200E+02  1.7231E-02
  1.2300E+02  1.7802E-02
  1.2400E+02  1.8802E-02
  1.2500E+02  2.1929E-02
  1.2600E+02  1.8761E-02
  1.2700E+02  1.9087E-02
  1.2800E+02  1.9446E-02
  1.2900E+02  1.9773E-02
  1.3000E+02  2.0090E-02
  1.3100E+02  2.0501E-02
  1.3200E+02  2.1159E-02
  1.3300E+02  2.2161E-02
  1.3400E+02  2.3335E-02
  1.3500E+02  2.7473E-02
  1.3600E+02  2.8946E-02
  1.3700E+02  3.0192E-02
  1.3800E+02  3.1604E-02
  1.3900E+02  3.2563E-02
  1.4000E+02  3.3154E-02
  1.4100E+02  3.2360E-02
  1.4200E+02  3.1468E-02
  1.4300E+02  3.0998E-02
  1.4400E+02  3.0518E-02
  1.4500E+02  3.0028E-02
  1.4600E+02  2.9702E-02
  1.4700E+02  2.9170E-02
  1.4800E+02  2.8557E-02
  1.4900E+02  2.7918E-02
  1.5000E+02  3.0570E-02
  1.5100E+02  2.4050E-02
  1.5200E+02  2.1784E-02
  1.5300E+02  2.0613E-02
  1.5400E+02  2.0275E-02
  1.5500E+02  1.9910E-02
  1.5600E+02  1.9598E-02
  1.5700E+02  1.9294E-02
  1.5800E+02  1.8973E-02
  1.5900E+02  1.8642E-02
  1.6000E+02  1.8298E-02
  1.6100E+02  1.7992E-02
  1.6200E+02  1.7717E-02
  1.6300E+02  1.7458E-02
  1.6400E+02  1.7220E-02
  1.6500E+02  1.6993E-02
  1.6600E+02  1.6776E-02
  1.6700E+02  1.6578E-02
  1.6800E+02  1.6391E-02
  1.6900E+02  1.6210E-02
  1.7000E+02  1.6037E-02
  1.7100E+02  1.5873E-02
  1.7200E+02  1.5748E-02
  1.7300E+02  1.5964E-02
  1.7400E+02  1.6606E-02
  1.7500E+02  1.7117E-02
  1.7600E+02  1.6603E-02
  1.7700E+02  1.6111E-02
  1.7800E+02  1.5604E-02
  1.7900E+02  1.6243E-02
  1.8000E+02  1.5234E-02
  1.8100E+02  1.4843E-02
  1.8200E+02  1.4641E-02
  1.8300E+02  1.4431E-02
  1.8400E+02  1.4415E-02
  1.8500E+02  1.4541E-02
  1.8600E+02  1.4585E-02
  1.8700E+02  1.4480E-02
  1.8800E+02  1.4356E-02
  1.8900E+02  1.4214E-02
  1.9000E+02  1.4053E-02
  1.9100E+02  1.3926E-02
  1.9200E+02  1.3953E-02
  1.9300E+02  1.3982E-02
  1.9400E+02  1.4012E-02
  1.9500E+02  1.4073E-02
  1.9600E+02  1.4279E-02
  1.9700E+02  1.4599E-02
  1.9800E+02  1.5138E-02
  1.9900E+02  1.7762E-02
  2.0000E+02  1.8969E-02
  2.0100E+02  1.9203E-02
  2.0200E+02  1.8760E-02
  2.0300E+02  1.7721E-02
  2.0400E+02  1.6427E-02
  2.0500E+02  1.4959E-02
  2.0600E+02  1.3259E-02
  2.0700E+02  1.0208E-02
  2.0800E+02  7.9426E-03
  2.0900E+02  6.5962E-03
  2.1000E+02  5.2851E-03
  2.1100E+02  4.0094E-03
  2.1200E+02  2.5315E-03
  2.1300E+02  1.4552E-03
  2.1400E+02  1.4758E-03
  2.1500E+02  1.4959E-03
  2.1600E+02  1.5156E-03
  2.1700E+02  1.5348E-03
  2.1800E+02  1.5535E-03
  2.1900E+02  1.5716E-03
  2.2000E+02  1.5912E-03
  2.2100E+02  1.6128E-03
  2.2200E+02  1.6352E-03
  2.2300E+02  1.6584E-03
  2.2400E+02  1.6824E-03
  2.2500E+02  1.7071E-03
  2.2600E+02  1.7326E-03
  2.2700E+02  1.7589E-03
  2.2800E+02  1.7860E-03
  2.2900E+02  1.8139E-03
  2.3000E+02  1.8425E-03
  2.3100E+02  1.8719E-03
  2.3200E+02  1.9016E-03
  2.3300E+02  1.9318E-03
  2.3400E+02  1.9625E-03
  2.3500E+02  1.9936E-03
  2.3600E+02  2.0252E-03
  2.3700E+02  2.0574E-03
  2.3800E+02  2.0907E-03
  2.3900E+02  2.1250E-03
  2.4000E+02  2.1605E-03
  2.4100E+02  2.1970E-03
  2.4200E+02  2.2350E-03
  2.4300E+02  2.2749E-03
  2.4400E+02  2.3169E-03
  2.4500E+02  2.3608E-03
  2.4600E+02  2.4067E-03
  2.4700E+02  2.4476E-03
  2.4800E+02  2.4835E-03
  2.4900E+02  2.5156E-03
  2.5000E+02  2.5439E-03
  2.5100E+02  2.5684E-03
  2.5200E+02  2.6087E-03
  2.5300E+02  2.6501E-03
  2.5400E+02  2.6915E-03
  2.5500E+02  2.7327E-03
  2.5600E+02  2.7739E-03
  2.5700E+02  2.8147E-03
  2.5800E+02  2.8560E-03
  2.5900E+02  2.8977E-03
  2.6000E+02  2.9398E-03
  2.6100E+02  2.9823E-03
  2.6200E+02  3.0255E-03
  2.6300E+02  3.0706E-03
  2.6400E+02  3.1216E-03
  2.6500E+02  3.1736E-03
  2.6600E+02  3.2266E-03
  2.6700E+02  3.2805E-03
  2.6800E+02  3.3354E-03
  2.6900E+02  3.3941E-03
  2.7000E+02  3.4569E-03
  2.7100E+02  3.5224E-03
  2.7200E+02  3.5908E-03
  2.7300E+02  3.6620E-03
  2.7400E+02  3.7360E-03
  2.7500E+02  3.8118E-03
  2.7600E+02  3.8839E-03
  2.7700E+02  3.9512E-03
  2.7800E+02  4.0139E-03
  2.7900E+02  4.0720E-03
  2.8000E+02  4.1253E-03
  2.8100E+02  4.1741E-03
  2.8200E+02  4.2265E-03
  2.8300E+02  4.2882E-03
  2.8400E+02  4.3591E-03
  2.8500E+02  4.4368E-03
  2.8600E+02  4.5169E-03
  2.8700E+02  4.5989E-03
  2.8800E+02  4.6822E-03
  2.8900E+02  4.7643E-03
  2.9000E+02  4.8483E-03
  2.9100E+02  4.9342E-03
  2.9200E+02  5.0217E-03
  2.9300E+02  5.1105E-03
  2.9400E+02  5.2012E-03
  2.9500E+02  5.2938E-03
  2.9600E+02  5.3863E-03
  2.9700E+02  5.4845E-03
  2.9800E+02  5.5930E-03
  2.9900E+02  5.7118E-03
  3.0000E+02  5.8410E-03
  3.0100E+02  5.9804E-03
  3.0200E+02  6.1275E-03
  3.0300E+02  6.2676E-03
  3.0400E+02  6.4012E-03
  3.0500E+02  6.5284E-03
  3.0600E+02  6.6490E-03
  3.0700E+02  6.7708E-03
  3.0800E+02  6.9092E-03
  3.0900E+02  7.0586E-03
  3.1000E+02  7.2152E-03
  3.1100E+02  7.3784E-03
  3.1200E+02  7.5482E-03
  3.1300E+02  7.7306E-03
  3.1400E+02  7.9137E-03
  3.1500E+02  8.0958E-03
  3.1600E+02  8.2943E-03
  3.1700E+02  8.5142E-03
  3.1800E+02  8.7483E-03
  3.1900E+02  8.9965E-03
  3.2000E+02  9.2587E-03
  3.2100E+02  9.5361E-03
  3.2200E+02  9.8489E-03
  3.2300E+02  1.0204E-02
  3.2400E+02  1.0604E-02
  3.2500E+02  1.1066E-02
  3.2600E+02  1.1856E-02
  3.2700E+02  1.2790E-02
  3.2800E+02  1.3721E-02
  3.2900E+02  1.4613E-02
  3.3000E+02  1.5308E-02
  3.3100E+02  1.5775E-02
  3.3200E+02  1.6015E-02
  3.3300E+02  1.6060E-02
  3.3400E+02  1.5870E-02
  3.3500E+02  1.5827E-02
  3.3600E+02  1.5584E-02
  3.3700E+02  1.5011E-02
  3.3800E+02  1.4292E-02
  3.3900E+02  1.3582E-02
  3.4000E+02  1.2945E-02
  3.4100E+02  1.2279E-02
  3.4200E+02  1.1583E-02
  3.4300E+02  1.1007E-02
  3.4400E+02  1.0509E-02
  3.4500E+02  1.0029E-02
  3.4600E+02  9.5922E-03
  3.4700E+02  9.2185E-03
  3.4800E+02  8.9094E-03
  3.4900E+02  8.6733E-03
  3.5000E+02  7.7953E-03
  3.5100E+02  7.4657E-03
  3.5200E+02  7.1431E-03
  3.5300E+02  6.8316E-03
  3.5400E+02  6.5328E-03
  3.5500E+02  6.2468E-03
  3.5600E+02  5.9736E-03
  3.5700E+02  5.7131E-03
  3.5800E+02  5.4655E-03
  3.5900E+02  5.2275E-03
  3.6000E+02  4.9161E-03
  3.6100E+02  4.5955E-03
  3.6200E+02  4.1054E-03
  3.6300E+02  3.6789E-03
  3.6400E+02  3.5476E-03
  3.6500E+02  3.2774E-03
  3.6600E+02  3.0379E-03
  3.6700E+02  2.8293E-03
  3.6800E+02  2.6514E-03
  3.6900E+02  2.5099E-03
  3.7000E+02  2.4184E-03
  3.7100E+02  2.3308E-03
  3.7200E+02  2.2472E-03
  3.7300E+02  2.7105E-03
  3.7400E+02  3.1861E-03
  3.7500E+02  3.4828E-03
  3.7600E+02  3.6414E-03
  3.7700E+02  3.7888E-03
  3.7800E+02  3.9705E-03
  3.7900E+02  4.1479E-03
  3.8000E+02  4.3209E-03
  3.8100E+02  4.4896E-03
  3.8200E+02  4.6539E-03
  3.8300E+02  4.8138E-03
  3.8400E+02  5.5020E-03
  3.8500E+02  6.0576E-03
  3.8600E+02  6.5842E-03
  3.8700E+02  7.1087E-03
  3.8800E+02  7.6312E-03
  3.8900E+02  8.1517E-03
  3.9000E+02  8.7825E-03
  3.9100E+02  9.3482E-03
  3.9200E+02  9.7827E-03
  3.9300E+02  9.8198E-03
  3.9400E+02  9.8392E-03
  3.9500E+02  9.7136E-03
  3.9600E+02  9.8109E-03
  3.9700E+02  1.0278E-02
  3.9800E+02  1.1064E-02
  3.9900E+02  1.1506E-02
  4.0000E+02  1.0370E-02
  4.0100E+02  1.0271E-02
  4.0200E+02  1.0312E-02
  4.0300E+02  1.0374E-02
  4.0400E+02  1.0455E-02
  4.0500E+02  1.0554E-02
  4.0600E+02  1.0668E-02
  4.0700E+02  1.0798E-02
  4.0800E+02  1.0951E-02
  4.0900E+02  1.1098E-02
  4.1000E+02  1.1237E-02
  4.1100E+02  1.1348E-02
  4.1200E+02  1.1719E-02
  4.1300E+02  1.1900E-02
  4.1400E+02  1.2075E-02
  4.1500E+02  1.2247E-02
  4.1600E+02  1.2413E-02
  4.1700E+02  1.2663E-02
  4.1800E+02  1.2999E-02
  4.1900E+02  1.3409E-02
  4.2000E+02  1.3504E-02
  4.2100E+02  1.3749E-02
  4.2200E+02  1.2400E-02
  4.2300E+02  1.2112E-02
  4.2400E+02  1.1959E-02
  4.2500E+02  1.1797E-02
  4.2600E+02  1.1626E-02
  4.2700E+02  1.1446E-02
  4.2800E+02  1.1258E-02
  4.2900E+02  1.1060E-02
  4.3000E+02  1.0854E-02
  4.3100E+02  1.0648E-02
  4.3200E+02  1.0406E-02
  4.3300E+02  1.0116E-02
  4.3400E+02  9.7799E-03
  4.3500E+02  9.5913E-03
  4.3600E+02  9.4211E-03
  4.3700E+02  9.2693E-03
  4.3800E+02  9.1342E-03
  4.3900E+02  9.0160E-03
  4.4000E+02  8.9148E-03
  4.4100E+02  8.7304E-03
  4.4200E+02  8.5834E-03
  4.4300E+02  8.5497E-03
  4.4400E+02  8.4993E-03
  4.4500E+02  8.4313E-03
  4.4600E+02  8.3325E-03
  4.4700E+02  8.1979E-03
  4.4800E+02  8.0317E-03
  4.4900E+02  7.8543E-03
  4.5000E+02  7.7386E-03
  4.5100E+02  7.6239E-03
  4.5200E+02  7.5102E-03
  4.5300E+02  7.3975E-03
  4.5400E+02  7.2858E-03
  4.5500E+02  7.1757E-03
  4.5600E+02  7.0741E-03
  4.5700E+02  6.9827E-03
  4.5800E+02  6.9100E-03
  4.5900E+02  6.8675E-03
  4.6000E+02  6.8403E-03
  4.6100E+02  6.8314E-03
  4.6200E+02  6.8602E-03
  4.6300E+02  6.9914E-03
  4.6400E+02  6.9968E-03
  4.6500E+02  6.8507E-03
  4.6600E+02  7.5083E-03
  4.6700E+02  7.0032E-03
  4.6800E+02  6.5118E-03
  4.6900E+02  6.3847E-03
  4.7000E+02  6.2582E-03
  4.7100E+02  6.1322E-03
  4.7200E+02  6.0068E-03
  4.7300E+02  5.8820E-03
  4.7400E+02  1.6989E-02
  4.7500E+02  4.2845E-02
  4.7600E+02  5.9964E-02
  4.7700E+02  6.8845E-02
  4.7800E+02  1.0197E-01
  4.7900E+02  7.6982E-02
  4.8000E+02  7.1917E-02
  4.8100E+02  7.0691E-02
  4.8200E+02  7.2355E-02
  4.8300E+02  7.0649E-02
  4.8400E+02  6.9748E-02
  4.8500E+02  6.8408E-02
  4.8600E+02  6.8581E-02
  4.8700E+02  6.9094E-02
  4.8800E+02  6.9877E-02
  4.8900E+02  6.7012E-02
  4.9000E+02  6.7139E-02
  4.9100E+02  6.7533E-02
  4.9200E+02  6.8191E-02
  4.9300E+02  6.9601E-02
  4.9400E+02  7.0714E-02
  4.9500E+02  7.3058E-02
  4.9600E+02  7.4749E-02
  4.9700E+02  8.2507E-02
  4.9800E+02  8.1877E-02
  4.9900E+02  7.4683E-02
  5.0000E+02  7.6087E-02
  5.0100E+02  4.6608E-02
  5.0200E+02  3.3664E-02
  5.0300E+02  2.8582E-02
  5.0400E+02  2.2031E-02
  5.0500E+02  1.9225E-02
  5.0600E+02  1.7262E-02
  5.0700E+02  1.5852E-02
  5.0800E+02  1.4647E-02
  5.0900E+02  1.3751E-02
  5.1000E+02  1.2999E-02
  5.1100E+02  1.1267E-02
  5.1200E+02  9.8977E-03
  5.1300E+02  8.7325E-03
  5.1400E+02  7.7453E-03
  5.1500E+02  6.9050E-03
  5.1600E+02  6.8572E-03
  5.1700E+02  5.1686E-03
  5.1800E+02  4.4934E-03
  5.1900E+02  3.3755E-03
  5.2000E+02  2.1873E-03
  5.2100E+02  2.3792E-03
  5.2200E+02  2.9091E-04
  5.2300E+02  0.0000E+00
