  0.0000E+00  0.0000E+00
  1.0000E+00  7.3004E-08
  2.0000E+00  2.9202E-07
  3.0000E+00  6.5705E-07
  4.0000E+00  1.1681E-06
  5.0000E+00  1.8251E-06
  6.0000E+00  2.6282E-06
  7.0000E+00  3.5773E-06
  8.0000E+00  4.6724E-06
  9.0000E+00  5.9135E-06
  1.0000E+01  7.3006E-06
  1.1000E+01  8.8337E-06
  1.2000E+01  1.0513E-05
  1.3000E+01  1.2338E-05
  1.4000E+01  1.4309E-05
  1.5000E+01  1.6426E-05
  1.6000E+01  1.8690E-05
  1.7000E+01  2.1099E-05
  1.8000E+01  2.3654E-05
  1.9000E+01  2.6355E-05
  2.0000E+01  2.9202E-05
  2.1000E+01  3.2196E-05
  2.2000E+01  3.5335E-05
  2.3000E+01  3.8620E-05
  2.4000E+01  4.2051E-05
  2.5000E+01  4.5629E-05
  2.6000E+01  4.9352E-05
  2.7000E+01  5.3221E-05
  2.8000E+01  5.7237E-05
  2.9000E+01  6.1398E-05
  3.0000E+01  6.5705E-05
  3.1000E+01  7.0159E-05
  3.2000E+01  7.4758E-05
  3.3000E+01  7.9504E-05
  3.4000E+01  8.4395E-05
  3.5000E+01  8.9432E-05
  3.6000E+01  9.4616E-05
  3.7000E+01  9.9945E-05
  3.8000E+01  1.0542E-04
  3.9000E+01  1.1104E-04
  4.0000E+01  1.1681E-04
  4.1000E+01  1.2272E-04
  4.2000E+01  1.5719E-04
  4.3000E+01  2.3891E-04
  4.4000E+01  3.1001E-04
  4.5000E+01  3.7049E-04
  4.6000E+01  4.2034E-04
  4.7000E+01  4.5957E-04
  4.8000E+01  4.8819E-04
  4.9000E+01  5.0617E-04
  5.0000E+01  5.1354E-04
  5.1000E+01  5.1029E-04
  5.2000E+01  5.3519E-04
  5.3000E+01  5.6501E-04
  5.4000E+01  5.9528E-04
  5.5000E+01  6.2602E-04
  5.6000E+01  6.5723E-04
  5.7000E+01  6.8889E-04
  5.8000E+01  7.2102E-04
  5.9000E+01  7.5449E-04
  6.0000E+01  7.8977E-04
  6.1000E+01  8.2676E-04
  6.2000E+01  8.6547E-04
  6.3000E+01  9.0589E-04
  6.4000E+01  9.4804E-04
  6.5000E+01  9.9189E-04
  6.6000E+01  1.0375E-03
  6.7000E+01  1.0848E-03
  6.8000E+01  1.1355E-03
  6.9000E+01  1.1984E-03
  7.0000E+01  1.2746E-03
  7.1000E+01  1.3641E-03
  7.2000E+01  1.5370E-03
  7.3000E+01  1.7071E-03
  7.4000E+01  1.8462E-03
  7.5000E+01  1.9935E-03
  7.6000E+01  2.0226E-03
  7.7000E+01  2.0076E-03
  7.8000E+01  2.0062E-03
  7.9000E+01  2.0852E-03
  8.0000E+01  2.1665E-03
  8.1000E+01  2.2525E-03
  8.2000E+01  2.3462E-03
  8.3000E+01  2.4459E-03
  8.4000E+01  2.5518E-03
  8.5000E+01  2.6638E-03
  8.6000E+01  2.7817E-03
  8.7000E+01  2.9054E-03
  8.8000E+01  3.0349E-03
  8.9000E+01  3.1701E-03
  9.0000E+01  3.3108E-03
  9.1000E+01  3.4562E-03
  9.2000E+01  3.6058E-03
  9.3000E+01  3.7644E-03
  9.4000E+01  3.9322E-03
  9.5000E+01  4.1091E-03
  9.6000E+01  4.2951E-03
  9.7000E+01  4.8259E-03
  9.8000E+01  5.0066E-03
  9.9000E+01  5.3952E-03
  1.0000E+02  5.7533E-03
  1.0100E+02  6.1189E-03
  1.0200E+02  6.6178E-03
  1.0300E+02  7.2484E-03
  1.0400E+02  7.8918E-03
  1.0500E+02  8.5514E-03
  1.0600E+02  9.2280E-03
  1.0700E+02  9.9125E-03
  1.0800E+02  1.0768E-02
  1.0900E+02  1.1380E-02
  1.1000E+02  1.2553E-02
  1.1100E+02  1.5520E-02
  1.1200E+02  1.2711E-02
  1.1300E+02  1.2959E-02
  1.1400E+02  1.3365E-02
  1.1500E+02  1.3789E-02
  1.1600E+02  1.4223E-02
  1.1700E+02  1.4678E-02
  1.1800E+02  1.5144E-02
  1.1900E+02  1.5734E-02
  1.2000E+02  1.6272E-02
  1.2100E+02  1.6780E-02
  1.2200E+02  1.7737E-02
  1.2300E+02  1.8918E-02
  1.2400E+02  2.0545E-02
  1.2500E+02  1.7931E-02
  1.2600E+02  1.8297E-02
  1.2700E+02  1.8684E-02
  1.2800E+02  1.9061E-02
  1.2900E+02  1.9602E-02
  1.3000E+02  2.0206E-02
  1.3100E+02  2.0752E-02
  1.3200E+02  2.1359E-02
  1.3300E+02  2.2058E-02
  1.3400E+02  2.4362E-02
  1.3500E+02  2.7714E-02
  1.3600E+02  2.9192E-02
  1.3700E+02  3.0034E-02
  1.3800E+02  3.0675E-02
  1.3900E+02  3.0817E-02
  1.4000E+02  3.1673E-02
  1.4100E+02  3.1698E-02
  1.4200E+02  3.1490E-02
  1.4300E+02  3.1389E-02
  1.4400E+02  3.1165E-02
  1.4500E+02  3.0671E-02
  1.4600E+02  3.0261E-02
  1.4700E+02  2.9668E-02
  1.4800E+02  2.8674E-02
  1.4900E+02  2.8674E-02
  1.5000E+02  2.6003E-02
  1.5100E+02  2.3634E-02
  1.5200E+02  2.1780E-02
  1.5300E+02  2.1285E-02
  1.5400E+02  2.0816E-02
  1.5500E+02  2.0391E-02
  1.5600E+02  1.9992E-02
  1.5700E+02  1.9609E-02
  1.5800E+02  1.9265E-02
  1.5900E+02  1.8955E-02
  1.6000E+02  1.8660E-02
  1.6100E+02  1.8382E-02
  1.6200E+02  1.8118E-02
  1.6300E+02  1.7860E-02
  1.6400E+02  1.7606E-02
  1.6500E+02  1.7348E-02
  1.6600E+02  1.7186E-02
  1.6700E+02  1.7295E-02
  1.6800E+02  1.7471E-02
  1.6900E+02  1.7504E-02
  1.7000E+02  1.7571E-02
  1.7100E+02  1.6998E-02
  1.7200E+02  1.6582E-02
  1.7300E+02  1.6228E-02
  1.7400E+02  1.6219E-02
  1.7500E+02  1.6522E-02
  1.7600E+02  1.5410E-02
  1.7700E+02  1.5267E-02
  1.7800E+02  1.5190E-02
  1.7900E+02  1.5133E-02
  1.8000E+02  1.5080E-02
  1.8100E+02  1.4904E-02
  1.8200E+02  1.4720E-02
  1.8300E+02  1.4527E-02
  1.8400E+02  1.4341E-02
  1.8500E+02  1.4190E-02
  1.8600E+02  1.4083E-02
  1.8700E+02  1.3976E-02
  1.8800E+02  1.3842E-02
  1.8900E+02  1.3766E-02
  1.9000E+02  1.3701E-02
  1.9100E+02  1.3630E-02
  1.9200E+02  1.3623E-02
  1.9300E+02  1.3891E-02
  1.9400E+02  1.4349E-02
  1.9500E+02  1.4960E-02
  1.9600E+02  1.6041E-02
  1.9700E+02  1.6792E-02
  1.9800E+02  1.7117E-02
  1.9900E+02  1.7005E-02
  2.0000E+02  1.7062E-02
  2.0100E+02  1.7109E-02
  2.0200E+02  1.7063E-02
  2.0300E+02  1.6913E-02
  2.0400E+02  1.6733E-02
  2.0500E+02  1.5444E-02
  2.0600E+02  1.3210E-02
  2.0700E+02  1.0867E-02
  2.0800E+02  9.0843E-03
  2.0900E+02  7.8214E-03
  2.1000E+02  6.8393E-03
  2.1100E+02  5.5056E-03
  2.1200E+02  2.8065E-03
  2.1300E+02  1.4365E-03
  2.1400E+02  1.4579E-03
  2.1500E+02  1.4800E-03
  2.1600E+02  1.5027E-03
  2.1700E+02  1.5261E-03
  2.1800E+02  1.5500E-03
  2.1900E+02  1.5742E-03
  2.2000E+02  1.5988E-03
  2.2100E+02  1.6238E-03
  2.2200E+02  1.6492E-03
  2.2300E+02  1.6751E-03
  2.2400E+02  1.7017E-03
  2.2500E+02  1.7290E-03
  2.2600E+02  1.7571E-03
  2.2700E+02  1.7859E-03
  2.2800E+02  1.8154E-03
  2.2900E+02  1.8462E-03
  2.3000E+02  1.8785E-03
  2.3100E+02  1.9123E-03
  2.3200E+02  1.9476E-03
  2.3300E+02  1.9844E-03
  2.3400E+02  2.0176E-03
  2.3500E+02  2.0469E-03
  2.3600E+02  2.0735E-03
  2.3700E+02  2.0973E-03
  2.3800E+02  2.1192E-03
  2.3900E+02  2.1534E-03
  2.4000E+02  2.1872E-03
  2.4100E+02  2.2205E-03
  2.4200E+02  2.2533E-03
  2.4300E+02  2.2864E-03
  2.4400E+02  2.3196E-03
  2.4500E+02  2.3529E-03
  2.4600E+02  2.3865E-03
  2.4700E+02  2.4203E-03
  2.4800E+02  2.4548E-03
  2.4900E+02  2.4897E-03
  2.5000E+02  2.5274E-03
  2.5100E+02  2.5677E-03
  2.5200E+02  2.6082E-03
  2.5300E+02  2.6491E-03
  2.5400E+02  2.6903E-03
  2.5500E+02  2.7357E-03
  2.5600E+02  2.7830E-03
  2.5700E+02  2.8319E-03
  2.5800E+02  2.8825E-03
  2.5900E+02  2.9347E-03
  2.6000E+02  2.9885E-03
  2.6100E+02  3.0439E-03
  2.6200E+02  3.0998E-03
  2.6300E+02  3.1530E-03
  2.6400E+02  3.2036E-03
  2.6500E+02  3.2515E-03
  2.6600E+02  3.2968E-03
  2.6700E+02  3.3393E-03
  2.6800E+02  3.3792E-03
  2.6900E+02  3.4211E-03
  2.7000E+02  3.4714E-03
  2.7100E+02  3.5294E-03
  2.7200E+02  3.5935E-03
  2.7300E+02  3.6571E-03
  2.7400E+02  3.7181E-03
  2.7500E+02  3.7803E-03
  2.7600E+02  3.8434E-03
  2.7700E+02  3.9075E-03
  2.7800E+02  3.9728E-03
  2.7900E+02  4.0394E-03
  2.8000E+02  4.1071E-03
  2.8100E+02  4.1760E-03
  2.8200E+02  4.2461E-03
  2.8300E+02  4.3177E-03
  2.8400E+02  4.3918E-03
  2.8500E+02  4.4730E-03
  2.8600E+02  4.5613E-03
  2.8700E+02  4.6567E-03
  2.8800E+02  4.7592E-03
  2.8900E+02  4.8617E-03
  2.9000E+02  4.9562E-03
  2.9100E+02  5.0441E-03
  2.9200E+02  5.1253E-03
  2.9300E+02  5.1989E-03
  2.9400E+02  5.2897E-03
  2.9500E+02  5.3807E-03
  2.9600E+02  5.4750E-03
  2.9700E+02  5.5759E-03
  2.9800E+02  5.6776E-03
  2.9900E+02  5.7808E-03
  3.0000E+02  5.8900E-03
  3.0100E+02  6.0022E-03
  3.0200E+02  6.1158E-03
  3.0300E+02  6.2308E-03
  3.0400E+02  6.3550E-03
  3.0500E+02  6.4855E-03
  3.0600E+02  6.6216E-03
  3.0700E+02  6.7633E-03
  3.0800E+02  6.9106E-03
  3.0900E+02  7.0635E-03
  3.1000E+02  7.2263E-03
  3.1100E+02  7.4032E-03
  3.1200E+02  7.5956E-03
  3.1300E+02  7.8089E-03
  3.1400E+02  8.0104E-03
  3.1500E+02  8.1965E-03
  3.1600E+02  8.4108E-03
  3.1700E+02  8.6359E-03
  3.1800E+02  8.8718E-03
  3.1900E+02  9.1185E-03
  3.2000E+02  9.3760E-03
  3.2100E+02  9.6404E-03
  3.2200E+02  9.9383E-03
  3.2300E+02  1.0269E-02
  3.2400E+02  1.0638E-02
  3.2500E+02  1.1065E-02
  3.2600E+02  1.1552E-02
  3.2700E+02  1.2096E-02
  3.2800E+02  1.2698E-02
  3.2900E+02  1.3358E-02
  3.3000E+02  1.4075E-02
  3.3100E+02  1.5008E-02
  3.3200E+02  1.6707E-02
  3.3300E+02  1.8806E-02
  3.3400E+02  1.9290E-02
  3.3500E+02  1.7965E-02
  3.3600E+02  1.5683E-02
  3.3700E+02  1.4063E-02
  3.3800E+02  1.3087E-02
  3.3900E+02  1.2388E-02
  3.4000E+02  1.1757E-02
  3.4100E+02  1.1191E-02
  3.4200E+02  1.0689E-02
  3.4300E+02  1.0251E-02
  3.4400E+02  9.8711E-03
  3.4500E+02  9.5282E-03
  3.4600E+02  9.2128E-03
  3.4700E+02  8.9360E-03
  3.4800E+02  8.7367E-03
  3.4900E+02  8.4490E-03
  3.5000E+02  8.0962E-03
  3.5100E+02  7.5217E-03
  3.5200E+02  7.2008E-03
  3.5300E+02  6.8851E-03
  3.5400E+02  6.5747E-03
  3.5500E+02  6.2695E-03
  3.5600E+02  6.0921E-03
  3.5700E+02  5.8479E-03
  3.5800E+02  5.4303E-03
  3.5900E+02  5.0326E-03
  3.6000E+02  4.6529E-03
  3.6100E+02  4.2864E-03
  3.6200E+02  3.9352E-03
  3.6300E+02  3.6206E-03
  3.6400E+02  3.4690E-03
  3.6500E+02  3.3617E-03
  3.6600E+02  3.2819E-03
  3.6700E+02  3.2066E-03
  3.6800E+02  3.1473E-03
  3.6900E+02  3.1108E-03
  3.7000E+02  3.0984E-03
  3.7100E+02  3.1103E-03
  3.7200E+02  3.1463E-03
  3.7300E+02  3.2066E-03
  3.7400E+02  3.2910E-03
  3.7500E+02  3.3824E-03
  3.7600E+02  3.2834E-03
  3.7700E+02  3.3770E-03
  3.7800E+02  3.5596E-03
  3.7900E+02  3.7878E-03
  3.8000E+02  4.0615E-03
  3.8100E+02  4.3809E-03
  3.8200E+02  4.8764E-03
  3.8300E+02  5.6063E-03
  3.8400E+02  6.3863E-03
  3.8500E+02  6.9559E-03
  3.8600E+02  7.2136E-03
  3.8700E+02  7.5858E-03
  3.8800E+02  8.1085E-03
  3.8900E+02  8.6970E-03
  3.9000E+02  9.2234E-03
  3.9100E+02  9.4759E-03
  3.9200E+02  9.1510E-03
  3.9300E+02  9.2394E-03
  3.9400E+02  9.3981E-03
  3.9500E+02  9.5039E-03
  3.9600E+02  9.5663E-03
  3.9700E+02  9.6501E-03
  3.9800E+02  9.7543E-03
  3.9900E+02  9.8689E-03
  4.0000E+02  1.0026E-02
  4.0100E+02  1.0206E-02
  4.0200E+02  1.0382E-02
  4.0300E+02  1.0553E-02
  4.0400E+02  1.0719E-02
  4.0500E+02  1.0879E-02
  4.0600E+02  1.1116E-02
  4.0700E+02  1.1393E-02
  4.0800E+02  1.1591E-02
  4.0900E+02  1.1565E-02
  4.1000E+02  1.1866E-02
  4.1100E+02  1.2048E-02
  4.1200E+02  1.2456E-02
  4.1300E+02  1.1990E-02
  4.1400E+02  1.1789E-02
  4.1500E+02  1.1778E-02
  4.1600E+02  1.1797E-02
  4.1700E+02  1.1849E-02
  4.1800E+02  1.1970E-02
  4.1900E+02  1.2076E-02
  4.2000E+02  1.2125E-02
  4.2100E+02  1.2143E-02
  4.2200E+02  1.2131E-02
  4.2300E+02  1.2093E-02
  4.2400E+02  1.2133E-02
  4.2500E+02  1.2359E-02
  4.2600E+02  1.2585E-02
  4.2700E+02  1.2438E-02
  4.2800E+02  1.2103E-02
  4.2900E+02  1.1643E-02
  4.3000E+02  1.0591E-02
  4.3100E+02  1.0224E-02
  4.3200E+02  1.0057E-02
  4.3300E+02  9.8966E-03
  4.3400E+02  9.7405E-03
  4.3500E+02  9.5576E-03
  4.3600E+02  9.3481E-03
  4.3700E+02  9.1825E-03
  4.3800E+02  9.0212E-03
  4.3900E+02  8.8641E-03
  4.4000E+02  8.7112E-03
  4.4100E+02  8.5634E-03
  4.4200E+02  8.4233E-03
  4.4300E+02  8.2912E-03
  4.4400E+02  8.1670E-03
  4.4500E+02  8.0667E-03
  4.4600E+02  7.9815E-03
  4.4700E+02  7.9078E-03
  4.4800E+02  7.8440E-03
  4.4900E+02  7.7903E-03
  4.5000E+02  7.7501E-03
  4.5100E+02  7.6734E-03
  4.5200E+02  7.6253E-03
  4.5300E+02  7.6081E-03
  4.5400E+02  7.5889E-03
  4.5500E+02  7.5598E-03
  4.5600E+02  7.4714E-03
  4.5700E+02  7.3171E-03
  4.5800E+02  7.0968E-03
  4.5900E+02  6.9876E-03
  4.6000E+02  6.8836E-03
  4.6100E+02  6.7802E-03
  4.6200E+02  6.6772E-03
  4.6300E+02  6.5747E-03
  4.6400E+02  6.4728E-03
  4.6500E+02  6.3755E-03
  4.6600E+02  6.3025E-03
  4.6700E+02  6.2956E-03
  4.6800E+02  6.3106E-03
  4.6900E+02  6.3858E-03
  4.7000E+02  6.5659E-03
  4.7100E+02  6.6244E-03
  4.7200E+02  6.9977E-03
  4.7300E+02  6.5655E-03
  4.7400E+02  2.1085E-02
  4.7500E+02  6.9565E-02
  4.7600E+02  5.7186E-02
  4.7700E+02  6.6231E-02
  4.7800E+02  8.8126E-02
  4.7900E+02  8.3482E-02
  4.8000E+02  7.0396E-02
  4.8100E+02  6.8511E-02
  4.8200E+02  6.8817E-02
  4.8300E+02  7.0749E-02
  4.8400E+02  7.0107E-02
  4.8500E+02  6.8705E-02
  4.8600E+02  6.7656E-02
  4.8700E+02  6.7530E-02
  4.8800E+02  6.8151E-02
  4.8900E+02  7.0063E-02
  4.9000E+02  6.9116E-02
  4.9100E+02  6.8156E-02
  4.9200E+02  6.8689E-02
  4.9300E+02  6.9049E-02
  4.9400E+02  7.0711E-02
  4.9500E+02  7.3247E-02
  4.9600E+02  7.6123E-02
  4.9700E+02  7.8046E-02
  4.9800E+02  8.5727E-02
  4.9900E+02  7.7125E-02
  5.0000E+02  6.9591E-02
  5.0100E+02  4.3158E-02
  5.0200E+02  3.1791E-02
  5.0300E+02  2.7074E-02
  5.0400E+02  2.4588E-02
  5.0500E+02  2.0192E-02
  5.0600E+02  1.7326E-02
  5.0700E+02  1.5483E-02
  5.0800E+02  1.4133E-02
  5.0900E+02  1.3011E-02
  5.1000E+02  1.2033E-02
  5.1100E+02  1.1777E-02
  5.1200E+02  1.0131E-02
  5.1300E+02  8.7631E-03
  5.1400E+02  7.5930E-03
  5.1500E+02  6.7058E-03
  5.1600E+02  5.9388E-03
  5.1700E+02  6.7376E-03
  5.1800E+02  4.5039E-03
  5.1900E+02  3.3635E-03
  5.2000E+02  2.1415E-03
  5.2100E+02  2.2887E-03
  5.2200E+02  2.3893E-04
  5.2300E+02  0.0000E+00
