 -3.0064E-05  0.0000E+00
  9.9997E-01  8.7923E-08
  2.0000E+00  3.5169E-07
  3.0000E+00  7.9130E-07
  4.0000E+00  1.4068E-06
  5.0000E+00  2.1981E-06
  6.0000E+00  3.1652E-06
  7.0000E+00  4.3082E-06
  8.0000E+00  5.6271E-06
  9.0000E+00  7.1217E-06
  1.0000E+01  8.7923E-06
  1.1000E+01  1.0639E-05
  1.2000E+01  1.2661E-05
  1.3000E+01  1.4859E-05
  1.4000E+01  1.7233E-05
  1.5000E+01  1.9783E-05
  1.6000E+01  2.2508E-05
  1.7000E+01  2.5410E-05
  1.8000E+01  2.8487E-05
  1.9000E+01  3.1740E-05
  2.0000E+01  3.5169E-05
  2.1000E+01  3.8774E-05
  2.2000E+01  4.2555E-05
  2.3000E+01  4.6511E-05
  2.4000E+01  5.0643E-05
  2.5000E+01  5.4952E-05
  2.6000E+01  5.9436E-05
  2.7000E+01  6.4096E-05
  2.8000E+01  6.8931E-05
  2.9000E+01  7.3943E-05
  3.0000E+01  7.9130E-05
  3.1000E+01  8.4494E-05
  3.2000E+01  9.0033E-05
  3.3000E+01  9.5748E-05
  3.4000E+01  1.0164E-04
  3.5000E+01  1.0771E-04
  3.6000E+01  1.1395E-04
  3.7000E+01  1.2037E-04
  3.8000E+01  1.2696E-04
  3.9000E+01  1.3373E-04
  4.0000E+01  1.4068E-04
  4.1000E+01  1.4780E-04
  4.2000E+01  1.5510E-04
  4.3000E+01  1.6257E-04
  4.4000E+01  1.7022E-04
  4.5000E+01  1.7804E-04
  4.6000E+01  1.8604E-04
  4.7000E+01  1.9422E-04
  4.8000E+01  2.0257E-04
  4.9000E+01  2.1110E-04
  5.0000E+01  3.0967E-04
  5.1000E+01  4.0236E-04
  5.2000E+01  4.8719E-04
  5.3000E+01  5.6416E-04
  5.4000E+01  6.3328E-04
  5.5000E+01  6.9454E-04
  5.6000E+01  7.4794E-04
  5.7000E+01  7.9349E-04
  5.8000E+01  8.3118E-04
  5.9000E+01  8.6102E-04
  6.0000E+01  8.8300E-04
  6.1000E+01  8.9712E-04
  6.2000E+01  9.0676E-04
  6.3000E+01  9.4915E-04
  6.4000E+01  9.9216E-04
  6.5000E+01  1.0358E-03
  6.6000E+01  1.0801E-03
  6.7000E+01  1.1250E-03
  6.8000E+01  1.1705E-03
  6.9000E+01  1.2166E-03
  7.0000E+01  1.2636E-03
  7.1000E+01  1.3152E-03
  7.2000E+01  1.3699E-03
  7.3000E+01  1.4279E-03
  7.4000E+01  1.4890E-03
  7.5000E+01  1.5533E-03
  7.6000E+01  1.6208E-03
  7.7000E+01  1.6914E-03
  7.8000E+01  1.7653E-03
  7.9000E+01  1.8433E-03
  8.0000E+01  1.9297E-03
  8.1000E+01  2.0249E-03
  8.2000E+01  2.1290E-03
  8.3000E+01  2.2418E-03
  8.4000E+01  2.3635E-03
  8.5000E+01  2.4940E-03
  8.6000E+01  2.6334E-03
  8.7000E+01  2.7816E-03
  8.8000E+01  2.9856E-03
  8.9000E+01  3.2989E-03
  9.0000E+01  3.5243E-03
  9.1000E+01  3.6619E-03
  9.2000E+01  3.7117E-03
  9.3000E+01  4.0503E-03
  9.4000E+01  4.3196E-03
  9.5000E+01  4.3928E-03
  9.6000E+01  4.4263E-03
  9.7000E+01  4.7574E-03
  9.8000E+01  5.0843E-03
  9.9000E+01  5.4069E-03
  1.0000E+02  5.7252E-03
  1.0100E+02  6.0652E-03
  1.0200E+02  6.5545E-03
  1.0300E+02  7.1037E-03
  1.0400E+02  7.6583E-03
  1.0500E+02  8.2226E-03
  1.0600E+02  8.7968E-03
  1.0700E+02  9.3809E-03
  1.0800E+02  9.9748E-03
  1.0900E+02  1.0577E-02
  1.1000E+02  1.1597E-02
  1.1100E+02  1.2124E-02
  1.1200E+02  1.2671E-02
  1.1300E+02  1.3555E-02
  1.1400E+02  1.6287E-02
  1.1500E+02  1.3436E-02
  1.1600E+02  1.4247E-02
  1.1700E+02  1.4638E-02
  1.1800E+02  1.4840E-02
  1.1900E+02  1.5231E-02
  1.2000E+02  1.5626E-02
  1.2100E+02  1.6026E-02
  1.2200E+02  1.6430E-02
  1.2300E+02  1.6839E-02
  1.2400E+02  1.7389E-02
  1.2500E+02  1.7929E-02
  1.2600E+02  1.8428E-02
  1.2700E+02  1.8937E-02
  1.2800E+02  1.9950E-02
  1.2900E+02  2.0981E-02
  1.3000E+02  2.2249E-02
  1.3100E+02  2.3645E-02
  1.3200E+02  2.4658E-02
  1.3300E+02  2.5698E-02
  1.3400E+02  2.4906E-02
  1.3500E+02  2.7038E-02
  1.3600E+02  2.8266E-02
  1.3700E+02  2.7929E-02
  1.3800E+02  2.8546E-02
  1.3900E+02  2.9545E-02
  1.4000E+02  3.0206E-02
  1.4100E+02  3.0070E-02
  1.4200E+02  2.9910E-02
  1.4300E+02  2.9752E-02
  1.4400E+02  2.9645E-02
  1.4500E+02  2.9588E-02
  1.4600E+02  2.9534E-02
  1.4700E+02  2.9533E-02
  1.4800E+02  2.9263E-02
  1.4900E+02  2.8676E-02
  1.5000E+02  2.7899E-02
  1.5100E+02  2.7147E-02
  1.5200E+02  2.6347E-02
  1.5300E+02  2.5567E-02
  1.5400E+02  2.4804E-02
  1.5500E+02  2.5234E-02
  1.5600E+02  2.6208E-02
  1.5700E+02  2.0801E-02
  1.5800E+02  1.9063E-02
  1.5900E+02  1.8719E-02
  1.6000E+02  1.8387E-02
  1.6100E+02  1.8108E-02
  1.6200E+02  1.7890E-02
  1.6300E+02  1.7683E-02
  1.6400E+02  1.7487E-02
  1.6500E+02  1.7393E-02
  1.6600E+02  1.7171E-02
  1.6700E+02  1.6950E-02
  1.6800E+02  1.6729E-02
  1.6900E+02  1.6510E-02
  1.7000E+02  1.6296E-02
  1.7100E+02  1.6088E-02
  1.7200E+02  1.5886E-02
  1.7300E+02  1.5690E-02
  1.7400E+02  1.5592E-02
  1.7500E+02  1.5619E-02
  1.7600E+02  1.5548E-02
  1.7700E+02  1.5432E-02
  1.7800E+02  1.5266E-02
  1.7900E+02  1.5109E-02
  1.8000E+02  1.5024E-02
  1.8100E+02  1.4946E-02
  1.8200E+02  1.4853E-02
  1.8300E+02  1.4762E-02
  1.8400E+02  1.5203E-02
  1.8500E+02  1.3092E-02
  1.8600E+02  1.3332E-02
  1.8700E+02  1.4086E-02
  1.8800E+02  1.5289E-02
  1.8900E+02  1.5553E-02
  1.9000E+02  1.5212E-02
  1.9100E+02  1.5369E-02
  1.9200E+02  1.5534E-02
  1.9300E+02  1.5724E-02
  1.9400E+02  1.5882E-02
  1.9500E+02  1.6008E-02
  1.9600E+02  1.6103E-02
  1.9700E+02  1.6166E-02
  1.9800E+02  1.6219E-02
  1.9900E+02  1.6235E-02
  2.0000E+02  1.6191E-02
  2.0100E+02  1.6087E-02
  2.0200E+02  1.5926E-02
  2.0300E+02  1.5924E-02
  2.0400E+02  1.6876E-02
  2.0500E+02  1.4410E-02
  2.0600E+02  1.2157E-02
  2.0700E+02  1.0261E-02
  2.0800E+02  8.7091E-03
  2.0900E+02  6.8203E-03
  2.1000E+02  4.1722E-03
  2.1100E+02  1.4019E-03
  2.1200E+02  1.4231E-03
  2.1300E+02  1.4444E-03
  2.1400E+02  1.4659E-03
  2.1500E+02  1.4874E-03
  2.1600E+02  1.5091E-03
  2.1700E+02  1.5308E-03
  2.1800E+02  1.5527E-03
  2.1900E+02  1.5747E-03
  2.2000E+02  1.5968E-03
  2.2100E+02  1.6190E-03
  2.2200E+02  1.6414E-03
  2.2300E+02  1.6638E-03
  2.2400E+02  1.6864E-03
  2.2500E+02  1.7090E-03
  2.2600E+02  1.7322E-03
  2.2700E+02  1.7634E-03
  2.2800E+02  1.8028E-03
  2.2900E+02  1.8387E-03
  2.3000E+02  1.8746E-03
  2.3100E+02  1.9107E-03
  2.3200E+02  1.9468E-03
  2.3300E+02  1.9830E-03
  2.3400E+02  2.0192E-03
  2.3500E+02  2.0548E-03
  2.3600E+02  2.0898E-03
  2.3700E+02  2.1240E-03
  2.3800E+02  2.1577E-03
  2.3900E+02  2.1906E-03
  2.4000E+02  2.2229E-03
  2.4100E+02  2.2545E-03
  2.4200E+02  2.2854E-03
  2.4300E+02  2.3157E-03
  2.4400E+02  2.3454E-03
  2.4500E+02  2.3743E-03
  2.4600E+02  2.4026E-03
  2.4700E+02  2.4312E-03
  2.4800E+02  2.4642E-03
  2.4900E+02  2.4983E-03
  2.5000E+02  2.5336E-03
  2.5100E+02  2.5700E-03
  2.5200E+02  2.6075E-03
  2.5300E+02  2.6461E-03
  2.5400E+02  2.6859E-03
  2.5500E+02  2.7270E-03
  2.5600E+02  2.7692E-03
  2.5700E+02  2.8126E-03
  2.5800E+02  2.8571E-03
  2.5900E+02  2.9029E-03
  2.6000E+02  2.9499E-03
  2.6100E+02  2.9980E-03
  2.6200E+02  3.0474E-03
  2.6300E+02  3.0979E-03
  2.6400E+02  3.1493E-03
  2.6500E+02  3.2017E-03
  2.6600E+02  3.2551E-03
  2.6700E+02  3.3096E-03
  2.6800E+02  3.3650E-03
  2.6900E+02  3.4215E-03
  2.7000E+02  3.4827E-03
  2.7100E+02  3.5523E-03
  2.7200E+02  3.6306E-03
  2.7300E+02  3.7176E-03
  2.7400E+02  3.8001E-03
  2.7500E+02  3.8729E-03
  2.7600E+02  3.9371E-03
  2.7700E+02  3.9929E-03
  2.7800E+02  4.0402E-03
  2.7900E+02  4.0789E-03
  2.8000E+02  4.1358E-03
  2.8100E+02  4.2066E-03
  2.8200E+02  4.2780E-03
  2.8300E+02  4.3500E-03
  2.8400E+02  4.4226E-03
  2.8500E+02  4.4957E-03
  2.8600E+02  4.5694E-03
  2.8700E+02  4.6437E-03
  2.8800E+02  4.7186E-03
  2.8900E+02  4.7941E-03
  2.9000E+02  4.8696E-03
  2.9100E+02  4.9509E-03
  2.9200E+02  5.0403E-03
  2.9300E+02  5.1367E-03
  2.9400E+02  5.2350E-03
  2.9500E+02  5.3352E-03
  2.9600E+02  5.4374E-03
  2.9700E+02  5.5415E-03
  2.9800E+02  5.6515E-03
  2.9900E+02  5.7789E-03
  3.0000E+02  5.9159E-03
  3.0100E+02  6.0627E-03
  3.0200E+02  6.2192E-03
  3.0300E+02  6.3854E-03
  3.0400E+02  6.5607E-03
  3.0500E+02  6.7246E-03
  3.0600E+02  6.8670E-03
  3.0700E+02  6.9880E-03
  3.0800E+02  7.0903E-03
  3.0900E+02  7.2197E-03
  3.1000E+02  7.3714E-03
  3.1100E+02  7.5453E-03
  3.1200E+02  7.7315E-03
  3.1300E+02  7.9263E-03
  3.1400E+02  8.1307E-03
  3.1500E+02  8.3447E-03
  3.1600E+02  8.5684E-03
  3.1700E+02  8.8017E-03
  3.1800E+02  9.0449E-03
  3.1900E+02  9.2989E-03
  3.2000E+02  9.5668E-03
  3.2100E+02  9.8762E-03
  3.2200E+02  1.0238E-02
  3.2300E+02  1.0644E-02
  3.2400E+02  1.1095E-02
  3.2500E+02  1.1600E-02
  3.2600E+02  1.2154E-02
  3.2700E+02  1.2729E-02
  3.2800E+02  1.3326E-02
  3.2900E+02  1.3945E-02
  3.3000E+02  1.4585E-02
  3.3100E+02  1.5248E-02
  3.3200E+02  1.6483E-02
  3.3300E+02  1.8505E-02
  3.3400E+02  1.8541E-02
  3.3500E+02  1.8066E-02
  3.3600E+02  1.6490E-02
  3.3700E+02  1.5615E-02
  3.3800E+02  1.3241E-02
  3.3900E+02  1.2237E-02
  3.4000E+02  1.1510E-02
  3.4100E+02  1.1071E-02
  3.4200E+02  1.0679E-02
  3.4300E+02  1.0317E-02
  3.4400E+02  9.9856E-03
  3.4500E+02  9.6849E-03
  3.4600E+02  9.4148E-03
  3.4700E+02  9.1752E-03
  3.4800E+02  8.9662E-03
  3.4900E+02  8.7840E-03
  3.5000E+02  8.6365E-03
  3.5100E+02  8.6105E-03
  3.5200E+02  6.9168E-03
  3.5300E+02  6.0091E-03
  3.5400E+02  5.7549E-03
  3.5500E+02  5.5059E-03
  3.5600E+02  5.2621E-03
  3.5700E+02  5.0234E-03
  3.5800E+02  4.7900E-03
  3.5900E+02  4.5632E-03
  3.6000E+02  4.3358E-03
  3.6100E+02  4.0286E-03
  3.6200E+02  3.7497E-03
  3.6300E+02  3.4991E-03
  3.6400E+02  3.2767E-03
  3.6500E+02  3.0855E-03
  3.6600E+02  2.9282E-03
  3.6700E+02  2.8228E-03
  3.6800E+02  2.7463E-03
  3.6900E+02  2.6683E-03
  3.7000E+02  2.5888E-03
  3.7100E+02  2.5078E-03
  3.7200E+02  2.6808E-03
  3.7300E+02  2.8121E-03
  3.7400E+02  2.9487E-03
  3.7500E+02  3.0906E-03
  3.7600E+02  3.2379E-03
  3.7700E+02  3.3670E-03
  3.7800E+02  3.4536E-03
  3.7900E+02  3.5383E-03
  3.8000E+02  3.6211E-03
  3.8100E+02  3.7021E-03
  3.8200E+02  3.8316E-03
  3.8300E+02  4.1314E-03
  3.8400E+02  4.8552E-03
  3.8500E+02  5.6213E-03
  3.8600E+02  6.3945E-03
  3.8700E+02  7.1748E-03
  3.8800E+02  7.8904E-03
  3.8900E+02  8.6218E-03
  3.9000E+02  9.2546E-03
  3.9100E+02  9.7294E-03
  3.9200E+02  1.0810E-02
  3.9300E+02  9.5018E-03
  3.9400E+02  9.4919E-03
  3.9500E+02  9.5223E-03
  3.9600E+02  9.6131E-03
  3.9700E+02  9.7395E-03
  3.9800E+02  9.8030E-03
  3.9900E+02  9.8899E-03
  4.0000E+02  1.0000E-02
  4.0100E+02  1.0134E-02
  4.0200E+02  1.0289E-02
  4.0300E+02  1.0434E-02
  4.0400E+02  1.0567E-02
  4.0500E+02  1.0687E-02
  4.0600E+02  1.0794E-02
  4.0700E+02  1.0923E-02
  4.0800E+02  1.1038E-02
  4.0900E+02  1.1378E-02
  4.1000E+02  1.1658E-02
  4.1100E+02  1.1870E-02
  4.1200E+02  1.2087E-02
  4.1300E+02  1.2311E-02
  4.1400E+02  1.2620E-02
  4.1500E+02  1.3009E-02
  4.1600E+02  1.3478E-02
  4.1700E+02  1.3976E-02
  4.1800E+02  1.4347E-02
  4.1900E+02  1.5536E-02
  4.2000E+02  1.2589E-02
  4.2100E+02  1.2330E-02
  4.2200E+02  1.2192E-02
  4.2300E+02  1.2068E-02
  4.2400E+02  1.1938E-02
  4.2500E+02  1.1800E-02
  4.2600E+02  1.1656E-02
  4.2700E+02  1.1505E-02
  4.2800E+02  1.1347E-02
  4.2900E+02  1.1182E-02
  4.3000E+02  1.1010E-02
  4.3100E+02  1.0831E-02
  4.3200E+02  1.0645E-02
  4.3300E+02  1.0479E-02
  4.3400E+02  1.0263E-02
  4.3500E+02  9.9867E-03
  4.3600E+02  9.6502E-03
  4.3700E+02  9.4409E-03
  4.3800E+02  9.2821E-03
  4.3900E+02  9.1341E-03
  4.4000E+02  9.0116E-03
  4.4100E+02  8.9181E-03
  4.4200E+02  8.8549E-03
  4.4300E+02  8.8261E-03
  4.4400E+02  8.5993E-03
  4.4500E+02  8.5238E-03
  4.4600E+02  8.4481E-03
  4.4700E+02  8.3620E-03
  4.4800E+02  8.2184E-03
  4.4900E+02  8.0173E-03
  4.5000E+02  7.7586E-03
  4.5100E+02  7.6359E-03
  4.5200E+02  7.5291E-03
  4.5300E+02  7.4231E-03
  4.5400E+02  7.3178E-03
  4.5500E+02  7.2132E-03
  4.5600E+02  7.1094E-03
  4.5700E+02  7.0063E-03
  4.5800E+02  6.9040E-03
  4.5900E+02  6.8023E-03
  4.6000E+02  6.7015E-03
  4.6100E+02  6.6013E-03
  4.6200E+02  6.5020E-03
  4.6300E+02  6.4266E-03
  4.6400E+02  6.3930E-03
  4.6500E+02  6.4083E-03
  4.6600E+02  6.4862E-03
  4.6700E+02  6.6162E-03
  4.6800E+02  6.8332E-03
  4.6900E+02  6.9428E-03
  4.7000E+02  8.1149E-03
  4.7100E+02  6.4611E-03
  4.7200E+02  6.0146E-03
  4.7300E+02  5.8763E-03
  4.7400E+02  1.6121E-02
  4.7500E+02  4.6161E-02
  4.7600E+02  5.6141E-02
  4.7700E+02  7.3531E-02
  4.7800E+02  8.8888E-02
  4.7900E+02  8.3243E-02
  4.8000E+02  6.8435E-02
  4.8100E+02  6.7912E-02
  4.8200E+02  7.0054E-02
  4.8300E+02  7.0048E-02
  4.8400E+02  7.0030E-02
  4.8500E+02  6.8639E-02
  4.8600E+02  6.8309E-02
  4.8700E+02  6.8534E-02
  4.8800E+02  6.8388E-02
  4.8900E+02  6.9051E-02
  4.9000E+02  7.0161E-02
  4.9100E+02  7.0221E-02
  4.9200E+02  7.1381E-02
  4.9300E+02  7.3373E-02
  4.9400E+02  7.5391E-02
  4.9500E+02  7.7237E-02
  4.9600E+02  8.9125E-02
  4.9700E+02  8.1148E-02
  4.9800E+02  7.5093E-02
  4.9900E+02  6.8494E-02
  5.0000E+02  6.3372E-02
  5.0100E+02  4.2367E-02
  5.0200E+02  3.1023E-02
  5.0300E+02  2.7021E-02
  5.0400E+02  2.4397E-02
  5.0500E+02  2.2339E-02
  5.0600E+02  1.9319E-02
  5.0700E+02  1.5630E-02
  5.0800E+02  1.3611E-02
  5.0900E+02  1.2129E-02
  5.1000E+02  1.0896E-02
  5.1100E+02  9.8724E-03
  5.1200E+02  8.9779E-03
  5.1300E+02  8.4701E-03
  5.1400E+02  8.9166E-03
  5.1500E+02  6.6166E-03
  5.1600E+02  5.7047E-03
  5.1700E+02  4.6670E-03
  5.1800E+02  3.5035E-03
  5.1900E+02  2.6092E-03
  5.2000E+02  2.9719E-03
  5.2100E+02  5.9005E-04
  5.2200E+02  1.4544E-04
  5.2300E+02  0.0000E+00
