  0.0000E+00  0.0000E+00
  1.0000E+00  1.5564E-07
  2.0000E+00  6.2257E-07
  3.0000E+00  1.4008E-06
  4.0000E+00  2.4903E-06
  5.0000E+00  3.8911E-06
  6.0000E+00  5.6031E-06
  7.0000E+00  7.6265E-06
  8.0000E+00  9.9611E-06
  9.0000E+00  1.2607E-05
  1.0000E+01  1.5564E-05
  1.1000E+01  1.8833E-05
  1.2000E+01  2.2413E-05
  1.3000E+01  2.6304E-05
  1.4000E+01  3.0506E-05
  1.5000E+01  3.5020E-05
  1.6000E+01  3.9845E-05
  1.7000E+01  4.4981E-05
  1.8000E+01  5.0428E-05
  1.9000E+01  5.6187E-05
  2.0000E+01  6.2257E-05
  2.1000E+01  6.8639E-05
  2.2000E+01  7.5331E-05
  2.3000E+01  8.2335E-05
  2.4000E+01  8.9650E-05
  2.5000E+01  9.7277E-05
  2.6000E+01  1.0521E-04
  2.7000E+01  1.1346E-04
  2.8000E+01  1.2202E-04
  2.9000E+01  1.3090E-04
  3.0000E+01  1.4008E-04
  3.1000E+01  1.4957E-04
  3.2000E+01  1.5938E-04
  3.3000E+01  1.6950E-04
  3.4000E+01  1.7992E-04
  3.5000E+01  1.9066E-04
  3.6000E+01  2.0171E-04
  3.7000E+01  2.1308E-04
  3.8000E+01  2.2475E-04
  3.9000E+01  2.3673E-04
  4.0000E+01  2.4903E-04
  4.1000E+01  2.6164E-04
  4.2000E+01  2.7455E-04
  4.3000E+01  2.8778E-04
  4.4000E+01  3.0133E-04
  4.5000E+01  3.1518E-04
  4.6000E+01  3.2934E-04
  4.7000E+01  3.4382E-04
  4.8000E+01  3.5860E-04
  4.9000E+01  3.7370E-04
  5.0000E+01  3.8911E-04
  5.1000E+01  4.0483E-04
  5.2000E+01  4.2086E-04
  5.3000E+01  4.3720E-04
  5.4000E+01  4.5386E-04
  5.5000E+01  4.7082E-04
  5.6000E+01  4.8810E-04
  5.7000E+01  5.0568E-04
  5.8000E+01  5.2358E-04
  5.9000E+01  5.4179E-04
  6.0000E+01  5.6032E-04
  6.1000E+01  5.7915E-04
  6.2000E+01  6.7983E-04
  6.3000E+01  8.5830E-04
  6.4000E+01  1.0292E-03
  6.5000E+01  1.1927E-03
  6.6000E+01  1.3486E-03
  6.7000E+01  1.4970E-03
  6.8000E+01  1.6378E-03
  6.9000E+01  1.7712E-03
  7.0000E+01  1.8970E-03
  7.1000E+01  2.0153E-03
  7.2000E+01  2.1261E-03
  7.3000E+01  2.2293E-03
  7.4000E+01  2.3251E-03
  7.5000E+01  2.4133E-03
  7.6000E+01  2.4940E-03
  7.7000E+01  2.5672E-03
  7.8000E+01  2.6328E-03
  7.9000E+01  2.6910E-03
  8.0000E+01  2.7416E-03
  8.1000E+01  2.7927E-03
  8.2000E+01  2.8910E-03
  8.3000E+01  2.9912E-03
  8.4000E+01  3.0933E-03
  8.5000E+01  3.1973E-03
  8.6000E+01  3.3032E-03
  8.7000E+01  3.4109E-03
  8.8000E+01  3.5205E-03
  8.9000E+01  3.6320E-03
  9.0000E+01  3.7454E-03
  9.1000E+01  3.8759E-03
  9.2000E+01  4.0385E-03
  9.3000E+01  4.2228E-03
  9.4000E+01  4.4288E-03
  9.5000E+01  4.6566E-03
  9.6000E+01  4.9061E-03
  9.7000E+01  5.1773E-03
  9.8000E+01  5.4751E-03
  9.9000E+01  5.8034E-03
  1.0000E+02  6.1620E-03
  1.0100E+02  6.5511E-03
  1.0200E+02  6.9705E-03
  1.0300E+02  7.4203E-03
  1.0400E+02  7.9746E-03
  1.0500E+02  8.6932E-03
  1.0600E+02  9.4108E-03
  1.0700E+02  1.0128E-02
  1.0800E+02  1.0843E-02
  1.0900E+02  1.1539E-02
  1.1000E+02  1.2079E-02
  1.1100E+02  1.2637E-02
  1.1200E+02  1.3213E-02
  1.1300E+02  1.3807E-02
  1.1400E+02  1.4419E-02
  1.1500E+02  1.5199E-02
  1.1600E+02  1.6505E-02
  1.1700E+02  1.7441E-02
  1.1800E+02  1.8004E-02
  1.1900E+02  1.8455E-02
  1.2000E+02  1.9075E-02
  1.2100E+02  1.6247E-02
  1.2200E+02  1.6492E-02
  1.2300E+02  1.6733E-02
  1.2400E+02  1.6970E-02
  1.2500E+02  1.7204E-02
  1.2600E+02  1.7732E-02
  1.2700E+02  1.9310E-02
  1.2800E+02  2.0394E-02
  1.2900E+02  2.0985E-02
  1.3000E+02  2.0020E-02
  1.3100E+02  1.9588E-02
  1.3200E+02  1.9899E-02
  1.3300E+02  2.0290E-02
  1.3400E+02  2.0763E-02
  1.3500E+02  2.2020E-02
  1.3600E+02  2.5527E-02
  1.3700E+02  2.6171E-02
  1.3800E+02  2.6733E-02
  1.3900E+02  2.7286E-02
  1.4000E+02  2.7635E-02
  1.4100E+02  2.7781E-02
  1.4200E+02  2.7419E-02
  1.4300E+02  2.9098E-02
  1.4400E+02  2.8932E-02
  1.4500E+02  2.8532E-02
  1.4600E+02  2.8078E-02
  1.4700E+02  2.7571E-02
  1.4800E+02  2.7095E-02
  1.4900E+02  2.6731E-02
  1.5000E+02  2.6361E-02
  1.5100E+02  2.5984E-02
  1.5200E+02  2.5726E-02
  1.5300E+02  3.2849E-02
  1.5400E+02  2.9596E-02
  1.5500E+02  2.7070E-02
  1.5600E+02  2.4817E-02
  1.5700E+02  2.4594E-02
  1.5800E+02  2.4378E-02
  1.5900E+02  2.4172E-02
  1.6000E+02  2.3974E-02
  1.6100E+02  2.3784E-02
  1.6200E+02  2.3603E-02
  1.6300E+02  2.3430E-02
  1.6400E+02  2.3266E-02
  1.6500E+02  2.3110E-02
  1.6600E+02  2.3221E-02
  1.6700E+02  2.3804E-02
  1.6800E+02  2.4121E-02
  1.6900E+02  2.3883E-02
  1.7000E+02  2.4338E-02
  1.7100E+02  2.0742E-02
  1.7200E+02  1.8971E-02
  1.7300E+02  1.8190E-02
  1.7400E+02  1.7211E-02
  1.7500E+02  1.6034E-02
  1.7600E+02  1.4535E-02
  1.7700E+02  1.4562E-02
  1.7800E+02  1.4581E-02
  1.7900E+02  1.4592E-02
  1.8000E+02  1.4596E-02
  1.8100E+02  1.4592E-02
  1.8200E+02  1.4580E-02
  1.8300E+02  1.4561E-02
  1.8400E+02  1.4533E-02
  1.8500E+02  1.4499E-02
  1.8600E+02  1.4456E-02
  1.8700E+02  1.4406E-02
  1.8800E+02  1.4348E-02
  1.8900E+02  1.4282E-02
  1.9000E+02  1.4209E-02
  1.9100E+02  1.4775E-02
  1.9200E+02  1.4613E-02
  1.9300E+02  1.4382E-02
  1.9400E+02  1.4083E-02
  1.9500E+02  1.3715E-02
  1.9600E+02  1.3279E-02
  1.9700E+02  1.2774E-02
  1.9800E+02  1.2200E-02
  1.9900E+02  1.1563E-02
  2.0000E+02  1.0861E-02
  2.0100E+02  1.0090E-02
  2.0200E+02  9.2504E-03
  2.0300E+02  8.3419E-03
  2.0400E+02  7.5086E-03
  2.0500E+02  1.1761E-03
  2.0600E+02  1.1972E-03
  2.0700E+02  1.2183E-03
  2.0800E+02  1.2392E-03
  2.0900E+02  1.2601E-03
  2.1000E+02  1.2809E-03
  2.1100E+02  1.3016E-03
  2.1200E+02  1.3222E-03
  2.1300E+02  1.3427E-03
  2.1400E+02  1.3631E-03
  2.1500E+02  1.3835E-03
  2.1600E+02  1.4037E-03
  2.1700E+02  1.4239E-03
  2.1800E+02  1.4440E-03
  2.1900E+02  1.4640E-03
  2.2000E+02  1.4839E-03
  2.2100E+02  1.5037E-03
  2.2200E+02  1.5235E-03
  2.2300E+02  1.5431E-03
  2.2400E+02  1.5627E-03
  2.2500E+02  1.5822E-03
  2.2600E+02  1.6016E-03
  2.2700E+02  1.6209E-03
  2.2800E+02  1.6401E-03
  2.2900E+02  1.6593E-03
  2.3000E+02  1.6783E-03
  2.3100E+02  1.6973E-03
  2.3200E+02  1.7167E-03
  2.3300E+02  1.7434E-03
  2.3400E+02  1.7709E-03
  2.3500E+02  1.7991E-03
  2.3600E+02  1.8280E-03
  2.3700E+02  1.8577E-03
  2.3800E+02  1.8881E-03
  2.3900E+02  1.9192E-03
  2.4000E+02  1.9511E-03
  2.4100E+02  1.9837E-03
  2.4200E+02  2.0171E-03
  2.4300E+02  2.0512E-03
  2.4400E+02  2.0861E-03
  2.4500E+02  2.1216E-03
  2.4600E+02  2.1580E-03
  2.4700E+02  2.1950E-03
  2.4800E+02  2.2329E-03
  2.4900E+02  2.2714E-03
  2.5000E+02  2.3107E-03
  2.5100E+02  2.3507E-03
  2.5200E+02  2.3915E-03
  2.5300E+02  2.4330E-03
  2.5400E+02  2.4752E-03
  2.5500E+02  2.5182E-03
  2.5600E+02  2.5620E-03
  2.5700E+02  2.6064E-03
  2.5800E+02  2.6516E-03
  2.5900E+02  2.6976E-03
  2.6000E+02  2.7443E-03
  2.6100E+02  2.7917E-03
  2.6200E+02  2.8399E-03
  2.6300E+02  2.8888E-03
  2.6400E+02  2.9389E-03
  2.6500E+02  2.9912E-03
  2.6600E+02  3.0455E-03
  2.6700E+02  3.1019E-03
  2.6800E+02  3.1604E-03
  2.6900E+02  3.2210E-03
  2.7000E+02  3.2837E-03
  2.7100E+02  3.3484E-03
  2.7200E+02  3.4152E-03
  2.7300E+02  3.4841E-03
  2.7400E+02  3.5551E-03
  2.7500E+02  3.6282E-03
  2.7600E+02  3.7014E-03
  2.7700E+02  3.7709E-03
  2.7800E+02  3.8383E-03
  2.7900E+02  3.9038E-03
  2.8000E+02  3.9673E-03
  2.8100E+02  4.0287E-03
  2.8200E+02  4.0881E-03
  2.8300E+02  4.1455E-03
  2.8400E+02  4.2009E-03
  2.8500E+02  4.2543E-03
  2.8600E+02  4.3057E-03
  2.8700E+02  4.3575E-03
  2.8800E+02  4.4506E-03
  2.8900E+02  4.5462E-03
  2.9000E+02  4.6444E-03
  2.9100E+02  4.7450E-03
  2.9200E+02  4.8483E-03
  2.9300E+02  4.9540E-03
  2.9400E+02  5.0623E-03
  2.9500E+02  5.1731E-03
  2.9600E+02  5.2864E-03
  2.9700E+02  5.4023E-03
  2.9800E+02  5.5207E-03
  2.9900E+02  5.6416E-03
  3.0000E+02  5.7651E-03
  3.0100E+02  5.8911E-03
  3.0200E+02  6.0197E-03
  3.0300E+02  6.1507E-03
  3.0400E+02  6.2843E-03
  3.0500E+02  6.4205E-03
  3.0600E+02  6.5591E-03
  3.0700E+02  6.7003E-03
  3.0800E+02  6.8440E-03
  3.0900E+02  6.9903E-03
  3.1000E+02  7.1391E-03
  3.1100E+02  7.2904E-03
  3.1200E+02  7.4457E-03
  3.1300E+02  7.6922E-03
  3.1400E+02  8.0811E-03
  3.1500E+02  8.6124E-03
  3.1600E+02  9.3337E-03
  3.1700E+02  1.0064E-02
  3.1800E+02  1.0794E-02
  3.1900E+02  1.1524E-02
  3.2000E+02  1.2203E-02
  3.2100E+02  1.2780E-02
  3.2200E+02  1.3259E-02
  3.2300E+02  1.3638E-02
  3.2400E+02  1.2929E-02
  3.2500E+02  1.3078E-02
  3.2600E+02  1.3219E-02
  3.2700E+02  1.3351E-02
  3.2800E+02  1.3476E-02
  3.2900E+02  1.3592E-02
  3.3000E+02  1.3701E-02
  3.3100E+02  1.3802E-02
  3.3200E+02  1.3894E-02
  3.3300E+02  1.3979E-02
  3.3400E+02  1.4055E-02
  3.3500E+02  1.4124E-02
  3.3600E+02  1.4184E-02
  3.3700E+02  1.4237E-02
  3.3800E+02  1.4281E-02
  3.3900E+02  1.4318E-02
  3.4000E+02  1.4346E-02
  3.4100E+02  1.4371E-02
  3.4200E+02  1.4384E-02
  3.4300E+02  1.4364E-02
  3.4400E+02  1.4310E-02
  3.4500E+02  1.4223E-02
  3.4600E+02  1.4103E-02
  3.4700E+02  1.3950E-02
  3.4800E+02  1.3763E-02
  3.4900E+02  1.3543E-02
  3.5000E+02  1.3290E-02
  3.5100E+02  1.4087E-02
  3.5200E+02  7.0283E-03
  3.5300E+02  5.6322E-03
  3.5400E+02  5.2721E-03
  3.5500E+02  3.8712E-03
  3.5600E+02  3.4047E-03
  3.5700E+02  3.3174E-03
  3.5800E+02  3.2299E-03
  3.5900E+02  3.1424E-03
  3.6000E+02  3.0548E-03
  3.6100E+02  2.9671E-03
  3.6200E+02  2.8793E-03
  3.6300E+02  2.7914E-03
  3.6400E+02  2.7034E-03
  3.6500E+02  2.6153E-03
  3.6600E+02  2.5271E-03
  3.6700E+02  2.4388E-03
  3.6800E+02  2.3504E-03
  3.6900E+02  2.2619E-03
  3.7000E+02  2.1733E-03
  3.7100E+02  2.0846E-03
  3.7200E+02  1.9959E-03
  3.7300E+02  1.9070E-03
  3.7400E+02  1.8180E-03
  3.7500E+02  2.3967E-03
  3.7600E+02  2.5925E-03
  3.7700E+02  2.7862E-03
  3.7800E+02  2.9771E-03
  3.7900E+02  3.1717E-03
  3.8000E+02  3.3701E-03
  3.8100E+02  3.5722E-03
  3.8200E+02  3.7781E-03
  3.8300E+02  3.9877E-03
  3.8400E+02  4.2011E-03
  3.8500E+02  4.4182E-03
  3.8600E+02  4.6390E-03
  3.8700E+02  4.8636E-03
  3.8800E+02  5.0919E-03
  3.8900E+02  5.3239E-03
  3.9000E+02  5.5597E-03
  3.9100E+02  5.7993E-03
  3.9200E+02  6.0426E-03
  3.9300E+02  6.2896E-03
  3.9400E+02  6.5404E-03
  3.9500E+02  6.7949E-03
  3.9600E+02  7.0532E-03
  3.9700E+02  7.3196E-03
  3.9800E+02  7.6410E-03
  3.9900E+02  9.1330E-03
  4.0000E+02  1.0597E-02
  4.0100E+02  1.1735E-02
  4.0200E+02  1.2773E-02
  4.0300E+02  1.3711E-02
  4.0400E+02  1.4550E-02
  4.0500E+02  1.5289E-02
  4.0600E+02  1.5970E-02
  4.0700E+02  1.7013E-02
  4.0800E+02  1.8526E-02
  4.0900E+02  1.8329E-02
  4.1000E+02  1.6369E-02
  4.1100E+02  1.4581E-02
  4.1200E+02  1.2964E-02
  4.1300E+02  1.2230E-02
  4.1400E+02  1.2154E-02
  4.1500E+02  1.1816E-02
  4.1600E+02  1.1757E-02
  4.1700E+02  1.1695E-02
  4.1800E+02  1.1630E-02
  4.1900E+02  1.1563E-02
  4.2000E+02  1.1493E-02
  4.2100E+02  1.1420E-02
  4.2200E+02  1.1344E-02
  4.2300E+02  1.1265E-02
  4.2400E+02  1.1183E-02
  4.2500E+02  1.1099E-02
  4.2600E+02  1.1011E-02
  4.2700E+02  1.0921E-02
  4.2800E+02  1.0828E-02
  4.2900E+02  1.0732E-02
  4.3000E+02  1.0634E-02
  4.3100E+02  1.0532E-02
  4.3200E+02  1.0428E-02
  4.3300E+02  1.0321E-02
  4.3400E+02  1.0211E-02
  4.3500E+02  1.0098E-02
  4.3600E+02  9.9823E-03
  4.3700E+02  9.8638E-03
  4.3800E+02  9.7424E-03
  4.3900E+02  9.6182E-03
  4.4000E+02  9.5314E-03
  4.4100E+02  9.5207E-03
  4.4200E+02  9.4418E-03
  4.4300E+02  9.2946E-03
  4.4400E+02  9.0791E-03
  4.4500E+02  8.7953E-03
  4.4600E+02  8.5050E-03
  4.4700E+02  8.3594E-03
  4.4800E+02  8.2495E-03
  4.4900E+02  8.1943E-03
  4.5000E+02  8.5468E-03
  4.5100E+02  9.3960E-03
  4.5200E+02  9.3078E-03
  4.5300E+02  9.1314E-03
  4.5400E+02  8.9329E-03
  4.5500E+02  8.1388E-03
  4.5600E+02  6.9822E-03
  4.5700E+02  6.8662E-03
  4.5800E+02  6.7514E-03
  4.5900E+02  6.6376E-03
  4.6000E+02  6.5250E-03
  4.6100E+02  6.4134E-03
  4.6200E+02  6.3029E-03
  4.6300E+02  6.1935E-03
  4.6400E+02  6.0852E-03
  4.6500E+02  5.9780E-03
  4.6600E+02  5.8719E-03
  4.6700E+02  5.7668E-03
  4.6800E+02  5.6629E-03
  4.6900E+02  5.5600E-03
  4.7000E+02  5.4582E-03
  4.7100E+02  5.3575E-03
  4.7200E+02  5.2579E-03
  4.7300E+02  1.7148E-02
  4.7400E+02  2.5509E-02
  4.7500E+02  3.4989E-02
  4.7600E+02  7.5379E-02
  4.7700E+02  6.8807E-02
  4.7800E+02  6.4851E-02
  4.7900E+02  6.1849E-02
  4.8000E+02  5.9165E-02
  4.8100E+02  6.4402E-02
  4.8200E+02  6.3193E-02
  4.8300E+02  5.9257E-02
  4.8400E+02  6.1068E-02
  4.8500E+02  6.2707E-02
  4.8600E+02  6.4494E-02
  4.8700E+02  6.6658E-02
  4.8800E+02  7.1651E-02
  4.8900E+02  7.4229E-02
  4.9000E+02  7.6820E-02
  4.9100E+02  9.8148E-02
  4.9200E+02  8.8696E-02
  4.9300E+02  8.7353E-02
  4.9400E+02  8.3713E-02
  4.9500E+02  8.1843E-02
  4.9600E+02  7.9466E-02
  4.9700E+02  7.6711E-02
  4.9800E+02  7.8523E-02
  4.9900E+02  7.9591E-02
  5.0000E+02  6.0923E-02
  5.0100E+02  4.0710E-02
  5.0200E+02  3.4044E-02
  5.0300E+02  2.8354E-02
  5.0400E+02  2.4591E-02
  5.0500E+02  2.0236E-02
  5.0600E+02  1.6366E-02
  5.0700E+02  1.5137E-02
  5.0800E+02  1.4028E-02
  5.0900E+02  1.3334E-02
  5.1000E+02  1.2471E-02
  5.1100E+02  1.1441E-02
  5.1200E+02  1.0242E-02
  5.1300E+02  8.8762E-03
  5.1400E+02  7.3420E-03
  5.1500E+02  5.9534E-03
  5.1600E+02  6.6417E-03
  5.1700E+02  4.9587E-03
  5.1800E+02  1.8840E-03
  5.1900E+02  1.2041E-03
  5.2000E+02  6.7572E-04
  5.2100E+02  2.9891E-04
  5.2200E+02  7.3680E-05
  5.2300E+02  0.0000E+00
