  0.0000E+00  0.0000E+00
  1.0000E+00  1.3230E-07
  2.0000E+00  5.2922E-07
  3.0000E+00  1.1907E-06
  4.0000E+00  2.1169E-06
  5.0000E+00  3.3076E-06
  6.0000E+00  4.7630E-06
  7.0000E+00  6.4830E-06
  8.0000E+00  8.4675E-06
  9.0000E+00  1.0717E-05
  1.0000E+01  1.3231E-05
  1.1000E+01  1.6009E-05
  1.2000E+01  1.9052E-05
  1.3000E+01  2.2360E-05
  1.4000E+01  2.5932E-05
  1.5000E+01  2.9769E-05
  1.6000E+01  3.3870E-05
  1.7000E+01  3.8236E-05
  1.8000E+01  4.2867E-05
  1.9000E+01  4.7762E-05
  2.0000E+01  5.2922E-05
  2.1000E+01  5.8347E-05
  2.2000E+01  6.4036E-05
  2.3000E+01  6.9990E-05
  2.4000E+01  7.6208E-05
  2.5000E+01  8.2691E-05
  2.6000E+01  8.9439E-05
  2.7000E+01  9.6451E-05
  2.8000E+01  1.0373E-04
  2.9000E+01  1.1127E-04
  3.0000E+01  1.1907E-04
  3.1000E+01  1.2715E-04
  3.2000E+01  1.3548E-04
  3.3000E+01  1.4408E-04
  3.4000E+01  1.5295E-04
  3.5000E+01  1.6325E-04
  3.6000E+01  2.5211E-04
  3.7000E+01  3.3069E-04
  3.8000E+01  3.9901E-04
  3.9000E+01  4.5705E-04
  4.0000E+01  5.0483E-04
  4.1000E+01  5.4233E-04
  4.2000E+01  5.6957E-04
  4.3000E+01  5.8653E-04
  4.4000E+01  5.9323E-04
  4.5000E+01  5.8965E-04
  4.6000E+01  6.1045E-04
  4.7000E+01  6.4093E-04
  4.8000E+01  6.7193E-04
  4.9000E+01  7.0343E-04
  5.0000E+01  7.3546E-04
  5.1000E+01  7.6799E-04
  5.2000E+01  8.0104E-04
  5.3000E+01  8.3475E-04
  5.4000E+01  8.7013E-04
  5.5000E+01  9.0699E-04
  5.6000E+01  9.4532E-04
  5.7000E+01  9.8513E-04
  5.8000E+01  1.0264E-03
  5.9000E+01  1.0692E-03
  6.0000E+01  1.1134E-03
  6.1000E+01  1.1591E-03
  6.2000E+01  1.2063E-03
  6.3000E+01  1.2550E-03
  6.4000E+01  1.3051E-03
  6.5000E+01  1.3567E-03
  6.6000E+01  1.4205E-03
  6.7000E+01  1.5634E-03
  6.8000E+01  1.8412E-03
  6.9000E+01  1.9867E-03
  7.0000E+01  1.9951E-03
  7.1000E+01  1.9142E-03
  7.2000E+01  1.9898E-03
  7.3000E+01  2.0675E-03
  7.4000E+01  2.1473E-03
  7.5000E+01  2.2576E-03
  7.6000E+01  2.4166E-03
  7.7000E+01  2.5501E-03
  7.8000E+01  2.6536E-03
  7.9000E+01  2.7301E-03
  8.0000E+01  2.7821E-03
  8.1000E+01  2.8097E-03
  8.2000E+01  2.9028E-03
  8.3000E+01  3.0019E-03
  8.4000E+01  3.1041E-03
  8.5000E+01  3.2095E-03
  8.6000E+01  3.3182E-03
  8.7000E+01  3.4342E-03
  8.8000E+01  3.5595E-03
  8.9000E+01  3.7106E-03
  9.0000E+01  3.8894E-03
  9.1000E+01  4.0681E-03
  9.2000E+01  4.2594E-03
  9.3000E+01  4.4665E-03
  9.4000E+01  4.6895E-03
  9.5000E+01  4.9283E-03
  9.6000E+01  5.1829E-03
  9.7000E+01  5.5144E-03
  9.8000E+01  5.8464E-03
  9.9000E+01  6.2401E-03
  1.0000E+02  6.6853E-03
  1.0100E+02  7.1442E-03
  1.0200E+02  7.5968E-03
  1.0300E+02  8.0687E-03
  1.0400E+02  9.1687E-03
  1.0500E+02  1.0870E-02
  1.0600E+02  1.2413E-02
  1.0700E+02  1.3386E-02
  1.0800E+02  1.4208E-02
  1.0900E+02  1.5406E-02
  1.1000E+02  1.4613E-02
  1.1100E+02  1.4511E-02
  1.1200E+02  1.4906E-02
  1.1300E+02  1.5325E-02
  1.1400E+02  1.6016E-02
  1.1500E+02  1.6226E-02
  1.1600E+02  1.6583E-02
  1.1700E+02  1.6838E-02
  1.1800E+02  1.7090E-02
  1.1900E+02  1.7413E-02
  1.2000E+02  1.8266E-02
  1.2100E+02  1.9073E-02
  1.2200E+02  1.8449E-02
  1.2300E+02  1.7674E-02
  1.2400E+02  1.7328E-02
  1.2500E+02  1.7579E-02
  1.2600E+02  1.7819E-02
  1.2700E+02  1.8031E-02
  1.2800E+02  1.8228E-02
  1.2900E+02  1.8551E-02
  1.3000E+02  1.9248E-02
  1.3100E+02  1.9656E-02
  1.3200E+02  2.0039E-02
  1.3300E+02  2.0397E-02
  1.3400E+02  2.0854E-02
  1.3500E+02  2.1269E-02
  1.3600E+02  2.3676E-02
  1.3700E+02  2.7583E-02
  1.3800E+02  2.8316E-02
  1.3900E+02  2.6939E-02
  1.4000E+02  2.7243E-02
  1.4100E+02  2.7547E-02
  1.4200E+02  2.7948E-02
  1.4300E+02  2.8334E-02
  1.4400E+02  2.8705E-02
  1.4500E+02  2.9238E-02
  1.4600E+02  2.9760E-02
  1.4700E+02  3.0760E-02
  1.4800E+02  3.1186E-02
  1.4900E+02  2.7655E-02
  1.5000E+02  2.6284E-02
  1.5100E+02  2.5221E-02
  1.5200E+02  2.4166E-02
  1.5300E+02  2.2977E-02
  1.5400E+02  2.2101E-02
  1.5500E+02  2.1340E-02
  1.5600E+02  2.0716E-02
  1.5700E+02  2.0184E-02
  1.5800E+02  1.9568E-02
  1.5900E+02  1.9029E-02
  1.6000E+02  1.8654E-02
  1.6100E+02  1.8411E-02
  1.6200E+02  1.8200E-02
  1.6300E+02  1.7995E-02
  1.6400E+02  1.7789E-02
  1.6500E+02  1.7583E-02
  1.6600E+02  1.7377E-02
  1.6700E+02  1.7173E-02
  1.6800E+02  1.6981E-02
  1.6900E+02  1.6802E-02
  1.7000E+02  1.6636E-02
  1.7100E+02  1.6495E-02
  1.7200E+02  1.7637E-02
  1.7300E+02  1.8658E-02
  1.7400E+02  1.8839E-02
  1.7500E+02  1.8279E-02
  1.7600E+02  1.7377E-02
  1.7700E+02  1.6358E-02
  1.7800E+02  1.5637E-02
  1.7900E+02  1.5305E-02
  1.8000E+02  1.5246E-02
  1.8100E+02  1.5349E-02
  1.8200E+02  1.5310E-02
  1.8300E+02  1.5224E-02
  1.8400E+02  1.5122E-02
  1.8500E+02  1.5011E-02
  1.8600E+02  1.4894E-02
  1.8700E+02  1.4771E-02
  1.8800E+02  1.4628E-02
  1.8900E+02  1.4489E-02
  1.9000E+02  1.4359E-02
  1.9100E+02  1.4238E-02
  1.9200E+02  1.4080E-02
  1.9300E+02  1.4238E-02
  1.9400E+02  1.4874E-02
  1.9500E+02  1.6780E-02
  1.9600E+02  1.8770E-02
  1.9700E+02  1.9869E-02
  1.9800E+02  2.0369E-02
  1.9900E+02  1.8608E-02
  2.0000E+02  1.7167E-02
  2.0100E+02  1.5585E-02
  2.0200E+02  1.3861E-02
  2.0300E+02  1.2240E-02
  2.0400E+02  8.4063E-03
  2.0500E+02  6.9354E-03
  2.0600E+02  5.5408E-03
  2.0700E+02  4.2226E-03
  2.0800E+02  2.9807E-03
  2.0900E+02  1.2816E-03
  2.1000E+02  1.3035E-03
  2.1100E+02  1.3253E-03
  2.1200E+02  1.3467E-03
  2.1300E+02  1.3678E-03
  2.1400E+02  1.3886E-03
  2.1500E+02  1.4091E-03
  2.1600E+02  1.4292E-03
  2.1700E+02  1.4490E-03
  2.1800E+02  1.4684E-03
  2.1900E+02  1.4874E-03
  2.2000E+02  1.5059E-03
  2.2100E+02  1.5240E-03
  2.2200E+02  1.5416E-03
  2.2300E+02  1.5606E-03
  2.2400E+02  1.5824E-03
  2.2500E+02  1.6050E-03
  2.2600E+02  1.6284E-03
  2.2700E+02  1.6527E-03
  2.2800E+02  1.6778E-03
  2.2900E+02  1.7037E-03
  2.3000E+02  1.7304E-03
  2.3100E+02  1.7579E-03
  2.3200E+02  1.7862E-03
  2.3300E+02  1.8153E-03
  2.3400E+02  1.8449E-03
  2.3500E+02  1.8747E-03
  2.3600E+02  1.9049E-03
  2.3700E+02  1.9355E-03
  2.3800E+02  1.9666E-03
  2.3900E+02  1.9983E-03
  2.4000E+02  2.0307E-03
  2.4100E+02  2.0638E-03
  2.4200E+02  2.0977E-03
  2.4300E+02  2.1324E-03
  2.4400E+02  2.1678E-03
  2.4500E+02  2.2039E-03
  2.4600E+02  2.2412E-03
  2.4700E+02  2.2805E-03
  2.4800E+02  2.3220E-03
  2.4900E+02  2.3656E-03
  2.5000E+02  2.4059E-03
  2.5100E+02  2.4410E-03
  2.5200E+02  2.4729E-03
  2.5300E+02  2.5016E-03
  2.5400E+02  2.5271E-03
  2.5500E+02  2.5681E-03
  2.5600E+02  2.6100E-03
  2.5700E+02  2.6519E-03
  2.5800E+02  2.6938E-03
  2.5900E+02  2.7356E-03
  2.6000E+02  2.7777E-03
  2.6100E+02  2.8202E-03
  2.6200E+02  2.8632E-03
  2.6300E+02  2.9064E-03
  2.6400E+02  2.9504E-03
  2.6500E+02  2.9951E-03
  2.6600E+02  3.0406E-03
  2.6700E+02  3.0885E-03
  2.6800E+02  3.1424E-03
  2.6900E+02  3.1985E-03
  2.7000E+02  3.2567E-03
  2.7100E+02  3.3171E-03
  2.7200E+02  3.3797E-03
  2.7300E+02  3.4445E-03
  2.7400E+02  3.5143E-03
  2.7500E+02  3.5895E-03
  2.7600E+02  3.6650E-03
  2.7700E+02  3.7380E-03
  2.7800E+02  3.8085E-03
  2.7900E+02  3.8766E-03
  2.8000E+02  3.9421E-03
  2.8100E+02  4.0051E-03
  2.8200E+02  4.0657E-03
  2.8300E+02  4.1238E-03
  2.8400E+02  4.1789E-03
  2.8500E+02  4.2312E-03
  2.8600E+02  4.2925E-03
  2.8700E+02  4.3629E-03
  2.8800E+02  4.4422E-03
  2.8900E+02  4.5264E-03
  2.9000E+02  4.6197E-03
  2.9100E+02  4.7048E-03
  2.9200E+02  4.7922E-03
  2.9300E+02  4.8819E-03
  2.9400E+02  4.9739E-03
  2.9500E+02  5.0679E-03
  2.9600E+02  5.1640E-03
  2.9700E+02  5.2623E-03
  2.9800E+02  5.3628E-03
  2.9900E+02  5.4656E-03
  3.0000E+02  5.5691E-03
  3.0100E+02  5.6818E-03
  3.0200E+02  5.8323E-03
  3.0300E+02  5.9960E-03
  3.0400E+02  6.1406E-03
  3.0500E+02  6.2671E-03
  3.0600E+02  6.3754E-03
  3.0700E+02  6.4655E-03
  3.0800E+02  6.5863E-03
  3.0900E+02  6.7159E-03
  3.1000E+02  6.8481E-03
  3.1100E+02  6.9872E-03
  3.1200E+02  7.1408E-03
  3.1300E+02  7.3013E-03
  3.1400E+02  7.4703E-03
  3.1500E+02  7.6485E-03
  3.1600E+02  7.8358E-03
  3.1700E+02  8.0324E-03
  3.1800E+02  8.2380E-03
  3.1900E+02  8.4449E-03
  3.2000E+02  8.6539E-03
  3.2100E+02  8.9040E-03
  3.2200E+02  9.1806E-03
  3.2300E+02  9.4839E-03
  3.2400E+02  9.8137E-03
  3.2500E+02  1.0170E-02
  3.2600E+02  1.0553E-02
  3.2700E+02  1.1067E-02
  3.2800E+02  1.1834E-02
  3.2900E+02  1.2722E-02
  3.3000E+02  1.3808E-02
  3.3100E+02  1.4732E-02
  3.3200E+02  1.5489E-02
  3.3300E+02  1.5968E-02
  3.3400E+02  1.6174E-02
  3.3500E+02  1.6214E-02
  3.3600E+02  1.6136E-02
  3.3700E+02  1.5978E-02
  3.3800E+02  1.5740E-02
  3.3900E+02  1.5494E-02
  3.4000E+02  1.5174E-02
  3.4100E+02  1.4681E-02
  3.4200E+02  1.3890E-02
  3.4300E+02  1.3044E-02
  3.4400E+02  1.2436E-02
  3.4500E+02  1.1940E-02
  3.4600E+02  1.1476E-02
  3.4700E+02  1.0812E-02
  3.4800E+02  1.0317E-02
  3.4900E+02  9.9121E-03
  3.5000E+02  9.3513E-03
  3.5100E+02  8.6222E-03
  3.5200E+02  8.3863E-03
  3.5300E+02  7.4485E-03
  3.5400E+02  7.1229E-03
  3.5500E+02  6.8185E-03
  3.5600E+02  6.5353E-03
  3.5700E+02  6.2732E-03
  3.5800E+02  6.0322E-03
  3.5900E+02  5.7276E-03
  3.6000E+02  5.4184E-03
  3.6100E+02  5.1100E-03
  3.6200E+02  4.8025E-03
  3.6300E+02  4.4959E-03
  3.6400E+02  3.8889E-03
  3.6500E+02  3.6915E-03
  3.6600E+02  3.4980E-03
  3.6700E+02  3.3074E-03
  3.6800E+02  3.1198E-03
  3.6900E+02  2.4918E-03
  3.7000E+02  2.3692E-03
  3.7100E+02  2.2802E-03
  3.7200E+02  2.1957E-03
  3.7300E+02  3.6091E-03
  3.7400E+02  3.8126E-03
  3.7500E+02  4.0060E-03
  3.7600E+02  4.1898E-03
  3.7700E+02  4.3642E-03
  3.7800E+02  4.5226E-03
  3.7900E+02  4.6622E-03
  3.8000E+02  5.1316E-03
  3.8100E+02  5.6311E-03
  3.8200E+02  6.0973E-03
  3.8300E+02  6.5301E-03
  3.8400E+02  6.9566E-03
  3.8500E+02  7.4499E-03
  3.8600E+02  7.9748E-03
  3.8700E+02  8.3965E-03
  3.8800E+02  8.7599E-03
  3.8900E+02  9.0652E-03
  3.9000E+02  9.3123E-03
  3.9100E+02  9.5805E-03
  3.9200E+02  9.8923E-03
  3.9300E+02  1.0635E-02
  3.9400E+02  1.1277E-02
  3.9500E+02  1.1426E-02
  3.9600E+02  1.1126E-02
  3.9700E+02  9.8195E-03
  3.9800E+02  9.7733E-03
  3.9900E+02  9.7804E-03
  4.0000E+02  9.8299E-03
  4.0100E+02  9.8894E-03
  4.0200E+02  9.9565E-03
  4.0300E+02  1.0031E-02
  4.0400E+02  1.0114E-02
  4.0500E+02  1.0212E-02
  4.0600E+02  1.0301E-02
  4.0700E+02  1.0378E-02
  4.0800E+02  1.0443E-02
  4.0900E+02  1.0496E-02
  4.1000E+02  1.0539E-02
  4.1100E+02  1.0654E-02
  4.1200E+02  1.0882E-02
  4.1300E+02  1.1090E-02
  4.1400E+02  1.1236E-02
  4.1500E+02  1.1435E-02
  4.1600E+02  1.1682E-02
  4.1700E+02  1.1976E-02
  4.1800E+02  1.2177E-02
  4.1900E+02  1.2454E-02
  4.2000E+02  1.2757E-02
  4.2100E+02  1.1523E-02
  4.2200E+02  1.1449E-02
  4.2300E+02  1.1134E-02
  4.2400E+02  1.1006E-02
  4.2500E+02  1.0869E-02
  4.2600E+02  1.0726E-02
  4.2700E+02  1.0575E-02
  4.2800E+02  1.0416E-02
  4.2900E+02  1.0251E-02
  4.3000E+02  1.0078E-02
  4.3100E+02  9.9079E-03
  4.3200E+02  9.7048E-03
  4.3300E+02  9.4533E-03
  4.3400E+02  9.1536E-03
  4.3500E+02  8.9724E-03
  4.3600E+02  8.8154E-03
  4.3700E+02  8.6780E-03
  4.3800E+02  8.5566E-03
  4.3900E+02  8.4504E-03
  4.4000E+02  8.3593E-03
  4.4100E+02  8.2784E-03
  4.4200E+02  8.1788E-03
  4.4300E+02  8.1034E-03
  4.4400E+02  8.1254E-03
  4.4500E+02  8.1116E-03
  4.4600E+02  8.0630E-03
  4.4700E+02  7.9744E-03
  4.4800E+02  7.8351E-03
  4.4900E+02  7.6563E-03
  4.5000E+02  7.5236E-03
  4.5100E+02  7.4143E-03
  4.5200E+02  7.3061E-03
  4.5300E+02  7.1990E-03
  4.5400E+02  7.0930E-03
  4.5500E+02  6.9895E-03
  4.5600E+02  6.8900E-03
  4.5700E+02  6.7948E-03
  4.5800E+02  6.7036E-03
  4.5900E+02  6.6167E-03
  4.6000E+02  6.5320E-03
  4.6100E+02  6.4666E-03
  4.6200E+02  6.4248E-03
  4.6300E+02  6.4150E-03
  4.6400E+02  6.4521E-03
  4.6500E+02  6.8006E-03
  4.6600E+02  7.0964E-03
  4.6700E+02  6.9328E-03
  4.6800E+02  6.3307E-03
  4.6900E+02  6.3703E-03
  4.7000E+02  6.2460E-03
  4.7100E+02  6.1042E-03
  4.7200E+02  6.2638E-03
  4.7300E+02  2.8522E-02
  4.7400E+02  4.4510E-02
  4.7500E+02  5.8279E-02
  4.7600E+02  5.6704E-02
  4.7700E+02  7.8515E-02
  4.7800E+02  7.2688E-02
  4.7900E+02  5.9881E-02
  4.8000E+02  5.8731E-02
  4.8100E+02  5.8184E-02
  4.8200E+02  5.7747E-02
  4.8300E+02  5.9449E-02
  4.8400E+02  6.0511E-02
  4.8500E+02  6.1001E-02
  4.8600E+02  6.1326E-02
  4.8700E+02  6.1575E-02
  4.8800E+02  6.2495E-02
  4.8900E+02  6.2669E-02
  4.9000E+02  6.3623E-02
  4.9100E+02  6.5140E-02
  4.9200E+02  6.7305E-02
  4.9300E+02  6.9403E-02
  4.9400E+02  7.1054E-02
  4.9500E+02  7.3303E-02
  4.9600E+02  7.6659E-02
  4.9700E+02  8.2952E-02
  4.9800E+02  1.0117E-01
  4.9900E+02  1.1014E-01
  5.0000E+02  9.0410E-02
  5.0100E+02  3.6261E-02
  5.0200E+02  3.1085E-02
  5.0300E+02  2.6881E-02
  5.0400E+02  2.1501E-02
  5.0500E+02  1.9680E-02
  5.0600E+02  1.7934E-02
  5.0700E+02  1.6262E-02
  5.0800E+02  1.4793E-02
  5.0900E+02  1.3656E-02
  5.1000E+02  1.3083E-02
  5.1100E+02  1.2196E-02
  5.1200E+02  1.0990E-02
  5.1300E+02  1.0375E-02
  5.1400E+02  9.4109E-03
  5.1500E+02  8.4400E-03
  5.1600E+02  7.6070E-03
  5.1700E+02  7.2869E-03
  5.1800E+02  6.1232E-03
  5.1900E+02  5.4191E-03
  5.2000E+02  4.0780E-03
  5.2100E+02  2.7589E-03
  5.2200E+02  4.4196E-04
  5.2300E+02  0.0000E+00
