  0.0000E+00  0.0000E+00
  1.0000E+00  1.4482E-07
  2.0000E+00  5.7930E-07
  3.0000E+00  1.3034E-06
  4.0000E+00  2.3172E-06
  5.0000E+00  3.6207E-06
  6.0000E+00  5.2138E-06
  7.0000E+00  7.0965E-06
  8.0000E+00  9.2689E-06
  9.0000E+00  1.1731E-05
  1.0000E+01  1.4483E-05
  1.1000E+01  1.7524E-05
  1.2000E+01  2.0855E-05
  1.3000E+01  2.4476E-05
  1.4000E+01  2.8386E-05
  1.5000E+01  3.2586E-05
  1.6000E+01  3.7076E-05
  1.7000E+01  4.1855E-05
  1.8000E+01  4.6924E-05
  1.9000E+01  5.2283E-05
  2.0000E+01  5.7931E-05
  2.1000E+01  6.3869E-05
  2.2000E+01  7.0096E-05
  2.3000E+01  7.6614E-05
  2.4000E+01  8.3420E-05
  2.5000E+01  9.0517E-05
  2.6000E+01  9.7903E-05
  2.7000E+01  1.0558E-04
  2.8000E+01  1.1354E-04
  2.9000E+01  1.2180E-04
  3.0000E+01  1.3034E-04
  3.1000E+01  1.3918E-04
  3.2000E+01  1.4830E-04
  3.3000E+01  1.5772E-04
  3.4000E+01  1.6742E-04
  3.5000E+01  1.7741E-04
  3.6000E+01  1.8770E-04
  3.7000E+01  1.9827E-04
  3.8000E+01  2.0913E-04
  3.9000E+01  2.2028E-04
  4.0000E+01  2.3172E-04
  4.1000E+01  2.4345E-04
  4.2000E+01  2.5548E-04
  4.3000E+01  2.6779E-04
  4.4000E+01  2.8039E-04
  4.5000E+01  2.9328E-04
  4.6000E+01  3.0645E-04
  4.7000E+01  3.1992E-04
  4.8000E+01  3.3368E-04
  4.9000E+01  3.4773E-04
  5.0000E+01  3.6207E-04
  5.1000E+01  3.7670E-04
  5.2000E+01  3.9161E-04
  5.3000E+01  4.0682E-04
  5.4000E+01  4.2232E-04
  5.5000E+01  4.3810E-04
  5.6000E+01  4.5418E-04
  5.7000E+01  4.7054E-04
  5.8000E+01  4.8720E-04
  5.9000E+01  5.0414E-04
  6.0000E+01  5.2138E-04
  6.1000E+01  5.3890E-04
  6.2000E+01  5.5672E-04
  6.3000E+01  5.7482E-04
  6.4000E+01  5.9321E-04
  6.5000E+01  6.1190E-04
  6.6000E+01  6.3087E-04
  6.7000E+01  6.5013E-04
  6.8000E+01  6.6968E-04
  6.9000E+01  6.8952E-04
  7.0000E+01  7.0965E-04
  7.1000E+01  7.3007E-04
  7.2000E+01  7.5078E-04
  7.3000E+01  7.7178E-04
  7.4000E+01  7.9307E-04
  7.5000E+01  9.2587E-04
  7.6000E+01  1.1430E-03
  7.7000E+01  1.3565E-03
  7.8000E+01  1.5664E-03
  7.9000E+01  1.7729E-03
  8.0000E+01  1.9757E-03
  8.1000E+01  2.1750E-03
  8.2000E+01  2.3708E-03
  8.3000E+01  2.5630E-03
  8.4000E+01  2.7517E-03
  8.5000E+01  2.9368E-03
  8.6000E+01  3.1183E-03
  8.7000E+01  3.2963E-03
  8.8000E+01  3.4707E-03
  8.9000E+01  3.6416E-03
  9.0000E+01  3.8090E-03
  9.1000E+01  3.9727E-03
  9.2000E+01  4.1330E-03
  9.3000E+01  4.2896E-03
  9.4000E+01  4.4427E-03
  9.5000E+01  4.5923E-03
  9.6000E+01  4.7383E-03
  9.7000E+01  4.8808E-03
  9.8000E+01  5.0197E-03
  9.9000E+01  5.1718E-03
  1.0000E+02  5.3751E-03
  1.0100E+02  5.7068E-03
  1.0200E+02  6.1659E-03
  1.0300E+02  6.6587E-03
  1.0400E+02  7.1560E-03
  1.0500E+02  7.6580E-03
  1.0600E+02  8.1645E-03
  1.0700E+02  8.6756E-03
  1.0800E+02  9.1912E-03
  1.0900E+02  9.7115E-03
  1.1000E+02  1.0309E-02
  1.1100E+02  1.1048E-02
  1.1200E+02  1.1779E-02
  1.1300E+02  1.2502E-02
  1.1400E+02  1.3217E-02
  1.1500E+02  1.3923E-02
  1.1600E+02  1.4621E-02
  1.1700E+02  1.5310E-02
  1.1800E+02  1.5991E-02
  1.1900E+02  1.6664E-02
  1.2000E+02  1.7329E-02
  1.2100E+02  1.7985E-02
  1.2200E+02  1.8298E-02
  1.2300E+02  1.8717E-02
  1.2400E+02  1.9272E-02
  1.2500E+02  1.9965E-02
  1.2600E+02  2.5326E-02
  1.2700E+02  2.6225E-02
  1.2800E+02  2.2470E-02
  1.2900E+02  2.1567E-02
  1.3000E+02  2.1694E-02
  1.3100E+02  2.1797E-02
  1.3200E+02  2.1875E-02
  1.3300E+02  2.1928E-02
  1.3400E+02  2.2691E-02
  1.3500E+02  2.4506E-02
  1.3600E+02  2.5492E-02
  1.3700E+02  2.5359E-02
  1.3800E+02  2.5023E-02
  1.3900E+02  2.4767E-02
  1.4000E+02  2.4590E-02
  1.4100E+02  2.4491E-02
  1.4200E+02  2.4471E-02
  1.4300E+02  2.4493E-02
  1.4400E+02  2.4538E-02
  1.4500E+02  2.4606E-02
  1.4600E+02  2.5033E-02
  1.4700E+02  2.5899E-02
  1.4800E+02  2.6288E-02
  1.4900E+02  2.6198E-02
  1.5000E+02  2.5630E-02
  1.5100E+02  2.4584E-02
  1.5200E+02  2.3999E-02
  1.5300E+02  2.3763E-02
  1.5400E+02  2.3525E-02
  1.5500E+02  2.3283E-02
  1.5600E+02  2.3038E-02
  1.5700E+02  2.2790E-02
  1.5800E+02  2.2539E-02
  1.5900E+02  2.2285E-02
  1.6000E+02  2.2029E-02
  1.6100E+02  2.1759E-02
  1.6200E+02  2.1365E-02
  1.6300E+02  2.1631E-02
  1.6400E+02  2.1759E-02
  1.6500E+02  2.1702E-02
  1.6600E+02  2.1460E-02
  1.6700E+02  2.1034E-02
  1.6800E+02  2.0422E-02
  1.6900E+02  1.9627E-02
  1.7000E+02  1.9015E-02
  1.7100E+02  2.9326E-02
  1.7200E+02  2.6542E-02
  1.7300E+02  2.2289E-02
  1.7400E+02  2.2032E-02
  1.7500E+02  2.1810E-02
  1.7600E+02  2.1623E-02
  1.7700E+02  2.1471E-02
  1.7800E+02  2.1355E-02
  1.7900E+02  2.1274E-02
  1.8000E+02  2.1228E-02
  1.8100E+02  2.2847E-02
  1.8200E+02  2.6401E-02
  1.8300E+02  1.9916E-02
  1.8400E+02  1.9271E-02
  1.8500E+02  1.8627E-02
  1.8600E+02  1.7985E-02
  1.8700E+02  1.7342E-02
  1.8800E+02  1.6701E-02
  1.8900E+02  1.6060E-02
  1.9000E+02  1.5420E-02
  1.9100E+02  1.4781E-02
  1.9200E+02  1.4142E-02
  1.9300E+02  1.3504E-02
  1.9400E+02  1.2867E-02
  1.9500E+02  1.2231E-02
  1.9600E+02  1.1595E-02
  1.9700E+02  1.0960E-02
  1.9800E+02  1.0325E-02
  1.9900E+02  9.6919E-03
  2.0000E+02  9.0590E-03
  2.0100E+02  8.4269E-03
  2.0200E+02  7.7955E-03
  2.0300E+02  7.0339E-03
  2.0400E+02  6.1098E-03
  2.0500E+02  5.2703E-03
  2.0600E+02  4.5151E-03
  2.0700E+02  3.8445E-03
  2.0800E+02  3.2583E-03
  2.0900E+02  2.7566E-03
  2.1000E+02  2.3394E-03
  2.1100E+02  2.0067E-03
  2.1200E+02  1.7584E-03
  2.1300E+02  1.5946E-03
  2.1400E+02  1.5153E-03
  2.1500E+02  1.5161E-03
  2.1600E+02  1.5367E-03
  2.1700E+02  1.5574E-03
  2.1800E+02  1.5781E-03
  2.1900E+02  1.6007E-03
  2.2000E+02  1.6313E-03
  2.2100E+02  1.6618E-03
  2.2200E+02  1.6922E-03
  2.2300E+02  1.7225E-03
  2.2400E+02  1.7527E-03
  2.2500E+02  1.7828E-03
  2.2600E+02  1.8127E-03
  2.2700E+02  1.8426E-03
  2.2800E+02  1.8723E-03
  2.2900E+02  1.9020E-03
  2.3000E+02  1.9315E-03
  2.3100E+02  1.9609E-03
  2.3200E+02  1.9903E-03
  2.3300E+02  2.0195E-03
  2.3400E+02  2.0486E-03
  2.3500E+02  2.0776E-03
  2.3600E+02  2.1065E-03
  2.3700E+02  2.1353E-03
  2.3800E+02  2.1640E-03
  2.3900E+02  2.1926E-03
  2.4000E+02  2.2210E-03
  2.4100E+02  2.2494E-03
  2.4200E+02  2.2777E-03
  2.4300E+02  2.3058E-03
  2.4400E+02  2.3339E-03
  2.4500E+02  2.3618E-03
  2.4600E+02  2.3897E-03
  2.4700E+02  2.4174E-03
  2.4800E+02  2.4450E-03
  2.4900E+02  2.4725E-03
  2.5000E+02  2.4999E-03
  2.5100E+02  2.5272E-03
  2.5200E+02  2.5544E-03
  2.5300E+02  2.5815E-03
  2.5400E+02  2.6085E-03
  2.5500E+02  2.6451E-03
  2.5600E+02  2.6871E-03
  2.5700E+02  2.7305E-03
  2.5800E+02  2.7755E-03
  2.5900E+02  2.8219E-03
  2.6000E+02  2.8698E-03
  2.6100E+02  2.9191E-03
  2.6200E+02  2.9700E-03
  2.6300E+02  3.0224E-03
  2.6400E+02  3.0762E-03
  2.6500E+02  3.1315E-03
  2.6600E+02  3.1883E-03
  2.6700E+02  3.2466E-03
  2.6800E+02  3.3064E-03
  2.6900E+02  3.3676E-03
  2.7000E+02  3.4304E-03
  2.7100E+02  3.4946E-03
  2.7200E+02  3.5603E-03
  2.7300E+02  3.6275E-03
  2.7400E+02  3.6962E-03
  2.7500E+02  3.7664E-03
  2.7600E+02  3.8380E-03
  2.7700E+02  3.9111E-03
  2.7800E+02  3.9858E-03
  2.7900E+02  4.0619E-03
  2.8000E+02  4.1395E-03
  2.8100E+02  4.2185E-03
  2.8200E+02  4.2991E-03
  2.8300E+02  4.3811E-03
  2.8400E+02  4.4646E-03
  2.8500E+02  4.5496E-03
  2.8600E+02  4.6361E-03
  2.8700E+02  4.7241E-03
  2.8800E+02  4.8136E-03
  2.8900E+02  4.9045E-03
  2.9000E+02  4.9970E-03
  2.9100E+02  5.0909E-03
  2.9200E+02  5.1863E-03
  2.9300E+02  5.2832E-03
  2.9400E+02  5.3815E-03
  2.9500E+02  5.4814E-03
  2.9600E+02  5.5827E-03
  2.9700E+02  5.7124E-03
  2.9800E+02  5.9897E-03
  2.9900E+02  6.2743E-03
  3.0000E+02  6.5661E-03
  3.0100E+02  6.8649E-03
  3.0200E+02  7.1708E-03
  3.0300E+02  7.4837E-03
  3.0400E+02  7.8038E-03
  3.0500E+02  8.1309E-03
  3.0600E+02  8.4651E-03
  3.0700E+02  8.8063E-03
  3.0800E+02  9.1546E-03
  3.0900E+02  9.5100E-03
  3.1000E+02  9.8227E-03
  3.1100E+02  1.0086E-02
  3.1200E+02  1.0339E-02
  3.1300E+02  1.0582E-02
  3.1400E+02  1.0815E-02
  3.1500E+02  1.1037E-02
  3.1600E+02  1.1249E-02
  3.1700E+02  1.1451E-02
  3.1800E+02  1.1642E-02
  3.1900E+02  1.1823E-02
  3.2000E+02  1.1994E-02
  3.2100E+02  1.2154E-02
  3.2200E+02  1.2304E-02
  3.2300E+02  1.2444E-02
  3.2400E+02  1.2573E-02
  3.2500E+02  1.2693E-02
  3.2600E+02  1.2801E-02
  3.2700E+02  1.2900E-02
  3.2800E+02  1.2988E-02
  3.2900E+02  1.3066E-02
  3.3000E+02  1.3133E-02
  3.3100E+02  1.3917E-02
  3.3200E+02  1.4565E-02
  3.3300E+02  1.4745E-02
  3.3400E+02  1.4457E-02
  3.3500E+02  1.4088E-02
  3.3600E+02  1.3753E-02
  3.3700E+02  1.3401E-02
  3.3800E+02  1.3034E-02
  3.3900E+02  1.2650E-02
  3.4000E+02  1.2251E-02
  3.4100E+02  1.1835E-02
  3.4200E+02  1.1404E-02
  3.4300E+02  1.0956E-02
  3.4400E+02  1.0492E-02
  3.4500E+02  1.0012E-02
  3.4600E+02  9.5536E-03
  3.4700E+02  9.1474E-03
  3.4800E+02  8.7937E-03
  3.4900E+02  8.4923E-03
  3.5000E+02  8.1881E-03
  3.5100E+02  7.7520E-03
  3.5200E+02  7.3267E-03
  3.5300E+02  6.9122E-03
  3.5400E+02  6.5087E-03
  3.5500E+02  6.1160E-03
  3.5600E+02  5.7342E-03
  3.5700E+02  5.3632E-03
  3.5800E+02  5.0031E-03
  3.5900E+02  4.6539E-03
  3.6000E+02  4.3155E-03
  3.6100E+02  3.9881E-03
  3.6200E+02  3.6714E-03
  3.6300E+02  3.3657E-03
  3.6400E+02  3.0708E-03
  3.6500E+02  2.7868E-03
  3.6600E+02  2.5136E-03
  3.6700E+02  2.2514E-03
  3.6800E+02  2.0000E-03
  3.6900E+02  1.7594E-03
  3.7000E+02  1.5297E-03
  3.7100E+02  1.3109E-03
  3.7200E+02  1.1030E-03
  3.7300E+02  9.0590E-04
  3.7400E+02  7.9672E-04
  3.7500E+02  8.8042E-04
  3.7600E+02  1.0048E-03
  3.7700E+02  1.1680E-03
  3.7800E+02  1.3693E-03
  3.7900E+02  1.6087E-03
  3.8000E+02  1.8862E-03
  3.8100E+02  2.2018E-03
  3.8200E+02  2.5555E-03
  3.8300E+02  2.9473E-03
  3.8400E+02  3.3771E-03
  3.8500E+02  3.8451E-03
  3.8600E+02  4.3511E-03
  3.8700E+02  4.8953E-03
  3.8800E+02  5.4775E-03
  3.8900E+02  6.0819E-03
  3.9000E+02  6.5701E-03
  3.9100E+02  6.9102E-03
  3.9200E+02  7.1169E-03
  3.9300E+02  7.4370E-03
  3.9400E+02  7.7485E-03
  3.9500E+02  8.0513E-03
  3.9600E+02  8.3456E-03
  3.9700E+02  8.6313E-03
  3.9800E+02  8.9084E-03
  3.9900E+02  9.1769E-03
  4.0000E+02  9.4368E-03
  4.0100E+02  9.6881E-03
  4.0200E+02  9.9309E-03
  4.0300E+02  1.0165E-02
  4.0400E+02  1.0391E-02
  4.0500E+02  1.0608E-02
  4.0600E+02  1.0816E-02
  4.0700E+02  1.1016E-02
  4.0800E+02  1.1207E-02
  4.0900E+02  1.1389E-02
  4.1000E+02  1.1563E-02
  4.1100E+02  1.1729E-02
  4.1200E+02  1.1886E-02
  4.1300E+02  1.2034E-02
  4.1400E+02  1.2173E-02
  4.1500E+02  1.2304E-02
  4.1600E+02  1.2427E-02
  4.1700E+02  1.2541E-02
  4.1800E+02  1.2669E-02
  4.1900E+02  1.2831E-02
  4.2000E+02  1.3026E-02
  4.2100E+02  1.3254E-02
  4.2200E+02  1.3515E-02
  4.2300E+02  1.4018E-02
  4.2400E+02  1.8298E-02
  4.2500E+02  2.0519E-02
  4.2600E+02  2.1404E-02
  4.2700E+02  2.1168E-02
  4.2800E+02  2.0530E-02
  4.2900E+02  1.9488E-02
  4.3000E+02  1.8044E-02
  4.3100E+02  1.5079E-02
  4.3200E+02  1.0478E-02
  4.3300E+02  1.0024E-02
  4.3400E+02  9.8804E-03
  4.3500E+02  9.7378E-03
  4.3600E+02  9.5964E-03
  4.3700E+02  9.4563E-03
  4.3800E+02  9.3175E-03
  4.3900E+02  9.1801E-03
  4.4000E+02  9.0439E-03
  4.4100E+02  8.9090E-03
  4.4200E+02  8.7754E-03
  4.4300E+02  8.6432E-03
  4.4400E+02  8.5122E-03
  4.4500E+02  8.3825E-03
  4.4600E+02  8.2541E-03
  4.4700E+02  8.1271E-03
  4.4800E+02  8.0013E-03
  4.4900E+02  7.8768E-03
  4.5000E+02  7.7537E-03
  4.5100E+02  7.6318E-03
  4.5200E+02  7.5112E-03
  4.5300E+02  7.3919E-03
  4.5400E+02  7.2740E-03
  4.5500E+02  7.1573E-03
  4.5600E+02  7.0419E-03
  4.5700E+02  6.9279E-03
  4.5800E+02  6.8151E-03
  4.5900E+02  6.7036E-03
  4.6000E+02  6.5934E-03
  4.6100E+02  6.4846E-03
  4.6200E+02  6.3770E-03
  4.6300E+02  6.2707E-03
  4.6400E+02  6.1658E-03
  4.6500E+02  6.0621E-03
  4.6600E+02  5.9597E-03
  4.6700E+02  5.8586E-03
  4.6800E+02  5.7589E-03
  4.6900E+02  5.6604E-03
  4.7000E+02  5.5632E-03
  4.7100E+02  5.4674E-03
  4.7200E+02  6.1585E-03
  4.7300E+02  1.4492E-02
  4.7400E+02  1.2279E-02
  4.7500E+02  1.9217E-02
  4.7600E+02  3.2186E-02
  4.7700E+02  4.6795E-02
  4.7800E+02  6.1150E-02
  4.7900E+02  7.2827E-02
  4.8000E+02  7.3318E-02
  4.8100E+02  7.3624E-02
  4.8200E+02  7.5761E-02
  4.8300E+02  7.8732E-02
  4.8400E+02  8.2114E-02
  4.8500E+02  8.4652E-02
  4.8600E+02  8.7845E-02
  4.8700E+02  9.6633E-02
  4.8800E+02  9.6014E-02
  4.8900E+02  8.1570E-02
  4.9000E+02  7.8482E-02
  4.9100E+02  7.5676E-02
  4.9200E+02  7.3074E-02
  4.9300E+02  7.0675E-02
  4.9400E+02  6.8479E-02
  4.9500E+02  6.6486E-02
  4.9600E+02  6.4696E-02
  4.9700E+02  6.3209E-02
  4.9800E+02  7.2014E-02
  4.9900E+02  7.8243E-02
  5.0000E+02  6.7556E-02
  5.0100E+02  4.8046E-02
  5.0200E+02  3.5110E-02
  5.0300E+02  2.8742E-02
  5.0400E+02  2.4074E-02
  5.0500E+02  2.1039E-02
  5.0600E+02  1.8851E-02
  5.0700E+02  1.6763E-02
  5.0800E+02  1.4775E-02
  5.0900E+02  1.2888E-02
  5.1000E+02  1.1100E-02
  5.1100E+02  9.4710E-03
  5.1200E+02  9.4449E-03
  5.1300E+02  8.9207E-03
  5.1400E+02  4.9710E-03
  5.1500E+02  2.6825E-03
  5.1600E+02  2.0528E-03
  5.1700E+02  1.5072E-03
  5.1800E+02  1.0457E-03
  5.1900E+02  6.6828E-04
  5.2000E+02  3.7503E-04
  5.2100E+02  1.6590E-04
  5.2200E+02  4.0893E-05
  5.2300E+02  0.0000E+00
