  0.0000E+00  0.0000E+00
  1.0000E+00  8.9246E-08
  2.0000E+00  3.5699E-07
  3.0000E+00  8.0324E-07
  4.0000E+00  1.4280E-06
  5.0000E+00  2.2312E-06
  6.0000E+00  3.2130E-06
  7.0000E+00  4.3732E-06
  8.0000E+00  5.7120E-06
  9.0000E+00  7.2292E-06
  1.0000E+01  8.9250E-06
  1.1000E+01  1.0799E-05
  1.2000E+01  1.2852E-05
  1.3000E+01  1.5083E-05
  1.4000E+01  1.7493E-05
  1.5000E+01  2.0081E-05
  1.6000E+01  2.2848E-05
  1.7000E+01  2.5793E-05
  1.8000E+01  2.8917E-05
  1.9000E+01  3.2219E-05
  2.0000E+01  3.5700E-05
  2.1000E+01  3.9359E-05
  2.2000E+01  4.3197E-05
  2.3000E+01  4.7213E-05
  2.4000E+01  5.1408E-05
  2.5000E+01  5.5781E-05
  2.6000E+01  6.0333E-05
  2.7000E+01  6.5063E-05
  2.8000E+01  6.9972E-05
  2.9000E+01  7.5059E-05
  3.0000E+01  8.0325E-05
  3.1000E+01  8.5769E-05
  3.2000E+01  9.1392E-05
  3.3000E+01  9.7193E-05
  3.4000E+01  1.0317E-04
  3.5000E+01  1.0933E-04
  3.6000E+01  1.1567E-04
  3.7000E+01  1.2218E-04
  3.8000E+01  1.5157E-04
  3.9000E+01  2.0767E-04
  4.0000E+01  2.5895E-04
  4.1000E+01  3.0542E-04
  4.2000E+01  3.4708E-04
  4.3000E+01  3.8392E-04
  4.4000E+01  4.1595E-04
  4.5000E+01  4.4317E-04
  4.6000E+01  4.6557E-04
  4.7000E+01  4.8316E-04
  4.8000E+01  4.9594E-04
  4.9000E+01  5.0390E-04
  5.0000E+01  5.2315E-04
  5.1000E+01  5.4918E-04
  5.2000E+01  5.7574E-04
  5.3000E+01  6.0283E-04
  5.4000E+01  6.3046E-04
  5.5000E+01  6.5861E-04
  5.6000E+01  6.8730E-04
  5.7000E+01  7.1796E-04
  5.8000E+01  7.5022E-04
  5.9000E+01  7.8403E-04
  6.0000E+01  8.1940E-04
  6.1000E+01  8.5632E-04
  6.2000E+01  8.9480E-04
  6.3000E+01  9.3483E-04
  6.4000E+01  9.7641E-04
  6.5000E+01  1.0196E-03
  6.6000E+01  1.0643E-03
  6.7000E+01  1.1105E-03
  6.8000E+01  1.1710E-03
  6.9000E+01  1.2616E-03
  7.0000E+01  1.4649E-03
  7.1000E+01  1.6309E-03
  7.2000E+01  1.7800E-03
  7.3000E+01  1.8974E-03
  7.4000E+01  1.9133E-03
  7.5000E+01  1.8307E-03
  7.6000E+01  1.8933E-03
  7.7000E+01  1.9714E-03
  7.8000E+01  2.0519E-03
  7.9000E+01  2.1347E-03
  8.0000E+01  2.2204E-03
  8.1000E+01  2.3152E-03
  8.2000E+01  2.4150E-03
  8.3000E+01  2.5196E-03
  8.4000E+01  2.6293E-03
  8.5000E+01  2.7439E-03
  8.6000E+01  2.8636E-03
  8.7000E+01  2.9909E-03
  8.8000E+01  3.1269E-03
  8.9000E+01  3.2712E-03
  9.0000E+01  3.4239E-03
  9.1000E+01  3.5854E-03
  9.2000E+01  3.7580E-03
  9.3000E+01  3.9419E-03
  9.4000E+01  4.1368E-03
  9.5000E+01  4.5379E-03
  9.6000E+01  4.7018E-03
  9.7000E+01  4.9417E-03
  9.8000E+01  5.3388E-03
  9.9000E+01  5.7114E-03
  1.0000E+02  6.0551E-03
  1.0100E+02  6.4215E-03
  1.0200E+02  7.0661E-03
  1.0300E+02  7.8844E-03
  1.0400E+02  8.7256E-03
  1.0500E+02  9.5895E-03
  1.0600E+02  1.0932E-02
  1.0700E+02  1.1355E-02
  1.0800E+02  1.2385E-02
  1.0900E+02  1.4301E-02
  1.1000E+02  1.2278E-02
  1.1100E+02  1.2590E-02
  1.1200E+02  1.2908E-02
  1.1300E+02  1.3286E-02
  1.1400E+02  1.3684E-02
  1.1500E+02  1.4119E-02
  1.1600E+02  1.4551E-02
  1.1700E+02  1.5141E-02
  1.1800E+02  1.5725E-02
  1.1900E+02  1.6138E-02
  1.2000E+02  1.6866E-02
  1.2100E+02  1.9439E-02
  1.2200E+02  1.7220E-02
  1.2300E+02  1.7081E-02
  1.2400E+02  1.7210E-02
  1.2500E+02  1.7576E-02
  1.2600E+02  1.7973E-02
  1.2700E+02  1.8349E-02
  1.2800E+02  1.8713E-02
  1.2900E+02  1.9394E-02
  1.3000E+02  2.0042E-02
  1.3100E+02  2.0710E-02
  1.3200E+02  2.1460E-02
  1.3300E+02  2.2295E-02
  1.3400E+02  2.4544E-02
  1.3500E+02  2.8137E-02
  1.3600E+02  3.0750E-02
  1.3700E+02  3.0821E-02
  1.3800E+02  3.0736E-02
  1.3900E+02  3.1215E-02
  1.4000E+02  3.1883E-02
  1.4100E+02  3.2566E-02
  1.4200E+02  3.2672E-02
  1.4300E+02  3.2507E-02
  1.4400E+02  3.1857E-02
  1.4500E+02  3.1317E-02
  1.4600E+02  3.0593E-02
  1.4700E+02  3.0065E-02
  1.4800E+02  2.8268E-02
  1.4900E+02  2.4267E-02
  1.5000E+02  2.3059E-02
  1.5100E+02  2.1909E-02
  1.5200E+02  2.0751E-02
  1.5300E+02  2.0290E-02
  1.5400E+02  1.9857E-02
  1.5500E+02  1.9474E-02
  1.5600E+02  1.9114E-02
  1.5700E+02  1.8775E-02
  1.5800E+02  1.8485E-02
  1.5900E+02  1.8213E-02
  1.6000E+02  1.7955E-02
  1.6100E+02  1.7714E-02
  1.6200E+02  1.7481E-02
  1.6300E+02  1.7252E-02
  1.6400E+02  1.7022E-02
  1.6500E+02  1.6796E-02
  1.6600E+02  1.6603E-02
  1.6700E+02  1.6648E-02
  1.6800E+02  1.6917E-02
  1.6900E+02  1.7190E-02
  1.7000E+02  1.7409E-02
  1.7100E+02  1.6899E-02
  1.7200E+02  1.6340E-02
  1.7300E+02  1.5927E-02
  1.7400E+02  1.6997E-02
  1.7500E+02  1.5706E-02
  1.7600E+02  1.5071E-02
  1.7700E+02  1.4905E-02
  1.7800E+02  1.4855E-02
  1.7900E+02  1.4837E-02
  1.8000E+02  1.4908E-02
  1.8100E+02  1.4777E-02
  1.8200E+02  1.4628E-02
  1.8300E+02  1.4468E-02
  1.8400E+02  1.4299E-02
  1.8500E+02  1.4142E-02
  1.8600E+02  1.4032E-02
  1.8700E+02  1.3960E-02
  1.8800E+02  1.3816E-02
  1.8900E+02  1.3724E-02
  1.9000E+02  1.3647E-02
  1.9100E+02  1.3566E-02
  1.9200E+02  1.3540E-02
  1.9300E+02  1.3585E-02
  1.9400E+02  1.4241E-02
  1.9500E+02  1.4924E-02
  1.9600E+02  1.5721E-02
  1.9700E+02  1.6832E-02
  1.9800E+02  1.7297E-02
  1.9900E+02  1.7592E-02
  2.0000E+02  1.7590E-02
  2.0100E+02  1.7672E-02
  2.0200E+02  1.7665E-02
  2.0300E+02  1.7513E-02
  2.0400E+02  1.7157E-02
  2.0500E+02  1.5550E-02
  2.0600E+02  1.3447E-02
  2.0700E+02  1.1056E-02
  2.0800E+02  9.2370E-03
  2.0900E+02  7.9704E-03
  2.1000E+02  6.9364E-03
  2.1100E+02  5.6992E-03
  2.1200E+02  3.4066E-03
  2.1300E+02  1.4417E-03
  2.1400E+02  1.4638E-03
  2.1500E+02  1.4866E-03
  2.1600E+02  1.5100E-03
  2.1700E+02  1.5341E-03
  2.1800E+02  1.5586E-03
  2.1900E+02  1.5834E-03
  2.2000E+02  1.6085E-03
  2.2100E+02  1.6340E-03
  2.2200E+02  1.6599E-03
  2.2300E+02  1.6863E-03
  2.2400E+02  1.7134E-03
  2.2500E+02  1.7412E-03
  2.2600E+02  1.7697E-03
  2.2700E+02  1.7990E-03
  2.2800E+02  1.8289E-03
  2.2900E+02  1.8601E-03
  2.3000E+02  1.8928E-03
  2.3100E+02  1.9268E-03
  2.3200E+02  1.9622E-03
  2.3300E+02  1.9990E-03
  2.3400E+02  2.0308E-03
  2.3500E+02  2.0581E-03
  2.3600E+02  2.0820E-03
  2.3700E+02  2.1024E-03
  2.3800E+02  2.1301E-03
  2.3900E+02  2.1637E-03
  2.4000E+02  2.1970E-03
  2.4100E+02  2.2301E-03
  2.4200E+02  2.2630E-03
  2.4300E+02  2.2962E-03
  2.4400E+02  2.3296E-03
  2.4500E+02  2.3632E-03
  2.4600E+02  2.3970E-03
  2.4700E+02  2.4314E-03
  2.4800E+02  2.4663E-03
  2.4900E+02  2.5019E-03
  2.5000E+02  2.5410E-03
  2.5100E+02  2.5828E-03
  2.5200E+02  2.6256E-03
  2.5300E+02  2.6693E-03
  2.5400E+02  2.7140E-03
  2.5500E+02  2.7612E-03
  2.5600E+02  2.8108E-03
  2.5700E+02  2.8624E-03
  2.5800E+02  2.9161E-03
  2.5900E+02  2.9717E-03
  2.6000E+02  3.0293E-03
  2.6100E+02  3.0865E-03
  2.6200E+02  3.1410E-03
  2.6300E+02  3.1928E-03
  2.6400E+02  3.2419E-03
  2.6500E+02  3.2884E-03
  2.6600E+02  3.3321E-03
  2.6700E+02  3.3732E-03
  2.6800E+02  3.4142E-03
  2.6900E+02  3.4609E-03
  2.7000E+02  3.5137E-03
  2.7100E+02  3.5725E-03
  2.7200E+02  3.6359E-03
  2.7300E+02  3.6976E-03
  2.7400E+02  3.7585E-03
  2.7500E+02  3.8207E-03
  2.7600E+02  3.8840E-03
  2.7700E+02  3.9483E-03
  2.7800E+02  4.0139E-03
  2.7900E+02  4.0807E-03
  2.8000E+02  4.1487E-03
  2.8100E+02  4.2180E-03
  2.8200E+02  4.2879E-03
  2.8300E+02  4.3600E-03
  2.8400E+02  4.4393E-03
  2.8500E+02  4.5259E-03
  2.8600E+02  4.6199E-03
  2.8700E+02  4.7211E-03
  2.8800E+02  4.8253E-03
  2.8900E+02  4.9196E-03
  2.9000E+02  5.0055E-03
  2.9100E+02  5.0830E-03
  2.9200E+02  5.1521E-03
  2.9300E+02  5.2404E-03
  2.9400E+02  5.3296E-03
  2.9500E+02  5.4205E-03
  2.9600E+02  5.5200E-03
  2.9700E+02  5.6220E-03
  2.9800E+02  5.7259E-03
  2.9900E+02  5.8344E-03
  3.0000E+02  5.9437E-03
  3.0100E+02  6.0539E-03
  3.0200E+02  6.1649E-03
  3.0300E+02  6.2790E-03
  3.0400E+02  6.4038E-03
  3.0500E+02  6.5343E-03
  3.0600E+02  6.6706E-03
  3.0700E+02  6.8126E-03
  3.0800E+02  6.9602E-03
  3.0900E+02  7.1162E-03
  3.1000E+02  7.2847E-03
  3.1100E+02  7.4693E-03
  3.1200E+02  7.6710E-03
  3.1300E+02  7.8608E-03
  3.1400E+02  8.0559E-03
  3.1500E+02  8.2503E-03
  3.1600E+02  8.4692E-03
  3.1700E+02  8.6984E-03
  3.1800E+02  8.9379E-03
  3.1900E+02  9.1877E-03
  3.2000E+02  9.4470E-03
  3.2100E+02  9.7065E-03
  3.2200E+02  9.9971E-03
  3.2300E+02  1.0355E-02
  3.2400E+02  1.0768E-02
  3.2500E+02  1.1234E-02
  3.2600E+02  1.1747E-02
  3.2700E+02  1.2308E-02
  3.2800E+02  1.2915E-02
  3.2900E+02  1.3571E-02
  3.3000E+02  1.4273E-02
  3.3100E+02  1.5490E-02
  3.3200E+02  1.7409E-02
  3.3300E+02  1.9253E-02
  3.3400E+02  1.9153E-02
  3.3500E+02  1.6386E-02
  3.3600E+02  1.4714E-02
  3.3700E+02  1.3402E-02
  3.3800E+02  1.2619E-02
  3.3900E+02  1.1990E-02
  3.4000E+02  1.1423E-02
  3.4100E+02  1.0916E-02
  3.4200E+02  1.0470E-02
  3.4300E+02  1.0084E-02
  3.4400E+02  9.7391E-03
  3.4500E+02  9.4240E-03
  3.4600E+02  9.1324E-03
  3.4700E+02  8.8573E-03
  3.4800E+02  8.5598E-03
  3.4900E+02  8.2474E-03
  3.5000E+02  7.9211E-03
  3.5100E+02  7.4509E-03
  3.5200E+02  7.0882E-03
  3.5300E+02  6.7770E-03
  3.5400E+02  6.4737E-03
  3.5500E+02  6.1846E-03
  3.5600E+02  5.8986E-03
  3.5700E+02  5.7146E-03
  3.5800E+02  5.3314E-03
  3.5900E+02  4.9636E-03
  3.6000E+02  4.6113E-03
  3.6100E+02  4.2731E-03
  3.6200E+02  3.9514E-03
  3.6300E+02  3.6640E-03
  3.6400E+02  3.4708E-03
  3.6500E+02  3.3733E-03
  3.6600E+02  3.3037E-03
  3.6700E+02  3.2366E-03
  3.6800E+02  3.1878E-03
  3.6900E+02  3.1595E-03
  3.7000E+02  3.1552E-03
  3.7100E+02  3.1748E-03
  3.7200E+02  3.2185E-03
  3.7300E+02  3.2861E-03
  3.7400E+02  3.3770E-03
  3.7500E+02  3.4568E-03
  3.7600E+02  3.5099E-03
  3.7700E+02  3.5528E-03
  3.7800E+02  3.7165E-03
  3.7900E+02  3.9253E-03
  3.8000E+02  4.1792E-03
  3.8100E+02  4.5028E-03
  3.8200E+02  5.1762E-03
  3.8300E+02  5.9389E-03
  3.8400E+02  6.6088E-03
  3.8500E+02  6.9492E-03
  3.8600E+02  7.1802E-03
  3.8700E+02  7.5656E-03
  3.8800E+02  8.1291E-03
  3.8900E+02  8.6450E-03
  3.9000E+02  9.1098E-03
  3.9100E+02  9.3036E-03
  3.9200E+02  9.0887E-03
  3.9300E+02  9.2006E-03
  3.9400E+02  9.3617E-03
  3.9500E+02  9.5084E-03
  3.9600E+02  9.5725E-03
  3.9700E+02  9.6582E-03
  3.9800E+02  9.7862E-03
  3.9900E+02  9.8701E-03
  4.0000E+02  1.0058E-02
  4.0100E+02  1.0261E-02
  4.0200E+02  1.0458E-02
  4.0300E+02  1.0648E-02
  4.0400E+02  1.0831E-02
  4.0500E+02  1.1007E-02
  4.0600E+02  1.1230E-02
  4.0700E+02  1.1533E-02
  4.0800E+02  1.1696E-02
  4.0900E+02  1.1765E-02
  4.1000E+02  1.1720E-02
  4.1100E+02  1.2024E-02
  4.1200E+02  1.2315E-02
  4.1300E+02  1.1898E-02
  4.1400E+02  1.1739E-02
  4.1500E+02  1.1716E-02
  4.1600E+02  1.1732E-02
  4.1700E+02  1.1795E-02
  4.1800E+02  1.1929E-02
  4.1900E+02  1.1985E-02
  4.2000E+02  1.2011E-02
  4.2100E+02  1.2009E-02
  4.2200E+02  1.1977E-02
  4.2300E+02  1.1928E-02
  4.2400E+02  1.1970E-02
  4.2500E+02  1.2364E-02
  4.2600E+02  1.2299E-02
  4.2700E+02  1.2134E-02
  4.2800E+02  1.1830E-02
  4.2900E+02  1.1442E-02
  4.3000E+02  1.0484E-02
  4.3100E+02  1.0112E-02
  4.3200E+02  9.9567E-03
  4.3300E+02  9.8068E-03
  4.3400E+02  9.6556E-03
  4.3500E+02  9.5151E-03
  4.3600E+02  9.3056E-03
  4.3700E+02  9.1460E-03
  4.3800E+02  8.9906E-03
  4.3900E+02  8.8393E-03
  4.4000E+02  8.6920E-03
  4.4100E+02  8.5492E-03
  4.4200E+02  8.4129E-03
  4.4300E+02  8.2835E-03
  4.4400E+02  8.1609E-03
  4.4500E+02  8.0564E-03
  4.4600E+02  7.9803E-03
  4.4700E+02  7.9150E-03
  4.4800E+02  7.8581E-03
  4.4900E+02  7.8099E-03
  4.5000E+02  7.7746E-03
  4.5100E+02  7.8292E-03
  4.5200E+02  7.6608E-03
  4.5300E+02  7.6415E-03
  4.5400E+02  7.6301E-03
  4.5500E+02  7.6186E-03
  4.5600E+02  7.5572E-03
  4.5700E+02  7.4443E-03
  4.5800E+02  7.2798E-03
  4.5900E+02  7.1053E-03
  4.6000E+02  6.9978E-03
  4.6100E+02  6.8908E-03
  4.6200E+02  6.7843E-03
  4.6300E+02  6.6784E-03
  4.6400E+02  6.5729E-03
  4.6500E+02  6.4709E-03
  4.6600E+02  6.3825E-03
  4.6700E+02  6.3636E-03
  4.6800E+02  6.4170E-03
  4.6900E+02  6.5476E-03
  4.7000E+02  6.8009E-03
  4.7100E+02  6.5909E-03
  4.7200E+02  6.8699E-03
  4.7300E+02  8.2559E-03
  4.7400E+02  1.7730E-02
  4.7500E+02  3.5695E-02
  4.7600E+02  5.1485E-02
  4.7700E+02  6.7595E-02
  4.7800E+02  8.6822E-02
  4.7900E+02  8.9443E-02
  4.8000E+02  7.1947E-02
  4.8100E+02  7.1439E-02
  4.8200E+02  7.0070E-02
  4.8300E+02  7.1245E-02
  4.8400E+02  7.0165E-02
  4.8500E+02  6.7777E-02
  4.8600E+02  6.5987E-02
  4.8700E+02  6.5507E-02
  4.8800E+02  6.5613E-02
  4.8900E+02  6.6078E-02
  4.9000E+02  6.7857E-02
  4.9100E+02  6.6014E-02
  4.9200E+02  6.6364E-02
  4.9300E+02  6.6602E-02
  4.9400E+02  6.7333E-02
  4.9500E+02  6.8976E-02
  4.9600E+02  7.2150E-02
  4.9700E+02  7.5814E-02
  4.9800E+02  8.0614E-02
  4.9900E+02  8.4730E-02
  5.0000E+02  7.5835E-02
  5.0100E+02  4.9131E-02
  5.0200E+02  3.6064E-02
  5.0300E+02  2.9935E-02
  5.0400E+02  2.6666E-02
  5.0500E+02  2.3805E-02
  5.0600E+02  1.8605E-02
  5.0700E+02  1.6259E-02
  5.0800E+02  1.4616E-02
  5.0900E+02  1.3295E-02
  5.1000E+02  1.2179E-02
  5.1100E+02  1.1451E-02
  5.1200E+02  1.0143E-02
  5.1300E+02  8.9291E-03
  5.1400E+02  7.9472E-03
  5.1500E+02  7.0623E-03
  5.1600E+02  6.2691E-03
  5.1700E+02  7.7529E-03
  5.1800E+02  4.5587E-03
  5.1900E+02  4.0083E-03
  5.2000E+02  2.5997E-03
  5.2100E+02  1.8182E-03
  5.2200E+02  3.7358E-04
  5.2300E+02  0.0000E+00
