  0.0000E+00  0.0000E+00
  1.0000E+00  1.0602E-07
  2.0000E+00  4.2409E-07
  3.0000E+00  9.5420E-07
  4.0000E+00  1.6964E-06
  5.0000E+00  2.6506E-06
  6.0000E+00  3.8168E-06
  7.0000E+00  5.1951E-06
  8.0000E+00  6.7855E-06
  9.0000E+00  8.5879E-06
  1.0000E+01  1.0602E-05
  1.1000E+01  1.2829E-05
  1.2000E+01  1.5267E-05
  1.3000E+01  1.7918E-05
  1.4000E+01  2.0781E-05
  1.5000E+01  2.3855E-05
  1.6000E+01  2.7142E-05
  1.7000E+01  3.0641E-05
  1.8000E+01  3.4352E-05
  1.9000E+01  3.8274E-05
  2.0000E+01  4.2409E-05
  2.1000E+01  4.6756E-05
  2.2000E+01  5.1315E-05
  2.3000E+01  5.6086E-05
  2.4000E+01  6.1070E-05
  2.5000E+01  6.6265E-05
  2.6000E+01  7.1672E-05
  2.7000E+01  7.7291E-05
  2.8000E+01  8.3122E-05
  2.9000E+01  8.9166E-05
  3.0000E+01  9.5421E-05
  3.1000E+01  1.0189E-04
  3.2000E+01  1.0857E-04
  3.3000E+01  1.1546E-04
  3.4000E+01  1.2256E-04
  3.5000E+01  1.2988E-04
  3.6000E+01  1.3741E-04
  3.7000E+01  1.4515E-04
  3.8000E+01  1.5310E-04
  3.9000E+01  1.6126E-04
  4.0000E+01  1.6964E-04
  4.1000E+01  1.7823E-04
  4.2000E+01  1.8703E-04
  4.3000E+01  1.9604E-04
  4.4000E+01  2.0526E-04
  4.5000E+01  2.1470E-04
  4.6000E+01  2.2435E-04
  4.7000E+01  2.3421E-04
  4.8000E+01  2.4428E-04
  4.9000E+01  2.5456E-04
  5.0000E+01  2.6506E-04
  5.1000E+01  2.7577E-04
  5.2000E+01  2.8669E-04
  5.3000E+01  2.9782E-04
  5.4000E+01  3.0916E-04
  5.5000E+01  3.2072E-04
  5.6000E+01  4.0136E-04
  5.7000E+01  5.0478E-04
  5.8000E+01  6.0371E-04
  5.9000E+01  6.9812E-04
  6.0000E+01  7.8803E-04
  6.1000E+01  8.7344E-04
  6.2000E+01  9.5434E-04
  6.3000E+01  1.0307E-03
  6.4000E+01  1.1026E-03
  6.5000E+01  1.1700E-03
  6.6000E+01  1.2329E-03
  6.7000E+01  1.2913E-03
  6.8000E+01  1.3451E-03
  6.9000E+01  1.3945E-03
  7.0000E+01  1.4394E-03
  7.1000E+01  1.4797E-03
  7.2000E+01  1.5156E-03
  7.3000E+01  1.5546E-03
  7.4000E+01  1.6156E-03
  7.5000E+01  1.6780E-03
  7.6000E+01  1.7416E-03
  7.7000E+01  1.8065E-03
  7.8000E+01  1.8728E-03
  7.9000E+01  1.9404E-03
  8.0000E+01  2.0093E-03
  8.1000E+01  2.0795E-03
  8.2000E+01  2.1558E-03
  8.3000E+01  2.2509E-03
  8.4000E+01  2.3562E-03
  8.5000E+01  2.4717E-03
  8.6000E+01  2.5974E-03
  8.7000E+01  2.7333E-03
  8.8000E+01  2.8789E-03
  8.9000E+01  3.0330E-03
  9.0000E+01  3.1955E-03
  9.1000E+01  3.3664E-03
  9.2000E+01  3.5458E-03
  9.3000E+01  3.7336E-03
  9.4000E+01  3.9298E-03
  9.5000E+01  4.1345E-03
  9.6000E+01  4.3476E-03
  9.7000E+01  4.5692E-03
  9.8000E+01  4.7991E-03
  9.9000E+01  5.0268E-03
  1.0000E+02  5.2805E-03
  1.0100E+02  5.6325E-03
  1.0200E+02  6.1211E-03
  1.0300E+02  6.6908E-03
  1.0400E+02  7.4571E-03
  1.0500E+02  8.3010E-03
  1.0600E+02  9.0384E-03
  1.0700E+02  9.6693E-03
  1.0800E+02  1.0457E-02
  1.0900E+02  1.1138E-02
  1.1000E+02  1.1819E-02
  1.1100E+02  1.2724E-02
  1.1200E+02  1.3490E-02
  1.1300E+02  1.4002E-02
  1.1400E+02  1.4402E-02
  1.1500E+02  1.4965E-02
  1.1600E+02  1.6990E-02
  1.1700E+02  1.9886E-02
  1.1800E+02  1.5049E-02
  1.1900E+02  1.5381E-02
  1.2000E+02  1.5709E-02
  1.2100E+02  1.6035E-02
  1.2200E+02  1.6357E-02
  1.2300E+02  1.6675E-02
  1.2400E+02  1.7018E-02
  1.2500E+02  1.7601E-02
  1.2600E+02  1.8167E-02
  1.2700E+02  1.8718E-02
  1.2800E+02  1.9210E-02
  1.2900E+02  1.9604E-02
  1.3000E+02  2.0030E-02
  1.3100E+02  2.0493E-02
  1.3200E+02  2.1568E-02
  1.3300E+02  2.2807E-02
  1.3400E+02  2.3925E-02
  1.3500E+02  2.8401E-02
  1.3600E+02  3.0660E-02
  1.3700E+02  3.1375E-02
  1.3800E+02  3.2034E-02
  1.3900E+02  3.2333E-02
  1.4000E+02  3.2191E-02
  1.4100E+02  3.1612E-02
  1.4200E+02  3.2418E-02
  1.4300E+02  2.8787E-02
  1.4400E+02  2.8545E-02
  1.4500E+02  2.8246E-02
  1.4600E+02  2.7891E-02
  1.4700E+02  2.7480E-02
  1.4800E+02  2.7012E-02
  1.4900E+02  2.6571E-02
  1.5000E+02  2.6246E-02
  1.5100E+02  2.5914E-02
  1.5200E+02  2.5574E-02
  1.5300E+02  2.5226E-02
  1.5400E+02  2.4874E-02
  1.5500E+02  2.4522E-02
  1.5600E+02  2.4172E-02
  1.5700E+02  2.3820E-02
  1.5800E+02  2.4429E-02
  1.5900E+02  2.5721E-02
  1.6000E+02  2.6334E-02
  1.6100E+02  2.4091E-02
  1.6200E+02  2.3690E-02
  1.6300E+02  1.7360E-02
  1.6400E+02  1.6341E-02
  1.6500E+02  1.6161E-02
  1.6600E+02  1.5992E-02
  1.6700E+02  1.5836E-02
  1.6800E+02  1.5692E-02
  1.6900E+02  1.5561E-02
  1.7000E+02  1.5445E-02
  1.7100E+02  1.5325E-02
  1.7200E+02  1.5195E-02
  1.7300E+02  1.5055E-02
  1.7400E+02  1.4905E-02
  1.7500E+02  1.4745E-02
  1.7600E+02  1.4574E-02
  1.7700E+02  1.4394E-02
  1.7800E+02  1.4203E-02
  1.7900E+02  1.4195E-02
  1.8000E+02  1.4159E-02
  1.8100E+02  1.4117E-02
  1.8200E+02  1.4069E-02
  1.8300E+02  1.4014E-02
  1.8400E+02  1.3957E-02
  1.8500E+02  1.3897E-02
  1.8600E+02  1.3836E-02
  1.8700E+02  1.3775E-02
  1.8800E+02  1.3616E-02
  1.8900E+02  1.3715E-02
  1.9000E+02  1.3810E-02
  1.9100E+02  1.3900E-02
  1.9200E+02  1.3986E-02
  1.9300E+02  1.4068E-02
  1.9400E+02  1.4267E-02
  1.9500E+02  1.5060E-02
  1.9600E+02  1.6699E-02
  1.9700E+02  1.7652E-02
  1.9800E+02  1.8836E-02
  1.9900E+02  2.0243E-02
  2.0000E+02  2.9060E-02
  2.0100E+02  2.0885E-02
  2.0200E+02  1.8211E-02
  2.0300E+02  1.5597E-02
  2.0400E+02  1.3044E-02
  2.0500E+02  1.0550E-02
  2.0600E+02  8.1166E-03
  2.0700E+02  5.7435E-03
  2.0800E+02  3.9900E-03
  2.0900E+02  3.2699E-03
  2.1000E+02  2.6702E-03
  2.1100E+02  2.1910E-03
  2.1200E+02  1.8324E-03
  2.1300E+02  1.5945E-03
  2.1400E+02  1.4772E-03
  2.1500E+02  1.4746E-03
  2.1600E+02  1.5004E-03
  2.1700E+02  1.5268E-03
  2.1800E+02  1.5539E-03
  2.1900E+02  1.5815E-03
  2.2000E+02  1.6098E-03
  2.2100E+02  1.6386E-03
  2.2200E+02  1.6681E-03
  2.2300E+02  1.6980E-03
  2.2400E+02  1.7284E-03
  2.2500E+02  1.7593E-03
  2.2600E+02  1.7907E-03
  2.2700E+02  1.8226E-03
  2.2800E+02  1.8550E-03
  2.2900E+02  1.8879E-03
  2.3000E+02  1.9189E-03
  2.3100E+02  1.9456E-03
  2.3200E+02  1.9689E-03
  2.3300E+02  1.9888E-03
  2.3400E+02  2.0052E-03
  2.3500E+02  2.0181E-03
  2.3600E+02  2.0276E-03
  2.3700E+02  2.0608E-03
  2.3800E+02  2.0953E-03
  2.3900E+02  2.1302E-03
  2.4000E+02  2.1654E-03
  2.4100E+02  2.2010E-03
  2.4200E+02  2.2369E-03
  2.4300E+02  2.2731E-03
  2.4400E+02  2.3097E-03
  2.4500E+02  2.3466E-03
  2.4600E+02  2.3838E-03
  2.4700E+02  2.4214E-03
  2.4800E+02  2.4593E-03
  2.4900E+02  2.4976E-03
  2.5000E+02  2.5362E-03
  2.5100E+02  2.5751E-03
  2.5200E+02  2.6144E-03
  2.5300E+02  2.6540E-03
  2.5400E+02  2.6939E-03
  2.5500E+02  2.7342E-03
  2.5600E+02  2.7749E-03
  2.5700E+02  2.8158E-03
  2.5800E+02  2.8571E-03
  2.5900E+02  2.8988E-03
  2.6000E+02  2.9408E-03
  2.6100E+02  2.9831E-03
  2.6200E+02  3.0257E-03
  2.6300E+02  3.0691E-03
  2.6400E+02  3.1271E-03
  2.6500E+02  3.2060E-03
  2.6600E+02  3.3060E-03
  2.6700E+02  3.4004E-03
  2.6800E+02  3.4694E-03
  2.6900E+02  3.5372E-03
  2.7000E+02  3.6038E-03
  2.7100E+02  3.6691E-03
  2.7200E+02  3.7331E-03
  2.7300E+02  3.7959E-03
  2.7400E+02  3.8575E-03
  2.7500E+02  3.9178E-03
  2.7600E+02  3.9768E-03
  2.7700E+02  4.0347E-03
  2.7800E+02  4.0912E-03
  2.7900E+02  4.1466E-03
  2.8000E+02  4.2007E-03
  2.8100E+02  4.2617E-03
  2.8200E+02  4.3268E-03
  2.8300E+02  4.3944E-03
  2.8400E+02  4.4644E-03
  2.8500E+02  4.5368E-03
  2.8600E+02  4.6118E-03
  2.8700E+02  4.6891E-03
  2.8800E+02  4.7690E-03
  2.8900E+02  4.8513E-03
  2.9000E+02  4.9360E-03
  2.9100E+02  5.0233E-03
  2.9200E+02  5.1129E-03
  2.9300E+02  5.2051E-03
  2.9400E+02  5.2997E-03
  2.9500E+02  5.3967E-03
  2.9600E+02  5.4962E-03
  2.9700E+02  5.5982E-03
  2.9800E+02  5.7029E-03
  2.9900E+02  5.8107E-03
  3.0000E+02  5.9215E-03
  3.0100E+02  6.0362E-03
  3.0200E+02  6.1555E-03
  3.0300E+02  6.2794E-03
  3.0400E+02  6.4081E-03
  3.0500E+02  6.5459E-03
  3.0600E+02  6.6951E-03
  3.0700E+02  6.8591E-03
  3.0800E+02  7.0735E-03
  3.0900E+02  7.3454E-03
  3.1000E+02  7.6304E-03
  3.1100E+02  7.8978E-03
  3.1200E+02  8.1477E-03
  3.1300E+02  8.3799E-03
  3.1400E+02  8.5946E-03
  3.1500E+02  8.8631E-03
  3.1600E+02  9.1837E-03
  3.1700E+02  9.5243E-03
  3.1800E+02  9.8848E-03
  3.1900E+02  1.0265E-02
  3.2000E+02  1.0666E-02
  3.2100E+02  1.1086E-02
  3.2200E+02  1.1526E-02
  3.2300E+02  1.1987E-02
  3.2400E+02  1.2467E-02
  3.2500E+02  1.3175E-02
  3.2600E+02  1.4425E-02
  3.2700E+02  1.8621E-02
  3.2800E+02  1.4930E-02
  3.2900E+02  1.4748E-02
  3.3000E+02  1.4641E-02
  3.3100E+02  1.4612E-02
  3.3200E+02  1.4658E-02
  3.3300E+02  1.4782E-02
  3.3400E+02  1.4972E-02
  3.3500E+02  1.4986E-02
  3.3600E+02  1.4717E-02
  3.3700E+02  1.4216E-02
  3.3800E+02  1.3825E-02
  3.3900E+02  1.3425E-02
  3.4000E+02  1.3017E-02
  3.4100E+02  1.2601E-02
  3.4200E+02  1.2177E-02
  3.4300E+02  1.0835E-02
  3.4400E+02  1.0064E-02
  3.4500E+02  9.5241E-03
  3.4600E+02  9.0994E-03
  3.4700E+02  8.6929E-03
  3.4800E+02  8.3047E-03
  3.4900E+02  7.9348E-03
  3.5000E+02  7.5832E-03
  3.5100E+02  7.2499E-03
  3.5200E+02  6.9349E-03
  3.5300E+02  6.6382E-03
  3.5400E+02  6.3598E-03
  3.5500E+02  6.0919E-03
  3.5600E+02  5.7121E-03
  3.5700E+02  5.3395E-03
  3.5800E+02  4.9942E-03
  3.5900E+02  4.6762E-03
  3.6000E+02  4.3855E-03
  3.6100E+02  4.1221E-03
  3.6200E+02  3.8909E-03
  3.6300E+02  3.7174E-03
  3.6400E+02  3.5444E-03
  3.6500E+02  3.3717E-03
  3.6600E+02  3.0853E-03
  3.6700E+02  2.7413E-03
  3.6800E+02  2.3591E-03
  3.6900E+02  1.9389E-03
  3.7000E+02  1.7823E-03
  3.7100E+02  1.7328E-03
  3.7200E+02  1.6826E-03
  3.7300E+02  1.6317E-03
  3.7400E+02  1.5802E-03
  3.7500E+02  1.5281E-03
  3.7600E+02  1.4753E-03
  3.7700E+02  1.6572E-03
  3.7800E+02  2.5829E-03
  3.7900E+02  3.3212E-03
  3.8000E+02  3.8721E-03
  3.8100E+02  4.5743E-03
  3.8200E+02  4.9226E-03
  3.8300E+02  5.2489E-03
  3.8400E+02  5.5531E-03
  3.8500E+02  5.8353E-03
  3.8600E+02  6.0955E-03
  3.8700E+02  6.3334E-03
  3.8800E+02  6.5426E-03
  3.8900E+02  6.7469E-03
  3.9000E+02  7.0757E-03
  3.9100E+02  7.5590E-03
  3.9200E+02  7.9174E-03
  3.9300E+02  8.2740E-03
  3.9400E+02  8.6073E-03
  3.9500E+02  8.9173E-03
  3.9600E+02  9.2039E-03
  3.9700E+02  9.4673E-03
  3.9800E+02  9.7074E-03
  3.9900E+02  9.9241E-03
  4.0000E+02  1.0118E-02
  4.0100E+02  1.0288E-02
  4.0200E+02  1.0435E-02
  4.0300E+02  1.0595E-02
  4.0400E+02  1.0872E-02
  4.0500E+02  1.1339E-02
  4.0600E+02  1.1576E-02
  4.0700E+02  1.1819E-02
  4.0800E+02  1.2093E-02
  4.0900E+02  1.2457E-02
  4.1000E+02  1.2882E-02
  4.1100E+02  1.3364E-02
  4.1200E+02  1.3905E-02
  4.1300E+02  1.4505E-02
  4.1400E+02  1.5139E-02
  4.1500E+02  1.6786E-02
  4.1600E+02  1.3387E-02
  4.1700E+02  1.2750E-02
  4.1800E+02  1.2427E-02
  4.1900E+02  1.2355E-02
  4.2000E+02  1.2162E-02
  4.2100E+02  1.2070E-02
  4.2200E+02  1.1973E-02
  4.2300E+02  1.1871E-02
  4.2400E+02  1.1765E-02
  4.2500E+02  1.1654E-02
  4.2600E+02  1.1538E-02
  4.2700E+02  1.1418E-02
  4.2800E+02  1.1293E-02
  4.2900E+02  1.1163E-02
  4.3000E+02  1.1029E-02
  4.3100E+02  1.0890E-02
  4.3200E+02  1.0747E-02
  4.3300E+02  1.0599E-02
  4.3400E+02  1.0446E-02
  4.3500E+02  1.0288E-02
  4.3600E+02  1.0187E-02
  4.3700E+02  1.0058E-02
  4.3800E+02  9.8405E-03
  4.3900E+02  9.5362E-03
  4.4000E+02  9.2202E-03
  4.4100E+02  9.0783E-03
  4.4200E+02  8.9756E-03
  4.4300E+02  8.8899E-03
  4.4400E+02  8.8469E-03
  4.4500E+02  8.8791E-03
  4.4600E+02  8.9952E-03
  4.4700E+02  8.9778E-03
  4.4800E+02  8.6922E-03
  4.4900E+02  8.6215E-03
  4.5000E+02  8.3976E-03
  4.5100E+02  8.0207E-03
  4.5200E+02  7.5753E-03
  4.5300E+02  7.4704E-03
  4.5400E+02  7.3661E-03
  4.5500E+02  7.2625E-03
  4.5600E+02  7.1594E-03
  4.5700E+02  7.0571E-03
  4.5800E+02  6.9553E-03
  4.5900E+02  6.8541E-03
  4.6000E+02  6.7536E-03
  4.6100E+02  6.6537E-03
  4.6200E+02  6.5544E-03
  4.6300E+02  6.4558E-03
  4.6400E+02  6.3578E-03
  4.6500E+02  6.2604E-03
  4.6600E+02  6.1636E-03
  4.6700E+02  6.0674E-03
  4.6800E+02  5.9719E-03
  4.6900E+02  5.8770E-03
  4.7000E+02  5.7827E-03
  4.7100E+02  5.6890E-03
  4.7200E+02  5.6109E-03
  4.7300E+02  5.9418E-03
  4.7400E+02  1.7530E-02
  4.7500E+02  2.6818E-02
  4.7600E+02  4.3940E-02
  4.7700E+02  6.3442E-02
  4.7800E+02  8.3035E-02
  4.7900E+02  9.6708E-02
  4.8000E+02  7.6402E-02
  4.8100E+02  7.0551E-02
  4.8200E+02  6.6025E-02
  4.8300E+02  6.7024E-02
  4.8400E+02  6.9458E-02
  4.8500E+02  7.1386E-02
  4.8600E+02  7.1043E-02
  4.8700E+02  7.0653E-02
  4.8800E+02  6.9284E-02
  4.8900E+02  6.9192E-02
  4.9000E+02  6.9002E-02
  4.9100E+02  7.0562E-02
  4.9200E+02  7.1745E-02
  4.9300E+02  7.2888E-02
  4.9400E+02  7.9989E-02
  4.9500E+02  8.3448E-02
  4.9600E+02  7.8567E-02
  4.9700E+02  7.5945E-02
  4.9800E+02  7.2957E-02
  4.9900E+02  6.9386E-02
  5.0000E+02  7.5180E-02
  5.0100E+02  4.7712E-02
  5.0200E+02  3.5669E-02
  5.0300E+02  2.8276E-02
  5.0400E+02  2.3247E-02
  5.0500E+02  2.0418E-02
  5.0600E+02  1.8140E-02
  5.0700E+02  1.6335E-02
  5.0800E+02  1.4940E-02
  5.0900E+02  1.3791E-02
  5.1000E+02  1.3998E-02
  5.1100E+02  9.8343E-03
  5.1200E+02  9.0747E-03
  5.1300E+02  8.2150E-03
  5.1400E+02  7.2552E-03
  5.1500E+02  6.1952E-03
  5.1600E+02  5.0352E-03
  5.1700E+02  3.8922E-03
  5.1800E+02  3.6854E-03
  5.1900E+02  3.2732E-03
  5.2000E+02  9.1063E-04
  5.2100E+02  4.0283E-04
  5.2200E+02  9.9293E-05
  5.2300E+02  0.0000E+00
