  0.0000E+00  0.0000E+00
  1.0000E+00  1.0536E-07
  2.0000E+00  4.2145E-07
  3.0000E+00  9.4826E-07
  4.0000E+00  1.6858E-06
  5.0000E+00  2.6341E-06
  6.0000E+00  3.7931E-06
  7.0000E+00  5.1628E-06
  8.0000E+00  6.7432E-06
  9.0000E+00  8.5344E-06
  1.0000E+01  1.0536E-05
  1.1000E+01  1.2749E-05
  1.2000E+01  1.5172E-05
  1.3000E+01  1.7806E-05
  1.4000E+01  2.0651E-05
  1.5000E+01  2.3707E-05
  1.6000E+01  2.6973E-05
  1.7000E+01  3.0450E-05
  1.8000E+01  3.4138E-05
  1.9000E+01  3.8036E-05
  2.0000E+01  4.2145E-05
  2.1000E+01  4.6465E-05
  2.2000E+01  5.0996E-05
  2.3000E+01  5.5737E-05
  2.4000E+01  6.0689E-05
  2.5000E+01  6.5852E-05
  2.6000E+01  7.1225E-05
  2.7000E+01  7.6810E-05
  2.8000E+01  8.2605E-05
  2.9000E+01  8.8610E-05
  3.0000E+01  9.4827E-05
  3.1000E+01  1.0125E-04
  3.2000E+01  1.0789E-04
  3.3000E+01  1.1474E-04
  3.4000E+01  1.2180E-04
  3.5000E+01  1.2907E-04
  3.6000E+01  1.3655E-04
  3.7000E+01  1.4424E-04
  3.8000E+01  1.5214E-04
  3.9000E+01  1.6026E-04
  4.0000E+01  1.6858E-04
  4.1000E+01  1.7712E-04
  4.2000E+01  1.8586E-04
  4.3000E+01  1.9482E-04
  4.4000E+01  2.0398E-04
  4.5000E+01  2.1336E-04
  4.6000E+01  2.2295E-04
  4.7000E+01  2.3275E-04
  4.8000E+01  2.4276E-04
  4.9000E+01  2.5298E-04
  5.0000E+01  2.6341E-04
  5.1000E+01  2.7405E-04
  5.2000E+01  2.8490E-04
  5.3000E+01  2.9596E-04
  5.4000E+01  3.0724E-04
  5.5000E+01  3.1872E-04
  5.6000E+01  3.7827E-04
  5.7000E+01  4.9152E-04
  5.8000E+01  5.9898E-04
  5.9000E+01  7.0067E-04
  6.0000E+01  7.9658E-04
  6.1000E+01  8.8671E-04
  6.2000E+01  9.7106E-04
  6.3000E+01  1.0496E-03
  6.4000E+01  1.1224E-03
  6.5000E+01  1.1894E-03
  6.6000E+01  1.2507E-03
  6.7000E+01  1.3061E-03
  6.8000E+01  1.3558E-03
  6.9000E+01  1.3997E-03
  7.0000E+01  1.4378E-03
  7.1000E+01  1.4701E-03
  7.2000E+01  1.4967E-03
  7.3000E+01  1.5517E-03
  7.4000E+01  1.6129E-03
  7.5000E+01  1.6752E-03
  7.6000E+01  1.7387E-03
  7.7000E+01  1.8032E-03
  7.8000E+01  1.8689E-03
  7.9000E+01  1.9357E-03
  8.0000E+01  2.0036E-03
  8.1000E+01  2.0726E-03
  8.2000E+01  2.1479E-03
  8.3000E+01  2.2405E-03
  8.4000E+01  2.3435E-03
  8.5000E+01  2.4569E-03
  8.6000E+01  2.5806E-03
  8.7000E+01  2.7148E-03
  8.8000E+01  2.8589E-03
  8.9000E+01  3.0125E-03
  9.0000E+01  3.1755E-03
  9.1000E+01  3.3479E-03
  9.2000E+01  3.5299E-03
  9.3000E+01  3.7212E-03
  9.4000E+01  3.9220E-03
  9.5000E+01  4.1323E-03
  9.6000E+01  4.3520E-03
  9.7000E+01  4.5811E-03
  9.8000E+01  4.8197E-03
  9.9000E+01  5.0604E-03
  1.0000E+02  5.3333E-03
  1.0100E+02  5.6658E-03
  1.0200E+02  6.0580E-03
  1.0300E+02  6.5185E-03
  1.0400E+02  7.1907E-03
  1.0500E+02  8.0914E-03
  1.0600E+02  8.8964E-03
  1.0700E+02  9.6055E-03
  1.0800E+02  1.0582E-02
  1.0900E+02  1.1278E-02
  1.1000E+02  1.1877E-02
  1.1100E+02  1.2604E-02
  1.1200E+02  1.3333E-02
  1.1300E+02  1.3926E-02
  1.1400E+02  1.4383E-02
  1.1500E+02  1.4877E-02
  1.1600E+02  1.6669E-02
  1.1700E+02  1.7361E-02
  1.1800E+02  1.4990E-02
  1.1900E+02  1.5325E-02
  1.2000E+02  1.5659E-02
  1.2100E+02  1.5992E-02
  1.2200E+02  1.6323E-02
  1.2300E+02  1.6653E-02
  1.2400E+02  1.6982E-02
  1.2500E+02  1.7628E-02
  1.2600E+02  1.8334E-02
  1.2700E+02  1.8964E-02
  1.2800E+02  1.9458E-02
  1.2900E+02  1.9889E-02
  1.3000E+02  2.0344E-02
  1.3100E+02  2.0826E-02
  1.3200E+02  2.1945E-02
  1.3300E+02  2.3181E-02
  1.3400E+02  2.4298E-02
  1.3500E+02  2.8597E-02
  1.3600E+02  3.0732E-02
  1.3700E+02  3.1787E-02
  1.3800E+02  3.2426E-02
  1.3900E+02  3.2820E-02
  1.4000E+02  3.2169E-02
  1.4100E+02  3.1831E-02
  1.4200E+02  3.1615E-02
  1.4300E+02  3.2999E-02
  1.4400E+02  2.8507E-02
  1.4500E+02  2.8152E-02
  1.4600E+02  2.7759E-02
  1.4700E+02  2.7328E-02
  1.4800E+02  2.6860E-02
  1.4900E+02  2.6417E-02
  1.5000E+02  2.6071E-02
  1.5100E+02  2.5720E-02
  1.5200E+02  2.5362E-02
  1.5300E+02  2.5009E-02
  1.5400E+02  2.4657E-02
  1.5500E+02  2.4307E-02
  1.5600E+02  2.3958E-02
  1.5700E+02  2.3781E-02
  1.5800E+02  2.4481E-02
  1.5900E+02  2.5059E-02
  1.6000E+02  2.4564E-02
  1.6100E+02  2.3399E-02
  1.6200E+02  2.4388E-02
  1.6300E+02  1.8261E-02
  1.6400E+02  1.6655E-02
  1.6500E+02  1.6318E-02
  1.6600E+02  1.6157E-02
  1.6700E+02  1.6011E-02
  1.6800E+02  1.5880E-02
  1.6900E+02  1.5764E-02
  1.7000E+02  1.5653E-02
  1.7100E+02  1.5531E-02
  1.7200E+02  1.5399E-02
  1.7300E+02  1.5256E-02
  1.7400E+02  1.5103E-02
  1.7500E+02  1.4939E-02
  1.7600E+02  1.4764E-02
  1.7700E+02  1.4579E-02
  1.7800E+02  1.4383E-02
  1.7900E+02  1.4456E-02
  1.8000E+02  1.4402E-02
  1.8100E+02  1.4343E-02
  1.8200E+02  1.4278E-02
  1.8300E+02  1.4209E-02
  1.8400E+02  1.4138E-02
  1.8500E+02  1.4063E-02
  1.8600E+02  1.3987E-02
  1.8700E+02  1.3910E-02
  1.8800E+02  1.3734E-02
  1.8900E+02  1.3817E-02
  1.9000E+02  1.3896E-02
  1.9100E+02  1.3970E-02
  1.9200E+02  1.4039E-02
  1.9300E+02  1.4102E-02
  1.9400E+02  1.4547E-02
  1.9500E+02  1.6187E-02
  1.9600E+02  1.7139E-02
  1.9700E+02  1.8169E-02
  1.9800E+02  1.9462E-02
  1.9900E+02  2.1239E-02
  2.0000E+02  2.3200E-02
  2.0100E+02  1.8899E-02
  2.0200E+02  1.6552E-02
  2.0300E+02  1.4242E-02
  2.0400E+02  1.1970E-02
  2.0500E+02  9.7360E-03
  2.0600E+02  7.5392E-03
  2.0700E+02  5.3799E-03
  2.0800E+02  3.8283E-03
  2.0900E+02  3.1621E-03
  2.1000E+02  2.6055E-03
  2.1100E+02  2.1584E-03
  2.1200E+02  1.8210E-03
  2.1300E+02  1.5932E-03
  2.1400E+02  1.4752E-03
  2.1500E+02  1.4649E-03
  2.1600E+02  1.4905E-03
  2.1700E+02  1.5168E-03
  2.1800E+02  1.5437E-03
  2.1900E+02  1.5712E-03
  2.2000E+02  1.5994E-03
  2.2100E+02  1.6281E-03
  2.2200E+02  1.6575E-03
  2.2300E+02  1.6874E-03
  2.2400E+02  1.7178E-03
  2.2500E+02  1.7488E-03
  2.2600E+02  1.7802E-03
  2.2700E+02  1.8122E-03
  2.2800E+02  1.8447E-03
  2.2900E+02  1.8777E-03
  2.3000E+02  1.9100E-03
  2.3100E+02  1.9379E-03
  2.3200E+02  1.9621E-03
  2.3300E+02  1.9827E-03
  2.3400E+02  1.9997E-03
  2.3500E+02  2.0130E-03
  2.3600E+02  2.0227E-03
  2.3700E+02  2.0506E-03
  2.3800E+02  2.0848E-03
  2.3900E+02  2.1195E-03
  2.4000E+02  2.1544E-03
  2.4100E+02  2.1897E-03
  2.4200E+02  2.2253E-03
  2.4300E+02  2.2613E-03
  2.4400E+02  2.2976E-03
  2.4500E+02  2.3342E-03
  2.4600E+02  2.3712E-03
  2.4700E+02  2.4085E-03
  2.4800E+02  2.4461E-03
  2.4900E+02  2.4841E-03
  2.5000E+02  2.5224E-03
  2.5100E+02  2.5611E-03
  2.5200E+02  2.6001E-03
  2.5300E+02  2.6394E-03
  2.5400E+02  2.6791E-03
  2.5500E+02  2.7191E-03
  2.5600E+02  2.7594E-03
  2.5700E+02  2.8001E-03
  2.5800E+02  2.8411E-03
  2.5900E+02  2.8824E-03
  2.6000E+02  2.9241E-03
  2.6100E+02  2.9661E-03
  2.6200E+02  3.0085E-03
  2.6300E+02  3.0512E-03
  2.6400E+02  3.1037E-03
  2.6500E+02  3.1754E-03
  2.6600E+02  3.2663E-03
  2.6700E+02  3.3763E-03
  2.6800E+02  3.4484E-03
  2.6900E+02  3.5182E-03
  2.7000E+02  3.5865E-03
  2.7100E+02  3.6534E-03
  2.7200E+02  3.7187E-03
  2.7300E+02  3.7826E-03
  2.7400E+02  3.8450E-03
  2.7500E+02  3.9058E-03
  2.7600E+02  3.9652E-03
  2.7700E+02  4.0231E-03
  2.7800E+02  4.0795E-03
  2.7900E+02  4.1344E-03
  2.8000E+02  4.1878E-03
  2.8100E+02  4.2452E-03
  2.8200E+02  4.3082E-03
  2.8300E+02  4.3736E-03
  2.8400E+02  4.4414E-03
  2.8500E+02  4.5117E-03
  2.8600E+02  4.5844E-03
  2.8700E+02  4.6596E-03
  2.8800E+02  4.7372E-03
  2.8900E+02  4.8173E-03
  2.9000E+02  4.8998E-03
  2.9100E+02  4.9848E-03
  2.9200E+02  5.0722E-03
  2.9300E+02  5.1621E-03
  2.9400E+02  5.2544E-03
  2.9500E+02  5.3491E-03
  2.9600E+02  5.4463E-03
  2.9700E+02  5.5460E-03
  2.9800E+02  5.6484E-03
  2.9900E+02  5.7539E-03
  3.0000E+02  5.8624E-03
  3.0100E+02  5.9747E-03
  3.0200E+02  6.0912E-03
  3.0300E+02  6.2117E-03
  3.0400E+02  6.3362E-03
  3.0500E+02  6.4648E-03
  3.0600E+02  6.6033E-03
  3.0700E+02  6.7564E-03
  3.0800E+02  6.9548E-03
  3.0900E+02  7.2143E-03
  3.1000E+02  7.4776E-03
  3.1100E+02  7.7341E-03
  3.1200E+02  7.9838E-03
  3.1300E+02  8.2266E-03
  3.1400E+02  8.4626E-03
  3.1500E+02  8.6917E-03
  3.1600E+02  8.9925E-03
  3.1700E+02  9.3222E-03
  3.1800E+02  9.6739E-03
  3.1900E+02  1.0048E-02
  3.2000E+02  1.0443E-02
  3.2100E+02  1.0860E-02
  3.2200E+02  1.1300E-02
  3.2300E+02  1.1761E-02
  3.2400E+02  1.2244E-02
  3.2500E+02  1.2749E-02
  3.2600E+02  1.3876E-02
  3.2700E+02  1.5233E-02
  3.2800E+02  1.4947E-02
  3.2900E+02  1.4793E-02
  3.3000E+02  1.4698E-02
  3.3100E+02  1.4663E-02
  3.3200E+02  1.4687E-02
  3.3300E+02  1.4771E-02
  3.3400E+02  1.4914E-02
  3.3500E+02  1.5139E-02
  3.3600E+02  1.5161E-02
  3.3700E+02  1.4495E-02
  3.3800E+02  1.4040E-02
  3.3900E+02  1.3619E-02
  3.4000E+02  1.3198E-02
  3.4100E+02  1.2779E-02
  3.4200E+02  1.2361E-02
  3.4300E+02  1.1944E-02
  3.4400E+02  1.0456E-02
  3.4500E+02  9.7682E-03
  3.4600E+02  9.3362E-03
  3.4700E+02  8.9218E-03
  3.4800E+02  8.5251E-03
  3.4900E+02  8.1461E-03
  3.5000E+02  7.7847E-03
  3.5100E+02  7.4410E-03
  3.5200E+02  7.1149E-03
  3.5300E+02  6.8064E-03
  3.5400E+02  6.5157E-03
  3.5500E+02  6.2280E-03
  3.5600E+02  5.8601E-03
  3.5700E+02  5.4891E-03
  3.5800E+02  5.1387E-03
  3.5900E+02  4.8138E-03
  3.6000E+02  4.5145E-03
  3.6100E+02  4.2407E-03
  3.6200E+02  3.9925E-03
  3.6300E+02  3.8033E-03
  3.6400E+02  3.6224E-03
  3.6500E+02  3.4317E-03
  3.6600E+02  3.1107E-03
  3.6700E+02  2.7528E-03
  3.6800E+02  2.3581E-03
  3.6900E+02  1.9266E-03
  3.7000E+02  1.8029E-03
  3.7100E+02  1.7516E-03
  3.7200E+02  1.6997E-03
  3.7300E+02  1.6471E-03
  3.7400E+02  1.5939E-03
  3.7500E+02  1.5400E-03
  3.7600E+02  1.4854E-03
  3.7700E+02  1.4302E-03
  3.7800E+02  1.9457E-03
  3.7900E+02  2.7958E-03
  3.8000E+02  3.4943E-03
  3.8100E+02  4.3666E-03
  3.8200E+02  4.7491E-03
  3.8300E+02  5.1061E-03
  3.8400E+02  5.4377E-03
  3.8500E+02  5.7438E-03
  3.8600E+02  6.0245E-03
  3.8700E+02  6.2763E-03
  3.8800E+02  6.5000E-03
  3.8900E+02  6.7006E-03
  3.9000E+02  6.9695E-03
  3.9100E+02  7.4106E-03
  3.9200E+02  7.8203E-03
  3.9300E+02  8.1900E-03
  3.9400E+02  8.5361E-03
  3.9500E+02  8.8587E-03
  3.9600E+02  9.1579E-03
  3.9700E+02  9.4335E-03
  3.9800E+02  9.6856E-03
  3.9900E+02  9.9141E-03
  4.0000E+02  1.0119E-02
  4.0100E+02  1.0301E-02
  4.0200E+02  1.0474E-02
  4.0300E+02  1.0652E-02
  4.0400E+02  1.0805E-02
  4.0500E+02  1.1459E-02
  4.0600E+02  1.1653E-02
  4.0700E+02  1.1888E-02
  4.0800E+02  1.2165E-02
  4.0900E+02  1.2532E-02
  4.1000E+02  1.2952E-02
  4.1100E+02  1.3422E-02
  4.1200E+02  1.3942E-02
  4.1300E+02  1.4512E-02
  4.1400E+02  1.5132E-02
  4.1500E+02  1.7180E-02
  4.1600E+02  1.3431E-02
  4.1700E+02  1.2821E-02
  4.1800E+02  1.2480E-02
  4.1900E+02  1.2404E-02
  4.2000E+02  1.2193E-02
  4.2100E+02  1.2099E-02
  4.2200E+02  1.2000E-02
  4.2300E+02  1.1897E-02
  4.2400E+02  1.1789E-02
  4.2500E+02  1.1676E-02
  4.2600E+02  1.1559E-02
  4.2700E+02  1.1437E-02
  4.2800E+02  1.1310E-02
  4.2900E+02  1.1179E-02
  4.3000E+02  1.1043E-02
  4.3100E+02  1.0903E-02
  4.3200E+02  1.0758E-02
  4.3300E+02  1.0608E-02
  4.3400E+02  1.0454E-02
  4.3500E+02  1.0295E-02
  4.3600E+02  1.0204E-02
  4.3700E+02  1.0073E-02
  4.3800E+02  9.8335E-03
  4.3900E+02  9.4874E-03
  4.4000E+02  9.2137E-03
  4.4100E+02  9.0568E-03
  4.4200E+02  8.9384E-03
  4.4300E+02  8.8373E-03
  4.4400E+02  8.7835E-03
  4.4500E+02  8.7923E-03
  4.4600E+02  8.8697E-03
  4.4700E+02  9.0606E-03
  4.4800E+02  8.7174E-03
  4.4900E+02  8.6888E-03
  4.5000E+02  8.4606E-03
  4.5100E+02  8.0330E-03
  4.5200E+02  7.5895E-03
  4.5300E+02  7.4842E-03
  4.5400E+02  7.3795E-03
  4.5500E+02  7.2754E-03
  4.5600E+02  7.1720E-03
  4.5700E+02  7.0691E-03
  4.5800E+02  6.9669E-03
  4.5900E+02  6.8652E-03
  4.6000E+02  6.7642E-03
  4.6100E+02  6.6638E-03
  4.6200E+02  6.5641E-03
  4.6300E+02  6.4649E-03
  4.6400E+02  6.3663E-03
  4.6500E+02  6.2684E-03
  4.6600E+02  6.1711E-03
  4.6700E+02  6.0744E-03
  4.6800E+02  5.9783E-03
  4.6900E+02  5.8828E-03
  4.7000E+02  5.7880E-03
  4.7100E+02  5.6937E-03
  4.7200E+02  5.6288E-03
  4.7300E+02  6.5295E-03
  4.7400E+02  1.6999E-02
  4.7500E+02  2.9470E-02
  4.7600E+02  5.4485E-02
  4.7700E+02  6.9061E-02
  4.7800E+02  8.9878E-02
  4.7900E+02  8.2415E-02
  4.8000E+02  7.2791E-02
  4.8100E+02  6.9023E-02
  4.8200E+02  6.5191E-02
  4.8300E+02  6.7911E-02
  4.8400E+02  7.0725E-02
  4.8500E+02  7.2386E-02
  4.8600E+02  7.2416E-02
  4.8700E+02  7.1409E-02
  4.8800E+02  7.0512E-02
  4.8900E+02  7.0830E-02
  4.9000E+02  7.1286E-02
  4.9100E+02  7.2322E-02
  4.9200E+02  7.3156E-02
  4.9300E+02  7.4811E-02
  4.9400E+02  8.1666E-02
  4.9500E+02  7.9962E-02
  4.9600E+02  7.6203E-02
  4.9700E+02  7.3053E-02
  4.9800E+02  6.9915E-02
  4.9900E+02  6.7071E-02
  5.0000E+02  6.6005E-02
  5.0100E+02  4.3936E-02
  5.0200E+02  3.3589E-02
  5.0300E+02  2.6866E-02
  5.0400E+02  2.2359E-02
  5.0500E+02  1.9846E-02
  5.0600E+02  1.7735E-02
  5.0700E+02  1.6033E-02
  5.0800E+02  1.4706E-02
  5.0900E+02  1.3610E-02
  5.1000E+02  1.2831E-02
  5.1100E+02  1.0083E-02
  5.1200E+02  9.2163E-03
  5.1300E+02  8.2769E-03
  5.1400E+02  7.2649E-03
  5.1500E+02  6.1801E-03
  5.1600E+02  5.0227E-03
  5.1700E+02  3.9250E-03
  5.1800E+02  3.5142E-03
  5.1900E+02  3.4507E-03
  5.2000E+02  9.2986E-04
  5.2100E+02  4.1134E-04
  5.2200E+02  1.0139E-04
  5.2300E+02  0.0000E+00
