 -9.0571E-06  0.0000E+00
  9.9999E-01  9.6113E-08
  2.0000E+00  3.8445E-07
  3.0000E+00  8.6502E-07
  4.0000E+00  1.5378E-06
  5.0000E+00  2.4028E-06
  6.0000E+00  3.4601E-06
  7.0000E+00  4.7095E-06
  8.0000E+00  6.1512E-06
  9.0000E+00  7.7852E-06
  1.0000E+01  9.6113E-06
  1.1000E+01  1.1630E-05
  1.2000E+01  1.3840E-05
  1.3000E+01  1.6243E-05
  1.4000E+01  1.8838E-05
  1.5000E+01  2.1625E-05
  1.6000E+01  2.4605E-05
  1.7000E+01  2.7777E-05
  1.8000E+01  3.1141E-05
  1.9000E+01  3.4697E-05
  2.0000E+01  3.8445E-05
  2.1000E+01  4.2386E-05
  2.2000E+01  4.6519E-05
  2.3000E+01  5.0844E-05
  2.4000E+01  5.5361E-05
  2.5000E+01  6.0071E-05
  2.6000E+01  6.4972E-05
  2.7000E+01  7.0066E-05
  2.8000E+01  7.5353E-05
  2.9000E+01  8.0831E-05
  3.0000E+01  8.6502E-05
  3.1000E+01  9.2365E-05
  3.2000E+01  9.8420E-05
  3.3000E+01  1.0467E-04
  3.4000E+01  1.1430E-04
  3.5000E+01  1.7014E-04
  3.6000E+01  2.2033E-04
  3.7000E+01  2.6486E-04
  3.8000E+01  3.0373E-04
  3.9000E+01  3.3695E-04
  4.0000E+01  3.6452E-04
  4.1000E+01  3.8642E-04
  4.2000E+01  4.0267E-04
  4.3000E+01  4.1327E-04
  4.4000E+01  4.1821E-04
  4.5000E+01  4.2856E-04
  4.6000E+01  4.5084E-04
  4.7000E+01  4.7352E-04
  4.8000E+01  4.9663E-04
  4.9000E+01  5.2015E-04
  5.0000E+01  5.4408E-04
  5.1000E+01  5.6844E-04
  5.2000E+01  5.9376E-04
  5.3000E+01  6.2022E-04
  5.4000E+01  6.4783E-04
  5.5000E+01  6.7658E-04
  5.6000E+01  7.0648E-04
  5.7000E+01  7.3752E-04
  5.8000E+01  7.6970E-04
  5.9000E+01  8.0303E-04
  6.0000E+01  8.3750E-04
  6.1000E+01  8.7311E-04
  6.2000E+01  9.0987E-04
  6.3000E+01  9.4777E-04
  6.4000E+01  1.0150E-03
  6.5000E+01  1.2183E-03
  6.6000E+01  1.3642E-03
  6.7000E+01  1.4764E-03
  6.8000E+01  1.4890E-03
  6.9000E+01  1.5253E-03
  7.0000E+01  1.4675E-03
  7.1000E+01  1.5288E-03
  7.2000E+01  1.5919E-03
  7.3000E+01  1.6567E-03
  7.4000E+01  1.7232E-03
  7.5000E+01  1.7909E-03
  7.6000E+01  1.8584E-03
  7.7000E+01  1.9283E-03
  7.8000E+01  2.0005E-03
  7.9000E+01  2.0750E-03
  8.0000E+01  2.1519E-03
  8.1000E+01  2.2312E-03
  8.2000E+01  2.3128E-03
  8.3000E+01  2.3967E-03
  8.4000E+01  2.4890E-03
  8.5000E+01  2.5985E-03
  8.6000E+01  2.7259E-03
  8.7000E+01  2.8657E-03
  8.8000E+01  3.0139E-03
  8.9000E+01  3.1763E-03
  9.0000E+01  3.3530E-03
  9.1000E+01  3.5592E-03
  9.2000E+01  3.7103E-03
  9.3000E+01  3.8700E-03
  9.4000E+01  4.1232E-03
  9.5000E+01  4.4387E-03
  9.6000E+01  4.7441E-03
  9.7000E+01  5.0279E-03
  9.8000E+01  5.3007E-03
  9.9000E+01  5.5989E-03
  1.0000E+02  5.9470E-03
  1.0100E+02  6.4457E-03
  1.0200E+02  7.1081E-03
  1.0300E+02  8.5306E-03
  1.0400E+02  8.9336E-03
  1.0500E+02  1.0028E-02
  1.0600E+02  1.1210E-02
  1.0700E+02  1.2056E-02
  1.0800E+02  1.3354E-02
  1.0900E+02  1.2067E-02
  1.1000E+02  1.2496E-02
  1.1100E+02  1.2947E-02
  1.1200E+02  1.3421E-02
  1.1300E+02  1.3902E-02
  1.1400E+02  1.4324E-02
  1.1500E+02  1.4692E-02
  1.1600E+02  1.5161E-02
  1.1700E+02  1.5725E-02
  1.1800E+02  1.6090E-02
  1.1900E+02  1.7282E-02
  1.2000E+02  1.7915E-02
  1.2100E+02  1.5725E-02
  1.2200E+02  1.6046E-02
  1.2300E+02  1.6334E-02
  1.2400E+02  1.6626E-02
  1.2500E+02  1.7001E-02
  1.2600E+02  1.7430E-02
  1.2700E+02  1.7860E-02
  1.2800E+02  1.8265E-02
  1.2900E+02  1.8704E-02
  1.3000E+02  1.9292E-02
  1.3100E+02  1.9839E-02
  1.3200E+02  2.1596E-02
  1.3300E+02  2.3359E-02
  1.3400E+02  2.3622E-02
  1.3500E+02  2.9316E-02
  1.3600E+02  2.9177E-02
  1.3700E+02  3.1237E-02
  1.3800E+02  3.2821E-02
  1.3900E+02  3.4029E-02
  1.4000E+02  3.5291E-02
  1.4100E+02  3.5867E-02
  1.4200E+02  3.5634E-02
  1.4300E+02  3.5196E-02
  1.4400E+02  3.4171E-02
  1.4500E+02  3.2817E-02
  1.4600E+02  3.2546E-02
  1.4700E+02  2.6179E-02
  1.4800E+02  2.4213E-02
  1.4900E+02  2.2525E-02
  1.5000E+02  2.1921E-02
  1.5100E+02  2.1353E-02
  1.5200E+02  2.0830E-02
  1.5300E+02  2.0400E-02
  1.5400E+02  2.0020E-02
  1.5500E+02  1.9650E-02
  1.5600E+02  1.9302E-02
  1.5700E+02  1.8968E-02
  1.5800E+02  1.8641E-02
  1.5900E+02  1.8400E-02
  1.6000E+02  1.8186E-02
  1.6100E+02  1.7979E-02
  1.6200E+02  1.7857E-02
  1.6300E+02  1.7831E-02
  1.6400E+02  1.7556E-02
  1.6500E+02  1.7605E-02
  1.6600E+02  1.7004E-02
  1.6700E+02  1.6381E-02
  1.6800E+02  1.5885E-02
  1.6900E+02  1.6572E-02
  1.7000E+02  1.5602E-02
  1.7100E+02  1.5828E-02
  1.7200E+02  1.5641E-02
  1.7300E+02  1.4995E-02
  1.7400E+02  1.4840E-02
  1.7500E+02  1.4689E-02
  1.7600E+02  1.4505E-02
  1.7700E+02  1.4314E-02
  1.7800E+02  1.4140E-02
  1.7900E+02  1.3985E-02
  1.8000E+02  1.3858E-02
  1.8100E+02  1.3770E-02
  1.8200E+02  1.3736E-02
  1.8300E+02  1.3643E-02
  1.8400E+02  1.3554E-02
  1.8500E+02  1.3476E-02
  1.8600E+02  1.3411E-02
  1.8700E+02  1.3370E-02
  1.8800E+02  1.3443E-02
  1.8900E+02  1.3542E-02
  1.9000E+02  1.2796E-02
  1.9100E+02  1.2977E-02
  1.9200E+02  1.3206E-02
  1.9300E+02  1.3558E-02
  1.9400E+02  1.4104E-02
  1.9500E+02  1.5388E-02
  1.9600E+02  1.5139E-02
  1.9700E+02  1.5346E-02
  1.9800E+02  1.5519E-02
  1.9900E+02  1.5667E-02
  2.0000E+02  1.5934E-02
  2.0100E+02  1.6295E-02
  2.0200E+02  1.6542E-02
  2.0300E+02  1.6754E-02
  2.0400E+02  1.7025E-02
  2.0500E+02  2.0762E-02
  2.0600E+02  1.5957E-02
  2.0700E+02  1.3054E-02
  2.0800E+02  1.1417E-02
  2.0900E+02  1.1093E-02
  2.1000E+02  9.9869E-03
  2.1100E+02  6.6666E-03
  2.1200E+02  3.7887E-03
  2.1300E+02  2.2965E-03
  2.1400E+02  1.5693E-03
  2.1500E+02  1.4755E-03
  2.1600E+02  1.4997E-03
  2.1700E+02  1.5244E-03
  2.1800E+02  1.5499E-03
  2.1900E+02  1.5766E-03
  2.2000E+02  1.6045E-03
  2.2100E+02  1.6336E-03
  2.2200E+02  1.6638E-03
  2.2300E+02  1.6942E-03
  2.2400E+02  1.7188E-03
  2.2500E+02  1.7405E-03
  2.2600E+02  1.7593E-03
  2.2700E+02  1.7794E-03
  2.2800E+02  1.8078E-03
  2.2900E+02  1.8357E-03
  2.3000E+02  1.8633E-03
  2.3100E+02  1.8910E-03
  2.3200E+02  1.9189E-03
  2.3300E+02  1.9468E-03
  2.3400E+02  1.9749E-03
  2.3500E+02  2.0033E-03
  2.3600E+02  2.0320E-03
  2.3700E+02  2.0609E-03
  2.3800E+02  2.0900E-03
  2.3900E+02  2.1234E-03
  2.4000E+02  2.1579E-03
  2.4100E+02  2.1934E-03
  2.4200E+02  2.2296E-03
  2.4300E+02  2.2668E-03
  2.4400E+02  2.3060E-03
  2.4500E+02  2.3467E-03
  2.4600E+02  2.3889E-03
  2.4700E+02  2.4325E-03
  2.4800E+02  2.4777E-03
  2.4900E+02  2.5243E-03
  2.5000E+02  2.5702E-03
  2.5100E+02  2.6143E-03
  2.5200E+02  2.6566E-03
  2.5300E+02  2.6970E-03
  2.5400E+02  2.7355E-03
  2.5500E+02  2.7722E-03
  2.5600E+02  2.8071E-03
  2.5700E+02  2.8407E-03
  2.5800E+02  2.8791E-03
  2.5900E+02  2.9264E-03
  2.6000E+02  2.9763E-03
  2.6100E+02  3.0248E-03
  2.6200E+02  3.0738E-03
  2.6300E+02  3.1237E-03
  2.6400E+02  3.1744E-03
  2.6500E+02  3.2261E-03
  2.6600E+02  3.2788E-03
  2.6700E+02  3.3324E-03
  2.6800E+02  3.3870E-03
  2.6900E+02  3.4425E-03
  2.7000E+02  3.4990E-03
  2.7100E+02  3.5569E-03
  2.7200E+02  3.6164E-03
  2.7300E+02  3.6816E-03
  2.7400E+02  3.7526E-03
  2.7500E+02  3.8294E-03
  2.7600E+02  3.9120E-03
  2.7700E+02  3.9893E-03
  2.7800E+02  4.0581E-03
  2.7900E+02  4.1188E-03
  2.8000E+02  4.1717E-03
  2.8100E+02  4.2368E-03
  2.8200E+02  4.3066E-03
  2.8300E+02  4.3771E-03
  2.8400E+02  4.4483E-03
  2.8500E+02  4.5233E-03
  2.8600E+02  4.6016E-03
  2.8700E+02  4.6816E-03
  2.8800E+02  4.7636E-03
  2.8900E+02  4.8471E-03
  2.9000E+02  4.9322E-03
  2.9100E+02  5.0188E-03
  2.9200E+02  5.1073E-03
  2.9300E+02  5.2018E-03
  2.9400E+02  5.3008E-03
  2.9500E+02  5.4043E-03
  2.9600E+02  5.5123E-03
  2.9700E+02  5.6248E-03
  2.9800E+02  5.7428E-03
  2.9900E+02  5.8696E-03
  3.0000E+02  6.0033E-03
  3.0100E+02  6.1228E-03
  3.0200E+02  6.2294E-03
  3.0300E+02  6.3499E-03
  3.0400E+02  6.4763E-03
  3.0500E+02  6.6056E-03
  3.0600E+02  6.7375E-03
  3.0700E+02  6.8720E-03
  3.0800E+02  7.0091E-03
  3.0900E+02  7.1499E-03
  3.1000E+02  7.2904E-03
  3.1100E+02  7.4287E-03
  3.1200E+02  7.5848E-03
  3.1300E+02  7.7561E-03
  3.1400E+02  7.9439E-03
  3.1500E+02  8.1430E-03
  3.1600E+02  8.3544E-03
  3.1700E+02  8.5781E-03
  3.1800E+02  8.8140E-03
  3.1900E+02  9.0623E-03
  3.2000E+02  9.3246E-03
  3.2100E+02  9.6044E-03
  3.2200E+02  1.0003E-02
  3.2300E+02  1.0453E-02
  3.2400E+02  1.0915E-02
  3.2500E+02  1.1440E-02
  3.2600E+02  1.2026E-02
  3.2700E+02  1.2789E-02
  3.2800E+02  1.3723E-02
  3.2900E+02  1.4826E-02
  3.3000E+02  1.5911E-02
  3.3100E+02  1.6377E-02
  3.3200E+02  1.6394E-02
  3.3300E+02  1.6054E-02
  3.3400E+02  1.6034E-02
  3.3500E+02  1.5592E-02
  3.3600E+02  1.4788E-02
  3.3700E+02  1.3938E-02
  3.3800E+02  1.3049E-02
  3.3900E+02  1.3990E-02
  3.4000E+02  1.1671E-02
  3.4100E+02  1.1171E-02
  3.4200E+02  1.0727E-02
  3.4300E+02  1.0259E-02
  3.4400E+02  9.7927E-03
  3.4500E+02  9.4106E-03
  3.4600E+02  9.0981E-03
  3.4700E+02  8.8166E-03
  3.4800E+02  8.5667E-03
  3.4900E+02  8.3485E-03
  3.5000E+02  8.2189E-03
  3.5100E+02  8.0733E-03
  3.5200E+02  8.0669E-03
  3.5300E+02  6.3006E-03
  3.5400E+02  5.9975E-03
  3.5500E+02  5.7328E-03
  3.5600E+02  5.5251E-03
  3.5700E+02  5.3287E-03
  3.5800E+02  5.1438E-03
  3.5900E+02  4.9314E-03
  3.6000E+02  4.7118E-03
  3.6100E+02  4.5029E-03
  3.6200E+02  4.3061E-03
  3.6300E+02  4.1332E-03
  3.6400E+02  3.8974E-03
  3.6500E+02  3.6784E-03
  3.6600E+02  3.5088E-03
  3.6700E+02  3.3706E-03
  3.6800E+02  3.4373E-03
  3.6900E+02  3.2582E-03
  3.7000E+02  3.1154E-03
  3.7100E+02  3.0849E-03
  3.7200E+02  3.0789E-03
  3.7300E+02  3.1894E-03
  3.7400E+02  3.2996E-03
  3.7500E+02  3.4441E-03
  3.7600E+02  3.7296E-03
  3.7700E+02  4.0932E-03
  3.7800E+02  4.4028E-03
  3.7900E+02  4.6158E-03
  3.8000E+02  4.8932E-03
  3.8100E+02  5.4458E-03
  3.8200E+02  5.8623E-03
  3.8300E+02  6.0462E-03
  3.8400E+02  6.1512E-03
  3.8500E+02  6.4523E-03
  3.8600E+02  6.8192E-03
  3.8700E+02  7.2677E-03
  3.8800E+02  7.8007E-03
  3.8900E+02  8.4015E-03
  3.9000E+02  8.7236E-03
  3.9100E+02  8.8117E-03
  3.9200E+02  8.9277E-03
  3.9300E+02  9.0439E-03
  3.9400E+02  9.1523E-03
  3.9500E+02  9.3243E-03
  3.9600E+02  9.5961E-03
  3.9700E+02  9.8833E-03
  3.9800E+02  9.9629E-03
  3.9900E+02  1.0114E-02
  4.0000E+02  1.0091E-02
  4.0100E+02  1.0272E-02
  4.0200E+02  1.0438E-02
  4.0300E+02  1.0749E-02
  4.0400E+02  1.0907E-02
  4.0500E+02  1.0828E-02
  4.0600E+02  1.0687E-02
  4.0700E+02  1.0779E-02
  4.0800E+02  1.0870E-02
  4.0900E+02  1.0960E-02
  4.1000E+02  1.1055E-02
  4.1100E+02  1.1193E-02
  4.1200E+02  1.1368E-02
  4.1300E+02  1.1639E-02
  4.1400E+02  1.1888E-02
  4.1500E+02  1.2072E-02
  4.1600E+02  1.2237E-02
  4.1700E+02  1.2383E-02
  4.1800E+02  1.2512E-02
  4.1900E+02  1.2634E-02
  4.2000E+02  1.2694E-02
  4.2100E+02  1.2836E-02
  4.2200E+02  1.2974E-02
  4.2300E+02  1.3175E-02
  4.2400E+02  1.2107E-02
  4.2500E+02  1.1938E-02
  4.2600E+02  1.1741E-02
  4.2700E+02  1.1533E-02
  4.2800E+02  1.1315E-02
  4.2900E+02  1.1086E-02
  4.3000E+02  1.0849E-02
  4.3100E+02  1.0585E-02
  4.3200E+02  1.0285E-02
  4.3300E+02  9.9567E-03
  4.3400E+02  9.7746E-03
  4.3500E+02  9.6076E-03
  4.3600E+02  9.4541E-03
  4.3700E+02  9.2944E-03
  4.3800E+02  9.1526E-03
  4.3900E+02  9.0255E-03
  4.4000E+02  8.7791E-03
  4.4100E+02  8.6985E-03
  4.4200E+02  8.6326E-03
  4.4300E+02  8.5584E-03
  4.4400E+02  8.4762E-03
  4.4500E+02  8.3970E-03
  4.4600E+02  8.3005E-03
  4.4700E+02  8.1623E-03
  4.4800E+02  8.0099E-03
  4.4900E+02  7.8870E-03
  4.5000E+02  7.7653E-03
  4.5100E+02  7.6464E-03
  4.5200E+02  7.5340E-03
  4.5300E+02  7.4280E-03
  4.5400E+02  7.3607E-03
  4.5500E+02  7.3190E-03
  4.5600E+02  7.2833E-03
  4.5700E+02  7.2613E-03
  4.5800E+02  7.2973E-03
  4.5900E+02  7.1829E-03
  4.6000E+02  7.0624E-03
  4.6100E+02  7.0303E-03
  4.6200E+02  7.0317E-03
  4.6300E+02  7.0621E-03
  4.6400E+02  6.9448E-03
  4.6500E+02  6.6260E-03
  4.6600E+02  6.5044E-03
  4.6700E+02  6.3831E-03
  4.6800E+02  6.2621E-03
  4.6900E+02  6.1413E-03
  4.7000E+02  6.0208E-03
  4.7100E+02  5.9005E-03
  4.7200E+02  5.7880E-03
  4.7300E+02  8.4988E-03
  4.7400E+02  2.0751E-02
  4.7500E+02  4.4188E-02
  4.7600E+02  5.6486E-02
  4.7700E+02  7.6911E-02
  4.7800E+02  9.4057E-02
  4.7900E+02  8.1326E-02
  4.8000E+02  7.2892E-02
  4.8100E+02  7.0758E-02
  4.8200E+02  7.1808E-02
  4.8300E+02  6.9208E-02
  4.8400E+02  6.7274E-02
  4.8500E+02  6.6387E-02
  4.8600E+02  6.4712E-02
  4.8700E+02  6.3939E-02
  4.8800E+02  6.3831E-02
  4.8900E+02  6.3671E-02
  4.9000E+02  6.4187E-02
  4.9100E+02  6.6512E-02
  4.9200E+02  6.7349E-02
  4.9300E+02  6.9061E-02
  4.9400E+02  6.8900E-02
  4.9500E+02  7.0461E-02
  4.9600E+02  7.3787E-02
  4.9700E+02  7.6730E-02
  4.9800E+02  7.9237E-02
  4.9900E+02  8.1903E-02
  5.0000E+02  7.3774E-02
  5.0100E+02  4.7831E-02
  5.0200E+02  3.8062E-02
  5.0300E+02  2.8414E-02
  5.0400E+02  2.4155E-02
  5.0500E+02  2.1948E-02
  5.0600E+02  2.0075E-02
  5.0700E+02  1.5946E-02
  5.0800E+02  1.4067E-02
  5.0900E+02  1.2570E-02
  5.1000E+02  1.1342E-02
  5.1100E+02  1.0352E-02
  5.1200E+02  9.7350E-03
  5.1300E+02  8.8400E-03
  5.1400E+02  7.8783E-03
  5.1500E+02  7.0371E-03
  5.1600E+02  6.2221E-03
  5.1700E+02  5.5251E-03
  5.1800E+02  7.0409E-03
  5.1900E+02  4.1551E-03
  5.2000E+02  3.2850E-03
  5.2100E+02  1.7762E-03
  5.2200E+02  5.8259E-04
  5.2300E+02  0.0000E+00
