 -1.3167E-05  0.0000E+00
  9.9999E-01  9.1178E-08
  2.0000E+00  3.6471E-07
  3.0000E+00  8.2060E-07
  4.0000E+00  1.4589E-06
  5.0000E+00  2.2795E-06
  6.0000E+00  3.2824E-06
  7.0000E+00  4.4677E-06
  8.0000E+00  5.8354E-06
  9.0000E+00  7.3854E-06
  1.0000E+01  9.1178E-06
  1.1000E+01  1.1033E-05
  1.2000E+01  1.3130E-05
  1.3000E+01  1.5409E-05
  1.4000E+01  1.7871E-05
  1.5000E+01  2.0515E-05
  1.6000E+01  2.3342E-05
  1.7000E+01  2.6351E-05
  1.8000E+01  2.9542E-05
  1.9000E+01  3.2915E-05
  2.0000E+01  3.6471E-05
  2.1000E+01  4.0210E-05
  2.2000E+01  4.4130E-05
  2.3000E+01  4.8233E-05
  2.4000E+01  5.2519E-05
  2.5000E+01  5.6986E-05
  2.6000E+01  6.1637E-05
  2.7000E+01  6.6469E-05
  2.8000E+01  7.1484E-05
  2.9000E+01  7.6681E-05
  3.0000E+01  8.2060E-05
  3.1000E+01  8.7622E-05
  3.2000E+01  9.3367E-05
  3.3000E+01  1.2407E-04
  3.4000E+01  1.6749E-04
  3.5000E+01  2.0695E-04
  3.6000E+01  2.4246E-04
  3.7000E+01  2.7401E-04
  3.8000E+01  3.0161E-04
  3.9000E+01  3.2525E-04
  4.0000E+01  3.4493E-04
  4.1000E+01  3.6065E-04
  4.2000E+01  3.7242E-04
  4.3000E+01  3.8023E-04
  4.4000E+01  3.9685E-04
  4.5000E+01  4.1817E-04
  4.6000E+01  4.3991E-04
  4.7000E+01  4.6209E-04
  4.8000E+01  4.8469E-04
  4.9000E+01  5.0796E-04
  5.0000E+01  5.3229E-04
  5.1000E+01  5.5765E-04
  5.2000E+01  5.8405E-04
  5.3000E+01  6.1147E-04
  5.4000E+01  6.3993E-04
  5.5000E+01  6.6943E-04
  5.6000E+01  6.9995E-04
  5.7000E+01  7.3151E-04
  5.8000E+01  7.6410E-04
  5.9000E+01  7.9772E-04
  6.0000E+01  8.3238E-04
  6.1000E+01  9.4113E-04
  6.2000E+01  1.0605E-03
  6.3000E+01  1.1401E-03
  6.4000E+01  1.3385E-03
  6.5000E+01  1.3509E-03
  6.6000E+01  1.2469E-03
  6.7000E+01  1.3019E-03
  6.8000E+01  1.3585E-03
  6.9000E+01  1.4165E-03
  7.0000E+01  1.4760E-03
  7.1000E+01  1.5371E-03
  7.2000E+01  1.5970E-03
  7.3000E+01  1.6584E-03
  7.4000E+01  1.7223E-03
  7.5000E+01  1.7887E-03
  7.6000E+01  1.8577E-03
  7.7000E+01  1.9292E-03
  7.8000E+01  2.0033E-03
  7.9000E+01  2.0799E-03
  8.0000E+01  2.1631E-03
  8.1000E+01  2.2667E-03
  8.2000E+01  2.3953E-03
  8.3000E+01  2.5489E-03
  8.4000E+01  2.7143E-03
  8.5000E+01  2.9029E-03
  8.6000E+01  2.9956E-03
  8.7000E+01  3.1292E-03
  8.8000E+01  3.2704E-03
  8.9000E+01  3.4191E-03
  9.0000E+01  3.6245E-03
  9.1000E+01  3.8587E-03
  9.2000E+01  4.1038E-03
  9.3000E+01  4.3405E-03
  9.4000E+01  4.5689E-03
  9.5000E+01  4.8170E-03
  9.6000E+01  5.0759E-03
  9.7000E+01  5.3495E-03
  9.8000E+01  5.7176E-03
  9.9000E+01  6.2300E-03
  1.0000E+02  7.1270E-03
  1.0100E+02  7.2665E-03
  1.0200E+02  7.8409E-03
  1.0300E+02  8.5451E-03
  1.0400E+02  9.4664E-03
  1.0500E+02  1.0364E-02
  1.0600E+02  1.1199E-02
  1.0700E+02  1.2356E-02
  1.0800E+02  1.2892E-02
  1.0900E+02  1.2745E-02
  1.1000E+02  1.3059E-02
  1.1100E+02  1.3500E-02
  1.1200E+02  1.3930E-02
  1.1300E+02  1.4518E-02
  1.1400E+02  1.4889E-02
  1.1500E+02  1.5238E-02
  1.1600E+02  1.5953E-02
  1.1700E+02  1.6238E-02
  1.1800E+02  1.6099E-02
  1.1900E+02  1.6485E-02
  1.2000E+02  1.6566E-02
  1.2100E+02  1.6882E-02
  1.2200E+02  1.7201E-02
  1.2300E+02  1.7603E-02
  1.2400E+02  1.8052E-02
  1.2500E+02  1.9071E-02
  1.2600E+02  1.9263E-02
  1.2700E+02  1.9830E-02
  1.2800E+02  2.0365E-02
  1.2900E+02  2.0961E-02
  1.3000E+02  2.1809E-02
  1.3100E+02  2.3473E-02
  1.3200E+02  2.4005E-02
  1.3300E+02  2.4498E-02
  1.3400E+02  2.5068E-02
  1.3500E+02  2.5701E-02
  1.3600E+02  2.7232E-02
  1.3700E+02  2.9130E-02
  1.3800E+02  3.2893E-02
  1.3900E+02  3.6221E-02
  1.4000E+02  3.5760E-02
  1.4100E+02  3.4859E-02
  1.4200E+02  3.3885E-02
  1.4300E+02  3.3225E-02
  1.4400E+02  3.1780E-02
  1.4500E+02  3.0273E-02
  1.4600E+02  2.7848E-02
  1.4700E+02  2.4668E-02
  1.4800E+02  2.1437E-02
  1.4900E+02  2.0971E-02
  1.5000E+02  2.0523E-02
  1.5100E+02  2.0109E-02
  1.5200E+02  1.9791E-02
  1.5300E+02  1.9500E-02
  1.5400E+02  1.9185E-02
  1.5500E+02  1.8890E-02
  1.5600E+02  1.8559E-02
  1.5700E+02  1.8194E-02
  1.5800E+02  1.7872E-02
  1.5900E+02  1.7704E-02
  1.6000E+02  1.7352E-02
  1.6100E+02  1.6929E-02
  1.6200E+02  1.6547E-02
  1.6300E+02  1.6230E-02
  1.6400E+02  1.5967E-02
  1.6500E+02  1.6067E-02
  1.6600E+02  1.6088E-02
  1.6700E+02  1.6113E-02
  1.6800E+02  1.6987E-02
  1.6900E+02  1.5004E-02
  1.7000E+02  1.4844E-02
  1.7100E+02  1.4678E-02
  1.7200E+02  1.4515E-02
  1.7300E+02  1.4393E-02
  1.7400E+02  1.4278E-02
  1.7500E+02  1.4155E-02
  1.7600E+02  1.4023E-02
  1.7700E+02  1.3913E-02
  1.7800E+02  1.3811E-02
  1.7900E+02  1.3724E-02
  1.8000E+02  1.3652E-02
  1.8100E+02  1.3615E-02
  1.8200E+02  1.3610E-02
  1.8300E+02  1.3606E-02
  1.8400E+02  1.3606E-02
  1.8500E+02  1.3621E-02
  1.8600E+02  1.3976E-02
  1.8700E+02  1.4248E-02
  1.8800E+02  1.4120E-02
  1.8900E+02  1.3801E-02
  1.9000E+02  1.3886E-02
  1.9100E+02  1.4476E-02
  1.9200E+02  1.4200E-02
  1.9300E+02  1.4247E-02
  1.9400E+02  1.4335E-02
  1.9500E+02  1.4456E-02
  1.9600E+02  1.4679E-02
  1.9700E+02  1.4782E-02
  1.9800E+02  1.4886E-02
  1.9900E+02  1.4982E-02
  2.0000E+02  1.5072E-02
  2.0100E+02  1.5208E-02
  2.0200E+02  1.5438E-02
  2.0300E+02  1.7840E-02
  2.0400E+02  1.8042E-02
  2.0500E+02  1.9240E-02
  2.0600E+02  1.8670E-02
  2.0700E+02  1.7840E-02
  2.0800E+02  1.4850E-02
  2.0900E+02  1.1355E-02
  2.1000E+02  7.6256E-03
  2.1100E+02  4.5240E-03
  2.1200E+02  2.1046E-03
  2.1300E+02  1.4184E-03
  2.1400E+02  1.4440E-03
  2.1500E+02  1.4705E-03
  2.1600E+02  1.4941E-03
  2.1700E+02  1.5139E-03
  2.1800E+02  1.5294E-03
  2.1900E+02  1.5533E-03
  2.2000E+02  1.5776E-03
  2.2100E+02  1.6018E-03
  2.2200E+02  1.6261E-03
  2.2300E+02  1.6504E-03
  2.2400E+02  1.6748E-03
  2.2500E+02  1.6993E-03
  2.2600E+02  1.7239E-03
  2.2700E+02  1.7486E-03
  2.2800E+02  1.7734E-03
  2.2900E+02  1.7982E-03
  2.3000E+02  1.8278E-03
  2.3100E+02  1.8588E-03
  2.3200E+02  1.8901E-03
  2.3300E+02  1.9219E-03
  2.3400E+02  1.9545E-03
  2.3500E+02  1.9880E-03
  2.3600E+02  2.0224E-03
  2.3700E+02  2.0577E-03
  2.3800E+02  2.0940E-03
  2.3900E+02  2.1311E-03
  2.4000E+02  2.1691E-03
  2.4100E+02  2.2064E-03
  2.4200E+02  2.2426E-03
  2.4300E+02  2.2775E-03
  2.4400E+02  2.3113E-03
  2.4500E+02  2.3439E-03
  2.4600E+02  2.3753E-03
  2.4700E+02  2.4056E-03
  2.4800E+02  2.4386E-03
  2.4900E+02  2.4764E-03
  2.5000E+02  2.5144E-03
  2.5100E+02  2.5541E-03
  2.5200E+02  2.5952E-03
  2.5300E+02  2.6373E-03
  2.5400E+02  2.6801E-03
  2.5500E+02  2.7237E-03
  2.5600E+02  2.7681E-03
  2.5700E+02  2.8132E-03
  2.5800E+02  2.8590E-03
  2.5900E+02  2.9057E-03
  2.6000E+02  2.9533E-03
  2.6100E+02  3.0026E-03
  2.6200E+02  3.0535E-03
  2.6300E+02  3.1068E-03
  2.6400E+02  3.1647E-03
  2.6500E+02  3.2274E-03
  2.6600E+02  3.2922E-03
  2.6700E+02  3.3471E-03
  2.6800E+02  3.3946E-03
  2.6900E+02  3.4347E-03
  2.7000E+02  3.4891E-03
  2.7100E+02  3.5458E-03
  2.7200E+02  3.6025E-03
  2.7300E+02  3.6594E-03
  2.7400E+02  3.7165E-03
  2.7500E+02  3.7739E-03
  2.7600E+02  3.8332E-03
  2.7700E+02  3.8969E-03
  2.7800E+02  3.9627E-03
  2.7900E+02  4.0305E-03
  2.8000E+02  4.1002E-03
  2.8100E+02  4.1720E-03
  2.8200E+02  4.2458E-03
  2.8300E+02  4.3239E-03
  2.8400E+02  4.4067E-03
  2.8500E+02  4.4943E-03
  2.8600E+02  4.5865E-03
  2.8700E+02  4.6785E-03
  2.8800E+02  4.7643E-03
  2.8900E+02  4.8444E-03
  2.9000E+02  4.9196E-03
  2.9100E+02  4.9844E-03
  2.9200E+02  5.0719E-03
  2.9300E+02  5.1774E-03
  2.9400E+02  5.2731E-03
  2.9500E+02  5.3648E-03
  2.9600E+02  5.4605E-03
  2.9700E+02  5.5584E-03
  2.9800E+02  5.6587E-03
  2.9900E+02  5.7611E-03
  3.0000E+02  5.8641E-03
  3.0100E+02  5.9672E-03
  3.0200E+02  6.0802E-03
  3.0300E+02  6.2034E-03
  3.0400E+02  6.3360E-03
  3.0500E+02  6.4804E-03
  3.0600E+02  6.6332E-03
  3.0700E+02  6.7953E-03
  3.0800E+02  6.9582E-03
  3.0900E+02  7.1042E-03
  3.1000E+02  7.2350E-03
  3.1100E+02  7.3891E-03
  3.1200E+02  7.5611E-03
  3.1300E+02  7.7421E-03
  3.1400E+02  7.9276E-03
  3.1500E+02  8.1072E-03
  3.1600E+02  8.2974E-03
  3.1700E+02  8.4971E-03
  3.1800E+02  8.7221E-03
  3.1900E+02  8.9576E-03
  3.2000E+02  9.2039E-03
  3.2100E+02  9.4647E-03
  3.2200E+02  9.7583E-03
  3.2300E+02  1.0116E-02
  3.2400E+02  1.0558E-02
  3.2500E+02  1.0989E-02
  3.2600E+02  1.1511E-02
  3.2700E+02  1.2122E-02
  3.2800E+02  1.2801E-02
  3.2900E+02  1.4226E-02
  3.3000E+02  1.5870E-02
  3.3100E+02  1.6720E-02
  3.3200E+02  1.6931E-02
  3.3300E+02  1.6658E-02
  3.3400E+02  1.6349E-02
  3.3500E+02  1.5920E-02
  3.3600E+02  1.5201E-02
  3.3700E+02  1.4462E-02
  3.3800E+02  1.3702E-02
  3.3900E+02  1.2882E-02
  3.4000E+02  1.2077E-02
  3.4100E+02  1.1416E-02
  3.4200E+02  1.1217E-02
  3.4300E+02  1.0705E-02
  3.4400E+02  1.0216E-02
  3.4500E+02  9.7433E-03
  3.4600E+02  9.3052E-03
  3.4700E+02  9.0477E-03
  3.4800E+02  8.4517E-03
  3.4900E+02  8.0715E-03
  3.5000E+02  7.7159E-03
  3.5100E+02  7.3721E-03
  3.5200E+02  7.0414E-03
  3.5300E+02  6.7239E-03
  3.5400E+02  6.4195E-03
  3.5500E+02  6.1269E-03
  3.5600E+02  5.8577E-03
  3.5700E+02  5.6306E-03
  3.5800E+02  5.4457E-03
  3.5900E+02  5.2035E-03
  3.6000E+02  4.9637E-03
  3.6100E+02  4.7997E-03
  3.6200E+02  4.6779E-03
  3.6300E+02  4.5422E-03
  3.6400E+02  4.2828E-03
  3.6500E+02  3.9596E-03
  3.6600E+02  3.6691E-03
  3.6700E+02  3.4115E-03
  3.6800E+02  3.1868E-03
  3.6900E+02  3.0807E-03
  3.7000E+02  3.1048E-03
  3.7100E+02  3.2322E-03
  3.7200E+02  3.4639E-03
  3.7300E+02  3.7994E-03
  3.7400E+02  4.1612E-03
  3.7500E+02  4.1127E-03
  3.7600E+02  4.0945E-03
  3.7700E+02  4.2841E-03
  3.7800E+02  4.4861E-03
  3.7900E+02  4.6994E-03
  3.8000E+02  4.9238E-03
  3.8100E+02  5.1891E-03
  3.8200E+02  5.7549E-03
  3.8300E+02  6.4292E-03
  3.8400E+02  7.0316E-03
  3.8500E+02  7.5444E-03
  3.8600E+02  8.0883E-03
  3.8700E+02  8.4090E-03
  3.8800E+02  8.5846E-03
  3.8900E+02  8.7398E-03
  3.9000E+02  8.9177E-03
  3.9100E+02  9.2507E-03
  3.9200E+02  8.9875E-03
  3.9300E+02  9.1292E-03
  3.9400E+02  9.8200E-03
  3.9500E+02  9.5779E-03
  3.9600E+02  9.6633E-03
  3.9700E+02  9.4064E-03
  3.9800E+02  9.4838E-03
  3.9900E+02  9.5643E-03
  4.0000E+02  9.6485E-03
  4.0100E+02  9.7369E-03
  4.0200E+02  9.8338E-03
  4.0300E+02  9.9713E-03
  4.0400E+02  1.0101E-02
  4.0500E+02  1.0289E-02
  4.0600E+02  1.0489E-02
  4.0700E+02  1.0682E-02
  4.0800E+02  1.0865E-02
  4.0900E+02  1.1048E-02
  4.1000E+02  1.1185E-02
  4.1100E+02  1.1261E-02
  4.1200E+02  1.1356E-02
  4.1300E+02  1.1429E-02
  4.1400E+02  1.1601E-02
  4.1500E+02  1.1781E-02
  4.1600E+02  1.1749E-02
  4.1700E+02  1.1648E-02
  4.1800E+02  1.1638E-02
  4.1900E+02  1.1652E-02
  4.2000E+02  1.1705E-02
  4.2100E+02  1.1840E-02
  4.2200E+02  1.1879E-02
  4.2300E+02  1.1862E-02
  4.2400E+02  1.1836E-02
  4.2500E+02  1.1827E-02
  4.2600E+02  1.2104E-02
  4.2700E+02  1.2075E-02
  4.2800E+02  1.1822E-02
  4.2900E+02  1.1452E-02
  4.3000E+02  1.0743E-02
  4.3100E+02  1.0187E-02
  4.3200E+02  9.9862E-03
  4.3300E+02  9.8287E-03
  4.3400E+02  9.6794E-03
  4.3500E+02  9.5316E-03
  4.3600E+02  9.3854E-03
  4.3700E+02  9.2413E-03
  4.3800E+02  9.0765E-03
  4.3900E+02  8.9180E-03
  4.4000E+02  8.7667E-03
  4.4100E+02  8.6225E-03
  4.4200E+02  8.4855E-03
  4.4300E+02  8.3782E-03
  4.4400E+02  8.2894E-03
  4.4500E+02  8.2093E-03
  4.4600E+02  8.1380E-03
  4.4700E+02  8.0652E-03
  4.4800E+02  7.9975E-03
  4.4900E+02  7.8784E-03
  4.5000E+02  7.7932E-03
  4.5100E+02  7.7443E-03
  4.5200E+02  7.7038E-03
  4.5300E+02  7.6711E-03
  4.5400E+02  7.6072E-03
  4.5500E+02  7.4981E-03
  4.5600E+02  7.3531E-03
  4.5700E+02  7.1968E-03
  4.5800E+02  7.0802E-03
  4.5900E+02  6.9662E-03
  4.6000E+02  6.8579E-03
  4.6100E+02  6.7553E-03
  4.6200E+02  6.6788E-03
  4.6300E+02  6.6475E-03
  4.6400E+02  6.6397E-03
  4.6500E+02  6.6842E-03
  4.6600E+02  6.8549E-03
  4.6700E+02  6.7467E-03
  4.6800E+02  6.9546E-03
  4.6900E+02  6.4744E-03
  4.7000E+02  6.3074E-03
  4.7100E+02  6.1415E-03
  4.7200E+02  5.9765E-03
  4.7300E+02  5.8125E-03
  4.7400E+02  7.4167E-03
  4.7500E+02  7.0999E-02
  4.7600E+02  7.2079E-02
  4.7700E+02  8.4667E-02
  4.7800E+02  8.7704E-02
  4.7900E+02  6.6983E-02
  4.8000E+02  6.5371E-02
  4.8100E+02  6.4473E-02
  4.8200E+02  6.6475E-02
  4.8300E+02  6.5786E-02
  4.8400E+02  6.5125E-02
  4.8500E+02  6.3698E-02
  4.8600E+02  6.3117E-02
  4.8700E+02  6.3726E-02
  4.8800E+02  6.2924E-02
  4.8900E+02  6.3296E-02
  4.9000E+02  6.4334E-02
  4.9100E+02  6.5168E-02
  4.9200E+02  6.6273E-02
  4.9300E+02  6.8110E-02
  4.9400E+02  7.0597E-02
  4.9500E+02  7.2508E-02
  4.9600E+02  7.4068E-02
  4.9700E+02  7.6968E-02
  4.9800E+02  8.0787E-02
  4.9900E+02  8.9235E-02
  5.0000E+02  8.3994E-02
  5.0100E+02  5.0273E-02
  5.0200E+02  3.4930E-02
  5.0300E+02  2.5460E-02
  5.0400E+02  2.1427E-02
  5.0500E+02  1.8922E-02
  5.0600E+02  1.6995E-02
  5.0700E+02  1.5747E-02
  5.0800E+02  1.4235E-02
  5.0900E+02  1.2716E-02
  5.1000E+02  1.1517E-02
  5.1100E+02  1.0459E-02
  5.1200E+02  9.5567E-03
  5.1300E+02  9.0631E-03
  5.1400E+02  8.4583E-03
  5.1500E+02  7.5754E-03
  5.1600E+02  6.7525E-03
  5.1700E+02  5.8367E-03
  5.1800E+02  5.1167E-03
  5.1900E+02  4.4700E-03
  5.2000E+02  3.7973E-03
  5.2100E+02  2.0819E-03
  5.2200E+02  7.5477E-04
  5.2300E+02  0.0000E+00
