 -9.0571E-06  0.0000E+00
  9.9999E-01  1.1705E-07
  2.0000E+00  4.6819E-07
  3.0000E+00  1.0534E-06
  4.0000E+00  1.8728E-06
  5.0000E+00  2.9262E-06
  6.0000E+00  4.2137E-06
  7.0000E+00  5.7354E-06
  8.0000E+00  7.4911E-06
  9.0000E+00  9.4809E-06
  1.0000E+01  1.1705E-05
  1.1000E+01  1.4163E-05
  1.2000E+01  1.6855E-05
  1.3000E+01  1.9781E-05
  1.4000E+01  2.2941E-05
  1.5000E+01  2.6336E-05
  1.6000E+01  2.9964E-05
  1.7000E+01  3.3827E-05
  1.8000E+01  3.7924E-05
  1.9000E+01  4.2254E-05
  2.0000E+01  4.6819E-05
  2.1000E+01  5.1618E-05
  2.2000E+01  5.6651E-05
  2.3000E+01  6.1919E-05
  2.4000E+01  6.7420E-05
  2.5000E+01  7.3155E-05
  2.6000E+01  7.9125E-05
  2.7000E+01  8.5328E-05
  2.8000E+01  9.1766E-05
  2.9000E+01  9.8438E-05
  3.0000E+01  1.0534E-04
  3.1000E+01  1.1248E-04
  3.2000E+01  1.1986E-04
  3.3000E+01  1.2747E-04
  3.4000E+01  1.3531E-04
  3.5000E+01  1.4338E-04
  3.6000E+01  1.5169E-04
  3.7000E+01  1.6024E-04
  3.8000E+01  1.6902E-04
  3.9000E+01  1.7803E-04
  4.0000E+01  1.8728E-04
  4.1000E+01  1.9676E-04
  4.2000E+01  2.0647E-04
  4.3000E+01  2.1642E-04
  4.4000E+01  2.2661E-04
  4.5000E+01  2.3702E-04
  4.6000E+01  2.4767E-04
  4.7000E+01  2.5856E-04
  4.8000E+01  2.6968E-04
  4.9000E+01  2.8103E-04
  5.0000E+01  2.9262E-04
  5.1000E+01  3.0444E-04
  5.2000E+01  3.1650E-04
  5.3000E+01  3.2879E-04
  5.4000E+01  3.4131E-04
  5.5000E+01  3.5407E-04
  5.6000E+01  3.6706E-04
  5.7000E+01  3.8029E-04
  5.8000E+01  3.9375E-04
  5.9000E+01  4.0745E-04
  6.0000E+01  4.4680E-04
  6.1000E+01  5.7280E-04
  6.2000E+01  6.9414E-04
  6.3000E+01  8.1083E-04
  6.4000E+01  9.2287E-04
  6.5000E+01  1.0303E-03
  6.6000E+01  1.1330E-03
  6.7000E+01  1.2311E-03
  6.8000E+01  1.3245E-03
  6.9000E+01  1.4133E-03
  7.0000E+01  1.4975E-03
  7.1000E+01  1.5769E-03
  7.2000E+01  1.6518E-03
  7.3000E+01  1.7220E-03
  7.4000E+01  1.7875E-03
  7.5000E+01  1.8484E-03
  7.6000E+01  1.9046E-03
  7.7000E+01  1.9562E-03
  7.8000E+01  2.0031E-03
  7.9000E+01  2.0457E-03
  8.0000E+01  2.1209E-03
  8.1000E+01  2.1978E-03
  8.2000E+01  2.2763E-03
  8.3000E+01  2.3564E-03
  8.4000E+01  2.4381E-03
  8.5000E+01  2.5215E-03
  8.6000E+01  2.6065E-03
  8.7000E+01  2.6932E-03
  8.8000E+01  2.7815E-03
  8.9000E+01  2.8775E-03
  9.0000E+01  3.0110E-03
  9.1000E+01  3.1698E-03
  9.2000E+01  3.3540E-03
  9.3000E+01  3.5614E-03
  9.4000E+01  3.7830E-03
  9.5000E+01  4.0174E-03
  9.6000E+01  4.2648E-03
  9.7000E+01  4.5252E-03
  9.8000E+01  4.7984E-03
  9.9000E+01  5.0846E-03
  1.0000E+02  5.3837E-03
  1.0100E+02  5.6958E-03
  1.0200E+02  6.0636E-03
  1.0300E+02  6.5314E-03
  1.0400E+02  7.0906E-03
  1.0500E+02  7.6698E-03
  1.0600E+02  8.2253E-03
  1.0700E+02  8.7690E-03
  1.0800E+02  9.3258E-03
  1.0900E+02  9.8954E-03
  1.1000E+02  1.0478E-02
  1.1100E+02  1.1074E-02
  1.1200E+02  1.1682E-02
  1.1300E+02  1.2303E-02
  1.1400E+02  1.2938E-02
  1.1500E+02  1.4732E-02
  1.1600E+02  1.5449E-02
  1.1700E+02  1.6493E-02
  1.1800E+02  1.7336E-02
  1.1900E+02  2.1700E-02
  1.2000E+02  1.6506E-02
  1.2100E+02  1.6644E-02
  1.2200E+02  1.6749E-02
  1.2300E+02  1.6920E-02
  1.2400E+02  1.7463E-02
  1.2500E+02  1.8059E-02
  1.2600E+02  1.8509E-02
  1.2700E+02  1.8808E-02
  1.2800E+02  1.8956E-02
  1.2900E+02  1.8953E-02
  1.3000E+02  1.9287E-02
  1.3100E+02  1.9655E-02
  1.3200E+02  2.0033E-02
  1.3300E+02  2.3462E-02
  1.3400E+02  2.6914E-02
  1.3500E+02  2.9995E-02
  1.3600E+02  2.7999E-02
  1.3700E+02  2.7954E-02
  1.3800E+02  2.9913E-02
  1.3900E+02  3.0564E-02
  1.4000E+02  3.0343E-02
  1.4100E+02  3.0537E-02
  1.4200E+02  3.0804E-02
  1.4300E+02  3.0883E-02
  1.4400E+02  3.0774E-02
  1.4500E+02  3.0589E-02
  1.4600E+02  3.0476E-02
  1.4700E+02  2.9959E-02
  1.4800E+02  2.8752E-02
  1.4900E+02  2.9126E-02
  1.5000E+02  3.1710E-02
  1.5100E+02  2.6673E-02
  1.5200E+02  2.6224E-02
  1.5300E+02  2.5869E-02
  1.5400E+02  2.5457E-02
  1.5500E+02  2.4960E-02
  1.5600E+02  2.4380E-02
  1.5700E+02  2.3716E-02
  1.5800E+02  2.3099E-02
  1.5900E+02  2.2678E-02
  1.6000E+02  2.2252E-02
  1.6100E+02  2.1831E-02
  1.6200E+02  2.1445E-02
  1.6300E+02  2.1092E-02
  1.6400E+02  2.0773E-02
  1.6500E+02  2.7528E-02
  1.6600E+02  2.2240E-02
  1.6700E+02  1.6001E-02
  1.6800E+02  1.4447E-02
  1.6900E+02  1.4337E-02
  1.7000E+02  1.4236E-02
  1.7100E+02  1.4144E-02
  1.7200E+02  1.4062E-02
  1.7300E+02  1.3989E-02
  1.7400E+02  1.3926E-02
  1.7500E+02  1.3871E-02
  1.7600E+02  1.3826E-02
  1.7700E+02  1.3793E-02
  1.7800E+02  1.3774E-02
  1.7900E+02  1.3764E-02
  1.8000E+02  1.3763E-02
  1.8100E+02  1.3782E-02
  1.8200E+02  1.3834E-02
  1.8300E+02  1.3886E-02
  1.8400E+02  1.3936E-02
  1.8500E+02  1.3986E-02
  1.8600E+02  1.4034E-02
  1.8700E+02  1.4081E-02
  1.8800E+02  1.4127E-02
  1.8900E+02  1.4135E-02
  1.9000E+02  1.4142E-02
  1.9100E+02  1.4160E-02
  1.9200E+02  1.4189E-02
  1.9300E+02  1.4230E-02
  1.9400E+02  1.4284E-02
  1.9500E+02  1.4355E-02
  1.9600E+02  1.4452E-02
  1.9700E+02  1.4592E-02
  1.9800E+02  1.4775E-02
  1.9900E+02  1.5008E-02
  2.0000E+02  1.5382E-02
  2.0100E+02  1.5930E-02
  2.0200E+02  1.6650E-02
  2.0300E+02  1.7543E-02
  2.0400E+02  1.7369E-02
  2.0500E+02  1.5628E-02
  2.0600E+02  1.3086E-02
  2.0700E+02  9.1623E-03
  2.0800E+02  4.2490E-03
  2.0900E+02  1.2829E-03
  2.1000E+02  1.3027E-03
  2.1100E+02  1.3230E-03
  2.1200E+02  1.3438E-03
  2.1300E+02  1.3652E-03
  2.1400E+02  1.3871E-03
  2.1500E+02  1.4094E-03
  2.1600E+02  1.4323E-03
  2.1700E+02  1.4557E-03
  2.1800E+02  1.4797E-03
  2.1900E+02  1.5041E-03
  2.2000E+02  1.5291E-03
  2.2100E+02  1.5545E-03
  2.2200E+02  1.5805E-03
  2.2300E+02  1.6070E-03
  2.2400E+02  1.6341E-03
  2.2500E+02  1.6616E-03
  2.2600E+02  1.6896E-03
  2.2700E+02  1.7182E-03
  2.2800E+02  1.7473E-03
  2.2900E+02  1.7769E-03
  2.3000E+02  1.8070E-03
  2.3100E+02  1.8376E-03
  2.3200E+02  1.8687E-03
  2.3300E+02  1.9004E-03
  2.3400E+02  1.9326E-03
  2.3500E+02  1.9653E-03
  2.3600E+02  1.9988E-03
  2.3700E+02  2.0336E-03
  2.3800E+02  2.0696E-03
  2.3900E+02  2.1069E-03
  2.4000E+02  2.1454E-03
  2.4100E+02  2.1851E-03
  2.4200E+02  2.2261E-03
  2.4300E+02  2.2684E-03
  2.4400E+02  2.3119E-03
  2.4500E+02  2.3566E-03
  2.4600E+02  2.4025E-03
  2.4700E+02  2.4497E-03
  2.4800E+02  2.4980E-03
  2.4900E+02  2.5473E-03
  2.5000E+02  2.5945E-03
  2.5100E+02  2.6369E-03
  2.5200E+02  2.6760E-03
  2.5300E+02  2.7118E-03
  2.5400E+02  2.7444E-03
  2.5500E+02  2.7737E-03
  2.5600E+02  2.7998E-03
  2.5700E+02  2.8226E-03
  2.5800E+02  2.8422E-03
  2.5900E+02  2.8756E-03
  2.6000E+02  2.9268E-03
  2.6100E+02  2.9788E-03
  2.6200E+02  3.0314E-03
  2.6300E+02  3.0848E-03
  2.6400E+02  3.1388E-03
  2.6500E+02  3.1935E-03
  2.6600E+02  3.2489E-03
  2.6700E+02  3.3050E-03
  2.6800E+02  3.3617E-03
  2.6900E+02  3.4192E-03
  2.7000E+02  3.4773E-03
  2.7100E+02  3.5361E-03
  2.7200E+02  3.5957E-03
  2.7300E+02  3.6559E-03
  2.7400E+02  3.7167E-03
  2.7500E+02  3.7783E-03
  2.7600E+02  3.8406E-03
  2.7700E+02  3.9035E-03
  2.7800E+02  3.9672E-03
  2.7900E+02  4.0315E-03
  2.8000E+02  4.0965E-03
  2.8100E+02  4.1622E-03
  2.8200E+02  4.2286E-03
  2.8300E+02  4.2957E-03
  2.8400E+02  4.3634E-03
  2.8500E+02  4.4319E-03
  2.8600E+02  4.5050E-03
  2.8700E+02  4.6257E-03
  2.8800E+02  4.7983E-03
  2.8900E+02  4.9668E-03
  2.9000E+02  5.1191E-03
  2.9100E+02  5.2543E-03
  2.9200E+02  5.3715E-03
  2.9300E+02  5.4870E-03
  2.9400E+02  5.6009E-03
  2.9500E+02  5.7132E-03
  2.9600E+02  5.8238E-03
  2.9700E+02  5.9328E-03
  2.9800E+02  6.0401E-03
  2.9900E+02  6.1458E-03
  3.0000E+02  6.2525E-03
  3.0100E+02  6.3746E-03
  3.0200E+02  6.5049E-03
  3.0300E+02  6.6434E-03
  3.0400E+02  6.7900E-03
  3.0500E+02  6.9449E-03
  3.0600E+02  7.1079E-03
  3.0700E+02  7.2790E-03
  3.0800E+02  7.4584E-03
  3.0900E+02  7.6459E-03
  3.1000E+02  7.8415E-03
  3.1100E+02  8.0454E-03
  3.1200E+02  8.2574E-03
  3.1300E+02  8.4776E-03
  3.1400E+02  8.7060E-03
  3.1500E+02  8.9425E-03
  3.1600E+02  9.1872E-03
  3.1700E+02  9.4401E-03
  3.1800E+02  9.7012E-03
  3.1900E+02  9.9704E-03
  3.2000E+02  1.0248E-02
  3.2100E+02  1.0533E-02
  3.2200E+02  1.0827E-02
  3.2300E+02  1.1129E-02
  3.2400E+02  1.1495E-02
  3.2500E+02  1.1986E-02
  3.2600E+02  1.2617E-02
  3.2700E+02  1.3388E-02
  3.2800E+02  1.4554E-02
  3.2900E+02  1.5856E-02
  3.3000E+02  1.7122E-02
  3.3100E+02  1.8472E-02
  3.3200E+02  1.8407E-02
  3.3300E+02  1.8476E-02
  3.3400E+02  1.7753E-02
  3.3500E+02  1.6947E-02
  3.3600E+02  1.6127E-02
  3.3700E+02  1.5295E-02
  3.3800E+02  1.4449E-02
  3.3900E+02  1.3591E-02
  3.4000E+02  1.2720E-02
  3.4100E+02  1.1835E-02
  3.4200E+02  1.0938E-02
  3.4300E+02  1.0012E-02
  3.4400E+02  9.1642E-03
  3.4500E+02  8.4557E-03
  3.4600E+02  7.9699E-03
  3.4700E+02  7.6377E-03
  3.4800E+02  7.3170E-03
  3.4900E+02  7.0077E-03
  3.5000E+02  6.7099E-03
  3.5100E+02  6.4236E-03
  3.5200E+02  6.1488E-03
  3.5300E+02  5.8854E-03
  3.5400E+02  5.6335E-03
  3.5500E+02  5.3930E-03
  3.5600E+02  5.1640E-03
  3.5700E+02  4.9465E-03
  3.5800E+02  4.7404E-03
  3.5900E+02  4.5457E-03
  3.6000E+02  4.3591E-03
  3.6100E+02  4.1798E-03
  3.6200E+02  4.0078E-03
  3.6300E+02  3.8429E-03
  3.6400E+02  3.6852E-03
  3.6500E+02  3.5348E-03
  3.6600E+02  3.3916E-03
  3.6700E+02  3.2556E-03
  3.6800E+02  3.1268E-03
  3.6900E+02  3.0220E-03
  3.7000E+02  3.0017E-03
  3.7100E+02  2.9373E-03
  3.7200E+02  2.8411E-03
  3.7300E+02  2.7540E-03
  3.7400E+02  2.6792E-03
  3.7500E+02  2.6166E-03
  3.7600E+02  2.5663E-03
  3.7700E+02  2.5268E-03
  3.7800E+02  2.4972E-03
  3.7900E+02  2.4775E-03
  3.8000E+02  2.4676E-03
  3.8100E+02  2.4677E-03
  3.8200E+02  2.5068E-03
  3.8300E+02  2.6204E-03
  3.8400E+02  2.8087E-03
  3.8500E+02  3.0716E-03
  3.8600E+02  3.4091E-03
  3.8700E+02  3.8213E-03
  3.8800E+02  4.3310E-03
  3.8900E+02  5.3212E-03
  3.9000E+02  6.8116E-03
  3.9100E+02  8.8020E-03
  3.9200E+02  1.1293E-02
  3.9300E+02  1.2354E-02
  3.9400E+02  1.1941E-02
  3.9500E+02  1.0481E-02
  3.9600E+02  1.0406E-02
  3.9700E+02  1.0369E-02
  3.9800E+02  1.0371E-02
  3.9900E+02  1.0411E-02
  4.0000E+02  1.0490E-02
  4.0100E+02  1.0607E-02
  4.0200E+02  1.0678E-02
  4.0300E+02  1.0759E-02
  4.0400E+02  1.0878E-02
  4.0500E+02  1.1038E-02
  4.0600E+02  1.1227E-02
  4.0700E+02  1.1356E-02
  4.0800E+02  1.1478E-02
  4.0900E+02  1.1594E-02
  4.1000E+02  1.1704E-02
  4.1100E+02  1.1807E-02
  4.1200E+02  1.1904E-02
  4.1300E+02  1.1994E-02
  4.1400E+02  1.2078E-02
  4.1500E+02  1.2155E-02
  4.1600E+02  1.2226E-02
  4.1700E+02  1.2292E-02
  4.1800E+02  1.2359E-02
  4.1900E+02  1.2427E-02
  4.2000E+02  1.2495E-02
  4.2100E+02  1.2565E-02
  4.2200E+02  1.2636E-02
  4.2300E+02  1.2849E-02
  4.2400E+02  1.3662E-02
  4.2500E+02  1.5141E-02
  4.2600E+02  1.5525E-02
  4.2700E+02  1.5719E-02
  4.2800E+02  1.5643E-02
  4.2900E+02  1.5167E-02
  4.3000E+02  1.4420E-02
  4.3100E+02  1.2763E-02
  4.3200E+02  1.0953E-02
  4.3300E+02  1.0610E-02
  4.3400E+02  1.0263E-02
  4.3500E+02  9.9130E-03
  4.3600E+02  9.6220E-03
  4.3700E+02  9.4785E-03
  4.3800E+02  9.3366E-03
  4.3900E+02  9.1964E-03
  4.4000E+02  9.0579E-03
  4.4100E+02  8.9209E-03
  4.4200E+02  8.7857E-03
  4.4300E+02  8.6521E-03
  4.4400E+02  8.5201E-03
  4.4500E+02  8.3897E-03
  4.4600E+02  8.2611E-03
  4.4700E+02  8.1340E-03
  4.4800E+02  8.0086E-03
  4.4900E+02  7.8849E-03
  4.5000E+02  7.7628E-03
  4.5100E+02  7.6423E-03
  4.5200E+02  7.5235E-03
  4.5300E+02  7.4064E-03
  4.5400E+02  7.2908E-03
  4.5500E+02  7.1770E-03
  4.5600E+02  7.0647E-03
  4.5700E+02  6.9542E-03
  4.5800E+02  6.8452E-03
  4.5900E+02  6.7779E-03
  4.6000E+02  6.8809E-03
  4.6100E+02  7.0512E-03
  4.6200E+02  7.1604E-03
  4.6300E+02  7.4049E-03
  4.6400E+02  7.7846E-03
  4.6500E+02  7.7984E-03
  4.6600E+02  6.8578E-03
  4.6700E+02  6.2085E-03
  4.6800E+02  5.8506E-03
  4.6900E+02  5.7105E-03
  4.7000E+02  5.5840E-03
  4.7100E+02  5.4592E-03
  4.7200E+02  5.3360E-03
  4.7300E+02  5.6587E-03
  4.7400E+02  1.2963E-02
  4.7500E+02  2.5304E-02
  4.7600E+02  3.8554E-02
  4.7700E+02  5.6585E-02
  4.7800E+02  1.2230E-01
  4.7900E+02  8.8407E-02
  4.8000E+02  6.7829E-02
  4.8100E+02  6.7782E-02
  4.8200E+02  6.8791E-02
  4.8300E+02  6.8779E-02
  4.8400E+02  6.8956E-02
  4.8500E+02  7.0026E-02
  4.8600E+02  6.9304E-02
  4.8700E+02  7.0306E-02
  4.8800E+02  7.1065E-02
  4.8900E+02  7.1581E-02
  4.9000E+02  7.2068E-02
  4.9100E+02  7.4198E-02
  4.9200E+02  8.5755E-02
  4.9300E+02  8.7146E-02
  4.9400E+02  8.4048E-02
  4.9500E+02  8.1354E-02
  4.9600E+02  7.7159E-02
  4.9700E+02  7.1700E-02
  4.9800E+02  6.7383E-02
  4.9900E+02  7.6934E-02
  5.0000E+02  5.8789E-02
  5.0100E+02  4.1116E-02
  5.0200E+02  3.2315E-02
  5.0300E+02  2.7582E-02
  5.0400E+02  2.4182E-02
  5.0500E+02  2.1370E-02
  5.0600E+02  1.9161E-02
  5.0700E+02  1.7786E-02
  5.0800E+02  1.2675E-02
  5.0900E+02  1.1711E-02
  5.1000E+02  1.0816E-02
  5.1100E+02  9.8594E-03
  5.1200E+02  8.8424E-03
  5.1300E+02  7.7646E-03
  5.1400E+02  6.6260E-03
  5.1500E+02  5.4267E-03
  5.1600E+02  4.3674E-03
  5.1700E+02  4.7397E-03
  5.1800E+02  3.2006E-03
  5.1900E+02  1.1586E-03
  5.2000E+02  6.5020E-04
  5.2100E+02  2.8763E-04
  5.2200E+02  7.0897E-05
  5.2300E+02  0.0000E+00
