 -1.3167E-05  0.0000E+00
  9.9999E-01  9.7342E-08
  2.0000E+00  3.8937E-07
  3.0000E+00  8.7608E-07
  4.0000E+00  1.5575E-06
  5.0000E+00  2.4336E-06
  6.0000E+00  3.5043E-06
  7.0000E+00  4.7698E-06
  8.0000E+00  6.2299E-06
  9.0000E+00  7.8847E-06
  1.0000E+01  9.7342E-06
  1.1000E+01  1.1778E-05
  1.2000E+01  1.4017E-05
  1.3000E+01  1.6451E-05
  1.4000E+01  1.9079E-05
  1.5000E+01  2.1902E-05
  1.6000E+01  2.4920E-05
  1.7000E+01  2.8132E-05
  1.8000E+01  3.1539E-05
  1.9000E+01  3.5141E-05
  2.0000E+01  3.8937E-05
  2.1000E+01  4.2928E-05
  2.2000E+01  4.7114E-05
  2.3000E+01  5.1494E-05
  2.4000E+01  5.6069E-05
  2.5000E+01  6.0839E-05
  2.6000E+01  6.5803E-05
  2.7000E+01  7.0962E-05
  2.8000E+01  7.6316E-05
  2.9000E+01  8.1865E-05
  3.0000E+01  8.7608E-05
  3.1000E+01  9.3546E-05
  3.2000E+01  9.9678E-05
  3.3000E+01  1.0601E-04
  3.4000E+01  1.1253E-04
  3.5000E+01  1.1924E-04
  3.6000E+01  1.2616E-04
  3.7000E+01  1.3326E-04
  3.8000E+01  1.4056E-04
  3.9000E+01  1.4806E-04
  4.0000E+01  1.5575E-04
  4.1000E+01  1.6363E-04
  4.2000E+01  1.7171E-04
  4.3000E+01  2.1854E-04
  4.4000E+01  2.8116E-04
  4.5000E+01  3.4001E-04
  4.6000E+01  3.9510E-04
  4.7000E+01  4.4643E-04
  4.8000E+01  4.9400E-04
  4.9000E+01  5.3781E-04
  5.0000E+01  5.7785E-04
  5.1000E+01  6.1413E-04
  5.2000E+01  6.4665E-04
  5.3000E+01  6.7541E-04
  5.4000E+01  7.0041E-04
  5.5000E+01  7.2164E-04
  5.6000E+01  7.3911E-04
  5.7000E+01  7.6028E-04
  5.8000E+01  7.9411E-04
  5.9000E+01  8.2861E-04
  6.0000E+01  8.6378E-04
  6.1000E+01  8.9962E-04
  6.2000E+01  9.3613E-04
  6.3000E+01  9.7331E-04
  6.4000E+01  1.0129E-03
  6.5000E+01  1.0549E-03
  6.6000E+01  1.0991E-03
  6.7000E+01  1.1456E-03
  6.8000E+01  1.1942E-03
  6.9000E+01  1.2451E-03
  7.0000E+01  1.2982E-03
  7.1000E+01  1.3535E-03
  7.2000E+01  1.4111E-03
  7.3000E+01  1.4708E-03
  7.4000E+01  1.5328E-03
  7.5000E+01  1.6035E-03
  7.6000E+01  1.6915E-03
  7.7000E+01  1.7966E-03
  7.8000E+01  1.9191E-03
  7.9000E+01  2.1036E-03
  8.0000E+01  2.3869E-03
  8.1000E+01  2.5700E-03
  8.2000E+01  2.6481E-03
  8.3000E+01  2.6166E-03
  8.4000E+01  2.7461E-03
  8.5000E+01  3.0804E-03
  8.6000E+01  3.2412E-03
  8.7000E+01  3.2283E-03
  8.8000E+01  3.2132E-03
  8.9000E+01  3.3416E-03
  9.0000E+01  3.5189E-03
  9.1000E+01  3.7418E-03
  9.2000E+01  3.9889E-03
  9.3000E+01  4.2392E-03
  9.4000E+01  4.4926E-03
  9.5000E+01  4.7492E-03
  9.6000E+01  5.0088E-03
  9.7000E+01  5.2715E-03
  9.8000E+01  5.5398E-03
  9.9000E+01  5.8452E-03
  1.0000E+02  6.2218E-03
  1.0100E+02  6.6707E-03
  1.0200E+02  7.1966E-03
  1.0300E+02  7.8351E-03
  1.0400E+02  9.0932E-03
  1.0500E+02  9.4191E-03
  1.0600E+02  1.0491E-02
  1.0700E+02  1.1027E-02
  1.0800E+02  1.1656E-02
  1.0900E+02  1.2353E-02
  1.1000E+02  1.3323E-02
  1.1100E+02  1.3858E-02
  1.1200E+02  1.5974E-02
  1.1300E+02  1.3812E-02
  1.1400E+02  1.4244E-02
  1.1500E+02  1.4686E-02
  1.1600E+02  1.5093E-02
  1.1700E+02  1.5505E-02
  1.1800E+02  1.6112E-02
  1.1900E+02  1.6664E-02
  1.2000E+02  1.7046E-02
  1.2100E+02  1.7431E-02
  1.2200E+02  1.7657E-02
  1.2300E+02  1.8366E-02
  1.2400E+02  1.9239E-02
  1.2500E+02  1.9917E-02
  1.2600E+02  2.0333E-02
  1.2700E+02  2.2729E-02
  1.2800E+02  2.1470E-02
  1.2900E+02  2.1335E-02
  1.3000E+02  2.1692E-02
  1.3100E+02  2.2064E-02
  1.3200E+02  2.2450E-02
  1.3300E+02  2.2869E-02
  1.3400E+02  2.3883E-02
  1.3500E+02  2.5253E-02
  1.3600E+02  2.6673E-02
  1.3700E+02  2.8598E-02
  1.3800E+02  3.1978E-02
  1.3900E+02  3.4007E-02
  1.4000E+02  3.3307E-02
  1.4100E+02  3.2660E-02
  1.4200E+02  3.2010E-02
  1.4300E+02  3.1361E-02
  1.4400E+02  3.0415E-02
  1.4500E+02  2.9697E-02
  1.4600E+02  2.8988E-02
  1.4700E+02  2.9010E-02
  1.4800E+02  2.7077E-02
  1.4900E+02  2.6394E-02
  1.5000E+02  2.5612E-02
  1.5100E+02  2.4721E-02
  1.5200E+02  2.3618E-02
  1.5300E+02  2.1996E-02
  1.5400E+02  1.8772E-02
  1.5500E+02  1.8402E-02
  1.5600E+02  1.8066E-02
  1.5700E+02  1.7766E-02
  1.5800E+02  1.7545E-02
  1.5900E+02  1.7377E-02
  1.6000E+02  1.7107E-02
  1.6100E+02  1.6837E-02
  1.6200E+02  1.6575E-02
  1.6300E+02  1.6344E-02
  1.6400E+02  1.6156E-02
  1.6500E+02  1.5960E-02
  1.6600E+02  1.5787E-02
  1.6700E+02  1.5600E-02
  1.6800E+02  1.5395E-02
  1.6900E+02  1.5188E-02
  1.7000E+02  1.5031E-02
  1.7100E+02  1.4887E-02
  1.7200E+02  1.4753E-02
  1.7300E+02  1.4627E-02
  1.7400E+02  1.4506E-02
  1.7500E+02  1.4386E-02
  1.7600E+02  1.4270E-02
  1.7700E+02  1.4167E-02
  1.7800E+02  1.4103E-02
  1.7900E+02  1.4860E-02
  1.8000E+02  1.5374E-02
  1.8100E+02  1.5245E-02
  1.8200E+02  1.4489E-02
  1.8300E+02  1.4329E-02
  1.8400E+02  1.4050E-02
  1.8500E+02  1.3835E-02
  1.8600E+02  1.3831E-02
  1.8700E+02  1.3839E-02
  1.8800E+02  1.3844E-02
  1.8900E+02  1.3841E-02
  1.9000E+02  1.3831E-02
  1.9100E+02  1.3828E-02
  1.9200E+02  1.4129E-02
  1.9300E+02  1.4454E-02
  1.9400E+02  1.4580E-02
  1.9500E+02  1.4688E-02
  1.9600E+02  1.4779E-02
  1.9700E+02  1.4851E-02
  1.9800E+02  1.4897E-02
  1.9900E+02  1.4983E-02
  2.0000E+02  1.5141E-02
  2.0100E+02  1.5369E-02
  2.0200E+02  1.5710E-02
  2.0300E+02  1.6939E-02
  2.0400E+02  1.9002E-02
  2.0500E+02  2.1571E-02
  2.0600E+02  1.9561E-02
  2.0700E+02  1.5405E-02
  2.0800E+02  1.0444E-02
  2.0900E+02  6.4490E-03
  2.1000E+02  3.7512E-03
  2.1100E+02  2.2121E-03
  2.1200E+02  1.4548E-03
  2.1300E+02  1.3808E-03
  2.1400E+02  1.4113E-03
  2.1500E+02  1.4378E-03
  2.1600E+02  1.4647E-03
  2.1700E+02  1.4918E-03
  2.1800E+02  1.5194E-03
  2.1900E+02  1.5473E-03
  2.2000E+02  1.5756E-03
  2.2100E+02  1.6042E-03
  2.2200E+02  1.6332E-03
  2.2300E+02  1.6619E-03
  2.2400E+02  1.6902E-03
  2.2500E+02  1.7181E-03
  2.2600E+02  1.7455E-03
  2.2700E+02  1.7724E-03
  2.2800E+02  1.7989E-03
  2.2900E+02  1.8249E-03
  2.3000E+02  1.8505E-03
  2.3100E+02  1.8756E-03
  2.3200E+02  1.9003E-03
  2.3300E+02  1.9245E-03
  2.3400E+02  1.9482E-03
  2.3500E+02  1.9726E-03
  2.3600E+02  2.0007E-03
  2.3700E+02  2.0299E-03
  2.3800E+02  2.0601E-03
  2.3900E+02  2.0913E-03
  2.4000E+02  2.1235E-03
  2.4100E+02  2.1568E-03
  2.4200E+02  2.1910E-03
  2.4300E+02  2.2263E-03
  2.4400E+02  2.2626E-03
  2.4500E+02  2.3000E-03
  2.4600E+02  2.3383E-03
  2.4700E+02  2.3776E-03
  2.4800E+02  2.4176E-03
  2.4900E+02  2.4582E-03
  2.5000E+02  2.4995E-03
  2.5100E+02  2.5415E-03
  2.5200E+02  2.5841E-03
  2.5300E+02  2.6275E-03
  2.5400E+02  2.6726E-03
  2.5500E+02  2.7198E-03
  2.5600E+02  2.7690E-03
  2.5700E+02  2.8205E-03
  2.5800E+02  2.8750E-03
  2.5900E+02  2.9329E-03
  2.6000E+02  2.9943E-03
  2.6100E+02  3.0473E-03
  2.6200E+02  3.0944E-03
  2.6300E+02  3.1360E-03
  2.6400E+02  3.1722E-03
  2.6500E+02  3.2030E-03
  2.6600E+02  3.2455E-03
  2.6700E+02  3.2995E-03
  2.6800E+02  3.3539E-03
  2.6900E+02  3.4085E-03
  2.7000E+02  3.4634E-03
  2.7100E+02  3.5186E-03
  2.7200E+02  3.5742E-03
  2.7300E+02  3.6300E-03
  2.7400E+02  3.6859E-03
  2.7500E+02  3.7429E-03
  2.7600E+02  3.8011E-03
  2.7700E+02  3.8604E-03
  2.7800E+02  3.9208E-03
  2.7900E+02  3.9897E-03
  2.8000E+02  4.0641E-03
  2.8100E+02  4.1411E-03
  2.8200E+02  4.2207E-03
  2.8300E+02  4.3027E-03
  2.8400E+02  4.3873E-03
  2.8500E+02  4.4792E-03
  2.8600E+02  4.5830E-03
  2.8700E+02  4.6909E-03
  2.8800E+02  4.7938E-03
  2.8900E+02  4.8918E-03
  2.9000E+02  4.9847E-03
  2.9100E+02  5.0727E-03
  2.9200E+02  5.1556E-03
  2.9300E+02  5.2336E-03
  2.9400E+02  5.3067E-03
  2.9500E+02  5.3840E-03
  2.9600E+02  5.4688E-03
  2.9700E+02  5.5612E-03
  2.9800E+02  5.6611E-03
  2.9900E+02  5.7678E-03
  3.0000E+02  5.8786E-03
  3.0100E+02  5.9934E-03
  3.0200E+02  6.1123E-03
  3.0300E+02  6.2353E-03
  3.0400E+02  6.3623E-03
  3.0500E+02  6.4933E-03
  3.0600E+02  6.6284E-03
  3.0700E+02  6.7676E-03
  3.0800E+02  6.9113E-03
  3.0900E+02  7.0525E-03
  3.1000E+02  7.1979E-03
  3.1100E+02  7.3607E-03
  3.1200E+02  7.5496E-03
  3.1300E+02  7.7730E-03
  3.1400E+02  8.0310E-03
  3.1500E+02  8.3016E-03
  3.1600E+02  8.5531E-03
  3.1700E+02  8.7858E-03
  3.1800E+02  9.0040E-03
  3.1900E+02  9.2758E-03
  3.2000E+02  9.5612E-03
  3.2100E+02  9.8738E-03
  3.2200E+02  1.0227E-02
  3.2300E+02  1.0620E-02
  3.2400E+02  1.1094E-02
  3.2500E+02  1.1658E-02
  3.2600E+02  1.2306E-02
  3.2700E+02  1.3171E-02
  3.2800E+02  1.3956E-02
  3.2900E+02  1.4661E-02
  3.3000E+02  1.5297E-02
  3.3100E+02  1.5858E-02
  3.3200E+02  1.6344E-02
  3.3300E+02  1.6631E-02
  3.3400E+02  1.6563E-02
  3.3500E+02  1.6171E-02
  3.3600E+02  1.5545E-02
  3.3700E+02  1.5167E-02
  3.3800E+02  1.4610E-02
  3.3900E+02  1.3648E-02
  3.4000E+02  1.2757E-02
  3.4100E+02  1.1935E-02
  3.4200E+02  1.1183E-02
  3.4300E+02  1.0577E-02
  3.4400E+02  1.0041E-02
  3.4500E+02  9.5510E-03
  3.4600E+02  9.1070E-03
  3.4700E+02  8.7075E-03
  3.4800E+02  8.3142E-03
  3.4900E+02  7.9478E-03
  3.5000E+02  7.6333E-03
  3.5100E+02  7.3725E-03
  3.5200E+02  7.1407E-03
  3.5300E+02  6.9357E-03
  3.5400E+02  6.7036E-03
  3.5500E+02  6.3978E-03
  3.5600E+02  6.1050E-03
  3.5700E+02  5.7743E-03
  3.5800E+02  5.4466E-03
  3.5900E+02  5.1235E-03
  3.6000E+02  4.8081E-03
  3.6100E+02  4.5038E-03
  3.6200E+02  4.2105E-03
  3.6300E+02  3.9736E-03
  3.6400E+02  3.8184E-03
  3.6500E+02  3.6825E-03
  3.6600E+02  3.4435E-03
  3.6700E+02  3.2741E-03
  3.6800E+02  3.1416E-03
  3.6900E+02  2.9723E-03
  3.7000E+02  2.8346E-03
  3.7100E+02  2.7287E-03
  3.7200E+02  2.6551E-03
  3.7300E+02  2.6138E-03
  3.7400E+02  2.6047E-03
  3.7500E+02  2.6371E-03
  3.7600E+02  2.8784E-03
  3.7700E+02  3.3908E-03
  3.7800E+02  4.1952E-03
  3.7900E+02  5.2809E-03
  3.8000E+02  6.0046E-03
  3.8100E+02  5.8134E-03
  3.8200E+02  5.6066E-03
  3.8300E+02  5.9316E-03
  3.8400E+02  6.2433E-03
  3.8500E+02  6.5417E-03
  3.8600E+02  6.8296E-03
  3.8700E+02  7.1889E-03
  3.8800E+02  7.6570E-03
  3.8900E+02  8.1074E-03
  3.9000E+02  8.4286E-03
  3.9100E+02  8.7063E-03
  3.9200E+02  8.9021E-03
  3.9300E+02  9.0091E-03
  3.9400E+02  9.2304E-03
  3.9500E+02  9.3579E-03
  3.9600E+02  9.4883E-03
  3.9700E+02  9.6216E-03
  3.9800E+02  9.7578E-03
  3.9900E+02  9.8970E-03
  4.0000E+02  1.0039E-02
  4.0100E+02  1.0199E-02
  4.0200E+02  1.0408E-02
  4.0300E+02  1.0669E-02
  4.0400E+02  1.1115E-02
  4.0500E+02  1.1398E-02
  4.0600E+02  1.1686E-02
  4.0700E+02  1.1901E-02
  4.0800E+02  1.2153E-02
  4.0900E+02  1.1068E-02
  4.1000E+02  1.1083E-02
  4.1100E+02  1.1113E-02
  4.1200E+02  1.1157E-02
  4.1300E+02  1.1214E-02
  4.1400E+02  1.1286E-02
  4.1500E+02  1.1387E-02
  4.1600E+02  1.1527E-02
  4.1700E+02  1.1660E-02
  4.1800E+02  1.1741E-02
  4.1900E+02  1.1804E-02
  4.2000E+02  1.1851E-02
  4.2100E+02  1.1882E-02
  4.2200E+02  1.1896E-02
  4.2300E+02  1.1893E-02
  4.2400E+02  1.1927E-02
  4.2500E+02  1.2108E-02
  4.2600E+02  1.2647E-02
  4.2700E+02  1.2686E-02
  4.2800E+02  1.2574E-02
  4.2900E+02  1.2320E-02
  4.3000E+02  1.1933E-02
  4.3100E+02  1.0697E-02
  4.3200E+02  1.0246E-02
  4.3300E+02  1.0081E-02
  4.3400E+02  9.9231E-03
  4.3500E+02  9.7653E-03
  4.3600E+02  9.5876E-03
  4.3700E+02  9.3966E-03
  4.3800E+02  9.1962E-03
  4.3900E+02  9.0427E-03
  4.4000E+02  8.8925E-03
  4.4100E+02  8.7456E-03
  4.4200E+02  8.6020E-03
  4.4300E+02  8.4617E-03
  4.4400E+02  8.3247E-03
  4.4500E+02  8.1911E-03
  4.4600E+02  8.0653E-03
  4.4700E+02  7.9494E-03
  4.4800E+02  7.8435E-03
  4.4900E+02  7.7550E-03
  4.5000E+02  7.7032E-03
  4.5100E+02  7.6691E-03
  4.5200E+02  7.6528E-03
  4.5300E+02  7.6720E-03
  4.5400E+02  7.7789E-03
  4.5500E+02  7.7822E-03
  4.5600E+02  7.5084E-03
  4.5700E+02  7.5701E-03
  4.5800E+02  7.7063E-03
  4.5900E+02  7.5435E-03
  4.6000E+02  6.9940E-03
  4.6100E+02  6.8727E-03
  4.6200E+02  6.7519E-03
  4.6300E+02  6.6318E-03
  4.6400E+02  6.5122E-03
  4.6500E+02  6.3933E-03
  4.6600E+02  6.2749E-03
  4.6700E+02  6.1572E-03
  4.6800E+02  6.0400E-03
  4.6900E+02  5.9235E-03
  4.7000E+02  5.8075E-03
  4.7100E+02  5.6923E-03
  4.7200E+02  5.5900E-03
  4.7300E+02  5.5081E-03
  4.7400E+02  6.6950E-03
  4.7500E+02  5.6595E-02
  4.7600E+02  7.3825E-02
  4.7700E+02  9.4780E-02
  4.7800E+02  8.7003E-02
  4.7900E+02  8.2838E-02
  4.8000E+02  6.0701E-02
  4.8100E+02  6.2514E-02
  4.8200E+02  6.5428E-02
  4.8300E+02  6.7303E-02
  4.8400E+02  6.7287E-02
  4.8500E+02  6.5462E-02
  4.8600E+02  6.4657E-02
  4.8700E+02  6.4937E-02
  4.8800E+02  6.4693E-02
  4.8900E+02  6.5597E-02
  4.9000E+02  6.6741E-02
  4.9100E+02  6.7615E-02
  4.9200E+02  6.7943E-02
  4.9300E+02  6.8657E-02
  4.9400E+02  7.0577E-02
  4.9500E+02  7.3221E-02
  4.9600E+02  7.5677E-02
  4.9700E+02  8.5139E-02
  4.9800E+02  8.8911E-02
  4.9900E+02  8.2948E-02
  5.0000E+02  8.6468E-02
  5.0100E+02  4.8043E-02
  5.0200E+02  3.1610E-02
  5.0300E+02  2.4453E-02
  5.0400E+02  2.1562E-02
  5.0500E+02  1.9194E-02
  5.0600E+02  1.7325E-02
  5.0700E+02  1.5969E-02
  5.0800E+02  1.4074E-02
  5.0900E+02  1.2483E-02
  5.1000E+02  1.1530E-02
  5.1100E+02  1.0463E-02
  5.1200E+02  9.4827E-03
  5.1300E+02  8.5810E-03
  5.1400E+02  7.7938E-03
  5.1500E+02  7.7049E-03
  5.1600E+02  6.2056E-03
  5.1700E+02  5.4647E-03
  5.1800E+02  4.9389E-03
  5.1900E+02  3.7234E-03
  5.2000E+02  2.5505E-03
  5.2100E+02  1.5459E-03
  5.2200E+02  2.2864E-04
  5.2300E+02  0.0000E+00
