  0.0000E+00  0.0000E+00
  1.0000E+00  1.7021E-07
  2.0000E+00  6.8086E-07
  3.0000E+00  1.5320E-06
  4.0000E+00  2.7235E-06
  5.0000E+00  4.2554E-06
  6.0000E+00  6.1278E-06
  7.0000E+00  8.3407E-06
  8.0000E+00  1.0894E-05
  9.0000E+00  1.3788E-05
  1.0000E+01  1.7022E-05
  1.1000E+01  2.0596E-05
  1.2000E+01  2.4511E-05
  1.3000E+01  2.8767E-05
  1.4000E+01  3.3363E-05
  1.5000E+01  3.8299E-05
  1.6000E+01  4.3576E-05
  1.7000E+01  4.9193E-05
  1.8000E+01  5.5151E-05
  1.9000E+01  6.1449E-05
  2.0000E+01  6.8087E-05
  2.1000E+01  7.5066E-05
  2.2000E+01  8.2385E-05
  2.3000E+01  9.0045E-05
  2.4000E+01  9.8045E-05
  2.5000E+01  1.0639E-04
  2.6000E+01  1.1507E-04
  2.7000E+01  1.2409E-04
  2.8000E+01  1.3345E-04
  2.9000E+01  1.4315E-04
  3.0000E+01  1.5320E-04
  3.1000E+01  1.6358E-04
  3.2000E+01  1.7430E-04
  3.3000E+01  1.8537E-04
  3.4000E+01  1.9677E-04
  3.5000E+01  2.0852E-04
  3.6000E+01  2.2060E-04
  3.7000E+01  2.3303E-04
  3.8000E+01  2.4579E-04
  3.9000E+01  2.5890E-04
  4.0000E+01  2.7235E-04
  4.1000E+01  2.8614E-04
  4.2000E+01  3.0026E-04
  4.3000E+01  3.1473E-04
  4.4000E+01  3.2954E-04
  4.5000E+01  3.4469E-04
  4.6000E+01  3.6018E-04
  4.7000E+01  3.7601E-04
  4.8000E+01  3.9218E-04
  4.9000E+01  4.0869E-04
  5.0000E+01  4.2554E-04
  5.1000E+01  4.4274E-04
  5.2000E+01  4.6027E-04
  5.3000E+01  4.7814E-04
  5.4000E+01  4.9636E-04
  5.5000E+01  5.1491E-04
  5.6000E+01  5.3380E-04
  5.7000E+01  5.5304E-04
  5.8000E+01  5.7261E-04
  5.9000E+01  5.9253E-04
  6.0000E+01  6.1278E-04
  6.1000E+01  6.3338E-04
  6.2000E+01  6.5432E-04
  6.3000E+01  6.7559E-04
  6.4000E+01  6.9721E-04
  6.5000E+01  7.1917E-04
  6.6000E+01  7.4147E-04
  6.7000E+01  7.6411E-04
  6.8000E+01  7.8709E-04
  6.9000E+01  8.1041E-04
  7.0000E+01  8.8707E-04
  7.1000E+01  1.1139E-03
  7.2000E+01  1.3350E-03
  7.3000E+01  1.5505E-03
  7.4000E+01  1.7603E-03
  7.5000E+01  1.9644E-03
  7.6000E+01  2.1629E-03
  7.7000E+01  2.3556E-03
  7.8000E+01  2.5427E-03
  7.9000E+01  2.7241E-03
  8.0000E+01  2.8998E-03
  8.1000E+01  3.0699E-03
  8.2000E+01  3.2342E-03
  8.3000E+01  3.3929E-03
  8.4000E+01  3.5459E-03
  8.5000E+01  3.6933E-03
  8.6000E+01  3.8349E-03
  8.7000E+01  3.9709E-03
  8.8000E+01  4.1012E-03
  8.9000E+01  4.2258E-03
  9.0000E+01  4.3448E-03
  9.1000E+01  4.4580E-03
  9.2000E+01  4.5656E-03
  9.3000E+01  4.7023E-03
  9.4000E+01  4.8597E-03
  9.5000E+01  5.0222E-03
  9.6000E+01  5.1900E-03
  9.7000E+01  5.3630E-03
  9.8000E+01  5.5413E-03
  9.9000E+01  5.7247E-03
  1.0000E+02  5.9134E-03
  1.0100E+02  6.1074E-03
  1.0200E+02  6.5404E-03
  1.0300E+02  7.5019E-03
  1.0400E+02  8.2826E-03
  1.0500E+02  9.0159E-03
  1.0600E+02  9.7323E-03
  1.0700E+02  1.0432E-02
  1.0800E+02  1.1114E-02
  1.0900E+02  1.1780E-02
  1.1000E+02  1.2429E-02
  1.1100E+02  1.3061E-02
  1.1200E+02  1.3676E-02
  1.1300E+02  1.4274E-02
  1.1400E+02  1.4855E-02
  1.1500E+02  1.5419E-02
  1.1600E+02  1.5966E-02
  1.1700E+02  1.6350E-02
  1.1800E+02  1.6571E-02
  1.1900E+02  1.6850E-02
  1.2000E+02  1.7188E-02
  1.2100E+02  1.7583E-02
  1.2200E+02  1.9719E-02
  1.2300E+02  2.1261E-02
  1.2400E+02  2.1598E-02
  1.2500E+02  2.0731E-02
  1.2600E+02  1.8658E-02
  1.2700E+02  1.8459E-02
  1.2800E+02  1.8640E-02
  1.2900E+02  1.8817E-02
  1.3000E+02  1.8990E-02
  1.3100E+02  1.9160E-02
  1.3200E+02  1.9325E-02
  1.3300E+02  1.9486E-02
  1.3400E+02  1.9643E-02
  1.3500E+02  1.9848E-02
  1.3600E+02  2.0586E-02
  1.3700E+02  2.1608E-02
  1.3800E+02  2.2672E-02
  1.3900E+02  2.3778E-02
  1.4000E+02  2.4760E-02
  1.4100E+02  2.4998E-02
  1.4200E+02  2.5282E-02
  1.4300E+02  2.5611E-02
  1.4400E+02  2.5984E-02
  1.4500E+02  2.6761E-02
  1.4600E+02  2.8936E-02
  1.4700E+02  2.9321E-02
  1.4800E+02  2.7917E-02
  1.4900E+02  2.6508E-02
  1.5000E+02  2.6384E-02
  1.5100E+02  2.6246E-02
  1.5200E+02  2.6093E-02
  1.5300E+02  2.5926E-02
  1.5400E+02  2.5745E-02
  1.5500E+02  2.5550E-02
  1.5600E+02  2.5340E-02
  1.5700E+02  2.5116E-02
  1.5800E+02  2.4878E-02
  1.5900E+02  2.4625E-02
  1.6000E+02  2.4269E-02
  1.6100E+02  2.4205E-02
  1.6200E+02  2.4082E-02
  1.6300E+02  2.3900E-02
  1.6400E+02  2.3658E-02
  1.6500E+02  2.5732E-02
  1.6600E+02  2.8899E-02
  1.6700E+02  2.9400E-02
  1.6800E+02  2.7117E-02
  1.6900E+02  2.4817E-02
  1.7000E+02  2.4028E-02
  1.7100E+02  2.3337E-02
  1.7200E+02  2.2861E-02
  1.7300E+02  2.2432E-02
  1.7400E+02  2.2049E-02
  1.7500E+02  2.1714E-02
  1.7600E+02  2.1425E-02
  1.7700E+02  3.1812E-02
  1.7800E+02  2.3014E-02
  1.7900E+02  2.2050E-02
  1.8000E+02  1.9449E-02
  1.8100E+02  1.8307E-02
  1.8200E+02  1.7703E-02
  1.8300E+02  1.7099E-02
  1.8400E+02  1.6494E-02
  1.8500E+02  1.5889E-02
  1.8600E+02  1.5284E-02
  1.8700E+02  1.4679E-02
  1.8800E+02  1.4074E-02
  1.8900E+02  1.3469E-02
  1.9000E+02  1.2863E-02
  1.9100E+02  1.2257E-02
  1.9200E+02  1.1651E-02
  1.9300E+02  1.1045E-02
  1.9400E+02  1.0439E-02
  1.9500E+02  9.8328E-03
  1.9600E+02  9.2262E-03
  1.9700E+02  8.6195E-03
  1.9800E+02  8.0127E-03
  1.9900E+02  7.4056E-03
  2.0000E+02  6.7067E-03
  2.0100E+02  5.7229E-03
  2.0200E+02  4.8382E-03
  2.0300E+02  4.0525E-03
  2.0400E+02  3.3658E-03
  2.0500E+02  2.7781E-03
  2.0600E+02  2.2895E-03
  2.0700E+02  1.8999E-03
  2.0800E+02  1.6092E-03
  2.0900E+02  1.4177E-03
  2.1000E+02  1.3251E-03
  2.1100E+02  1.3242E-03
  2.1200E+02  1.3421E-03
  2.1300E+02  1.3602E-03
  2.1400E+02  1.3783E-03
  2.1500E+02  1.3965E-03
  2.1600E+02  1.4149E-03
  2.1700E+02  1.4333E-03
  2.1800E+02  1.4518E-03
  2.1900E+02  1.4704E-03
  2.2000E+02  1.4891E-03
  2.2100E+02  1.5080E-03
  2.2200E+02  1.5269E-03
  2.2300E+02  1.5512E-03
  2.2400E+02  1.5801E-03
  2.2500E+02  1.6090E-03
  2.2600E+02  1.6379E-03
  2.2700E+02  1.6668E-03
  2.2800E+02  1.6958E-03
  2.2900E+02  1.7247E-03
  2.3000E+02  1.7537E-03
  2.3100E+02  1.7826E-03
  2.3200E+02  1.8116E-03
  2.3300E+02  1.8406E-03
  2.3400E+02  1.8696E-03
  2.3500E+02  1.8986E-03
  2.3600E+02  1.9276E-03
  2.3700E+02  1.9567E-03
  2.3800E+02  1.9857E-03
  2.3900E+02  2.0148E-03
  2.4000E+02  2.0438E-03
  2.4100E+02  2.0729E-03
  2.4200E+02  2.1020E-03
  2.4300E+02  2.1311E-03
  2.4400E+02  2.1602E-03
  2.4500E+02  2.1894E-03
  2.4600E+02  2.2185E-03
  2.4700E+02  2.2477E-03
  2.4800E+02  2.2768E-03
  2.4900E+02  2.3060E-03
  2.5000E+02  2.3352E-03
  2.5100E+02  2.3644E-03
  2.5200E+02  2.3936E-03
  2.5300E+02  2.4228E-03
  2.5400E+02  2.4520E-03
  2.5500E+02  2.4813E-03
  2.5600E+02  2.5105E-03
  2.5700E+02  2.5398E-03
  2.5800E+02  2.5691E-03
  2.5900E+02  2.5984E-03
  2.6000E+02  2.6337E-03
  2.6100E+02  2.6782E-03
  2.6200E+02  2.7242E-03
  2.6300E+02  2.7718E-03
  2.6400E+02  2.8210E-03
  2.6500E+02  2.8718E-03
  2.6600E+02  2.9242E-03
  2.6700E+02  2.9781E-03
  2.6800E+02  3.0336E-03
  2.6900E+02  3.0907E-03
  2.7000E+02  3.1493E-03
  2.7100E+02  3.2095E-03
  2.7200E+02  3.2713E-03
  2.7300E+02  3.3347E-03
  2.7400E+02  3.3997E-03
  2.7500E+02  3.4662E-03
  2.7600E+02  3.5343E-03
  2.7700E+02  3.6040E-03
  2.7800E+02  3.6752E-03
  2.7900E+02  3.7480E-03
  2.8000E+02  3.8224E-03
  2.8100E+02  3.8984E-03
  2.8200E+02  3.9760E-03
  2.8300E+02  4.0551E-03
  2.8400E+02  4.1358E-03
  2.8500E+02  4.2181E-03
  2.8600E+02  4.3019E-03
  2.8700E+02  4.3874E-03
  2.8800E+02  4.4744E-03
  2.8900E+02  4.5629E-03
  2.9000E+02  4.6531E-03
  2.9100E+02  4.7448E-03
  2.9200E+02  4.8381E-03
  2.9300E+02  4.9330E-03
  2.9400E+02  5.0295E-03
  2.9500E+02  5.1275E-03
  2.9600E+02  5.2271E-03
  2.9700E+02  5.3283E-03
  2.9800E+02  5.4310E-03
  2.9900E+02  5.5378E-03
  3.0000E+02  5.6800E-03
  3.0100E+02  5.8670E-03
  3.0200E+02  6.0799E-03
  3.0300E+02  6.3044E-03
  3.0400E+02  6.5404E-03
  3.0500E+02  6.7880E-03
  3.0600E+02  7.0472E-03
  3.0700E+02  7.3179E-03
  3.0800E+02  7.6002E-03
  3.0900E+02  7.8941E-03
  3.1000E+02  8.1996E-03
  3.1100E+02  8.5166E-03
  3.1200E+02  8.8453E-03
  3.1300E+02  9.1857E-03
  3.1400E+02  9.5390E-03
  3.1500E+02  9.9051E-03
  3.1600E+02  1.0247E-02
  3.1700E+02  1.0571E-02
  3.1800E+02  1.0886E-02
  3.1900E+02  1.1191E-02
  3.2000E+02  1.1488E-02
  3.2100E+02  1.1774E-02
  3.2200E+02  1.2052E-02
  3.2300E+02  1.2321E-02
  3.2400E+02  1.2580E-02
  3.2500E+02  1.2830E-02
  3.2600E+02  1.3070E-02
  3.2700E+02  1.3302E-02
  3.2800E+02  1.3524E-02
  3.2900E+02  1.3737E-02
  3.3000E+02  1.3940E-02
  3.3100E+02  1.4135E-02
  3.3200E+02  1.4320E-02
  3.3300E+02  1.4496E-02
  3.3400E+02  1.4662E-02
  3.3500E+02  1.4819E-02
  3.3600E+02  1.4967E-02
  3.3700E+02  1.8844E-02
  3.3800E+02  1.7650E-02
  3.3900E+02  1.6549E-02
  3.4000E+02  1.5513E-02
  3.4100E+02  1.4543E-02
  3.4200E+02  1.3639E-02
  3.4300E+02  1.2802E-02
  3.4400E+02  1.2036E-02
  3.4500E+02  1.1341E-02
  3.4600E+02  1.0718E-02
  3.4700E+02  1.0166E-02
  3.4800E+02  9.6845E-03
  3.4900E+02  9.2747E-03
  3.5000E+02  8.9362E-03
  3.5100E+02  8.4850E-03
  3.5200E+02  8.0353E-03
  3.5300E+02  7.5973E-03
  3.5400E+02  7.1710E-03
  3.5500E+02  6.7564E-03
  3.5600E+02  6.3535E-03
  3.5700E+02  5.9624E-03
  3.5800E+02  5.5829E-03
  3.5900E+02  5.2151E-03
  3.6000E+02  4.8590E-03
  3.6100E+02  4.5147E-03
  3.6200E+02  4.1820E-03
  3.6300E+02  3.8610E-03
  3.6400E+02  3.5518E-03
  3.6500E+02  3.2542E-03
  3.6600E+02  2.9684E-03
  3.6700E+02  2.6942E-03
  3.6800E+02  2.4317E-03
  3.6900E+02  2.1810E-03
  3.7000E+02  1.9419E-03
  3.7100E+02  1.7146E-03
  3.7200E+02  1.4990E-03
  3.7300E+02  1.2950E-03
  3.7400E+02  1.1028E-03
  3.7500E+02  9.2223E-04
  3.7600E+02  7.5336E-04
  3.7700E+02  8.3018E-04
  3.7800E+02  1.1019E-03
  3.7900E+02  1.5114E-03
  3.8000E+02  2.0586E-03
  3.8100E+02  2.7437E-03
  3.8200E+02  3.5664E-03
  3.8300E+02  4.5218E-03
  3.8400E+02  5.3889E-03
  3.8500E+02  6.0514E-03
  3.8600E+02  6.5091E-03
  3.8700E+02  6.7622E-03
  3.8800E+02  6.8105E-03
  3.8900E+02  6.9047E-03
  3.9000E+02  7.1562E-03
  3.9100E+02  7.4016E-03
  3.9200E+02  7.6410E-03
  3.9300E+02  7.8742E-03
  3.9400E+02  8.1014E-03
  3.9500E+02  8.3225E-03
  3.9600E+02  8.5374E-03
  3.9700E+02  8.7463E-03
  3.9800E+02  8.9491E-03
  3.9900E+02  9.1459E-03
  4.0000E+02  9.3365E-03
  4.0100E+02  9.5210E-03
  4.0200E+02  9.6995E-03
  4.0300E+02  9.8718E-03
  4.0400E+02  1.0038E-02
  4.0500E+02  1.0198E-02
  4.0600E+02  1.0352E-02
  4.0700E+02  1.0500E-02
  4.0800E+02  1.0642E-02
  4.0900E+02  1.0778E-02
  4.1000E+02  1.0908E-02
  4.1100E+02  1.1031E-02
  4.1200E+02  1.1149E-02
  4.1300E+02  1.1260E-02
  4.1400E+02  1.1366E-02
  4.1500E+02  1.1465E-02
  4.1600E+02  1.1558E-02
  4.1700E+02  1.1652E-02
  4.1800E+02  1.1763E-02
  4.1900E+02  1.1893E-02
  4.2000E+02  1.2042E-02
  4.2100E+02  1.2210E-02
  4.2200E+02  1.2396E-02
  4.2300E+02  1.4368E-02
  4.2400E+02  1.6812E-02
  4.2500E+02  1.8392E-02
  4.2600E+02  1.9273E-02
  4.2700E+02  1.9862E-02
  4.2800E+02  1.9700E-02
  4.2900E+02  1.9008E-02
  4.3000E+02  1.7926E-02
  4.3100E+02  1.6455E-02
  4.3200E+02  1.2578E-02
  4.3300E+02  9.8065E-03
  4.3400E+02  9.5495E-03
  4.3500E+02  9.4069E-03
  4.3600E+02  9.2658E-03
  4.3700E+02  9.1260E-03
  4.3800E+02  8.9877E-03
  4.3900E+02  8.8508E-03
  4.4000E+02  8.7153E-03
  4.4100E+02  8.5812E-03
  4.4200E+02  8.4485E-03
  4.4300E+02  8.3172E-03
  4.4400E+02  8.1874E-03
  4.4500E+02  8.0589E-03
  4.4600E+02  7.9319E-03
  4.4700E+02  7.8063E-03
  4.4800E+02  7.6820E-03
  4.4900E+02  7.5592E-03
  4.5000E+02  7.4379E-03
  4.5100E+02  7.3179E-03
  4.5200E+02  7.1993E-03
  4.5300E+02  7.0821E-03
  4.5400E+02  6.9664E-03
  4.5500E+02  6.8521E-03
  4.5600E+02  6.7391E-03
  4.5700E+02  6.6276E-03
  4.5800E+02  6.5175E-03
  4.5900E+02  6.4088E-03
  4.6000E+02  6.3015E-03
  4.6100E+02  6.1957E-03
  4.6200E+02  6.0912E-03
  4.6300E+02  5.9882E-03
  4.6400E+02  5.8865E-03
  4.6500E+02  5.7863E-03
  4.6600E+02  5.6875E-03
  4.6700E+02  5.5901E-03
  4.6800E+02  5.4941E-03
  4.6900E+02  5.3995E-03
  4.7000E+02  5.3063E-03
  4.7100E+02  5.2176E-03
  4.7200E+02  5.1757E-03
  4.7300E+02  8.8758E-03
  4.7400E+02  3.1281E-02
  4.7500E+02  3.8004E-02
  4.7600E+02  4.7898E-02
  4.7700E+02  5.5864E-02
  4.7800E+02  6.2938E-02
  4.7900E+02  6.2483E-02
  4.8000E+02  6.2698E-02
  4.8100E+02  6.5058E-02
  4.8200E+02  6.7731E-02
  4.8300E+02  6.9663E-02
  4.8400E+02  7.0667E-02
  4.8500E+02  7.1638E-02
  4.8600E+02  7.3826E-02
  4.8700E+02  7.6027E-02
  4.8800E+02  7.8241E-02
  4.8900E+02  9.7566E-02
  4.9000E+02  7.9073E-02
  4.9100E+02  8.2616E-02
  4.9200E+02  7.9915E-02
  4.9300E+02  7.7595E-02
  4.9400E+02  7.5657E-02
  4.9500E+02  7.4101E-02
  4.9600E+02  7.2926E-02
  4.9700E+02  7.1931E-02
  4.9800E+02  8.6263E-02
  4.9900E+02  8.8234E-02
  5.0000E+02  7.3332E-02
  5.0100E+02  4.0431E-02
  5.0200E+02  2.5354E-02
  5.0300E+02  2.2692E-02
  5.0400E+02  2.1399E-02
  5.0500E+02  2.0026E-02
  5.0600E+02  1.8572E-02
  5.0700E+02  1.7038E-02
  5.0800E+02  1.5423E-02
  5.0900E+02  1.3729E-02
  5.1000E+02  1.1954E-02
  5.1100E+02  1.0125E-02
  5.1200E+02  8.6964E-03
  5.1300E+02  7.8237E-03
  5.1400E+02  9.5989E-03
  5.1500E+02  4.5153E-03
  5.1600E+02  2.6197E-03
  5.1700E+02  1.9234E-03
  5.1800E+02  1.3344E-03
  5.1900E+02  8.5284E-04
  5.2000E+02  4.7860E-04
  5.2100E+02  2.1172E-04
  5.2200E+02  5.2186E-05
  5.2300E+02  0.0000E+00
