 -3.0468E-05  0.0000E+00
  9.9997E-01  7.4167E-08
  2.0000E+00  2.9667E-07
  3.0000E+00  6.6751E-07
  4.0000E+00  1.1867E-06
  5.0000E+00  1.8542E-06
  6.0000E+00  2.6700E-06
  7.0000E+00  3.6342E-06
  8.0000E+00  4.7467E-06
  9.0000E+00  6.0076E-06
  1.0000E+01  7.4167E-06
  1.1000E+01  8.9743E-06
  1.2000E+01  1.0680E-05
  1.3000E+01  1.2534E-05
  1.4000E+01  1.4537E-05
  1.5000E+01  1.6688E-05
  1.6000E+01  1.8987E-05
  1.7000E+01  2.1434E-05
  1.8000E+01  2.4030E-05
  1.9000E+01  2.6774E-05
  2.0000E+01  2.9667E-05
  2.1000E+01  3.2708E-05
  2.2000E+01  3.5897E-05
  2.3000E+01  3.9235E-05
  2.4000E+01  4.2720E-05
  2.5000E+01  4.6355E-05
  2.6000E+01  5.0137E-05
  2.7000E+01  5.4068E-05
  2.8000E+01  5.8147E-05
  2.9000E+01  6.2375E-05
  3.0000E+01  6.6751E-05
  3.1000E+01  7.1275E-05
  3.2000E+01  7.5947E-05
  3.3000E+01  8.0768E-05
  3.4000E+01  8.5738E-05
  3.5000E+01  9.0855E-05
  3.6000E+01  9.6121E-05
  3.7000E+01  1.0154E-04
  3.8000E+01  1.0710E-04
  3.9000E+01  1.1281E-04
  4.0000E+01  1.1867E-04
  4.1000E+01  1.2468E-04
  4.2000E+01  1.3083E-04
  4.3000E+01  1.3714E-04
  4.4000E+01  1.4359E-04
  4.5000E+01  1.5328E-04
  4.6000E+01  2.5928E-04
  4.7000E+01  3.5185E-04
  4.8000E+01  4.3101E-04
  4.9000E+01  4.9673E-04
  5.0000E+01  5.4904E-04
  5.1000E+01  5.8791E-04
  5.2000E+01  6.1337E-04
  5.3000E+01  6.2540E-04
  5.4000E+01  6.2400E-04
  5.5000E+01  6.3565E-04
  5.6000E+01  6.7086E-04
  5.7000E+01  7.0640E-04
  5.8000E+01  7.4227E-04
  5.9000E+01  7.7848E-04
  6.0000E+01  8.1503E-04
  6.1000E+01  8.5175E-04
  6.2000E+01  8.8885E-04
  6.3000E+01  9.2761E-04
  6.4000E+01  9.6803E-04
  6.5000E+01  1.0101E-03
  6.6000E+01  1.0539E-03
  6.7000E+01  1.0993E-03
  6.8000E+01  1.1464E-03
  6.9000E+01  1.1951E-03
  7.0000E+01  1.2456E-03
  7.1000E+01  1.3004E-03
  7.2000E+01  1.3639E-03
  7.3000E+01  1.4359E-03
  7.4000E+01  1.5166E-03
  7.5000E+01  1.6059E-03
  7.6000E+01  1.7038E-03
  7.7000E+01  1.8973E-03
  7.8000E+01  2.0704E-03
  7.9000E+01  2.1789E-03
  8.0000E+01  2.3968E-03
  8.1000E+01  2.5414E-03
  8.2000E+01  2.5265E-03
  8.3000E+01  2.4489E-03
  8.4000E+01  2.5403E-03
  8.5000E+01  2.6350E-03
  8.6000E+01  2.7482E-03
  8.7000E+01  2.8770E-03
  8.8000E+01  3.0183E-03
  8.9000E+01  3.1712E-03
  9.0000E+01  3.3296E-03
  9.1000E+01  3.4920E-03
  9.2000E+01  3.6585E-03
  9.3000E+01  3.8291E-03
  9.4000E+01  4.0035E-03
  9.5000E+01  4.1813E-03
  9.6000E+01  4.3658E-03
  9.7000E+01  4.5572E-03
  9.8000E+01  4.7590E-03
  9.9000E+01  5.0152E-03
  1.0000E+02  5.3464E-03
  1.0100E+02  5.7524E-03
  1.0200E+02  6.2699E-03
  1.0300E+02  7.3611E-03
  1.0400E+02  7.7636E-03
  1.0500E+02  8.3441E-03
  1.0600E+02  8.9544E-03
  1.0700E+02  9.5895E-03
  1.0800E+02  1.0244E-02
  1.0900E+02  1.0917E-02
  1.1000E+02  1.2297E-02
  1.1100E+02  1.2671E-02
  1.1200E+02  1.4405E-02
  1.1300E+02  1.3036E-02
  1.1400E+02  1.3458E-02
  1.1500E+02  1.3877E-02
  1.1600E+02  1.4293E-02
  1.1700E+02  1.4912E-02
  1.1800E+02  1.5314E-02
  1.1900E+02  1.5578E-02
  1.2000E+02  1.6016E-02
  1.2100E+02  1.6623E-02
  1.2200E+02  1.7083E-02
  1.2300E+02  1.7525E-02
  1.2400E+02  1.8416E-02
  1.2500E+02  1.9862E-02
  1.2600E+02  1.9279E-02
  1.2700E+02  2.1506E-02
  1.2800E+02  1.9464E-02
  1.2900E+02  1.9761E-02
  1.3000E+02  2.0046E-02
  1.3100E+02  2.0398E-02
  1.3200E+02  2.0870E-02
  1.3300E+02  2.1682E-02
  1.3400E+02  2.2689E-02
  1.3500E+02  2.6975E-02
  1.3600E+02  2.8552E-02
  1.3700E+02  2.9655E-02
  1.3800E+02  3.1036E-02
  1.3900E+02  3.1877E-02
  1.4000E+02  3.2611E-02
  1.4100E+02  3.2090E-02
  1.4200E+02  3.1218E-02
  1.4300E+02  3.0778E-02
  1.4400E+02  3.0347E-02
  1.4500E+02  2.9912E-02
  1.4600E+02  2.9489E-02
  1.4700E+02  2.9202E-02
  1.4800E+02  2.8867E-02
  1.4900E+02  2.8269E-02
  1.5000E+02  2.7773E-02
  1.5100E+02  3.2181E-02
  1.5200E+02  2.4463E-02
  1.5300E+02  2.2658E-02
  1.5400E+02  2.1288E-02
  1.5500E+02  2.0804E-02
  1.5600E+02  2.0422E-02
  1.5700E+02  2.0047E-02
  1.5800E+02  1.9662E-02
  1.5900E+02  1.9268E-02
  1.6000E+02  1.8867E-02
  1.6100E+02  1.8518E-02
  1.6200E+02  1.8195E-02
  1.6300E+02  1.7909E-02
  1.6400E+02  1.7637E-02
  1.6500E+02  1.7377E-02
  1.6600E+02  1.7134E-02
  1.6700E+02  1.6908E-02
  1.6800E+02  1.6687E-02
  1.6900E+02  1.6471E-02
  1.7000E+02  1.6262E-02
  1.7100E+02  1.6062E-02
  1.7200E+02  1.5960E-02
  1.7300E+02  1.6309E-02
  1.7400E+02  1.7065E-02
  1.7500E+02  1.7025E-02
  1.7600E+02  1.6483E-02
  1.7700E+02  1.5885E-02
  1.7800E+02  1.5891E-02
  1.7900E+02  1.5608E-02
  1.8000E+02  1.4795E-02
  1.8100E+02  1.4610E-02
  1.8200E+02  1.4417E-02
  1.8300E+02  1.4216E-02
  1.8400E+02  1.4198E-02
  1.8500E+02  1.4342E-02
  1.8600E+02  1.4407E-02
  1.8700E+02  1.4320E-02
  1.8800E+02  1.4211E-02
  1.8900E+02  1.4084E-02
  1.9000E+02  1.3940E-02
  1.9100E+02  1.3762E-02
  1.9200E+02  1.3787E-02
  1.9300E+02  1.3814E-02
  1.9400E+02  1.3843E-02
  1.9500E+02  1.3895E-02
  1.9600E+02  1.4061E-02
  1.9700E+02  1.4397E-02
  1.9800E+02  1.4797E-02
  1.9900E+02  1.7318E-02
  2.0000E+02  1.8534E-02
  2.0100E+02  1.9783E-02
  2.0200E+02  1.8716E-02
  2.0300E+02  1.7853E-02
  2.0400E+02  1.6596E-02
  2.0500E+02  1.5162E-02
  2.0600E+02  1.3523E-02
  2.0700E+02  1.1021E-02
  2.0800E+02  8.1576E-03
  2.0900E+02  6.8350E-03
  2.1000E+02  5.5466E-03
  2.1100E+02  4.2924E-03
  2.1200E+02  3.0560E-03
  2.1300E+02  1.4780E-03
  2.1400E+02  1.4984E-03
  2.1500E+02  1.5182E-03
  2.1600E+02  1.5373E-03
  2.1700E+02  1.5558E-03
  2.1800E+02  1.5736E-03
  2.1900E+02  1.5926E-03
  2.2000E+02  1.6134E-03
  2.2100E+02  1.6349E-03
  2.2200E+02  1.6572E-03
  2.2300E+02  1.6802E-03
  2.2400E+02  1.7039E-03
  2.2500E+02  1.7284E-03
  2.2600E+02  1.7536E-03
  2.2700E+02  1.7795E-03
  2.2800E+02  1.8062E-03
  2.2900E+02  1.8335E-03
  2.3000E+02  1.8617E-03
  2.3100E+02  1.8904E-03
  2.3200E+02  1.9197E-03
  2.3300E+02  1.9494E-03
  2.3400E+02  1.9795E-03
  2.3500E+02  2.0101E-03
  2.3600E+02  2.0412E-03
  2.3700E+02  2.0732E-03
  2.3800E+02  2.1063E-03
  2.3900E+02  2.1405E-03
  2.4000E+02  2.1758E-03
  2.4100E+02  2.2123E-03
  2.4200E+02  2.2508E-03
  2.4300E+02  2.2913E-03
  2.4400E+02  2.3341E-03
  2.4500E+02  2.3789E-03
  2.4600E+02  2.4239E-03
  2.4700E+02  2.4626E-03
  2.4800E+02  2.4977E-03
  2.4900E+02  2.5291E-03
  2.5000E+02  2.5569E-03
  2.5100E+02  2.5877E-03
  2.5200E+02  2.6301E-03
  2.5300E+02  2.6724E-03
  2.5400E+02  2.7145E-03
  2.5500E+02  2.7565E-03
  2.5600E+02  2.7981E-03
  2.5700E+02  2.8397E-03
  2.5800E+02  2.8817E-03
  2.5900E+02  2.9242E-03
  2.6000E+02  2.9671E-03
  2.6100E+02  3.0104E-03
  2.6200E+02  3.0549E-03
  2.6300E+02  3.1042E-03
  2.6400E+02  3.1555E-03
  2.6500E+02  3.2066E-03
  2.6600E+02  3.2575E-03
  2.6700E+02  3.3081E-03
  2.6800E+02  3.3643E-03
  2.6900E+02  3.4248E-03
  2.7000E+02  3.4875E-03
  2.7100E+02  3.5527E-03
  2.7200E+02  3.6201E-03
  2.7300E+02  3.6899E-03
  2.7400E+02  3.7620E-03
  2.7500E+02  3.8324E-03
  2.7600E+02  3.8989E-03
  2.7700E+02  3.9614E-03
  2.7800E+02  4.0199E-03
  2.7900E+02  4.0745E-03
  2.8000E+02  4.1252E-03
  2.8100E+02  4.1756E-03
  2.8200E+02  4.2349E-03
  2.8300E+02  4.3033E-03
  2.8400E+02  4.3797E-03
  2.8500E+02  4.4602E-03
  2.8600E+02  4.5427E-03
  2.8700E+02  4.6268E-03
  2.8800E+02  4.7098E-03
  2.8900E+02  4.7940E-03
  2.9000E+02  4.8803E-03
  2.9100E+02  4.9686E-03
  2.9200E+02  5.0582E-03
  2.9300E+02  5.1495E-03
  2.9400E+02  5.2426E-03
  2.9500E+02  5.3375E-03
  2.9600E+02  5.4310E-03
  2.9700E+02  5.5335E-03
  2.9800E+02  5.6472E-03
  2.9900E+02  5.7722E-03
  3.0000E+02  5.9084E-03
  3.0100E+02  6.0553E-03
  3.0200E+02  6.1967E-03
  3.0300E+02  6.3320E-03
  3.0400E+02  6.4609E-03
  3.0500E+02  6.5836E-03
  3.0600E+02  6.7000E-03
  3.0700E+02  6.8302E-03
  3.0800E+02  6.9695E-03
  3.0900E+02  7.1205E-03
  3.1000E+02  7.2777E-03
  3.1100E+02  7.4411E-03
  3.1200E+02  7.6137E-03
  3.1300E+02  7.7931E-03
  3.1400E+02  7.9663E-03
  3.1500E+02  8.1502E-03
  3.1600E+02  8.3614E-03
  3.1700E+02  8.5853E-03
  3.1800E+02  8.8218E-03
  3.1900E+02  9.0709E-03
  3.2000E+02  9.3320E-03
  3.2100E+02  9.6058E-03
  3.2200E+02  9.9226E-03
  3.2300E+02  1.0301E-02
  3.2400E+02  1.0720E-02
  3.2500E+02  1.1233E-02
  3.2600E+02  1.2080E-02
  3.2700E+02  1.2974E-02
  3.2800E+02  1.3909E-02
  3.2900E+02  1.4787E-02
  3.3000E+02  1.5446E-02
  3.3100E+02  1.5862E-02
  3.3200E+02  1.6039E-02
  3.3300E+02  1.5990E-02
  3.3400E+02  1.5830E-02
  3.3500E+02  1.5834E-02
  3.3600E+02  1.5395E-02
  3.3700E+02  1.4743E-02
  3.3800E+02  1.3957E-02
  3.3900E+02  1.3342E-02
  3.4000E+02  1.2710E-02
  3.4100E+02  1.2059E-02
  3.4200E+02  1.1410E-02
  3.4300E+02  1.0870E-02
  3.4400E+02  1.0366E-02
  3.4500E+02  9.8819E-03
  3.4600E+02  9.4546E-03
  3.4700E+02  9.0940E-03
  3.4800E+02  8.8002E-03
  3.4900E+02  8.3609E-03
  3.5000E+02  7.6339E-03
  3.5100E+02  7.3095E-03
  3.5200E+02  6.9927E-03
  3.5300E+02  6.6884E-03
  3.5400E+02  6.3968E-03
  3.5500E+02  6.1181E-03
  3.5600E+02  5.8523E-03
  3.5700E+02  5.5994E-03
  3.5800E+02  5.3592E-03
  3.5900E+02  5.1006E-03
  3.6000E+02  4.7988E-03
  3.6100E+02  4.5003E-03
  3.6200E+02  4.0084E-03
  3.6300E+02  3.6143E-03
  3.6400E+02  3.3963E-03
  3.6500E+02  3.1682E-03
  3.6600E+02  2.9625E-03
  3.6700E+02  2.7791E-03
  3.6800E+02  2.6180E-03
  3.6900E+02  2.4840E-03
  3.7000E+02  2.3949E-03
  3.7100E+02  2.3095E-03
  3.7200E+02  2.2279E-03
  3.7300E+02  3.1148E-03
  3.7400E+02  3.3890E-03
  3.7500E+02  3.5454E-03
  3.7600E+02  3.6674E-03
  3.7700E+02  3.8459E-03
  3.7800E+02  4.0224E-03
  3.7900E+02  4.1944E-03
  3.8000E+02  4.3617E-03
  3.8100E+02  4.5245E-03
  3.8200E+02  4.6828E-03
  3.8300E+02  4.9669E-03
  3.8400E+02  5.6237E-03
  3.8500E+02  6.1542E-03
  3.8600E+02  6.6829E-03
  3.8700E+02  7.2138E-03
  3.8800E+02  7.7470E-03
  3.8900E+02  8.2824E-03
  3.9000E+02  8.9441E-03
  3.9100E+02  9.4016E-03
  3.9200E+02  9.7371E-03
  3.9300E+02  9.7506E-03
  3.9400E+02  9.7528E-03
  3.9500E+02  9.6769E-03
  3.9600E+02  9.8117E-03
  3.9700E+02  1.0401E-02
  3.9800E+02  1.1196E-02
  3.9900E+02  1.1357E-02
  4.0000E+02  1.0178E-02
  4.0100E+02  1.0204E-02
  4.0200E+02  1.0250E-02
  4.0300E+02  1.0314E-02
  4.0400E+02  1.0398E-02
  4.0500E+02  1.0498E-02
  4.0600E+02  1.0615E-02
  4.0700E+02  1.0748E-02
  4.0800E+02  1.0903E-02
  4.0900E+02  1.1057E-02
  4.1000E+02  1.1190E-02
  4.1100E+02  1.1298E-02
  4.1200E+02  1.1670E-02
  4.1300E+02  1.1855E-02
  4.1400E+02  1.2035E-02
  4.1500E+02  1.2211E-02
  4.1600E+02  1.2386E-02
  4.1700E+02  1.2647E-02
  4.1800E+02  1.2994E-02
  4.1900E+02  1.3289E-02
  4.2000E+02  1.3471E-02
  4.2100E+02  1.4401E-02
  4.2200E+02  1.2323E-02
  4.2300E+02  1.2097E-02
  4.2400E+02  1.1944E-02
  4.2500E+02  1.1782E-02
  4.2600E+02  1.1611E-02
  4.2700E+02  1.1431E-02
  4.2800E+02  1.1242E-02
  4.2900E+02  1.1044E-02
  4.3000E+02  1.0838E-02
  4.3100E+02  1.0631E-02
  4.3200E+02  1.0387E-02
  4.3300E+02  1.0087E-02
  4.3400E+02  9.7553E-03
  4.3500E+02  9.5670E-03
  4.3600E+02  9.3958E-03
  4.3700E+02  9.2421E-03
  4.3800E+02  9.1051E-03
  4.3900E+02  8.9848E-03
  4.4000E+02  8.8819E-03
  4.4100E+02  8.6850E-03
  4.4200E+02  8.5374E-03
  4.4300E+02  8.5012E-03
  4.4400E+02  8.4469E-03
  4.4500E+02  8.3772E-03
  4.4600E+02  8.2758E-03
  4.4700E+02  8.1364E-03
  4.4800E+02  7.9632E-03
  4.4900E+02  7.8028E-03
  4.5000E+02  7.6917E-03
  4.5100E+02  7.5816E-03
  4.5200E+02  7.4725E-03
  4.5300E+02  7.3642E-03
  4.5400E+02  7.2568E-03
  4.5500E+02  7.1503E-03
  4.5600E+02  7.0493E-03
  4.5700E+02  6.9627E-03
  4.5800E+02  6.8908E-03
  4.5900E+02  6.8508E-03
  4.6000E+02  6.8306E-03
  4.6100E+02  6.8322E-03
  4.6200E+02  6.8756E-03
  4.6300E+02  7.0253E-03
  4.6400E+02  7.0196E-03
  4.6500E+02  6.8742E-03
  4.6600E+02  7.4352E-03
  4.6700E+02  7.0217E-03
  4.6800E+02  6.5273E-03
  4.6900E+02  6.3992E-03
  4.7000E+02  6.2717E-03
  4.7100E+02  6.1447E-03
  4.7200E+02  6.0183E-03
  4.7300E+02  5.8923E-03
  4.7400E+02  1.6225E-02
  4.7500E+02  4.7959E-02
  4.7600E+02  6.3925E-02
  4.7700E+02  6.5684E-02
  4.7800E+02  9.7817E-02
  4.7900E+02  7.2437E-02
  4.8000E+02  6.9553E-02
  4.8100E+02  6.9185E-02
  4.8200E+02  7.0919E-02
  4.8300E+02  6.9836E-02
  4.8400E+02  6.9167E-02
  4.8500E+02  6.8008E-02
  4.8600E+02  6.8036E-02
  4.8700E+02  6.8696E-02
  4.8800E+02  6.9367E-02
  4.8900E+02  6.7928E-02
  4.9000E+02  6.7839E-02
  4.9100E+02  6.8760E-02
  4.9200E+02  6.9561E-02
  4.9300E+02  7.1466E-02
  4.9400E+02  7.3227E-02
  4.9500E+02  7.5191E-02
  4.9600E+02  7.6786E-02
  4.9700E+02  8.0958E-02
  4.9800E+02  8.1378E-02
  4.9900E+02  7.3982E-02
  5.0000E+02  6.5000E-02
  5.0100E+02  4.1084E-02
  5.0200E+02  3.3410E-02
  5.0300E+02  2.8479E-02
  5.0400E+02  2.2093E-02
  5.0500E+02  1.9320E-02
  5.0600E+02  1.7353E-02
  5.0700E+02  1.5910E-02
  5.0800E+02  1.4667E-02
  5.0900E+02  1.3940E-02
  5.1000E+02  1.2503E-02
  5.1100E+02  1.0929E-02
  5.1200E+02  9.3511E-03
  5.1300E+02  8.3120E-03
  5.1400E+02  7.4376E-03
  5.1500E+02  6.6665E-03
  5.1600E+02  6.7812E-03
  5.1700E+02  5.2877E-03
  5.1800E+02  4.2362E-03
  5.1900E+02  2.9975E-03
  5.2000E+02  2.0596E-03
  5.2100E+02  1.7226E-03
  5.2200E+02  2.1340E-04
  5.2300E+02  0.0000E+00
