 -2.8871E-05  0.0000E+00
  9.9997E-01  8.1299E-08
  2.0000E+00  3.2520E-07
  3.0000E+00  7.3169E-07
  4.0000E+00  1.3008E-06
  5.0000E+00  2.0325E-06
  6.0000E+00  2.9268E-06
  7.0000E+00  3.9837E-06
  8.0000E+00  5.2031E-06
  9.0000E+00  6.5852E-06
  1.0000E+01  8.1299E-06
  1.1000E+01  9.8372E-06
  1.2000E+01  1.1707E-05
  1.3000E+01  1.3740E-05
  1.4000E+01  1.5935E-05
  1.5000E+01  1.8292E-05
  1.6000E+01  2.0813E-05
  1.7000E+01  2.3495E-05
  1.8000E+01  2.6341E-05
  1.9000E+01  2.9349E-05
  2.0000E+01  3.2520E-05
  2.1000E+01  3.5853E-05
  2.2000E+01  3.9349E-05
  2.3000E+01  4.3007E-05
  2.4000E+01  4.6828E-05
  2.5000E+01  5.0812E-05
  2.6000E+01  5.4958E-05
  2.7000E+01  5.9267E-05
  2.8000E+01  6.3738E-05
  2.9000E+01  6.8373E-05
  3.0000E+01  7.3169E-05
  3.1000E+01  7.8128E-05
  3.2000E+01  8.3250E-05
  3.3000E+01  8.8535E-05
  3.4000E+01  9.3982E-05
  3.5000E+01  9.9591E-05
  3.6000E+01  1.0536E-04
  3.7000E+01  1.1130E-04
  3.8000E+01  1.1740E-04
  3.9000E+01  1.2366E-04
  4.0000E+01  1.7058E-04
  4.1000E+01  2.3859E-04
  4.2000E+01  2.9851E-04
  4.3000E+01  3.5033E-04
  4.4000E+01  3.9406E-04
  4.5000E+01  4.2970E-04
  4.6000E+01  4.5725E-04
  4.7000E+01  4.7670E-04
  4.8000E+01  4.8807E-04
  4.9000E+01  4.9134E-04
  5.0000E+01  4.9886E-04
  5.1000E+01  5.2551E-04
  5.2000E+01  5.5267E-04
  5.3000E+01  5.8033E-04
  5.4000E+01  6.0851E-04
  5.5000E+01  6.3720E-04
  5.6000E+01  6.6640E-04
  5.7000E+01  6.9611E-04
  5.8000E+01  7.2709E-04
  5.9000E+01  7.6065E-04
  6.0000E+01  7.9594E-04
  6.1000E+01  8.3295E-04
  6.2000E+01  8.7169E-04
  6.3000E+01  9.1215E-04
  6.4000E+01  9.5433E-04
  6.5000E+01  9.9824E-04
  6.6000E+01  1.0439E-03
  6.7000E+01  1.0912E-03
  6.8000E+01  1.1419E-03
  6.9000E+01  1.2102E-03
  7.0000E+01  1.2994E-03
  7.1000E+01  1.4715E-03
  7.2000E+01  1.6573E-03
  7.3000E+01  1.8713E-03
  7.4000E+01  1.9666E-03
  7.5000E+01  1.9485E-03
  7.6000E+01  1.9070E-03
  7.7000E+01  1.9554E-03
  7.8000E+01  2.0345E-03
  7.9000E+01  2.1157E-03
  8.0000E+01  2.1989E-03
  8.1000E+01  2.2870E-03
  8.2000E+01  2.3803E-03
  8.3000E+01  2.4787E-03
  8.4000E+01  2.5824E-03
  8.5000E+01  2.6912E-03
  8.6000E+01  2.8057E-03
  8.7000E+01  2.9284E-03
  8.8000E+01  3.0599E-03
  8.9000E+01  3.2002E-03
  9.0000E+01  3.3486E-03
  9.1000E+01  3.5037E-03
  9.2000E+01  3.6640E-03
  9.3000E+01  3.8349E-03
  9.4000E+01  4.0163E-03
  9.5000E+01  4.2082E-03
  9.6000E+01  4.6724E-03
  9.7000E+01  4.7569E-03
  9.8000E+01  5.1644E-03
  9.9000E+01  5.5435E-03
  1.0000E+02  5.8903E-03
  1.0100E+02  6.2372E-03
  1.0200E+02  6.7015E-03
  1.0300E+02  7.3016E-03
  1.0400E+02  8.0458E-03
  1.0500E+02  8.8383E-03
  1.0600E+02  9.6562E-03
  1.0700E+02  1.0573E-02
  1.0800E+02  1.1247E-02
  1.0900E+02  1.2278E-02
  1.1000E+02  1.3030E-02
  1.1100E+02  1.2372E-02
  1.1200E+02  1.2639E-02
  1.1300E+02  1.3001E-02
  1.1400E+02  1.3397E-02
  1.1500E+02  1.3825E-02
  1.1600E+02  1.4280E-02
  1.1700E+02  1.4734E-02
  1.1800E+02  1.5349E-02
  1.1900E+02  1.5932E-02
  1.2000E+02  1.6363E-02
  1.2100E+02  1.7330E-02
  1.2200E+02  1.8145E-02
  1.2300E+02  2.0748E-02
  1.2400E+02  1.7532E-02
  1.2500E+02  1.7832E-02
  1.2600E+02  1.8231E-02
  1.2700E+02  1.8616E-02
  1.2800E+02  1.8974E-02
  1.2900E+02  1.9598E-02
  1.3000E+02  2.0222E-02
  1.3100E+02  2.0786E-02
  1.3200E+02  2.1419E-02
  1.3300E+02  2.2428E-02
  1.3400E+02  2.4581E-02
  1.3500E+02  2.8677E-02
  1.3600E+02  2.9395E-02
  1.3700E+02  3.0489E-02
  1.3800E+02  3.0717E-02
  1.3900E+02  3.1162E-02
  1.4000E+02  3.1885E-02
  1.4100E+02  3.2123E-02
  1.4200E+02  3.1932E-02
  1.4300E+02  3.1846E-02
  1.4400E+02  3.1416E-02
  1.4500E+02  3.0880E-02
  1.4600E+02  3.0388E-02
  1.4700E+02  2.9572E-02
  1.4800E+02  2.8601E-02
  1.4900E+02  2.6405E-02
  1.5000E+02  2.4014E-02
  1.5100E+02  2.2598E-02
  1.5200E+02  2.1176E-02
  1.5300E+02  2.0714E-02
  1.5400E+02  2.0277E-02
  1.5500E+02  1.9881E-02
  1.5600E+02  1.9513E-02
  1.5700E+02  1.9163E-02
  1.5800E+02  1.8849E-02
  1.5900E+02  1.8568E-02
  1.6000E+02  1.8299E-02
  1.6100E+02  1.8045E-02
  1.6200E+02  1.7810E-02
  1.6300E+02  1.7581E-02
  1.6400E+02  1.7354E-02
  1.6500E+02  1.7130E-02
  1.6600E+02  1.6922E-02
  1.6700E+02  1.7006E-02
  1.6800E+02  1.7225E-02
  1.6900E+02  1.7405E-02
  1.7000E+02  1.7513E-02
  1.7100E+02  1.7068E-02
  1.7200E+02  1.6617E-02
  1.7300E+02  1.6242E-02
  1.7400E+02  1.6123E-02
  1.7500E+02  1.8154E-02
  1.7600E+02  1.5532E-02
  1.7700E+02  1.5301E-02
  1.7800E+02  1.5214E-02
  1.7900E+02  1.5153E-02
  1.8000E+02  1.5110E-02
  1.8100E+02  1.4932E-02
  1.8200E+02  1.4745E-02
  1.8300E+02  1.4548E-02
  1.8400E+02  1.4356E-02
  1.8500E+02  1.4202E-02
  1.8600E+02  1.4088E-02
  1.8700E+02  1.3977E-02
  1.8800E+02  1.3832E-02
  1.8900E+02  1.3771E-02
  1.9000E+02  1.3712E-02
  1.9100E+02  1.3641E-02
  1.9200E+02  1.3631E-02
  1.9300E+02  1.3913E-02
  1.9400E+02  1.4342E-02
  1.9500E+02  1.4848E-02
  1.9600E+02  1.5743E-02
  1.9700E+02  1.6826E-02
  1.9800E+02  1.7165E-02
  1.9900E+02  1.7135E-02
  2.0000E+02  1.7203E-02
  2.0100E+02  1.7287E-02
  2.0200E+02  1.7258E-02
  2.0300E+02  1.7120E-02
  2.0400E+02  1.6964E-02
  2.0500E+02  1.5633E-02
  2.0600E+02  1.3426E-02
  2.0700E+02  1.1010E-02
  2.0800E+02  9.1676E-03
  2.0900E+02  7.8722E-03
  2.1000E+02  6.8765E-03
  2.1100E+02  5.3275E-03
  2.1200E+02  2.3311E-03
  2.1300E+02  1.4292E-03
  2.1400E+02  1.4511E-03
  2.1500E+02  1.4736E-03
  2.1600E+02  1.4969E-03
  2.1700E+02  1.5207E-03
  2.1800E+02  1.5453E-03
  2.1900E+02  1.5700E-03
  2.2000E+02  1.5950E-03
  2.2100E+02  1.6205E-03
  2.2200E+02  1.6463E-03
  2.2300E+02  1.6725E-03
  2.2400E+02  1.6993E-03
  2.2500E+02  1.7269E-03
  2.2600E+02  1.7550E-03
  2.2700E+02  1.7839E-03
  2.2800E+02  1.8134E-03
  2.2900E+02  1.8436E-03
  2.3000E+02  1.8752E-03
  2.3100E+02  1.9083E-03
  2.3200E+02  1.9428E-03
  2.3300E+02  1.9787E-03
  2.3400E+02  2.0158E-03
  2.3500E+02  2.0465E-03
  2.3600E+02  2.0740E-03
  2.3700E+02  2.0983E-03
  2.3800E+02  2.1195E-03
  2.3900E+02  2.1498E-03
  2.4000E+02  2.1836E-03
  2.4100E+02  2.2170E-03
  2.4200E+02  2.2500E-03
  2.4300E+02  2.2832E-03
  2.4400E+02  2.3165E-03
  2.4500E+02  2.3501E-03
  2.4600E+02  2.3839E-03
  2.4700E+02  2.4179E-03
  2.4800E+02  2.4524E-03
  2.4900E+02  2.4873E-03
  2.5000E+02  2.5229E-03
  2.5100E+02  2.5632E-03
  2.5200E+02  2.6047E-03
  2.5300E+02  2.6471E-03
  2.5400E+02  2.6903E-03
  2.5500E+02  2.7352E-03
  2.5600E+02  2.7834E-03
  2.5700E+02  2.8335E-03
  2.5800E+02  2.8855E-03
  2.5900E+02  2.9393E-03
  2.6000E+02  2.9950E-03
  2.6100E+02  3.0525E-03
  2.6200E+02  3.1104E-03
  2.6300E+02  3.1654E-03
  2.6400E+02  3.2172E-03
  2.6500E+02  3.2659E-03
  2.6600E+02  3.3115E-03
  2.6700E+02  3.3539E-03
  2.6800E+02  3.3932E-03
  2.6900E+02  3.4351E-03
  2.7000E+02  3.4838E-03
  2.7100E+02  3.5395E-03
  2.7200E+02  3.6023E-03
  2.7300E+02  3.6676E-03
  2.7400E+02  3.7296E-03
  2.7500E+02  3.7913E-03
  2.7600E+02  3.8541E-03
  2.7700E+02  3.9179E-03
  2.7800E+02  3.9831E-03
  2.7900E+02  4.0495E-03
  2.8000E+02  4.1173E-03
  2.8100E+02  4.1863E-03
  2.8200E+02  4.2565E-03
  2.8300E+02  4.3288E-03
  2.8400E+02  4.4021E-03
  2.8500E+02  4.4826E-03
  2.8600E+02  4.5703E-03
  2.8700E+02  4.6652E-03
  2.8800E+02  4.7673E-03
  2.8900E+02  4.8706E-03
  2.9000E+02  4.9660E-03
  2.9100E+02  5.0551E-03
  2.9200E+02  5.1377E-03
  2.9300E+02  5.2124E-03
  2.9400E+02  5.3025E-03
  2.9500E+02  5.3948E-03
  2.9600E+02  5.4889E-03
  2.9700E+02  5.5913E-03
  2.9800E+02  5.6946E-03
  2.9900E+02  5.7990E-03
  3.0000E+02  5.9091E-03
  3.0100E+02  6.0209E-03
  3.0200E+02  6.1335E-03
  3.0300E+02  6.2469E-03
  3.0400E+02  6.3698E-03
  3.0500E+02  6.4990E-03
  3.0600E+02  6.6337E-03
  3.0700E+02  6.7737E-03
  3.0800E+02  6.9192E-03
  3.0900E+02  7.0702E-03
  3.1000E+02  7.2312E-03
  3.1100E+02  7.4051E-03
  3.1200E+02  7.5948E-03
  3.1300E+02  7.8005E-03
  3.1400E+02  7.9984E-03
  3.1500E+02  8.1854E-03
  3.1600E+02  8.3981E-03
  3.1700E+02  8.6219E-03
  3.1800E+02  8.8565E-03
  3.1900E+02  9.1022E-03
  3.2000E+02  9.3590E-03
  3.2100E+02  9.6212E-03
  3.2200E+02  9.9129E-03
  3.2300E+02  1.0241E-02
  3.2400E+02  1.0611E-02
  3.2500E+02  1.1040E-02
  3.2600E+02  1.1527E-02
  3.2700E+02  1.2068E-02
  3.2800E+02  1.2665E-02
  3.2900E+02  1.3317E-02
  3.3000E+02  1.4025E-02
  3.3100E+02  1.4872E-02
  3.3200E+02  1.6611E-02
  3.3300E+02  1.8736E-02
  3.3400E+02  1.9324E-02
  3.3500E+02  1.8120E-02
  3.3600E+02  1.5961E-02
  3.3700E+02  1.4237E-02
  3.3800E+02  1.3191E-02
  3.3900E+02  1.2469E-02
  3.4000E+02  1.1821E-02
  3.4100E+02  1.1246E-02
  3.4200E+02  1.0742E-02
  3.4300E+02  1.0311E-02
  3.4400E+02  9.9327E-03
  3.4500E+02  9.5881E-03
  3.4600E+02  9.2723E-03
  3.4700E+02  8.9989E-03
  3.4800E+02  8.7417E-03
  3.4900E+02  8.4301E-03
  3.5000E+02  8.0773E-03
  3.5100E+02  7.5160E-03
  3.5200E+02  7.1858E-03
  3.5300E+02  6.8687E-03
  3.5400E+02  6.5592E-03
  3.5500E+02  6.2684E-03
  3.5600E+02  6.0469E-03
  3.5700E+02  5.7964E-03
  3.5800E+02  5.3920E-03
  3.5900E+02  5.0068E-03
  3.6000E+02  4.6396E-03
  3.6100E+02  4.2850E-03
  3.6200E+02  3.9469E-03
  3.6300E+02  3.6261E-03
  3.6400E+02  3.4771E-03
  3.6500E+02  3.3758E-03
  3.6600E+02  3.3029E-03
  3.6700E+02  3.2320E-03
  3.6800E+02  3.1780E-03
  3.6900E+02  3.1466E-03
  3.7000E+02  3.1391E-03
  3.7100E+02  3.1556E-03
  3.7200E+02  3.1960E-03
  3.7300E+02  3.2604E-03
  3.7400E+02  3.3487E-03
  3.7500E+02  3.4230E-03
  3.7600E+02  3.3468E-03
  3.7700E+02  3.4514E-03
  3.7800E+02  3.6173E-03
  3.7900E+02  3.8296E-03
  3.8000E+02  4.0884E-03
  3.8100E+02  4.3938E-03
  3.8200E+02  4.8923E-03
  3.8300E+02  5.6804E-03
  3.8400E+02  6.4396E-03
  3.8500E+02  7.0605E-03
  3.8600E+02  7.3022E-03
  3.8700E+02  7.6530E-03
  3.8800E+02  8.2173E-03
  3.8900E+02  8.8008E-03
  3.9000E+02  9.3187E-03
  3.9100E+02  9.6011E-03
  3.9200E+02  9.1752E-03
  3.9300E+02  9.2808E-03
  3.9400E+02  9.4436E-03
  3.9500E+02  9.5174E-03
  3.9600E+02  9.5825E-03
  3.9700E+02  9.6665E-03
  3.9800E+02  9.7818E-03
  3.9900E+02  9.8731E-03
  4.0000E+02  1.0056E-02
  4.0100E+02  1.0244E-02
  4.0200E+02  1.0426E-02
  4.0300E+02  1.0601E-02
  4.0400E+02  1.0770E-02
  4.0500E+02  1.0939E-02
  4.0600E+02  1.1183E-02
  4.0700E+02  1.1456E-02
  4.0800E+02  1.1570E-02
  4.0900E+02  1.1655E-02
  4.1000E+02  1.1705E-02
  4.1100E+02  1.1987E-02
  4.1200E+02  1.2272E-02
  4.1300E+02  1.1775E-02
  4.1400E+02  1.1645E-02
  4.1500E+02  1.1625E-02
  4.1600E+02  1.1643E-02
  4.1700E+02  1.1706E-02
  4.1800E+02  1.1844E-02
  4.1900E+02  1.1906E-02
  4.2000E+02  1.1940E-02
  4.2100E+02  1.1946E-02
  4.2200E+02  1.1926E-02
  4.2300E+02  1.1884E-02
  4.2400E+02  1.1896E-02
  4.2500E+02  1.2284E-02
  4.2600E+02  1.2348E-02
  4.2700E+02  1.2197E-02
  4.2800E+02  1.1885E-02
  4.2900E+02  1.1477E-02
  4.3000E+02  1.0474E-02
  4.3100E+02  1.0116E-02
  4.3200E+02  9.9598E-03
  4.3300E+02  9.8122E-03
  4.3400E+02  9.6625E-03
  4.3500E+02  9.5132E-03
  4.3600E+02  9.3075E-03
  4.3700E+02  9.1422E-03
  4.3800E+02  8.9880E-03
  4.3900E+02  8.8378E-03
  4.4000E+02  8.6916E-03
  4.4100E+02  8.5495E-03
  4.4200E+02  8.4145E-03
  4.4300E+02  8.2872E-03
  4.4400E+02  8.1677E-03
  4.4500E+02  8.0622E-03
  4.4600E+02  7.9797E-03
  4.4700E+02  7.9118E-03
  4.4800E+02  7.8542E-03
  4.4900E+02  7.8067E-03
  4.5000E+02  7.7718E-03
  4.5100E+02  7.7029E-03
  4.5200E+02  7.6492E-03
  4.5300E+02  7.6399E-03
  4.5400E+02  7.6290E-03
  4.5500E+02  7.6194E-03
  4.5600E+02  7.5666E-03
  4.5700E+02  7.4408E-03
  4.5800E+02  7.2419E-03
  4.5900E+02  7.0739E-03
  4.6000E+02  6.9662E-03
  4.6100E+02  6.8590E-03
  4.6200E+02  6.7522E-03
  4.6300E+02  6.6460E-03
  4.6400E+02  6.5403E-03
  4.6500E+02  6.4393E-03
  4.6600E+02  6.3589E-03
  4.6700E+02  6.3430E-03
  4.6800E+02  6.3435E-03
  4.6900E+02  6.3987E-03
  4.7000E+02  6.5597E-03
  4.7100E+02  6.6646E-03
  4.7200E+02  6.8127E-03
  4.7300E+02  7.5432E-03
  4.7400E+02  1.9048E-02
  4.7500E+02  5.5907E-02
  4.7600E+02  5.8657E-02
  4.7700E+02  7.4604E-02
  4.7800E+02  9.5368E-02
  4.7900E+02  7.5681E-02
  4.8000E+02  7.0208E-02
  4.8100E+02  6.8902E-02
  4.8200E+02  6.7315E-02
  4.8300E+02  6.9420E-02
  4.8400E+02  6.8538E-02
  4.8500E+02  6.7357E-02
  4.8600E+02  6.6208E-02
  4.8700E+02  6.6296E-02
  4.8800E+02  6.7329E-02
  4.8900E+02  6.9311E-02
  4.9000E+02  6.8588E-02
  4.9100E+02  6.8271E-02
  4.9200E+02  6.9088E-02
  4.9300E+02  6.9982E-02
  4.9400E+02  7.1637E-02
  4.9500E+02  7.3567E-02
  4.9600E+02  7.6047E-02
  4.9700E+02  8.3755E-02
  4.9800E+02  8.6668E-02
  4.9900E+02  7.7570E-02
  5.0000E+02  6.9044E-02
  5.0100E+02  4.3173E-02
  5.0200E+02  3.1631E-02
  5.0300E+02  2.6963E-02
  5.0400E+02  2.4144E-02
  5.0500E+02  1.9516E-02
  5.0600E+02  1.6970E-02
  5.0700E+02  1.5152E-02
  5.0800E+02  1.3845E-02
  5.0900E+02  1.2758E-02
  5.1000E+02  1.1807E-02
  5.1100E+02  1.1441E-02
  5.1200E+02  1.0419E-02
  5.1300E+02  8.9495E-03
  5.1400E+02  7.8185E-03
  5.1500E+02  6.8712E-03
  5.1600E+02  6.0600E-03
  5.1700E+02  6.7148E-03
  5.1800E+02  4.4919E-03
  5.1900E+02  3.5972E-03
  5.2000E+02  2.2520E-03
  5.2100E+02  1.8708E-03
  5.2200E+02  3.2420E-04
  5.2300E+02  0.0000E+00
