 -3.0064E-05  0.0000E+00
  9.9997E-01  8.0836E-08
  2.0000E+00  3.2334E-07
  3.0000E+00  7.2753E-07
  4.0000E+00  1.2934E-06
  5.0000E+00  2.0209E-06
  6.0000E+00  2.9101E-06
  7.0000E+00  3.9610E-06
  8.0000E+00  5.1735E-06
  9.0000E+00  6.5477E-06
  1.0000E+01  8.0836E-06
  1.1000E+01  9.7812E-06
  1.2000E+01  1.1640E-05
  1.3000E+01  1.3661E-05
  1.4000E+01  1.5844E-05
  1.5000E+01  1.8188E-05
  1.6000E+01  2.0694E-05
  1.7000E+01  2.3362E-05
  1.8000E+01  2.6191E-05
  1.9000E+01  2.9182E-05
  2.0000E+01  3.2334E-05
  2.1000E+01  3.5649E-05
  2.2000E+01  3.9125E-05
  2.3000E+01  4.2762E-05
  2.4000E+01  4.6562E-05
  2.5000E+01  5.0523E-05
  2.6000E+01  5.4645E-05
  2.7000E+01  5.8930E-05
  2.8000E+01  6.3376E-05
  2.9000E+01  6.7983E-05
  3.0000E+01  7.2753E-05
  3.1000E+01  7.7684E-05
  3.2000E+01  8.2776E-05
  3.3000E+01  8.8031E-05
  3.4000E+01  9.3447E-05
  3.5000E+01  9.9024E-05
  3.6000E+01  1.0476E-04
  3.7000E+01  1.1066E-04
  3.8000E+01  1.1673E-04
  3.9000E+01  1.2295E-04
  4.0000E+01  1.2934E-04
  4.1000E+01  1.3589E-04
  4.2000E+01  1.4259E-04
  4.3000E+01  1.6800E-04
  4.4000E+01  2.4936E-04
  4.5000E+01  3.2208E-04
  4.6000E+01  3.8616E-04
  4.7000E+01  4.4161E-04
  4.8000E+01  4.8841E-04
  4.9000E+01  5.2658E-04
  5.0000E+01  5.5611E-04
  5.1000E+01  5.7700E-04
  5.2000E+01  5.8925E-04
  5.3000E+01  5.9286E-04
  5.4000E+01  6.0555E-04
  5.5000E+01  6.3677E-04
  5.6000E+01  6.6852E-04
  5.7000E+01  7.0079E-04
  5.8000E+01  7.3360E-04
  5.9000E+01  7.6693E-04
  6.0000E+01  8.0080E-04
  6.1000E+01  8.3519E-04
  6.2000E+01  8.7114E-04
  6.3000E+01  9.0978E-04
  6.4000E+01  9.5047E-04
  6.5000E+01  9.9321E-04
  6.6000E+01  1.0380E-03
  6.7000E+01  1.0849E-03
  6.8000E+01  1.1338E-03
  6.9000E+01  1.1847E-03
  7.0000E+01  1.2377E-03
  7.1000E+01  1.2928E-03
  7.2000E+01  1.3549E-03
  7.3000E+01  1.4309E-03
  7.4000E+01  1.5209E-03
  7.5000E+01  1.6249E-03
  7.6000E+01  1.8122E-03
  7.7000E+01  2.0164E-03
  7.8000E+01  2.1424E-03
  7.9000E+01  2.3491E-03
  8.0000E+01  2.4196E-03
  8.1000E+01  2.4752E-03
  8.2000E+01  2.4070E-03
  8.3000E+01  2.4856E-03
  8.4000E+01  2.5807E-03
  8.5000E+01  2.6817E-03
  8.6000E+01  2.7961E-03
  8.7000E+01  2.9206E-03
  8.8000E+01  3.0554E-03
  8.9000E+01  3.1999E-03
  9.0000E+01  3.3518E-03
  9.1000E+01  3.5109E-03
  9.2000E+01  3.6771E-03
  9.3000E+01  3.8506E-03
  9.4000E+01  4.0312E-03
  9.5000E+01  4.2179E-03
  9.6000E+01  4.4042E-03
  9.7000E+01  4.6015E-03
  9.8000E+01  4.8125E-03
  9.9000E+01  5.0936E-03
  1.0000E+02  5.4746E-03
  1.0100E+02  5.9548E-03
  1.0200E+02  6.9241E-03
  1.0300E+02  7.7416E-03
  1.0400E+02  8.0774E-03
  1.0500E+02  8.7127E-03
  1.0600E+02  9.3580E-03
  1.0700E+02  1.0014E-02
  1.0800E+02  1.0680E-02
  1.0900E+02  1.2245E-02
  1.1000E+02  1.2369E-02
  1.1100E+02  1.4009E-02
  1.1200E+02  1.2496E-02
  1.1300E+02  1.2885E-02
  1.1400E+02  1.3274E-02
  1.1500E+02  1.3662E-02
  1.1600E+02  1.4272E-02
  1.1700E+02  1.4695E-02
  1.1800E+02  1.4904E-02
  1.1900E+02  1.5280E-02
  1.2000E+02  1.5732E-02
  1.2100E+02  1.6338E-02
  1.2200E+02  1.6873E-02
  1.2300E+02  1.7599E-02
  1.2400E+02  1.8307E-02
  1.2500E+02  1.9819E-02
  1.2600E+02  2.2099E-02
  1.2700E+02  1.9101E-02
  1.2800E+02  1.9468E-02
  1.2900E+02  1.9791E-02
  1.3000E+02  2.0101E-02
  1.3100E+02  2.0463E-02
  1.3200E+02  2.1043E-02
  1.3300E+02  2.2019E-02
  1.3400E+02  2.3047E-02
  1.3500E+02  2.7591E-02
  1.3600E+02  2.8706E-02
  1.3700E+02  2.9944E-02
  1.3800E+02  3.1277E-02
  1.3900E+02  3.2035E-02
  1.4000E+02  3.2782E-02
  1.4100E+02  3.2131E-02
  1.4200E+02  3.1226E-02
  1.4300E+02  3.0776E-02
  1.4400E+02  3.0320E-02
  1.4500E+02  2.9857E-02
  1.4600E+02  2.9397E-02
  1.4700E+02  2.9242E-02
  1.4800E+02  2.8486E-02
  1.4900E+02  2.8013E-02
  1.5000E+02  2.7296E-02
  1.5100E+02  2.7016E-02
  1.5200E+02  2.3288E-02
  1.5300E+02  2.1314E-02
  1.5400E+02  2.0637E-02
  1.5500E+02  2.0262E-02
  1.5600E+02  1.9932E-02
  1.5700E+02  1.9617E-02
  1.5800E+02  1.9297E-02
  1.5900E+02  1.8955E-02
  1.6000E+02  1.8601E-02
  1.6100E+02  1.8275E-02
  1.6200E+02  1.7990E-02
  1.6300E+02  1.7719E-02
  1.6400E+02  1.7474E-02
  1.6500E+02  1.7238E-02
  1.6600E+02  1.7014E-02
  1.6700E+02  1.6808E-02
  1.6800E+02  1.6615E-02
  1.6900E+02  1.6426E-02
  1.7000E+02  1.6242E-02
  1.7100E+02  1.6069E-02
  1.7200E+02  1.5933E-02
  1.7300E+02  1.6109E-02
  1.7400E+02  1.6681E-02
  1.7500E+02  1.7233E-02
  1.7600E+02  1.6792E-02
  1.7700E+02  1.6316E-02
  1.7800E+02  1.5775E-02
  1.7900E+02  1.6500E-02
  1.8000E+02  1.5309E-02
  1.8100E+02  1.4939E-02
  1.8200E+02  1.4722E-02
  1.8300E+02  1.4497E-02
  1.8400E+02  1.4451E-02
  1.8500E+02  1.4572E-02
  1.8600E+02  1.4602E-02
  1.8700E+02  1.4489E-02
  1.8800E+02  1.4357E-02
  1.8900E+02  1.4206E-02
  1.9000E+02  1.4037E-02
  1.9100E+02  1.3926E-02
  1.9200E+02  1.3947E-02
  1.9300E+02  1.3972E-02
  1.9400E+02  1.4000E-02
  1.9500E+02  1.4058E-02
  1.9600E+02  1.4238E-02
  1.9700E+02  1.4565E-02
  1.9800E+02  1.5184E-02
  1.9900E+02  1.7440E-02
  2.0000E+02  1.8859E-02
  2.0100E+02  1.9019E-02
  2.0200E+02  1.8556E-02
  2.0300E+02  1.7546E-02
  2.0400E+02  1.6314E-02
  2.0500E+02  1.4912E-02
  2.0600E+02  1.3354E-02
  2.0700E+02  1.1137E-02
  2.0800E+02  8.1309E-03
  2.0900E+02  6.8204E-03
  2.1000E+02  5.5465E-03
  2.1100E+02  4.3090E-03
  2.1200E+02  3.0943E-03
  2.1300E+02  1.4776E-03
  2.1400E+02  1.4983E-03
  2.1500E+02  1.5185E-03
  2.1600E+02  1.5380E-03
  2.1700E+02  1.5570E-03
  2.1800E+02  1.5753E-03
  2.1900E+02  1.5929E-03
  2.2000E+02  1.6139E-03
  2.2100E+02  1.6357E-03
  2.2200E+02  1.6583E-03
  2.2300E+02  1.6817E-03
  2.2400E+02  1.7059E-03
  2.2500E+02  1.7309E-03
  2.2600E+02  1.7566E-03
  2.2700E+02  1.7831E-03
  2.2800E+02  1.8104E-03
  2.2900E+02  1.8385E-03
  2.3000E+02  1.8673E-03
  2.3100E+02  1.8967E-03
  2.3200E+02  1.9266E-03
  2.3300E+02  1.9570E-03
  2.3400E+02  1.9879E-03
  2.3500E+02  2.0193E-03
  2.3600E+02  2.0511E-03
  2.3700E+02  2.0836E-03
  2.3800E+02  2.1173E-03
  2.3900E+02  2.1522E-03
  2.4000E+02  2.1882E-03
  2.4100E+02  2.2255E-03
  2.4200E+02  2.2648E-03
  2.4300E+02  2.3059E-03
  2.4400E+02  2.3489E-03
  2.4500E+02  2.3939E-03
  2.4600E+02  2.4379E-03
  2.4700E+02  2.4749E-03
  2.4800E+02  2.5079E-03
  2.4900E+02  2.5368E-03
  2.5000E+02  2.5616E-03
  2.5100E+02  2.5931E-03
  2.5200E+02  2.6341E-03
  2.5300E+02  2.6750E-03
  2.5400E+02  2.7159E-03
  2.5500E+02  2.7567E-03
  2.5600E+02  2.7974E-03
  2.5700E+02  2.8382E-03
  2.5800E+02  2.8795E-03
  2.5900E+02  2.9213E-03
  2.6000E+02  2.9635E-03
  2.6100E+02  3.0062E-03
  2.6200E+02  3.0502E-03
  2.6300E+02  3.0986E-03
  2.6400E+02  3.1505E-03
  2.6500E+02  3.2036E-03
  2.6600E+02  3.2578E-03
  2.6700E+02  3.3132E-03
  2.6800E+02  3.3700E-03
  2.6900E+02  3.4319E-03
  2.7000E+02  3.4968E-03
  2.7100E+02  3.5647E-03
  2.7200E+02  3.6357E-03
  2.7300E+02  3.7098E-03
  2.7400E+02  3.7838E-03
  2.7500E+02  3.8541E-03
  2.7600E+02  3.9207E-03
  2.7700E+02  3.9836E-03
  2.7800E+02  4.0427E-03
  2.7900E+02  4.0981E-03
  2.8000E+02  4.1498E-03
  2.8100E+02  4.2014E-03
  2.8200E+02  4.2600E-03
  2.8300E+02  4.3259E-03
  2.8400E+02  4.3990E-03
  2.8500E+02  4.4779E-03
  2.8600E+02  4.5588E-03
  2.8700E+02  4.6415E-03
  2.8800E+02  4.7237E-03
  2.8900E+02  4.8067E-03
  2.9000E+02  4.8916E-03
  2.9100E+02  4.9784E-03
  2.9200E+02  5.0663E-03
  2.9300E+02  5.1559E-03
  2.9400E+02  5.2470E-03
  2.9500E+02  5.3397E-03
  2.9600E+02  5.4338E-03
  2.9700E+02  5.5386E-03
  2.9800E+02  5.6539E-03
  2.9900E+02  5.7797E-03
  3.0000E+02  5.9161E-03
  3.0100E+02  6.0607E-03
  3.0200E+02  6.1976E-03
  3.0300E+02  6.3273E-03
  3.0400E+02  6.4501E-03
  3.0500E+02  6.5657E-03
  3.0600E+02  6.6822E-03
  3.0700E+02  6.8165E-03
  3.0800E+02  6.9568E-03
  3.0900E+02  7.1064E-03
  3.1000E+02  7.2632E-03
  3.1100E+02  7.4273E-03
  3.1200E+02  7.6016E-03
  3.1300E+02  7.7831E-03
  3.1400E+02  7.9627E-03
  3.1500E+02  8.1447E-03
  3.1600E+02  8.3559E-03
  3.1700E+02  8.5810E-03
  3.1800E+02  8.8200E-03
  3.1900E+02  9.0727E-03
  3.2000E+02  9.3390E-03
  3.2100E+02  9.6211E-03
  3.2200E+02  9.9494E-03
  3.2300E+02  1.0333E-02
  3.2400E+02  1.0751E-02
  3.2500E+02  1.1331E-02
  3.2600E+02  1.2232E-02
  3.2700E+02  1.3148E-02
  3.2800E+02  1.4072E-02
  3.2900E+02  1.4864E-02
  3.3000E+02  1.5441E-02
  3.3100E+02  1.5799E-02
  3.3200E+02  1.5939E-02
  3.3300E+02  1.5878E-02
  3.3400E+02  1.5723E-02
  3.3500E+02  1.5714E-02
  3.3600E+02  1.5302E-02
  3.3700E+02  1.4664E-02
  3.3800E+02  1.3885E-02
  3.3900E+02  1.3274E-02
  3.4000E+02  1.2644E-02
  3.4100E+02  1.1996E-02
  3.4200E+02  1.1358E-02
  3.4300E+02  1.0829E-02
  3.4400E+02  1.0360E-02
  3.4500E+02  9.8850E-03
  3.4600E+02  9.4636E-03
  3.4700E+02  9.1013E-03
  3.4800E+02  8.7983E-03
  3.4900E+02  8.4100E-03
  3.5000E+02  7.6442E-03
  3.5100E+02  7.3159E-03
  3.5200E+02  6.9953E-03
  3.5300E+02  6.6877E-03
  3.5400E+02  6.3937E-03
  3.5500E+02  6.1131E-03
  3.5600E+02  5.8462E-03
  3.5700E+02  5.5927E-03
  3.5800E+02  5.3528E-03
  3.5900E+02  5.0937E-03
  3.6000E+02  4.7891E-03
  3.6100E+02  4.4372E-03
  3.6200E+02  3.9286E-03
  3.6300E+02  3.6181E-03
  3.6400E+02  3.4487E-03
  3.6500E+02  3.2018E-03
  3.6600E+02  2.9807E-03
  3.6700E+02  2.7855E-03
  3.6800E+02  2.6160E-03
  3.6900E+02  2.4732E-03
  3.7000E+02  2.3837E-03
  3.7100E+02  2.2983E-03
  3.7200E+02  2.2170E-03
  3.7300E+02  3.1877E-03
  3.7400E+02  3.4008E-03
  3.7500E+02  3.5554E-03
  3.7600E+02  3.6837E-03
  3.7700E+02  3.8482E-03
  3.7800E+02  4.0222E-03
  3.7900E+02  4.1920E-03
  3.8000E+02  4.3577E-03
  3.8100E+02  4.5193E-03
  3.8200E+02  4.6769E-03
  3.8300E+02  5.0365E-03
  3.8400E+02  5.6238E-03
  3.8500E+02  6.1546E-03
  3.8600E+02  6.6566E-03
  3.8700E+02  7.1562E-03
  3.8800E+02  7.6534E-03
  3.8900E+02  8.1587E-03
  3.9000E+02  8.7790E-03
  3.9100E+02  9.3337E-03
  3.9200E+02  9.7429E-03
  3.9300E+02  9.7465E-03
  3.9400E+02  9.7371E-03
  3.9500E+02  9.6307E-03
  3.9600E+02  9.7744E-03
  3.9700E+02  1.0356E-02
  3.9800E+02  1.1027E-02
  3.9900E+02  1.1377E-02
  4.0000E+02  1.0249E-02
  4.0100E+02  1.0240E-02
  4.0200E+02  1.0280E-02
  4.0300E+02  1.0343E-02
  4.0400E+02  1.0428E-02
  4.0500E+02  1.0529E-02
  4.0600E+02  1.0643E-02
  4.0700E+02  1.0771E-02
  4.0800E+02  1.0921E-02
  4.0900E+02  1.1061E-02
  4.1000E+02  1.1195E-02
  4.1100E+02  1.1301E-02
  4.1200E+02  1.1669E-02
  4.1300E+02  1.1849E-02
  4.1400E+02  1.2025E-02
  4.1500E+02  1.2197E-02
  4.1600E+02  1.2365E-02
  4.1700E+02  1.2612E-02
  4.1800E+02  1.2951E-02
  4.1900E+02  1.3339E-02
  4.2000E+02  1.3449E-02
  4.2100E+02  1.3562E-02
  4.2200E+02  1.2380E-02
  4.2300E+02  1.2132E-02
  4.2400E+02  1.1980E-02
  4.2500E+02  1.1818E-02
  4.2600E+02  1.1647E-02
  4.2700E+02  1.1467E-02
  4.2800E+02  1.1278E-02
  4.2900E+02  1.1080E-02
  4.3000E+02  1.0873E-02
  4.3100E+02  1.0666E-02
  4.3200E+02  1.0422E-02
  4.3300E+02  1.0127E-02
  4.3400E+02  9.7872E-03
  4.3500E+02  9.5981E-03
  4.3600E+02  9.4288E-03
  4.3700E+02  9.2768E-03
  4.3800E+02  9.1413E-03
  4.3900E+02  9.0224E-03
  4.4000E+02  8.9213E-03
  4.4100E+02  8.7478E-03
  4.4200E+02  8.6050E-03
  4.4300E+02  8.5685E-03
  4.4400E+02  8.5118E-03
  4.4500E+02  8.4357E-03
  4.4600E+02  8.3293E-03
  4.4700E+02  8.1941E-03
  4.4800E+02  8.0307E-03
  4.4900E+02  7.8566E-03
  4.5000E+02  7.7411E-03
  4.5100E+02  7.6267E-03
  4.5200E+02  7.5132E-03
  4.5300E+02  7.4007E-03
  4.5400E+02  7.2892E-03
  4.5500E+02  7.1788E-03
  4.5600E+02  7.0760E-03
  4.5700E+02  6.9838E-03
  4.5800E+02  6.9088E-03
  4.5900E+02  6.8716E-03
  4.6000E+02  6.8475E-03
  4.6100E+02  6.8425E-03
  4.6200E+02  6.8815E-03
  4.6300E+02  7.0559E-03
  4.6400E+02  6.8736E-03
  4.6500E+02  6.7619E-03
  4.6600E+02  7.4205E-03
  4.6700E+02  6.7820E-03
  4.6800E+02  6.3872E-03
  4.6900E+02  6.2640E-03
  4.7000E+02  6.1415E-03
  4.7100E+02  6.0196E-03
  4.7200E+02  5.8982E-03
  4.7300E+02  5.7774E-03
  4.7400E+02  1.7275E-02
  4.7500E+02  4.9751E-02
  4.7600E+02  6.4471E-02
  4.7700E+02  6.6452E-02
  4.7800E+02  8.9851E-02
  4.7900E+02  8.3629E-02
  4.8000E+02  7.1032E-02
  4.8100E+02  6.9169E-02
  4.8200E+02  7.0356E-02
  4.8300E+02  6.9501E-02
  4.8400E+02  6.8809E-02
  4.8500E+02  6.7661E-02
  4.8600E+02  6.7531E-02
  4.8700E+02  6.8132E-02
  4.8800E+02  6.8795E-02
  4.8900E+02  6.7239E-02
  4.9000E+02  6.7645E-02
  4.9100E+02  6.8457E-02
  4.9200E+02  6.9483E-02
  4.9300E+02  7.1787E-02
  4.9400E+02  7.2840E-02
  4.9500E+02  7.5510E-02
  4.9600E+02  7.7295E-02
  4.9700E+02  8.7377E-02
  4.9800E+02  8.1655E-02
  4.9900E+02  7.3468E-02
  5.0000E+02  6.8025E-02
  5.0100E+02  4.2210E-02
  5.0200E+02  3.3685E-02
  5.0300E+02  2.8270E-02
  5.0400E+02  2.2015E-02
  5.0500E+02  1.9192E-02
  5.0600E+02  1.7281E-02
  5.0700E+02  1.5820E-02
  5.0800E+02  1.4564E-02
  5.0900E+02  1.3753E-02
  5.1000E+02  1.2688E-02
  5.1100E+02  1.0853E-02
  5.1200E+02  9.3717E-03
  5.1300E+02  8.2746E-03
  5.1400E+02  7.3852E-03
  5.1500E+02  6.6087E-03
  5.1600E+02  6.6093E-03
  5.1700E+02  5.1714E-03
  5.1800E+02  4.3004E-03
  5.1900E+02  3.1263E-03
  5.2000E+02  2.0869E-03
  5.2100E+02  2.1055E-03
  5.2200E+02  2.3160E-04
  5.2300E+02  0.0000E+00
