20 -215.85632430 1.24
25 -215.94244561 1.35
30 -215.92772652 1.49
35 -215.92449337 3.31
40 -215.92879086 1.80
45 -215.93248003 1.84
50 -215.93395767 2.16
55 -215.93414626 3.96
60 -215.93438983 2.36
65 -215.93449688 2.39
70 -215.93481246 2.62
75 -215.93502845 2.90
80 -215.93518139 3.03
85 -215.93522657 3.13
90 -215.93528761 5.82
95 -215.93532019 5.94
100 -215.93536553 3.52
105 -215.93545532 3.69
110 -215.93550924 3.85
115 -215.93555540 3.91
120 -215.93557929 4.91
125 -215.93558226 6.69
130 -215.93560146 6.52
135 -215.93561724 6.78
140 -215.93564158 12.22
145 -215.93565435 12.31
150 -215.93567328 13.63
155 -215.93567722 8.07
160 -215.93568858 7.98
165 -215.93569499 8.32
170 -215.93569459 8.34
175 -215.93569850 8.67
180 -215.93570215 8.82
185 -215.93570749 9.68
190 -215.93571157 9.88
195 -215.93571502 10.98
200 -215.93571961 11.13
