40 -19.19266178
45 -19.19267070
50 -19.19268377
55 -19.19269065
60 -19.19269345
65 -19.19269807
70 -19.19270710
75 -19.19271427
80 -19.19271438
85 -19.19270928
90 -19.19270002
95 -19.19269298
100 -19.19269167
105 -19.19269458
110 -19.19269984
115 -19.19270284
120 -19.19270278
125 -19.19270191
130 -19.19269980
135 -19.19269833
140 -19.19269783
145 -19.19269838
150 -19.19269963
155 -19.19270136
160 -19.19270282
165 -19.19270364
170 -19.19270391
175 -19.19270382
180 -19.19270340
185 -19.19270281
190 -19.19270247
195 -19.19270250
200 -19.19270291
