9.92 -325.45299871
9.93 -325.45553226
9.94 -325.45803298
9.95 -325.46050275
9.96 -325.46294211
9.97 -325.46534864
9.98 -325.46772440
9.99 -325.47007016
10.00 -325.47238520
10.01 -325.47467060
10.02 -325.47692771
10.03 -325.47915570
10.04 -325.48135377
10.05 -325.48352068
10.06 -325.48566319
10.07 -325.48777559
10.08 -325.48986012
10.09 -325.49191706
10.10 -325.49394782
10.11 -325.49595037
10.12 -325.49792632
10.13 -325.49987621
10.14 -325.50179840
10.15 -325.50369458
10.16 -325.50556709
10.17 -325.50741440
10.18 -325.50923449
10.19 -325.51103077
10.20 -325.51280201
10.21 -325.51454887
10.22 -325.51627162
10.23 -325.51797058
10.24 -325.51964571
10.25 -325.52129808
10.26 -325.52292699
10.27 -325.52453261
10.28 -325.52611691
10.29 -325.52767850
10.30 -325.52921436
10.31 -325.53073256
10.32 -325.53222786
10.33 -325.53370166
10.34 -325.53515336
10.35 -325.53658525
10.36 -325.53799492
10.37 -325.53938349
10.38 -325.54075356
10.39 -325.54210211
10.40 -325.54343109
10.41 -325.54474024
10.42 -325.54602979
10.43 -325.54729903
10.44 -325.54854971
10.45 -325.54978080
10.46 -325.55099342
10.47 -325.55218708
10.48 -325.55336169
10.49 -325.55451888
10.50 -325.55565676
10.51 -325.55677633
10.52 -325.55787814
10.53 -325.55896215
10.54 -325.56002817
10.55 -325.56107657
10.56 -325.56210932
10.57 -325.56312444
10.58 -325.56412142
10.59 -325.56510119
10.60 -325.56606487
10.61 -325.56701300
10.62 -325.56794384
10.63 -325.56885882
10.64 -325.56975683
10.65 -325.57063872
10.66 -325.57150515
10.67 -325.57235709
10.68 -325.57319152
10.69 -325.57401120
10.70 -325.57481675
10.71 -325.57560591
10.72 -325.57637998
10.73 -325.57714090
10.74 -325.57788445
10.75 -325.57861330
10.76 -325.57932912
10.77 -325.58003184
10.78 -325.58071805
10.79 -325.58139142
10.80 -325.58204869
10.81 -325.58269465
10.82 -325.58332483
10.83 -325.58394179
10.84 -325.58454524
10.85 -325.58513573
10.86 -325.58571355
10.87 -325.58627715
10.88 -325.58682809
10.89 -325.58736600
10.90 -325.58789024
10.91 -325.58840300
10.92 -325.58890322
10.93 -325.58939153
10.94 -325.58986480
10.95 -325.59032843
10.96 -325.59077835
10.97 -325.59121654
10.98 -325.59164329
10.99 -325.59205889
11.00 -325.59246148
11.01 -325.59285285
11.02 -325.59323326
11.03 -325.59360275
11.04 -325.59395858
11.05 -325.59430410
11.06 -325.59463944
11.07 -325.59496431
11.08 -325.59527782
11.09 -325.59558051
11.10 -325.59587217
11.11 -325.59615257
11.12 -325.59642367
11.13 -325.59668418
11.14 -325.59693429
11.15 -325.59717440
11.16 -325.59740406
11.17 -325.59762338
11.18 -325.59783378
11.19 -325.59803409
11.20 -325.59822282
11.21 -325.59840492
11.22 -325.59857587
11.23 -325.59873852
11.24 -325.59889069
11.25 -325.59903335
11.26 -325.59916750
11.27 -325.59929153
11.28 -325.59940783
11.29 -325.59951425
11.30 -325.59961396
11.31 -325.59970397
11.32 -325.59978430
11.33 -325.59985507
11.34 -325.59992019
11.35 -325.59997419
11.36 -325.60002117
11.37 -325.60006032
11.38 -325.60009082
11.39 -325.60011318
11.40 -325.60012704
11.41 -325.60013373
11.42 -325.60013188
11.43 -325.60012251
11.44 -325.60010572
11.45 -325.60008182
11.46 -325.60004934
11.47 -325.60000942
11.48 -325.59996240
11.49 -325.59990633
11.50 -325.59984509
11.51 -325.59977615
11.52 -325.59970062
11.53 -325.59961760
11.54 -325.59952682
11.55 -325.59942925
11.56 -325.59932499
11.57 -325.59921340
11.58 -325.59909596
11.59 -325.59897116
11.60 -325.59884110
11.61 -325.59870337
11.62 -325.59855999
11.63 -325.59840895
11.64 -325.59825196
11.65 -325.59808809
11.66 -325.59792003
11.67 -325.59774471
11.68 -325.59756247
11.69 -325.59737515
11.70 -325.59718114
11.71 -325.59698218
11.72 -325.59677640
11.73 -325.59656532
11.74 -325.59634857
11.75 -325.59612561
11.76 -325.59589823
11.77 -325.59566333
11.78 -325.59542427
11.79 -325.59517850
11.80 -325.59492807
11.81 -325.59467280
11.82 -325.59441238
11.83 -325.59414684
11.84 -325.59387516
11.85 -325.59359861
11.86 -325.59331614
11.87 -325.59302959
11.88 -325.59273876
11.89 -325.59244225
11.90 -325.59214017
11.91 -325.59183367
11.92 -325.59152424
11.93 -325.59120757
11.94 -325.59088741
11.95 -325.59056186
11.96 -325.59023179
11.97 -325.58989722
11.98 -325.58955938
11.99 -325.58921742
12.00 -325.58886802
12.01 -325.58851615
12.02 -325.58816057
12.03 -325.58779966
12.04 -325.58743520
12.05 -325.58706618
12.06 -325.58669265
12.07 -325.58631588
12.08 -325.58593503
12.09 -325.58554852
12.10 -325.58516027
12.11 -325.58476681
12.12 -325.58437026
