 -1.3887E-05  0.0000E+00
  9.9999E-01  8.4827E-08
  2.0000E+00  3.3931E-07
  3.0000E+00  7.6345E-07
  4.0000E+00  1.3572E-06
  5.0000E+00  2.1207E-06
  6.0000E+00  3.0538E-06
  7.0000E+00  4.1565E-06
  8.0000E+00  5.4290E-06
  9.0000E+00  6.8710E-06
  1.0000E+01  8.4828E-06
  1.1000E+01  1.0264E-05
  1.2000E+01  1.2215E-05
  1.3000E+01  1.4336E-05
  1.4000E+01  1.6626E-05
  1.5000E+01  1.9086E-05
  1.6000E+01  2.1716E-05
  1.7000E+01  2.4515E-05
  1.8000E+01  2.7484E-05
  1.9000E+01  3.0623E-05
  2.0000E+01  3.3931E-05
  2.1000E+01  3.7409E-05
  2.2000E+01  4.1057E-05
  2.3000E+01  4.4874E-05
  2.4000E+01  4.8861E-05
  2.5000E+01  5.3017E-05
  2.6000E+01  5.7343E-05
  2.7000E+01  6.1839E-05
  2.8000E+01  6.6505E-05
  2.9000E+01  7.1340E-05
  3.0000E+01  7.6345E-05
  3.1000E+01  8.1519E-05
  3.2000E+01  8.6863E-05
  3.3000E+01  9.2377E-05
  3.4000E+01  9.8061E-05
  3.5000E+01  1.0391E-04
  3.6000E+01  1.0994E-04
  3.7000E+01  1.1613E-04
  3.8000E+01  1.2249E-04
  3.9000E+01  1.2902E-04
  4.0000E+01  1.3572E-04
  4.1000E+01  1.4260E-04
  4.2000E+01  1.4964E-04
  4.3000E+01  1.5685E-04
  4.4000E+01  1.6423E-04
  4.5000E+01  1.7178E-04
  4.6000E+01  1.7950E-04
  4.7000E+01  1.8738E-04
  4.8000E+01  1.9544E-04
  4.9000E+01  2.0367E-04
  5.0000E+01  2.1207E-04
  5.1000E+01  3.1966E-04
  5.2000E+01  4.2311E-04
  5.3000E+01  5.1658E-04
  5.4000E+01  6.0007E-04
  5.5000E+01  6.7358E-04
  5.6000E+01  7.3712E-04
  5.7000E+01  7.9067E-04
  5.8000E+01  8.3425E-04
  5.9000E+01  8.6785E-04
  6.0000E+01  8.9147E-04
  6.1000E+01  9.0511E-04
  6.2000E+01  9.0877E-04
  6.3000E+01  9.4518E-04
  6.4000E+01  9.8971E-04
  6.5000E+01  1.0348E-03
  6.6000E+01  1.0803E-03
  6.7000E+01  1.1264E-03
  6.8000E+01  1.1730E-03
  6.9000E+01  1.2202E-03
  7.0000E+01  1.2682E-03
  7.1000E+01  1.3193E-03
  7.2000E+01  1.3735E-03
  7.3000E+01  1.4306E-03
  7.4000E+01  1.4906E-03
  7.5000E+01  1.5537E-03
  7.6000E+01  1.6197E-03
  7.7000E+01  1.6887E-03
  7.8000E+01  1.7607E-03
  7.9000E+01  1.8379E-03
  8.0000E+01  1.9231E-03
  8.1000E+01  2.0163E-03
  8.2000E+01  2.1175E-03
  8.3000E+01  2.2266E-03
  8.4000E+01  2.3437E-03
  8.5000E+01  2.4687E-03
  8.6000E+01  2.6017E-03
  8.7000E+01  2.7427E-03
  8.8000E+01  2.8917E-03
  8.9000E+01  3.1498E-03
  9.0000E+01  3.4359E-03
  9.1000E+01  3.6360E-03
  9.2000E+01  3.7502E-03
  9.3000E+01  4.1007E-03
  9.4000E+01  4.3559E-03
  9.5000E+01  4.3637E-03
  9.6000E+01  4.3912E-03
  9.7000E+01  4.7249E-03
  9.8000E+01  5.0518E-03
  9.9000E+01  5.3719E-03
  1.0000E+02  5.6852E-03
  1.0100E+02  6.0081E-03
  1.0200E+02  6.4895E-03
  1.0300E+02  7.0107E-03
  1.0400E+02  7.5413E-03
  1.0500E+02  8.0810E-03
  1.0600E+02  8.6295E-03
  1.0700E+02  9.1866E-03
  1.0800E+02  9.7523E-03
  1.0900E+02  1.0326E-02
  1.1000E+02  1.1714E-02
  1.1100E+02  1.1858E-02
  1.1200E+02  1.2415E-02
  1.1300E+02  1.2987E-02
  1.1400E+02  1.4790E-02
  1.1500E+02  1.3496E-02
  1.1600E+02  1.4214E-02
  1.1700E+02  1.4787E-02
  1.1800E+02  1.4946E-02
  1.1900E+02  1.5351E-02
  1.2000E+02  1.5758E-02
  1.2100E+02  1.6167E-02
  1.2200E+02  1.6578E-02
  1.2300E+02  1.6991E-02
  1.2400E+02  1.7559E-02
  1.2500E+02  1.8092E-02
  1.2600E+02  1.8579E-02
  1.2700E+02  1.9038E-02
  1.2800E+02  2.0004E-02
  1.2900E+02  2.1082E-02
  1.3000E+02  2.2310E-02
  1.3100E+02  2.3640E-02
  1.3200E+02  2.4077E-02
  1.3300E+02  2.4835E-02
  1.3400E+02  2.7964E-02
  1.3500E+02  2.6638E-02
  1.3600E+02  2.8440E-02
  1.3700E+02  2.7894E-02
  1.3800E+02  2.8493E-02
  1.3900E+02  2.9482E-02
  1.4000E+02  3.0103E-02
  1.4100E+02  2.9964E-02
  1.4200E+02  2.9804E-02
  1.4300E+02  2.9650E-02
  1.4400E+02  2.9539E-02
  1.4500E+02  2.9472E-02
  1.4600E+02  2.9439E-02
  1.4700E+02  2.9448E-02
  1.4800E+02  2.9247E-02
  1.4900E+02  2.8673E-02
  1.5000E+02  2.7905E-02
  1.5100E+02  2.7188E-02
  1.5200E+02  2.6418E-02
  1.5300E+02  2.5668E-02
  1.5400E+02  2.4932E-02
  1.5500E+02  2.4329E-02
  1.5600E+02  2.6048E-02
  1.5700E+02  2.1379E-02
  1.5800E+02  1.9263E-02
  1.5900E+02  1.8907E-02
  1.6000E+02  1.8564E-02
  1.6100E+02  1.8301E-02
  1.6200E+02  1.8069E-02
  1.6300E+02  1.7849E-02
  1.6400E+02  1.7639E-02
  1.6500E+02  1.7525E-02
  1.6600E+02  1.7290E-02
  1.6700E+02  1.7057E-02
  1.6800E+02  1.6825E-02
  1.6900E+02  1.6595E-02
  1.7000E+02  1.6372E-02
  1.7100E+02  1.6156E-02
  1.7200E+02  1.5946E-02
  1.7300E+02  1.5743E-02
  1.7400E+02  1.5654E-02
  1.7500E+02  1.5674E-02
  1.7600E+02  1.5592E-02
  1.7700E+02  1.5463E-02
  1.7800E+02  1.5284E-02
  1.7900E+02  1.5135E-02
  1.8000E+02  1.5048E-02
  1.8100E+02  1.4961E-02
  1.8200E+02  1.4861E-02
  1.8300E+02  1.4767E-02
  1.8400E+02  1.5131E-02
  1.8500E+02  1.3114E-02
  1.8600E+02  1.3422E-02
  1.8700E+02  1.4230E-02
  1.8800E+02  1.5671E-02
  1.8900E+02  1.5357E-02
  1.9000E+02  1.5182E-02
  1.9100E+02  1.5343E-02
  1.9200E+02  1.5512E-02
  1.9300E+02  1.5706E-02
  1.9400E+02  1.5861E-02
  1.9500E+02  1.5983E-02
  1.9600E+02  1.6073E-02
  1.9700E+02  1.6130E-02
  1.9800E+02  1.6180E-02
  1.9900E+02  1.6186E-02
  2.0000E+02  1.6132E-02
  2.0100E+02  1.6019E-02
  2.0200E+02  1.5851E-02
  2.0300E+02  1.6207E-02
  2.0400E+02  1.6609E-02
  2.0500E+02  1.4268E-02
  2.0600E+02  1.2026E-02
  2.0700E+02  1.0143E-02
  2.0800E+02  8.6022E-03
  2.0900E+02  6.7067E-03
  2.1000E+02  4.0388E-03
  2.1100E+02  1.3989E-03
  2.1200E+02  1.4200E-03
  2.1300E+02  1.4411E-03
  2.1400E+02  1.4623E-03
  2.1500E+02  1.4837E-03
  2.1600E+02  1.5051E-03
  2.1700E+02  1.5266E-03
  2.1800E+02  1.5483E-03
  2.1900E+02  1.5701E-03
  2.2000E+02  1.5919E-03
  2.2100E+02  1.6139E-03
  2.2200E+02  1.6359E-03
  2.2300E+02  1.6581E-03
  2.2400E+02  1.6804E-03
  2.2500E+02  1.7028E-03
  2.2600E+02  1.7273E-03
  2.2700E+02  1.7583E-03
  2.2800E+02  1.7960E-03
  2.2900E+02  1.8324E-03
  2.3000E+02  1.8681E-03
  2.3100E+02  1.9039E-03
  2.3200E+02  1.9399E-03
  2.3300E+02  1.9761E-03
  2.3400E+02  2.0125E-03
  2.3500E+02  2.0488E-03
  2.3600E+02  2.0843E-03
  2.3700E+02  2.1190E-03
  2.3800E+02  2.1530E-03
  2.3900E+02  2.1863E-03
  2.4000E+02  2.2188E-03
  2.4100E+02  2.2505E-03
  2.4200E+02  2.2815E-03
  2.4300E+02  2.3117E-03
  2.4400E+02  2.3412E-03
  2.4500E+02  2.3699E-03
  2.4600E+02  2.3979E-03
  2.4700E+02  2.4262E-03
  2.4800E+02  2.4586E-03
  2.4900E+02  2.4920E-03
  2.5000E+02  2.5266E-03
  2.5100E+02  2.5622E-03
  2.5200E+02  2.5990E-03
  2.5300E+02  2.6369E-03
  2.5400E+02  2.6761E-03
  2.5500E+02  2.7164E-03
  2.5600E+02  2.7580E-03
  2.5700E+02  2.8007E-03
  2.5800E+02  2.8447E-03
  2.5900E+02  2.8898E-03
  2.6000E+02  2.9362E-03
  2.6100E+02  2.9837E-03
  2.6200E+02  3.0326E-03
  2.6300E+02  3.0825E-03
  2.6400E+02  3.1333E-03
  2.6500E+02  3.1850E-03
  2.6600E+02  3.2376E-03
  2.6700E+02  3.2913E-03
  2.6800E+02  3.3458E-03
  2.6900E+02  3.4020E-03
  2.7000E+02  3.4630E-03
  2.7100E+02  3.5294E-03
  2.7200E+02  3.6024E-03
  2.7300E+02  3.6839E-03
  2.7400E+02  3.7692E-03
  2.7500E+02  3.8457E-03
  2.7600E+02  3.9152E-03
  2.7700E+02  3.9778E-03
  2.7800E+02  4.0335E-03
  2.7900E+02  4.0823E-03
  2.8000E+02  4.1284E-03
  2.8100E+02  4.2020E-03
  2.8200E+02  4.2761E-03
  2.8300E+02  4.3506E-03
  2.8400E+02  4.4256E-03
  2.8500E+02  4.5011E-03
  2.8600E+02  4.5770E-03
  2.8700E+02  4.6534E-03
  2.8800E+02  4.7302E-03
  2.8900E+02  4.8071E-03
  2.9000E+02  4.8849E-03
  2.9100E+02  4.9677E-03
  2.9200E+02  5.0556E-03
  2.9300E+02  5.1514E-03
  2.9400E+02  5.2488E-03
  2.9500E+02  5.3478E-03
  2.9600E+02  5.4485E-03
  2.9700E+02  5.5507E-03
  2.9800E+02  5.6619E-03
  2.9900E+02  5.7892E-03
  3.0000E+02  5.9255E-03
  3.0100E+02  6.0708E-03
  3.0200E+02  6.2251E-03
  3.0300E+02  6.3884E-03
  3.0400E+02  6.5607E-03
  3.0500E+02  6.7263E-03
  3.0600E+02  6.8666E-03
  3.0700E+02  6.9817E-03
  3.0800E+02  7.0802E-03
  3.0900E+02  7.2139E-03
  3.1000E+02  7.3668E-03
  3.1100E+02  7.5390E-03
  3.1200E+02  7.7264E-03
  3.1300E+02  7.9200E-03
  3.1400E+02  8.1239E-03
  3.1500E+02  8.3381E-03
  3.1600E+02  8.5626E-03
  3.1700E+02  8.7973E-03
  3.1800E+02  9.0426E-03
  3.1900E+02  9.2992E-03
  3.2000E+02  9.5693E-03
  3.2100E+02  9.8759E-03
  3.2200E+02  1.0236E-02
  3.2300E+02  1.0642E-02
  3.2400E+02  1.1093E-02
  3.2500E+02  1.1600E-02
  3.2600E+02  1.2157E-02
  3.2700E+02  1.2737E-02
  3.2800E+02  1.3339E-02
  3.2900E+02  1.3964E-02
  3.3000E+02  1.4611E-02
  3.3100E+02  1.5281E-02
  3.3200E+02  1.6454E-02
  3.3300E+02  1.8869E-02
  3.3400E+02  1.8702E-02
  3.3500E+02  1.8076E-02
  3.3600E+02  1.7216E-02
  3.3700E+02  1.5601E-02
  3.3800E+02  1.3434E-02
  3.3900E+02  1.2214E-02
  3.4000E+02  1.1520E-02
  3.4100E+02  1.1087E-02
  3.4200E+02  1.0685E-02
  3.4300E+02  1.0315E-02
  3.4400E+02  9.9773E-03
  3.4500E+02  9.6713E-03
  3.4600E+02  9.3971E-03
  3.4700E+02  9.1547E-03
  3.4800E+02  8.9442E-03
  3.4900E+02  8.7527E-03
  3.5000E+02  8.5585E-03
  3.5100E+02  8.4216E-03
  3.5200E+02  8.6652E-03
  3.5300E+02  6.0333E-03
  3.5400E+02  5.7751E-03
  3.5500E+02  5.5225E-03
  3.5600E+02  5.2755E-03
  3.5700E+02  5.0342E-03
  3.5800E+02  4.7985E-03
  3.5900E+02  4.5708E-03
  3.6000E+02  4.3087E-03
  3.6100E+02  4.0166E-03
  3.6200E+02  3.7500E-03
  3.6300E+02  3.5090E-03
  3.6400E+02  3.2937E-03
  3.6500E+02  3.1078E-03
  3.6600E+02  2.9528E-03
  3.6700E+02  2.8411E-03
  3.6800E+02  2.7624E-03
  3.6900E+02  2.6821E-03
  3.7000E+02  2.6003E-03
  3.7100E+02  2.5170E-03
  3.7200E+02  2.6421E-03
  3.7300E+02  2.7726E-03
  3.7400E+02  2.9091E-03
  3.7500E+02  3.0516E-03
  3.7600E+02  3.2000E-03
  3.7700E+02  3.3058E-03
  3.7800E+02  3.3929E-03
  3.7900E+02  3.4789E-03
  3.8000E+02  3.5638E-03
  3.8100E+02  3.6476E-03
  3.8200E+02  3.8284E-03
  3.8300E+02  4.1578E-03
  3.8400E+02  4.8297E-03
  3.8500E+02  5.6105E-03
  3.8600E+02  6.4039E-03
  3.8700E+02  7.2099E-03
  3.8800E+02  7.9893E-03
  3.8900E+02  8.7437E-03
  3.9000E+02  9.3769E-03
  3.9100E+02  9.8360E-03
  3.9200E+02  1.0929E-02
  3.9300E+02  9.4882E-03
  3.9400E+02  9.4640E-03
  3.9500E+02  9.4975E-03
  3.9600E+02  9.5893E-03
  3.9700E+02  9.7046E-03
  3.9800E+02  9.7686E-03
  3.9900E+02  9.8570E-03
  4.0000E+02  9.9699E-03
  4.0100E+02  1.0107E-02
  4.0200E+02  1.0261E-02
  4.0300E+02  1.0402E-02
  4.0400E+02  1.0532E-02
  4.0500E+02  1.0650E-02
  4.0600E+02  1.0766E-02
  4.0700E+02  1.0895E-02
  4.0800E+02  1.1010E-02
  4.0900E+02  1.1298E-02
  4.1000E+02  1.1627E-02
  4.1100E+02  1.1841E-02
  4.1200E+02  1.2061E-02
  4.1300E+02  1.2291E-02
  4.1400E+02  1.2607E-02
  4.1500E+02  1.3001E-02
  4.1600E+02  1.3472E-02
  4.1700E+02  1.3988E-02
  4.1800E+02  1.4495E-02
  4.1900E+02  1.3117E-02
  4.2000E+02  1.2554E-02
  4.2100E+02  1.2324E-02
  4.2200E+02  1.2196E-02
  4.2300E+02  1.2073E-02
  4.2400E+02  1.1943E-02
  4.2500E+02  1.1806E-02
  4.2600E+02  1.1663E-02
  4.2700E+02  1.1513E-02
  4.2800E+02  1.1355E-02
  4.2900E+02  1.1191E-02
  4.3000E+02  1.1020E-02
  4.3100E+02  1.0843E-02
  4.3200E+02  1.0658E-02
  4.3300E+02  1.0494E-02
  4.3400E+02  1.0275E-02
  4.3500E+02  9.9955E-03
  4.3600E+02  9.6545E-03
  4.3700E+02  9.4540E-03
  4.3800E+02  9.2949E-03
  4.3900E+02  9.1457E-03
  4.4000E+02  9.0237E-03
  4.4100E+02  8.9319E-03
  4.4200E+02  8.8734E-03
  4.4300E+02  8.8480E-03
  4.4400E+02  8.6095E-03
  4.4500E+02  8.5518E-03
  4.4600E+02  8.4789E-03
  4.4700E+02  8.3827E-03
  4.4800E+02  8.2216E-03
  4.4900E+02  7.9957E-03
  4.5000E+02  7.7437E-03
  4.5100E+02  7.6359E-03
  4.5200E+02  7.5289E-03
  4.5300E+02  7.4226E-03
  4.5400E+02  7.3170E-03
  4.5500E+02  7.2122E-03
  4.5600E+02  7.1082E-03
  4.5700E+02  7.0049E-03
  4.5800E+02  6.9023E-03
  4.5900E+02  6.8004E-03
  4.6000E+02  6.6993E-03
  4.6100E+02  6.5990E-03
  4.6200E+02  6.5001E-03
  4.6300E+02  6.4286E-03
  4.6400E+02  6.3979E-03
  4.6500E+02  6.4120E-03
  4.6600E+02  6.4826E-03
  4.6700E+02  6.6012E-03
  4.6800E+02  6.7883E-03
  4.6900E+02  6.9649E-03
  4.7000E+02  8.0128E-03
  4.7100E+02  6.4273E-03
  4.7200E+02  6.0083E-03
  4.7300E+02  5.8611E-03
  4.7400E+02  1.5565E-02
  4.7500E+02  3.8566E-02
  4.7600E+02  5.5100E-02
  4.7700E+02  7.9351E-02
  4.7800E+02  9.1841E-02
  4.7900E+02  7.1669E-02
  4.8000E+02  6.7961E-02
  4.8100E+02  6.7684E-02
  4.8200E+02  7.0147E-02
  4.8300E+02  7.0731E-02
  4.8400E+02  7.0436E-02
  4.8500E+02  6.8598E-02
  4.8600E+02  6.8209E-02
  4.8700E+02  6.8905E-02
  4.8800E+02  6.8973E-02
  4.8900E+02  6.9918E-02
  4.9000E+02  7.0730E-02
  4.9100E+02  7.0857E-02
  4.9200E+02  7.1779E-02
  4.9300E+02  7.3587E-02
  4.9400E+02  7.6010E-02
  4.9500E+02  7.8253E-02
  4.9600E+02  8.8107E-02
  4.9700E+02  8.0417E-02
  4.9800E+02  7.4137E-02
  4.9900E+02  6.7483E-02
  5.0000E+02  6.4185E-02
  5.0100E+02  4.2372E-02
  5.0200E+02  3.1209E-02
  5.0300E+02  2.6948E-02
  5.0400E+02  2.4248E-02
  5.0500E+02  2.2311E-02
  5.0600E+02  1.9623E-02
  5.0700E+02  1.5469E-02
  5.0800E+02  1.3634E-02
  5.0900E+02  1.2148E-02
  5.1000E+02  1.0922E-02
  5.1100E+02  9.9078E-03
  5.1200E+02  9.0130E-03
  5.1300E+02  8.5084E-03
  5.1400E+02  8.8294E-03
  5.1500E+02  6.5880E-03
  5.1600E+02  5.6504E-03
  5.1700E+02  4.6125E-03
  5.1800E+02  3.4743E-03
  5.1900E+02  2.6069E-03
  5.2000E+02  3.0241E-03
  5.2100E+02  6.1704E-04
  5.2200E+02  1.5210E-04
  5.2300E+02  0.0000E+00
