  0.0000E+00  0.0000E+00
  1.0000E+00  8.8758E-08
  2.0000E+00  3.5504E-07
  3.0000E+00  7.9884E-07
  4.0000E+00  1.4202E-06
  5.0000E+00  2.2190E-06
  6.0000E+00  3.1954E-06
  7.0000E+00  4.3492E-06
  8.0000E+00  5.6807E-06
  9.0000E+00  7.1896E-06
  1.0000E+01  8.8760E-06
  1.1000E+01  1.0740E-05
  1.2000E+01  1.2781E-05
  1.3000E+01  1.5000E-05
  1.4000E+01  1.7397E-05
  1.5000E+01  1.9971E-05
  1.6000E+01  2.2723E-05
  1.7000E+01  2.5652E-05
  1.8000E+01  2.8758E-05
  1.9000E+01  3.2043E-05
  2.0000E+01  3.5504E-05
  2.1000E+01  3.9143E-05
  2.2000E+01  4.2960E-05
  2.3000E+01  4.6954E-05
  2.4000E+01  5.1126E-05
  2.5000E+01  5.5475E-05
  2.6000E+01  6.0002E-05
  2.7000E+01  6.4706E-05
  2.8000E+01  6.9588E-05
  2.9000E+01  7.4648E-05
  3.0000E+01  7.9884E-05
  3.1000E+01  8.5299E-05
  3.2000E+01  9.0891E-05
  3.3000E+01  9.6660E-05
  3.4000E+01  1.0261E-04
  3.5000E+01  1.0873E-04
  3.6000E+01  1.1503E-04
  3.7000E+01  1.2151E-04
  3.8000E+01  1.4066E-04
  3.9000E+01  2.0811E-04
  4.0000E+01  2.6807E-04
  4.1000E+01  3.2055E-04
  4.2000E+01  3.6555E-04
  4.3000E+01  4.0307E-04
  4.4000E+01  4.3310E-04
  4.5000E+01  4.5566E-04
  4.6000E+01  4.7073E-04
  4.7000E+01  4.7831E-04
  4.8000E+01  4.7842E-04
  4.9000E+01  4.9457E-04
  5.0000E+01  5.1982E-04
  5.1000E+01  5.4558E-04
  5.2000E+01  5.7184E-04
  5.3000E+01  5.9859E-04
  5.4000E+01  6.2585E-04
  5.5000E+01  6.5360E-04
  5.6000E+01  6.8185E-04
  5.7000E+01  7.1116E-04
  5.8000E+01  7.4327E-04
  5.9000E+01  7.7698E-04
  6.0000E+01  8.1229E-04
  6.1000E+01  8.4921E-04
  6.2000E+01  8.8773E-04
  6.3000E+01  9.2786E-04
  6.4000E+01  9.6959E-04
  6.5000E+01  1.0129E-03
  6.6000E+01  1.0579E-03
  6.7000E+01  1.1044E-03
  6.8000E+01  1.1608E-03
  6.9000E+01  1.2492E-03
  7.0000E+01  1.4407E-03
  7.1000E+01  1.5908E-03
  7.2000E+01  1.7480E-03
  7.3000E+01  1.8540E-03
  7.4000E+01  1.8732E-03
  7.5000E+01  1.9050E-03
  7.6000E+01  1.8823E-03
  7.7000E+01  1.9591E-03
  7.8000E+01  2.0381E-03
  7.9000E+01  2.1191E-03
  8.0000E+01  2.2025E-03
  8.1000E+01  2.2945E-03
  8.2000E+01  2.3922E-03
  8.3000E+01  2.4957E-03
  8.4000E+01  2.6048E-03
  8.5000E+01  2.7197E-03
  8.6000E+01  2.8407E-03
  8.7000E+01  2.9710E-03
  8.8000E+01  3.1118E-03
  8.9000E+01  3.2629E-03
  9.0000E+01  3.4225E-03
  9.1000E+01  3.5872E-03
  9.2000E+01  3.7624E-03
  9.3000E+01  3.9491E-03
  9.4000E+01  4.1471E-03
  9.5000E+01  4.4385E-03
  9.6000E+01  4.8451E-03
  9.7000E+01  5.0634E-03
  9.8000E+01  5.4665E-03
  9.9000E+01  5.8265E-03
  1.0000E+02  6.1387E-03
  1.0100E+02  6.5179E-03
  1.0200E+02  7.0110E-03
  1.0300E+02  7.6228E-03
  1.0400E+02  8.4705E-03
  1.0500E+02  9.3888E-03
  1.0600E+02  1.0264E-02
  1.0700E+02  1.0969E-02
  1.0800E+02  1.1871E-02
  1.0900E+02  1.2552E-02
  1.1000E+02  1.4892E-02
  1.1100E+02  1.2487E-02
  1.1200E+02  1.2810E-02
  1.1300E+02  1.3190E-02
  1.1400E+02  1.3593E-02
  1.1500E+02  1.4038E-02
  1.1600E+02  1.4479E-02
  1.1700E+02  1.5071E-02
  1.1800E+02  1.5604E-02
  1.1900E+02  1.5971E-02
  1.2000E+02  1.6607E-02
  1.2100E+02  1.7534E-02
  1.2200E+02  1.9001E-02
  1.2300E+02  1.7600E-02
  1.2400E+02  1.7306E-02
  1.2500E+02  1.7710E-02
  1.2600E+02  1.8115E-02
  1.2700E+02  1.8495E-02
  1.2800E+02  1.8890E-02
  1.2900E+02  1.9675E-02
  1.3000E+02  2.0343E-02
  1.3100E+02  2.0980E-02
  1.3200E+02  2.1738E-02
  1.3300E+02  2.3596E-02
  1.3400E+02  2.5515E-02
  1.3500E+02  2.9015E-02
  1.3600E+02  3.0135E-02
  1.3700E+02  3.1165E-02
  1.3800E+02  3.1239E-02
  1.3900E+02  3.2217E-02
  1.4000E+02  3.2900E-02
  1.4100E+02  3.2654E-02
  1.4200E+02  3.2545E-02
  1.4300E+02  3.2139E-02
  1.4400E+02  3.1527E-02
  1.4500E+02  3.0917E-02
  1.4600E+02  3.0083E-02
  1.4700E+02  3.3423E-02
  1.4800E+02  2.7447E-02
  1.4900E+02  2.5461E-02
  1.5000E+02  2.3045E-02
  1.5100E+02  2.1175E-02
  1.5200E+02  2.0697E-02
  1.5300E+02  2.0237E-02
  1.5400E+02  1.9810E-02
  1.5500E+02  1.9421E-02
  1.5600E+02  1.9055E-02
  1.5700E+02  1.8715E-02
  1.5800E+02  1.8427E-02
  1.5900E+02  1.8152E-02
  1.6000E+02  1.7891E-02
  1.6100E+02  1.7649E-02
  1.6200E+02  1.7418E-02
  1.6300E+02  1.7190E-02
  1.6400E+02  1.6964E-02
  1.6500E+02  1.6742E-02
  1.6600E+02  1.6603E-02
  1.6700E+02  1.6742E-02
  1.6800E+02  1.7015E-02
  1.6900E+02  1.7065E-02
  1.7000E+02  1.7181E-02
  1.7100E+02  1.6686E-02
  1.7200E+02  1.6303E-02
  1.7300E+02  1.6054E-02
  1.7400E+02  1.6237E-02
  1.7500E+02  1.5911E-02
  1.7600E+02  1.5258E-02
  1.7700E+02  1.5153E-02
  1.7800E+02  1.5115E-02
  1.7900E+02  1.5108E-02
  1.8000E+02  1.5091E-02
  1.8100E+02  1.4943E-02
  1.8200E+02  1.4783E-02
  1.8300E+02  1.4611E-02
  1.8400E+02  1.4437E-02
  1.8500E+02  1.4279E-02
  1.8600E+02  1.4162E-02
  1.8700E+02  1.4076E-02
  1.8800E+02  1.3959E-02
  1.8900E+02  1.3881E-02
  1.9000E+02  1.3802E-02
  1.9100E+02  1.3709E-02
  1.9200E+02  1.3691E-02
  1.9300E+02  1.4052E-02
  1.9400E+02  1.4451E-02
  1.9500E+02  1.4979E-02
  1.9600E+02  1.6075E-02
  1.9700E+02  1.6988E-02
  1.9800E+02  1.7394E-02
  1.9900E+02  1.7229E-02
  2.0000E+02  1.7314E-02
  2.0100E+02  1.7367E-02
  2.0200E+02  1.7295E-02
  2.0300E+02  1.7110E-02
  2.0400E+02  1.6829E-02
  2.0500E+02  1.5282E-02
  2.0600E+02  1.2986E-02
  2.0700E+02  1.0297E-02
  2.0800E+02  8.6739E-03
  2.0900E+02  7.4691E-03
  2.1000E+02  6.4587E-03
  2.1100E+02  4.9798E-03
  2.1200E+02  2.5930E-03
  2.1300E+02  1.4318E-03
  2.1400E+02  1.4538E-03
  2.1500E+02  1.4765E-03
  2.1600E+02  1.4998E-03
  2.1700E+02  1.5238E-03
  2.1800E+02  1.5482E-03
  2.1900E+02  1.5729E-03
  2.2000E+02  1.5979E-03
  2.2100E+02  1.6233E-03
  2.2200E+02  1.6491E-03
  2.2300E+02  1.6754E-03
  2.2400E+02  1.7023E-03
  2.2500E+02  1.7300E-03
  2.2600E+02  1.7583E-03
  2.2700E+02  1.7873E-03
  2.2800E+02  1.8170E-03
  2.2900E+02  1.8478E-03
  2.3000E+02  1.8800E-03
  2.3100E+02  1.9137E-03
  2.3200E+02  1.9489E-03
  2.3300E+02  1.9855E-03
  2.3400E+02  2.0212E-03
  2.3500E+02  2.0509E-03
  2.3600E+02  2.0771E-03
  2.3700E+02  2.0999E-03
  2.3800E+02  2.1225E-03
  2.3900E+02  2.1568E-03
  2.4000E+02  2.1907E-03
  2.4100E+02  2.2243E-03
  2.4200E+02  2.2575E-03
  2.4300E+02  2.2910E-03
  2.4400E+02  2.3247E-03
  2.4500E+02  2.3585E-03
  2.4600E+02  2.3926E-03
  2.4700E+02  2.4270E-03
  2.4800E+02  2.4620E-03
  2.4900E+02  2.4975E-03
  2.5000E+02  2.5352E-03
  2.5100E+02  2.5768E-03
  2.5200E+02  2.6193E-03
  2.5300E+02  2.6625E-03
  2.5400E+02  2.7066E-03
  2.5500E+02  2.7530E-03
  2.5600E+02  2.8022E-03
  2.5700E+02  2.8532E-03
  2.5800E+02  2.9062E-03
  2.5900E+02  2.9612E-03
  2.6000E+02  3.0180E-03
  2.6100E+02  3.0766E-03
  2.6200E+02  3.1333E-03
  2.6300E+02  3.1869E-03
  2.6400E+02  3.2372E-03
  2.6500E+02  3.2842E-03
  2.6600E+02  3.3281E-03
  2.6700E+02  3.3687E-03
  2.6800E+02  3.4071E-03
  2.6900E+02  3.4510E-03
  2.7000E+02  3.5017E-03
  2.7100E+02  3.5592E-03
  2.7200E+02  3.6219E-03
  2.7300E+02  3.6843E-03
  2.7400E+02  3.7441E-03
  2.7500E+02  3.8050E-03
  2.7600E+02  3.8668E-03
  2.7700E+02  3.9297E-03
  2.7800E+02  3.9938E-03
  2.7900E+02  4.0591E-03
  2.8000E+02  4.1256E-03
  2.8100E+02  4.1933E-03
  2.8200E+02  4.2621E-03
  2.8300E+02  4.3319E-03
  2.8400E+02  4.4069E-03
  2.8500E+02  4.4889E-03
  2.8600E+02  4.5778E-03
  2.8700E+02  4.6737E-03
  2.8800E+02  4.7765E-03
  2.8900E+02  4.8742E-03
  2.9000E+02  4.9640E-03
  2.9100E+02  5.0464E-03
  2.9200E+02  5.1213E-03
  2.9300E+02  5.1972E-03
  2.9400E+02  5.2850E-03
  2.9500E+02  5.3736E-03
  2.9600E+02  5.4686E-03
  2.9700E+02  5.5675E-03
  2.9800E+02  5.6674E-03
  2.9900E+02  5.7697E-03
  3.0000E+02  5.8765E-03
  3.0100E+02  5.9841E-03
  3.0200E+02  6.0925E-03
  3.0300E+02  6.2024E-03
  3.0400E+02  6.3235E-03
  3.0500E+02  6.4498E-03
  3.0600E+02  6.5814E-03
  3.0700E+02  6.7183E-03
  3.0800E+02  6.8605E-03
  3.0900E+02  7.0086E-03
  3.1000E+02  7.1673E-03
  3.1100E+02  7.3399E-03
  3.1200E+02  7.5279E-03
  3.1300E+02  7.7370E-03
  3.1400E+02  7.9397E-03
  3.1500E+02  8.1136E-03
  3.1600E+02  8.3278E-03
  3.1700E+02  8.5521E-03
  3.1800E+02  8.7868E-03
  3.1900E+02  9.0318E-03
  3.2000E+02  9.2872E-03
  3.2100E+02  9.5444E-03
  3.2200E+02  9.8281E-03
  3.2300E+02  1.0152E-02
  3.2400E+02  1.0527E-02
  3.2500E+02  1.0958E-02
  3.2600E+02  1.1442E-02
  3.2700E+02  1.1976E-02
  3.2800E+02  1.2560E-02
  3.2900E+02  1.3196E-02
  3.3000E+02  1.3881E-02
  3.3100E+02  1.4687E-02
  3.3200E+02  1.6333E-02
  3.3300E+02  1.8568E-02
  3.3400E+02  1.9414E-02
  3.3500E+02  1.8338E-02
  3.3600E+02  1.5749E-02
  3.3700E+02  1.4145E-02
  3.3800E+02  1.3106E-02
  3.3900E+02  1.2429E-02
  3.4000E+02  1.1813E-02
  3.4100E+02  1.1259E-02
  3.4200E+02  1.0765E-02
  3.4300E+02  1.0332E-02
  3.4400E+02  9.9567E-03
  3.4500E+02  9.6187E-03
  3.4600E+02  9.3094E-03
  3.4700E+02  9.0333E-03
  3.4800E+02  8.7563E-03
  3.4900E+02  8.4478E-03
  3.5000E+02  8.1117E-03
  3.5100E+02  7.6540E-03
  3.5200E+02  7.2370E-03
  3.5300E+02  6.9177E-03
  3.5400E+02  6.6067E-03
  3.5500E+02  6.3055E-03
  3.5600E+02  6.0369E-03
  3.5700E+02  5.8657E-03
  3.5800E+02  5.4773E-03
  3.5900E+02  5.1000E-03
  3.6000E+02  4.7384E-03
  3.6100E+02  4.3887E-03
  3.6200E+02  4.0528E-03
  3.6300E+02  3.7317E-03
  3.6400E+02  3.5151E-03
  3.6500E+02  3.4029E-03
  3.6600E+02  3.3187E-03
  3.6700E+02  3.2451E-03
  3.6800E+02  3.1821E-03
  3.6900E+02  3.1406E-03
  3.7000E+02  3.1227E-03
  3.7100E+02  3.1284E-03
  3.7200E+02  3.1578E-03
  3.7300E+02  3.2107E-03
  3.7400E+02  3.2872E-03
  3.7500E+02  3.3838E-03
  3.7600E+02  3.3256E-03
  3.7700E+02  3.3488E-03
  3.7800E+02  3.5183E-03
  3.7900E+02  3.7392E-03
  3.8000E+02  4.0062E-03
  3.8100E+02  4.3192E-03
  3.8200E+02  4.8623E-03
  3.8300E+02  5.5534E-03
  3.8400E+02  6.2896E-03
  3.8500E+02  6.8755E-03
  3.8600E+02  7.0830E-03
  3.8700E+02  7.4280E-03
  3.8800E+02  7.9289E-03
  3.8900E+02  8.5036E-03
  3.9000E+02  9.0253E-03
  3.9100E+02  9.4203E-03
  3.9200E+02  9.2854E-03
  3.9300E+02  9.3037E-03
  3.9400E+02  9.4326E-03
  3.9500E+02  9.5950E-03
  3.9600E+02  9.6539E-03
  3.9700E+02  9.7374E-03
  3.9800E+02  9.8724E-03
  3.9900E+02  9.9594E-03
  4.0000E+02  1.0124E-02
  4.0100E+02  1.0323E-02
  4.0200E+02  1.0515E-02
  4.0300E+02  1.0701E-02
  4.0400E+02  1.0879E-02
  4.0500E+02  1.1055E-02
  4.0600E+02  1.1312E-02
  4.0700E+02  1.1597E-02
  4.0800E+02  1.1723E-02
  4.0900E+02  1.1763E-02
  4.1000E+02  1.1957E-02
  4.1100E+02  1.2192E-02
  4.1200E+02  1.2588E-02
  4.1300E+02  1.1805E-02
  4.1400E+02  1.1733E-02
  4.1500E+02  1.1706E-02
  4.1600E+02  1.1724E-02
  4.1700E+02  1.1793E-02
  4.1800E+02  1.1914E-02
  4.1900E+02  1.1965E-02
  4.2000E+02  1.1991E-02
  4.2100E+02  1.1992E-02
  4.2200E+02  1.1968E-02
  4.2300E+02  1.1921E-02
  4.2400E+02  1.1939E-02
  4.2500E+02  1.2350E-02
  4.2600E+02  1.2401E-02
  4.2700E+02  1.2240E-02
  4.2800E+02  1.1907E-02
  4.2900E+02  1.1472E-02
  4.3000E+02  1.0479E-02
  4.3100E+02  1.0127E-02
  4.3200E+02  9.9683E-03
  4.3300E+02  9.8187E-03
  4.3400E+02  9.6666E-03
  4.3500E+02  9.5146E-03
  4.3600E+02  9.3016E-03
  4.3700E+02  9.1397E-03
  4.3800E+02  8.9820E-03
  4.3900E+02  8.8284E-03
  4.4000E+02  8.6790E-03
  4.4100E+02  8.5344E-03
  4.4200E+02  8.3972E-03
  4.4300E+02  8.2676E-03
  4.4400E+02  8.1455E-03
  4.4500E+02  8.0437E-03
  4.4600E+02  7.9603E-03
  4.4700E+02  7.8881E-03
  4.4800E+02  7.8247E-03
  4.4900E+02  7.7701E-03
  4.5000E+02  7.7266E-03
  4.5100E+02  7.6560E-03
  4.5200E+02  7.6341E-03
  4.5300E+02  7.6300E-03
  4.5400E+02  7.6257E-03
  4.5500E+02  7.6232E-03
  4.5600E+02  7.5639E-03
  4.5700E+02  7.4409E-03
  4.5800E+02  7.2543E-03
  4.5900E+02  7.0904E-03
  4.6000E+02  6.9824E-03
  4.6100E+02  6.8750E-03
  4.6200E+02  6.7681E-03
  4.6300E+02  6.6617E-03
  4.6400E+02  6.5558E-03
  4.6500E+02  6.4552E-03
  4.6600E+02  6.3700E-03
  4.6700E+02  6.3486E-03
  4.6800E+02  6.3552E-03
  4.6900E+02  6.4126E-03
  4.7000E+02  6.5745E-03
  4.7100E+02  6.6115E-03
  4.7200E+02  6.7225E-03
  4.7300E+02  9.1446E-03
  4.7400E+02  2.0801E-02
  4.7500E+02  5.2998E-02
  4.7600E+02  5.6662E-02
  4.7700E+02  7.2166E-02
  4.7800E+02  9.1115E-02
  4.7900E+02  7.8442E-02
  4.8000E+02  6.9220E-02
  4.8100E+02  6.9549E-02
  4.8200E+02  6.8879E-02
  4.8300E+02  7.1157E-02
  4.8400E+02  6.9900E-02
  4.8500E+02  6.8483E-02
  4.8600E+02  6.7243E-02
  4.8700E+02  6.7141E-02
  4.8800E+02  6.7501E-02
  4.8900E+02  6.8941E-02
  4.9000E+02  6.8384E-02
  4.9100E+02  6.7319E-02
  4.9200E+02  6.7661E-02
  4.9300E+02  6.7730E-02
  4.9400E+02  6.9009E-02
  4.9500E+02  7.0467E-02
  4.9600E+02  7.2750E-02
  4.9700E+02  7.8616E-02
  4.9800E+02  8.2257E-02
  4.9900E+02  7.9746E-02
  5.0000E+02  7.5294E-02
  5.0100E+02  4.4774E-02
  5.0200E+02  3.2799E-02
  5.0300E+02  2.8234E-02
  5.0400E+02  2.5317E-02
  5.0500E+02  2.2913E-02
  5.0600E+02  1.8339E-02
  5.0700E+02  1.6137E-02
  5.0800E+02  1.4586E-02
  5.0900E+02  1.3354E-02
  5.1000E+02  1.2292E-02
  5.1100E+02  1.1764E-02
  5.1200E+02  1.0525E-02
  5.1300E+02  9.1365E-03
  5.1400E+02  8.0606E-03
  5.1500E+02  7.1212E-03
  5.1600E+02  6.2930E-03
  5.1700E+02  7.9466E-03
  5.1800E+02  4.5892E-03
  5.1900E+02  3.8895E-03
  5.2000E+02  2.4740E-03
  5.2100E+02  1.5712E-03
  5.2200E+02  3.9132E-04
  5.2300E+02  0.0000E+00
