 -1.3887E-05  0.0000E+00
  9.9999E-01  7.0526E-08
  2.0000E+00  2.8210E-07
  3.0000E+00  6.3474E-07
  4.0000E+00  1.1284E-06
  5.0000E+00  1.7632E-06
  6.0000E+00  2.5389E-06
  7.0000E+00  3.4558E-06
  8.0000E+00  4.5137E-06
  9.0000E+00  5.7126E-06
  1.0000E+01  7.0526E-06
  1.1000E+01  8.5337E-06
  1.2000E+01  1.0156E-05
  1.3000E+01  1.1919E-05
  1.4000E+01  1.3823E-05
  1.5000E+01  1.5868E-05
  1.6000E+01  1.8055E-05
  1.7000E+01  2.0382E-05
  1.8000E+01  2.2851E-05
  1.9000E+01  2.5460E-05
  2.0000E+01  2.8211E-05
  2.1000E+01  3.1102E-05
  2.2000E+01  3.4135E-05
  2.3000E+01  3.7308E-05
  2.4000E+01  4.0623E-05
  2.5000E+01  4.4079E-05
  2.6000E+01  4.7676E-05
  2.7000E+01  5.1414E-05
  2.8000E+01  5.5293E-05
  2.9000E+01  5.9313E-05
  3.0000E+01  6.3474E-05
  3.1000E+01  6.7776E-05
  3.2000E+01  7.2219E-05
  3.3000E+01  7.6803E-05
  3.4000E+01  8.1528E-05
  3.5000E+01  8.6395E-05
  3.6000E+01  9.1402E-05
  3.7000E+01  9.6551E-05
  3.8000E+01  1.0184E-04
  3.9000E+01  1.0727E-04
  4.0000E+01  1.1284E-04
  4.1000E+01  1.1855E-04
  4.2000E+01  1.2441E-04
  4.3000E+01  1.7183E-04
  4.4000E+01  2.6205E-04
  4.5000E+01  3.3916E-04
  4.6000E+01  4.0318E-04
  4.7000E+01  4.5410E-04
  4.8000E+01  4.9192E-04
  4.9000E+01  5.1664E-04
  5.0000E+01  5.2826E-04
  5.1000E+01  5.2677E-04
  5.2000E+01  5.3789E-04
  5.3000E+01  5.6941E-04
  5.4000E+01  6.0131E-04
  5.5000E+01  6.3359E-04
  5.6000E+01  6.6624E-04
  5.7000E+01  6.9927E-04
  5.8000E+01  7.3263E-04
  5.9000E+01  7.6673E-04
  6.0000E+01  8.0239E-04
  6.1000E+01  8.3960E-04
  6.2000E+01  8.7836E-04
  6.3000E+01  9.1868E-04
  6.4000E+01  9.6056E-04
  6.5000E+01  1.0040E-03
  6.6000E+01  1.0490E-03
  6.7000E+01  1.0957E-03
  6.8000E+01  1.1494E-03
  6.9000E+01  1.2126E-03
  7.0000E+01  1.2852E-03
  7.1000E+01  1.3672E-03
  7.2000E+01  1.5048E-03
  7.3000E+01  1.6737E-03
  7.4000E+01  1.7793E-03
  7.5000E+01  2.0175E-03
  7.6000E+01  2.0547E-03
  7.7000E+01  1.9841E-03
  7.8000E+01  1.9933E-03
  7.9000E+01  2.0691E-03
  8.0000E+01  2.1473E-03
  8.1000E+01  2.2309E-03
  8.2000E+01  2.3230E-03
  8.3000E+01  2.4213E-03
  8.4000E+01  2.5255E-03
  8.5000E+01  2.6359E-03
  8.6000E+01  2.7524E-03
  8.7000E+01  2.8758E-03
  8.8000E+01  3.0062E-03
  8.9000E+01  3.1436E-03
  9.0000E+01  3.2877E-03
  9.1000E+01  3.4379E-03
  9.2000E+01  3.5924E-03
  9.3000E+01  3.7549E-03
  9.4000E+01  3.9265E-03
  9.5000E+01  4.1073E-03
  9.6000E+01  4.2995E-03
  9.7000E+01  4.8172E-03
  9.8000E+01  4.9485E-03
  9.9000E+01  5.3434E-03
  1.0000E+02  5.7088E-03
  1.0100E+02  6.0736E-03
  1.0200E+02  6.5803E-03
  1.0300E+02  7.1937E-03
  1.0400E+02  7.8146E-03
  1.0500E+02  8.4486E-03
  1.0600E+02  9.0963E-03
  1.0700E+02  9.7536E-03
  1.0800E+02  1.0566E-02
  1.0900E+02  1.1191E-02
  1.1000E+02  1.1825E-02
  1.1100E+02  1.4258E-02
  1.1200E+02  1.2799E-02
  1.1300E+02  1.3181E-02
  1.1400E+02  1.3528E-02
  1.1500E+02  1.3965E-02
  1.1600E+02  1.4413E-02
  1.1700E+02  1.4874E-02
  1.1800E+02  1.5335E-02
  1.1900E+02  1.5845E-02
  1.2000E+02  1.6415E-02
  1.2100E+02  1.7016E-02
  1.2200E+02  1.7733E-02
  1.2300E+02  1.8816E-02
  1.2400E+02  1.8693E-02
  1.2500E+02  1.7852E-02
  1.2600E+02  1.8220E-02
  1.2700E+02  1.8577E-02
  1.2800E+02  1.8939E-02
  1.2900E+02  1.9423E-02
  1.3000E+02  2.0009E-02
  1.3100E+02  2.0542E-02
  1.3200E+02  2.1194E-02
  1.3300E+02  2.1918E-02
  1.3400E+02  2.4189E-02
  1.3500E+02  2.7137E-02
  1.3600E+02  2.9245E-02
  1.3700E+02  3.0255E-02
  1.3800E+02  3.0870E-02
  1.3900E+02  3.1056E-02
  1.4000E+02  3.1952E-02
  1.4100E+02  3.1812E-02
  1.4200E+02  3.1603E-02
  1.4300E+02  3.1450E-02
  1.4400E+02  3.1329E-02
  1.4500E+02  3.0823E-02
  1.4600E+02  3.0404E-02
  1.4700E+02  2.9695E-02
  1.4800E+02  2.8792E-02
  1.4900E+02  2.8429E-02
  1.5000E+02  2.6265E-02
  1.5100E+02  2.3990E-02
  1.5200E+02  2.2411E-02
  1.5300E+02  2.1393E-02
  1.5400E+02  2.0877E-02
  1.5500E+02  2.0410E-02
  1.5600E+02  1.9972E-02
  1.5700E+02  1.9572E-02
  1.5800E+02  1.9241E-02
  1.5900E+02  1.8926E-02
  1.6000E+02  1.8628E-02
  1.6100E+02  1.8350E-02
  1.6200E+02  1.8083E-02
  1.6300E+02  1.7821E-02
  1.6400E+02  1.7562E-02
  1.6500E+02  1.7303E-02
  1.6600E+02  1.7133E-02
  1.6700E+02  1.7248E-02
  1.6800E+02  1.7473E-02
  1.6900E+02  1.7569E-02
  1.7000E+02  1.7541E-02
  1.7100E+02  1.6932E-02
  1.7200E+02  1.6489E-02
  1.7300E+02  1.6196E-02
  1.7400E+02  1.7206E-02
  1.7500E+02  1.5766E-02
  1.7600E+02  1.5156E-02
  1.7700E+02  1.5031E-02
  1.7800E+02  1.4963E-02
  1.7900E+02  1.4923E-02
  1.8000E+02  1.4916E-02
  1.8100E+02  1.4761E-02
  1.8200E+02  1.4597E-02
  1.8300E+02  1.4423E-02
  1.8400E+02  1.4250E-02
  1.8500E+02  1.4106E-02
  1.8600E+02  1.4001E-02
  1.8700E+02  1.3928E-02
  1.8800E+02  1.3782E-02
  1.8900E+02  1.3727E-02
  1.9000E+02  1.3667E-02
  1.9100E+02  1.3585E-02
  1.9200E+02  1.3570E-02
  1.9300E+02  1.3851E-02
  1.9400E+02  1.4298E-02
  1.9500E+02  1.4800E-02
  1.9600E+02  1.5653E-02
  1.9700E+02  1.6869E-02
  1.9800E+02  1.7226E-02
  1.9900E+02  1.7261E-02
  2.0000E+02  1.7319E-02
  2.0100E+02  1.7396E-02
  2.0200E+02  1.7373E-02
  2.0300E+02  1.7231E-02
  2.0400E+02  1.7062E-02
  2.0500E+02  1.5627E-02
  2.0600E+02  1.3357E-02
  2.0700E+02  1.0869E-02
  2.0800E+02  9.0607E-03
  2.0900E+02  7.7852E-03
  2.1000E+02  6.7681E-03
  2.1100E+02  5.2464E-03
  2.1200E+02  2.4865E-03
  2.1300E+02  1.4379E-03
  2.1400E+02  1.4597E-03
  2.1500E+02  1.4821E-03
  2.1600E+02  1.5052E-03
  2.1700E+02  1.5289E-03
  2.1800E+02  1.5530E-03
  2.1900E+02  1.5773E-03
  2.2000E+02  1.6020E-03
  2.2100E+02  1.6271E-03
  2.2200E+02  1.6526E-03
  2.2300E+02  1.6785E-03
  2.2400E+02  1.7050E-03
  2.2500E+02  1.7322E-03
  2.2600E+02  1.7601E-03
  2.2700E+02  1.7886E-03
  2.2800E+02  1.8178E-03
  2.2900E+02  1.8481E-03
  2.3000E+02  1.8798E-03
  2.3100E+02  1.9129E-03
  2.3200E+02  1.9473E-03
  2.3300E+02  1.9831E-03
  2.3400E+02  2.0188E-03
  2.3500E+02  2.0494E-03
  2.3600E+02  2.0774E-03
  2.3700E+02  2.1030E-03
  2.3800E+02  2.1260E-03
  2.3900E+02  2.1552E-03
  2.4000E+02  2.1893E-03
  2.4100E+02  2.2225E-03
  2.4200E+02  2.2555E-03
  2.4300E+02  2.2886E-03
  2.4400E+02  2.3218E-03
  2.4500E+02  2.3552E-03
  2.4600E+02  2.3886E-03
  2.4700E+02  2.4223E-03
  2.4800E+02  2.4564E-03
  2.4900E+02  2.4910E-03
  2.5000E+02  2.5281E-03
  2.5100E+02  2.5677E-03
  2.5200E+02  2.6078E-03
  2.5300E+02  2.6484E-03
  2.5400E+02  2.6895E-03
  2.5500E+02  2.7344E-03
  2.5600E+02  2.7811E-03
  2.5700E+02  2.8293E-03
  2.5800E+02  2.8792E-03
  2.5900E+02  2.9305E-03
  2.6000E+02  2.9835E-03
  2.6100E+02  3.0379E-03
  2.6200E+02  3.0912E-03
  2.6300E+02  3.1425E-03
  2.6400E+02  3.1918E-03
  2.6500E+02  3.2391E-03
  2.6600E+02  3.2844E-03
  2.6700E+02  3.3276E-03
  2.6800E+02  3.3689E-03
  2.6900E+02  3.4106E-03
  2.7000E+02  3.4603E-03
  2.7100E+02  3.5181E-03
  2.7200E+02  3.5833E-03
  2.7300E+02  3.6491E-03
  2.7400E+02  3.7116E-03
  2.7500E+02  3.7752E-03
  2.7600E+02  3.8399E-03
  2.7700E+02  3.9057E-03
  2.7800E+02  3.9728E-03
  2.7900E+02  4.0412E-03
  2.8000E+02  4.1109E-03
  2.8100E+02  4.1819E-03
  2.8200E+02  4.2542E-03
  2.8300E+02  4.3286E-03
  2.8400E+02  4.4050E-03
  2.8500E+02  4.4888E-03
  2.8600E+02  4.5804E-03
  2.8700E+02  4.6799E-03
  2.8800E+02  4.7861E-03
  2.8900E+02  4.8842E-03
  2.9000E+02  4.9756E-03
  2.9100E+02  5.0604E-03
  2.9200E+02  5.1380E-03
  2.9300E+02  5.2173E-03
  2.9400E+02  5.3078E-03
  2.9500E+02  5.3982E-03
  2.9600E+02  5.4909E-03
  2.9700E+02  5.5910E-03
  2.9800E+02  5.6922E-03
  2.9900E+02  5.7955E-03
  3.0000E+02  5.9046E-03
  3.0100E+02  6.0157E-03
  3.0200E+02  6.1282E-03
  3.0300E+02  6.2421E-03
  3.0400E+02  6.3662E-03
  3.0500E+02  6.4957E-03
  3.0600E+02  6.6305E-03
  3.0700E+02  6.7706E-03
  3.0800E+02  6.9161E-03
  3.0900E+02  7.0671E-03
  3.1000E+02  7.2281E-03
  3.1100E+02  7.4029E-03
  3.1200E+02  7.5935E-03
  3.1300E+02  7.7969E-03
  3.1400E+02  7.9892E-03
  3.1500E+02  8.1658E-03
  3.1600E+02  8.3780E-03
  3.1700E+02  8.6008E-03
  3.1800E+02  8.8343E-03
  3.1900E+02  9.0784E-03
  3.2000E+02  9.3334E-03
  3.2100E+02  9.5975E-03
  3.2200E+02  9.8915E-03
  3.2300E+02  1.0223E-02
  3.2400E+02  1.0598E-02
  3.2500E+02  1.1036E-02
  3.2600E+02  1.1535E-02
  3.2700E+02  1.2091E-02
  3.2800E+02  1.2705E-02
  3.2900E+02  1.3378E-02
  3.3000E+02  1.4109E-02
  3.3100E+02  1.5037E-02
  3.3200E+02  1.6784E-02
  3.3300E+02  1.9022E-02
  3.3400E+02  1.9377E-02
  3.3500E+02  1.7807E-02
  3.3600E+02  1.5615E-02
  3.3700E+02  1.4080E-02
  3.3800E+02  1.3067E-02
  3.3900E+02  1.2380E-02
  3.4000E+02  1.1758E-02
  3.4100E+02  1.1200E-02
  3.4200E+02  1.0707E-02
  3.4300E+02  1.0277E-02
  3.4400E+02  9.8981E-03
  3.4500E+02  9.5502E-03
  3.4600E+02  9.2309E-03
  3.4700E+02  8.9531E-03
  3.4800E+02  8.7301E-03
  3.4900E+02  8.4352E-03
  3.5000E+02  8.0931E-03
  3.5100E+02  7.5302E-03
  3.5200E+02  7.2100E-03
  3.5300E+02  6.8963E-03
  3.5400E+02  6.5885E-03
  3.5500E+02  6.2864E-03
  3.5600E+02  6.1766E-03
  3.5700E+02  5.8528E-03
  3.5800E+02  5.4211E-03
  3.5900E+02  5.0079E-03
  3.6000E+02  4.6133E-03
  3.6100E+02  4.2347E-03
  3.6200E+02  3.8728E-03
  3.6300E+02  3.5993E-03
  3.6400E+02  3.4602E-03
  3.6500E+02  3.3547E-03
  3.6600E+02  3.2760E-03
  3.6700E+02  3.2054E-03
  3.6800E+02  3.1471E-03
  3.6900E+02  3.1114E-03
  3.7000E+02  3.0986E-03
  3.7100E+02  3.1087E-03
  3.7200E+02  3.1419E-03
  3.7300E+02  3.1980E-03
  3.7400E+02  3.2770E-03
  3.7500E+02  3.3655E-03
  3.7600E+02  3.2879E-03
  3.7700E+02  3.3832E-03
  3.7800E+02  3.5581E-03
  3.7900E+02  3.7772E-03
  3.8000E+02  4.0404E-03
  3.8100E+02  4.3477E-03
  3.8200E+02  4.8404E-03
  3.8300E+02  5.5938E-03
  3.8400E+02  6.3488E-03
  3.8500E+02  6.9777E-03
  3.8600E+02  7.2550E-03
  3.8700E+02  7.5852E-03
  3.8800E+02  8.0931E-03
  3.8900E+02  8.6761E-03
  3.9000E+02  9.1957E-03
  3.9100E+02  9.4293E-03
  3.9200E+02  9.1464E-03
  3.9300E+02  9.2514E-03
  3.9400E+02  9.3973E-03
  3.9500E+02  9.5420E-03
  3.9600E+02  9.6034E-03
  3.9700E+02  9.6882E-03
  3.9800E+02  9.8163E-03
  3.9900E+02  9.9035E-03
  4.0000E+02  1.0070E-02
  4.0100E+02  1.0264E-02
  4.0200E+02  1.0451E-02
  4.0300E+02  1.0632E-02
  4.0400E+02  1.0807E-02
  4.0500E+02  1.0987E-02
  4.0600E+02  1.1235E-02
  4.0700E+02  1.1500E-02
  4.0800E+02  1.1645E-02
  4.0900E+02  1.1720E-02
  4.1000E+02  1.1910E-02
  4.1100E+02  1.2107E-02
  4.1200E+02  1.2450E-02
  4.1300E+02  1.1912E-02
  4.1400E+02  1.1754E-02
  4.1500E+02  1.1735E-02
  4.1600E+02  1.1750E-02
  4.1700E+02  1.1804E-02
  4.1800E+02  1.1923E-02
  4.1900E+02  1.2027E-02
  4.2000E+02  1.2074E-02
  4.2100E+02  1.2092E-02
  4.2200E+02  1.2080E-02
  4.2300E+02  1.2044E-02
  4.2400E+02  1.2076E-02
  4.2500E+02  1.2365E-02
  4.2600E+02  1.2553E-02
  4.2700E+02  1.2394E-02
  4.2800E+02  1.2050E-02
  4.2900E+02  1.1586E-02
  4.3000E+02  1.0517E-02
  4.3100E+02  1.0155E-02
  4.3200E+02  9.9903E-03
  4.3300E+02  9.8336E-03
  4.3400E+02  9.6800E-03
  4.3500E+02  9.5044E-03
  4.3600E+02  9.2988E-03
  4.3700E+02  9.1390E-03
  4.3800E+02  8.9836E-03
  4.3900E+02  8.8326E-03
  4.4000E+02  8.6860E-03
  4.4100E+02  8.5448E-03
  4.4200E+02  8.4109E-03
  4.4300E+02  8.2842E-03
  4.4400E+02  8.1650E-03
  4.4500E+02  8.0625E-03
  4.4600E+02  7.9843E-03
  4.4700E+02  7.9204E-03
  4.4800E+02  7.8666E-03
  4.4900E+02  7.8229E-03
  4.5000E+02  7.7933E-03
  4.5100E+02  7.7139E-03
  4.5200E+02  7.6811E-03
  4.5300E+02  7.6781E-03
  4.5400E+02  7.6813E-03
  4.5500E+02  7.6764E-03
  4.5600E+02  7.5925E-03
  4.5700E+02  7.4254E-03
  4.5800E+02  7.1902E-03
  4.5900E+02  7.0789E-03
  4.6000E+02  6.9682E-03
  4.6100E+02  6.8580E-03
  4.6200E+02  6.7483E-03
  4.6300E+02  6.6392E-03
  4.6400E+02  6.5309E-03
  4.6500E+02  6.4338E-03
  4.6600E+02  6.3602E-03
  4.6700E+02  6.3424E-03
  4.6800E+02  6.3499E-03
  4.6900E+02  6.4163E-03
  4.7000E+02  6.5911E-03
  4.7100E+02  6.5428E-03
  4.7200E+02  7.2914E-03
  4.7300E+02  6.2988E-03
  4.7400E+02  1.9155E-02
  4.7500E+02  5.3185E-02
  4.7600E+02  5.8215E-02
  4.7700E+02  6.7548E-02
  4.7800E+02  9.0852E-02
  4.7900E+02  8.3737E-02
  4.8000E+02  7.0446E-02
  4.8100E+02  6.8451E-02
  4.8200E+02  6.8048E-02
  4.8300E+02  6.9319E-02
  4.8400E+02  6.9319E-02
  4.8500E+02  6.7866E-02
  4.8600E+02  6.7140E-02
  4.8700E+02  6.7150E-02
  4.8800E+02  6.7997E-02
  4.8900E+02  6.9693E-02
  4.9000E+02  6.9969E-02
  4.9100E+02  6.9070E-02
  4.9200E+02  7.0030E-02
  4.9300E+02  7.0602E-02
  4.9400E+02  7.1944E-02
  4.9500E+02  7.3784E-02
  4.9600E+02  7.5434E-02
  4.9700E+02  8.2800E-02
  4.9800E+02  8.4063E-02
  4.9900E+02  7.7013E-02
  5.0000E+02  7.0339E-02
  5.0100E+02  4.3388E-02
  5.0200E+02  3.2032E-02
  5.0300E+02  2.7266E-02
  5.0400E+02  2.4653E-02
  5.0500E+02  1.9647E-02
  5.0600E+02  1.7182E-02
  5.0700E+02  1.5368E-02
  5.0800E+02  1.4039E-02
  5.0900E+02  1.2929E-02
  5.1000E+02  1.1950E-02
  5.1100E+02  1.1857E-02
  5.1200E+02  1.0177E-02
  5.1300E+02  8.7548E-03
  5.1400E+02  7.6256E-03
  5.1500E+02  6.7508E-03
  5.1600E+02  5.9935E-03
  5.1700E+02  6.6234E-03
  5.1800E+02  4.5592E-03
  5.1900E+02  3.3604E-03
  5.2000E+02  2.1540E-03
  5.2100E+02  2.2558E-03
  5.2200E+02  2.3685E-04
  5.2300E+02  0.0000E+00
