 -1.3887E-05  0.0000E+00
  9.9999E-01  6.7177E-08
  2.0000E+00  2.6871E-07
  3.0000E+00  6.0459E-07
  4.0000E+00  1.0748E-06
  5.0000E+00  1.6794E-06
  6.0000E+00  2.4184E-06
  7.0000E+00  3.2917E-06
  8.0000E+00  4.2993E-06
  9.0000E+00  5.4413E-06
  1.0000E+01  6.7177E-06
  1.1000E+01  8.1284E-06
  1.2000E+01  9.6735E-06
  1.3000E+01  1.1353E-05
  1.4000E+01  1.3167E-05
  1.5000E+01  1.5115E-05
  1.6000E+01  1.7197E-05
  1.7000E+01  1.9414E-05
  1.8000E+01  2.1765E-05
  1.9000E+01  2.4251E-05
  2.0000E+01  2.6871E-05
  2.1000E+01  2.9625E-05
  2.2000E+01  3.2514E-05
  2.3000E+01  3.5537E-05
  2.4000E+01  3.8694E-05
  2.5000E+01  4.1986E-05
  2.6000E+01  4.5412E-05
  2.7000E+01  4.8972E-05
  2.8000E+01  5.2667E-05
  2.9000E+01  5.6496E-05
  3.0000E+01  6.0459E-05
  3.1000E+01  6.4557E-05
  3.2000E+01  6.8789E-05
  3.3000E+01  7.3156E-05
  3.4000E+01  7.7657E-05
  3.5000E+01  8.2292E-05
  3.6000E+01  8.7062E-05
  3.7000E+01  9.1966E-05
  3.8000E+01  9.7004E-05
  3.9000E+01  1.0218E-04
  4.0000E+01  1.0748E-04
  4.1000E+01  1.5680E-04
  4.2000E+01  2.3943E-04
  4.3000E+01  3.0860E-04
  4.4000E+01  3.6431E-04
  4.5000E+01  4.0656E-04
  4.6000E+01  4.3535E-04
  4.7000E+01  4.5069E-04
  4.8000E+01  4.5257E-04
  4.9000E+01  4.5161E-04
  5.0000E+01  4.8009E-04
  5.1000E+01  5.0896E-04
  5.2000E+01  5.3823E-04
  5.3000E+01  5.6789E-04
  5.4000E+01  5.9795E-04
  5.5000E+01  6.2840E-04
  5.6000E+01  6.5952E-04
  5.7000E+01  6.9207E-04
  5.8000E+01  7.2607E-04
  5.9000E+01  7.6154E-04
  6.0000E+01  7.9846E-04
  6.1000E+01  8.3684E-04
  6.2000E+01  8.7668E-04
  6.3000E+01  9.1798E-04
  6.4000E+01  9.6086E-04
  6.5000E+01  1.0117E-03
  6.6000E+01  1.0743E-03
  6.7000E+01  1.1485E-03
  6.8000E+01  1.2875E-03
  6.9000E+01  1.4279E-03
  7.0000E+01  1.5876E-03
  7.1000E+01  1.7205E-03
  7.2000E+01  1.6902E-03
  7.3000E+01  1.6250E-03
  7.4000E+01  1.6895E-03
  7.5000E+01  1.7558E-03
  7.6000E+01  1.8240E-03
  7.7000E+01  1.8942E-03
  7.8000E+01  1.9681E-03
  7.9000E+01  2.0458E-03
  8.0000E+01  2.1273E-03
  8.1000E+01  2.2126E-03
  8.2000E+01  2.3017E-03
  8.3000E+01  2.3950E-03
  8.4000E+01  2.4962E-03
  8.5000E+01  2.6059E-03
  8.6000E+01  2.7240E-03
  8.7000E+01  2.8502E-03
  8.8000E+01  2.9831E-03
  8.9000E+01  3.1210E-03
  9.0000E+01  3.2680E-03
  9.1000E+01  3.4244E-03
  9.2000E+01  3.8881E-03
  9.3000E+01  3.7949E-03
  9.4000E+01  3.9670E-03
  9.5000E+01  4.2596E-03
  9.6000E+01  4.5434E-03
  9.7000E+01  4.8183E-03
  9.8000E+01  5.0815E-03
  9.9000E+01  5.3288E-03
  1.0000E+02  5.6150E-03
  1.0100E+02  5.9915E-03
  1.0200E+02  6.5489E-03
  1.0300E+02  7.1991E-03
  1.0400E+02  7.8697E-03
  1.0500E+02  8.9304E-03
  1.0600E+02  9.3046E-03
  1.0700E+02  1.0084E-02
  1.0800E+02  1.0738E-02
  1.0900E+02  1.1830E-02
  1.1000E+02  1.2824E-02
  1.1100E+02  1.2272E-02
  1.1200E+02  1.2737E-02
  1.1300E+02  1.3198E-02
  1.1400E+02  1.3648E-02
  1.1500E+02  1.4145E-02
  1.1600E+02  1.4725E-02
  1.1700E+02  1.5145E-02
  1.1800E+02  1.5544E-02
  1.1900E+02  1.6129E-02
  1.2000E+02  1.6825E-02
  1.2100E+02  1.7916E-02
  1.2200E+02  1.8652E-02
  1.2300E+02  1.7003E-02
  1.2400E+02  1.7309E-02
  1.2500E+02  1.7704E-02
  1.2600E+02  1.8141E-02
  1.2700E+02  1.8551E-02
  1.2800E+02  1.8920E-02
  1.2900E+02  1.9364E-02
  1.3000E+02  1.9973E-02
  1.3100E+02  2.0580E-02
  1.3200E+02  2.2101E-02
  1.3300E+02  2.3476E-02
  1.3400E+02  2.4419E-02
  1.3500E+02  2.7612E-02
  1.3600E+02  2.8087E-02
  1.3700E+02  2.9165E-02
  1.3800E+02  3.0309E-02
  1.3900E+02  3.1605E-02
  1.4000E+02  3.2947E-02
  1.4100E+02  3.2945E-02
  1.4200E+02  3.2647E-02
  1.4300E+02  3.2267E-02
  1.4400E+02  3.1806E-02
  1.4500E+02  3.1179E-02
  1.4600E+02  3.0402E-02
  1.4700E+02  2.9852E-02
  1.4800E+02  3.3493E-02
  1.4900E+02  2.6162E-02
  1.5000E+02  2.3795E-02
  1.5100E+02  2.2193E-02
  1.5200E+02  2.1447E-02
  1.5300E+02  2.0985E-02
  1.5400E+02  2.0609E-02
  1.5500E+02  2.0245E-02
  1.5600E+02  1.9905E-02
  1.5700E+02  1.9580E-02
  1.5800E+02  1.9259E-02
  1.5900E+02  1.8941E-02
  1.6000E+02  1.8785E-02
  1.6100E+02  1.8655E-02
  1.6200E+02  1.8521E-02
  1.6300E+02  1.8429E-02
  1.6400E+02  1.8197E-02
  1.6500E+02  1.8095E-02
  1.6600E+02  1.7792E-02
  1.6700E+02  1.7338E-02
  1.6800E+02  1.6875E-02
  1.6900E+02  1.6589E-02
  1.7000E+02  1.7209E-02
  1.7100E+02  1.8069E-02
  1.7200E+02  1.6098E-02
  1.7300E+02  1.5928E-02
  1.7400E+02  1.5778E-02
  1.7500E+02  1.5603E-02
  1.7600E+02  1.5388E-02
  1.7700E+02  1.5174E-02
  1.7800E+02  1.4974E-02
  1.7900E+02  1.4792E-02
  1.8000E+02  1.4627E-02
  1.8100E+02  1.4525E-02
  1.8200E+02  1.4466E-02
  1.8300E+02  1.4358E-02
  1.8400E+02  1.4238E-02
  1.8500E+02  1.4133E-02
  1.8600E+02  1.4041E-02
  1.8700E+02  1.4087E-02
  1.8800E+02  1.4116E-02
  1.8900E+02  1.3650E-02
  1.9000E+02  1.3383E-02
  1.9100E+02  1.3606E-02
  1.9200E+02  1.4005E-02
  1.9300E+02  1.4784E-02
  1.9400E+02  1.5462E-02
  1.9500E+02  1.5431E-02
  1.9600E+02  1.5621E-02
  1.9700E+02  1.5786E-02
  1.9800E+02  1.5911E-02
  1.9900E+02  1.6099E-02
  2.0000E+02  1.6394E-02
  2.0100E+02  1.6608E-02
  2.0200E+02  1.6820E-02
  2.0300E+02  1.8059E-02
  2.0400E+02  1.8499E-02
  2.0500E+02  1.6018E-02
  2.0600E+02  1.2696E-02
  2.0700E+02  1.1160E-02
  2.0800E+02  1.0751E-02
  2.0900E+02  9.7998E-03
  2.1000E+02  6.7824E-03
  2.1100E+02  4.4333E-03
  2.1200E+02  2.8619E-03
  2.1300E+02  1.9854E-03
  2.1400E+02  1.5413E-03
  2.1500E+02  1.4918E-03
  2.1600E+02  1.5159E-03
  2.1700E+02  1.5408E-03
  2.1800E+02  1.5668E-03
  2.1900E+02  1.5939E-03
  2.2000E+02  1.6220E-03
  2.2100E+02  1.6511E-03
  2.2200E+02  1.6813E-03
  2.2300E+02  1.7120E-03
  2.2400E+02  1.7377E-03
  2.2500E+02  1.7609E-03
  2.2600E+02  1.7814E-03
  2.2700E+02  1.8014E-03
  2.2800E+02  1.8289E-03
  2.2900E+02  1.8562E-03
  2.3000E+02  1.8835E-03
  2.3100E+02  1.9108E-03
  2.3200E+02  1.9382E-03
  2.3300E+02  1.9655E-03
  2.3400E+02  1.9929E-03
  2.3500E+02  2.0205E-03
  2.3600E+02  2.0482E-03
  2.3700E+02  2.0761E-03
  2.3800E+02  2.1066E-03
  2.3900E+02  2.1391E-03
  2.4000E+02  2.1722E-03
  2.4100E+02  2.2060E-03
  2.4200E+02  2.2407E-03
  2.4300E+02  2.2775E-03
  2.4400E+02  2.3154E-03
  2.4500E+02  2.3545E-03
  2.4600E+02  2.3946E-03
  2.4700E+02  2.4359E-03
  2.4800E+02  2.4784E-03
  2.4900E+02  2.5219E-03
  2.5000E+02  2.5662E-03
  2.5100E+02  2.6088E-03
  2.5200E+02  2.6495E-03
  2.5300E+02  2.6882E-03
  2.5400E+02  2.7250E-03
  2.5500E+02  2.7598E-03
  2.5600E+02  2.7927E-03
  2.5700E+02  2.8245E-03
  2.5800E+02  2.8631E-03
  2.5900E+02  2.9098E-03
  2.6000E+02  2.9589E-03
  2.6100E+02  3.0060E-03
  2.6200E+02  3.0537E-03
  2.6300E+02  3.1023E-03
  2.6400E+02  3.1520E-03
  2.6500E+02  3.2028E-03
  2.6600E+02  3.2546E-03
  2.6700E+02  3.3074E-03
  2.6800E+02  3.3612E-03
  2.6900E+02  3.4161E-03
  2.7000E+02  3.4722E-03
  2.7100E+02  3.5304E-03
  2.7200E+02  3.5897E-03
  2.7300E+02  3.6532E-03
  2.7400E+02  3.7222E-03
  2.7500E+02  3.7969E-03
  2.7600E+02  3.8772E-03
  2.7700E+02  3.9568E-03
  2.7800E+02  4.0274E-03
  2.7900E+02  4.0905E-03
  2.8000E+02  4.1464E-03
  2.8100E+02  4.2142E-03
  2.8200E+02  4.2850E-03
  2.8300E+02  4.3554E-03
  2.8400E+02  4.4257E-03
  2.8500E+02  4.4962E-03
  2.8600E+02  4.5722E-03
  2.8700E+02  4.6515E-03
  2.8800E+02  4.7341E-03
  2.8900E+02  4.8188E-03
  2.9000E+02  4.9051E-03
  2.9100E+02  4.9930E-03
  2.9200E+02  5.0833E-03
  2.9300E+02  5.1784E-03
  2.9400E+02  5.2775E-03
  2.9500E+02  5.3805E-03
  2.9600E+02  5.4875E-03
  2.9700E+02  5.5987E-03
  2.9800E+02  5.7154E-03
  2.9900E+02  5.8384E-03
  3.0000E+02  5.9665E-03
  3.0100E+02  6.0776E-03
  3.0200E+02  6.1723E-03
  3.0300E+02  6.3000E-03
  3.0400E+02  6.4187E-03
  3.0500E+02  6.5411E-03
  3.0600E+02  6.6662E-03
  3.0700E+02  6.7938E-03
  3.0800E+02  6.9238E-03
  3.0900E+02  7.0588E-03
  3.1000E+02  7.1941E-03
  3.1100E+02  7.3370E-03
  3.1200E+02  7.4903E-03
  3.1300E+02  7.6542E-03
  3.1400E+02  7.8297E-03
  3.1500E+02  8.0187E-03
  3.1600E+02  8.2209E-03
  3.1700E+02  8.4367E-03
  3.1800E+02  8.6661E-03
  3.1900E+02  8.9091E-03
  3.2000E+02  9.1658E-03
  3.2100E+02  9.4309E-03
  3.2200E+02  9.7887E-03
  3.2300E+02  1.0172E-02
  3.2400E+02  1.0602E-02
  3.2500E+02  1.1101E-02
  3.2600E+02  1.1651E-02
  3.2700E+02  1.2266E-02
  3.2800E+02  1.3091E-02
  3.2900E+02  1.4138E-02
  3.3000E+02  1.5431E-02
  3.3100E+02  1.5897E-02
  3.3200E+02  1.6219E-02
  3.3300E+02  1.6396E-02
  3.3400E+02  1.6371E-02
  3.3500E+02  1.6531E-02
  3.3600E+02  1.5787E-02
  3.3700E+02  1.4905E-02
  3.3800E+02  1.3927E-02
  3.3900E+02  1.2989E-02
  3.4000E+02  1.2623E-02
  3.4100E+02  1.1560E-02
  3.4200E+02  1.1007E-02
  3.4300E+02  1.0478E-02
  3.4400E+02  9.9709E-03
  3.4500E+02  9.5356E-03
  3.4600E+02  9.1722E-03
  3.4700E+02  8.8440E-03
  3.4800E+02  8.5505E-03
  3.4900E+02  8.8786E-03
  3.5000E+02  8.0590E-03
  3.5100E+02  7.7614E-03
  3.5200E+02  7.4687E-03
  3.5300E+02  7.1937E-03
  3.5400E+02  6.0188E-03
  3.5500E+02  5.7778E-03
  3.5600E+02  5.5515E-03
  3.5700E+02  5.3399E-03
  3.5800E+02  5.1431E-03
  3.5900E+02  4.9140E-03
  3.6000E+02  4.6757E-03
  3.6100E+02  4.4644E-03
  3.6200E+02  4.2832E-03
  3.6300E+02  4.0289E-03
  3.6400E+02  3.8068E-03
  3.6500E+02  3.6174E-03
  3.6600E+02  3.4611E-03
  3.6700E+02  3.2381E-03
  3.6800E+02  3.0173E-03
  3.6900E+02  2.9136E-03
  3.7000E+02  2.8771E-03
  3.7100E+02  2.8243E-03
  3.7200E+02  2.8413E-03
  3.7300E+02  2.9693E-03
  3.7400E+02  3.0966E-03
  3.7500E+02  3.2230E-03
  3.7600E+02  3.3488E-03
  3.7700E+02  3.6281E-03
  3.7800E+02  4.0287E-03
  3.7900E+02  4.3838E-03
  3.8000E+02  4.6430E-03
  3.8100E+02  4.9004E-03
  3.8200E+02  5.5505E-03
  3.8300E+02  6.0801E-03
  3.8400E+02  6.4036E-03
  3.8500E+02  6.5508E-03
  3.8600E+02  6.9347E-03
  3.8700E+02  7.4145E-03
  3.8800E+02  8.0033E-03
  3.8900E+02  8.6868E-03
  3.9000E+02  9.0357E-03
  3.9100E+02  9.1550E-03
  3.9200E+02  9.2787E-03
  3.9300E+02  9.4111E-03
  3.9400E+02  9.5273E-03
  3.9500E+02  9.6989E-03
  3.9600E+02  1.0261E-02
  3.9700E+02  1.0246E-02
  3.9800E+02  1.0283E-02
  3.9900E+02  1.0333E-02
  4.0000E+02  1.0359E-02
  4.0100E+02  1.0520E-02
  4.0200E+02  1.0696E-02
  4.0300E+02  1.1065E-02
  4.0400E+02  1.1029E-02
  4.0500E+02  1.0743E-02
  4.0600E+02  1.0666E-02
  4.0700E+02  1.0717E-02
  4.0800E+02  1.0783E-02
  4.0900E+02  1.0865E-02
  4.1000E+02  1.0967E-02
  4.1100E+02  1.1109E-02
  4.1200E+02  1.1273E-02
  4.1300E+02  1.1433E-02
  4.1400E+02  1.1685E-02
  4.1500E+02  1.1869E-02
  4.1600E+02  1.2023E-02
  4.1700E+02  1.2169E-02
  4.1800E+02  1.2307E-02
  4.1900E+02  1.2520E-02
  4.2000E+02  1.2756E-02
  4.2100E+02  1.2986E-02
  4.2200E+02  1.3053E-02
  4.2300E+02  1.2300E-02
  4.2400E+02  1.2061E-02
  4.2500E+02  1.1871E-02
  4.2600E+02  1.1669E-02
  4.2700E+02  1.1456E-02
  4.2800E+02  1.1231E-02
  4.2900E+02  1.0994E-02
  4.3000E+02  1.0743E-02
  4.3100E+02  1.0448E-02
  4.3200E+02  1.0107E-02
  4.3300E+02  9.8454E-03
  4.3400E+02  9.6530E-03
  4.3500E+02  9.4772E-03
  4.3600E+02  9.3172E-03
  4.3700E+02  9.1717E-03
  4.3800E+02  9.0406E-03
  4.3900E+02  8.8272E-03
  4.4000E+02  8.6510E-03
  4.4100E+02  8.5712E-03
  4.4200E+02  8.5052E-03
  4.4300E+02  8.4324E-03
  4.4400E+02  8.3487E-03
  4.4500E+02  8.2615E-03
  4.4600E+02  8.1216E-03
  4.4700E+02  7.9524E-03
  4.4800E+02  7.8368E-03
  4.4900E+02  7.7225E-03
  4.5000E+02  7.6094E-03
  4.5100E+02  7.5002E-03
  4.5200E+02  7.3979E-03
  4.5300E+02  7.3024E-03
  4.5400E+02  7.2253E-03
  4.5500E+02  7.1780E-03
  4.5600E+02  7.1463E-03
  4.5700E+02  7.1276E-03
  4.5800E+02  7.1246E-03
  4.5900E+02  7.1851E-03
  4.6000E+02  7.1222E-03
  4.6100E+02  7.1242E-03
  4.6200E+02  7.1651E-03
  4.6300E+02  7.2600E-03
  4.6400E+02  7.1696E-03
  4.6500E+02  6.7970E-03
  4.6600E+02  6.6742E-03
  4.6700E+02  6.5516E-03
  4.6800E+02  6.4292E-03
  4.6900E+02  6.3071E-03
  4.7000E+02  6.1853E-03
  4.7100E+02  6.0638E-03
  4.7200E+02  5.9514E-03
  4.7300E+02  5.9097E-03
  4.7400E+02  2.1594E-02
  4.7500E+02  5.0514E-02
  4.7600E+02  5.7415E-02
  4.7700E+02  6.9698E-02
  4.7800E+02  9.3735E-02
  4.7900E+02  8.0640E-02
  4.8000E+02  7.1483E-02
  4.8100E+02  6.7859E-02
  4.8200E+02  6.9287E-02
  4.8300E+02  6.8514E-02
  4.8400E+02  6.7090E-02
  4.8500E+02  6.8472E-02
  4.8600E+02  6.7183E-02
  4.8700E+02  6.6788E-02
  4.8800E+02  6.7277E-02
  4.8900E+02  6.7219E-02
  4.9000E+02  6.8689E-02
  4.9100E+02  7.0114E-02
  4.9200E+02  7.0441E-02
  4.9300E+02  7.1616E-02
  4.9400E+02  7.1647E-02
  4.9500E+02  7.3535E-02
  4.9600E+02  7.5097E-02
  4.9700E+02  7.6144E-02
  4.9800E+02  8.0197E-02
  4.9900E+02  7.9826E-02
  5.0000E+02  7.0229E-02
  5.0100E+02  4.2448E-02
  5.0200E+02  3.3840E-02
  5.0300E+02  2.6229E-02
  5.0400E+02  2.3400E-02
  5.0500E+02  2.0672E-02
  5.0600E+02  1.9059E-02
  5.0700E+02  1.5697E-02
  5.0800E+02  1.3897E-02
  5.0900E+02  1.2613E-02
  5.1000E+02  1.1572E-02
  5.1100E+02  1.0669E-02
  5.1200E+02  1.0110E-02
  5.1300E+02  9.4824E-03
  5.1400E+02  8.0968E-03
  5.1500E+02  6.9502E-03
  5.1600E+02  6.0731E-03
  5.1700E+02  5.3428E-03
  5.1800E+02  5.5796E-03
  5.1900E+02  3.6929E-03
  5.2000E+02  2.2861E-03
  5.2100E+02  2.0725E-03
  5.2200E+02  2.6704E-04
  5.2300E+02  0.0000E+00
