 -9.0571E-06  0.0000E+00
  9.9999E-01  1.0590E-07
  2.0000E+00  4.2361E-07
  3.0000E+00  9.5312E-07
  4.0000E+00  1.6944E-06
  5.0000E+00  2.6476E-06
  6.0000E+00  3.8125E-06
  7.0000E+00  5.1892E-06
  8.0000E+00  6.7778E-06
  9.0000E+00  8.5781E-06
  1.0000E+01  1.0590E-05
  1.1000E+01  1.2814E-05
  1.2000E+01  1.5250E-05
  1.3000E+01  1.7898E-05
  1.4000E+01  2.0757E-05
  1.5000E+01  2.3828E-05
  1.6000E+01  2.7111E-05
  1.7000E+01  3.0606E-05
  1.8000E+01  3.4312E-05
  1.9000E+01  3.8231E-05
  2.0000E+01  4.2361E-05
  2.1000E+01  4.6703E-05
  2.2000E+01  5.1257E-05
  2.3000E+01  5.6022E-05
  2.4000E+01  6.1000E-05
  2.5000E+01  6.6189E-05
  2.6000E+01  7.1590E-05
  2.7000E+01  7.7203E-05
  2.8000E+01  8.3028E-05
  2.9000E+01  8.9064E-05
  3.0000E+01  9.5312E-05
  3.1000E+01  1.0177E-04
  3.2000E+01  1.0844E-04
  3.3000E+01  1.1533E-04
  3.4000E+01  1.2242E-04
  3.5000E+01  1.2973E-04
  3.6000E+01  1.3725E-04
  3.7000E+01  1.4498E-04
  3.8000E+01  1.5292E-04
  3.9000E+01  1.6108E-04
  4.0000E+01  1.6944E-04
  4.1000E+01  1.7802E-04
  4.2000E+01  1.8681E-04
  4.3000E+01  1.9581E-04
  4.4000E+01  2.0503E-04
  4.5000E+01  2.1445E-04
  4.6000E+01  2.2409E-04
  4.7000E+01  2.3394E-04
  4.8000E+01  2.4400E-04
  4.9000E+01  2.5427E-04
  5.0000E+01  3.1783E-04
  5.1000E+01  4.0717E-04
  5.2000E+01  4.9120E-04
  5.3000E+01  5.6993E-04
  5.4000E+01  6.4336E-04
  5.5000E+01  7.1149E-04
  5.6000E+01  7.7432E-04
  5.7000E+01  8.3184E-04
  5.8000E+01  8.8407E-04
  5.9000E+01  9.3099E-04
  6.0000E+01  9.7261E-04
  6.1000E+01  1.0089E-03
  6.2000E+01  1.0400E-03
  6.3000E+01  1.0657E-03
  6.4000E+01  1.0861E-03
  6.5000E+01  1.1018E-03
  6.6000E+01  1.1465E-03
  6.7000E+01  1.1921E-03
  6.8000E+01  1.2384E-03
  6.9000E+01  1.2855E-03
  7.0000E+01  1.3334E-03
  7.1000E+01  1.3821E-03
  7.2000E+01  1.4316E-03
  7.3000E+01  1.4819E-03
  7.4000E+01  1.5351E-03
  7.5000E+01  1.5949E-03
  7.6000E+01  1.6586E-03
  7.7000E+01  1.7262E-03
  7.8000E+01  1.7977E-03
  7.9000E+01  1.8730E-03
  8.0000E+01  1.9523E-03
  8.1000E+01  2.0354E-03
  8.2000E+01  2.1224E-03
  8.3000E+01  2.2133E-03
  8.4000E+01  2.3096E-03
  8.5000E+01  2.4169E-03
  8.6000E+01  2.5358E-03
  8.7000E+01  2.6663E-03
  8.8000E+01  2.8083E-03
  8.9000E+01  2.9619E-03
  9.0000E+01  3.1271E-03
  9.1000E+01  3.3038E-03
  9.2000E+01  3.4921E-03
  9.3000E+01  3.6761E-03
  9.4000E+01  3.8687E-03
  9.5000E+01  4.0957E-03
  9.6000E+01  4.6172E-03
  9.7000E+01  4.9509E-03
  9.8000E+01  5.1176E-03
  9.9000E+01  5.2015E-03
  1.0000E+02  5.7793E-03
  1.0100E+02  6.4508E-03
  1.0200E+02  7.1159E-03
  1.0300E+02  7.6677E-03
  1.0400E+02  8.1582E-03
  1.0500E+02  8.8321E-03
  1.0600E+02  9.4564E-03
  1.0700E+02  1.0091E-02
  1.0800E+02  1.0737E-02
  1.0900E+02  1.1395E-02
  1.1000E+02  1.2064E-02
  1.1100E+02  1.3026E-02
  1.1200E+02  1.4327E-02
  1.1300E+02  1.4815E-02
  1.1400E+02  1.8381E-02
  1.1500E+02  1.3536E-02
  1.1600E+02  1.3875E-02
  1.1700E+02  1.4230E-02
  1.1800E+02  1.4586E-02
  1.1900E+02  1.4945E-02
  1.2000E+02  1.5306E-02
  1.2100E+02  1.5669E-02
  1.2200E+02  1.6207E-02
  1.2300E+02  1.6964E-02
  1.2400E+02  1.7388E-02
  1.2500E+02  1.7634E-02
  1.2600E+02  1.8067E-02
  1.2700E+02  1.8521E-02
  1.2800E+02  1.8993E-02
  1.2900E+02  1.9546E-02
  1.3000E+02  2.0673E-02
  1.3100E+02  2.1770E-02
  1.3200E+02  2.2791E-02
  1.3300E+02  2.4706E-02
  1.3400E+02  2.7904E-02
  1.3500E+02  3.4887E-02
  1.3600E+02  3.3416E-02
  1.3700E+02  2.9858E-02
  1.3800E+02  3.0162E-02
  1.3900E+02  3.0395E-02
  1.4000E+02  3.0374E-02
  1.4100E+02  3.0249E-02
  1.4200E+02  3.0018E-02
  1.4300E+02  2.9776E-02
  1.4400E+02  2.9524E-02
  1.4500E+02  2.9262E-02
  1.4600E+02  2.9008E-02
  1.4700E+02  2.8759E-02
  1.4800E+02  2.8510E-02
  1.4900E+02  2.8254E-02
  1.5000E+02  2.8013E-02
  1.5100E+02  2.8164E-02
  1.5200E+02  2.8890E-02
  1.5300E+02  2.8405E-02
  1.5400E+02  2.7101E-02
  1.5500E+02  2.6049E-02
  1.5600E+02  2.3910E-02
  1.5700E+02  2.2011E-02
  1.5800E+02  2.0813E-02
  1.5900E+02  1.7699E-02
  1.6000E+02  1.7442E-02
  1.6100E+02  1.7183E-02
  1.6200E+02  1.6922E-02
  1.6300E+02  1.6659E-02
  1.6400E+02  1.6394E-02
  1.6500E+02  1.6127E-02
  1.6600E+02  1.5859E-02
  1.6700E+02  1.5595E-02
  1.6800E+02  1.5340E-02
  1.6900E+02  1.5095E-02
  1.7000E+02  1.4959E-02
  1.7100E+02  1.4897E-02
  1.7200E+02  1.4850E-02
  1.7300E+02  1.4746E-02
  1.7400E+02  1.4622E-02
  1.7500E+02  1.4497E-02
  1.7600E+02  1.4372E-02
  1.7700E+02  1.4247E-02
  1.7800E+02  1.4137E-02
  1.7900E+02  1.4045E-02
  1.8000E+02  1.3971E-02
  1.8100E+02  1.3915E-02
  1.8200E+02  1.3859E-02
  1.8300E+02  1.3649E-02
  1.8400E+02  1.3500E-02
  1.8500E+02  1.3537E-02
  1.8600E+02  1.3560E-02
  1.8700E+02  1.3579E-02
  1.8800E+02  1.3600E-02
  1.8900E+02  1.3608E-02
  1.9000E+02  1.3717E-02
  1.9100E+02  1.3818E-02
  1.9200E+02  1.3969E-02
  1.9300E+02  1.4492E-02
  1.9400E+02  1.6902E-02
  1.9500E+02  1.7402E-02
  1.9600E+02  1.7446E-02
  1.9700E+02  1.7647E-02
  1.9800E+02  1.7880E-02
  1.9900E+02  1.8055E-02
  2.0000E+02  1.8166E-02
  2.0100E+02  1.7964E-02
  2.0200E+02  1.6761E-02
  2.0300E+02  1.5348E-02
  2.0400E+02  1.4190E-02
  2.0500E+02  1.2868E-02
  2.0600E+02  1.1382E-02
  2.0700E+02  9.7093E-03
  2.0800E+02  8.0934E-03
  2.0900E+02  6.5667E-03
  2.1000E+02  5.1290E-03
  2.1100E+02  3.6411E-03
  2.1200E+02  1.7260E-03
  2.1300E+02  1.4561E-03
  2.1400E+02  1.4771E-03
  2.1500E+02  1.4953E-03
  2.1600E+02  1.5105E-03
  2.1700E+02  1.5229E-03
  2.1800E+02  1.5323E-03
  2.1900E+02  1.5468E-03
  2.2000E+02  1.5726E-03
  2.2100E+02  1.5987E-03
  2.2200E+02  1.6249E-03
  2.2300E+02  1.6513E-03
  2.2400E+02  1.6780E-03
  2.2500E+02  1.7048E-03
  2.2600E+02  1.7319E-03
  2.2700E+02  1.7592E-03
  2.2800E+02  1.7867E-03
  2.2900E+02  1.8144E-03
  2.3000E+02  1.8423E-03
  2.3100E+02  1.8705E-03
  2.3200E+02  1.8988E-03
  2.3300E+02  1.9274E-03
  2.3400E+02  1.9562E-03
  2.3500E+02  1.9851E-03
  2.3600E+02  2.0143E-03
  2.3700E+02  2.0437E-03
  2.3800E+02  2.0734E-03
  2.3900E+02  2.1032E-03
  2.4000E+02  2.1332E-03
  2.4100E+02  2.1635E-03
  2.4200E+02  2.1939E-03
  2.4300E+02  2.2246E-03
  2.4400E+02  2.2555E-03
  2.4500E+02  2.2908E-03
  2.4600E+02  2.3467E-03
  2.4700E+02  2.4101E-03
  2.4800E+02  2.4658E-03
  2.4900E+02  2.5170E-03
  2.5000E+02  2.5660E-03
  2.5100E+02  2.6142E-03
  2.5200E+02  2.6616E-03
  2.5300E+02  2.7082E-03
  2.5400E+02  2.7541E-03
  2.5500E+02  2.7991E-03
  2.5600E+02  2.8434E-03
  2.5700E+02  2.8869E-03
  2.5800E+02  2.9296E-03
  2.5900E+02  2.9715E-03
  2.6000E+02  3.0126E-03
  2.6100E+02  3.0529E-03
  2.6200E+02  3.0925E-03
  2.6300E+02  3.1312E-03
  2.6400E+02  3.1730E-03
  2.6500E+02  3.2186E-03
  2.6600E+02  3.2658E-03
  2.6700E+02  3.3146E-03
  2.6800E+02  3.3651E-03
  2.6900E+02  3.4172E-03
  2.7000E+02  3.4710E-03
  2.7100E+02  3.5263E-03
  2.7200E+02  3.5833E-03
  2.7300E+02  3.6419E-03
  2.7400E+02  3.7021E-03
  2.7500E+02  3.7640E-03
  2.7600E+02  3.8276E-03
  2.7700E+02  3.8929E-03
  2.7800E+02  3.9599E-03
  2.7900E+02  4.0285E-03
  2.8000E+02  4.0988E-03
  2.8100E+02  4.1711E-03
  2.8200E+02  4.2454E-03
  2.8300E+02  4.3215E-03
  2.8400E+02  4.3995E-03
  2.8500E+02  4.4793E-03
  2.8600E+02  4.5610E-03
  2.8700E+02  4.6455E-03
  2.8800E+02  4.7352E-03
  2.8900E+02  4.8333E-03
  2.9000E+02  4.9829E-03
  2.9100E+02  5.1188E-03
  2.9200E+02  5.2409E-03
  2.9300E+02  5.3494E-03
  2.9400E+02  5.4442E-03
  2.9500E+02  5.5252E-03
  2.9600E+02  5.5926E-03
  2.9700E+02  5.6756E-03
  2.9800E+02  5.7896E-03
  2.9900E+02  5.9053E-03
  3.0000E+02  6.0227E-03
  3.0100E+02  6.1417E-03
  3.0200E+02  6.2625E-03
  3.0300E+02  6.3850E-03
  3.0400E+02  6.5091E-03
  3.0500E+02  6.6350E-03
  3.0600E+02  6.7625E-03
  3.0700E+02  6.8917E-03
  3.0800E+02  7.0358E-03
  3.0900E+02  7.2298E-03
  3.1000E+02  7.4296E-03
  3.1100E+02  7.6191E-03
  3.1200E+02  7.7984E-03
  3.1300E+02  7.9673E-03
  3.1400E+02  8.1715E-03
  3.1500E+02  8.4357E-03
  3.1600E+02  8.7360E-03
  3.1700E+02  9.0726E-03
  3.1800E+02  9.4453E-03
  3.1900E+02  9.8542E-03
  3.2000E+02  1.0299E-02
  3.2100E+02  1.0779E-02
  3.2200E+02  1.1295E-02
  3.2300E+02  1.2090E-02
  3.2400E+02  1.3223E-02
  3.2500E+02  1.3886E-02
  3.2600E+02  1.4297E-02
  3.2700E+02  1.4518E-02
  3.2800E+02  1.4647E-02
  3.2900E+02  1.4687E-02
  3.3000E+02  1.4636E-02
  3.3100E+02  1.4495E-02
  3.3200E+02  1.4341E-02
  3.3300E+02  1.4301E-02
  3.3400E+02  1.4262E-02
  3.3500E+02  1.4164E-02
  3.3600E+02  1.4005E-02
  3.3700E+02  1.3782E-02
  3.3800E+02  1.3484E-02
  3.3900E+02  1.3109E-02
  3.4000E+02  1.2701E-02
  3.4100E+02  1.2382E-02
  3.4200E+02  1.2128E-02
  3.4300E+02  1.1840E-02
  3.4400E+02  1.1495E-02
  3.4500E+02  1.0971E-02
  3.4600E+02  1.0442E-02
  3.4700E+02  9.9071E-03
  3.4800E+02  9.2486E-03
  3.4900E+02  8.6933E-03
  3.5000E+02  8.2573E-03
  3.5100E+02  7.7391E-03
  3.5200E+02  7.0832E-03
  3.5300E+02  6.4950E-03
  3.5400E+02  5.9744E-03
  3.5500E+02  5.5555E-03
  3.5600E+02  5.1987E-03
  3.5700E+02  4.8362E-03
  3.5800E+02  4.4999E-03
  3.5900E+02  4.1897E-03
  3.6000E+02  3.9057E-03
  3.6100E+02  3.6483E-03
  3.6200E+02  3.4179E-03
  3.6300E+02  3.2145E-03
  3.6400E+02  3.0380E-03
  3.6500E+02  2.9151E-03
  3.6600E+02  2.8410E-03
  3.6700E+02  2.7875E-03
  3.6800E+02  2.7549E-03
  3.6900E+02  2.7430E-03
  3.7000E+02  2.7519E-03
  3.7100E+02  2.7815E-03
  3.7200E+02  2.8319E-03
  3.7300E+02  2.9031E-03
  3.7400E+02  2.9950E-03
  3.7500E+02  3.1077E-03
  3.7600E+02  3.2411E-03
  3.7700E+02  3.3934E-03
  3.7800E+02  3.5635E-03
  3.7900E+02  3.6953E-03
  3.8000E+02  3.7988E-03
  3.8100E+02  4.1025E-03
  3.8200E+02  4.4622E-03
  3.8300E+02  4.7984E-03
  3.8400E+02  5.1112E-03
  3.8500E+02  5.4028E-03
  3.8600E+02  5.6964E-03
  3.8700E+02  6.0195E-03
  3.8800E+02  6.3734E-03
  3.8900E+02  6.7582E-03
  3.9000E+02  7.1739E-03
  3.9100E+02  7.6205E-03
  3.9200E+02  8.0979E-03
  3.9300E+02  8.5941E-03
  3.9400E+02  9.0284E-03
  3.9500E+02  9.4074E-03
  3.9600E+02  9.7311E-03
  3.9700E+02  1.0107E-02
  3.9800E+02  1.0797E-02
  3.9900E+02  1.1115E-02
  4.0000E+02  1.1090E-02
  4.0100E+02  1.1939E-02
  4.0200E+02  1.3287E-02
  4.0300E+02  1.3125E-02
  4.0400E+02  1.1004E-02
  4.0500E+02  1.1004E-02
  4.0600E+02  1.1024E-02
  4.0700E+02  1.1065E-02
  4.0800E+02  1.1126E-02
  4.0900E+02  1.1207E-02
  4.1000E+02  1.1311E-02
  4.1100E+02  1.1448E-02
  4.1200E+02  1.1623E-02
  4.1300E+02  1.1796E-02
  4.1400E+02  1.1905E-02
  4.1500E+02  1.2003E-02
  4.1600E+02  1.2088E-02
  4.1700E+02  1.2162E-02
  4.1800E+02  1.2225E-02
  4.1900E+02  1.2279E-02
  4.2000E+02  1.2324E-02
  4.2100E+02  1.2358E-02
  4.2200E+02  1.2383E-02
  4.2300E+02  1.2450E-02
  4.2400E+02  1.2709E-02
  4.2500E+02  1.3414E-02
  4.2600E+02  1.3663E-02
  4.2700E+02  1.3685E-02
  4.2800E+02  1.3605E-02
  4.2900E+02  1.3242E-02
  4.3000E+02  1.2707E-02
  4.3100E+02  1.1529E-02
  4.3200E+02  1.0548E-02
  4.3300E+02  1.0328E-02
  4.3400E+02  1.0120E-02
  4.3500E+02  9.9038E-03
  4.3600E+02  9.6779E-03
  4.3700E+02  9.4510E-03
  4.3800E+02  9.3015E-03
  4.3900E+02  9.1543E-03
  4.4000E+02  9.0094E-03
  4.4100E+02  8.8668E-03
  4.4200E+02  8.7264E-03
  4.4300E+02  8.5883E-03
  4.4400E+02  8.4525E-03
  4.4500E+02  8.3189E-03
  4.4600E+02  8.1876E-03
  4.4700E+02  8.0586E-03
  4.4800E+02  7.9319E-03
  4.4900E+02  7.8074E-03
  4.5000E+02  7.6852E-03
  4.5100E+02  7.5728E-03
  4.5200E+02  7.4868E-03
  4.5300E+02  7.4277E-03
  4.5400E+02  7.4082E-03
  4.5500E+02  7.4719E-03
  4.5600E+02  7.5837E-03
  4.5700E+02  7.7496E-03
  4.5800E+02  7.8172E-03
  4.5900E+02  7.4213E-03
  4.6000E+02  7.4843E-03
  4.6100E+02  8.7546E-03
  4.6200E+02  6.7363E-03
  4.6300E+02  6.6130E-03
  4.6400E+02  6.4905E-03
  4.6500E+02  6.3688E-03
  4.6600E+02  6.2478E-03
  4.6700E+02  6.1276E-03
  4.6800E+02  6.0082E-03
  4.6900E+02  5.8896E-03
  4.7000E+02  5.7718E-03
  4.7100E+02  5.6548E-03
  4.7200E+02  5.5385E-03
  4.7300E+02  6.0989E-03
  4.7400E+02  1.6091E-02
  4.7500E+02  2.9014E-02
  4.7600E+02  4.7590E-02
  4.7700E+02  7.3507E-02
  4.7800E+02  8.3322E-02
  4.7900E+02  8.7584E-02
  4.8000E+02  8.1972E-02
  4.8100E+02  6.8988E-02
  4.8200E+02  6.9577E-02
  4.8300E+02  7.1146E-02
  4.8400E+02  7.2536E-02
  4.8500E+02  7.0196E-02
  4.8600E+02  6.7958E-02
  4.8700E+02  6.7525E-02
  4.8800E+02  6.8194E-02
  4.8900E+02  6.6486E-02
  4.9000E+02  6.6646E-02
  4.9100E+02  6.8244E-02
  4.9200E+02  6.9962E-02
  4.9300E+02  7.1603E-02
  4.9400E+02  7.3585E-02
  4.9500E+02  7.7676E-02
  4.9600E+02  8.3762E-02
  4.9700E+02  7.9717E-02
  4.9800E+02  7.4734E-02
  4.9900E+02  6.9781E-02
  5.0000E+02  6.3963E-02
  5.0100E+02  4.3936E-02
  5.0200E+02  3.6146E-02
  5.0300E+02  3.0976E-02
  5.0400E+02  2.5128E-02
  5.0500E+02  1.9822E-02
  5.0600E+02  1.7603E-02
  5.0700E+02  1.5644E-02
  5.0800E+02  1.3944E-02
  5.0900E+02  1.2547E-02
  5.1000E+02  1.1430E-02
  5.1100E+02  1.0705E-02
  5.1200E+02  1.3283E-02
  5.1300E+02  7.7829E-03
  5.1400E+02  7.1360E-03
  5.1500E+02  6.5301E-03
  5.1600E+02  5.6868E-03
  5.1700E+02  4.6061E-03
  5.1800E+02  3.3429E-03
  5.1900E+02  3.1524E-03
  5.2000E+02  2.3017E-03
  5.2100E+02  5.4229E-04
  5.2200E+02  1.3367E-04
  5.2300E+02  0.0000E+00
