  0.0000E+00  0.0000E+00
  1.0000E+00  1.0344E-07
  2.0000E+00  4.1375E-07
  3.0000E+00  9.3095E-07
  4.0000E+00  1.6550E-06
  5.0000E+00  2.5860E-06
  6.0000E+00  3.7238E-06
  7.0000E+00  5.0686E-06
  8.0000E+00  6.6202E-06
  9.0000E+00  8.3786E-06
  1.0000E+01  1.0344E-05
  1.1000E+01  1.2516E-05
  1.2000E+01  1.4895E-05
  1.3000E+01  1.7481E-05
  1.4000E+01  2.0274E-05
  1.5000E+01  2.3274E-05
  1.6000E+01  2.6481E-05
  1.7000E+01  2.9894E-05
  1.8000E+01  3.3515E-05
  1.9000E+01  3.7342E-05
  2.0000E+01  4.1376E-05
  2.1000E+01  4.5617E-05
  2.2000E+01  5.0065E-05
  2.3000E+01  5.4720E-05
  2.4000E+01  5.9582E-05
  2.5000E+01  6.4650E-05
  2.6000E+01  6.9926E-05
  2.7000E+01  7.5408E-05
  2.8000E+01  8.1097E-05
  2.9000E+01  8.6993E-05
  3.0000E+01  9.3096E-05
  3.1000E+01  9.9406E-05
  3.2000E+01  1.0592E-04
  3.3000E+01  1.1265E-04
  3.4000E+01  1.1958E-04
  3.5000E+01  1.2671E-04
  3.6000E+01  1.3406E-04
  3.7000E+01  1.4161E-04
  3.8000E+01  1.4937E-04
  3.9000E+01  1.5733E-04
  4.0000E+01  1.6550E-04
  4.1000E+01  1.7388E-04
  4.2000E+01  1.8247E-04
  4.3000E+01  1.9126E-04
  4.4000E+01  2.0026E-04
  4.5000E+01  2.0947E-04
  4.6000E+01  2.1888E-04
  4.7000E+01  2.2850E-04
  4.8000E+01  2.3833E-04
  4.9000E+01  2.4836E-04
  5.0000E+01  2.5860E-04
  5.1000E+01  2.6905E-04
  5.2000E+01  2.7970E-04
  5.3000E+01  2.9056E-04
  5.4000E+01  3.0163E-04
  5.5000E+01  3.1291E-04
  5.6000E+01  3.2439E-04
  5.7000E+01  4.3294E-04
  5.8000E+01  5.4683E-04
  5.9000E+01  6.5468E-04
  6.0000E+01  7.5648E-04
  6.1000E+01  8.5224E-04
  6.2000E+01  9.4195E-04
  6.3000E+01  1.0256E-03
  6.4000E+01  1.1032E-03
  6.5000E+01  1.1748E-03
  6.6000E+01  1.2403E-03
  6.7000E+01  1.2998E-03
  6.8000E+01  1.3532E-03
  6.9000E+01  1.4006E-03
  7.0000E+01  1.4420E-03
  7.1000E+01  1.4773E-03
  7.2000E+01  1.5065E-03
  7.3000E+01  1.5498E-03
  7.4000E+01  1.6121E-03
  7.5000E+01  1.6756E-03
  7.6000E+01  1.7401E-03
  7.7000E+01  1.8057E-03
  7.8000E+01  1.8724E-03
  7.9000E+01  1.9401E-03
  8.0000E+01  2.0089E-03
  8.1000E+01  2.0789E-03
  8.2000E+01  2.1553E-03
  8.3000E+01  2.2473E-03
  8.4000E+01  2.3494E-03
  8.5000E+01  2.4616E-03
  8.6000E+01  2.5838E-03
  8.7000E+01  2.7160E-03
  8.8000E+01  2.8574E-03
  8.9000E+01  3.0075E-03
  9.0000E+01  3.1662E-03
  9.1000E+01  3.3337E-03
  9.2000E+01  3.5099E-03
  9.3000E+01  3.6947E-03
  9.4000E+01  3.8882E-03
  9.5000E+01  4.0905E-03
  9.6000E+01  4.3014E-03
  9.7000E+01  4.5210E-03
  9.8000E+01  4.7493E-03
  9.9000E+01  4.9834E-03
  1.0000E+02  5.2319E-03
  1.0100E+02  5.5806E-03
  1.0200E+02  6.0655E-03
  1.0300E+02  6.6227E-03
  1.0400E+02  7.2147E-03
  1.0500E+02  8.0840E-03
  1.0600E+02  8.8555E-03
  1.0700E+02  9.5293E-03
  1.0800E+02  1.0383E-02
  1.0900E+02  1.1083E-02
  1.1000E+02  1.1664E-02
  1.1100E+02  1.2245E-02
  1.1200E+02  1.3027E-02
  1.1300E+02  1.3660E-02
  1.1400E+02  1.4121E-02
  1.1500E+02  1.4409E-02
  1.1600E+02  1.5729E-02
  1.1700E+02  1.8459E-02
  1.1800E+02  1.4999E-02
  1.1900E+02  1.5341E-02
  1.2000E+02  1.5681E-02
  1.2100E+02  1.6017E-02
  1.2200E+02  1.6350E-02
  1.2300E+02  1.6680E-02
  1.2400E+02  1.7006E-02
  1.2500E+02  1.7646E-02
  1.2600E+02  1.8346E-02
  1.2700E+02  1.8930E-02
  1.2800E+02  1.9364E-02
  1.2900E+02  1.9760E-02
  1.3000E+02  2.0175E-02
  1.3100E+02  2.0608E-02
  1.3200E+02  2.1405E-02
  1.3300E+02  2.2719E-02
  1.3400E+02  2.3887E-02
  1.3500E+02  2.6177E-02
  1.3600E+02  3.1073E-02
  1.3700E+02  3.1309E-02
  1.3800E+02  3.1868E-02
  1.3900E+02  3.2264E-02
  1.4000E+02  3.2002E-02
  1.4100E+02  3.1396E-02
  1.4200E+02  3.0888E-02
  1.4300E+02  3.1823E-02
  1.4400E+02  2.8471E-02
  1.4500E+02  2.8149E-02
  1.4600E+02  2.7791E-02
  1.4700E+02  2.7397E-02
  1.4800E+02  2.6967E-02
  1.4900E+02  2.6501E-02
  1.5000E+02  2.6171E-02
  1.5100E+02  2.5840E-02
  1.5200E+02  2.5503E-02
  1.5300E+02  2.5163E-02
  1.5400E+02  2.4828E-02
  1.5500E+02  2.4494E-02
  1.5600E+02  2.4163E-02
  1.5700E+02  2.3835E-02
  1.5800E+02  2.4114E-02
  1.5900E+02  2.5277E-02
  1.6000E+02  2.5445E-02
  1.6100E+02  2.4525E-02
  1.6200E+02  2.2680E-02
  1.6300E+02  2.2639E-02
  1.6400E+02  1.7086E-02
  1.6500E+02  1.6565E-02
  1.6600E+02  1.6383E-02
  1.6700E+02  1.6218E-02
  1.6800E+02  1.6071E-02
  1.6900E+02  1.5940E-02
  1.7000E+02  1.5806E-02
  1.7100E+02  1.5662E-02
  1.7200E+02  1.5509E-02
  1.7300E+02  1.5346E-02
  1.7400E+02  1.5174E-02
  1.7500E+02  1.4993E-02
  1.7600E+02  1.4802E-02
  1.7700E+02  1.4602E-02
  1.7800E+02  1.4393E-02
  1.7900E+02  1.4434E-02
  1.8000E+02  1.4380E-02
  1.8100E+02  1.4318E-02
  1.8200E+02  1.4246E-02
  1.8300E+02  1.4169E-02
  1.8400E+02  1.4089E-02
  1.8500E+02  1.4006E-02
  1.8600E+02  1.3921E-02
  1.8700E+02  1.3672E-02
  1.8800E+02  1.3762E-02
  1.8900E+02  1.3846E-02
  1.9000E+02  1.3924E-02
  1.9100E+02  1.3998E-02
  1.9200E+02  1.4066E-02
  1.9300E+02  1.4129E-02
  1.9400E+02  1.4577E-02
  1.9500E+02  1.6070E-02
  1.9600E+02  1.7013E-02
  1.9700E+02  1.7989E-02
  1.9800E+02  1.9198E-02
  1.9900E+02  2.0852E-02
  2.0000E+02  2.4224E-02
  2.0100E+02  1.9334E-02
  2.0200E+02  1.6925E-02
  2.0300E+02  1.4554E-02
  2.0400E+02  1.2221E-02
  2.0500E+02  9.9265E-03
  2.0600E+02  7.6701E-03
  2.0700E+02  5.4518E-03
  2.0800E+02  3.8203E-03
  2.0900E+02  3.1323E-03
  2.1000E+02  2.5613E-03
  2.1100E+02  2.1075E-03
  2.1200E+02  1.7707E-03
  2.1300E+02  1.5512E-03
  2.1400E+02  1.4489E-03
  2.1500E+02  1.4538E-03
  2.1600E+02  1.4791E-03
  2.1700E+02  1.5049E-03
  2.1800E+02  1.5314E-03
  2.1900E+02  1.5585E-03
  2.2000E+02  1.5862E-03
  2.2100E+02  1.6145E-03
  2.2200E+02  1.6434E-03
  2.2300E+02  1.6729E-03
  2.2400E+02  1.7029E-03
  2.2500E+02  1.7335E-03
  2.2600E+02  1.7646E-03
  2.2700E+02  1.7962E-03
  2.2800E+02  1.8284E-03
  2.2900E+02  1.8611E-03
  2.3000E+02  1.8943E-03
  2.3100E+02  1.9238E-03
  2.3200E+02  1.9496E-03
  2.3300E+02  1.9717E-03
  2.3400E+02  1.9903E-03
  2.3500E+02  2.0052E-03
  2.3600E+02  2.0166E-03
  2.3700E+02  2.0340E-03
  2.3800E+02  2.0679E-03
  2.3900E+02  2.1021E-03
  2.4000E+02  2.1366E-03
  2.4100E+02  2.1715E-03
  2.4200E+02  2.2067E-03
  2.4300E+02  2.2422E-03
  2.4400E+02  2.2780E-03
  2.4500E+02  2.3141E-03
  2.4600E+02  2.3506E-03
  2.4700E+02  2.3874E-03
  2.4800E+02  2.4245E-03
  2.4900E+02  2.4620E-03
  2.5000E+02  2.4997E-03
  2.5100E+02  2.5378E-03
  2.5200E+02  2.5762E-03
  2.5300E+02  2.6149E-03
  2.5400E+02  2.6540E-03
  2.5500E+02  2.6934E-03
  2.5600E+02  2.7331E-03
  2.5700E+02  2.7731E-03
  2.5800E+02  2.8134E-03
  2.5900E+02  2.8541E-03
  2.6000E+02  2.8951E-03
  2.6100E+02  2.9364E-03
  2.6200E+02  2.9781E-03
  2.6300E+02  3.0200E-03
  2.6400E+02  3.0657E-03
  2.6500E+02  3.1279E-03
  2.6600E+02  3.2078E-03
  2.6700E+02  3.3054E-03
  2.6800E+02  3.3931E-03
  2.6900E+02  3.4631E-03
  2.7000E+02  3.5318E-03
  2.7100E+02  3.5992E-03
  2.7200E+02  3.6654E-03
  2.7300E+02  3.7304E-03
  2.7400E+02  3.7941E-03
  2.7500E+02  3.8565E-03
  2.7600E+02  3.9176E-03
  2.7700E+02  3.9775E-03
  2.7800E+02  4.0361E-03
  2.7900E+02  4.0935E-03
  2.8000E+02  4.1496E-03
  2.8100E+02  4.2044E-03
  2.8200E+02  4.2645E-03
  2.8300E+02  4.3296E-03
  2.8400E+02  4.3972E-03
  2.8500E+02  4.4675E-03
  2.8600E+02  4.5403E-03
  2.8700E+02  4.6158E-03
  2.8800E+02  4.6938E-03
  2.8900E+02  4.7744E-03
  2.9000E+02  4.8576E-03
  2.9100E+02  4.9434E-03
  2.9200E+02  5.0318E-03
  2.9300E+02  5.1228E-03
  2.9400E+02  5.2164E-03
  2.9500E+02  5.3126E-03
  2.9600E+02  5.4114E-03
  2.9700E+02  5.5128E-03
  2.9800E+02  5.6168E-03
  2.9900E+02  5.7239E-03
  3.0000E+02  5.8342E-03
  3.0100E+02  5.9479E-03
  3.0200E+02  6.0659E-03
  3.0300E+02  6.1881E-03
  3.0400E+02  6.3144E-03
  3.0500E+02  6.4449E-03
  3.0600E+02  6.5799E-03
  3.0700E+02  6.7287E-03
  3.0800E+02  6.9046E-03
  3.0900E+02  7.1463E-03
  3.1000E+02  7.4118E-03
  3.1100E+02  7.6730E-03
  3.1200E+02  7.9299E-03
  3.1300E+02  8.1826E-03
  3.1400E+02  8.4309E-03
  3.1500E+02  8.6749E-03
  3.1600E+02  8.9355E-03
  3.1700E+02  9.2617E-03
  3.1800E+02  9.6116E-03
  3.1900E+02  9.9852E-03
  3.2000E+02  1.0383E-02
  3.2100E+02  1.0803E-02
  3.2200E+02  1.1248E-02
  3.2300E+02  1.1716E-02
  3.2400E+02  1.2209E-02
  3.2500E+02  1.2724E-02
  3.2600E+02  1.3572E-02
  3.2700E+02  1.5088E-02
  3.2800E+02  1.5054E-02
  3.2900E+02  1.4901E-02
  3.3000E+02  1.4803E-02
  3.3100E+02  1.4759E-02
  3.3200E+02  1.4770E-02
  3.3300E+02  1.4836E-02
  3.3400E+02  1.4957E-02
  3.3500E+02  1.5133E-02
  3.3600E+02  1.5414E-02
  3.3700E+02  1.4778E-02
  3.3800E+02  1.4169E-02
  3.3900E+02  1.3730E-02
  3.4000E+02  1.3296E-02
  3.4100E+02  1.2865E-02
  3.4200E+02  1.2438E-02
  3.4300E+02  1.2015E-02
  3.4400E+02  1.1028E-02
  3.4500E+02  9.9185E-03
  3.4600E+02  9.4536E-03
  3.4700E+02  9.0244E-03
  3.4800E+02  8.6143E-03
  3.4900E+02  8.2231E-03
  3.5000E+02  7.8511E-03
  3.5100E+02  7.4981E-03
  3.5200E+02  7.1641E-03
  3.5300E+02  6.8492E-03
  3.5400E+02  6.5968E-03
  3.5500E+02  6.2159E-03
  3.5600E+02  5.8661E-03
  3.5700E+02  5.5087E-03
  3.5800E+02  5.1706E-03
  3.5900E+02  4.8546E-03
  3.6000E+02  4.5607E-03
  3.6100E+02  4.2890E-03
  3.6200E+02  4.0393E-03
  3.6300E+02  3.8386E-03
  3.6400E+02  3.6550E-03
  3.6500E+02  3.4717E-03
  3.6600E+02  3.1890E-03
  3.6700E+02  2.8417E-03
  3.6800E+02  2.4586E-03
  3.6900E+02  2.0397E-03
  3.7000E+02  1.8091E-03
  3.7100E+02  1.7583E-03
  3.7200E+02  1.7068E-03
  3.7300E+02  1.6548E-03
  3.7400E+02  1.6021E-03
  3.7500E+02  1.5488E-03
  3.7600E+02  1.4949E-03
  3.7700E+02  1.4404E-03
  3.7800E+02  1.6880E-03
  3.7900E+02  2.6345E-03
  3.8000E+02  3.4051E-03
  3.8100E+02  4.0000E-03
  3.8200E+02  4.7490E-03
  3.8300E+02  5.1228E-03
  3.8400E+02  5.4677E-03
  3.8500E+02  5.7837E-03
  3.8600E+02  6.0708E-03
  3.8700E+02  6.3290E-03
  3.8800E+02  6.5520E-03
  3.8900E+02  6.7512E-03
  3.9000E+02  7.0445E-03
  3.9100E+02  7.4855E-03
  3.9200E+02  7.8532E-03
  3.9300E+02  8.2100E-03
  3.9400E+02  8.5445E-03
  3.9500E+02  8.8566E-03
  3.9600E+02  9.1462E-03
  3.9700E+02  9.4135E-03
  3.9800E+02  9.6585E-03
  3.9900E+02  9.8810E-03
  4.0000E+02  1.0081E-02
  4.0100E+02  1.0259E-02
  4.0200E+02  1.0416E-02
  4.0300E+02  1.0593E-02
  4.0400E+02  1.0747E-02
  4.0500E+02  1.1196E-02
  4.0600E+02  1.1570E-02
  4.0700E+02  1.1808E-02
  4.0800E+02  1.2088E-02
  4.0900E+02  1.2451E-02
  4.1000E+02  1.2866E-02
  4.1100E+02  1.3326E-02
  4.1200E+02  1.3832E-02
  4.1300E+02  1.4384E-02
  4.1400E+02  1.4982E-02
  4.1500E+02  1.6104E-02
  4.1600E+02  1.6252E-02
  4.1700E+02  1.2980E-02
  4.1800E+02  1.2610E-02
  4.1900E+02  1.2476E-02
  4.2000E+02  1.2577E-02
  4.2100E+02  1.2255E-02
  4.2200E+02  1.2157E-02
  4.2300E+02  1.2054E-02
  4.2400E+02  1.1946E-02
  4.2500E+02  1.1833E-02
  4.2600E+02  1.1714E-02
  4.2700E+02  1.1591E-02
  4.2800E+02  1.1463E-02
  4.2900E+02  1.1329E-02
  4.3000E+02  1.1191E-02
  4.3100E+02  1.1048E-02
  4.3200E+02  1.0899E-02
  4.3300E+02  1.0745E-02
  4.3400E+02  1.0587E-02
  4.3500E+02  1.0423E-02
  4.3600E+02  1.0337E-02
  4.3700E+02  1.0173E-02
  4.3800E+02  9.9147E-03
  4.3900E+02  9.5633E-03
  4.4000E+02  9.3025E-03
  4.4100E+02  9.1469E-03
  4.4200E+02  9.0299E-03
  4.4300E+02  8.9308E-03
  4.4400E+02  8.8875E-03
  4.4500E+02  8.9097E-03
  4.4600E+02  9.0126E-03
  4.4700E+02  8.6733E-03
  4.4800E+02  8.7837E-03
  4.4900E+02  8.6995E-03
  4.5000E+02  8.3782E-03
  4.5100E+02  7.8198E-03
  4.5200E+02  7.5515E-03
  4.5300E+02  7.4446E-03
  4.5400E+02  7.3384E-03
  4.5500E+02  7.2329E-03
  4.5600E+02  7.1280E-03
  4.5700E+02  7.0238E-03
  4.5800E+02  6.9202E-03
  4.5900E+02  6.8173E-03
  4.6000E+02  6.7150E-03
  4.6100E+02  6.6134E-03
  4.6200E+02  6.5125E-03
  4.6300E+02  6.4122E-03
  4.6400E+02  6.3125E-03
  4.6500E+02  6.2135E-03
  4.6600E+02  6.1152E-03
  4.6700E+02  6.0175E-03
  4.6800E+02  5.9205E-03
  4.6900E+02  5.8241E-03
  4.7000E+02  5.7284E-03
  4.7100E+02  5.6333E-03
  4.7200E+02  5.6923E-03
  4.7300E+02  5.8914E-03
  4.7400E+02  1.5234E-02
  4.7500E+02  2.9134E-02
  4.7600E+02  5.7059E-02
  4.7700E+02  6.8563E-02
  4.7800E+02  8.6737E-02
  4.7900E+02  8.3600E-02
  4.8000E+02  7.3719E-02
  4.8100E+02  7.0688E-02
  4.8200E+02  6.6468E-02
  4.8300E+02  6.9363E-02
  4.8400E+02  7.1982E-02
  4.8500E+02  7.3137E-02
  4.8600E+02  7.3398E-02
  4.8700E+02  7.1253E-02
  4.8800E+02  7.0474E-02
  4.8900E+02  7.0904E-02
  4.9000E+02  7.0880E-02
  4.9100E+02  7.2871E-02
  4.9200E+02  7.3971E-02
  4.9300E+02  7.6488E-02
  4.9400E+02  8.4776E-02
  4.9500E+02  8.0504E-02
  4.9600E+02  7.6507E-02
  4.9700E+02  7.2687E-02
  4.9800E+02  6.9379E-02
  4.9900E+02  6.5701E-02
  5.0000E+02  6.5914E-02
  5.0100E+02  4.3807E-02
  5.0200E+02  3.2843E-02
  5.0300E+02  2.5325E-02
  5.0400E+02  2.1455E-02
  5.0500E+02  1.9119E-02
  5.0600E+02  1.7144E-02
  5.0700E+02  1.5545E-02
  5.0800E+02  1.4278E-02
  5.0900E+02  1.3230E-02
  5.1000E+02  1.2614E-02
  5.1100E+02  1.1032E-02
  5.1200E+02  9.1789E-03
  5.1300E+02  8.2026E-03
  5.1400E+02  7.1700E-03
  5.1500E+02  6.0812E-03
  5.1600E+02  4.9362E-03
  5.1700E+02  3.8853E-03
  5.1800E+02  3.7389E-03
  5.1900E+02  3.2166E-03
  5.2000E+02  8.9166E-04
  5.2100E+02  3.9444E-04
  5.2200E+02  9.7225E-05
  5.2300E+02  0.0000E+00
