  0.0000E+00  0.0000E+00
  1.0000E+00  7.9007E-08
  2.0000E+00  3.1603E-07
  3.0000E+00  7.1107E-07
  4.0000E+00  1.2641E-06
  5.0000E+00  1.9752E-06
  6.0000E+00  2.8443E-06
  7.0000E+00  3.8714E-06
  8.0000E+00  5.0566E-06
  9.0000E+00  6.3997E-06
  1.0000E+01  7.9009E-06
  1.1000E+01  9.5601E-06
  1.2000E+01  1.1377E-05
  1.3000E+01  1.3352E-05
  1.4000E+01  1.5486E-05
  1.5000E+01  1.7777E-05
  1.6000E+01  2.0226E-05
  1.7000E+01  2.2834E-05
  1.8000E+01  2.5599E-05
  1.9000E+01  2.8522E-05
  2.0000E+01  3.1604E-05
  2.1000E+01  3.4843E-05
  2.2000E+01  3.8240E-05
  2.3000E+01  4.1796E-05
  2.4000E+01  4.5509E-05
  2.5000E+01  4.9381E-05
  2.6000E+01  5.3410E-05
  2.7000E+01  5.7598E-05
  2.8000E+01  6.1943E-05
  2.9000E+01  6.6447E-05
  3.0000E+01  7.1108E-05
  3.1000E+01  7.5928E-05
  3.2000E+01  8.0905E-05
  3.3000E+01  8.6041E-05
  3.4000E+01  9.1334E-05
  3.5000E+01  9.6786E-05
  3.6000E+01  1.0240E-04
  3.7000E+01  1.0816E-04
  3.8000E+01  1.1409E-04
  3.9000E+01  1.2017E-04
  4.0000E+01  1.2641E-04
  4.1000E+01  1.3281E-04
  4.2000E+01  1.3937E-04
  4.3000E+01  1.4609E-04
  4.4000E+01  1.5296E-04
  4.5000E+01  1.5999E-04
  4.6000E+01  1.6718E-04
  4.7000E+01  1.7453E-04
  4.8000E+01  2.5508E-04
  4.9000E+01  3.5069E-04
  5.0000E+01  4.3605E-04
  5.1000E+01  5.1113E-04
  5.2000E+01  5.7596E-04
  5.3000E+01  6.3053E-04
  5.4000E+01  6.7483E-04
  5.5000E+01  7.0887E-04
  5.6000E+01  7.3265E-04
  5.7000E+01  7.4617E-04
  5.8000E+01  7.4943E-04
  5.9000E+01  7.7554E-04
  6.0000E+01  8.1492E-04
  6.1000E+01  8.5479E-04
  6.2000E+01  8.9513E-04
  6.3000E+01  9.3595E-04
  6.4000E+01  9.7725E-04
  6.5000E+01  1.0190E-03
  6.6000E+01  1.0620E-03
  6.7000E+01  1.1074E-03
  6.8000E+01  1.1553E-03
  6.9000E+01  1.2054E-03
  7.0000E+01  1.2579E-03
  7.1000E+01  1.3128E-03
  7.2000E+01  1.3701E-03
  7.3000E+01  1.4297E-03
  7.4000E+01  1.4918E-03
  7.5000E+01  1.5600E-03
  7.6000E+01  1.6355E-03
  7.7000E+01  1.7182E-03
  7.8000E+01  1.8081E-03
  7.9000E+01  1.9053E-03
  8.0000E+01  2.0098E-03
  8.1000E+01  2.1215E-03
  8.2000E+01  2.2676E-03
  8.3000E+01  2.5169E-03
  8.4000E+01  2.6927E-03
  8.5000E+01  2.7999E-03
  8.6000E+01  3.0069E-03
  8.7000E+01  3.2024E-03
  8.8000E+01  3.2812E-03
  8.9000E+01  3.1690E-03
  9.0000E+01  3.2531E-03
  9.1000E+01  3.4105E-03
  9.2000E+01  3.6037E-03
  9.3000E+01  3.8129E-03
  9.4000E+01  4.0276E-03
  9.5000E+01  4.2478E-03
  9.6000E+01  4.4735E-03
  9.7000E+01  4.7048E-03
  9.8000E+01  4.9415E-03
  9.9000E+01  5.1834E-03
  1.0000E+02  5.4505E-03
  1.0100E+02  5.8064E-03
  1.0200E+02  6.2494E-03
  1.0300E+02  6.7678E-03
  1.0400E+02  7.3587E-03
  1.0500E+02  7.9759E-03
  1.0600E+02  8.6090E-03
  1.0700E+02  9.7225E-03
  1.0800E+02  1.0052E-02
  1.0900E+02  1.0984E-02
  1.1000E+02  1.1657E-02
  1.1100E+02  1.2120E-02
  1.1200E+02  1.3836E-02
  1.1300E+02  1.5592E-02
  1.1400E+02  1.3375E-02
  1.1500E+02  1.3788E-02
  1.1600E+02  1.4200E-02
  1.1700E+02  1.4607E-02
  1.1800E+02  1.5012E-02
  1.1900E+02  1.5425E-02
  1.2000E+02  1.5851E-02
  1.2100E+02  1.6270E-02
  1.2200E+02  1.6845E-02
  1.2300E+02  1.7423E-02
  1.2400E+02  1.7874E-02
  1.2500E+02  1.8449E-02
  1.2600E+02  1.9149E-02
  1.2700E+02  1.9802E-02
  1.2800E+02  2.1990E-02
  1.2900E+02  2.1108E-02
  1.3000E+02  2.3843E-02
  1.3100E+02  2.1825E-02
  1.3200E+02  2.2199E-02
  1.3300E+02  2.2441E-02
  1.3400E+02  2.2823E-02
  1.3500E+02  2.4364E-02
  1.3600E+02  2.8005E-02
  1.3700E+02  2.7964E-02
  1.3800E+02  2.9331E-02
  1.3900E+02  3.0692E-02
  1.4000E+02  3.1840E-02
  1.4100E+02  3.1883E-02
  1.4200E+02  3.1688E-02
  1.4300E+02  3.1363E-02
  1.4400E+02  3.0873E-02
  1.4500E+02  3.0249E-02
  1.4600E+02  2.9600E-02
  1.4700E+02  2.8999E-02
  1.4800E+02  2.8402E-02
  1.4900E+02  2.7807E-02
  1.5000E+02  2.7213E-02
  1.5100E+02  2.6754E-02
  1.5200E+02  2.6112E-02
  1.5300E+02  2.6313E-02
  1.5400E+02  2.3258E-02
  1.5500E+02  2.1628E-02
  1.5600E+02  2.0259E-02
  1.5700E+02  1.9887E-02
  1.5800E+02  1.9609E-02
  1.5900E+02  1.9351E-02
  1.6000E+02  1.9014E-02
  1.6100E+02  1.8686E-02
  1.6200E+02  1.8367E-02
  1.6300E+02  1.8055E-02
  1.6400E+02  1.7800E-02
  1.6500E+02  1.7567E-02
  1.6600E+02  1.7323E-02
  1.6700E+02  1.7085E-02
  1.6800E+02  1.6852E-02
  1.6900E+02  1.6574E-02
  1.7000E+02  1.6342E-02
  1.7100E+02  1.6136E-02
  1.7200E+02  1.5942E-02
  1.7300E+02  1.5766E-02
  1.7400E+02  1.5591E-02
  1.7500E+02  1.5421E-02
  1.7600E+02  1.5260E-02
  1.7700E+02  1.5128E-02
  1.7800E+02  1.5253E-02
  1.7900E+02  1.6309E-02
  1.8000E+02  1.6313E-02
  1.8100E+02  1.5082E-02
  1.8200E+02  1.4647E-02
  1.8300E+02  1.5330E-02
  1.8400E+02  1.4565E-02
  1.8500E+02  1.4368E-02
  1.8600E+02  1.4328E-02
  1.8700E+02  1.4283E-02
  1.8800E+02  1.4234E-02
  1.8900E+02  1.4192E-02
  1.9000E+02  1.4150E-02
  1.9100E+02  1.4581E-02
  1.9200E+02  1.4696E-02
  1.9300E+02  1.4792E-02
  1.9400E+02  1.4872E-02
  1.9500E+02  1.4938E-02
  1.9600E+02  1.4985E-02
  1.9700E+02  1.5013E-02
  1.9800E+02  1.5164E-02
  1.9900E+02  1.5524E-02
  2.0000E+02  1.6011E-02
  2.0100E+02  1.6625E-02
  2.0200E+02  1.7552E-02
  2.0300E+02  1.8376E-02
  2.0400E+02  1.7765E-02
  2.0500E+02  1.6421E-02
  2.0600E+02  1.4345E-02
  2.0700E+02  1.0697E-02
  2.0800E+02  7.8243E-03
  2.0900E+02  5.5561E-03
  2.1000E+02  3.8921E-03
  2.1100E+02  2.8828E-03
  2.1200E+02  2.1822E-03
  2.1300E+02  1.7227E-03
  2.1400E+02  1.4994E-03
  2.1500E+02  1.4911E-03
  2.1600E+02  1.5197E-03
  2.1700E+02  1.5485E-03
  2.1800E+02  1.5776E-03
  2.1900E+02  1.6069E-03
  2.2000E+02  1.6364E-03
  2.2100E+02  1.6653E-03
  2.2200E+02  1.6935E-03
  2.2300E+02  1.7209E-03
  2.2400E+02  1.7476E-03
  2.2500E+02  1.7736E-03
  2.2600E+02  1.7989E-03
  2.2700E+02  1.8235E-03
  2.2800E+02  1.8473E-03
  2.2900E+02  1.8705E-03
  2.3000E+02  1.8929E-03
  2.3100E+02  1.9146E-03
  2.3200E+02  1.9369E-03
  2.3300E+02  1.9620E-03
  2.3400E+02  1.9878E-03
  2.3500E+02  2.0143E-03
  2.3600E+02  2.0418E-03
  2.3700E+02  2.0701E-03
  2.3800E+02  2.0994E-03
  2.3900E+02  2.1296E-03
  2.4000E+02  2.1607E-03
  2.4100E+02  2.1927E-03
  2.4200E+02  2.2256E-03
  2.4300E+02  2.2594E-03
  2.4400E+02  2.2941E-03
  2.4500E+02  2.3297E-03
  2.4600E+02  2.3662E-03
  2.4700E+02  2.4032E-03
  2.4800E+02  2.4410E-03
  2.4900E+02  2.4794E-03
  2.5000E+02  2.5185E-03
  2.5100E+02  2.5582E-03
  2.5200E+02  2.5991E-03
  2.5300E+02  2.6420E-03
  2.5400E+02  2.6870E-03
  2.5500E+02  2.7342E-03
  2.5600E+02  2.7842E-03
  2.5700E+02  2.8376E-03
  2.5800E+02  2.8945E-03
  2.5900E+02  2.9548E-03
  2.6000E+02  3.0125E-03
  2.6100E+02  3.0631E-03
  2.6200E+02  3.1080E-03
  2.6300E+02  3.1474E-03
  2.6400E+02  3.1812E-03
  2.6500E+02  3.2216E-03
  2.6600E+02  3.2758E-03
  2.6700E+02  3.3300E-03
  2.6800E+02  3.3844E-03
  2.6900E+02  3.4389E-03
  2.7000E+02  3.4935E-03
  2.7100E+02  3.5482E-03
  2.7200E+02  3.6026E-03
  2.7300E+02  3.6575E-03
  2.7400E+02  3.7135E-03
  2.7500E+02  3.7708E-03
  2.7600E+02  3.8292E-03
  2.7700E+02  3.8904E-03
  2.7800E+02  3.9599E-03
  2.7900E+02  4.0310E-03
  2.8000E+02  4.1021E-03
  2.8100E+02  4.1734E-03
  2.8200E+02  4.2446E-03
  2.8300E+02  4.3268E-03
  2.8400E+02  4.4140E-03
  2.8500E+02  4.5056E-03
  2.8600E+02  4.6017E-03
  2.8700E+02  4.7022E-03
  2.8800E+02  4.8072E-03
  2.8900E+02  4.9142E-03
  2.9000E+02  5.0126E-03
  2.9100E+02  5.1010E-03
  2.9200E+02  5.1795E-03
  2.9300E+02  5.2482E-03
  2.9400E+02  5.3085E-03
  2.9500E+02  5.3796E-03
  2.9600E+02  5.4671E-03
  2.9700E+02  5.5710E-03
  2.9800E+02  5.6768E-03
  2.9900E+02  5.7857E-03
  3.0000E+02  5.8978E-03
  3.0100E+02  6.0132E-03
  3.0200E+02  6.1319E-03
  3.0300E+02  6.2538E-03
  3.0400E+02  6.3786E-03
  3.0500E+02  6.5062E-03
  3.0600E+02  6.6374E-03
  3.0700E+02  6.7723E-03
  3.0800E+02  6.9049E-03
  3.0900E+02  7.0390E-03
  3.1000E+02  7.1870E-03
  3.1100E+02  7.3512E-03
  3.1200E+02  7.5331E-03
  3.1300E+02  7.7326E-03
  3.1400E+02  7.9498E-03
  3.1500E+02  8.1846E-03
  3.1600E+02  8.4314E-03
  3.1700E+02  8.6864E-03
  3.1800E+02  8.9503E-03
  3.1900E+02  9.2231E-03
  3.2000E+02  9.5049E-03
  3.2100E+02  9.8200E-03
  3.2200E+02  1.0201E-02
  3.2300E+02  1.0639E-02
  3.2400E+02  1.1136E-02
  3.2500E+02  1.1786E-02
  3.2600E+02  1.2832E-02
  3.2700E+02  1.3559E-02
  3.2800E+02  1.4213E-02
  3.2900E+02  1.4794E-02
  3.3000E+02  1.5301E-02
  3.3100E+02  1.5735E-02
  3.3200E+02  1.5647E-02
  3.3300E+02  1.5703E-02
  3.3400E+02  1.5672E-02
  3.3500E+02  1.5533E-02
  3.3600E+02  1.5229E-02
  3.3700E+02  1.4755E-02
  3.3800E+02  1.4466E-02
  3.3900E+02  1.4599E-02
  3.4000E+02  1.2845E-02
  3.4100E+02  1.2022E-02
  3.4200E+02  1.1276E-02
  3.4300E+02  1.0607E-02
  3.4400E+02  1.0016E-02
  3.4500E+02  9.5027E-03
  3.4600E+02  9.0716E-03
  3.4700E+02  8.7021E-03
  3.4800E+02  8.3715E-03
  3.4900E+02  8.0636E-03
  3.5000E+02  7.9014E-03
  3.5100E+02  7.7585E-03
  3.5200E+02  7.3642E-03
  3.5300E+02  6.9767E-03
  3.5400E+02  6.5959E-03
  3.5500E+02  6.2218E-03
  3.5600E+02  5.8546E-03
  3.5700E+02  5.4940E-03
  3.5800E+02  5.1347E-03
  3.5900E+02  4.7734E-03
  3.6000E+02  4.5414E-03
  3.6100E+02  4.3273E-03
  3.6200E+02  4.1317E-03
  3.6300E+02  3.9546E-03
  3.6400E+02  3.7961E-03
  3.6500E+02  3.6163E-03
  3.6600E+02  3.2914E-03
  3.6700E+02  3.1358E-03
  3.6800E+02  2.9397E-03
  3.6900E+02  2.7772E-03
  3.7000E+02  2.6486E-03
  3.7100E+02  2.5537E-03
  3.7200E+02  2.4933E-03
  3.7300E+02  2.4673E-03
  3.7400E+02  2.4764E-03
  3.7500E+02  2.5536E-03
  3.7600E+02  2.7176E-03
  3.7700E+02  2.9664E-03
  3.7800E+02  3.2986E-03
  3.7900E+02  3.7142E-03
  3.8000E+02  4.3093E-03
  3.8100E+02  5.2078E-03
  3.8200E+02  5.7327E-03
  3.8300E+02  5.7695E-03
  3.8400E+02  5.7308E-03
  3.8500E+02  6.0804E-03
  3.8600E+02  6.4231E-03
  3.8700E+02  6.7591E-03
  3.8800E+02  7.1028E-03
  3.8900E+02  7.4601E-03
  3.9000E+02  8.0149E-03
  3.9100E+02  8.6448E-03
  3.9200E+02  9.0445E-03
  3.9300E+02  9.2622E-03
  3.9400E+02  9.4819E-03
  3.9500E+02  9.6954E-03
  3.9600E+02  9.8485E-03
  3.9700E+02  9.9998E-03
  3.9800E+02  1.0149E-02
  3.9900E+02  1.0297E-02
  4.0000E+02  1.0443E-02
  4.0100E+02  1.0593E-02
  4.0200E+02  1.0873E-02
  4.0300E+02  1.1226E-02
  4.0400E+02  1.1653E-02
  4.0500E+02  1.1429E-02
  4.0600E+02  1.1748E-02
  4.0700E+02  1.2271E-02
  4.0800E+02  1.2816E-02
  4.0900E+02  1.1662E-02
  4.1000E+02  1.1472E-02
  4.1100E+02  1.1463E-02
  4.1200E+02  1.1483E-02
  4.1300E+02  1.1531E-02
  4.1400E+02  1.1609E-02
  4.1500E+02  1.1733E-02
  4.1600E+02  1.1883E-02
  4.1700E+02  1.1963E-02
  4.1800E+02  1.2027E-02
  4.1900E+02  1.2075E-02
  4.2000E+02  1.2105E-02
  4.2100E+02  1.2120E-02
  4.2200E+02  1.2118E-02
  4.2300E+02  1.2099E-02
  4.2400E+02  1.2236E-02
  4.2500E+02  1.2824E-02
  4.2600E+02  1.2931E-02
  4.2700E+02  1.2827E-02
  4.2800E+02  1.2585E-02
  4.2900E+02  1.2192E-02
  4.3000E+02  1.1084E-02
  4.3100E+02  1.0348E-02
  4.3200E+02  1.0174E-02
  4.3300E+02  1.0010E-02
  4.3400E+02  9.8463E-03
  4.3500E+02  9.6335E-03
  4.3600E+02  9.3989E-03
  4.3700E+02  9.2435E-03
  4.3800E+02  9.0912E-03
  4.3900E+02  8.9419E-03
  4.4000E+02  8.7957E-03
  4.4100E+02  8.6525E-03
  4.4200E+02  8.5124E-03
  4.4300E+02  8.3754E-03
  4.4400E+02  8.2414E-03
  4.4500E+02  8.1123E-03
  4.4600E+02  7.9931E-03
  4.4700E+02  7.8839E-03
  4.4800E+02  7.7848E-03
  4.4900E+02  7.7115E-03
  4.5000E+02  7.6590E-03
  4.5100E+02  7.6209E-03
  4.5200E+02  7.5984E-03
  4.5300E+02  7.6029E-03
  4.5400E+02  7.6703E-03
  4.5500E+02  7.5739E-03
  4.5600E+02  7.5450E-03
  4.5700E+02  7.6044E-03
  4.5800E+02  7.6563E-03
  4.5900E+02  7.4414E-03
  4.6000E+02  6.9995E-03
  4.6100E+02  6.8913E-03
  4.6200E+02  6.7837E-03
  4.6300E+02  6.6765E-03
  4.6400E+02  6.5698E-03
  4.6500E+02  6.4636E-03
  4.6600E+02  6.3579E-03
  4.6700E+02  6.2527E-03
  4.6800E+02  6.1480E-03
  4.6900E+02  6.0438E-03
  4.7000E+02  5.9400E-03
  4.7100E+02  5.8368E-03
  4.7200E+02  5.7421E-03
  4.7300E+02  6.1712E-03
  4.7400E+02  1.5420E-02
  4.7500E+02  3.9152E-02
  4.7600E+02  5.9954E-02
  4.7700E+02  6.7742E-02
  4.7800E+02  9.2639E-02
  4.7900E+02  7.9753E-02
  4.8000E+02  7.1425E-02
  4.8100E+02  6.6686E-02
  4.8200E+02  6.8983E-02
  4.8300E+02  7.0560E-02
  4.8400E+02  7.1259E-02
  4.8500E+02  7.2297E-02
  4.8600E+02  6.8537E-02
  4.8700E+02  6.7855E-02
  4.8800E+02  6.7958E-02
  4.8900E+02  6.8044E-02
  4.9000E+02  6.9208E-02
  4.9100E+02  6.9870E-02
  4.9200E+02  7.0480E-02
  4.9300E+02  7.1748E-02
  4.9400E+02  7.3926E-02
  4.9500E+02  7.5456E-02
  4.9600E+02  8.4353E-02
  4.9700E+02  8.4357E-02
  4.9800E+02  7.8066E-02
  4.9900E+02  7.2169E-02
  5.0000E+02  6.5854E-02
  5.0100E+02  4.2388E-02
  5.0200E+02  3.3922E-02
  5.0300E+02  2.5368E-02
  5.0400E+02  2.2297E-02
  5.0500E+02  2.0086E-02
  5.0600E+02  1.8506E-02
  5.0700E+02  1.7297E-02
  5.0800E+02  1.6136E-02
  5.0900E+02  1.3276E-02
  5.1000E+02  1.1415E-02
  5.1100E+02  1.0130E-02
  5.1200E+02  9.1014E-03
  5.1300E+02  8.2105E-03
  5.1400E+02  7.4341E-03
  5.1500E+02  8.0422E-03
  5.1600E+02  5.9932E-03
  5.1700E+02  4.9904E-03
  5.1800E+02  3.8571E-03
  5.1900E+02  2.7061E-03
  5.2000E+02  2.5899E-03
  5.2100E+02  6.7760E-04
  5.2200E+02  1.6702E-04
  5.2300E+02  0.0000E+00
