  0.0000E+00  0.0000E+00
  1.0000E+00  8.9954E-08
  2.0000E+00  3.5982E-07
  3.0000E+00  8.0960E-07
  4.0000E+00  1.4393E-06
  5.0000E+00  2.2489E-06
  6.0000E+00  3.2384E-06
  7.0000E+00  4.4079E-06
  8.0000E+00  5.7572E-06
  9.0000E+00  7.2865E-06
  1.0000E+01  8.9957E-06
  1.1000E+01  1.0885E-05
  1.2000E+01  1.2954E-05
  1.3000E+01  1.5203E-05
  1.4000E+01  1.7632E-05
  1.5000E+01  2.0240E-05
  1.6000E+01  2.3029E-05
  1.7000E+01  2.5998E-05
  1.8000E+01  2.9146E-05
  1.9000E+01  3.2474E-05
  2.0000E+01  3.5983E-05
  2.1000E+01  3.9671E-05
  2.2000E+01  4.3539E-05
  2.3000E+01  4.7587E-05
  2.4000E+01  5.1815E-05
  2.5000E+01  5.6223E-05
  2.6000E+01  6.0811E-05
  2.7000E+01  6.5579E-05
  2.8000E+01  7.0526E-05
  2.9000E+01  7.5654E-05
  3.0000E+01  8.0961E-05
  3.1000E+01  8.6449E-05
  3.2000E+01  9.2116E-05
  3.3000E+01  9.7963E-05
  3.4000E+01  1.0399E-04
  3.5000E+01  1.1020E-04
  3.6000E+01  1.1658E-04
  3.7000E+01  1.2315E-04
  3.8000E+01  1.2990E-04
  3.9000E+01  1.3682E-04
  4.0000E+01  1.4393E-04
  4.1000E+01  1.5122E-04
  4.2000E+01  1.5868E-04
  4.3000E+01  1.6633E-04
  4.4000E+01  1.7416E-04
  4.5000E+01  2.4599E-04
  4.6000E+01  3.1894E-04
  4.7000E+01  3.8592E-04
  4.8000E+01  4.4692E-04
  4.9000E+01  5.0194E-04
  5.0000E+01  5.5099E-04
  5.1000E+01  5.9406E-04
  5.2000E+01  6.3115E-04
  5.3000E+01  6.6227E-04
  5.4000E+01  6.8741E-04
  5.5000E+01  7.0657E-04
  5.6000E+01  7.1976E-04
  5.7000E+01  7.3090E-04
  5.8000E+01  7.6545E-04
  5.9000E+01  8.0064E-04
  6.0000E+01  8.3647E-04
  6.1000E+01  8.7295E-04
  6.2000E+01  9.1007E-04
  6.3000E+01  9.4784E-04
  6.4000E+01  9.8625E-04
  6.5000E+01  1.0261E-03
  6.6000E+01  1.0700E-03
  6.7000E+01  1.1163E-03
  6.8000E+01  1.1651E-03
  6.9000E+01  1.2164E-03
  7.0000E+01  1.2701E-03
  7.1000E+01  1.3263E-03
  7.2000E+01  1.3849E-03
  7.3000E+01  1.4459E-03
  7.4000E+01  1.5095E-03
  7.5000E+01  1.5761E-03
  7.6000E+01  1.6536E-03
  7.7000E+01  1.7439E-03
  7.8000E+01  1.8471E-03
  7.9000E+01  1.9632E-03
  8.0000E+01  2.0922E-03
  8.1000E+01  2.3438E-03
  8.2000E+01  2.5877E-03
  8.3000E+01  2.7257E-03
  8.4000E+01  2.8416E-03
  8.5000E+01  3.0274E-03
  8.6000E+01  3.1771E-03
  8.7000E+01  3.1715E-03
  8.8000E+01  3.1383E-03
  8.9000E+01  3.2542E-03
  9.0000E+01  3.4015E-03
  9.1000E+01  3.5809E-03
  9.2000E+01  3.7816E-03
  9.3000E+01  3.9882E-03
  9.4000E+01  4.2005E-03
  9.5000E+01  4.4184E-03
  9.6000E+01  4.6420E-03
  9.7000E+01  4.8712E-03
  9.8000E+01  5.1060E-03
  9.9000E+01  5.3430E-03
  1.0000E+02  5.6117E-03
  1.0100E+02  5.9848E-03
  1.0200E+02  6.5563E-03
  1.0300E+02  7.2450E-03
  1.0400E+02  7.9439E-03
  1.0500E+02  8.8608E-03
  1.0600E+02  9.7238E-03
  1.0700E+02  1.0128E-02
  1.0800E+02  1.1105E-02
  1.0900E+02  1.1624E-02
  1.1000E+02  1.2278E-02
  1.1100E+02  1.3821E-02
  1.1200E+02  1.7775E-02
  1.1300E+02  1.3002E-02
  1.1400E+02  1.3390E-02
  1.1500E+02  1.3781E-02
  1.1600E+02  1.4172E-02
  1.1700E+02  1.4560E-02
  1.1800E+02  1.4939E-02
  1.1900E+02  1.5330E-02
  1.2000E+02  1.5829E-02
  1.2100E+02  1.6451E-02
  1.2200E+02  1.6887E-02
  1.2300E+02  1.7226E-02
  1.2400E+02  1.7667E-02
  1.2500E+02  1.8514E-02
  1.2600E+02  1.9270E-02
  1.2700E+02  2.0622E-02
  1.2800E+02  2.4419E-02
  1.2900E+02  1.9911E-02
  1.3000E+02  2.1006E-02
  1.3100E+02  2.1856E-02
  1.3200E+02  2.2131E-02
  1.3300E+02  2.2472E-02
  1.3400E+02  2.2960E-02
  1.3500E+02  2.5530E-02
  1.3600E+02  2.7925E-02
  1.3700E+02  2.8343E-02
  1.3800E+02  3.0118E-02
  1.3900E+02  3.1629E-02
  1.4000E+02  3.2441E-02
  1.4100E+02  3.2350E-02
  1.4200E+02  3.2024E-02
  1.4300E+02  3.1554E-02
  1.4400E+02  3.0905E-02
  1.4500E+02  3.0259E-02
  1.4600E+02  2.9475E-02
  1.4700E+02  2.8807E-02
  1.4800E+02  2.8146E-02
  1.4900E+02  2.7491E-02
  1.5000E+02  2.7092E-02
  1.5100E+02  2.6255E-02
  1.5200E+02  2.6290E-02
  1.5300E+02  2.3013E-02
  1.5400E+02  2.0925E-02
  1.5500E+02  1.9681E-02
  1.5600E+02  1.9359E-02
  1.5700E+02  1.9066E-02
  1.5800E+02  1.8805E-02
  1.5900E+02  1.8661E-02
  1.6000E+02  1.8386E-02
  1.6100E+02  1.8107E-02
  1.6200E+02  1.7834E-02
  1.6300E+02  1.7566E-02
  1.6400E+02  1.7326E-02
  1.6500E+02  1.7141E-02
  1.6600E+02  1.6942E-02
  1.6700E+02  1.6721E-02
  1.6800E+02  1.6535E-02
  1.6900E+02  1.6306E-02
  1.7000E+02  1.6090E-02
  1.7100E+02  1.5905E-02
  1.7200E+02  1.5736E-02
  1.7300E+02  1.5581E-02
  1.7400E+02  1.5437E-02
  1.7500E+02  1.5297E-02
  1.7600E+02  1.5163E-02
  1.7700E+02  1.5053E-02
  1.7800E+02  1.4978E-02
  1.7900E+02  1.5949E-02
  1.8000E+02  1.6209E-02
  1.8100E+02  1.5465E-02
  1.8200E+02  1.4941E-02
  1.8300E+02  1.5018E-02
  1.8400E+02  1.5202E-02
  1.8500E+02  1.4687E-02
  1.8600E+02  1.4636E-02
  1.8700E+02  1.4580E-02
  1.8800E+02  1.4517E-02
  1.8900E+02  1.4463E-02
  1.9000E+02  1.4408E-02
  1.9100E+02  1.4843E-02
  1.9200E+02  1.4949E-02
  1.9300E+02  1.5038E-02
  1.9400E+02  1.5111E-02
  1.9500E+02  1.5167E-02
  1.9600E+02  1.5203E-02
  1.9700E+02  1.5218E-02
  1.9800E+02  1.5436E-02
  1.9900E+02  1.5794E-02
  2.0000E+02  1.6273E-02
  2.0100E+02  1.6874E-02
  2.0200E+02  1.7993E-02
  2.0300E+02  1.8202E-02
  2.0400E+02  1.7687E-02
  2.0500E+02  1.6304E-02
  2.0600E+02  1.3413E-02
  2.0700E+02  9.9798E-03
  2.0800E+02  7.2564E-03
  2.0900E+02  5.1335E-03
  2.1000E+02  3.6113E-03
  2.1100E+02  2.7379E-03
  2.1200E+02  2.1019E-03
  2.1300E+02  1.6849E-03
  2.1400E+02  1.4797E-03
  2.1500E+02  1.4705E-03
  2.1600E+02  1.4979E-03
  2.1700E+02  1.5257E-03
  2.1800E+02  1.5538E-03
  2.1900E+02  1.5822E-03
  2.2000E+02  1.6108E-03
  2.2100E+02  1.6393E-03
  2.2200E+02  1.6672E-03
  2.2300E+02  1.6946E-03
  2.2400E+02  1.7214E-03
  2.2500E+02  1.7476E-03
  2.2600E+02  1.7734E-03
  2.2700E+02  1.7985E-03
  2.2800E+02  1.8232E-03
  2.2900E+02  1.8473E-03
  2.3000E+02  1.8708E-03
  2.3100E+02  1.8938E-03
  2.3200E+02  1.9162E-03
  2.3300E+02  1.9394E-03
  2.3400E+02  1.9658E-03
  2.3500E+02  1.9928E-03
  2.3600E+02  2.0208E-03
  2.3700E+02  2.0497E-03
  2.3800E+02  2.0795E-03
  2.3900E+02  2.1103E-03
  2.4000E+02  2.1420E-03
  2.4100E+02  2.1747E-03
  2.4200E+02  2.2083E-03
  2.4300E+02  2.2428E-03
  2.4400E+02  2.2783E-03
  2.4500E+02  2.3147E-03
  2.4600E+02  2.3521E-03
  2.4700E+02  2.3900E-03
  2.4800E+02  2.4286E-03
  2.4900E+02  2.4678E-03
  2.5000E+02  2.5077E-03
  2.5100E+02  2.5482E-03
  2.5200E+02  2.5894E-03
  2.5300E+02  2.6321E-03
  2.5400E+02  2.6770E-03
  2.5500E+02  2.7240E-03
  2.5600E+02  2.7735E-03
  2.5700E+02  2.8264E-03
  2.5800E+02  2.8826E-03
  2.5900E+02  2.9422E-03
  2.6000E+02  2.9985E-03
  2.6100E+02  3.0482E-03
  2.6200E+02  3.0934E-03
  2.6300E+02  3.1339E-03
  2.6400E+02  3.1698E-03
  2.6500E+02  3.2012E-03
  2.6600E+02  3.2525E-03
  2.6700E+02  3.3057E-03
  2.6800E+02  3.3590E-03
  2.6900E+02  3.4125E-03
  2.7000E+02  3.4662E-03
  2.7100E+02  3.5200E-03
  2.7200E+02  3.5739E-03
  2.7300E+02  3.6274E-03
  2.7400E+02  3.6820E-03
  2.7500E+02  3.7378E-03
  2.7600E+02  3.7949E-03
  2.7700E+02  3.8531E-03
  2.7800E+02  3.9193E-03
  2.7900E+02  3.9891E-03
  2.8000E+02  4.0598E-03
  2.8100E+02  4.1311E-03
  2.8200E+02  4.2030E-03
  2.8300E+02  4.2778E-03
  2.8400E+02  4.3618E-03
  2.8500E+02  4.4504E-03
  2.8600E+02  4.5437E-03
  2.8700E+02  4.6417E-03
  2.8800E+02  4.7444E-03
  2.8900E+02  4.8515E-03
  2.9000E+02  4.9547E-03
  2.9100E+02  5.0490E-03
  2.9200E+02  5.1345E-03
  2.9300E+02  5.2110E-03
  2.9400E+02  5.2787E-03
  2.9500E+02  5.3441E-03
  2.9600E+02  5.4234E-03
  2.9700E+02  5.5173E-03
  2.9800E+02  5.6224E-03
  2.9900E+02  5.7313E-03
  3.0000E+02  5.8433E-03
  3.0100E+02  5.9586E-03
  3.0200E+02  6.0771E-03
  3.0300E+02  6.1988E-03
  3.0400E+02  6.3236E-03
  3.0500E+02  6.4513E-03
  3.0600E+02  6.5822E-03
  3.0700E+02  6.7170E-03
  3.0800E+02  6.8556E-03
  3.0900E+02  6.9886E-03
  3.1000E+02  7.1329E-03
  3.1100E+02  7.2947E-03
  3.1200E+02  7.4741E-03
  3.1300E+02  7.6710E-03
  3.1400E+02  7.8855E-03
  3.1500E+02  8.1174E-03
  3.1600E+02  8.3669E-03
  3.1700E+02  8.6254E-03
  3.1800E+02  8.8923E-03
  3.1900E+02  9.1675E-03
  3.2000E+02  9.4511E-03
  3.2100E+02  9.7534E-03
  3.2200E+02  1.0117E-02
  3.2300E+02  1.0530E-02
  3.2400E+02  1.0993E-02
  3.2500E+02  1.1556E-02
  3.2600E+02  1.2446E-02
  3.2700E+02  1.3367E-02
  3.2800E+02  1.4066E-02
  3.2900E+02  1.4685E-02
  3.3000E+02  1.5222E-02
  3.3100E+02  1.5678E-02
  3.3200E+02  1.5653E-02
  3.3300E+02  1.5690E-02
  3.3400E+02  1.5685E-02
  3.3500E+02  1.5583E-02
  3.3600E+02  1.5333E-02
  3.3700E+02  1.4927E-02
  3.3800E+02  1.4362E-02
  3.3900E+02  1.4983E-02
  3.4000E+02  1.3206E-02
  3.4100E+02  1.2347E-02
  3.4200E+02  1.1563E-02
  3.4300E+02  1.0856E-02
  3.4400E+02  1.0226E-02
  3.4500E+02  9.6720E-03
  3.4600E+02  9.1959E-03
  3.4700E+02  8.7999E-03
  3.4800E+02  8.4476E-03
  3.4900E+02  8.1272E-03
  3.5000E+02  7.8851E-03
  3.5100E+02  7.8165E-03
  3.5200E+02  7.4894E-03
  3.5300E+02  7.1112E-03
  3.5400E+02  6.7399E-03
  3.5500E+02  6.3754E-03
  3.5600E+02  6.0178E-03
  3.5700E+02  5.6670E-03
  3.5800E+02  5.3229E-03
  3.5900E+02  4.9461E-03
  3.6000E+02  4.6553E-03
  3.6100E+02  4.4358E-03
  3.6200E+02  4.2326E-03
  3.6300E+02  4.0454E-03
  3.6400E+02  3.8743E-03
  3.6500E+02  3.7193E-03
  3.6600E+02  3.4230E-03
  3.6700E+02  3.1865E-03
  3.6800E+02  2.9812E-03
  3.6900E+02  2.8099E-03
  3.7000E+02  2.6725E-03
  3.7100E+02  2.5692E-03
  3.7200E+02  2.5006E-03
  3.7300E+02  2.4666E-03
  3.7400E+02  2.4674E-03
  3.7500E+02  2.5221E-03
  3.7600E+02  2.6650E-03
  3.7700E+02  2.8946E-03
  3.7800E+02  3.2096E-03
  3.7900E+02  3.6098E-03
  3.8000E+02  4.1306E-03
  3.8100E+02  4.9894E-03
  3.8200E+02  5.5780E-03
  3.8300E+02  5.8099E-03
  3.8400E+02  5.6852E-03
  3.8500E+02  6.0218E-03
  3.8600E+02  6.3702E-03
  3.8700E+02  6.7137E-03
  3.8800E+02  7.0629E-03
  3.8900E+02  7.4178E-03
  3.9000E+02  7.9521E-03
  3.9100E+02  8.5995E-03
  3.9200E+02  8.9954E-03
  3.9300E+02  9.2523E-03
  3.9400E+02  9.4328E-03
  3.9500E+02  9.6707E-03
  3.9600E+02  9.8280E-03
  3.9700E+02  9.9837E-03
  3.9800E+02  1.0138E-02
  3.9900E+02  1.0290E-02
  4.0000E+02  1.0440E-02
  4.0100E+02  1.0589E-02
  4.0200E+02  1.0774E-02
  4.0300E+02  1.1155E-02
  4.0400E+02  1.1678E-02
  4.0500E+02  1.1382E-02
  4.0600E+02  1.1647E-02
  4.0700E+02  1.2202E-02
  4.0800E+02  1.2841E-02
  4.0900E+02  1.2058E-02
  4.1000E+02  1.1560E-02
  4.1100E+02  1.1542E-02
  4.1200E+02  1.1555E-02
  4.1300E+02  1.1598E-02
  4.1400E+02  1.1674E-02
  4.1500E+02  1.1795E-02
  4.1600E+02  1.1954E-02
  4.1700E+02  1.2039E-02
  4.1800E+02  1.2106E-02
  4.1900E+02  1.2157E-02
  4.2000E+02  1.2190E-02
  4.2100E+02  1.2207E-02
  4.2200E+02  1.2206E-02
  4.2300E+02  1.2189E-02
  4.2400E+02  1.2324E-02
  4.2500E+02  1.2953E-02
  4.2600E+02  1.2969E-02
  4.2700E+02  1.2865E-02
  4.2800E+02  1.2627E-02
  4.2900E+02  1.2253E-02
  4.3000E+02  1.1363E-02
  4.3100E+02  1.0431E-02
  4.3200E+02  1.0245E-02
  4.3300E+02  1.0066E-02
  4.3400E+02  9.8871E-03
  4.3500E+02  9.6809E-03
  4.3600E+02  9.4555E-03
  4.3700E+02  9.2767E-03
  4.3800E+02  9.1201E-03
  4.3900E+02  8.9668E-03
  4.4000E+02  8.8167E-03
  4.4100E+02  8.6699E-03
  4.4200E+02  8.5264E-03
  4.4300E+02  8.3861E-03
  4.4400E+02  8.2491E-03
  4.4500E+02  8.1191E-03
  4.4600E+02  7.9989E-03
  4.4700E+02  7.8886E-03
  4.4800E+02  7.7874E-03
  4.4900E+02  7.7160E-03
  4.5000E+02  7.6574E-03
  4.5100E+02  7.6111E-03
  4.5200E+02  7.5781E-03
  4.5300E+02  7.5719E-03
  4.5400E+02  7.6198E-03
  4.5500E+02  7.5661E-03
  4.5600E+02  7.5481E-03
  4.5700E+02  7.5944E-03
  4.5800E+02  7.6280E-03
  4.5900E+02  7.4597E-03
  4.6000E+02  7.0995E-03
  4.6100E+02  6.9152E-03
  4.6200E+02  6.8051E-03
  4.6300E+02  6.6956E-03
  4.6400E+02  6.5865E-03
  4.6500E+02  6.4780E-03
  4.6600E+02  6.3699E-03
  4.6700E+02  6.2624E-03
  4.6800E+02  6.1554E-03
  4.6900E+02  6.0489E-03
  4.7000E+02  5.9429E-03
  4.7100E+02  5.8374E-03
  4.7200E+02  5.7545E-03
  4.7300E+02  5.7864E-03
  4.7400E+02  1.6961E-02
  4.7500E+02  3.5313E-02
  4.7600E+02  5.8043E-02
  4.7700E+02  6.6421E-02
  4.7800E+02  9.9091E-02
  4.7900E+02  8.3027E-02
  4.8000E+02  7.2743E-02
  4.8100E+02  6.8228E-02
  4.8200E+02  7.0604E-02
  4.8300E+02  7.1016E-02
  4.8400E+02  7.0916E-02
  4.8500E+02  7.1195E-02
  4.8600E+02  6.9021E-02
  4.8700E+02  6.7908E-02
  4.8800E+02  6.7236E-02
  4.8900E+02  6.7732E-02
  4.9000E+02  6.8472E-02
  4.9100E+02  6.9048E-02
  4.9200E+02  6.8714E-02
  4.9300E+02  7.0109E-02
  4.9400E+02  7.2635E-02
  4.9500E+02  7.4091E-02
  4.9600E+02  7.5243E-02
  4.9700E+02  8.5786E-02
  4.9800E+02  7.8082E-02
  4.9900E+02  7.1875E-02
  5.0000E+02  7.5174E-02
  5.0100E+02  4.3665E-02
  5.0200E+02  3.3460E-02
  5.0300E+02  2.5206E-02
  5.0400E+02  2.2046E-02
  5.0500E+02  1.9900E-02
  5.0600E+02  1.8327E-02
  5.0700E+02  1.6991E-02
  5.0800E+02  1.5974E-02
  5.0900E+02  1.3624E-02
  5.1000E+02  1.2046E-02
  5.1100E+02  1.0575E-02
  5.1200E+02  9.4081E-03
  5.1300E+02  8.4515E-03
  5.1400E+02  7.6231E-03
  5.1500E+02  7.7233E-03
  5.1600E+02  5.8621E-03
  5.1700E+02  5.1750E-03
  5.1800E+02  4.1845E-03
  5.1900E+02  2.8906E-03
  5.2000E+02  2.0855E-03
  5.2100E+02  1.8559E-03
  5.2200E+02  2.2678E-04
  5.2300E+02  0.0000E+00
