 -3.0064E-05  0.0000E+00
  9.9997E-01  9.2975E-08
  2.0000E+00  3.7190E-07
  3.0000E+00  8.3677E-07
  4.0000E+00  1.4876E-06
  5.0000E+00  2.3244E-06
  6.0000E+00  3.3471E-06
  7.0000E+00  4.5558E-06
  8.0000E+00  5.9504E-06
  9.0000E+00  7.5309E-06
  1.0000E+01  9.2975E-06
  1.1000E+01  1.1250E-05
  1.2000E+01  1.3388E-05
  1.3000E+01  1.5713E-05
  1.4000E+01  1.8223E-05
  1.5000E+01  2.0919E-05
  1.6000E+01  2.3802E-05
  1.7000E+01  2.6870E-05
  1.8000E+01  3.0124E-05
  1.9000E+01  3.3564E-05
  2.0000E+01  3.7190E-05
  2.1000E+01  4.1002E-05
  2.2000E+01  4.5000E-05
  2.3000E+01  4.9184E-05
  2.4000E+01  5.3553E-05
  2.5000E+01  5.8109E-05
  2.6000E+01  6.2851E-05
  2.7000E+01  6.7779E-05
  2.8000E+01  7.2892E-05
  2.9000E+01  7.8192E-05
  3.0000E+01  8.3677E-05
  3.1000E+01  8.9349E-05
  3.2000E+01  9.5206E-05
  3.3000E+01  1.0125E-04
  3.4000E+01  1.0748E-04
  3.5000E+01  1.1389E-04
  3.6000E+01  1.2050E-04
  3.7000E+01  1.2728E-04
  3.8000E+01  1.3426E-04
  3.9000E+01  1.4141E-04
  4.0000E+01  1.4876E-04
  4.1000E+01  1.5629E-04
  4.2000E+01  1.6401E-04
  4.3000E+01  1.7191E-04
  4.4000E+01  1.8000E-04
  4.5000E+01  1.8827E-04
  4.6000E+01  1.9673E-04
  4.7000E+01  2.0538E-04
  4.8000E+01  2.1421E-04
  4.9000E+01  2.2323E-04
  5.0000E+01  2.3244E-04
  5.1000E+01  2.4183E-04
  5.2000E+01  2.5140E-04
  5.3000E+01  2.8270E-04
  5.4000E+01  3.9269E-04
  5.5000E+01  4.9534E-04
  5.6000E+01  5.9064E-04
  5.7000E+01  6.7861E-04
  5.8000E+01  7.5923E-04
  5.9000E+01  8.3251E-04
  6.0000E+01  8.9846E-04
  6.1000E+01  9.5706E-04
  6.2000E+01  1.0083E-03
  6.3000E+01  1.0522E-03
  6.4000E+01  1.0888E-03
  6.5000E+01  1.1181E-03
  6.6000E+01  1.1399E-03
  6.7000E+01  1.1545E-03
  6.8000E+01  1.2019E-03
  6.9000E+01  1.2536E-03
  7.0000E+01  1.3060E-03
  7.1000E+01  1.3592E-03
  7.2000E+01  1.4130E-03
  7.3000E+01  1.4677E-03
  7.4000E+01  1.5230E-03
  7.5000E+01  1.5791E-03
  7.6000E+01  1.6401E-03
  7.7000E+01  1.7070E-03
  7.8000E+01  1.7786E-03
  7.9000E+01  1.8551E-03
  8.0000E+01  1.9362E-03
  8.1000E+01  2.0222E-03
  8.2000E+01  2.1129E-03
  8.3000E+01  2.2088E-03
  8.4000E+01  2.3127E-03
  8.5000E+01  2.4248E-03
  8.6000E+01  2.5454E-03
  8.7000E+01  2.6742E-03
  8.8000E+01  2.8115E-03
  8.9000E+01  2.9571E-03
  9.0000E+01  3.1111E-03
  9.1000E+01  3.2734E-03
  9.2000E+01  3.4440E-03
  9.3000E+01  3.6231E-03
  9.4000E+01  3.8016E-03
  9.5000E+01  3.9838E-03
  9.6000E+01  4.2966E-03
  9.7000E+01  4.6690E-03
  9.8000E+01  4.9679E-03
  9.9000E+01  5.2528E-03
  1.0000E+02  5.5255E-03
  1.0100E+02  5.8546E-03
  1.0200E+02  6.8455E-03
  1.0300E+02  7.6932E-03
  1.0400E+02  8.2011E-03
  1.0500E+02  8.4482E-03
  1.0600E+02  8.9915E-03
  1.0700E+02  9.4873E-03
  1.0800E+02  1.0002E-02
  1.0900E+02  1.0531E-02
  1.1000E+02  1.1070E-02
  1.1100E+02  1.1619E-02
  1.1200E+02  1.2178E-02
  1.1300E+02  1.2746E-02
  1.1400E+02  1.4252E-02
  1.1500E+02  1.4764E-02
  1.1600E+02  1.7525E-02
  1.1700E+02  1.4273E-02
  1.1800E+02  1.4667E-02
  1.1900E+02  1.5059E-02
  1.2000E+02  1.5448E-02
  1.2100E+02  1.5835E-02
  1.2200E+02  1.6219E-02
  1.2300E+02  1.6596E-02
  1.2400E+02  1.7447E-02
  1.2500E+02  1.8036E-02
  1.2600E+02  1.8175E-02
  1.2700E+02  1.8612E-02
  1.2800E+02  1.9096E-02
  1.2900E+02  1.9757E-02
  1.3000E+02  2.0605E-02
  1.3100E+02  2.1502E-02
  1.3200E+02  2.2450E-02
  1.3300E+02  2.4042E-02
  1.3400E+02  2.5654E-02
  1.3500E+02  3.1157E-02
  1.3600E+02  3.3047E-02
  1.3700E+02  3.0372E-02
  1.3800E+02  3.3725E-02
  1.3900E+02  2.9415E-02
  1.4000E+02  2.9618E-02
  1.4100E+02  2.9305E-02
  1.4200E+02  2.9042E-02
  1.4300E+02  2.8771E-02
  1.4400E+02  2.8494E-02
  1.4500E+02  2.8209E-02
  1.4600E+02  2.7936E-02
  1.4700E+02  2.7671E-02
  1.4800E+02  2.7403E-02
  1.4900E+02  2.7134E-02
  1.5000E+02  2.6881E-02
  1.5100E+02  2.6806E-02
  1.5200E+02  2.6927E-02
  1.5300E+02  2.6830E-02
  1.5400E+02  2.6780E-02
  1.5500E+02  2.6388E-02
  1.5600E+02  2.5022E-02
  1.5700E+02  2.4162E-02
  1.5800E+02  2.3407E-02
  1.5900E+02  2.2746E-02
  1.6000E+02  2.1251E-02
  1.6100E+02  1.8269E-02
  1.6200E+02  1.8014E-02
  1.6300E+02  1.7751E-02
  1.6400E+02  1.7481E-02
  1.6500E+02  1.7202E-02
  1.6600E+02  1.6916E-02
  1.6700E+02  1.6632E-02
  1.6800E+02  1.6356E-02
  1.6900E+02  1.6088E-02
  1.7000E+02  1.5929E-02
  1.7100E+02  1.5875E-02
  1.7200E+02  1.5816E-02
  1.7300E+02  1.5666E-02
  1.7400E+02  1.5515E-02
  1.7500E+02  1.5363E-02
  1.7600E+02  1.5210E-02
  1.7700E+02  1.5056E-02
  1.7800E+02  1.4913E-02
  1.7900E+02  1.4792E-02
  1.8000E+02  1.4693E-02
  1.8100E+02  1.4615E-02
  1.8200E+02  1.4542E-02
  1.8300E+02  1.4288E-02
  1.8400E+02  1.4181E-02
  1.8500E+02  1.4257E-02
  1.8600E+02  1.4289E-02
  1.8700E+02  1.4264E-02
  1.8800E+02  1.4212E-02
  1.8900E+02  1.4301E-02
  1.9000E+02  1.4397E-02
  1.9100E+02  1.4532E-02
  1.9200E+02  1.5048E-02
  1.9300E+02  1.8432E-02
  1.9400E+02  1.7436E-02
  1.9500E+02  1.7526E-02
  1.9600E+02  1.7706E-02
  1.9700E+02  1.7811E-02
  1.9800E+02  1.7831E-02
  1.9900E+02  1.7766E-02
  2.0000E+02  1.7616E-02
  2.0100E+02  1.6848E-02
  2.0200E+02  1.5358E-02
  2.0300E+02  1.4286E-02
  2.0400E+02  1.3038E-02
  2.0500E+02  1.1615E-02
  2.0600E+02  9.9888E-03
  2.0700E+02  8.3976E-03
  2.0800E+02  6.9080E-03
  2.0900E+02  5.5198E-03
  2.1000E+02  4.2331E-03
  2.1100E+02  2.2899E-03
  2.1200E+02  1.4544E-03
  2.1300E+02  1.4772E-03
  2.1400E+02  1.4968E-03
  2.1500E+02  1.5138E-03
  2.1600E+02  1.5280E-03
  2.1700E+02  1.5395E-03
  2.1800E+02  1.5483E-03
  2.1900E+02  1.5715E-03
  2.2000E+02  1.5974E-03
  2.2100E+02  1.6234E-03
  2.2200E+02  1.6497E-03
  2.2300E+02  1.6761E-03
  2.2400E+02  1.7026E-03
  2.2500E+02  1.7294E-03
  2.2600E+02  1.7563E-03
  2.2700E+02  1.7834E-03
  2.2800E+02  1.8107E-03
  2.2900E+02  1.8382E-03
  2.3000E+02  1.8659E-03
  2.3100E+02  1.8937E-03
  2.3200E+02  1.9217E-03
  2.3300E+02  1.9499E-03
  2.3400E+02  1.9783E-03
  2.3500E+02  2.0069E-03
  2.3600E+02  2.0356E-03
  2.3700E+02  2.0645E-03
  2.3800E+02  2.0936E-03
  2.3900E+02  2.1229E-03
  2.4000E+02  2.1523E-03
  2.4100E+02  2.1819E-03
  2.4200E+02  2.2118E-03
  2.4300E+02  2.2418E-03
  2.4400E+02  2.2774E-03
  2.4500E+02  2.3248E-03
  2.4600E+02  2.3818E-03
  2.4700E+02  2.4341E-03
  2.4800E+02  2.4843E-03
  2.4900E+02  2.5324E-03
  2.5000E+02  2.5793E-03
  2.5100E+02  2.6255E-03
  2.5200E+02  2.6710E-03
  2.5300E+02  2.7158E-03
  2.5400E+02  2.7599E-03
  2.5500E+02  2.8032E-03
  2.5600E+02  2.8459E-03
  2.5700E+02  2.8878E-03
  2.5800E+02  2.9290E-03
  2.5900E+02  2.9695E-03
  2.6000E+02  3.0093E-03
  2.6100E+02  3.0483E-03
  2.6200E+02  3.0867E-03
  2.6300E+02  3.1243E-03
  2.6400E+02  3.1675E-03
  2.6500E+02  3.2129E-03
  2.6600E+02  3.2599E-03
  2.6700E+02  3.3085E-03
  2.6800E+02  3.3587E-03
  2.6900E+02  3.4106E-03
  2.7000E+02  3.4640E-03
  2.7100E+02  3.5191E-03
  2.7200E+02  3.5758E-03
  2.7300E+02  3.6341E-03
  2.7400E+02  3.6941E-03
  2.7500E+02  3.7557E-03
  2.7600E+02  3.8189E-03
  2.7700E+02  3.8837E-03
  2.7800E+02  3.9502E-03
  2.7900E+02  4.0183E-03
  2.8000E+02  4.0881E-03
  2.8100E+02  4.1598E-03
  2.8200E+02  4.2332E-03
  2.8300E+02  4.3083E-03
  2.8400E+02  4.3851E-03
  2.8500E+02  4.4635E-03
  2.8600E+02  4.5436E-03
  2.8700E+02  4.6255E-03
  2.8800E+02  4.7141E-03
  2.8900E+02  4.8403E-03
  2.9000E+02  4.9723E-03
  2.9100E+02  5.0937E-03
  2.9200E+02  5.2043E-03
  2.9300E+02  5.3043E-03
  2.9400E+02  5.3935E-03
  2.9500E+02  5.4721E-03
  2.9600E+02  5.5400E-03
  2.9700E+02  5.6318E-03
  2.9800E+02  5.7442E-03
  2.9900E+02  5.8583E-03
  3.0000E+02  5.9740E-03
  3.0100E+02  6.0914E-03
  3.0200E+02  6.2105E-03
  3.0300E+02  6.3312E-03
  3.0400E+02  6.4536E-03
  3.0500E+02  6.5777E-03
  3.0600E+02  6.7034E-03
  3.0700E+02  6.8308E-03
  3.0800E+02  6.9636E-03
  3.0900E+02  7.1630E-03
  3.1000E+02  7.3535E-03
  3.1100E+02  7.5326E-03
  3.1200E+02  7.7005E-03
  3.1300E+02  7.8571E-03
  3.1400E+02  8.0734E-03
  3.1500E+02  8.3321E-03
  3.1600E+02  8.6214E-03
  3.1700E+02  8.9414E-03
  3.1800E+02  9.2921E-03
  3.1900E+02  9.6733E-03
  3.2000E+02  1.0085E-02
  3.2100E+02  1.0527E-02
  3.2200E+02  1.1000E-02
  3.2300E+02  1.1574E-02
  3.2400E+02  1.2647E-02
  3.2500E+02  1.3422E-02
  3.2600E+02  1.3977E-02
  3.2700E+02  1.4327E-02
  3.2800E+02  1.4534E-02
  3.2900E+02  1.4655E-02
  3.3000E+02  1.4689E-02
  3.3100E+02  1.4638E-02
  3.3200E+02  1.4513E-02
  3.3300E+02  1.4459E-02
  3.3400E+02  1.4431E-02
  3.3500E+02  1.4416E-02
  3.3600E+02  1.4327E-02
  3.3700E+02  1.4147E-02
  3.3800E+02  1.3863E-02
  3.3900E+02  1.3472E-02
  3.4000E+02  1.3036E-02
  3.4100E+02  1.2748E-02
  3.4200E+02  1.2575E-02
  3.4300E+02  1.2327E-02
  3.4400E+02  1.1747E-02
  3.4500E+02  1.1151E-02
  3.4600E+02  1.0542E-02
  3.4700E+02  9.9176E-03
  3.4800E+02  9.1743E-03
  3.4900E+02  8.5379E-03
  3.5000E+02  8.0653E-03
  3.5100E+02  7.3774E-03
  3.5200E+02  6.7481E-03
  3.5300E+02  6.1773E-03
  3.5400E+02  5.7995E-03
  3.5500E+02  5.5019E-03
  3.5600E+02  5.2082E-03
  3.5700E+02  4.8709E-03
  3.5800E+02  4.5548E-03
  3.5900E+02  4.2598E-03
  3.6000E+02  3.9861E-03
  3.6100E+02  3.7339E-03
  3.6200E+02  3.5037E-03
  3.6300E+02  3.2954E-03
  3.6400E+02  3.1091E-03
  3.6500E+02  2.9448E-03
  3.6600E+02  2.8208E-03
  3.6700E+02  2.7516E-03
  3.6800E+02  2.7037E-03
  3.6900E+02  2.6773E-03
  3.7000E+02  2.6722E-03
  3.7100E+02  2.6884E-03
  3.7200E+02  2.7260E-03
  3.7300E+02  2.7850E-03
  3.7400E+02  2.8653E-03
  3.7500E+02  2.9671E-03
  3.7600E+02  3.0901E-03
  3.7700E+02  3.2333E-03
  3.7800E+02  3.3952E-03
  3.7900E+02  3.5758E-03
  3.8000E+02  3.7283E-03
  3.8100E+02  3.8753E-03
  3.8200E+02  4.2389E-03
  3.8300E+02  4.6246E-03
  3.8400E+02  4.9823E-03
  3.8500E+02  5.3129E-03
  3.8600E+02  5.6340E-03
  3.8700E+02  5.9807E-03
  3.8800E+02  6.3583E-03
  3.8900E+02  6.7670E-03
  3.9000E+02  7.2067E-03
  3.9100E+02  7.6774E-03
  3.9200E+02  8.1790E-03
  3.9300E+02  8.7081E-03
  3.9400E+02  9.1704E-03
  3.9500E+02  9.5663E-03
  3.9600E+02  9.8958E-03
  3.9700E+02  1.0353E-02
  3.9800E+02  1.0976E-02
  3.9900E+02  1.1368E-02
  4.0000E+02  1.1232E-02
  4.0100E+02  1.2087E-02
  4.0200E+02  1.3352E-02
  4.0300E+02  1.3901E-02
  4.0400E+02  1.1215E-02
  4.0500E+02  1.1133E-02
  4.0600E+02  1.1097E-02
  4.0700E+02  1.1105E-02
  4.0800E+02  1.1159E-02
  4.0900E+02  1.1254E-02
  4.1000E+02  1.1372E-02
  4.1100E+02  1.1512E-02
  4.1200E+02  1.1670E-02
  4.1300E+02  1.1766E-02
  4.1400E+02  1.1852E-02
  4.1500E+02  1.1928E-02
  4.1600E+02  1.1995E-02
  4.1700E+02  1.2051E-02
  4.1800E+02  1.2099E-02
  4.1900E+02  1.2140E-02
  4.2000E+02  1.2175E-02
  4.2100E+02  1.2203E-02
  4.2200E+02  1.2225E-02
  4.2300E+02  1.2253E-02
  4.2400E+02  1.2587E-02
  4.2500E+02  1.3485E-02
  4.2600E+02  1.3697E-02
  4.2700E+02  1.3697E-02
  4.2800E+02  1.3576E-02
  4.2900E+02  1.3250E-02
  4.3000E+02  1.2784E-02
  4.3100E+02  1.0880E-02
  4.3200E+02  1.0535E-02
  4.3300E+02  1.0295E-02
  4.3400E+02  1.0061E-02
  4.3500E+02  9.8097E-03
  4.3600E+02  9.5416E-03
  4.3700E+02  9.3816E-03
  4.3800E+02  9.2319E-03
  4.3900E+02  9.0844E-03
  4.4000E+02  8.9394E-03
  4.4100E+02  8.7966E-03
  4.4200E+02  8.6562E-03
  4.4300E+02  8.5182E-03
  4.4400E+02  8.3825E-03
  4.4500E+02  8.2491E-03
  4.4600E+02  8.1181E-03
  4.4700E+02  7.9894E-03
  4.4800E+02  7.8631E-03
  4.4900E+02  7.7391E-03
  4.5000E+02  7.6197E-03
  4.5100E+02  7.5182E-03
  4.5200E+02  7.4368E-03
  4.5300E+02  7.3755E-03
  4.5400E+02  7.3143E-03
  4.5500E+02  7.3117E-03
  4.5600E+02  7.3419E-03
  4.5700E+02  7.4040E-03
  4.5800E+02  7.5187E-03
  4.5900E+02  7.7129E-03
  4.6000E+02  7.4879E-03
  4.6100E+02  8.4027E-03
  4.6200E+02  7.2618E-03
  4.6300E+02  6.6555E-03
  4.6400E+02  6.5409E-03
  4.6500E+02  6.4269E-03
  4.6600E+02  6.3137E-03
  4.6700E+02  6.2012E-03
  4.6800E+02  6.0894E-03
  4.6900E+02  5.9783E-03
  4.7000E+02  5.8679E-03
  4.7100E+02  5.7583E-03
  4.7200E+02  5.6493E-03
  4.7300E+02  5.5411E-03
  4.7400E+02  1.3799E-02
  4.7500E+02  3.3301E-02
  4.7600E+02  5.5881E-02
  4.7700E+02  6.9712E-02
  4.7800E+02  7.8097E-02
  4.7900E+02  8.7218E-02
  4.8000E+02  8.0262E-02
  4.8100E+02  6.6937E-02
  4.8200E+02  6.7594E-02
  4.8300E+02  6.8678E-02
  4.8400E+02  7.0526E-02
  4.8500E+02  7.0234E-02
  4.8600E+02  6.9524E-02
  4.8700E+02  6.9558E-02
  4.8800E+02  7.1042E-02
  4.8900E+02  6.9390E-02
  4.9000E+02  6.9823E-02
  4.9100E+02  7.1616E-02
  4.9200E+02  7.3526E-02
  4.9300E+02  7.5389E-02
  4.9400E+02  7.7717E-02
  4.9500E+02  8.9768E-02
  4.9600E+02  8.2030E-02
  4.9700E+02  7.6286E-02
  4.9800E+02  7.1287E-02
  4.9900E+02  6.6431E-02
  5.0000E+02  6.2862E-02
  5.0100E+02  4.0037E-02
  5.0200E+02  3.4644E-02
  5.0300E+02  2.9432E-02
  5.0400E+02  2.3748E-02
  5.0500E+02  1.8791E-02
  5.0600E+02  1.6729E-02
  5.0700E+02  1.4943E-02
  5.0800E+02  1.3433E-02
  5.0900E+02  1.2195E-02
  5.1000E+02  1.1160E-02
  5.1100E+02  1.0445E-02
  5.1200E+02  1.0189E-02
  5.1300E+02  8.7947E-03
  5.1400E+02  7.3337E-03
  5.1500E+02  6.3476E-03
  5.1600E+02  5.2919E-03
  5.1700E+02  4.1666E-03
  5.1800E+02  3.1915E-03
  5.1900E+02  3.5760E-03
  5.2000E+02  1.0293E-03
  5.2100E+02  4.5533E-04
  5.2200E+02  1.1224E-04
  5.2300E+02  0.0000E+00
