 -3.0064E-05  0.0000E+00
  9.9997E-01  1.8154E-07
  2.0000E+00  7.2617E-07
  3.0000E+00  1.6339E-06
  4.0000E+00  2.9047E-06
  5.0000E+00  4.5385E-06
  6.0000E+00  6.5355E-06
  7.0000E+00  8.8955E-06
  8.0000E+00  1.1619E-05
  9.0000E+00  1.4705E-05
  1.0000E+01  1.8154E-05
  1.1000E+01  2.1967E-05
  1.2000E+01  2.6142E-05
  1.3000E+01  3.0681E-05
  1.4000E+01  3.5582E-05
  1.5000E+01  4.0847E-05
  1.6000E+01  4.6475E-05
  1.7000E+01  5.2466E-05
  1.8000E+01  5.8820E-05
  1.9000E+01  6.5537E-05
  2.0000E+01  7.2617E-05
  2.1000E+01  8.0060E-05
  2.2000E+01  8.7866E-05
  2.3000E+01  9.6036E-05
  2.4000E+01  1.0457E-04
  2.5000E+01  1.1346E-04
  2.6000E+01  1.2272E-04
  2.7000E+01  1.3234E-04
  2.8000E+01  1.4233E-04
  2.9000E+01  1.5268E-04
  3.0000E+01  1.6339E-04
  3.1000E+01  1.7446E-04
  3.2000E+01  1.8590E-04
  3.3000E+01  1.9770E-04
  3.4000E+01  2.0986E-04
  3.5000E+01  2.2239E-04
  3.6000E+01  2.3528E-04
  3.7000E+01  2.4853E-04
  3.8000E+01  2.6215E-04
  3.9000E+01  2.7613E-04
  4.0000E+01  2.9047E-04
  4.1000E+01  3.0517E-04
  4.2000E+01  3.2024E-04
  4.3000E+01  3.3567E-04
  4.4000E+01  3.5146E-04
  4.5000E+01  3.6762E-04
  4.6000E+01  3.8414E-04
  4.7000E+01  4.0103E-04
  4.8000E+01  4.1827E-04
  4.9000E+01  4.3588E-04
  5.0000E+01  4.5385E-04
  5.1000E+01  4.7219E-04
  5.2000E+01  4.9089E-04
  5.3000E+01  5.0995E-04
  5.4000E+01  5.2938E-04
  5.5000E+01  5.4916E-04
  5.6000E+01  5.6932E-04
  5.7000E+01  5.8983E-04
  5.8000E+01  6.1071E-04
  5.9000E+01  6.3195E-04
  6.0000E+01  6.5355E-04
  6.1000E+01  6.7552E-04
  6.2000E+01  6.9785E-04
  6.3000E+01  7.2054E-04
  6.4000E+01  7.4360E-04
  6.5000E+01  7.6701E-04
  6.6000E+01  7.9080E-04
  6.7000E+01  8.1494E-04
  6.8000E+01  8.3945E-04
  6.9000E+01  8.6432E-04
  7.0000E+01  8.8955E-04
  7.1000E+01  9.1515E-04
  7.2000E+01  9.4111E-04
  7.3000E+01  9.6744E-04
  7.4000E+01  9.9412E-04
  7.5000E+01  1.0212E-03
  7.6000E+01  1.0486E-03
  7.7000E+01  1.0764E-03
  7.8000E+01  1.1045E-03
  7.9000E+01  1.1330E-03
  8.0000E+01  1.1619E-03
  8.1000E+01  1.1911E-03
  8.2000E+01  1.2207E-03
  8.3000E+01  1.3954E-03
  8.4000E+01  1.7199E-03
  8.5000E+01  2.0435E-03
  8.6000E+01  2.3662E-03
  8.7000E+01  2.6880E-03
  8.8000E+01  3.0089E-03
  8.9000E+01  3.3290E-03
  9.0000E+01  3.6482E-03
  9.1000E+01  3.9665E-03
  9.2000E+01  4.2840E-03
  9.3000E+01  4.6006E-03
  9.4000E+01  4.9163E-03
  9.5000E+01  5.2311E-03
  9.6000E+01  5.5451E-03
  9.7000E+01  5.8581E-03
  9.8000E+01  6.1704E-03
  9.9000E+01  6.4817E-03
  1.0000E+02  6.7921E-03
  1.0100E+02  7.1108E-03
  1.0200E+02  7.5919E-03
  1.0300E+02  8.0703E-03
  1.0400E+02  8.5460E-03
  1.0500E+02  9.0188E-03
  1.0600E+02  9.4889E-03
  1.0700E+02  9.9562E-03
  1.0800E+02  1.0421E-02
  1.0900E+02  1.0882E-02
  1.1000E+02  1.1341E-02
  1.1100E+02  1.1795E-02
  1.1200E+02  1.2250E-02
  1.1300E+02  1.2722E-02
  1.1400E+02  1.3210E-02
  1.1500E+02  1.3715E-02
  1.1600E+02  1.4236E-02
  1.1700E+02  1.4774E-02
  1.1800E+02  1.5328E-02
  1.1900E+02  1.5899E-02
  1.2000E+02  1.6486E-02
  1.2100E+02  1.7090E-02
  1.2200E+02  1.8180E-02
  1.2300E+02  2.0752E-02
  1.2400E+02  2.3090E-02
  1.2500E+02  2.5192E-02
  1.2600E+02  2.7059E-02
  1.2700E+02  2.8691E-02
  1.2800E+02  2.9921E-02
  1.2900E+02  3.0991E-02
  1.3000E+02  3.2018E-02
  1.3100E+02  3.3001E-02
  1.3200E+02  3.3940E-02
  1.3300E+02  3.0199E-02
  1.3400E+02  2.9121E-02
  1.3500E+02  2.7429E-02
  1.3600E+02  2.5240E-02
  1.3700E+02  2.3392E-02
  1.3800E+02  2.1884E-02
  1.3900E+02  2.1378E-02
  1.4000E+02  2.1190E-02
  1.4100E+02  2.1009E-02
  1.4200E+02  2.0833E-02
  1.4300E+02  2.0663E-02
  1.4400E+02  2.0499E-02
  1.4500E+02  2.0340E-02
  1.4600E+02  2.0187E-02
  1.4700E+02  2.0040E-02
  1.4800E+02  1.9898E-02
  1.4900E+02  1.9763E-02
  1.5000E+02  1.9633E-02
  1.5100E+02  1.9508E-02
  1.5200E+02  1.9389E-02
  1.5300E+02  1.9277E-02
  1.5400E+02  1.9169E-02
  1.5500E+02  1.9068E-02
  1.5600E+02  1.8972E-02
  1.5700E+02  1.8882E-02
  1.5800E+02  1.8797E-02
  1.5900E+02  1.8719E-02
  1.6000E+02  1.8646E-02
  1.6100E+02  1.8578E-02
  1.6200E+02  1.8517E-02
  1.6300E+02  1.8461E-02
  1.6400E+02  1.8411E-02
  1.6500E+02  1.8366E-02
  1.6600E+02  1.8613E-02
  1.6700E+02  2.0801E-02
  1.6800E+02  2.1878E-02
  1.6900E+02  2.1845E-02
  1.7000E+02  2.0701E-02
  1.7100E+02  1.9367E-02
  1.7200E+02  1.9376E-02
  1.7300E+02  1.9393E-02
  1.7400E+02  1.9418E-02
  1.7500E+02  1.9452E-02
  1.7600E+02  1.9494E-02
  1.7700E+02  1.9545E-02
  1.7800E+02  1.7877E-02
  1.7900E+02  1.8357E-02
  1.8000E+02  1.8847E-02
  1.8100E+02  1.9348E-02
  1.8200E+02  1.9860E-02
  1.8300E+02  2.0382E-02
  1.8400E+02  2.0915E-02
  1.8500E+02  2.1458E-02
  1.8600E+02  2.2012E-02
  1.8700E+02  2.2577E-02
  1.8800E+02  2.5383E-02
  1.8900E+02  2.6553E-02
  1.9000E+02  2.7665E-02
  1.9100E+02  2.8719E-02
  1.9200E+02  2.9714E-02
  1.9300E+02  3.1348E-02
  1.9400E+02  3.2834E-02
  1.9500E+02  3.6448E-02
  1.9600E+02  2.3870E-03
  1.9700E+02  2.5039E-03
  1.9800E+02  2.4559E-03
  1.9900E+02  2.2431E-03
  2.0000E+02  1.8655E-03
  2.0100E+02  1.3230E-03
  2.0200E+02  1.2072E-03
  2.0300E+02  1.2343E-03
  2.0400E+02  1.2616E-03
  2.0500E+02  1.2891E-03
  2.0600E+02  1.3168E-03
  2.0700E+02  1.3446E-03
  2.0800E+02  1.3727E-03
  2.0900E+02  1.4009E-03
  2.1000E+02  1.4293E-03
  2.1100E+02  1.4579E-03
  2.1200E+02  1.4867E-03
  2.1300E+02  1.5157E-03
  2.1400E+02  1.5448E-03
  2.1500E+02  1.5742E-03
  2.1600E+02  1.6037E-03
  2.1700E+02  1.6334E-03
  2.1800E+02  1.6633E-03
  2.1900E+02  1.6934E-03
  2.2000E+02  1.7237E-03
  2.2100E+02  1.7542E-03
  2.2200E+02  1.7848E-03
  2.2300E+02  1.8157E-03
  2.2400E+02  1.8467E-03
  2.2500E+02  1.8779E-03
  2.2600E+02  1.9093E-03
  2.2700E+02  1.9409E-03
  2.2800E+02  1.9727E-03
  2.2900E+02  2.0047E-03
  2.3000E+02  2.0368E-03
  2.3100E+02  2.0691E-03
  2.3200E+02  2.1017E-03
  2.3300E+02  2.1344E-03
  2.3400E+02  2.1673E-03
  2.3500E+02  2.2004E-03
  2.3600E+02  2.2336E-03
  2.3700E+02  2.2671E-03
  2.3800E+02  2.3008E-03
  2.3900E+02  2.3346E-03
  2.4000E+02  2.3686E-03
  2.4100E+02  2.4028E-03
  2.4200E+02  2.4372E-03
  2.4300E+02  2.4718E-03
  2.4400E+02  2.5066E-03
  2.4500E+02  2.5415E-03
  2.4600E+02  2.5767E-03
  2.4700E+02  2.6120E-03
  2.4800E+02  2.6475E-03
  2.4900E+02  2.6852E-03
  2.5000E+02  2.7344E-03
  2.5100E+02  2.7840E-03
  2.5200E+02  2.8342E-03
  2.5300E+02  2.8849E-03
  2.5400E+02  2.9362E-03
  2.5500E+02  2.9879E-03
  2.5600E+02  3.0401E-03
  2.5700E+02  3.0928E-03
  2.5800E+02  3.1461E-03
  2.5900E+02  3.1998E-03
  2.6000E+02  3.2540E-03
  2.6100E+02  3.3088E-03
  2.6200E+02  3.3641E-03
  2.6300E+02  3.4198E-03
  2.6400E+02  3.4761E-03
  2.6500E+02  3.5329E-03
  2.6600E+02  3.5902E-03
  2.6700E+02  3.6479E-03
  2.6800E+02  3.7062E-03
  2.6900E+02  3.7650E-03
  2.7000E+02  3.8244E-03
  2.7100E+02  3.8842E-03
  2.7200E+02  3.9445E-03
  2.7300E+02  4.0053E-03
  2.7400E+02  4.0667E-03
  2.7500E+02  4.1285E-03
  2.7600E+02  4.1909E-03
  2.7700E+02  4.2537E-03
  2.7800E+02  4.3171E-03
  2.7900E+02  4.3809E-03
  2.8000E+02  4.4453E-03
  2.8100E+02  4.5102E-03
  2.8200E+02  4.5756E-03
  2.8300E+02  4.6415E-03
  2.8400E+02  4.7079E-03
  2.8500E+02  4.7748E-03
  2.8600E+02  4.8422E-03
  2.8700E+02  4.9237E-03
  2.8800E+02  5.0583E-03
  2.8900E+02  5.1970E-03
  2.9000E+02  5.3396E-03
  2.9100E+02  5.4861E-03
  2.9200E+02  5.6367E-03
  2.9300E+02  5.7912E-03
  2.9400E+02  5.9498E-03
  2.9500E+02  6.1123E-03
  2.9600E+02  6.2787E-03
  2.9700E+02  6.4492E-03
  2.9800E+02  6.6236E-03
  2.9900E+02  6.8020E-03
  3.0000E+02  6.9843E-03
  3.0100E+02  7.1707E-03
  3.0200E+02  7.3610E-03
  3.0300E+02  7.5553E-03
  3.0400E+02  7.7536E-03
  3.0500E+02  7.9558E-03
  3.0600E+02  8.1621E-03
  3.0700E+02  8.3723E-03
  3.0800E+02  8.5865E-03
  3.0900E+02  8.8046E-03
  3.1000E+02  9.0267E-03
  3.1100E+02  9.2529E-03
  3.1200E+02  9.4829E-03
  3.1300E+02  9.7170E-03
  3.1400E+02  9.9550E-03
  3.1500E+02  1.0197E-02
  3.1600E+02  1.0443E-02
  3.1700E+02  1.0693E-02
  3.1800E+02  1.0947E-02
  3.1900E+02  1.1205E-02
  3.2000E+02  1.1467E-02
  3.2100E+02  1.1733E-02
  3.2200E+02  1.2002E-02
  3.2300E+02  1.2276E-02
  3.2400E+02  1.2554E-02
  3.2500E+02  1.2836E-02
  3.2600E+02  1.3122E-02
  3.2700E+02  1.9251E-02
  3.2800E+02  1.9050E-02
  3.2900E+02  1.8819E-02
  3.3000E+02  1.8559E-02
  3.3100E+02  1.8270E-02
  3.3200E+02  1.7951E-02
  3.3300E+02  1.7603E-02
  3.3400E+02  1.7226E-02
  3.3500E+02  1.6296E-02
  3.3600E+02  1.3800E-02
  3.3700E+02  1.1707E-02
  3.3800E+02  1.0015E-02
  3.3900E+02  8.7250E-03
  3.4000E+02  8.0649E-03
  3.4100E+02  7.8985E-03
  3.4200E+02  7.7305E-03
  3.4300E+02  7.5610E-03
  3.4400E+02  7.3900E-03
  3.4500E+02  7.2174E-03
  3.4600E+02  7.0434E-03
  3.4700E+02  6.8678E-03
  3.4800E+02  6.6906E-03
  3.4900E+02  6.5120E-03
  3.5000E+02  6.3318E-03
  3.5100E+02  6.1501E-03
  3.5200E+02  5.9669E-03
  3.5300E+02  5.7821E-03
  3.5400E+02  5.5958E-03
  3.5500E+02  5.4080E-03
  3.5600E+02  5.2186E-03
  3.5700E+02  5.0278E-03
  3.5800E+02  4.8353E-03
  3.5900E+02  4.6414E-03
  3.6000E+02  4.4460E-03
  3.6100E+02  4.2344E-03
  3.6200E+02  4.0243E-03
  3.6300E+02  3.8169E-03
  3.6400E+02  3.6123E-03
  3.6500E+02  3.4105E-03
  3.6600E+02  3.2114E-03
  3.6700E+02  3.0151E-03
  3.6800E+02  2.8215E-03
  3.6900E+02  2.6308E-03
  3.7000E+02  2.4428E-03
  3.7100E+02  2.2575E-03
  3.7200E+02  2.0750E-03
  3.7300E+02  1.8953E-03
  3.7400E+02  1.7184E-03
  3.7500E+02  1.5442E-03
  3.7600E+02  1.3728E-03
  3.7700E+02  1.2042E-03
  3.7800E+02  1.0383E-03
  3.7900E+02  8.7521E-04
  3.8000E+02  7.1487E-04
  3.8100E+02  5.5730E-04
  3.8200E+02  4.0249E-04
  3.8300E+02  2.5045E-04
  3.8400E+02  1.0118E-04
  3.8500E+02  0.0000E+00
  3.8600E+02  3.2416E-04
  3.8700E+02  1.0094E-03
  3.8800E+02  1.7232E-03
  3.8900E+02  2.4656E-03
  3.9000E+02  3.2365E-03
  3.9100E+02  4.0359E-03
  3.9200E+02  4.8639E-03
  3.9300E+02  5.7205E-03
  3.9400E+02  6.6055E-03
  3.9500E+02  7.5192E-03
  3.9600E+02  8.4613E-03
  3.9700E+02  9.4320E-03
  3.9800E+02  1.0431E-02
  3.9900E+02  1.1459E-02
  4.0000E+02  1.2515E-02
  4.0100E+02  1.9093E-02
  4.0200E+02  1.8356E-02
  4.0300E+02  1.7654E-02
  4.0400E+02  1.6989E-02
  4.0500E+02  1.6360E-02
  4.0600E+02  1.5766E-02
  4.0700E+02  1.5209E-02
  4.0800E+02  1.4688E-02
  4.0900E+02  1.3044E-02
  4.1000E+02  1.3006E-02
  4.1100E+02  1.2966E-02
  4.1200E+02  1.2924E-02
  4.1300E+02  1.2879E-02
  4.1400E+02  1.2832E-02
  4.1500E+02  1.2783E-02
  4.1600E+02  1.2732E-02
  4.1700E+02  1.2678E-02
  4.1800E+02  1.2622E-02
  4.1900E+02  1.2564E-02
  4.2000E+02  1.2504E-02
  4.2100E+02  1.2441E-02
  4.2200E+02  1.2376E-02
  4.2300E+02  1.2309E-02
  4.2400E+02  1.2240E-02
  4.2500E+02  1.2168E-02
  4.2600E+02  1.2094E-02
  4.2700E+02  1.2018E-02
  4.2800E+02  1.1939E-02
  4.2900E+02  1.1859E-02
  4.3000E+02  1.1776E-02
  4.3100E+02  1.1691E-02
  4.3200E+02  1.1603E-02
  4.3300E+02  1.1514E-02
  4.3400E+02  1.1422E-02
  4.3500E+02  1.1327E-02
  4.3600E+02  1.1231E-02
  4.3700E+02  1.1132E-02
  4.3800E+02  1.1031E-02
  4.3900E+02  1.0928E-02
  4.4000E+02  1.0823E-02
  4.4100E+02  1.0715E-02
  4.4200E+02  1.0605E-02
  4.4300E+02  1.0493E-02
  4.4400E+02  1.0378E-02
  4.4500E+02  1.0261E-02
  4.4600E+02  1.0142E-02
  4.4700E+02  1.0021E-02
  4.4800E+02  9.8976E-03
  4.4900E+02  9.7718E-03
  4.5000E+02  1.0264E-02
  4.5100E+02  1.1044E-02
  4.5200E+02  1.1384E-02
  4.5300E+02  1.1284E-02
  4.5400E+02  1.0745E-02
  4.5500E+02  1.5942E-02
  4.5600E+02  1.6363E-02
  4.5700E+02  1.0258E-02
  4.5800E+02  7.5148E-03
  4.5900E+02  6.2916E-03
  4.6000E+02  6.0117E-03
  4.6100E+02  5.8958E-03
  4.6200E+02  5.7811E-03
  4.6300E+02  5.6675E-03
  4.6400E+02  5.5551E-03
  4.6500E+02  5.4437E-03
  4.6600E+02  5.3336E-03
  4.6700E+02  5.2245E-03
  4.6800E+02  5.1166E-03
  4.6900E+02  5.0099E-03
  4.7000E+02  4.9042E-03
  4.7100E+02  4.7997E-03
  4.7200E+02  4.6964E-03
  4.7300E+02  4.5942E-03
  4.7400E+02  5.8618E-03
  4.7500E+02  2.5223E-02
  4.7600E+02  3.4281E-02
  4.7700E+02  4.3005E-02
  4.7800E+02  5.1395E-02
  4.7900E+02  5.9451E-02
  4.8000E+02  8.3108E-02
  4.8100E+02  8.6261E-02
  4.8200E+02  8.6497E-02
  4.8300E+02  8.3818E-02
  4.8400E+02  7.0207E-02
  4.8500E+02  9.1878E-02
  4.8600E+02  9.1997E-02
  4.8700E+02  8.3221E-02
  4.8800E+02  8.0975E-02
  4.8900E+02  7.8724E-02
  4.9000E+02  7.6466E-02
  4.9100E+02  7.4203E-02
  4.9200E+02  7.1933E-02
  4.9300E+02  6.9782E-02
  4.9400E+02  6.8035E-02
  4.9500E+02  6.9905E-02
  4.9600E+02  7.2758E-02
  4.9700E+02  7.5097E-02
  4.9800E+02  8.2129E-02
  4.9900E+02  6.9264E-02
  5.0000E+02  5.5873E-02
  5.0100E+02  4.2251E-02
  5.0200E+02  3.3665E-02
  5.0300E+02  2.9718E-02
  5.0400E+02  2.6021E-02
  5.0500E+02  2.2748E-02
  5.0600E+02  1.9787E-02
  5.0700E+02  1.7045E-02
  5.0800E+02  1.4521E-02
  5.0900E+02  2.8450E-02
  5.1000E+02  5.8260E-03
  5.1100E+02  4.9633E-03
  5.1200E+02  4.1696E-03
  5.1300E+02  3.4451E-03
  5.1400E+02  2.7897E-03
  5.1500E+02  2.2033E-03
  5.1600E+02  1.6861E-03
  5.1700E+02  1.2379E-03
  5.1800E+02  8.5887E-04
  5.1900E+02  5.4891E-04
  5.2000E+02  3.0804E-04
  5.2100E+02  1.3627E-04
  5.2200E+02  3.3590E-05
  5.2300E+02  0.0000E+00
