 -1.3167E-05  0.0000E+00
  9.9999E-01  1.0012E-07
  2.0000E+00  4.0047E-07
  3.0000E+00  9.0106E-07
  4.0000E+00  1.6019E-06
  5.0000E+00  2.5030E-06
  6.0000E+00  3.6043E-06
  7.0000E+00  4.9058E-06
  8.0000E+00  6.4076E-06
  9.0000E+00  8.1096E-06
  1.0000E+01  1.0012E-05
  1.1000E+01  1.2114E-05
  1.2000E+01  1.4417E-05
  1.3000E+01  1.6920E-05
  1.4000E+01  1.9623E-05
  1.5000E+01  2.2527E-05
  1.6000E+01  2.5630E-05
  1.7000E+01  2.8934E-05
  1.8000E+01  3.2438E-05
  1.9000E+01  3.6143E-05
  2.0000E+01  4.0047E-05
  2.1000E+01  4.4152E-05
  2.2000E+01  4.8457E-05
  2.3000E+01  5.2963E-05
  2.4000E+01  5.7668E-05
  2.5000E+01  6.2574E-05
  2.6000E+01  6.7680E-05
  2.7000E+01  7.2986E-05
  2.8000E+01  7.8493E-05
  2.9000E+01  8.4199E-05
  3.0000E+01  9.0106E-05
  3.1000E+01  9.6214E-05
  3.2000E+01  1.0252E-04
  3.3000E+01  1.0903E-04
  3.4000E+01  1.1574E-04
  3.5000E+01  1.2264E-04
  3.6000E+01  1.2975E-04
  3.7000E+01  1.3706E-04
  3.8000E+01  1.4457E-04
  3.9000E+01  1.5228E-04
  4.0000E+01  1.6019E-04
  4.1000E+01  1.6830E-04
  4.2000E+01  1.7661E-04
  4.3000E+01  1.8512E-04
  4.4000E+01  1.9383E-04
  4.5000E+01  2.0274E-04
  4.6000E+01  2.2635E-04
  4.7000E+01  2.9851E-04
  4.8000E+01  3.6703E-04
  4.9000E+01  4.3189E-04
  5.0000E+01  4.9310E-04
  5.1000E+01  5.5065E-04
  5.2000E+01  6.0456E-04
  5.3000E+01  6.5481E-04
  5.4000E+01  7.0141E-04
  5.5000E+01  7.4436E-04
  5.6000E+01  7.8365E-04
  5.7000E+01  8.1929E-04
  5.8000E+01  8.5128E-04
  5.9000E+01  8.7962E-04
  6.0000E+01  9.0430E-04
  6.1000E+01  9.2534E-04
  6.2000E+01  9.5881E-04
  6.3000E+01  9.9913E-04
  6.4000E+01  1.0403E-03
  6.5000E+01  1.0822E-03
  6.6000E+01  1.1250E-03
  6.7000E+01  1.1686E-03
  6.8000E+01  1.2131E-03
  6.9000E+01  1.2611E-03
  7.0000E+01  1.3129E-03
  7.1000E+01  1.3677E-03
  7.2000E+01  1.4257E-03
  7.3000E+01  1.4868E-03
  7.4000E+01  1.5509E-03
  7.5000E+01  1.6181E-03
  7.6000E+01  1.6884E-03
  7.7000E+01  1.7618E-03
  7.8000E+01  1.8383E-03
  7.9000E+01  1.9211E-03
  8.0000E+01  2.0176E-03
  8.1000E+01  2.1280E-03
  8.2000E+01  2.2523E-03
  8.3000E+01  2.3905E-03
  8.4000E+01  2.5426E-03
  8.5000E+01  2.7086E-03
  8.6000E+01  3.0494E-03
  8.7000E+01  3.3285E-03
  8.8000E+01  3.4944E-03
  8.9000E+01  3.5603E-03
  9.0000E+01  3.5441E-03
  9.1000E+01  3.6834E-03
  9.2000E+01  4.0669E-03
  9.3000E+01  4.3778E-03
  9.4000E+01  4.5278E-03
  9.5000E+01  4.6521E-03
  9.6000E+01  4.9680E-03
  9.7000E+01  5.3587E-03
  9.8000E+01  5.7300E-03
  9.9000E+01  6.0820E-03
  1.0000E+02  6.4185E-03
  1.0100E+02  6.7808E-03
  1.0200E+02  7.2291E-03
  1.0300E+02  7.7478E-03
  1.0400E+02  8.4158E-03
  1.0500E+02  9.0914E-03
  1.0600E+02  9.7757E-03
  1.0700E+02  1.0464E-02
  1.0800E+02  1.1491E-02
  1.0900E+02  1.1982E-02
  1.1000E+02  1.2594E-02
  1.1100E+02  1.3198E-02
  1.1200E+02  1.4219E-02
  1.1300E+02  1.5923E-02
  1.1400E+02  1.6432E-02
  1.1500E+02  1.4602E-02
  1.1600E+02  1.4999E-02
  1.1700E+02  1.5396E-02
  1.1800E+02  1.5814E-02
  1.1900E+02  1.6253E-02
  1.2000E+02  1.6713E-02
  1.2100E+02  1.7193E-02
  1.2200E+02  1.7688E-02
  1.2300E+02  1.8212E-02
  1.2400E+02  1.8990E-02
  1.2500E+02  1.9652E-02
  1.2600E+02  2.0064E-02
  1.2700E+02  2.0620E-02
  1.2800E+02  2.1438E-02
  1.2900E+02  2.2308E-02
  1.3000E+02  2.5165E-02
  1.3100E+02  2.5352E-02
  1.3200E+02  2.3967E-02
  1.3300E+02  2.4221E-02
  1.3400E+02  2.4395E-02
  1.3500E+02  2.4684E-02
  1.3600E+02  2.5128E-02
  1.3700E+02  2.7445E-02
  1.3800E+02  3.0539E-02
  1.3900E+02  3.1721E-02
  1.4000E+02  3.1502E-02
  1.4100E+02  3.1318E-02
  1.4200E+02  3.1171E-02
  1.4300E+02  3.1014E-02
  1.4400E+02  3.1206E-02
  1.4500E+02  3.0123E-02
  1.4600E+02  2.9447E-02
  1.4700E+02  2.8750E-02
  1.4800E+02  2.7899E-02
  1.4900E+02  2.6992E-02
  1.5000E+02  2.6096E-02
  1.5100E+02  2.5219E-02
  1.5200E+02  2.5194E-02
  1.5300E+02  2.3076E-02
  1.5400E+02  2.2926E-02
  1.5500E+02  2.1925E-02
  1.5600E+02  1.7985E-02
  1.5700E+02  1.7643E-02
  1.5800E+02  1.7312E-02
  1.5900E+02  1.6993E-02
  1.6000E+02  1.6698E-02
  1.6100E+02  1.6463E-02
  1.6200E+02  1.6262E-02
  1.6300E+02  1.6078E-02
  1.6400E+02  1.5911E-02
  1.6500E+02  1.5762E-02
  1.6600E+02  1.5712E-02
  1.6700E+02  1.5540E-02
  1.6800E+02  1.5372E-02
  1.6900E+02  1.5209E-02
  1.7000E+02  1.5051E-02
  1.7100E+02  1.4897E-02
  1.7200E+02  1.4749E-02
  1.7300E+02  1.4650E-02
  1.7400E+02  1.4676E-02
  1.7500E+02  1.4641E-02
  1.7600E+02  1.4572E-02
  1.7700E+02  1.4471E-02
  1.7800E+02  1.4339E-02
  1.7900E+02  1.4271E-02
  1.8000E+02  1.4237E-02
  1.8100E+02  1.4218E-02
  1.8200E+02  1.4177E-02
  1.8300E+02  1.4135E-02
  1.8400E+02  1.4099E-02
  1.8500E+02  1.4070E-02
  1.8600E+02  1.4461E-02
  1.8700E+02  1.3244E-02
  1.8800E+02  1.4128E-02
  1.8900E+02  1.5186E-02
  1.9000E+02  1.4541E-02
  1.9100E+02  1.4612E-02
  1.9200E+02  1.4819E-02
  1.9300E+02  1.5023E-02
  1.9400E+02  1.5217E-02
  1.9500E+02  1.5403E-02
  1.9600E+02  1.5575E-02
  1.9700E+02  1.5710E-02
  1.9800E+02  1.5808E-02
  1.9900E+02  1.5870E-02
  2.0000E+02  1.5885E-02
  2.0100E+02  1.5848E-02
  2.0200E+02  1.5769E-02
  2.0300E+02  1.5652E-02
  2.0400E+02  1.5500E-02
  2.0500E+02  1.5904E-02
  2.0600E+02  1.5484E-02
  2.0700E+02  1.4647E-02
  2.0800E+02  1.5157E-02
  2.0900E+02  8.8572E-03
  2.1000E+02  1.3366E-03
  2.1100E+02  1.3580E-03
  2.1200E+02  1.3795E-03
  2.1300E+02  1.4012E-03
  2.1400E+02  1.4230E-03
  2.1500E+02  1.4448E-03
  2.1600E+02  1.4669E-03
  2.1700E+02  1.4890E-03
  2.1800E+02  1.5113E-03
  2.1900E+02  1.5336E-03
  2.2000E+02  1.5561E-03
  2.2100E+02  1.5788E-03
  2.2200E+02  1.6015E-03
  2.2300E+02  1.6244E-03
  2.2400E+02  1.6474E-03
  2.2500E+02  1.6705E-03
  2.2600E+02  1.6938E-03
  2.2700E+02  1.7172E-03
  2.2800E+02  1.7411E-03
  2.2900E+02  1.7753E-03
  2.3000E+02  1.8153E-03
  2.3100E+02  1.8514E-03
  2.3200E+02  1.8877E-03
  2.3300E+02  1.9240E-03
  2.3400E+02  1.9604E-03
  2.3500E+02  1.9969E-03
  2.3600E+02  2.0332E-03
  2.3700E+02  2.0690E-03
  2.3800E+02  2.1043E-03
  2.3900E+02  2.1390E-03
  2.4000E+02  2.1733E-03
  2.4100E+02  2.2071E-03
  2.4200E+02  2.2404E-03
  2.4300E+02  2.2731E-03
  2.4400E+02  2.3054E-03
  2.4500E+02  2.3372E-03
  2.4600E+02  2.3684E-03
  2.4700E+02  2.3992E-03
  2.4800E+02  2.4295E-03
  2.4900E+02  2.4592E-03
  2.5000E+02  2.4937E-03
  2.5100E+02  2.5300E-03
  2.5200E+02  2.5676E-03
  2.5300E+02  2.6064E-03
  2.5400E+02  2.6465E-03
  2.5500E+02  2.6879E-03
  2.5600E+02  2.7306E-03
  2.5700E+02  2.7746E-03
  2.5800E+02  2.8199E-03
  2.5900E+02  2.8665E-03
  2.6000E+02  2.9144E-03
  2.6100E+02  2.9636E-03
  2.6200E+02  3.0141E-03
  2.6300E+02  3.0659E-03
  2.6400E+02  3.1190E-03
  2.6500E+02  3.1731E-03
  2.6600E+02  3.2282E-03
  2.6700E+02  3.2843E-03
  2.6800E+02  3.3414E-03
  2.6900E+02  3.3996E-03
  2.7000E+02  3.4588E-03
  2.7100E+02  3.5221E-03
  2.7200E+02  3.5931E-03
  2.7300E+02  3.6733E-03
  2.7400E+02  3.7620E-03
  2.7500E+02  3.8402E-03
  2.7600E+02  3.9101E-03
  2.7700E+02  3.9716E-03
  2.7800E+02  4.0247E-03
  2.7900E+02  4.0695E-03
  2.8000E+02  4.1059E-03
  2.8100E+02  4.1712E-03
  2.8200E+02  4.2434E-03
  2.8300E+02  4.3164E-03
  2.8400E+02  4.3902E-03
  2.8500E+02  4.4647E-03
  2.8600E+02  4.5399E-03
  2.8700E+02  4.6158E-03
  2.8800E+02  4.6925E-03
  2.8900E+02  4.7699E-03
  2.9000E+02  4.8480E-03
  2.9100E+02  4.9265E-03
  2.9200E+02  5.0085E-03
  2.9300E+02  5.0972E-03
  2.9400E+02  5.1966E-03
  2.9500E+02  5.3011E-03
  2.9600E+02  5.4106E-03
  2.9700E+02  5.5251E-03
  2.9800E+02  5.6445E-03
  2.9900E+02  5.7666E-03
  3.0000E+02  5.8959E-03
  3.0100E+02  6.0519E-03
  3.0200E+02  6.2302E-03
  3.0300E+02  6.4040E-03
  3.0400E+02  6.5669E-03
  3.0500E+02  6.7188E-03
  3.0600E+02  6.8596E-03
  3.0700E+02  6.9895E-03
  3.0800E+02  7.1097E-03
  3.0900E+02  7.2465E-03
  3.1000E+02  7.3978E-03
  3.1100E+02  7.5639E-03
  3.1200E+02  7.7445E-03
  3.1300E+02  7.9359E-03
  3.1400E+02  8.1366E-03
  3.1500E+02  8.3487E-03
  3.1600E+02  8.5722E-03
  3.1700E+02  8.8070E-03
  3.1800E+02  9.0536E-03
  3.1900E+02  9.3123E-03
  3.2000E+02  9.5868E-03
  3.2100E+02  9.8965E-03
  3.2200E+02  1.0260E-02
  3.2300E+02  1.0669E-02
  3.2400E+02  1.1123E-02
  3.2500E+02  1.1623E-02
  3.2600E+02  1.2176E-02
  3.2700E+02  1.2784E-02
  3.2800E+02  1.3443E-02
  3.2900E+02  1.4137E-02
  3.3000E+02  1.4865E-02
  3.3100E+02  1.5903E-02
  3.3200E+02  1.8612E-02
  3.3300E+02  1.7444E-02
  3.3400E+02  1.6895E-02
  3.3500E+02  1.6352E-02
  3.3600E+02  1.5779E-02
  3.3700E+02  1.5158E-02
  3.3800E+02  1.4489E-02
  3.3900E+02  1.3773E-02
  3.4000E+02  1.3008E-02
  3.4100E+02  1.1904E-02
  3.4200E+02  1.1053E-02
  3.4300E+02  1.0467E-02
  3.4400E+02  1.0120E-02
  3.4500E+02  9.8200E-03
  3.4600E+02  9.5676E-03
  3.4700E+02  9.3625E-03
  3.4800E+02  9.1763E-03
  3.4900E+02  8.9737E-03
  3.5000E+02  8.8187E-03
  3.5100E+02  1.3263E-02
  3.5200E+02  6.3178E-03
  3.5300E+02  6.0545E-03
  3.5400E+02  5.7971E-03
  3.5500E+02  5.5456E-03
  3.5600E+02  5.2999E-03
  3.5700E+02  5.0601E-03
  3.5800E+02  4.8262E-03
  3.5900E+02  4.5986E-03
  3.6000E+02  4.3808E-03
  3.6100E+02  4.1732E-03
  3.6200E+02  3.9760E-03
  3.6300E+02  3.7896E-03
  3.6400E+02  3.6834E-03
  3.6500E+02  3.1908E-03
  3.6600E+02  2.8663E-03
  3.6700E+02  2.7351E-03
  3.6800E+02  2.6645E-03
  3.6900E+02  2.7500E-03
  3.7000E+02  2.8417E-03
  3.7100E+02  2.9398E-03
  3.7200E+02  3.0443E-03
  3.7300E+02  3.1553E-03
  3.7400E+02  3.2727E-03
  3.7500E+02  3.3965E-03
  3.7600E+02  3.5268E-03
  3.7700E+02  3.6635E-03
  3.7800E+02  3.8034E-03
  3.7900E+02  3.8839E-03
  3.8000E+02  3.9623E-03
  3.8100E+02  4.0631E-03
  3.8200E+02  4.2373E-03
  3.8300E+02  4.5164E-03
  3.8400E+02  5.0507E-03
  3.8500E+02  5.9518E-03
  3.8600E+02  6.9380E-03
  3.8700E+02  8.0093E-03
  3.8800E+02  9.2025E-03
  3.8900E+02  1.0136E-02
  3.9000E+02  1.0603E-02
  3.9100E+02  9.2200E-03
  3.9200E+02  9.1650E-03
  3.9300E+02  9.1672E-03
  3.9400E+02  9.2296E-03
  3.9500E+02  9.3308E-03
  3.9600E+02  9.3876E-03
  3.9700E+02  9.4581E-03
  3.9800E+02  9.5424E-03
  3.9900E+02  9.6405E-03
  4.0000E+02  9.7522E-03
  4.0100E+02  9.8845E-03
  4.0200E+02  1.0025E-02
  4.0300E+02  1.0155E-02
  4.0400E+02  1.0277E-02
  4.0500E+02  1.0389E-02
  4.0600E+02  1.0491E-02
  4.0700E+02  1.0584E-02
  4.0800E+02  1.0672E-02
  4.0900E+02  1.0973E-02
  4.1000E+02  1.1268E-02
  4.1100E+02  1.1466E-02
  4.1200E+02  1.1666E-02
  4.1300E+02  1.1870E-02
  4.1400E+02  1.2217E-02
  4.1500E+02  1.2549E-02
  4.1600E+02  1.2826E-02
  4.1700E+02  1.3126E-02
  4.1800E+02  1.3436E-02
  4.1900E+02  1.3576E-02
  4.2000E+02  1.2641E-02
  4.2100E+02  1.2138E-02
  4.2200E+02  1.2004E-02
  4.2300E+02  1.1910E-02
  4.2400E+02  1.1798E-02
  4.2500E+02  1.1679E-02
  4.2600E+02  1.1553E-02
  4.2700E+02  1.1420E-02
  4.2800E+02  1.1281E-02
  4.2900E+02  1.1134E-02
  4.3000E+02  1.0980E-02
  4.3100E+02  1.0820E-02
  4.3200E+02  1.0653E-02
  4.3300E+02  1.0479E-02
  4.3400E+02  1.0325E-02
  4.3500E+02  1.0131E-02
  4.3600E+02  9.8745E-03
  4.3700E+02  9.5553E-03
  4.3800E+02  9.3605E-03
  4.3900E+02  9.2168E-03
  4.4000E+02  9.0926E-03
  4.4100E+02  8.9945E-03
  4.4200E+02  8.9146E-03
  4.4300E+02  8.9112E-03
  4.4400E+02  8.7286E-03
  4.4500E+02  8.4924E-03
  4.4600E+02  8.3956E-03
  4.4700E+02  8.3618E-03
  4.4800E+02  8.2738E-03
  4.4900E+02  8.1266E-03
  4.5000E+02  7.9201E-03
  4.5100E+02  7.6687E-03
  4.5200E+02  7.5582E-03
  4.5300E+02  7.4484E-03
  4.5400E+02  7.3394E-03
  4.5500E+02  7.2312E-03
  4.5600E+02  7.1238E-03
  4.5700E+02  7.0172E-03
  4.5800E+02  6.9113E-03
  4.5900E+02  6.8062E-03
  4.6000E+02  6.7019E-03
  4.6100E+02  6.5984E-03
  4.6200E+02  6.4966E-03
  4.6300E+02  6.4100E-03
  4.6400E+02  6.3428E-03
  4.6500E+02  6.2976E-03
  4.6600E+02  6.3710E-03
  4.6700E+02  6.5229E-03
  4.6800E+02  6.7549E-03
  4.6900E+02  8.5551E-03
  4.7000E+02  6.7655E-03
  4.7100E+02  6.1520E-03
  4.7200E+02  5.8762E-03
  4.7300E+02  5.7016E-03
  4.7400E+02  6.5010E-03
  4.7500E+02  4.5381E-02
  4.7600E+02  7.3407E-02
  4.7700E+02  9.3526E-02
  4.7800E+02  8.6880E-02
  4.7900E+02  6.5323E-02
  4.8000E+02  6.3645E-02
  4.8100E+02  6.4865E-02
  4.8200E+02  6.4484E-02
  4.8300E+02  6.6555E-02
  4.8400E+02  6.7087E-02
  4.8500E+02  6.6635E-02
  4.8600E+02  6.6353E-02
  4.8700E+02  6.6797E-02
  4.8800E+02  6.6228E-02
  4.8900E+02  6.6424E-02
  4.9000E+02  6.7238E-02
  4.9100E+02  6.7219E-02
  4.9200E+02  6.8257E-02
  4.9300E+02  6.9764E-02
  4.9400E+02  7.1980E-02
  4.9500E+02  7.3908E-02
  4.9600E+02  7.7989E-02
  4.9700E+02  8.4078E-02
  4.9800E+02  8.5496E-02
  4.9900E+02  7.9090E-02
  5.0000E+02  7.8230E-02
  5.0100E+02  4.5039E-02
  5.0200E+02  3.0367E-02
  5.0300E+02  2.6333E-02
  5.0400E+02  2.3214E-02
  5.0500E+02  2.0602E-02
  5.0600E+02  1.6521E-02
  5.0700E+02  1.5162E-02
  5.0800E+02  1.3825E-02
  5.0900E+02  1.2536E-02
  5.1000E+02  1.1349E-02
  5.1100E+02  1.0270E-02
  5.1200E+02  9.3279E-03
  5.1300E+02  8.8011E-03
  5.1400E+02  1.2566E-02
  5.1500E+02  6.7328E-03
  5.1600E+02  6.0951E-03
  5.1700E+02  5.5409E-03
  5.1800E+02  4.4932E-03
  5.1900E+02  3.0133E-03
  5.2000E+02  2.9027E-03
  5.2100E+02  7.1573E-04
  5.2200E+02  1.7642E-04
  5.2300E+02  0.0000E+00
