 -1.8979E-05  0.0000E+00
  9.9998E-01  1.4681E-07
  2.0000E+00  5.8723E-07
  3.0000E+00  1.3213E-06
  4.0000E+00  2.3489E-06
  5.0000E+00  3.6702E-06
  6.0000E+00  5.2851E-06
  7.0000E+00  7.1936E-06
  8.0000E+00  9.3958E-06
  9.0000E+00  1.1892E-05
  1.0000E+01  1.4681E-05
  1.1000E+01  1.7764E-05
  1.2000E+01  2.1140E-05
  1.3000E+01  2.4811E-05
  1.4000E+01  2.8774E-05
  1.5000E+01  3.3032E-05
  1.6000E+01  3.7583E-05
  1.7000E+01  4.2428E-05
  1.8000E+01  4.7566E-05
  1.9000E+01  5.2998E-05
  2.0000E+01  5.8723E-05
  2.1000E+01  6.4743E-05
  2.2000E+01  7.1055E-05
  2.3000E+01  7.7662E-05
  2.4000E+01  8.4562E-05
  2.5000E+01  9.1755E-05
  2.6000E+01  9.9243E-05
  2.7000E+01  1.0702E-04
  2.8000E+01  1.1510E-04
  2.9000E+01  1.2347E-04
  3.0000E+01  1.3213E-04
  3.1000E+01  1.4108E-04
  3.2000E+01  1.5033E-04
  3.3000E+01  1.5987E-04
  3.4000E+01  1.6971E-04
  3.5000E+01  1.7984E-04
  3.6000E+01  1.9026E-04
  3.7000E+01  2.0098E-04
  3.8000E+01  2.1199E-04
  3.9000E+01  2.2330E-04
  4.0000E+01  2.3489E-04
  4.1000E+01  2.4679E-04
  4.2000E+01  2.5897E-04
  4.3000E+01  2.7145E-04
  4.4000E+01  2.8422E-04
  4.5000E+01  2.9729E-04
  4.6000E+01  3.1065E-04
  4.7000E+01  3.2430E-04
  4.8000E+01  3.3825E-04
  4.9000E+01  3.5249E-04
  5.0000E+01  3.6702E-04
  5.1000E+01  3.8185E-04
  5.2000E+01  3.9697E-04
  5.3000E+01  4.1239E-04
  5.4000E+01  4.2809E-04
  5.5000E+01  4.4410E-04
  5.6000E+01  4.6039E-04
  5.7000E+01  4.7698E-04
  5.8000E+01  4.9386E-04
  5.9000E+01  5.1104E-04
  6.0000E+01  5.2851E-04
  6.1000E+01  5.4628E-04
  6.2000E+01  5.6433E-04
  6.3000E+01  5.8861E-04
  6.4000E+01  7.4176E-04
  6.5000E+01  8.9178E-04
  6.6000E+01  1.0387E-03
  6.7000E+01  1.1824E-03
  6.8000E+01  1.3231E-03
  6.9000E+01  1.4606E-03
  7.0000E+01  1.5950E-03
  7.1000E+01  1.7262E-03
  7.2000E+01  1.8543E-03
  7.3000E+01  1.9793E-03
  7.4000E+01  2.1012E-03
  7.5000E+01  2.2200E-03
  7.6000E+01  2.3356E-03
  7.7000E+01  2.4481E-03
  7.8000E+01  2.5575E-03
  7.9000E+01  2.6637E-03
  8.0000E+01  2.7668E-03
  8.1000E+01  2.8668E-03
  8.2000E+01  2.9636E-03
  8.3000E+01  3.0574E-03
  8.4000E+01  3.1480E-03
  8.5000E+01  3.2355E-03
  8.6000E+01  3.3457E-03
  8.7000E+01  3.4632E-03
  8.8000E+01  3.5846E-03
  8.9000E+01  3.7098E-03
  9.0000E+01  3.8390E-03
  9.1000E+01  3.9860E-03
  9.2000E+01  4.1678E-03
  9.3000E+01  4.3754E-03
  9.4000E+01  4.6090E-03
  9.5000E+01  4.8685E-03
  9.6000E+01  5.1540E-03
  9.7000E+01  5.4655E-03
  9.8000E+01  5.8033E-03
  9.9000E+01  6.1673E-03
  1.0000E+02  6.5575E-03
  1.0100E+02  6.9740E-03
  1.0200E+02  7.4168E-03
  1.0300E+02  7.9609E-03
  1.0400E+02  8.6646E-03
  1.0500E+02  9.3644E-03
  1.0600E+02  1.0060E-02
  1.0700E+02  1.0752E-02
  1.0800E+02  1.1440E-02
  1.0900E+02  1.2092E-02
  1.1000E+02  1.2519E-02
  1.1100E+02  1.2991E-02
  1.1200E+02  1.3509E-02
  1.1300E+02  1.4075E-02
  1.1400E+02  1.4687E-02
  1.1500E+02  1.5266E-02
  1.1600E+02  1.5812E-02
  1.1700E+02  1.6325E-02
  1.1800E+02  1.6805E-02
  1.1900E+02  1.7242E-02
  1.2000E+02  1.7701E-02
  1.2100E+02  1.8193E-02
  1.2200E+02  1.8720E-02
  1.2300E+02  1.7187E-02
  1.2400E+02  1.7420E-02
  1.2500E+02  1.7649E-02
  1.2600E+02  1.7873E-02
  1.2700E+02  1.8554E-02
  1.2800E+02  2.2558E-02
  1.2900E+02  2.3285E-02
  1.3000E+02  1.9977E-02
  1.3100E+02  2.0350E-02
  1.3200E+02  2.0793E-02
  1.3300E+02  2.1988E-02
  1.3400E+02  2.4115E-02
  1.3500E+02  2.5243E-02
  1.3600E+02  2.5573E-02
  1.3700E+02  2.5794E-02
  1.3800E+02  2.5906E-02
  1.3900E+02  2.5908E-02
  1.4000E+02  2.5882E-02
  1.4100E+02  2.6262E-02
  1.4200E+02  2.6574E-02
  1.4300E+02  2.7744E-02
  1.4400E+02  2.8651E-02
  1.4500E+02  2.8411E-02
  1.4600E+02  2.8079E-02
  1.4700E+02  2.7653E-02
  1.4800E+02  2.7165E-02
  1.4900E+02  2.6924E-02
  1.5000E+02  2.6674E-02
  1.5100E+02  2.7093E-02
  1.5200E+02  2.7876E-02
  1.5300E+02  2.8820E-02
  1.5400E+02  2.8397E-02
  1.5500E+02  2.9728E-02
  1.5600E+02  2.6633E-02
  1.5700E+02  2.5606E-02
  1.5800E+02  2.5326E-02
  1.5900E+02  2.5045E-02
  1.6000E+02  2.4763E-02
  1.6100E+02  2.4480E-02
  1.6200E+02  2.4197E-02
  1.6300E+02  2.4174E-02
  1.6400E+02  2.4363E-02
  1.6500E+02  2.3751E-02
  1.6600E+02  2.3633E-02
  1.6700E+02  2.3592E-02
  1.6800E+02  2.2573E-02
  1.6900E+02  2.0646E-02
  1.7000E+02  1.8773E-02
  1.7100E+02  1.8130E-02
  1.7200E+02  1.7329E-02
  1.7300E+02  1.6372E-02
  1.7400E+02  1.5257E-02
  1.7500E+02  1.3986E-02
  1.7600E+02  1.3456E-02
  1.7700E+02  1.3465E-02
  1.7800E+02  1.3469E-02
  1.7900E+02  1.3468E-02
  1.8000E+02  1.3462E-02
  1.8100E+02  1.3451E-02
  1.8200E+02  1.3434E-02
  1.8300E+02  1.3413E-02
  1.8400E+02  1.3386E-02
  1.8500E+02  1.3354E-02
  1.8600E+02  1.3317E-02
  1.8700E+02  1.3275E-02
  1.8800E+02  1.3228E-02
  1.8900E+02  1.3176E-02
  1.9000E+02  1.3118E-02
  1.9100E+02  1.3056E-02
  1.9200E+02  1.3537E-02
  1.9300E+02  1.3422E-02
  1.9400E+02  1.3255E-02
  1.9500E+02  1.3038E-02
  1.9600E+02  1.2771E-02
  1.9700E+02  1.2452E-02
  1.9800E+02  1.2083E-02
  1.9900E+02  1.1663E-02
  2.0000E+02  1.1199E-02
  2.0100E+02  1.0686E-02
  2.0200E+02  1.0123E-02
  2.0300E+02  9.5089E-03
  2.0400E+02  8.8437E-03
  2.0500E+02  8.1276E-03
  2.0600E+02  7.3605E-03
  2.0700E+02  1.8576E-02
  2.0800E+02  1.2551E-03
  2.0900E+02  1.2771E-03
  2.1000E+02  1.2990E-03
  2.1100E+02  1.3207E-03
  2.1200E+02  1.3423E-03
  2.1300E+02  1.3638E-03
  2.1400E+02  1.3851E-03
  2.1500E+02  1.4063E-03
  2.1600E+02  1.4274E-03
  2.1700E+02  1.4484E-03
  2.1800E+02  1.4693E-03
  2.1900E+02  1.4900E-03
  2.2000E+02  1.5106E-03
  2.2100E+02  1.5311E-03
  2.2200E+02  1.5514E-03
  2.2300E+02  1.5717E-03
  2.2400E+02  1.5918E-03
  2.2500E+02  1.6118E-03
  2.2600E+02  1.6316E-03
  2.2700E+02  1.6514E-03
  2.2800E+02  1.6710E-03
  2.2900E+02  1.6905E-03
  2.3000E+02  1.7098E-03
  2.3100E+02  1.7291E-03
  2.3200E+02  1.7513E-03
  2.3300E+02  1.7793E-03
  2.3400E+02  1.8080E-03
  2.3500E+02  1.8375E-03
  2.3600E+02  1.8677E-03
  2.3700E+02  1.8987E-03
  2.3800E+02  1.9304E-03
  2.3900E+02  1.9628E-03
  2.4000E+02  1.9960E-03
  2.4100E+02  2.0299E-03
  2.4200E+02  2.0646E-03
  2.4300E+02  2.1000E-03
  2.4400E+02  2.1362E-03
  2.4500E+02  2.1730E-03
  2.4600E+02  2.2107E-03
  2.4700E+02  2.2491E-03
  2.4800E+02  2.2882E-03
  2.4900E+02  2.3280E-03
  2.5000E+02  2.3686E-03
  2.5100E+02  2.4100E-03
  2.5200E+02  2.4520E-03
  2.5300E+02  2.4949E-03
  2.5400E+02  2.5384E-03
  2.5500E+02  2.5827E-03
  2.5600E+02  2.6278E-03
  2.5700E+02  2.6735E-03
  2.5800E+02  2.7201E-03
  2.5900E+02  2.7673E-03
  2.6000E+02  2.8153E-03
  2.6100E+02  2.8641E-03
  2.6200E+02  2.9136E-03
  2.6300E+02  2.9642E-03
  2.6400E+02  3.0169E-03
  2.6500E+02  3.0717E-03
  2.6600E+02  3.1288E-03
  2.6700E+02  3.1879E-03
  2.6800E+02  3.2493E-03
  2.6900E+02  3.3128E-03
  2.7000E+02  3.3785E-03
  2.7100E+02  3.4463E-03
  2.7200E+02  3.5163E-03
  2.7300E+02  3.5885E-03
  2.7400E+02  3.6628E-03
  2.7500E+02  3.7300E-03
  2.7600E+02  3.7934E-03
  2.7700E+02  3.8542E-03
  2.7800E+02  3.9125E-03
  2.7900E+02  3.9684E-03
  2.8000E+02  4.0218E-03
  2.8100E+02  4.0727E-03
  2.8200E+02  4.1211E-03
  2.8300E+02  4.1670E-03
  2.8400E+02  4.2105E-03
  2.8500E+02  4.2515E-03
  2.8600E+02  4.3105E-03
  2.8700E+02  4.3946E-03
  2.8800E+02  4.4807E-03
  2.8900E+02  4.5688E-03
  2.9000E+02  4.6590E-03
  2.9100E+02  4.7512E-03
  2.9200E+02  4.8455E-03
  2.9300E+02  4.9418E-03
  2.9400E+02  5.0401E-03
  2.9500E+02  5.1405E-03
  2.9600E+02  5.2429E-03
  2.9700E+02  5.3474E-03
  2.9800E+02  5.4539E-03
  2.9900E+02  5.5625E-03
  3.0000E+02  5.6731E-03
  3.0100E+02  5.7857E-03
  3.0200E+02  5.9004E-03
  3.0300E+02  6.0171E-03
  3.0400E+02  6.1358E-03
  3.0500E+02  6.2566E-03
  3.0600E+02  6.3794E-03
  3.0700E+02  6.5043E-03
  3.0800E+02  6.6312E-03
  3.0900E+02  6.7602E-03
  3.1000E+02  6.8912E-03
  3.1100E+02  7.0242E-03
  3.1200E+02  7.1593E-03
  3.1300E+02  7.2964E-03
  3.1400E+02  7.5996E-03
  3.1500E+02  8.2275E-03
  3.1600E+02  8.8457E-03
  3.1700E+02  9.4542E-03
  3.1800E+02  1.0053E-02
  3.1900E+02  1.0613E-02
  3.2000E+02  1.1149E-02
  3.2100E+02  1.1659E-02
  3.2200E+02  1.2146E-02
  3.2300E+02  1.2607E-02
  3.2400E+02  1.3044E-02
  3.2500E+02  1.2659E-02
  3.2600E+02  1.2818E-02
  3.2700E+02  1.2969E-02
  3.2800E+02  1.3112E-02
  3.2900E+02  1.3247E-02
  3.3000E+02  1.3374E-02
  3.3100E+02  1.3493E-02
  3.3200E+02  1.3604E-02
  3.3300E+02  1.3706E-02
  3.3400E+02  1.3801E-02
  3.3500E+02  1.3888E-02
  3.3600E+02  1.3966E-02
  3.3700E+02  1.4037E-02
  3.3800E+02  1.4100E-02
  3.3900E+02  1.4154E-02
  3.4000E+02  1.4201E-02
  3.4100E+02  1.4239E-02
  3.4200E+02  1.4270E-02
  3.4300E+02  1.4305E-02
  3.4400E+02  1.4336E-02
  3.4500E+02  1.4346E-02
  3.4600E+02  1.4335E-02
  3.4700E+02  1.4304E-02
  3.4800E+02  1.4252E-02
  3.4900E+02  1.4179E-02
  3.5000E+02  1.4548E-02
  3.5100E+02  1.3387E-02
  3.5200E+02  1.0376E-02
  3.5300E+02  7.3829E-03
  3.5400E+02  6.4432E-03
  3.5500E+02  5.6362E-03
  3.5600E+02  3.4566E-03
  3.5700E+02  3.3660E-03
  3.5800E+02  3.2753E-03
  3.5900E+02  3.1846E-03
  3.6000E+02  3.0938E-03
  3.6100E+02  3.0029E-03
  3.6200E+02  2.9120E-03
  3.6300E+02  2.8210E-03
  3.6400E+02  2.7299E-03
  3.6500E+02  2.6388E-03
  3.6600E+02  2.5476E-03
  3.6700E+02  2.4564E-03
  3.6800E+02  2.3650E-03
  3.6900E+02  2.2737E-03
  3.7000E+02  2.1822E-03
  3.7100E+02  2.0907E-03
  3.7200E+02  1.9991E-03
  3.7300E+02  1.9075E-03
  3.7400E+02  1.8158E-03
  3.7500E+02  2.2493E-03
  3.7600E+02  2.4384E-03
  3.7700E+02  2.6231E-03
  3.7800E+02  2.8080E-03
  3.7900E+02  2.9968E-03
  3.8000E+02  3.1894E-03
  3.8100E+02  3.3859E-03
  3.8200E+02  3.5863E-03
  3.8300E+02  3.7905E-03
  3.8400E+02  3.9986E-03
  3.8500E+02  4.2106E-03
  3.8600E+02  4.4264E-03
  3.8700E+02  4.6461E-03
  3.8800E+02  4.8696E-03
  3.8900E+02  5.0970E-03
  3.9000E+02  5.3283E-03
  3.9100E+02  5.5634E-03
  3.9200E+02  5.8024E-03
  3.9300E+02  6.0453E-03
  3.9400E+02  6.2920E-03
  3.9500E+02  6.5426E-03
  3.9600E+02  6.7971E-03
  3.9700E+02  7.0875E-03
  3.9800E+02  7.4048E-03
  3.9900E+02  8.0463E-03
  4.0000E+02  9.7705E-03
  4.0100E+02  1.0758E-02
  4.0200E+02  1.1695E-02
  4.0300E+02  1.2581E-02
  4.0400E+02  1.3418E-02
  4.0500E+02  1.4204E-02
  4.0600E+02  1.4940E-02
  4.0700E+02  1.5626E-02
  4.0800E+02  1.6262E-02
  4.0900E+02  1.7611E-02
  4.1000E+02  2.3192E-02
  4.1100E+02  1.8033E-02
  4.1200E+02  1.4607E-02
  4.1300E+02  1.3459E-02
  4.1400E+02  1.3207E-02
  4.1500E+02  1.3236E-02
  4.1600E+02  1.2935E-02
  4.1700E+02  1.2865E-02
  4.1800E+02  1.2791E-02
  4.1900E+02  1.2712E-02
  4.2000E+02  1.2630E-02
  4.2100E+02  1.2543E-02
  4.2200E+02  1.2451E-02
  4.2300E+02  1.2356E-02
  4.2400E+02  1.2256E-02
  4.2500E+02  1.2152E-02
  4.2600E+02  1.2043E-02
  4.2700E+02  1.1930E-02
  4.2800E+02  1.1813E-02
  4.2900E+02  1.1691E-02
  4.3000E+02  1.1565E-02
  4.3100E+02  1.1435E-02
  4.3200E+02  1.1300E-02
  4.3300E+02  1.1161E-02
  4.3400E+02  1.1018E-02
  4.3500E+02  1.0871E-02
  4.3600E+02  1.0719E-02
  4.3700E+02  1.0642E-02
  4.3800E+02  1.0575E-02
  4.3900E+02  1.0429E-02
  4.4000E+02  1.0204E-02
  4.4100E+02  9.8996E-03
  4.4200E+02  9.5158E-03
  4.4300E+02  9.2456E-03
  4.4400E+02  9.0563E-03
  4.4500E+02  8.8907E-03
  4.4600E+02  8.7488E-03
  4.4700E+02  8.6306E-03
  4.4800E+02  8.5311E-03
  4.4900E+02  9.8190E-03
  4.5000E+02  1.0850E-02
  4.5100E+02  9.7238E-03
  4.5200E+02  6.9503E-03
  4.5300E+02  6.8074E-03
  4.5400E+02  6.6661E-03
  4.5500E+02  6.5265E-03
  4.5600E+02  6.3885E-03
  4.5700E+02  6.2521E-03
  4.5800E+02  6.1173E-03
  4.5900E+02  5.9842E-03
  4.6000E+02  5.8527E-03
  4.6100E+02  5.7228E-03
  4.6200E+02  5.5946E-03
  4.6300E+02  5.4680E-03
  4.6400E+02  5.3430E-03
  4.6500E+02  5.2197E-03
  4.6600E+02  5.0980E-03
  4.6700E+02  4.9779E-03
  4.6800E+02  4.8594E-03
  4.6900E+02  4.7426E-03
  4.7000E+02  4.6274E-03
  4.7100E+02  4.5138E-03
  4.7200E+02  1.3657E-02
  4.7300E+02  2.1114E-02
  4.7400E+02  2.7412E-02
  4.7500E+02  3.3848E-02
  4.7600E+02  4.0806E-02
  4.7700E+02  4.8591E-02
  4.7800E+02  6.5939E-02
  4.7900E+02  5.6886E-02
  4.8000E+02  6.1534E-02
  4.8100E+02  6.8312E-02
  4.8200E+02  6.8464E-02
  4.8300E+02  6.9669E-02
  4.8400E+02  8.5284E-02
  4.8500E+02  7.5358E-02
  4.8600E+02  7.7910E-02
  4.8700E+02  7.8234E-02
  4.8800E+02  8.5493E-02
  4.8900E+02  8.1838E-02
  4.9000E+02  8.0208E-02
  4.9100E+02  7.8869E-02
  4.9200E+02  7.7853E-02
  4.9300E+02  7.5409E-02
  4.9400E+02  8.3195E-02
  4.9500E+02  9.2855E-02
  4.9600E+02  8.6102E-02
  4.9700E+02  7.1418E-02
  4.9800E+02  5.9406E-02
  4.9900E+02  4.8313E-02
  5.0000E+02  3.7424E-02
  5.0100E+02  2.6741E-02
  5.0200E+02  1.5521E-02
  5.0300E+02  1.3761E-02
  5.0400E+02  1.2568E-02
  5.0500E+02  1.1468E-02
  5.0600E+02  1.0461E-02
  5.0700E+02  9.5474E-03
  5.0800E+02  8.7270E-03
  5.0900E+02  7.9998E-03
  5.1000E+02  7.3658E-03
  5.1100E+02  6.8476E-03
  5.1200E+02  6.4274E-03
  5.1300E+02  6.2388E-03
  5.1400E+02  6.0894E-03
  5.1500E+02  5.9419E-03
  5.1600E+02  5.7963E-03
  5.1700E+02  5.6526E-03
  5.1800E+02  5.5109E-03
  5.1900E+02  5.3711E-03
  5.2000E+02  5.2332E-03
  5.2100E+02  5.0973E-03
  5.2200E+02  4.9633E-03
  5.2300E+02  4.8312E-03
  5.2400E+02  4.7010E-03
  5.2500E+02  4.5727E-03
  5.2600E+02  4.4464E-03
  5.2700E+02  4.3220E-03
  5.2800E+02  4.1996E-03
  5.2900E+02  4.0790E-03
  5.3000E+02  3.9604E-03
  5.3100E+02  3.8437E-03
  5.3200E+02  3.7290E-03
  5.3300E+02  3.6161E-03
  5.3400E+02  3.5052E-03
  5.3500E+02  3.3962E-03
  5.3600E+02  3.2892E-03
  5.3700E+02  3.1840E-03
  5.3800E+02  3.2196E-03
  5.3900E+02  3.2590E-03
  5.4000E+02  3.2672E-03
  5.4100E+02  3.2442E-03
  5.4200E+02  3.1900E-03
  5.4300E+02  3.1046E-03
  5.4400E+02  2.9881E-03
  5.4500E+02  2.8404E-03
  5.4600E+02  2.6615E-03
  5.4700E+02  2.4514E-03
  5.4800E+02  3.0755E-03
  5.4900E+02  3.1054E-03
  5.5000E+02  2.5098E-03
  5.5100E+02  1.4296E-03
  5.5200E+02  1.0176E-03
  5.5300E+02  9.6860E-04
  5.5400E+02  9.2084E-04
  5.5500E+02  8.7429E-04
  5.5600E+02  8.2895E-04
  5.5700E+02  7.8481E-04
  5.5800E+02  7.4188E-04
  5.5900E+02  7.0016E-04
  5.6000E+02  6.5964E-04
  5.6100E+02  6.2034E-04
  5.6200E+02  5.8224E-04
  5.6300E+02  5.4535E-04
  5.6400E+02  5.0966E-04
  5.6500E+02  4.7518E-04
  5.6600E+02  4.4191E-04
  5.6700E+02  4.0985E-04
  5.6800E+02  3.7899E-04
  5.6900E+02  3.4935E-04
  5.7000E+02  3.2090E-04
  5.7100E+02  2.9367E-04
  5.7200E+02  2.6764E-04
  5.7300E+02  2.4283E-04
  5.7400E+02  2.1921E-04
  5.7500E+02  1.9681E-04
  5.7600E+02  1.7561E-04
  5.7700E+02  1.5563E-04
  5.7800E+02  1.3684E-04
  5.7900E+02  1.1927E-04
  5.8000E+02  1.0290E-04
  5.8100E+02  8.7742E-05
  5.8200E+02  7.3790E-05
  5.8300E+02  6.1045E-05
  5.8400E+02  4.9508E-05
  5.8500E+02  3.9177E-05
  5.8600E+02  3.0055E-05
  5.8700E+02  2.2139E-05
  5.8800E+02  1.5431E-05
  5.8900E+02  9.9306E-06
  5.9000E+02  5.6374E-06
  5.9100E+02  2.5515E-06
  5.9200E+02  6.7300E-07
  5.9300E+02  1.8827E-09
  5.9400E+02  0.0000E+00
