  0.0000E+00  0.0000E+00
  1.0000E+00  1.8389E-07
  2.0000E+00  7.3558E-07
  3.0000E+00  1.6551E-06
  4.0000E+00  2.9423E-06
  5.0000E+00  4.5974E-06
  6.0000E+00  6.6203E-06
  7.0000E+00  9.0109E-06
  8.0000E+00  1.1769E-05
  9.0000E+00  1.4896E-05
  1.0000E+01  1.8390E-05
  1.1000E+01  2.2251E-05
  1.2000E+01  2.6481E-05
  1.3000E+01  3.1078E-05
  1.4000E+01  3.6044E-05
  1.5000E+01  4.1377E-05
  1.6000E+01  4.7077E-05
  1.7000E+01  5.3146E-05
  1.8000E+01  5.9582E-05
  1.9000E+01  6.6387E-05
  2.0000E+01  7.3559E-05
  2.1000E+01  8.1098E-05
  2.2000E+01  8.9006E-05
  2.3000E+01  9.7281E-05
  2.4000E+01  1.0592E-04
  2.5000E+01  1.1494E-04
  2.6000E+01  1.2431E-04
  2.7000E+01  1.3406E-04
  2.8000E+01  1.4417E-04
  2.9000E+01  1.5466E-04
  3.0000E+01  1.6551E-04
  3.1000E+01  1.7672E-04
  3.2000E+01  1.8831E-04
  3.3000E+01  2.0026E-04
  3.4000E+01  2.1258E-04
  3.5000E+01  2.2527E-04
  3.6000E+01  2.3833E-04
  3.7000E+01  2.5175E-04
  3.8000E+01  2.6555E-04
  3.9000E+01  2.7971E-04
  4.0000E+01  2.9423E-04
  4.1000E+01  3.0913E-04
  4.2000E+01  3.2439E-04
  4.3000E+01  3.4002E-04
  4.4000E+01  3.5602E-04
  4.5000E+01  3.7239E-04
  4.6000E+01  3.8913E-04
  4.7000E+01  4.0623E-04
  4.8000E+01  4.2370E-04
  4.9000E+01  4.4154E-04
  5.0000E+01  4.5974E-04
  5.1000E+01  4.7832E-04
  5.2000E+01  4.9726E-04
  5.3000E+01  5.1657E-04
  5.4000E+01  5.3624E-04
  5.5000E+01  5.5629E-04
  5.6000E+01  5.7670E-04
  5.7000E+01  5.9748E-04
  5.8000E+01  6.1863E-04
  5.9000E+01  6.4014E-04
  6.0000E+01  6.6203E-04
  6.1000E+01  6.8428E-04
  6.2000E+01  7.0690E-04
  6.3000E+01  7.2989E-04
  6.4000E+01  7.5324E-04
  6.5000E+01  7.7696E-04
  6.6000E+01  8.0105E-04
  6.7000E+01  8.2551E-04
  6.8000E+01  8.5034E-04
  6.9000E+01  8.7553E-04
  7.0000E+01  9.0109E-04
  7.1000E+01  9.2702E-04
  7.2000E+01  9.5332E-04
  7.3000E+01  9.7999E-04
  7.4000E+01  1.0070E-03
  7.5000E+01  1.0344E-03
  7.6000E+01  1.0622E-03
  7.7000E+01  1.0903E-03
  7.8000E+01  1.1188E-03
  7.9000E+01  1.1477E-03
  8.0000E+01  1.1769E-03
  8.1000E+01  1.2065E-03
  8.2000E+01  1.2365E-03
  8.3000E+01  1.5510E-03
  8.4000E+01  1.8692E-03
  8.5000E+01  2.1866E-03
  8.6000E+01  2.5031E-03
  8.7000E+01  2.8188E-03
  8.8000E+01  3.1336E-03
  8.9000E+01  3.4475E-03
  9.0000E+01  3.7606E-03
  9.1000E+01  4.0728E-03
  9.2000E+01  4.3842E-03
  9.3000E+01  4.6947E-03
  9.4000E+01  5.0043E-03
  9.5000E+01  5.3131E-03
  9.6000E+01  5.6210E-03
  9.7000E+01  5.9281E-03
  9.8000E+01  6.2343E-03
  9.9000E+01  6.5397E-03
  1.0000E+02  6.8442E-03
  1.0100E+02  7.1478E-03
  1.0200E+02  7.5681E-03
  1.0300E+02  8.0501E-03
  1.0400E+02  8.5298E-03
  1.0500E+02  9.0073E-03
  1.0600E+02  9.4824E-03
  1.0700E+02  9.9554E-03
  1.0800E+02  1.0426E-02
  1.0900E+02  1.0894E-02
  1.1000E+02  1.1361E-02
  1.1100E+02  1.1821E-02
  1.1200E+02  1.2294E-02
  1.1300E+02  1.2783E-02
  1.1400E+02  1.3287E-02
  1.1500E+02  1.3807E-02
  1.1600E+02  1.4343E-02
  1.1700E+02  1.4894E-02
  1.1800E+02  1.5461E-02
  1.1900E+02  1.6043E-02
  1.2000E+02  1.6641E-02
  1.2100E+02  1.7254E-02
  1.2200E+02  1.9094E-02
  1.2300E+02  2.1491E-02
  1.2400E+02  2.3657E-02
  1.2500E+02  2.5593E-02
  1.2600E+02  2.7297E-02
  1.2700E+02  2.8770E-02
  1.2800E+02  2.9830E-02
  1.2900E+02  3.0839E-02
  1.3000E+02  3.1810E-02
  1.3100E+02  3.2742E-02
  1.3200E+02  3.3636E-02
  1.3300E+02  2.9951E-02
  1.3400E+02  2.8868E-02
  1.3500E+02  2.6880E-02
  1.3600E+02  2.4898E-02
  1.3700E+02  2.3220E-02
  1.3800E+02  2.1845E-02
  1.3900E+02  2.1378E-02
  1.4000E+02  2.1193E-02
  1.4100E+02  2.1013E-02
  1.4200E+02  2.0839E-02
  1.4300E+02  2.0670E-02
  1.4400E+02  2.0507E-02
  1.4500E+02  2.0349E-02
  1.4600E+02  2.0197E-02
  1.4700E+02  2.0050E-02
  1.4800E+02  1.9909E-02
  1.4900E+02  1.9773E-02
  1.5000E+02  1.9643E-02
  1.5100E+02  1.9519E-02
  1.5200E+02  1.9400E-02
  1.5300E+02  1.9286E-02
  1.5400E+02  1.9178E-02
  1.5500E+02  1.9076E-02
  1.5600E+02  1.8979E-02
  1.5700E+02  1.8888E-02
  1.5800E+02  1.8802E-02
  1.5900E+02  1.8722E-02
  1.6000E+02  1.8647E-02
  1.6100E+02  1.8578E-02
  1.6200E+02  1.8515E-02
  1.6300E+02  1.8457E-02
  1.6400E+02  1.8404E-02
  1.6500E+02  1.8357E-02
  1.6600E+02  1.8563E-02
  1.6700E+02  2.1147E-02
  1.6800E+02  2.2252E-02
  1.6900E+02  2.1878E-02
  1.7000E+02  2.0024E-02
  1.7100E+02  1.9294E-02
  1.7200E+02  1.9299E-02
  1.7300E+02  1.9311E-02
  1.7400E+02  1.9330E-02
  1.7500E+02  1.9357E-02
  1.7600E+02  1.9390E-02
  1.7700E+02  1.7402E-02
  1.7800E+02  1.7863E-02
  1.7900E+02  1.8334E-02
  1.8000E+02  1.8815E-02
  1.8100E+02  1.9305E-02
  1.8200E+02  1.9804E-02
  1.8300E+02  2.0313E-02
  1.8400E+02  2.0832E-02
  1.8500E+02  2.1360E-02
  1.8600E+02  2.1897E-02
  1.8700E+02  2.2444E-02
  1.8800E+02  2.5297E-02
  1.8900E+02  2.6468E-02
  1.9000E+02  2.7585E-02
  1.9100E+02  2.8647E-02
  1.9200E+02  2.9833E-02
  1.9300E+02  3.1502E-02
  1.9400E+02  3.5407E-02
  1.9500E+02  3.4003E-02
  1.9600E+02  2.4224E-03
  1.9700E+02  2.4906E-03
  1.9800E+02  2.3962E-03
  1.9900E+02  2.1394E-03
  2.0000E+02  1.7200E-03
  2.0100E+02  1.1735E-03
  2.0200E+02  1.1999E-03
  2.0300E+02  1.2265E-03
  2.0400E+02  1.2532E-03
  2.0500E+02  1.2802E-03
  2.0600E+02  1.3073E-03
  2.0700E+02  1.3347E-03
  2.0800E+02  1.3622E-03
  2.0900E+02  1.3899E-03
  2.1000E+02  1.4178E-03
  2.1100E+02  1.4458E-03
  2.1200E+02  1.4741E-03
  2.1300E+02  1.5025E-03
  2.1400E+02  1.5312E-03
  2.1500E+02  1.5600E-03
  2.1600E+02  1.5890E-03
  2.1700E+02  1.6182E-03
  2.1800E+02  1.6476E-03
  2.1900E+02  1.6771E-03
  2.2000E+02  1.7069E-03
  2.2100E+02  1.7368E-03
  2.2200E+02  1.7669E-03
  2.2300E+02  1.7972E-03
  2.2400E+02  1.8277E-03
  2.2500E+02  1.8584E-03
  2.2600E+02  1.8893E-03
  2.2700E+02  1.9203E-03
  2.2800E+02  1.9516E-03
  2.2900E+02  1.9830E-03
  2.3000E+02  2.0146E-03
  2.3100E+02  2.0464E-03
  2.3200E+02  2.0784E-03
  2.3300E+02  2.1106E-03
  2.3400E+02  2.1429E-03
  2.3500E+02  2.1755E-03
  2.3600E+02  2.2082E-03
  2.3700E+02  2.2411E-03
  2.3800E+02  2.2743E-03
  2.3900E+02  2.3075E-03
  2.4000E+02  2.3410E-03
  2.4100E+02  2.3747E-03
  2.4200E+02  2.4085E-03
  2.4300E+02  2.4426E-03
  2.4400E+02  2.4768E-03
  2.4500E+02  2.5112E-03
  2.4600E+02  2.5458E-03
  2.4700E+02  2.5806E-03
  2.4800E+02  2.6155E-03
  2.4900E+02  2.6507E-03
  2.5000E+02  2.6913E-03
  2.5100E+02  2.7409E-03
  2.5200E+02  2.7910E-03
  2.5300E+02  2.8417E-03
  2.5400E+02  2.8930E-03
  2.5500E+02  2.9448E-03
  2.5600E+02  2.9971E-03
  2.5700E+02  3.0500E-03
  2.5800E+02  3.1034E-03
  2.5900E+02  3.1574E-03
  2.6000E+02  3.2119E-03
  2.6100E+02  3.2670E-03
  2.6200E+02  3.3226E-03
  2.6300E+02  3.3788E-03
  2.6400E+02  3.4355E-03
  2.6500E+02  3.4928E-03
  2.6600E+02  3.5506E-03
  2.6700E+02  3.6090E-03
  2.6800E+02  3.6679E-03
  2.6900E+02  3.7273E-03
  2.7000E+02  3.7873E-03
  2.7100E+02  3.8479E-03
  2.7200E+02  3.9090E-03
  2.7300E+02  3.9706E-03
  2.7400E+02  4.0328E-03
  2.7500E+02  4.0956E-03
  2.7600E+02  4.1588E-03
  2.7700E+02  4.2227E-03
  2.7800E+02  4.2870E-03
  2.7900E+02  4.3520E-03
  2.8000E+02  4.4174E-03
  2.8100E+02  4.4835E-03
  2.8200E+02  4.5500E-03
  2.8300E+02  4.6172E-03
  2.8400E+02  4.6848E-03
  2.8500E+02  4.7530E-03
  2.8600E+02  4.8218E-03
  2.8700E+02  4.8911E-03
  2.8800E+02  4.9932E-03
  2.8900E+02  5.1330E-03
  2.9000E+02  5.2769E-03
  2.9100E+02  5.4250E-03
  2.9200E+02  5.5772E-03
  2.9300E+02  5.7335E-03
  2.9400E+02  5.8940E-03
  2.9500E+02  6.0586E-03
  2.9600E+02  6.2273E-03
  2.9700E+02  6.4002E-03
  2.9800E+02  6.5773E-03
  2.9900E+02  6.7584E-03
  3.0000E+02  6.9437E-03
  3.0100E+02  7.1332E-03
  3.0200E+02  7.3267E-03
  3.0300E+02  7.5245E-03
  3.0400E+02  7.7263E-03
  3.0500E+02  7.9323E-03
  3.0600E+02  8.1425E-03
  3.0700E+02  8.3567E-03
  3.0800E+02  8.5752E-03
  3.0900E+02  8.7977E-03
  3.1000E+02  9.0244E-03
  3.1100E+02  9.2553E-03
  3.1200E+02  9.4902E-03
  3.1300E+02  9.7293E-03
  3.1400E+02  9.9726E-03
  3.1500E+02  1.0220E-02
  3.1600E+02  1.0472E-02
  3.1700E+02  1.0727E-02
  3.1800E+02  1.0987E-02
  3.1900E+02  1.1251E-02
  3.2000E+02  1.1519E-02
  3.2100E+02  1.1791E-02
  3.2200E+02  1.2068E-02
  3.2300E+02  1.2348E-02
  3.2400E+02  1.2633E-02
  3.2500E+02  1.2922E-02
  3.2600E+02  1.3214E-02
  3.2700E+02  1.3512E-02
  3.2800E+02  1.9302E-02
  3.2900E+02  1.9076E-02
  3.3000E+02  1.8819E-02
  3.3100E+02  1.8533E-02
  3.3200E+02  1.8216E-02
  3.3300E+02  1.7869E-02
  3.3400E+02  1.7491E-02
  3.3500E+02  1.6896E-02
  3.3600E+02  1.4115E-02
  3.3700E+02  1.1813E-02
  3.3800E+02  9.9913E-03
  3.3900E+02  8.6495E-03
  3.4000E+02  8.1418E-03
  3.4100E+02  7.9730E-03
  3.4200E+02  7.8026E-03
  3.4300E+02  7.6306E-03
  3.4400E+02  7.4570E-03
  3.4500E+02  7.2817E-03
  3.4600E+02  7.1049E-03
  3.4700E+02  6.9264E-03
  3.4800E+02  6.7463E-03
  3.4900E+02  6.5646E-03
  3.5000E+02  6.3812E-03
  3.5100E+02  6.1962E-03
  3.5200E+02  6.0097E-03
  3.5300E+02  5.8214E-03
  3.5400E+02  5.6316E-03
  3.5500E+02  5.4402E-03
  3.5600E+02  5.2471E-03
  3.5700E+02  5.0524E-03
  3.5800E+02  4.8561E-03
  3.5900E+02  4.6582E-03
  3.6000E+02  4.4532E-03
  3.6100E+02  4.2379E-03
  3.6200E+02  4.0254E-03
  3.6300E+02  3.8158E-03
  3.6400E+02  3.6091E-03
  3.6500E+02  3.4053E-03
  3.6600E+02  3.2043E-03
  3.6700E+02  3.0062E-03
  3.6800E+02  2.8110E-03
  3.6900E+02  2.6187E-03
  3.7000E+02  2.4292E-03
  3.7100E+02  2.2426E-03
  3.7200E+02  2.0589E-03
  3.7300E+02  1.8780E-03
  3.7400E+02  1.7001E-03
  3.7500E+02  1.5250E-03
  3.7600E+02  1.3528E-03
  3.7700E+02  1.1834E-03
  3.7800E+02  1.0170E-03
  3.7900E+02  8.5337E-04
  3.8000E+02  6.9266E-04
  3.8100E+02  5.3482E-04
  3.8200E+02  3.7985E-04
  3.8300E+02  2.2776E-04
  3.8400E+02  7.8550E-05
  3.8500E+02  0.0000E+00
  3.8600E+02  1.1537E-04
  3.8700E+02  8.0052E-04
  3.8800E+02  1.5146E-03
  3.8900E+02  2.2576E-03
  3.9000E+02  3.0296E-03
  3.9100E+02  3.8305E-03
  3.9200E+02  4.6603E-03
  3.9300E+02  5.5191E-03
  3.9400E+02  6.4068E-03
  3.9500E+02  7.3235E-03
  3.9600E+02  8.2690E-03
  3.9700E+02  9.2436E-03
  3.9800E+02  1.0247E-02
  3.9900E+02  1.1279E-02
  4.0000E+02  1.2341E-02
  4.0100E+02  1.3431E-02
  4.0200E+02  1.8615E-02
  4.0300E+02  1.7871E-02
  4.0400E+02  1.7165E-02
  4.0500E+02  1.6498E-02
  4.0600E+02  1.5869E-02
  4.0700E+02  1.5278E-02
  4.0800E+02  1.4726E-02
  4.0900E+02  1.2962E-02
  4.1000E+02  1.2924E-02
  4.1100E+02  1.2885E-02
  4.1200E+02  1.2843E-02
  4.1300E+02  1.2799E-02
  4.1400E+02  1.2753E-02
  4.1500E+02  1.2705E-02
  4.1600E+02  1.2654E-02
  4.1700E+02  1.2602E-02
  4.1800E+02  1.2547E-02
  4.1900E+02  1.2490E-02
  4.2000E+02  1.2431E-02
  4.2100E+02  1.2369E-02
  4.2200E+02  1.2306E-02
  4.2300E+02  1.2240E-02
  4.2400E+02  1.2172E-02
  4.2500E+02  1.2102E-02
  4.2600E+02  1.2030E-02
  4.2700E+02  1.1955E-02
  4.2800E+02  1.1879E-02
  4.2900E+02  1.1800E-02
  4.3000E+02  1.1719E-02
  4.3100E+02  1.1636E-02
  4.3200E+02  1.1550E-02
  4.3300E+02  1.1463E-02
  4.3400E+02  1.1373E-02
  4.3500E+02  1.1281E-02
  4.3600E+02  1.1187E-02
  4.3700E+02  1.1090E-02
  4.3800E+02  1.0992E-02
  4.3900E+02  1.0891E-02
  4.4000E+02  1.0788E-02
  4.4100E+02  1.0683E-02
  4.4200E+02  1.0576E-02
  4.4300E+02  1.0467E-02
  4.4400E+02  1.0355E-02
  4.4500E+02  1.0241E-02
  4.4600E+02  1.0125E-02
  4.4700E+02  1.0007E-02
  4.4800E+02  9.8868E-03
  4.4900E+02  9.7642E-03
  4.5000E+02  9.6395E-03
  4.5100E+02  1.0510E-02
  4.5200E+02  1.1208E-02
  4.5300E+02  1.1383E-02
  4.5400E+02  1.1034E-02
  4.5500E+02  1.3011E-02
  4.5600E+02  1.5403E-02
  4.5700E+02  1.4310E-02
  4.5800E+02  9.7341E-03
  4.5900E+02  7.0518E-03
  4.6000E+02  6.1270E-03
  4.6100E+02  5.9841E-03
  4.6200E+02  5.8683E-03
  4.6300E+02  5.7537E-03
  4.6400E+02  5.6402E-03
  4.6500E+02  5.5278E-03
  4.6600E+02  5.4166E-03
  4.6700E+02  5.3065E-03
  4.6800E+02  5.1976E-03
  4.6900E+02  5.0897E-03
  4.7000E+02  4.9830E-03
  4.7100E+02  4.8774E-03
  4.7200E+02  4.7730E-03
  4.7300E+02  4.6697E-03
  4.7400E+02  1.7762E-02
  4.7500E+02  2.6589E-02
  4.7600E+02  3.5117E-02
  4.7700E+02  4.3348E-02
  4.7800E+02  5.1280E-02
  4.7900E+02  5.8913E-02
  4.8000E+02  8.1419E-02
  4.8100E+02  8.4430E-02
  4.8200E+02  8.4832E-02
  4.8300E+02  8.2626E-02
  4.8400E+02  7.0282E-02
  4.8500E+02  9.2418E-02
  4.8600E+02  9.1342E-02
  4.8700E+02  8.3013E-02
  4.8800E+02  8.0755E-02
  4.8900E+02  7.8493E-02
  4.9000E+02  7.6227E-02
  4.9100E+02  7.3955E-02
  4.9200E+02  7.1680E-02
  4.9300E+02  6.9454E-02
  4.9400E+02  6.7711E-02
  4.9500E+02  6.9683E-02
  4.9600E+02  7.2487E-02
  4.9700E+02  7.4798E-02
  4.9800E+02  8.1515E-02
  4.9900E+02  6.8925E-02
  5.0000E+02  5.5838E-02
  5.0100E+02  4.2434E-02
  5.0200E+02  3.3751E-02
  5.0300E+02  2.9843E-02
  5.0400E+02  2.6213E-02
  5.0500E+02  2.2849E-02
  5.0600E+02  1.9926E-02
  5.0700E+02  1.7223E-02
  5.0800E+02  1.4741E-02
  5.0900E+02  1.9715E-02
  5.1000E+02  5.9522E-03
  5.1100E+02  5.0708E-03
  5.1200E+02  4.2600E-03
  5.1300E+02  3.5197E-03
  5.1400E+02  2.8501E-03
  5.1500E+02  2.2511E-03
  5.1600E+02  1.7226E-03
  5.1700E+02  1.2647E-03
  5.1800E+02  8.7747E-04
  5.1900E+02  5.6080E-04
  5.2000E+02  3.1471E-04
  5.2100E+02  1.3922E-04
  5.2200E+02  3.4315E-05
  5.2300E+02  0.0000E+00
