 -1.8979E-05  0.0000E+00
  9.9998E-01  1.9331E-07
  2.0000E+00  7.7325E-07
  3.0000E+00  1.7398E-06
  4.0000E+00  3.0930E-06
  5.0000E+00  4.8328E-06
  6.0000E+00  6.9592E-06
  7.0000E+00  9.4723E-06
  8.0000E+00  1.2372E-05
  9.0000E+00  1.5658E-05
  1.0000E+01  1.9331E-05
  1.1000E+01  2.3391E-05
  1.2000E+01  2.7837E-05
  1.3000E+01  3.2670E-05
  1.4000E+01  3.7889E-05
  1.5000E+01  4.3495E-05
  1.6000E+01  4.9488E-05
  1.7000E+01  5.5867E-05
  1.8000E+01  6.2633E-05
  1.9000E+01  6.9786E-05
  2.0000E+01  7.7325E-05
  2.1000E+01  8.5251E-05
  2.2000E+01  9.3563E-05
  2.3000E+01  1.0226E-04
  2.4000E+01  1.1135E-04
  2.5000E+01  1.2082E-04
  2.6000E+01  1.3068E-04
  2.7000E+01  1.4092E-04
  2.8000E+01  1.5156E-04
  2.9000E+01  1.6258E-04
  3.0000E+01  1.7398E-04
  3.1000E+01  1.8577E-04
  3.2000E+01  1.9795E-04
  3.3000E+01  2.1052E-04
  3.4000E+01  2.2347E-04
  3.5000E+01  2.3681E-04
  3.6000E+01  2.5053E-04
  3.7000E+01  2.6464E-04
  3.8000E+01  2.7914E-04
  3.9000E+01  2.9403E-04
  4.0000E+01  3.0930E-04
  4.1000E+01  3.2496E-04
  4.2000E+01  3.4100E-04
  4.3000E+01  3.5743E-04
  4.4000E+01  3.7425E-04
  4.5000E+01  3.9146E-04
  4.6000E+01  4.0905E-04
  4.7000E+01  4.2703E-04
  4.8000E+01  4.4539E-04
  4.9000E+01  4.6414E-04
  5.0000E+01  4.8328E-04
  5.1000E+01  5.0281E-04
  5.2000E+01  5.2272E-04
  5.3000E+01  5.4301E-04
  5.4000E+01  5.6370E-04
  5.5000E+01  5.8477E-04
  5.6000E+01  6.0623E-04
  5.7000E+01  6.2807E-04
  5.8000E+01  6.5030E-04
  5.9000E+01  6.7292E-04
  6.0000E+01  6.9592E-04
  6.1000E+01  7.1931E-04
  6.2000E+01  7.4309E-04
  6.3000E+01  7.6726E-04
  6.4000E+01  7.9181E-04
  6.5000E+01  8.1674E-04
  6.6000E+01  8.4207E-04
  6.7000E+01  8.6778E-04
  6.8000E+01  8.9388E-04
  6.9000E+01  9.2036E-04
  7.0000E+01  9.4723E-04
  7.1000E+01  9.7449E-04
  7.2000E+01  1.0021E-03
  7.3000E+01  1.0302E-03
  7.4000E+01  1.0586E-03
  7.5000E+01  1.0874E-03
  7.6000E+01  1.1166E-03
  7.7000E+01  1.1461E-03
  7.8000E+01  1.1761E-03
  7.9000E+01  1.2065E-03
  8.0000E+01  1.2372E-03
  8.1000E+01  1.3003E-03
  8.2000E+01  1.6109E-03
  8.3000E+01  1.9230E-03
  8.4000E+01  2.2366E-03
  8.5000E+01  2.5517E-03
  8.6000E+01  2.8683E-03
  8.7000E+01  3.1864E-03
  8.8000E+01  3.5061E-03
  8.9000E+01  3.8273E-03
  9.0000E+01  4.1500E-03
  9.1000E+01  4.4742E-03
  9.2000E+01  4.7999E-03
  9.3000E+01  5.1271E-03
  9.4000E+01  5.4558E-03
  9.5000E+01  5.7861E-03
  9.6000E+01  6.1179E-03
  9.7000E+01  6.4511E-03
  9.8000E+01  6.7859E-03
  9.9000E+01  7.1222E-03
  1.0000E+02  7.4601E-03
  1.0100E+02  7.7994E-03
  1.0200E+02  8.1617E-03
  1.0300E+02  8.7739E-03
  1.0400E+02  9.3853E-03
  1.0500E+02  9.9956E-03
  1.0600E+02  1.0605E-02
  1.0700E+02  1.1213E-02
  1.0800E+02  1.1821E-02
  1.0900E+02  1.2427E-02
  1.1000E+02  1.3000E-02
  1.1100E+02  1.3566E-02
  1.1200E+02  1.4165E-02
  1.1300E+02  1.4797E-02
  1.1400E+02  1.5461E-02
  1.1500E+02  1.6158E-02
  1.1600E+02  1.6887E-02
  1.1700E+02  1.9113E-02
  1.1800E+02  2.1082E-02
  1.1900E+02  2.2014E-02
  1.2000E+02  2.1911E-02
  1.2100E+02  2.0772E-02
  1.2200E+02  2.0756E-02
  1.2300E+02  2.1132E-02
  1.2400E+02  2.1499E-02
  1.2500E+02  2.1857E-02
  1.2600E+02  2.2204E-02
  1.2700E+02  2.2542E-02
  1.2800E+02  2.2870E-02
  1.2900E+02  2.3189E-02
  1.3000E+02  2.3498E-02
  1.3100E+02  2.3797E-02
  1.3200E+02  2.4086E-02
  1.3300E+02  2.4366E-02
  1.3400E+02  2.4636E-02
  1.3500E+02  2.3117E-02
  1.3600E+02  2.2769E-02
  1.3700E+02  2.2447E-02
  1.3800E+02  2.2151E-02
  1.3900E+02  2.1881E-02
  1.4000E+02  2.1637E-02
  1.4100E+02  2.1418E-02
  1.4200E+02  2.1226E-02
  1.4300E+02  2.1060E-02
  1.4400E+02  2.0919E-02
  1.4500E+02  2.0805E-02
  1.4600E+02  2.0728E-02
  1.4700E+02  2.0664E-02
  1.4800E+02  2.0604E-02
  1.4900E+02  2.0549E-02
  1.5000E+02  2.0498E-02
  1.5100E+02  2.0451E-02
  1.5200E+02  2.0409E-02
  1.5300E+02  2.0371E-02
  1.5400E+02  2.0338E-02
  1.5500E+02  2.0309E-02
  1.5600E+02  2.0284E-02
  1.5700E+02  2.0264E-02
  1.5800E+02  2.0248E-02
  1.5900E+02  2.0237E-02
  1.6000E+02  2.0230E-02
  1.6100E+02  2.0227E-02
  1.6200E+02  2.0229E-02
  1.6300E+02  2.0235E-02
  1.6400E+02  2.0246E-02
  1.6500E+02  2.0261E-02
  1.6600E+02  2.0281E-02
  1.6700E+02  2.5009E-02
  1.6800E+02  2.6010E-02
  1.6900E+02  2.2807E-02
  1.7000E+02  2.2259E-02
  1.7100E+02  2.2470E-02
  1.7200E+02  2.2692E-02
  1.7300E+02  2.2925E-02
  1.7400E+02  2.3169E-02
  1.7500E+02  2.3425E-02
  1.7600E+02  2.3691E-02
  1.7700E+02  2.3969E-02
  1.7800E+02  2.2267E-02
  1.7900E+02  2.3026E-02
  1.8000E+02  2.3801E-02
  1.8100E+02  2.4593E-02
  1.8200E+02  2.5402E-02
  1.8300E+02  2.6227E-02
  1.8400E+02  2.7068E-02
  1.8500E+02  3.6556E-02
  1.8600E+02  3.8901E-02
  1.8700E+02  4.0968E-02
  1.8800E+02  3.8907E-02
  1.8900E+02  3.1549E-02
  1.9000E+02  1.8895E-02
  1.9100E+02  3.4196E-04
  1.9200E+02  5.6522E-04
  1.9300E+02  1.1275E-03
  1.9400E+02  1.5790E-03
  1.9500E+02  1.9199E-03
  1.9600E+02  2.1500E-03
  1.9700E+02  2.2694E-03
  1.9800E+02  2.2781E-03
  1.9900E+02  2.1761E-03
  2.0000E+02  1.9634E-03
  2.0100E+02  1.6400E-03
  2.0200E+02  1.2059E-03
  2.0300E+02  1.2038E-03
  2.0400E+02  1.2296E-03
  2.0500E+02  1.2556E-03
  2.0600E+02  1.2817E-03
  2.0700E+02  1.3081E-03
  2.0800E+02  1.3346E-03
  2.0900E+02  1.3612E-03
  2.1000E+02  1.3881E-03
  2.1100E+02  1.4151E-03
  2.1200E+02  1.4423E-03
  2.1300E+02  1.4696E-03
  2.1400E+02  1.4972E-03
  2.1500E+02  1.5249E-03
  2.1600E+02  1.5527E-03
  2.1700E+02  1.5808E-03
  2.1800E+02  1.6090E-03
  2.1900E+02  1.6374E-03
  2.2000E+02  1.6660E-03
  2.2100E+02  1.6947E-03
  2.2200E+02  1.7236E-03
  2.2300E+02  1.7527E-03
  2.2400E+02  1.7820E-03
  2.2500E+02  1.8114E-03
  2.2600E+02  1.8410E-03
  2.2700E+02  1.8708E-03
  2.2800E+02  1.9008E-03
  2.2900E+02  1.9309E-03
  2.3000E+02  1.9612E-03
  2.3100E+02  1.9916E-03
  2.3200E+02  2.0223E-03
  2.3300E+02  2.0531E-03
  2.3400E+02  2.0841E-03
  2.3500E+02  2.1152E-03
  2.3600E+02  2.1466E-03
  2.3700E+02  2.1781E-03
  2.3800E+02  2.2098E-03
  2.3900E+02  2.2416E-03
  2.4000E+02  2.2736E-03
  2.4100E+02  2.3058E-03
  2.4200E+02  2.3382E-03
  2.4300E+02  2.3707E-03
  2.4400E+02  2.4035E-03
  2.4500E+02  2.4363E-03
  2.4600E+02  2.4694E-03
  2.4700E+02  2.5026E-03
  2.4800E+02  2.5360E-03
  2.4900E+02  2.5696E-03
  2.5000E+02  2.6034E-03
  2.5100E+02  2.6464E-03
  2.5200E+02  2.6934E-03
  2.5300E+02  2.7409E-03
  2.5400E+02  2.7888E-03
  2.5500E+02  2.8371E-03
  2.5600E+02  2.8858E-03
  2.5700E+02  2.9349E-03
  2.5800E+02  2.9845E-03
  2.5900E+02  3.0345E-03
  2.6000E+02  3.0849E-03
  2.6100E+02  3.1357E-03
  2.6200E+02  3.1869E-03
  2.6300E+02  3.2386E-03
  2.6400E+02  3.2907E-03
  2.6500E+02  3.3432E-03
  2.6600E+02  3.3961E-03
  2.6700E+02  3.4495E-03
  2.6800E+02  3.5032E-03
  2.6900E+02  3.5574E-03
  2.7000E+02  3.6120E-03
  2.7100E+02  3.6670E-03
  2.7200E+02  3.7225E-03
  2.7300E+02  3.7783E-03
  2.7400E+02  3.8346E-03
  2.7500E+02  3.8913E-03
  2.7600E+02  3.9484E-03
  2.7700E+02  4.0060E-03
  2.7800E+02  4.0639E-03
  2.7900E+02  4.1223E-03
  2.8000E+02  4.1811E-03
  2.8100E+02  4.2403E-03
  2.8200E+02  4.3000E-03
  2.8300E+02  4.3600E-03
  2.8400E+02  4.4205E-03
  2.8500E+02  4.4814E-03
  2.8600E+02  4.5427E-03
  2.8700E+02  4.6045E-03
  2.8800E+02  4.6666E-03
  2.8900E+02  4.7292E-03
  2.9000E+02  4.8514E-03
  2.9100E+02  4.9816E-03
  2.9200E+02  5.1155E-03
  2.9300E+02  5.2530E-03
  2.9400E+02  5.3942E-03
  2.9500E+02  5.5390E-03
  2.9600E+02  5.6875E-03
  2.9700E+02  5.8396E-03
  2.9800E+02  5.9954E-03
  2.9900E+02  6.1548E-03
  3.0000E+02  6.3179E-03
  3.0100E+02  6.4847E-03
  3.0200E+02  6.6551E-03
  3.0300E+02  6.8291E-03
  3.0400E+02  7.0068E-03
  3.0500E+02  7.1881E-03
  3.0600E+02  7.3731E-03
  3.0700E+02  7.5618E-03
  3.0800E+02  7.7541E-03
  3.0900E+02  7.9500E-03
  3.1000E+02  8.1496E-03
  3.1100E+02  8.3529E-03
  3.1200E+02  8.5598E-03
  3.1300E+02  8.7703E-03
  3.1400E+02  8.9845E-03
  3.1500E+02  9.2024E-03
  3.1600E+02  9.4239E-03
  3.1700E+02  9.6490E-03
  3.1800E+02  9.8778E-03
  3.1900E+02  1.0110E-02
  3.2000E+02  1.0346E-02
  3.2100E+02  1.0586E-02
  3.2200E+02  1.0830E-02
  3.2300E+02  1.1077E-02
  3.2400E+02  1.1327E-02
  3.2500E+02  1.1582E-02
  3.2600E+02  1.1840E-02
  3.2700E+02  1.2101E-02
  3.2800E+02  1.2367E-02
  3.2900E+02  1.2636E-02
  3.3000E+02  1.5904E-02
  3.3100E+02  1.6046E-02
  3.3200E+02  1.6156E-02
  3.3300E+02  1.6232E-02
  3.3400E+02  1.6275E-02
  3.3500E+02  1.6285E-02
  3.3600E+02  1.6262E-02
  3.3700E+02  1.6206E-02
  3.3800E+02  1.6116E-02
  3.3900E+02  1.5994E-02
  3.4000E+02  1.5838E-02
  3.4100E+02  1.5025E-02
  3.4200E+02  1.4949E-02
  3.4300E+02  1.5808E-02
  3.4400E+02  9.0421E-03
  3.4500E+02  8.8310E-03
  3.4600E+02  8.6157E-03
  3.4700E+02  8.3961E-03
  3.4800E+02  8.1723E-03
  3.4900E+02  7.9442E-03
  3.5000E+02  7.7118E-03
  3.5100E+02  7.4753E-03
  3.5200E+02  7.2345E-03
  3.5300E+02  6.9894E-03
  3.5400E+02  6.7401E-03
  3.5500E+02  6.4866E-03
  3.5600E+02  6.2288E-03
  3.5700E+02  5.9667E-03
  3.5800E+02  5.7005E-03
  3.5900E+02  5.4182E-03
  3.6000E+02  5.1349E-03
  3.6100E+02  4.8562E-03
  3.6200E+02  4.5821E-03
  3.6300E+02  4.3124E-03
  3.6400E+02  4.0473E-03
  3.6500E+02  3.7867E-03
  3.6600E+02  3.5306E-03
  3.6700E+02  3.2790E-03
  3.6800E+02  3.0320E-03
  3.6900E+02  2.7895E-03
  3.7000E+02  2.5515E-03
  3.7100E+02  2.3181E-03
  3.7200E+02  2.0892E-03
  3.7300E+02  1.8648E-03
  3.7400E+02  1.6449E-03
  3.7500E+02  1.4295E-03
  3.7600E+02  1.2187E-03
  3.7700E+02  1.0124E-03
  3.7800E+02  8.1064E-04
  3.7900E+02  6.1339E-04
  3.8000E+02  4.2068E-04
  3.8100E+02  2.3248E-04
  3.8200E+02  4.8813E-05
  3.8300E+02  0.0000E+00
  3.8400E+02  0.0000E+00
  3.8500E+02  0.0000E+00
  3.8600E+02  0.0000E+00
  3.8700E+02  0.0000E+00
  3.8800E+02  0.0000E+00
  3.8900E+02  7.8038E-04
  3.9000E+02  1.7398E-03
  3.9100E+02  2.7448E-03
  3.9200E+02  3.7952E-03
  3.9300E+02  4.8911E-03
  3.9400E+02  6.0326E-03
  3.9500E+02  7.2195E-03
  3.9600E+02  8.4519E-03
  3.9700E+02  9.7298E-03
  3.9800E+02  1.1053E-02
  3.9900E+02  1.2422E-02
  4.0000E+02  1.3837E-02
  4.0100E+02  1.5296E-02
  4.0200E+02  2.2826E-02
  4.0300E+02  2.1152E-02
  4.0400E+02  1.9601E-02
  4.0500E+02  1.8174E-02
  4.0600E+02  1.6871E-02
  4.0700E+02  1.3548E-02
  4.0800E+02  1.3498E-02
  4.0900E+02  1.3446E-02
  4.1000E+02  1.3392E-02
  4.1100E+02  1.3335E-02
  4.1200E+02  1.3275E-02
  4.1300E+02  1.3213E-02
  4.1400E+02  1.3149E-02
  4.1500E+02  1.3081E-02
  4.1600E+02  1.3012E-02
  4.1700E+02  1.2939E-02
  4.1800E+02  1.2865E-02
  4.1900E+02  1.2787E-02
  4.2000E+02  1.2708E-02
  4.2100E+02  1.2625E-02
  4.2200E+02  1.2540E-02
  4.2300E+02  1.2453E-02
  4.2400E+02  1.2363E-02
  4.2500E+02  1.2270E-02
  4.2600E+02  1.2175E-02
  4.2700E+02  1.2078E-02
  4.2800E+02  1.1977E-02
  4.2900E+02  1.1875E-02
  4.3000E+02  1.1770E-02
  4.3100E+02  1.1662E-02
  4.3200E+02  1.1551E-02
  4.3300E+02  1.1439E-02
  4.3400E+02  1.1323E-02
  4.3500E+02  1.1205E-02
  4.3600E+02  1.1085E-02
  4.3700E+02  1.0962E-02
  4.3800E+02  1.0836E-02
  4.3900E+02  1.0708E-02
  4.4000E+02  1.0578E-02
  4.4100E+02  1.0445E-02
  4.4200E+02  1.0309E-02
  4.4300E+02  1.0171E-02
  4.4400E+02  1.0130E-02
  4.4500E+02  1.0168E-02
  4.4600E+02  1.0150E-02
  4.4700E+02  1.0076E-02
  4.4800E+02  9.9466E-03
  4.4900E+02  9.7616E-03
  4.5000E+02  9.5208E-03
  4.5100E+02  9.2244E-03
  4.5200E+02  8.8723E-03
  4.5300E+02  8.4646E-03
  4.5400E+02  1.0114E-02
  4.5500E+02  1.0950E-02
  4.5600E+02  1.0958E-02
  4.5700E+02  1.0137E-02
  4.5800E+02  8.4869E-03
  4.5900E+02  6.5076E-03
  4.6000E+02  5.0089E-03
  4.6100E+02  4.8232E-03
  4.6200E+02  4.7447E-03
  4.6300E+02  4.6667E-03
  4.6400E+02  4.5894E-03
  4.6500E+02  4.5128E-03
  4.6600E+02  4.4368E-03
  4.6700E+02  4.3615E-03
  4.6800E+02  4.2867E-03
  4.6900E+02  4.2127E-03
  4.7000E+02  4.1393E-03
  4.7100E+02  4.0665E-03
  4.7200E+02  1.0664E-02
  4.7300E+02  1.9250E-02
  4.7400E+02  2.4966E-02
  4.7500E+02  3.0650E-02
  4.7600E+02  3.6304E-02
  4.7700E+02  4.1926E-02
  4.7800E+02  4.7518E-02
  4.7900E+02  5.3078E-02
  4.8000E+02  7.2593E-02
  4.8100E+02  7.2546E-02
  4.8200E+02  7.2387E-02
  4.8300E+02  7.2115E-02
  4.8400E+02  7.1731E-02
  4.8500E+02  7.1234E-02
  4.8600E+02  7.0624E-02
  4.8700E+02  1.3243E-01
  4.8800E+02  1.0891E-01
  4.8900E+02  8.8398E-02
  4.9000E+02  8.0027E-02
  4.9100E+02  7.8109E-02
  4.9200E+02  7.5705E-02
  4.9300E+02  7.2815E-02
  4.9400E+02  6.9439E-02
  4.9500E+02  6.5577E-02
  4.9600E+02  5.9549E-02
  4.9700E+02  5.4472E-02
  4.9800E+02  4.9771E-02
  4.9900E+02  4.5022E-02
  5.0000E+02  4.0224E-02
  5.0100E+02  3.5378E-02
  5.0200E+02  2.0021E-02
  5.0300E+02  1.9126E-02
  5.0400E+02  1.8259E-02
  5.0500E+02  1.7454E-02
  5.0600E+02  1.6865E-02
  5.0700E+02  1.6251E-02
  5.0800E+02  1.5612E-02
  5.0900E+02  1.4949E-02
  5.1000E+02  1.4260E-02
  5.1100E+02  1.3547E-02
  5.1200E+02  1.2809E-02
  5.1300E+02  1.2047E-02
  5.1400E+02  1.1259E-02
  5.1500E+02  1.0447E-02
  5.1600E+02  9.6096E-03
  5.1700E+02  8.7477E-03
  5.1800E+02  7.8609E-03
  5.1900E+02  6.9494E-03
  5.2000E+02  6.1957E-03
  5.2100E+02  7.7338E-03
  5.2200E+02  8.1668E-03
  5.2300E+02  6.6716E-03
  5.2400E+02  3.2481E-03
  5.2500E+02  2.2217E-03
  5.2600E+02  2.1569E-03
  5.2700E+02  2.0931E-03
  5.2800E+02  2.0302E-03
  5.2900E+02  1.9682E-03
  5.3000E+02  1.9073E-03
  5.3100E+02  1.8473E-03
  5.3200E+02  1.7882E-03
  5.3300E+02  1.7301E-03
  5.3400E+02  1.6730E-03
  5.3500E+02  1.6168E-03
  5.3600E+02  1.5616E-03
  5.3700E+02  1.5073E-03
  5.3800E+02  1.4540E-03
  5.3900E+02  1.4017E-03
  5.4000E+02  1.3503E-03
  5.4100E+02  1.2999E-03
  5.4200E+02  1.2504E-03
  5.4300E+02  1.2019E-03
  5.4400E+02  1.1544E-03
  5.4500E+02  1.1078E-03
  5.4600E+02  1.0622E-03
  5.4700E+02  1.0175E-03
  5.4800E+02  9.7379E-04
  5.4900E+02  9.3104E-04
  5.5000E+02  8.8925E-04
  5.5100E+02  8.4843E-04
  5.5200E+02  8.0856E-04
  5.5300E+02  7.6965E-04
  5.5400E+02  7.3170E-04
  5.5500E+02  6.9471E-04
  5.5600E+02  6.5868E-04
  5.5700E+02  6.2361E-04
  5.5800E+02  5.8950E-04
  5.5900E+02  5.5635E-04
  5.6000E+02  5.2415E-04
  5.6100E+02  4.9292E-04
  5.6200E+02  4.6264E-04
  5.6300E+02  4.3333E-04
  5.6400E+02  4.0497E-04
  5.6500E+02  3.7758E-04
  5.6600E+02  3.5114E-04
  5.6700E+02  3.2567E-04
  5.6800E+02  3.0115E-04
  5.6900E+02  2.7759E-04
  5.7000E+02  2.5499E-04
  5.7100E+02  2.3335E-04
  5.7200E+02  2.1267E-04
  5.7300E+02  1.9295E-04
  5.7400E+02  1.7419E-04
  5.7500E+02  1.5639E-04
  5.7600E+02  1.3954E-04
  5.7700E+02  1.2366E-04
  5.7800E+02  1.0874E-04
  5.7900E+02  9.4771E-05
  5.8000E+02  8.1766E-05
  5.8100E+02  6.9720E-05
  5.8200E+02  5.8633E-05
  5.8300E+02  4.8506E-05
  5.8400E+02  3.9339E-05
  5.8500E+02  3.1130E-05
  5.8600E+02  2.3881E-05
  5.8700E+02  1.7592E-05
  5.8800E+02  1.2262E-05
  5.8900E+02  7.8908E-06
  5.9000E+02  4.4794E-06
  5.9100E+02  2.0274E-06
  5.9200E+02  5.3476E-07
  5.9300E+02  1.4960E-09
  5.9400E+02  0.0000E+00
