  0.0000E+00  0.0000E+00
  1.0000E+00  8.5326E-08
  2.0000E+00  3.4131E-07
  3.0000E+00  7.6796E-07
  4.0000E+00  1.3653E-06
  5.0000E+00  2.1332E-06
  6.0000E+00  3.0718E-06
  7.0000E+00  4.1811E-06
  8.0000E+00  5.4611E-06
  9.0000E+00  6.9117E-06
  1.0000E+01  8.5329E-06
  1.1000E+01  1.0325E-05
  1.2000E+01  1.2287E-05
  1.3000E+01  1.4421E-05
  1.4000E+01  1.6725E-05
  1.5000E+01  1.9199E-05
  1.6000E+01  2.1844E-05
  1.7000E+01  2.4660E-05
  1.8000E+01  2.7647E-05
  1.9000E+01  3.0804E-05
  2.0000E+01  3.4132E-05
  2.1000E+01  3.7630E-05
  2.2000E+01  4.1299E-05
  2.3000E+01  4.5139E-05
  2.4000E+01  4.9150E-05
  2.5000E+01  5.3331E-05
  2.6000E+01  5.7683E-05
  2.7000E+01  6.2205E-05
  2.8000E+01  6.6898E-05
  2.9000E+01  7.1762E-05
  3.0000E+01  7.6797E-05
  3.1000E+01  8.2002E-05
  3.2000E+01  8.7377E-05
  3.3000E+01  9.2924E-05
  3.4000E+01  9.8641E-05
  3.5000E+01  1.0453E-04
  3.6000E+01  1.1059E-04
  3.7000E+01  1.1682E-04
  3.8000E+01  1.2322E-04
  3.9000E+01  1.6301E-04
  4.0000E+01  2.2300E-04
  4.1000E+01  2.7711E-04
  4.2000E+01  3.2534E-04
  4.3000E+01  3.6769E-04
  4.4000E+01  4.0417E-04
  4.5000E+01  4.3476E-04
  4.6000E+01  4.5948E-04
  4.7000E+01  4.7833E-04
  4.8000E+01  4.9129E-04
  4.9000E+01  4.9838E-04
  5.0000E+01  5.1110E-04
  5.1000E+01  5.3740E-04
  5.2000E+01  5.6423E-04
  5.3000E+01  5.9159E-04
  5.4000E+01  6.1948E-04
  5.5000E+01  6.4790E-04
  5.6000E+01  6.7685E-04
  5.7000E+01  7.0664E-04
  5.8000E+01  7.3875E-04
  5.9000E+01  7.7251E-04
  6.0000E+01  8.0791E-04
  6.1000E+01  8.4495E-04
  6.2000E+01  8.8363E-04
  6.3000E+01  9.2396E-04
  6.4000E+01  9.6592E-04
  6.5000E+01  1.0095E-03
  6.6000E+01  1.0548E-03
  6.7000E+01  1.1017E-03
  6.8000E+01  1.1528E-03
  6.9000E+01  1.2296E-03
  7.0000E+01  1.3588E-03
  7.1000E+01  1.5805E-03
  7.2000E+01  1.7091E-03
  7.3000E+01  1.9208E-03
  7.4000E+01  1.9265E-03
  7.5000E+01  1.9093E-03
  7.6000E+01  1.8948E-03
  7.7000E+01  1.9734E-03
  7.8000E+01  2.0543E-03
  7.9000E+01  2.1373E-03
  8.0000E+01  2.2229E-03
  8.1000E+01  2.3149E-03
  8.2000E+01  2.4121E-03
  8.3000E+01  2.5147E-03
  8.4000E+01  2.6225E-03
  8.5000E+01  2.7356E-03
  8.6000E+01  2.8546E-03
  8.7000E+01  2.9819E-03
  8.8000E+01  3.1180E-03
  8.9000E+01  3.2624E-03
  9.0000E+01  3.4149E-03
  9.1000E+01  3.5730E-03
  9.2000E+01  3.7394E-03
  9.3000E+01  3.9164E-03
  9.4000E+01  4.1039E-03
  9.5000E+01  4.3019E-03
  9.6000E+01  4.8124E-03
  9.7000E+01  4.9399E-03
  9.8000E+01  5.3213E-03
  9.9000E+01  5.6715E-03
  1.0000E+02  5.9857E-03
  1.0100E+02  6.3094E-03
  1.0200E+02  6.9284E-03
  1.0300E+02  7.6828E-03
  1.0400E+02  8.4500E-03
  1.0500E+02  9.2301E-03
  1.0600E+02  1.0171E-02
  1.0700E+02  1.0819E-02
  1.0800E+02  1.1466E-02
  1.0900E+02  1.2976E-02
  1.1000E+02  1.2021E-02
  1.1100E+02  1.2406E-02
  1.1200E+02  1.2689E-02
  1.1300E+02  1.3070E-02
  1.1400E+02  1.3474E-02
  1.1500E+02  1.3905E-02
  1.1600E+02  1.4351E-02
  1.1700E+02  1.4861E-02
  1.1800E+02  1.5439E-02
  1.1900E+02  1.5878E-02
  1.2000E+02  1.6256E-02
  1.2100E+02  1.7386E-02
  1.2200E+02  1.8979E-02
  1.2300E+02  1.7986E-02
  1.2400E+02  1.7394E-02
  1.2500E+02  1.7767E-02
  1.2600E+02  1.8178E-02
  1.2700E+02  1.8563E-02
  1.2800E+02  1.8969E-02
  1.2900E+02  1.9660E-02
  1.3000E+02  2.0271E-02
  1.3100E+02  2.0840E-02
  1.3200E+02  2.1453E-02
  1.3300E+02  2.2684E-02
  1.3400E+02  2.4403E-02
  1.3500E+02  2.7905E-02
  1.3600E+02  2.9652E-02
  1.3700E+02  3.0690E-02
  1.3800E+02  3.0974E-02
  1.3900E+02  3.1725E-02
  1.4000E+02  3.2614E-02
  1.4100E+02  3.2393E-02
  1.4200E+02  3.2215E-02
  1.4300E+02  3.1964E-02
  1.4400E+02  3.1448E-02
  1.4500E+02  3.0958E-02
  1.4600E+02  3.0337E-02
  1.4700E+02  2.9374E-02
  1.4800E+02  2.9128E-02
  1.4900E+02  2.6100E-02
  1.5000E+02  2.3461E-02
  1.5100E+02  2.1736E-02
  1.5200E+02  2.0975E-02
  1.5300E+02  2.0519E-02
  1.5400E+02  2.0089E-02
  1.5500E+02  1.9704E-02
  1.5600E+02  1.9341E-02
  1.5700E+02  1.8992E-02
  1.5800E+02  1.8683E-02
  1.5900E+02  1.8401E-02
  1.6000E+02  1.8131E-02
  1.6100E+02  1.7876E-02
  1.6200E+02  1.7639E-02
  1.6300E+02  1.7407E-02
  1.6400E+02  1.7177E-02
  1.6500E+02  1.6948E-02
  1.6600E+02  1.6777E-02
  1.6700E+02  1.6905E-02
  1.6800E+02  1.7105E-02
  1.6900E+02  1.7201E-02
  1.7000E+02  1.7344E-02
  1.7100E+02  1.6802E-02
  1.7200E+02  1.6395E-02
  1.7300E+02  1.6061E-02
  1.7400E+02  1.6001E-02
  1.7500E+02  1.9011E-02
  1.7600E+02  1.5406E-02
  1.7700E+02  1.5226E-02
  1.7800E+02  1.5161E-02
  1.7900E+02  1.5121E-02
  1.8000E+02  1.5105E-02
  1.8100E+02  1.4944E-02
  1.8200E+02  1.4773E-02
  1.8300E+02  1.4593E-02
  1.8400E+02  1.4416E-02
  1.8500E+02  1.4270E-02
  1.8600E+02  1.4161E-02
  1.8700E+02  1.4084E-02
  1.8800E+02  1.3949E-02
  1.8900E+02  1.3875E-02
  1.9000E+02  1.3803E-02
  1.9100E+02  1.3725E-02
  1.9200E+02  1.3713E-02
  1.9300E+02  1.4041E-02
  1.9400E+02  1.4455E-02
  1.9500E+02  1.4939E-02
  1.9600E+02  1.5904E-02
  1.9700E+02  1.6998E-02
  1.9800E+02  1.7428E-02
  1.9900E+02  1.7283E-02
  2.0000E+02  1.7373E-02
  2.0100E+02  1.7447E-02
  2.0200E+02  1.7398E-02
  2.0300E+02  1.7237E-02
  2.0400E+02  1.7051E-02
  2.0500E+02  1.5524E-02
  2.0600E+02  1.3138E-02
  2.0700E+02  1.0499E-02
  2.0800E+02  8.7902E-03
  2.0900E+02  7.5413E-03
  2.1000E+02  6.4525E-03
  2.1100E+02  4.8063E-03
  2.1200E+02  2.0994E-03
  2.1300E+02  1.4245E-03
  2.1400E+02  1.4461E-03
  2.1500E+02  1.4684E-03
  2.1600E+02  1.4913E-03
  2.1700E+02  1.5148E-03
  2.1800E+02  1.5390E-03
  2.1900E+02  1.5633E-03
  2.2000E+02  1.5879E-03
  2.2100E+02  1.6129E-03
  2.2200E+02  1.6383E-03
  2.2300E+02  1.6640E-03
  2.2400E+02  1.6905E-03
  2.2500E+02  1.7175E-03
  2.2600E+02  1.7453E-03
  2.2700E+02  1.7737E-03
  2.2800E+02  1.8028E-03
  2.2900E+02  1.8327E-03
  2.3000E+02  1.8640E-03
  2.3100E+02  1.8967E-03
  2.3200E+02  1.9308E-03
  2.3300E+02  1.9662E-03
  2.3400E+02  2.0031E-03
  2.3500E+02  2.0350E-03
  2.3600E+02  2.0625E-03
  2.3700E+02  2.0866E-03
  2.3800E+02  2.1073E-03
  2.3900E+02  2.1368E-03
  2.4000E+02  2.1704E-03
  2.4100E+02  2.2036E-03
  2.4200E+02  2.2364E-03
  2.4300E+02  2.2692E-03
  2.4400E+02  2.3022E-03
  2.4500E+02  2.3354E-03
  2.4600E+02  2.3688E-03
  2.4700E+02  2.4024E-03
  2.4800E+02  2.4366E-03
  2.4900E+02  2.4712E-03
  2.5000E+02  2.5064E-03
  2.5100E+02  2.5465E-03
  2.5200E+02  2.5877E-03
  2.5300E+02  2.6297E-03
  2.5400E+02  2.6725E-03
  2.5500E+02  2.7164E-03
  2.5600E+02  2.7635E-03
  2.5700E+02  2.8124E-03
  2.5800E+02  2.8631E-03
  2.5900E+02  2.9157E-03
  2.6000E+02  2.9700E-03
  2.6100E+02  3.0262E-03
  2.6200E+02  3.0836E-03
  2.6300E+02  3.1389E-03
  2.6400E+02  3.1912E-03
  2.6500E+02  3.2406E-03
  2.6600E+02  3.2871E-03
  2.6700E+02  3.3306E-03
  2.6800E+02  3.3713E-03
  2.6900E+02  3.4110E-03
  2.7000E+02  3.4570E-03
  2.7100E+02  3.5100E-03
  2.7200E+02  3.5704E-03
  2.7300E+02  3.6344E-03
  2.7400E+02  3.6946E-03
  2.7500E+02  3.7555E-03
  2.7600E+02  3.8175E-03
  2.7700E+02  3.8804E-03
  2.7800E+02  3.9445E-03
  2.7900E+02  4.0098E-03
  2.8000E+02  4.0764E-03
  2.8100E+02  4.1443E-03
  2.8200E+02  4.2134E-03
  2.8300E+02  4.2839E-03
  2.8400E+02  4.3557E-03
  2.8500E+02  4.4338E-03
  2.8600E+02  4.5189E-03
  2.8700E+02  4.6111E-03
  2.8800E+02  4.7104E-03
  2.8900E+02  4.8150E-03
  2.9000E+02  4.9120E-03
  2.9100E+02  5.0024E-03
  2.9200E+02  5.0863E-03
  2.9300E+02  5.1620E-03
  2.9400E+02  5.2462E-03
  2.9500E+02  5.3377E-03
  2.9600E+02  5.4302E-03
  2.9700E+02  5.5297E-03
  2.9800E+02  5.6326E-03
  2.9900E+02  5.7367E-03
  3.0000E+02  5.8455E-03
  3.0100E+02  5.9576E-03
  3.0200E+02  6.0711E-03
  3.0300E+02  6.1856E-03
  3.0400E+02  6.3041E-03
  3.0500E+02  6.4318E-03
  3.0600E+02  6.5653E-03
  3.0700E+02  6.7045E-03
  3.0800E+02  6.8496E-03
  3.0900E+02  7.0004E-03
  3.1000E+02  7.1600E-03
  3.1100E+02  7.3305E-03
  3.1200E+02  7.5149E-03
  3.1300E+02  7.7137E-03
  3.1400E+02  7.9378E-03
  3.1500E+02  8.1223E-03
  3.1600E+02  8.3302E-03
  3.1700E+02  8.5542E-03
  3.1800E+02  8.7892E-03
  3.1900E+02  9.0352E-03
  3.2000E+02  9.2924E-03
  3.2100E+02  9.5570E-03
  3.2200E+02  9.8389E-03
  3.2300E+02  1.0160E-02
  3.2400E+02  1.0518E-02
  3.2500E+02  1.0934E-02
  3.2600E+02  1.1409E-02
  3.2700E+02  1.1939E-02
  3.2800E+02  1.2525E-02
  3.2900E+02  1.3167E-02
  3.3000E+02  1.3864E-02
  3.3100E+02  1.4617E-02
  3.3200E+02  1.6098E-02
  3.3300E+02  1.8345E-02
  3.3400E+02  1.9426E-02
  3.3500E+02  1.8711E-02
  3.3600E+02  1.6403E-02
  3.3700E+02  1.4575E-02
  3.3800E+02  1.3356E-02
  3.3900E+02  1.2614E-02
  3.4000E+02  1.1953E-02
  3.4100E+02  1.1361E-02
  3.4200E+02  1.0837E-02
  3.4300E+02  1.0382E-02
  3.4400E+02  9.9928E-03
  3.4500E+02  9.6443E-03
  3.4600E+02  9.3253E-03
  3.4700E+02  9.0296E-03
  3.4800E+02  8.8092E-03
  3.4900E+02  8.5302E-03
  3.5000E+02  8.2109E-03
  3.5100E+02  7.8280E-03
  3.5200E+02  7.3248E-03
  3.5300E+02  7.0041E-03
  3.5400E+02  6.6897E-03
  3.5500E+02  6.3815E-03
  3.5600E+02  6.1453E-03
  3.5700E+02  5.9624E-03
  3.5800E+02  5.5467E-03
  3.5900E+02  5.1493E-03
  3.6000E+02  4.7700E-03
  3.6100E+02  4.4058E-03
  3.6200E+02  4.0571E-03
  3.6300E+02  3.7249E-03
  3.6400E+02  3.5145E-03
  3.6500E+02  3.3978E-03
  3.6600E+02  3.3099E-03
  3.6700E+02  3.2358E-03
  3.6800E+02  3.1724E-03
  3.6900E+02  3.1296E-03
  3.7000E+02  3.1113E-03
  3.7100E+02  3.1175E-03
  3.7200E+02  3.1484E-03
  3.7300E+02  3.2037E-03
  3.7400E+02  3.2836E-03
  3.7500E+02  3.3827E-03
  3.7600E+02  3.3999E-03
  3.7700E+02  3.3834E-03
  3.7800E+02  3.5405E-03
  3.7900E+02  3.7456E-03
  3.8000E+02  3.9961E-03
  3.8100E+02  4.2920E-03
  3.8200E+02  4.7301E-03
  3.8300E+02  5.4464E-03
  3.8400E+02  6.2234E-03
  3.8500E+02  6.8613E-03
  3.8600E+02  7.1532E-03
  3.8700E+02  7.4756E-03
  3.8800E+02  7.9268E-03
  3.8900E+02  8.5188E-03
  3.9000E+02  9.0542E-03
  3.9100E+02  9.4493E-03
  3.9200E+02  9.2677E-03
  3.9300E+02  9.2688E-03
  3.9400E+02  9.4070E-03
  3.9500E+02  9.5640E-03
  3.9600E+02  9.6229E-03
  3.9700E+02  9.7032E-03
  3.9800E+02  9.8161E-03
  3.9900E+02  9.9118E-03
  4.0000E+02  1.0064E-02
  4.0100E+02  1.0261E-02
  4.0200E+02  1.0449E-02
  4.0300E+02  1.0632E-02
  4.0400E+02  1.0808E-02
  4.0500E+02  1.0979E-02
  4.0600E+02  1.1199E-02
  4.0700E+02  1.1480E-02
  4.0800E+02  1.1717E-02
  4.0900E+02  1.1688E-02
  4.1000E+02  1.1923E-02
  4.1100E+02  1.2024E-02
  4.1200E+02  1.2420E-02
  4.1300E+02  1.2110E-02
  4.1400E+02  1.1826E-02
  4.1500E+02  1.1807E-02
  4.1600E+02  1.1823E-02
  4.1700E+02  1.1875E-02
  4.1800E+02  1.2006E-02
  4.1900E+02  1.2111E-02
  4.2000E+02  1.2162E-02
  4.2100E+02  1.2181E-02
  4.2200E+02  1.2170E-02
  4.2300E+02  1.2131E-02
  4.2400E+02  1.2148E-02
  4.2500E+02  1.2613E-02
  4.2600E+02  1.2570E-02
  4.2700E+02  1.2406E-02
  4.2800E+02  1.2076E-02
  4.2900E+02  1.1646E-02
  4.3000E+02  1.0621E-02
  4.3100E+02  1.0245E-02
  4.3200E+02  1.0075E-02
  4.3300E+02  9.9155E-03
  4.3400E+02  9.7568E-03
  4.3500E+02  9.5904E-03
  4.3600E+02  9.3728E-03
  4.3700E+02  9.2063E-03
  4.3800E+02  9.0443E-03
  4.3900E+02  8.8869E-03
  4.4000E+02  8.7340E-03
  4.4100E+02  8.5869E-03
  4.4200E+02  8.4474E-03
  4.4300E+02  8.3154E-03
  4.4400E+02  8.1910E-03
  4.4500E+02  8.0895E-03
  4.4600E+02  8.0057E-03
  4.4700E+02  7.9329E-03
  4.4800E+02  7.8693E-03
  4.4900E+02  7.8148E-03
  4.5000E+02  7.7740E-03
  4.5100E+02  7.6840E-03
  4.5200E+02  7.6473E-03
  4.5300E+02  7.6350E-03
  4.5400E+02  7.6265E-03
  4.5500E+02  7.6042E-03
  4.5600E+02  7.5171E-03
  4.5700E+02  7.3651E-03
  4.5800E+02  7.1483E-03
  4.5900E+02  7.0272E-03
  4.6000E+02  6.9177E-03
  4.6100E+02  6.8089E-03
  4.6200E+02  6.7006E-03
  4.6300E+02  6.5929E-03
  4.6400E+02  6.4867E-03
  4.6500E+02  6.3915E-03
  4.6600E+02  6.3169E-03
  4.6700E+02  6.2992E-03
  4.6800E+02  6.3052E-03
  4.6900E+02  6.3620E-03
  4.7000E+02  6.5176E-03
  4.7100E+02  6.5869E-03
  4.7200E+02  7.0426E-03
  4.7300E+02  6.4999E-03
  4.7400E+02  1.7914E-02
  4.7500E+02  5.3113E-02
  4.7600E+02  5.5413E-02
  4.7700E+02  7.1836E-02
  4.7800E+02  9.3632E-02
  4.7900E+02  8.0534E-02
  4.8000E+02  7.2012E-02
  4.8100E+02  7.0830E-02
  4.8200E+02  6.9849E-02
  4.8300E+02  7.1055E-02
  4.8400E+02  6.9823E-02
  4.8500E+02  6.8448E-02
  4.8600E+02  6.7385E-02
  4.8700E+02  6.7348E-02
  4.8800E+02  6.7846E-02
  4.8900E+02  6.9483E-02
  4.9000E+02  6.8052E-02
  4.9100E+02  6.7390E-02
  4.9200E+02  6.7956E-02
  4.9300E+02  6.8400E-02
  4.9400E+02  7.0416E-02
  4.9500E+02  7.1488E-02
  4.9600E+02  7.4136E-02
  4.9700E+02  7.6011E-02
  4.9800E+02  8.1409E-02
  4.9900E+02  7.7202E-02
  5.0000E+02  7.8089E-02
  5.0100E+02  4.5098E-02
  5.0200E+02  3.1985E-02
  5.0300E+02  2.6995E-02
  5.0400E+02  2.4403E-02
  5.0500E+02  2.1937E-02
  5.0600E+02  1.7447E-02
  5.0700E+02  1.5502E-02
  5.0800E+02  1.4120E-02
  5.0900E+02  1.2995E-02
  5.1000E+02  1.2014E-02
  5.1100E+02  1.1599E-02
  5.1200E+02  1.0545E-02
  5.1300E+02  9.1177E-03
  5.1400E+02  8.0002E-03
  5.1500E+02  7.0421E-03
  5.1600E+02  6.2060E-03
  5.1700E+02  6.8914E-03
  5.1800E+02  4.5544E-03
  5.1900E+02  3.7459E-03
  5.2000E+02  2.3340E-03
  5.2100E+02  1.5264E-03
  5.2200E+02  3.6761E-04
  5.2300E+02  0.0000E+00
