 -1.6947E-05  0.0000E+00
  9.9998E-01  9.8104E-08
  2.0000E+00  3.9241E-07
  3.0000E+00  8.8293E-07
  4.0000E+00  1.5697E-06
  5.0000E+00  2.4526E-06
  6.0000E+00  3.5317E-06
  7.0000E+00  4.8071E-06
  8.0000E+00  6.2786E-06
  9.0000E+00  7.9464E-06
  1.0000E+01  9.8104E-06
  1.1000E+01  1.1871E-05
  1.2000E+01  1.4127E-05
  1.3000E+01  1.6580E-05
  1.4000E+01  1.9228E-05
  1.5000E+01  2.2073E-05
  1.6000E+01  2.5115E-05
  1.7000E+01  2.8352E-05
  1.8000E+01  3.1786E-05
  1.9000E+01  3.5415E-05
  2.0000E+01  3.9242E-05
  2.1000E+01  4.3264E-05
  2.2000E+01  4.7482E-05
  2.3000E+01  5.1897E-05
  2.4000E+01  5.6508E-05
  2.5000E+01  6.1315E-05
  2.6000E+01  6.6318E-05
  2.7000E+01  7.1518E-05
  2.8000E+01  7.6913E-05
  2.9000E+01  8.2505E-05
  3.0000E+01  8.8293E-05
  3.1000E+01  9.4278E-05
  3.2000E+01  1.0046E-04
  3.3000E+01  1.0684E-04
  3.4000E+01  1.1341E-04
  3.5000E+01  1.2018E-04
  3.6000E+01  1.2714E-04
  3.7000E+01  1.3430E-04
  3.8000E+01  1.4166E-04
  3.9000E+01  1.4922E-04
  4.0000E+01  1.5697E-04
  4.1000E+01  1.6491E-04
  4.2000E+01  1.7306E-04
  4.3000E+01  1.8139E-04
  4.4000E+01  1.8993E-04
  4.5000E+01  1.9866E-04
  4.6000E+01  2.0759E-04
  4.7000E+01  2.1671E-04
  4.8000E+01  2.2603E-04
  4.9000E+01  2.3555E-04
  5.0000E+01  2.4526E-04
  5.1000E+01  2.5517E-04
  5.2000E+01  2.6527E-04
  5.3000E+01  2.7557E-04
  5.4000E+01  2.8607E-04
  5.5000E+01  2.9676E-04
  5.6000E+01  3.0765E-04
  5.7000E+01  3.1874E-04
  5.8000E+01  3.8003E-04
  5.9000E+01  5.0679E-04
  6.0000E+01  6.2634E-04
  6.1000E+01  7.3868E-04
  6.2000E+01  8.4381E-04
  6.3000E+01  9.4172E-04
  6.4000E+01  1.0324E-03
  6.5000E+01  1.1159E-03
  6.6000E+01  1.1922E-03
  6.7000E+01  1.2612E-03
  6.8000E+01  1.3231E-03
  6.9000E+01  1.3777E-03
  7.0000E+01  1.4251E-03
  7.1000E+01  1.4653E-03
  7.2000E+01  1.4983E-03
  7.3000E+01  1.5241E-03
  7.4000E+01  1.5754E-03
  7.5000E+01  1.6403E-03
  7.6000E+01  1.7062E-03
  7.7000E+01  1.7731E-03
  7.8000E+01  1.8409E-03
  7.9000E+01  1.9097E-03
  8.0000E+01  1.9794E-03
  8.1000E+01  2.0501E-03
  8.2000E+01  2.1218E-03
  8.3000E+01  2.2031E-03
  8.4000E+01  2.2999E-03
  8.5000E+01  2.4086E-03
  8.6000E+01  2.5293E-03
  8.7000E+01  2.6615E-03
  8.8000E+01  2.8022E-03
  8.9000E+01  2.9506E-03
  9.0000E+01  3.1069E-03
  9.1000E+01  3.2710E-03
  9.2000E+01  3.4430E-03
  9.3000E+01  3.6227E-03
  9.4000E+01  3.8103E-03
  9.5000E+01  4.0057E-03
  9.6000E+01  4.2089E-03
  9.7000E+01  4.4200E-03
  9.8000E+01  4.6389E-03
  9.9000E+01  4.8656E-03
  1.0000E+02  5.1098E-03
  1.0100E+02  5.4113E-03
  1.0200E+02  5.7882E-03
  1.0300E+02  6.2857E-03
  1.0400E+02  6.8324E-03
  1.0500E+02  7.4801E-03
  1.0600E+02  8.2743E-03
  1.0700E+02  9.0085E-03
  1.0800E+02  9.7103E-03
  1.0900E+02  1.0690E-02
  1.1000E+02  1.1420E-02
  1.1100E+02  1.1931E-02
  1.1200E+02  1.2547E-02
  1.1300E+02  1.3393E-02
  1.1400E+02  1.3989E-02
  1.1500E+02  1.4335E-02
  1.1600E+02  1.4498E-02
  1.1700E+02  1.6989E-02
  1.1800E+02  1.9160E-02
  1.1900E+02  1.5329E-02
  1.2000E+02  1.5680E-02
  1.2100E+02  1.6026E-02
  1.2200E+02  1.6368E-02
  1.2300E+02  1.6706E-02
  1.2400E+02  1.7039E-02
  1.2500E+02  1.7431E-02
  1.2600E+02  1.8317E-02
  1.2700E+02  1.9020E-02
  1.2800E+02  1.9501E-02
  1.2900E+02  1.9890E-02
  1.3000E+02  2.0292E-02
  1.3100E+02  2.0714E-02
  1.3200E+02  2.1250E-02
  1.3300E+02  2.2268E-02
  1.3400E+02  2.3780E-02
  1.3500E+02  2.5718E-02
  1.3600E+02  3.0674E-02
  1.3700E+02  3.0794E-02
  1.3800E+02  3.1348E-02
  1.3900E+02  3.1911E-02
  1.4000E+02  3.1802E-02
  1.4100E+02  3.1101E-02
  1.4200E+02  3.0725E-02
  1.4300E+02  3.0942E-02
  1.4400E+02  3.2190E-02
  1.4500E+02  2.8160E-02
  1.4600E+02  2.7826E-02
  1.4700E+02  2.7461E-02
  1.4800E+02  2.7063E-02
  1.4900E+02  2.6633E-02
  1.5000E+02  2.6226E-02
  1.5100E+02  2.5907E-02
  1.5200E+02  2.5583E-02
  1.5300E+02  2.5252E-02
  1.5400E+02  2.4922E-02
  1.5500E+02  2.4595E-02
  1.5600E+02  2.4270E-02
  1.5700E+02  2.3948E-02
  1.5800E+02  2.3921E-02
  1.5900E+02  2.4663E-02
  1.6000E+02  2.5353E-02
  1.6100E+02  2.5688E-02
  1.6200E+02  2.3088E-02
  1.6300E+02  2.2318E-02
  1.6400E+02  2.1068E-02
  1.6500E+02  1.6912E-02
  1.6600E+02  1.6716E-02
  1.6700E+02  1.6539E-02
  1.6800E+02  1.6382E-02
  1.6900E+02  1.6243E-02
  1.7000E+02  1.6102E-02
  1.7100E+02  1.5950E-02
  1.7200E+02  1.5788E-02
  1.7300E+02  1.5617E-02
  1.7400E+02  1.5435E-02
  1.7500E+02  1.5243E-02
  1.7600E+02  1.5042E-02
  1.7700E+02  1.4830E-02
  1.7800E+02  1.4609E-02
  1.7900E+02  1.4628E-02
  1.8000E+02  1.4570E-02
  1.8100E+02  1.4501E-02
  1.8200E+02  1.4422E-02
  1.8300E+02  1.4335E-02
  1.8400E+02  1.4246E-02
  1.8500E+02  1.4153E-02
  1.8600E+02  1.4058E-02
  1.8700E+02  1.3817E-02
  1.8800E+02  1.3904E-02
  1.8900E+02  1.3986E-02
  1.9000E+02  1.4061E-02
  1.9100E+02  1.4131E-02
  1.9200E+02  1.4195E-02
  1.9300E+02  1.4274E-02
  1.9400E+02  1.4772E-02
  1.9500E+02  1.6298E-02
  1.9600E+02  1.7171E-02
  1.9700E+02  1.8157E-02
  1.9800E+02  1.9368E-02
  1.9900E+02  2.0974E-02
  2.0000E+02  2.3507E-02
  2.0100E+02  1.9020E-02
  2.0200E+02  1.6663E-02
  2.0300E+02  1.4343E-02
  2.0400E+02  1.2061E-02
  2.0500E+02  9.8147E-03
  2.0600E+02  7.6059E-03
  2.0700E+02  5.4340E-03
  2.0800E+02  3.8131E-03
  2.0900E+02  3.1324E-03
  2.1000E+02  2.5676E-03
  2.1100E+02  2.1187E-03
  2.1200E+02  1.7859E-03
  2.1300E+02  1.5693E-03
  2.1400E+02  1.4689E-03
  2.1500E+02  1.4745E-03
  2.1600E+02  1.5004E-03
  2.1700E+02  1.5268E-03
  2.1800E+02  1.5539E-03
  2.1900E+02  1.5815E-03
  2.2000E+02  1.6098E-03
  2.2100E+02  1.6387E-03
  2.2200E+02  1.6682E-03
  2.2300E+02  1.6982E-03
  2.2400E+02  1.7287E-03
  2.2500E+02  1.7597E-03
  2.2600E+02  1.7912E-03
  2.2700E+02  1.8232E-03
  2.2800E+02  1.8557E-03
  2.2900E+02  1.8886E-03
  2.3000E+02  1.9194E-03
  2.3100E+02  1.9454E-03
  2.3200E+02  1.9676E-03
  2.3300E+02  1.9861E-03
  2.3400E+02  2.0009E-03
  2.3500E+02  2.0120E-03
  2.3600E+02  2.0205E-03
  2.3700E+02  2.0539E-03
  2.3800E+02  2.0876E-03
  2.3900E+02  2.1216E-03
  2.4000E+02  2.1559E-03
  2.4100E+02  2.1906E-03
  2.4200E+02  2.2256E-03
  2.4300E+02  2.2609E-03
  2.4400E+02  2.2966E-03
  2.4500E+02  2.3326E-03
  2.4600E+02  2.3689E-03
  2.4700E+02  2.4055E-03
  2.4800E+02  2.4425E-03
  2.4900E+02  2.4798E-03
  2.5000E+02  2.5174E-03
  2.5100E+02  2.5553E-03
  2.5200E+02  2.5936E-03
  2.5300E+02  2.6322E-03
  2.5400E+02  2.6711E-03
  2.5500E+02  2.7104E-03
  2.5600E+02  2.7500E-03
  2.5700E+02  2.7899E-03
  2.5800E+02  2.8301E-03
  2.5900E+02  2.8707E-03
  2.6000E+02  2.9115E-03
  2.6100E+02  2.9527E-03
  2.6200E+02  2.9943E-03
  2.6300E+02  3.0363E-03
  2.6400E+02  3.0893E-03
  2.6500E+02  3.1590E-03
  2.6600E+02  3.2457E-03
  2.6700E+02  3.3491E-03
  2.6800E+02  3.4227E-03
  2.6900E+02  3.4914E-03
  2.7000E+02  3.5589E-03
  2.7100E+02  3.6252E-03
  2.7200E+02  3.6903E-03
  2.7300E+02  3.7542E-03
  2.7400E+02  3.8169E-03
  2.7500E+02  3.8784E-03
  2.7600E+02  3.9388E-03
  2.7700E+02  3.9979E-03
  2.7800E+02  4.0558E-03
  2.7900E+02  4.1126E-03
  2.8000E+02  4.1681E-03
  2.8100E+02  4.2242E-03
  2.8200E+02  4.2882E-03
  2.8300E+02  4.3549E-03
  2.8400E+02  4.4240E-03
  2.8500E+02  4.4958E-03
  2.8600E+02  4.5700E-03
  2.8700E+02  4.6468E-03
  2.8800E+02  4.7262E-03
  2.8900E+02  4.8081E-03
  2.9000E+02  4.8926E-03
  2.9100E+02  4.9796E-03
  2.9200E+02  5.0691E-03
  2.9300E+02  5.1612E-03
  2.9400E+02  5.2558E-03
  2.9500E+02  5.3530E-03
  2.9600E+02  5.4527E-03
  2.9700E+02  5.5550E-03
  2.9800E+02  5.6600E-03
  2.9900E+02  5.7681E-03
  3.0000E+02  5.8794E-03
  3.0100E+02  5.9945E-03
  3.0200E+02  6.1141E-03
  3.0300E+02  6.2380E-03
  3.0400E+02  6.3661E-03
  3.0500E+02  6.4986E-03
  3.0600E+02  6.6410E-03
  3.0700E+02  6.7979E-03
  3.0800E+02  6.9958E-03
  3.0900E+02  7.2487E-03
  3.1000E+02  7.5111E-03
  3.1100E+02  7.7699E-03
  3.1200E+02  8.0248E-03
  3.1300E+02  8.2760E-03
  3.1400E+02  8.5234E-03
  3.1500E+02  8.7670E-03
  3.1600E+02  9.0460E-03
  3.1700E+02  9.3783E-03
  3.1800E+02  9.7350E-03
  3.1900E+02  1.0116E-02
  3.2000E+02  1.0521E-02
  3.2100E+02  1.0951E-02
  3.2200E+02  1.1405E-02
  3.2300E+02  1.1884E-02
  3.2400E+02  1.2387E-02
  3.2500E+02  1.2914E-02
  3.2600E+02  1.4178E-02
  3.2700E+02  1.5824E-02
  3.2800E+02  1.4906E-02
  3.2900E+02  1.4789E-02
  3.3000E+02  1.4724E-02
  3.3100E+02  1.4711E-02
  3.3200E+02  1.4749E-02
  3.3300E+02  1.4838E-02
  3.3400E+02  1.4979E-02
  3.3500E+02  1.5171E-02
  3.3600E+02  1.5396E-02
  3.3700E+02  1.4464E-02
  3.3800E+02  1.4033E-02
  3.3900E+02  1.3602E-02
  3.4000E+02  1.3172E-02
  3.4100E+02  1.2741E-02
  3.4200E+02  1.2312E-02
  3.4300E+02  1.1884E-02
  3.4400E+02  1.0461E-02
  3.4500E+02  9.7531E-03
  3.4600E+02  9.3045E-03
  3.4700E+02  8.8813E-03
  3.4800E+02  8.4769E-03
  3.4900E+02  8.0914E-03
  3.5000E+02  7.7248E-03
  3.5100E+02  7.3770E-03
  3.5200E+02  7.0481E-03
  3.5300E+02  6.7381E-03
  3.5400E+02  6.4511E-03
  3.5500E+02  6.0804E-03
  3.5600E+02  5.7404E-03
  3.5700E+02  5.3890E-03
  3.5800E+02  5.0593E-03
  3.5900E+02  4.7519E-03
  3.6000E+02  4.4669E-03
  3.6100E+02  4.2042E-03
  3.6200E+02  3.9644E-03
  3.6300E+02  3.7822E-03
  3.6400E+02  3.6007E-03
  3.6500E+02  3.4032E-03
  3.6600E+02  3.0754E-03
  3.6700E+02  2.7071E-03
  3.6800E+02  2.2983E-03
  3.6900E+02  1.8491E-03
  3.7000E+02  1.7982E-03
  3.7100E+02  1.7467E-03
  3.7200E+02  1.6945E-03
  3.7300E+02  1.6417E-03
  3.7400E+02  1.5882E-03
  3.7500E+02  1.5341E-03
  3.7600E+02  1.4793E-03
  3.7700E+02  1.4239E-03
  3.7800E+02  1.7595E-03
  3.7900E+02  2.6558E-03
  3.8000E+02  3.4086E-03
  3.8100E+02  4.0180E-03
  3.8200E+02  4.7805E-03
  3.8300E+02  5.1599E-03
  3.8400E+02  5.5094E-03
  3.8500E+02  5.8291E-03
  3.8600E+02  6.1189E-03
  3.8700E+02  6.3749E-03
  3.8800E+02  6.5991E-03
  3.8900E+02  6.8002E-03
  3.9000E+02  7.1072E-03
  3.9100E+02  7.5793E-03
  3.9200E+02  7.9366E-03
  3.9300E+02  8.2976E-03
  3.9400E+02  8.6351E-03
  3.9500E+02  8.9493E-03
  3.9600E+02  9.2401E-03
  3.9700E+02  9.5075E-03
  3.9800E+02  9.7515E-03
  3.9900E+02  9.9722E-03
  4.0000E+02  1.0169E-02
  4.0100E+02  1.0343E-02
  4.0200E+02  1.0518E-02
  4.0300E+02  1.0689E-02
  4.0400E+02  1.0885E-02
  4.0500E+02  1.1391E-02
  4.0600E+02  1.1670E-02
  4.0700E+02  1.1917E-02
  4.0800E+02  1.2210E-02
  4.0900E+02  1.2584E-02
  4.1000E+02  1.3003E-02
  4.1100E+02  1.3467E-02
  4.1200E+02  1.3975E-02
  4.1300E+02  1.4529E-02
  4.1400E+02  1.5127E-02
  4.1500E+02  1.7155E-02
  4.1600E+02  1.3231E-02
  4.1700E+02  1.2689E-02
  4.1800E+02  1.2375E-02
  4.1900E+02  1.2288E-02
  4.2000E+02  1.2136E-02
  4.2100E+02  1.2047E-02
  4.2200E+02  1.1954E-02
  4.2300E+02  1.1856E-02
  4.2400E+02  1.1753E-02
  4.2500E+02  1.1645E-02
  4.2600E+02  1.1533E-02
  4.2700E+02  1.1416E-02
  4.2800E+02  1.1294E-02
  4.2900E+02  1.1168E-02
  4.3000E+02  1.1037E-02
  4.3100E+02  1.0901E-02
  4.3200E+02  1.0761E-02
  4.3300E+02  1.0616E-02
  4.3400E+02  1.0466E-02
  4.3500E+02  1.0312E-02
  4.3600E+02  1.0208E-02
  4.3700E+02  1.0098E-02
  4.3800E+02  9.8946E-03
  4.3900E+02  9.5991E-03
  4.4000E+02  9.2719E-03
  4.4100E+02  9.1084E-03
  4.4200E+02  8.9977E-03
  4.4300E+02  8.9134E-03
  4.4400E+02  8.8684E-03
  4.4500E+02  8.9005E-03
  4.4600E+02  9.0138E-03
  4.4700E+02  9.1091E-03
  4.4800E+02  8.8814E-03
  4.4900E+02  8.8259E-03
  4.5000E+02  8.4790E-03
  4.5100E+02  7.8406E-03
  4.5200E+02  7.6124E-03
  4.5300E+02  7.5045E-03
  4.5400E+02  7.3972E-03
  4.5500E+02  7.2906E-03
  4.5600E+02  7.1846E-03
  4.5700E+02  7.0793E-03
  4.5800E+02  6.9747E-03
  4.5900E+02  6.8707E-03
  4.6000E+02  6.7673E-03
  4.6100E+02  6.6646E-03
  4.6200E+02  6.5626E-03
  4.6300E+02  6.4612E-03
  4.6400E+02  6.3604E-03
  4.6500E+02  6.2603E-03
  4.6600E+02  6.1609E-03
  4.6700E+02  6.0621E-03
  4.6800E+02  5.9640E-03
  4.6900E+02  5.8665E-03
  4.7000E+02  5.7696E-03
  4.7100E+02  5.6735E-03
  4.7200E+02  5.7346E-03
  4.7300E+02  5.9514E-03
  4.7400E+02  1.6109E-02
  4.7500E+02  3.0644E-02
  4.7600E+02  5.4728E-02
  4.7700E+02  6.7534E-02
  4.7800E+02  8.4088E-02
  4.7900E+02  8.6606E-02
  4.8000E+02  7.3708E-02
  4.8100E+02  7.0186E-02
  4.8200E+02  6.5711E-02
  4.8300E+02  6.7374E-02
  4.8400E+02  7.0927E-02
  4.8500E+02  7.3113E-02
  4.8600E+02  7.3054E-02
  4.8700E+02  7.2046E-02
  4.8800E+02  7.1203E-02
  4.8900E+02  7.1534E-02
  4.9000E+02  7.1383E-02
  4.9100E+02  7.3176E-02
  4.9200E+02  7.4139E-02
  4.9300E+02  1.0341E-01
  4.9400E+02  8.8256E-02
  4.9500E+02  8.0951E-02
  4.9600E+02  7.7254E-02
  4.9700E+02  7.3743E-02
  4.9800E+02  7.0732E-02
  4.9900E+02  7.6598E-02
  5.0000E+02  6.0338E-02
  5.0100E+02  4.1972E-02
  5.0200E+02  3.2500E-02
  5.0300E+02  2.5549E-02
  5.0400E+02  2.1653E-02
  5.0500E+02  1.9325E-02
  5.0600E+02  1.7338E-02
  5.0700E+02  1.5699E-02
  5.0800E+02  1.4441E-02
  5.0900E+02  1.3513E-02
  5.1000E+02  1.3066E-02
  5.1100E+02  1.0083E-02
  5.1200E+02  9.0406E-03
  5.1300E+02  7.9864E-03
  5.1400E+02  6.9052E-03
  5.1500E+02  5.7971E-03
  5.1600E+02  4.6619E-03
  5.1700E+02  3.6951E-03
  5.1800E+02  4.1822E-03
  5.1900E+02  1.6654E-03
  5.2000E+02  7.5759E-04
  5.2100E+02  3.3513E-04
  5.2200E+02  8.2609E-05
  5.2300E+02  0.0000E+00
