 -2.8871E-05  0.0000E+00
  9.9997E-01  1.8126E-07
  2.0000E+00  7.2503E-07
  3.0000E+00  1.6313E-06
  4.0000E+00  2.9001E-06
  5.0000E+00  4.5315E-06
  6.0000E+00  6.5253E-06
  7.0000E+00  8.8817E-06
  8.0000E+00  1.1601E-05
  9.0000E+00  1.4682E-05
  1.0000E+01  1.8126E-05
  1.1000E+01  2.1932E-05
  1.2000E+01  2.6101E-05
  1.3000E+01  3.0633E-05
  1.4000E+01  3.5527E-05
  1.5000E+01  4.0783E-05
  1.6000E+01  4.6402E-05
  1.7000E+01  5.2384E-05
  1.8000E+01  5.8728E-05
  1.9000E+01  6.5434E-05
  2.0000E+01  7.2503E-05
  2.1000E+01  7.9935E-05
  2.2000E+01  8.7729E-05
  2.3000E+01  9.5886E-05
  2.4000E+01  1.0440E-04
  2.5000E+01  1.1329E-04
  2.6000E+01  1.2253E-04
  2.7000E+01  1.3214E-04
  2.8000E+01  1.4211E-04
  2.9000E+01  1.5244E-04
  3.0000E+01  1.6313E-04
  3.1000E+01  1.7419E-04
  3.2000E+01  1.8561E-04
  3.3000E+01  1.9739E-04
  3.4000E+01  2.0953E-04
  3.5000E+01  2.2204E-04
  3.6000E+01  2.3491E-04
  3.7000E+01  2.4814E-04
  3.8000E+01  2.6174E-04
  3.9000E+01  2.7569E-04
  4.0000E+01  2.9001E-04
  4.1000E+01  3.0470E-04
  4.2000E+01  3.1974E-04
  4.3000E+01  3.3515E-04
  4.4000E+01  3.5092E-04
  4.5000E+01  3.6705E-04
  4.6000E+01  3.8354E-04
  4.7000E+01  4.0040E-04
  4.8000E+01  4.1762E-04
  4.9000E+01  4.3520E-04
  5.0000E+01  4.5315E-04
  5.1000E+01  4.7145E-04
  5.2000E+01  4.9012E-04
  5.3000E+01  5.0915E-04
  5.4000E+01  5.2855E-04
  5.5000E+01  5.4831E-04
  5.6000E+01  5.6843E-04
  5.7000E+01  5.8891E-04
  5.8000E+01  6.0975E-04
  5.9000E+01  6.3096E-04
  6.0000E+01  6.5253E-04
  6.1000E+01  6.7446E-04
  6.2000E+01  6.9676E-04
  6.3000E+01  7.1941E-04
  6.4000E+01  7.4243E-04
  6.5000E+01  7.6582E-04
  6.6000E+01  7.8956E-04
  6.7000E+01  8.1367E-04
  6.8000E+01  8.3814E-04
  6.9000E+01  8.6297E-04
  7.0000E+01  8.8817E-04
  7.1000E+01  9.1372E-04
  7.2000E+01  9.3964E-04
  7.3000E+01  9.6593E-04
  7.4000E+01  9.9257E-04
  7.5000E+01  1.0196E-03
  7.6000E+01  1.0469E-03
  7.7000E+01  1.0747E-03
  7.8000E+01  1.1028E-03
  7.9000E+01  1.1312E-03
  8.0000E+01  1.1601E-03
  8.1000E+01  1.1892E-03
  8.2000E+01  1.2188E-03
  8.3000E+01  1.3827E-03
  8.4000E+01  1.7078E-03
  8.5000E+01  2.0317E-03
  8.6000E+01  2.3546E-03
  8.7000E+01  2.6765E-03
  8.8000E+01  2.9972E-03
  8.9000E+01  3.3169E-03
  9.0000E+01  3.6356E-03
  9.1000E+01  3.9532E-03
  9.2000E+01  4.2697E-03
  9.3000E+01  4.5851E-03
  9.4000E+01  4.8995E-03
  9.5000E+01  5.2129E-03
  9.6000E+01  5.5251E-03
  9.7000E+01  5.8363E-03
  9.8000E+01  6.1465E-03
  9.9000E+01  6.4555E-03
  1.0000E+02  6.7635E-03
  1.0100E+02  7.0705E-03
  1.0200E+02  7.5136E-03
  1.0300E+02  7.9908E-03
  1.0400E+02  8.4651E-03
  1.0500E+02  8.9365E-03
  1.0600E+02  9.4049E-03
  1.0700E+02  9.8704E-03
  1.0800E+02  1.0333E-02
  1.0900E+02  1.0793E-02
  1.1000E+02  1.1249E-02
  1.1100E+02  1.1700E-02
  1.1200E+02  1.2157E-02
  1.1300E+02  1.2630E-02
  1.1400E+02  1.3118E-02
  1.1500E+02  1.3622E-02
  1.1600E+02  1.4141E-02
  1.1700E+02  1.4676E-02
  1.1800E+02  1.5226E-02
  1.1900E+02  1.5792E-02
  1.2000E+02  1.6374E-02
  1.2100E+02  1.6971E-02
  1.2200E+02  1.7916E-02
  1.2300E+02  2.0437E-02
  1.2400E+02  2.2747E-02
  1.2500E+02  2.4846E-02
  1.2600E+02  2.6734E-02
  1.2700E+02  2.8411E-02
  1.2800E+02  2.9715E-02
  1.2900E+02  3.0789E-02
  1.3000E+02  3.1823E-02
  1.3100E+02  3.2817E-02
  1.3200E+02  3.3770E-02
  1.3300E+02  3.0764E-02
  1.3400E+02  2.9593E-02
  1.3500E+02  2.7370E-02
  1.3600E+02  2.5264E-02
  1.3700E+02  2.3475E-02
  1.3800E+02  2.2005E-02
  1.3900E+02  2.1371E-02
  1.4000E+02  2.1187E-02
  1.4100E+02  2.1008E-02
  1.4200E+02  2.0835E-02
  1.4300E+02  2.0667E-02
  1.4400E+02  2.0504E-02
  1.4500E+02  2.0347E-02
  1.4600E+02  2.0195E-02
  1.4700E+02  2.0048E-02
  1.4800E+02  1.9907E-02
  1.4900E+02  1.9771E-02
  1.5000E+02  1.9640E-02
  1.5100E+02  1.9515E-02
  1.5200E+02  1.9395E-02
  1.5300E+02  1.9281E-02
  1.5400E+02  1.9172E-02
  1.5500E+02  1.9068E-02
  1.5600E+02  1.8970E-02
  1.5700E+02  1.8877E-02
  1.5800E+02  1.8789E-02
  1.5900E+02  1.8707E-02
  1.6000E+02  1.8630E-02
  1.6100E+02  1.8558E-02
  1.6200E+02  1.8492E-02
  1.6300E+02  1.8431E-02
  1.6400E+02  1.8375E-02
  1.6500E+02  1.8325E-02
  1.6600E+02  1.8280E-02
  1.6700E+02  2.0342E-02
  1.6800E+02  2.1731E-02
  1.6900E+02  2.1941E-02
  1.7000E+02  2.0974E-02
  1.7100E+02  1.9299E-02
  1.7200E+02  1.9306E-02
  1.7300E+02  1.9320E-02
  1.7400E+02  1.9343E-02
  1.7500E+02  1.9374E-02
  1.7600E+02  1.9414E-02
  1.7700E+02  1.9462E-02
  1.7800E+02  1.7696E-02
  1.7900E+02  1.8170E-02
  1.8000E+02  1.8654E-02
  1.8100E+02  1.9149E-02
  1.8200E+02  1.9655E-02
  1.8300E+02  2.0171E-02
  1.8400E+02  2.0698E-02
  1.8500E+02  2.1235E-02
  1.8600E+02  2.1782E-02
  1.8700E+02  2.2341E-02
  1.8800E+02  2.4945E-02
  1.8900E+02  2.6137E-02
  1.9000E+02  2.7272E-02
  1.9100E+02  2.8352E-02
  1.9200E+02  2.9375E-02
  1.9300E+02  3.0879E-02
  1.9400E+02  3.2417E-02
  1.9500E+02  4.6158E-02
  1.9600E+02  2.3030E-03
  1.9700E+02  2.4600E-03
  1.9800E+02  2.4593E-03
  1.9900E+02  2.3010E-03
  2.0000E+02  1.9850E-03
  2.0100E+02  1.5113E-03
  2.0200E+02  1.1938E-03
  2.0300E+02  1.2206E-03
  2.0400E+02  1.2477E-03
  2.0500E+02  1.2749E-03
  2.0600E+02  1.3023E-03
  2.0700E+02  1.3300E-03
  2.0800E+02  1.3578E-03
  2.0900E+02  1.3857E-03
  2.1000E+02  1.4139E-03
  2.1100E+02  1.4423E-03
  2.1200E+02  1.4708E-03
  2.1300E+02  1.4995E-03
  2.1400E+02  1.5285E-03
  2.1500E+02  1.5576E-03
  2.1600E+02  1.5869E-03
  2.1700E+02  1.6163E-03
  2.1800E+02  1.6460E-03
  2.1900E+02  1.6759E-03
  2.2000E+02  1.7059E-03
  2.2100E+02  1.7361E-03
  2.2200E+02  1.7666E-03
  2.2300E+02  1.7972E-03
  2.2400E+02  1.8280E-03
  2.2500E+02  1.8589E-03
  2.2600E+02  1.8901E-03
  2.2700E+02  1.9215E-03
  2.2800E+02  1.9530E-03
  2.2900E+02  1.9847E-03
  2.3000E+02  2.0166E-03
  2.3100E+02  2.0487E-03
  2.3200E+02  2.0810E-03
  2.3300E+02  2.1135E-03
  2.3400E+02  2.1462E-03
  2.3500E+02  2.1790E-03
  2.3600E+02  2.2121E-03
  2.3700E+02  2.2453E-03
  2.3800E+02  2.2787E-03
  2.3900E+02  2.3123E-03
  2.4000E+02  2.3461E-03
  2.4100E+02  2.3801E-03
  2.4200E+02  2.4142E-03
  2.4300E+02  2.4486E-03
  2.4400E+02  2.4831E-03
  2.4500E+02  2.5178E-03
  2.4600E+02  2.5527E-03
  2.4700E+02  2.5878E-03
  2.4800E+02  2.6231E-03
  2.4900E+02  2.6586E-03
  2.5000E+02  2.7006E-03
  2.5100E+02  2.7499E-03
  2.5200E+02  2.7997E-03
  2.5300E+02  2.8501E-03
  2.5400E+02  2.9011E-03
  2.5500E+02  2.9526E-03
  2.5600E+02  3.0047E-03
  2.5700E+02  3.0574E-03
  2.5800E+02  3.1106E-03
  2.5900E+02  3.1644E-03
  2.6000E+02  3.2188E-03
  2.6100E+02  3.2737E-03
  2.6200E+02  3.3292E-03
  2.6300E+02  3.3852E-03
  2.6400E+02  3.4418E-03
  2.6500E+02  3.4990E-03
  2.6600E+02  3.5567E-03
  2.6700E+02  3.6150E-03
  2.6800E+02  3.6739E-03
  2.6900E+02  3.7333E-03
  2.7000E+02  3.7933E-03
  2.7100E+02  3.8539E-03
  2.7200E+02  3.9150E-03
  2.7300E+02  3.9767E-03
  2.7400E+02  4.0390E-03
  2.7500E+02  4.1018E-03
  2.7600E+02  4.1651E-03
  2.7700E+02  4.2291E-03
  2.7800E+02  4.2936E-03
  2.7900E+02  4.3587E-03
  2.8000E+02  4.4243E-03
  2.8100E+02  4.4905E-03
  2.8200E+02  4.5573E-03
  2.8300E+02  4.6246E-03
  2.8400E+02  4.6925E-03
  2.8500E+02  4.7609E-03
  2.8600E+02  4.8300E-03
  2.8700E+02  4.8995E-03
  2.8800E+02  4.9922E-03
  2.8900E+02  5.1323E-03
  2.9000E+02  5.2767E-03
  2.9100E+02  5.4252E-03
  2.9200E+02  5.5779E-03
  2.9300E+02  5.7349E-03
  2.9400E+02  5.8960E-03
  2.9500E+02  6.0614E-03
  2.9600E+02  6.2310E-03
  2.9700E+02  6.4048E-03
  2.9800E+02  6.5828E-03
  2.9900E+02  6.7650E-03
  3.0000E+02  6.9514E-03
  3.0100E+02  7.1420E-03
  3.0200E+02  7.3369E-03
  3.0300E+02  7.5359E-03
  3.0400E+02  7.7392E-03
  3.0500E+02  7.9466E-03
  3.0600E+02  8.1583E-03
  3.0700E+02  8.3742E-03
  3.0800E+02  8.5943E-03
  3.0900E+02  8.8186E-03
  3.1000E+02  9.0471E-03
  3.1100E+02  9.2799E-03
  3.1200E+02  9.5168E-03
  3.1300E+02  9.7579E-03
  3.1400E+02  1.0003E-02
  3.1500E+02  1.0253E-02
  3.1600E+02  1.0507E-02
  3.1700E+02  1.0765E-02
  3.1800E+02  1.1027E-02
  3.1900E+02  1.1293E-02
  3.2000E+02  1.1564E-02
  3.2100E+02  1.1839E-02
  3.2200E+02  1.2118E-02
  3.2300E+02  1.2401E-02
  3.2400E+02  1.2688E-02
  3.2500E+02  1.2980E-02
  3.2600E+02  1.3276E-02
  3.2700E+02  1.3576E-02
  3.2800E+02  1.9378E-02
  3.2900E+02  1.9149E-02
  3.3000E+02  1.8889E-02
  3.3100E+02  1.8599E-02
  3.3200E+02  1.8278E-02
  3.3300E+02  1.7927E-02
  3.3400E+02  1.7545E-02
  3.3500E+02  1.6756E-02
  3.3600E+02  1.3964E-02
  3.3700E+02  1.1667E-02
  3.3800E+02  9.8653E-03
  3.3900E+02  8.5582E-03
  3.4000E+02  8.1595E-03
  3.4100E+02  7.9892E-03
  3.4200E+02  7.8172E-03
  3.4300E+02  7.6436E-03
  3.4400E+02  7.4684E-03
  3.4500E+02  7.2915E-03
  3.4600E+02  7.1129E-03
  3.4700E+02  6.9328E-03
  3.4800E+02  6.7509E-03
  3.4900E+02  6.5675E-03
  3.5000E+02  6.3824E-03
  3.5100E+02  6.1956E-03
  3.5200E+02  6.0072E-03
  3.5300E+02  5.8172E-03
  3.5400E+02  5.6255E-03
  3.5500E+02  5.4322E-03
  3.5600E+02  5.2373E-03
  3.5700E+02  5.0406E-03
  3.5800E+02  4.8424E-03
  3.5900E+02  4.6425E-03
  3.6000E+02  4.4328E-03
  3.6100E+02  4.2161E-03
  3.6200E+02  4.0023E-03
  3.6300E+02  3.7914E-03
  3.6400E+02  3.5834E-03
  3.6500E+02  3.3783E-03
  3.6600E+02  3.1762E-03
  3.6700E+02  2.9769E-03
  3.6800E+02  2.7806E-03
  3.6900E+02  2.5872E-03
  3.7000E+02  2.3967E-03
  3.7100E+02  2.2091E-03
  3.7200E+02  2.0244E-03
  3.7300E+02  1.8426E-03
  3.7400E+02  1.6637E-03
  3.7500E+02  1.4877E-03
  3.7600E+02  1.3147E-03
  3.7700E+02  1.1445E-03
  3.7800E+02  9.7730E-04
  3.7900E+02  8.1297E-04
  3.8000E+02  6.5156E-04
  3.8100E+02  4.9305E-04
  3.8200E+02  3.3745E-04
  3.8300E+02  1.8477E-04
  3.8400E+02  3.4992E-05
  3.8500E+02  0.0000E+00
  3.8600E+02  1.3303E-04
  3.8700E+02  8.2844E-04
  3.8800E+02  1.5531E-03
  3.8900E+02  2.3070E-03
  3.9000E+02  3.0902E-03
  3.9100E+02  3.9027E-03
  3.9200E+02  4.7444E-03
  3.9300E+02  5.6153E-03
  3.9400E+02  6.5156E-03
  3.9500E+02  7.4450E-03
  3.9600E+02  8.4038E-03
  3.9700E+02  9.3918E-03
  3.9800E+02  1.0409E-02
  3.9900E+02  1.1456E-02
  4.0000E+02  1.2531E-02
  4.0100E+02  1.9347E-02
  4.0200E+02  1.8552E-02
  4.0300E+02  1.7797E-02
  4.0400E+02  1.7081E-02
  4.0500E+02  1.6405E-02
  4.0600E+02  1.5769E-02
  4.0700E+02  1.5172E-02
  4.0800E+02  1.4614E-02
  4.0900E+02  1.2922E-02
  4.1000E+02  1.2885E-02
  4.1100E+02  1.2846E-02
  4.1200E+02  1.2805E-02
  4.1300E+02  1.2761E-02
  4.1400E+02  1.2716E-02
  4.1500E+02  1.2668E-02
  4.1600E+02  1.2618E-02
  4.1700E+02  1.2566E-02
  4.1800E+02  1.2511E-02
  4.1900E+02  1.2455E-02
  4.2000E+02  1.2396E-02
  4.2100E+02  1.2336E-02
  4.2200E+02  1.2273E-02
  4.2300E+02  1.2208E-02
  4.2400E+02  1.2140E-02
  4.2500E+02  1.2071E-02
  4.2600E+02  1.1999E-02
  4.2700E+02  1.1925E-02
  4.2800E+02  1.1849E-02
  4.2900E+02  1.1771E-02
  4.3000E+02  1.1691E-02
  4.3100E+02  1.1608E-02
  4.3200E+02  1.1524E-02
  4.3300E+02  1.1437E-02
  4.3400E+02  1.1348E-02
  4.3500E+02  1.1257E-02
  4.3600E+02  1.1164E-02
  4.3700E+02  1.1068E-02
  4.3800E+02  1.0970E-02
  4.3900E+02  1.0871E-02
  4.4000E+02  1.0769E-02
  4.4100E+02  1.0665E-02
  4.4200E+02  1.0558E-02
  4.4300E+02  1.0450E-02
  4.4400E+02  1.0339E-02
  4.4500E+02  1.0226E-02
  4.4600E+02  1.0111E-02
  4.4700E+02  9.9942E-03
  4.4800E+02  9.8748E-03
  4.4900E+02  9.7533E-03
  4.5000E+02  9.6297E-03
  4.5100E+02  1.0496E-02
  4.5200E+02  1.1195E-02
  4.5300E+02  1.1419E-02
  4.5400E+02  1.1167E-02
  4.5500E+02  1.2836E-02
  4.5600E+02  1.7001E-02
  4.5700E+02  1.4370E-02
  4.5800E+02  8.8129E-03
  4.5900E+02  7.1093E-03
  4.6000E+02  6.2111E-03
  4.6100E+02  6.0081E-03
  4.6200E+02  5.8906E-03
  4.6300E+02  5.7743E-03
  4.6400E+02  5.6592E-03
  4.6500E+02  5.5452E-03
  4.6600E+02  5.4324E-03
  4.6700E+02  5.3207E-03
  4.6800E+02  5.2102E-03
  4.6900E+02  5.1009E-03
  4.7000E+02  4.9928E-03
  4.7100E+02  4.8858E-03
  4.7200E+02  4.7799E-03
  4.7300E+02  4.6753E-03
  4.7400E+02  9.7812E-03
  4.7500E+02  2.6912E-02
  4.7600E+02  3.6443E-02
  4.7700E+02  4.5382E-02
  4.7800E+02  5.3729E-02
  4.7900E+02  6.1483E-02
  4.8000E+02  8.0058E-02
  4.8100E+02  8.1904E-02
  4.8200E+02  8.1786E-02
  4.8300E+02  7.9704E-02
  4.8400E+02  6.9263E-02
  4.8500E+02  8.9783E-02
  4.8600E+02  9.2814E-02
  4.8700E+02  8.3838E-02
  4.8800E+02  8.1709E-02
  4.8900E+02  7.9542E-02
  4.9000E+02  7.7336E-02
  4.9100E+02  7.5092E-02
  4.9200E+02  7.2809E-02
  4.9300E+02  7.0627E-02
  4.9400E+02  6.8889E-02
  4.9500E+02  7.1675E-02
  4.9600E+02  7.3921E-02
  4.9700E+02  7.5629E-02
  4.9800E+02  8.2986E-02
  4.9900E+02  6.9333E-02
  5.0000E+02  5.5224E-02
  5.0100E+02  4.0522E-02
  5.0200E+02  3.2741E-02
  5.0300E+02  2.8980E-02
  5.0400E+02  2.5360E-02
  5.0500E+02  2.2196E-02
  5.0600E+02  1.9308E-02
  5.0700E+02  1.6629E-02
  5.0800E+02  1.4161E-02
  5.0900E+02  3.7716E-02
  5.1000E+02  5.7555E-03
  5.1100E+02  4.9032E-03
  5.1200E+02  4.1192E-03
  5.1300E+02  3.4034E-03
  5.1400E+02  2.7559E-03
  5.1500E+02  2.1767E-03
  5.1600E+02  1.6657E-03
  5.1700E+02  1.2230E-03
  5.1800E+02  8.4848E-04
  5.1900E+02  5.4227E-04
  5.2000E+02  3.0431E-04
  5.2100E+02  1.3462E-04
  5.2200E+02  3.3183E-05
  5.2300E+02  0.0000E+00
