 -1.8979E-05  0.0000E+00
  9.9998E-01  1.3717E-07
  2.0000E+00  5.4868E-07
  3.0000E+00  1.2345E-06
  4.0000E+00  2.1947E-06
  5.0000E+00  3.4293E-06
  6.0000E+00  4.9381E-06
  7.0000E+00  6.7214E-06
  8.0000E+00  8.7789E-06
  9.0000E+00  1.1111E-05
  1.0000E+01  1.3717E-05
  1.1000E+01  1.6598E-05
  1.2000E+01  1.9753E-05
  1.3000E+01  2.3182E-05
  1.4000E+01  2.6885E-05
  1.5000E+01  3.0863E-05
  1.6000E+01  3.5116E-05
  1.7000E+01  3.9642E-05
  1.8000E+01  4.4443E-05
  1.9000E+01  4.9519E-05
  2.0000E+01  5.4868E-05
  2.1000E+01  6.0492E-05
  2.2000E+01  6.6390E-05
  2.3000E+01  7.2563E-05
  2.4000E+01  7.9010E-05
  2.5000E+01  8.5732E-05
  2.6000E+01  9.2727E-05
  2.7000E+01  9.9997E-05
  2.8000E+01  1.0754E-04
  2.9000E+01  1.1536E-04
  3.0000E+01  1.2345E-04
  3.1000E+01  1.3182E-04
  3.2000E+01  1.4046E-04
  3.3000E+01  1.4938E-04
  3.4000E+01  1.5857E-04
  3.5000E+01  1.6803E-04
  3.6000E+01  1.7777E-04
  3.7000E+01  1.8779E-04
  3.8000E+01  1.9807E-04
  3.9000E+01  2.0864E-04
  4.0000E+01  2.1947E-04
  4.1000E+01  2.3058E-04
  4.2000E+01  2.4197E-04
  4.3000E+01  2.5363E-04
  4.4000E+01  2.6556E-04
  4.5000E+01  2.7777E-04
  4.6000E+01  2.9025E-04
  4.7000E+01  3.0301E-04
  4.8000E+01  3.1604E-04
  4.9000E+01  3.2935E-04
  5.0000E+01  3.4293E-04
  5.1000E+01  3.5678E-04
  5.2000E+01  3.7091E-04
  5.3000E+01  3.8531E-04
  5.4000E+01  3.9999E-04
  5.5000E+01  4.1494E-04
  5.6000E+01  4.3017E-04
  5.7000E+01  5.3275E-04
  5.8000E+01  6.5417E-04
  5.9000E+01  7.7158E-04
  6.0000E+01  8.8498E-04
  6.1000E+01  9.9437E-04
  6.2000E+01  1.0998E-03
  6.3000E+01  1.2011E-03
  6.4000E+01  1.2985E-03
  6.5000E+01  1.3919E-03
  6.6000E+01  1.4812E-03
  6.7000E+01  1.5666E-03
  6.8000E+01  1.6479E-03
  6.9000E+01  1.7252E-03
  7.0000E+01  1.7985E-03
  7.1000E+01  1.8678E-03
  7.2000E+01  1.9331E-03
  7.3000E+01  1.9944E-03
  7.4000E+01  2.0517E-03
  7.5000E+01  2.1050E-03
  7.6000E+01  2.1582E-03
  7.7000E+01  2.2374E-03
  7.8000E+01  2.3181E-03
  7.9000E+01  2.4003E-03
  8.0000E+01  2.4838E-03
  8.1000E+01  2.5688E-03
  8.2000E+01  2.6614E-03
  8.3000E+01  2.7627E-03
  8.4000E+01  2.8719E-03
  8.5000E+01  2.9891E-03
  8.6000E+01  3.1144E-03
  8.7000E+01  3.2476E-03
  8.8000E+01  3.3888E-03
  8.9000E+01  3.5381E-03
  9.0000E+01  3.6953E-03
  9.1000E+01  3.8606E-03
  9.2000E+01  4.0375E-03
  9.3000E+01  4.2376E-03
  9.4000E+01  4.4617E-03
  9.5000E+01  4.7098E-03
  9.6000E+01  4.9818E-03
  9.7000E+01  5.2778E-03
  9.8000E+01  5.5979E-03
  9.9000E+01  5.9419E-03
  1.0000E+02  6.3098E-03
  1.0100E+02  6.7018E-03
  1.0200E+02  7.2126E-03
  1.0300E+02  7.9370E-03
  1.0400E+02  8.7902E-03
  1.0500E+02  9.6677E-03
  1.0600E+02  1.0528E-02
  1.0700E+02  1.1371E-02
  1.0800E+02  1.2197E-02
  1.0900E+02  1.3921E-02
  1.1000E+02  1.3200E-02
  1.1100E+02  1.3677E-02
  1.1200E+02  1.4134E-02
  1.1300E+02  1.5874E-02
  1.1400E+02  1.6769E-02
  1.1500E+02  1.6110E-02
  1.1600E+02  1.7185E-02
  1.1700E+02  1.7891E-02
  1.1800E+02  1.8076E-02
  1.1900E+02  1.7740E-02
  1.2000E+02  1.6884E-02
  1.2100E+02  1.6990E-02
  1.2200E+02  1.7233E-02
  1.2300E+02  1.7500E-02
  1.2400E+02  1.8044E-02
  1.2500E+02  1.8569E-02
  1.2600E+02  1.9074E-02
  1.2700E+02  1.9561E-02
  1.2800E+02  2.0564E-02
  1.2900E+02  2.0777E-02
  1.3000E+02  2.0890E-02
  1.3100E+02  2.1141E-02
  1.3200E+02  2.1422E-02
  1.3300E+02  2.1683E-02
  1.3400E+02  2.1923E-02
  1.3500E+02  2.2413E-02
  1.3600E+02  2.3130E-02
  1.3700E+02  2.3994E-02
  1.3800E+02  2.5003E-02
  1.3900E+02  2.5982E-02
  1.4000E+02  2.7597E-02
  1.4100E+02  2.9188E-02
  1.4200E+02  3.0238E-02
  1.4300E+02  3.1290E-02
  1.4400E+02  3.1939E-02
  1.4500E+02  3.1520E-02
  1.4600E+02  3.0018E-02
  1.4700E+02  2.8759E-02
  1.4800E+02  2.7331E-02
  1.4900E+02  2.7152E-02
  1.5000E+02  2.6999E-02
  1.5100E+02  2.6846E-02
  1.5200E+02  2.6807E-02
  1.5300E+02  2.6692E-02
  1.5400E+02  2.6387E-02
  1.5500E+02  2.5892E-02
  1.5600E+02  2.5416E-02
  1.5700E+02  2.5358E-02
  1.5800E+02  2.5301E-02
  1.5900E+02  2.5243E-02
  1.6000E+02  2.7262E-02
  1.6100E+02  2.3621E-02
  1.6200E+02  2.2658E-02
  1.6300E+02  2.1431E-02
  1.6400E+02  2.0971E-02
  1.6500E+02  2.2062E-02
  1.6600E+02  2.4548E-02
  1.6700E+02  1.4632E-02
  1.6800E+02  1.4494E-02
  1.6900E+02  1.4364E-02
  1.7000E+02  1.4240E-02
  1.7100E+02  1.4123E-02
  1.7200E+02  1.4012E-02
  1.7300E+02  1.3908E-02
  1.7400E+02  1.3811E-02
  1.7500E+02  1.3721E-02
  1.7600E+02  1.3637E-02
  1.7700E+02  1.3560E-02
  1.7800E+02  1.3490E-02
  1.7900E+02  1.3453E-02
  1.8000E+02  1.3454E-02
  1.8100E+02  1.3472E-02
  1.8200E+02  1.3499E-02
  1.8300E+02  1.3534E-02
  1.8400E+02  1.3577E-02
  1.8500E+02  1.3629E-02
  1.8600E+02  1.3689E-02
  1.8700E+02  1.3714E-02
  1.8800E+02  1.3750E-02
  1.8900E+02  1.3799E-02
  1.9000E+02  1.3863E-02
  1.9100E+02  1.3940E-02
  1.9200E+02  1.4032E-02
  1.9300E+02  1.4140E-02
  1.9400E+02  1.4271E-02
  1.9500E+02  1.4438E-02
  1.9600E+02  1.4702E-02
  1.9700E+02  1.5071E-02
  1.9800E+02  1.5720E-02
  1.9900E+02  1.7088E-02
  2.0000E+02  1.9194E-02
  2.0100E+02  1.8590E-02
  2.0200E+02  1.5964E-02
  2.0300E+02  1.2889E-02
  2.0400E+02  9.4421E-03
  2.0500E+02  5.5411E-03
  2.0600E+02  1.2052E-03
  2.0700E+02  1.2199E-03
  2.0800E+02  1.2345E-03
  2.0900E+02  1.2491E-03
  2.1000E+02  1.2684E-03
  2.1100E+02  1.2882E-03
  2.1200E+02  1.3086E-03
  2.1300E+02  1.3294E-03
  2.1400E+02  1.3507E-03
  2.1500E+02  1.3726E-03
  2.1600E+02  1.3949E-03
  2.1700E+02  1.4178E-03
  2.1800E+02  1.4412E-03
  2.1900E+02  1.4651E-03
  2.2000E+02  1.4895E-03
  2.2100E+02  1.5144E-03
  2.2200E+02  1.5399E-03
  2.2300E+02  1.5658E-03
  2.2400E+02  1.5923E-03
  2.2500E+02  1.6192E-03
  2.2600E+02  1.6467E-03
  2.2700E+02  1.6747E-03
  2.2800E+02  1.7032E-03
  2.2900E+02  1.7322E-03
  2.3000E+02  1.7617E-03
  2.3100E+02  1.7917E-03
  2.3200E+02  1.8223E-03
  2.3300E+02  1.8533E-03
  2.3400E+02  1.8849E-03
  2.3500E+02  1.9171E-03
  2.3600E+02  1.9501E-03
  2.3700E+02  1.9840E-03
  2.3800E+02  2.0186E-03
  2.3900E+02  2.0540E-03
  2.4000E+02  2.0902E-03
  2.4100E+02  2.1272E-03
  2.4200E+02  2.1650E-03
  2.4300E+02  2.2036E-03
  2.4400E+02  2.2430E-03
  2.4500E+02  2.2832E-03
  2.4600E+02  2.3242E-03
  2.4700E+02  2.3659E-03
  2.4800E+02  2.4083E-03
  2.4900E+02  2.4513E-03
  2.5000E+02  2.4950E-03
  2.5100E+02  2.5394E-03
  2.5200E+02  2.5844E-03
  2.5300E+02  2.6248E-03
  2.5400E+02  2.6613E-03
  2.5500E+02  2.6948E-03
  2.5600E+02  2.7251E-03
  2.5700E+02  2.7522E-03
  2.5800E+02  2.7762E-03
  2.5900E+02  2.7971E-03
  2.6000E+02  2.8148E-03
  2.6100E+02  2.8591E-03
  2.6200E+02  2.9087E-03
  2.6300E+02  2.9589E-03
  2.6400E+02  3.0097E-03
  2.6500E+02  3.0610E-03
  2.6600E+02  3.1130E-03
  2.6700E+02  3.1655E-03
  2.6800E+02  3.2186E-03
  2.6900E+02  3.2722E-03
  2.7000E+02  3.3265E-03
  2.7100E+02  3.3813E-03
  2.7200E+02  3.4367E-03
  2.7300E+02  3.4927E-03
  2.7400E+02  3.5493E-03
  2.7500E+02  3.6064E-03
  2.7600E+02  3.6641E-03
  2.7700E+02  3.7224E-03
  2.7800E+02  3.7813E-03
  2.7900E+02  3.8408E-03
  2.8000E+02  3.9008E-03
  2.8100E+02  3.9614E-03
  2.8200E+02  4.0226E-03
  2.8300E+02  4.0843E-03
  2.8400E+02  4.1467E-03
  2.8500E+02  4.2096E-03
  2.8600E+02  4.2731E-03
  2.8700E+02  4.3372E-03
  2.8800E+02  4.4018E-03
  2.8900E+02  4.5288E-03
  2.9000E+02  4.6857E-03
  2.9100E+02  4.8260E-03
  2.9200E+02  4.9365E-03
  2.9300E+02  5.0409E-03
  2.9400E+02  5.1449E-03
  2.9500E+02  5.2484E-03
  2.9600E+02  5.3514E-03
  2.9700E+02  5.4540E-03
  2.9800E+02  5.5561E-03
  2.9900E+02  5.6578E-03
  3.0000E+02  5.7590E-03
  3.0100E+02  5.8597E-03
  3.0200E+02  5.9601E-03
  3.0300E+02  6.0599E-03
  3.0400E+02  6.1605E-03
  3.0500E+02  6.2752E-03
  3.0600E+02  6.3984E-03
  3.0700E+02  6.5300E-03
  3.0800E+02  6.6701E-03
  3.0900E+02  6.8186E-03
  3.1000E+02  6.9755E-03
  3.1100E+02  7.1409E-03
  3.1200E+02  7.3147E-03
  3.1300E+02  7.4969E-03
  3.1400E+02  7.6876E-03
  3.1500E+02  7.8868E-03
  3.1600E+02  8.0943E-03
  3.1700E+02  8.3103E-03
  3.1800E+02  8.5348E-03
  3.1900E+02  8.7677E-03
  3.2000E+02  9.0090E-03
  3.2100E+02  9.2587E-03
  3.2200E+02  9.5169E-03
  3.2300E+02  9.7836E-03
  3.2400E+02  1.0059E-02
  3.2500E+02  1.0350E-02
  3.2600E+02  1.0693E-02
  3.2700E+02  1.1097E-02
  3.2800E+02  1.1559E-02
  3.2900E+02  1.2082E-02
  3.3000E+02  1.2704E-02
  3.3100E+02  1.3586E-02
  3.3200E+02  1.4388E-02
  3.3300E+02  1.5109E-02
  3.3400E+02  1.5750E-02
  3.3500E+02  1.6310E-02
  3.3600E+02  1.6789E-02
  3.3700E+02  1.7381E-02
  3.3800E+02  1.7020E-02
  3.3900E+02  1.6858E-02
  3.4000E+02  1.6615E-02
  3.4100E+02  1.6292E-02
  3.4200E+02  1.5889E-02
  3.4300E+02  1.5405E-02
  3.4400E+02  1.4641E-02
  3.4500E+02  1.3699E-02
  3.4600E+02  1.2718E-02
  3.4700E+02  1.1791E-02
  3.4800E+02  1.0916E-02
  3.4900E+02  1.0095E-02
  3.5000E+02  9.3261E-03
  3.5100E+02  8.6107E-03
  3.5200E+02  7.9484E-03
  3.5300E+02  7.3391E-03
  3.5400E+02  6.9350E-03
  3.5500E+02  6.5596E-03
  3.5600E+02  6.2016E-03
  3.5700E+02  5.8612E-03
  3.5800E+02  5.5383E-03
  3.5900E+02  5.2329E-03
  3.6000E+02  4.9450E-03
  3.6100E+02  4.6743E-03
  3.6200E+02  4.4161E-03
  3.6300E+02  4.1685E-03
  3.6400E+02  3.9318E-03
  3.6500E+02  3.7057E-03
  3.6600E+02  3.4904E-03
  3.6700E+02  3.2859E-03
  3.6800E+02  3.0921E-03
  3.6900E+02  3.0936E-03
  3.7000E+02  2.9694E-03
  3.7100E+02  2.8602E-03
  3.7200E+02  2.7659E-03
  3.7300E+02  2.6867E-03
  3.7400E+02  2.6223E-03
  3.7500E+02  2.5730E-03
  3.7600E+02  2.5385E-03
  3.7700E+02  2.5163E-03
  3.7800E+02  2.5046E-03
  3.7900E+02  2.5035E-03
  3.8000E+02  2.5129E-03
  3.8100E+02  2.5330E-03
  3.8200E+02  2.5771E-03
  3.8300E+02  2.6958E-03
  3.8400E+02  2.8937E-03
  3.8500E+02  3.1710E-03
  3.8600E+02  3.5275E-03
  3.8700E+02  3.9633E-03
  3.8800E+02  4.4785E-03
  3.8900E+02  5.0729E-03
  3.9000E+02  5.9812E-03
  3.9100E+02  8.9604E-03
  3.9200E+02  1.4342E-02
  3.9300E+02  1.8493E-02
  3.9400E+02  1.1774E-02
  3.9500E+02  1.1195E-02
  3.9600E+02  1.0826E-02
  3.9700E+02  1.0666E-02
  3.9800E+02  1.0662E-02
  3.9900E+02  1.0621E-02
  4.0000E+02  1.0620E-02
  4.0100E+02  1.0657E-02
  4.0200E+02  1.0733E-02
  4.0300E+02  1.0848E-02
  4.0400E+02  1.0964E-02
  4.0500E+02  1.1069E-02
  4.0600E+02  1.1169E-02
  4.0700E+02  1.1264E-02
  4.0800E+02  1.1355E-02
  4.0900E+02  1.1440E-02
  4.1000E+02  1.1521E-02
  4.1100E+02  1.1597E-02
  4.1200E+02  1.1668E-02
  4.1300E+02  1.1735E-02
  4.1400E+02  1.1796E-02
  4.1500E+02  1.1853E-02
  4.1600E+02  1.1905E-02
  4.1700E+02  1.1954E-02
  4.1800E+02  1.2004E-02
  4.1900E+02  1.2056E-02
  4.2000E+02  1.2110E-02
  4.2100E+02  1.2166E-02
  4.2200E+02  1.2224E-02
  4.2300E+02  1.2284E-02
  4.2400E+02  1.4686E-02
  4.2500E+02  1.5403E-02
  4.2600E+02  1.5599E-02
  4.2700E+02  1.5613E-02
  4.2800E+02  1.5460E-02
  4.2900E+02  1.5055E-02
  4.3000E+02  1.4305E-02
  4.3100E+02  1.1895E-02
  4.3200E+02  1.1527E-02
  4.3300E+02  1.1116E-02
  4.3400E+02  1.0663E-02
  4.3500E+02  1.0167E-02
  4.3600E+02  9.9022E-03
  4.3700E+02  9.7065E-03
  4.3800E+02  9.5146E-03
  4.3900E+02  9.3264E-03
  4.4000E+02  9.1419E-03
  4.4100E+02  8.9612E-03
  4.4200E+02  8.7842E-03
  4.4300E+02  8.6109E-03
  4.4400E+02  8.4413E-03
  4.4500E+02  8.2754E-03
  4.4600E+02  8.1133E-03
  4.4700E+02  7.9549E-03
  4.4800E+02  7.8003E-03
  4.4900E+02  7.6494E-03
  4.5000E+02  7.5021E-03
  4.5100E+02  7.3599E-03
  4.5200E+02  7.2243E-03
  4.5300E+02  7.0953E-03
  4.5400E+02  6.9729E-03
  4.5500E+02  6.8571E-03
  4.5600E+02  6.7479E-03
  4.5700E+02  6.6453E-03
  4.5800E+02  6.5401E-03
  4.5900E+02  6.4447E-03
  4.6000E+02  6.3625E-03
  4.6100E+02  6.2937E-03
  4.6200E+02  6.2381E-03
  4.6300E+02  6.8475E-03
  4.6400E+02  7.3701E-03
  4.6500E+02  7.2823E-03
  4.6600E+02  6.5843E-03
  4.6700E+02  4.9100E-03
  4.6800E+02  4.7923E-03
  4.6900E+02  4.6766E-03
  4.7000E+02  4.5629E-03
  4.7100E+02  5.1340E-03
  4.7200E+02  1.4834E-02
  4.7300E+02  2.1655E-02
  4.7400E+02  2.6320E-02
  4.7500E+02  3.2477E-02
  4.7600E+02  4.0212E-02
  4.7700E+02  4.9744E-02
  4.7800E+02  7.5057E-02
  4.7900E+02  7.5947E-02
  4.8000E+02  7.0536E-02
  4.8100E+02  6.7028E-02
  4.8200E+02  6.6955E-02
  4.8300E+02  6.7394E-02
  4.8400E+02  6.9212E-02
  4.8500E+02  7.2267E-02
  4.8600E+02  7.5234E-02
  4.8700E+02  7.2190E-02
  4.8800E+02  7.2564E-02
  4.8900E+02  7.3265E-02
  4.9000E+02  7.3910E-02
  4.9100E+02  7.4729E-02
  4.9200E+02  8.2239E-02
  4.9300E+02  9.1457E-02
  4.9400E+02  8.3838E-02
  4.9500E+02  8.1791E-02
  4.9600E+02  7.8706E-02
  4.9700E+02  7.4680E-02
  4.9800E+02  7.0096E-02
  4.9900E+02  6.2737E-02
  5.0000E+02  3.1018E-02
  5.0100E+02  1.5978E-02
  5.0200E+02  1.4713E-02
  5.0300E+02  1.3570E-02
  5.0400E+02  1.2546E-02
  5.0500E+02  1.1391E-02
  5.0600E+02  1.0682E-02
  5.0700E+02  1.0086E-02
  5.0800E+02  9.5239E-03
  5.0900E+02  8.9958E-03
  5.1000E+02  8.5018E-03
  5.1100E+02  8.0417E-03
  5.1200E+02  7.6157E-03
  5.1300E+02  7.2236E-03
  5.1400E+02  6.8606E-03
  5.1500E+02  6.5098E-03
  5.1600E+02  6.1704E-03
  5.1700E+02  5.8424E-03
  5.1800E+02  5.5257E-03
  5.1900E+02  5.2501E-03
  5.2000E+02  4.9872E-03
  5.2100E+02  4.7361E-03
  5.2200E+02  4.5231E-03
  5.2300E+02  4.3199E-03
  5.2400E+02  4.1286E-03
  5.2500E+02  4.0319E-03
  5.2600E+02  3.9364E-03
  5.2700E+02  3.8420E-03
  5.2800E+02  3.7489E-03
  5.2900E+02  3.6569E-03
  5.3000E+02  3.5662E-03
  5.3100E+02  3.4766E-03
  5.3200E+02  3.3882E-03
  5.3300E+02  3.3010E-03
  5.3400E+02  3.2150E-03
  5.3500E+02  3.1302E-03
  5.3600E+02  3.0466E-03
  5.3700E+02  2.9642E-03
  5.3800E+02  2.8829E-03
  5.3900E+02  2.8029E-03
  5.4000E+02  2.7240E-03
  5.4100E+02  2.6463E-03
  5.4200E+02  2.5698E-03
  5.4300E+02  2.4946E-03
  5.4400E+02  2.4205E-03
  5.4500E+02  2.3476E-03
  5.4600E+02  2.2758E-03
  5.4700E+02  2.2053E-03
  5.4800E+02  2.1443E-03
  5.4900E+02  2.2355E-03
  5.5000E+02  2.2910E-03
  5.5100E+02  2.3106E-03
  5.5200E+02  2.2943E-03
  5.5300E+02  2.2422E-03
  5.5400E+02  2.1543E-03
  5.5500E+02  2.0305E-03
  5.5600E+02  2.0303E-03
  5.5700E+02  2.4276E-03
  5.5800E+02  2.2737E-03
  5.5900E+02  1.5687E-03
  5.6000E+02  8.1411E-04
  5.6100E+02  7.6560E-04
  5.6200E+02  7.1858E-04
  5.6300E+02  6.7304E-04
  5.6400E+02  6.2900E-04
  5.6500E+02  5.8645E-04
  5.6600E+02  5.4539E-04
  5.6700E+02  5.0582E-04
  5.6800E+02  4.6774E-04
  5.6900E+02  4.3115E-04
  5.7000E+02  3.9605E-04
  5.7100E+02  3.6244E-04
  5.7200E+02  3.3032E-04
  5.7300E+02  2.9969E-04
  5.7400E+02  2.7055E-04
  5.7500E+02  2.4290E-04
  5.7600E+02  2.1674E-04
  5.7700E+02  1.9207E-04
  5.7800E+02  1.6889E-04
  5.7900E+02  1.4720E-04
  5.8000E+02  1.2700E-04
  5.8100E+02  1.0829E-04
  5.8200E+02  9.1069E-05
  5.8300E+02  7.5340E-05
  5.8400E+02  6.1100E-05
  5.8500E+02  4.8351E-05
  5.8600E+02  3.7092E-05
  5.8700E+02  2.7323E-05
  5.8800E+02  1.9045E-05
  5.8900E+02  1.2256E-05
  5.9000E+02  6.9574E-06
  5.9100E+02  3.1490E-06
  5.9200E+02  8.3059E-07
  5.9300E+02  2.3236E-09
  5.9400E+02  0.0000E+00
