 -1.8979E-05  0.0000E+00
  9.9998E-01  1.6314E-07
  2.0000E+00  6.5256E-07
  3.0000E+00  1.4683E-06
  4.0000E+00  2.6103E-06
  5.0000E+00  4.0785E-06
  6.0000E+00  5.8731E-06
  7.0000E+00  7.9939E-06
  8.0000E+00  1.0441E-05
  9.0000E+00  1.3214E-05
  1.0000E+01  1.6314E-05
  1.1000E+01  1.9740E-05
  1.2000E+01  2.3492E-05
  1.3000E+01  2.7571E-05
  1.4000E+01  3.1976E-05
  1.5000E+01  3.6707E-05
  1.6000E+01  4.1764E-05
  1.7000E+01  4.7148E-05
  1.8000E+01  5.2858E-05
  1.9000E+01  5.8894E-05
  2.0000E+01  6.5256E-05
  2.1000E+01  7.1945E-05
  2.2000E+01  7.8960E-05
  2.3000E+01  8.6302E-05
  2.4000E+01  9.3969E-05
  2.5000E+01  1.0196E-04
  2.6000E+01  1.1028E-04
  2.7000E+01  1.1893E-04
  2.8000E+01  1.2790E-04
  2.9000E+01  1.3720E-04
  3.0000E+01  1.4683E-04
  3.1000E+01  1.5678E-04
  3.2000E+01  1.6706E-04
  3.3000E+01  1.7766E-04
  3.4000E+01  1.8859E-04
  3.5000E+01  1.9985E-04
  3.6000E+01  2.1143E-04
  3.7000E+01  2.2334E-04
  3.8000E+01  2.3558E-04
  3.9000E+01  2.4814E-04
  4.0000E+01  2.6103E-04
  4.1000E+01  2.7424E-04
  4.2000E+01  2.8778E-04
  4.3000E+01  3.0165E-04
  4.4000E+01  3.1584E-04
  4.5000E+01  3.3036E-04
  4.6000E+01  3.4521E-04
  4.7000E+01  3.6038E-04
  4.8000E+01  3.7588E-04
  4.9000E+01  3.9170E-04
  5.0000E+01  4.0785E-04
  5.1000E+01  4.2433E-04
  5.2000E+01  4.4113E-04
  5.3000E+01  4.5826E-04
  5.4000E+01  4.7572E-04
  5.5000E+01  4.9350E-04
  5.6000E+01  5.1161E-04
  5.7000E+01  5.3005E-04
  5.8000E+01  5.4881E-04
  5.9000E+01  5.6789E-04
  6.0000E+01  5.8731E-04
  6.1000E+01  6.0705E-04
  6.2000E+01  6.2711E-04
  6.3000E+01  6.4751E-04
  6.4000E+01  6.6823E-04
  6.5000E+01  6.8927E-04
  6.6000E+01  7.1064E-04
  6.7000E+01  7.3234E-04
  6.8000E+01  7.5437E-04
  6.9000E+01  7.7672E-04
  7.0000E+01  7.9939E-04
  7.1000E+01  8.2239E-04
  7.2000E+01  9.9772E-04
  7.3000E+01  1.1999E-03
  7.4000E+01  1.4007E-03
  7.5000E+01  1.6000E-03
  7.6000E+01  1.7979E-03
  7.7000E+01  1.9943E-03
  7.8000E+01  2.1893E-03
  7.9000E+01  2.3828E-03
  8.0000E+01  2.5748E-03
  8.1000E+01  2.7654E-03
  8.2000E+01  2.9545E-03
  8.3000E+01  3.1422E-03
  8.4000E+01  3.3284E-03
  8.5000E+01  3.5132E-03
  8.6000E+01  3.6965E-03
  8.7000E+01  3.8784E-03
  8.8000E+01  4.0588E-03
  8.9000E+01  4.2378E-03
  9.0000E+01  4.4153E-03
  9.1000E+01  4.5913E-03
  9.2000E+01  4.7659E-03
  9.3000E+01  4.9391E-03
  9.4000E+01  5.1108E-03
  9.5000E+01  5.2810E-03
  9.6000E+01  5.4498E-03
  9.7000E+01  5.6270E-03
  9.8000E+01  5.8280E-03
  9.9000E+01  6.0518E-03
  1.0000E+02  6.3344E-03
  1.0100E+02  6.8265E-03
  1.0200E+02  7.5451E-03
  1.0300E+02  8.4526E-03
  1.0400E+02  9.2342E-03
  1.0500E+02  9.9625E-03
  1.0600E+02  1.0654E-02
  1.0700E+02  1.1309E-02
  1.0800E+02  1.1928E-02
  1.0900E+02  1.2510E-02
  1.1000E+02  1.3055E-02
  1.1100E+02  1.3564E-02
  1.1200E+02  1.4036E-02
  1.1300E+02  1.4471E-02
  1.1400E+02  1.4870E-02
  1.1500E+02  1.5210E-02
  1.1600E+02  1.5516E-02
  1.1700E+02  1.5831E-02
  1.1800E+02  1.6155E-02
  1.1900E+02  1.6488E-02
  1.2000E+02  1.6831E-02
  1.2100E+02  1.7182E-02
  1.2200E+02  1.7542E-02
  1.2300E+02  1.9873E-02
  1.2400E+02  2.1299E-02
  1.2500E+02  2.1725E-02
  1.2600E+02  2.1151E-02
  1.2700E+02  1.9577E-02
  1.2800E+02  1.9128E-02
  1.2900E+02  1.9297E-02
  1.3000E+02  1.9460E-02
  1.3100E+02  1.9616E-02
  1.3200E+02  1.9766E-02
  1.3300E+02  1.9918E-02
  1.3400E+02  2.0244E-02
  1.3500E+02  2.0804E-02
  1.3600E+02  2.1565E-02
  1.3700E+02  2.2520E-02
  1.3800E+02  2.3668E-02
  1.3900E+02  2.5009E-02
  1.4000E+02  2.5542E-02
  1.4100E+02  2.5778E-02
  1.4200E+02  2.6035E-02
  1.4300E+02  2.6314E-02
  1.4400E+02  2.6615E-02
  1.4500E+02  2.8985E-02
  1.4600E+02  3.0625E-02
  1.4700E+02  2.6992E-02
  1.4800E+02  2.6420E-02
  1.4900E+02  2.6260E-02
  1.5000E+02  2.6087E-02
  1.5100E+02  2.5901E-02
  1.5200E+02  2.5703E-02
  1.5300E+02  2.5492E-02
  1.5400E+02  2.5268E-02
  1.5500E+02  2.5032E-02
  1.5600E+02  2.4783E-02
  1.5700E+02  2.4521E-02
  1.5800E+02  2.4205E-02
  1.5900E+02  2.3879E-02
  1.6000E+02  2.3553E-02
  1.6100E+02  2.3227E-02
  1.6200E+02  2.2994E-02
  1.6300E+02  2.3083E-02
  1.6400E+02  2.3078E-02
  1.6500E+02  2.4352E-02
  1.6600E+02  2.6651E-02
  1.6700E+02  2.7981E-02
  1.6800E+02  2.8335E-02
  1.6900E+02  2.7384E-02
  1.7000E+02  2.5534E-02
  1.7100E+02  2.4314E-02
  1.7200E+02  2.3577E-02
  1.7300E+02  2.2902E-02
  1.7400E+02  2.2290E-02
  1.7500E+02  2.1740E-02
  1.7600E+02  2.1451E-02
  1.7700E+02  2.0559E-02
  1.7800E+02  1.9309E-02
  1.7900E+02  1.7703E-02
  1.8000E+02  1.6774E-02
  1.8100E+02  1.6299E-02
  1.8200E+02  1.5825E-02
  1.8300E+02  1.5351E-02
  1.8400E+02  1.4877E-02
  1.8500E+02  1.4404E-02
  1.8600E+02  1.3931E-02
  1.8700E+02  1.3459E-02
  1.8800E+02  1.2987E-02
  1.8900E+02  1.2515E-02
  1.9000E+02  1.2044E-02
  1.9100E+02  1.1574E-02
  1.9200E+02  1.1103E-02
  1.9300E+02  1.0633E-02
  1.9400E+02  1.0164E-02
  1.9500E+02  9.6951E-03
  1.9600E+02  9.2266E-03
  1.9700E+02  8.7585E-03
  1.9800E+02  8.2909E-03
  1.9900E+02  7.8236E-03
  2.0000E+02  7.3568E-03
  2.0100E+02  6.8904E-03
  2.0200E+02  6.4244E-03
  2.0300E+02  5.7390E-03
  2.0400E+02  5.0743E-03
  2.0500E+02  4.4654E-03
  2.0600E+02  3.9121E-03
  2.0700E+02  3.4146E-03
  2.0800E+02  2.9729E-03
  2.0900E+02  2.5869E-03
  2.1000E+02  2.2567E-03
  2.1100E+02  1.9822E-03
  2.1200E+02  1.7634E-03
  2.1300E+02  1.6004E-03
  2.1400E+02  1.4931E-03
  2.1500E+02  1.4416E-03
  2.1600E+02  1.4443E-03
  2.1700E+02  1.4635E-03
  2.1800E+02  1.4828E-03
  2.1900E+02  1.5023E-03
  2.2000E+02  1.5218E-03
  2.2100E+02  1.5414E-03
  2.2200E+02  1.5611E-03
  2.2300E+02  1.5890E-03
  2.2400E+02  1.6191E-03
  2.2500E+02  1.6491E-03
  2.2600E+02  1.6790E-03
  2.2700E+02  1.7088E-03
  2.2800E+02  1.7386E-03
  2.2900E+02  1.7683E-03
  2.3000E+02  1.7980E-03
  2.3100E+02  1.8275E-03
  2.3200E+02  1.8570E-03
  2.3300E+02  1.8864E-03
  2.3400E+02  1.9158E-03
  2.3500E+02  1.9451E-03
  2.3600E+02  1.9743E-03
  2.3700E+02  2.0034E-03
  2.3800E+02  2.0325E-03
  2.3900E+02  2.0615E-03
  2.4000E+02  2.0904E-03
  2.4100E+02  2.1192E-03
  2.4200E+02  2.1480E-03
  2.4300E+02  2.1767E-03
  2.4400E+02  2.2053E-03
  2.4500E+02  2.2339E-03
  2.4600E+02  2.2624E-03
  2.4700E+02  2.2908E-03
  2.4800E+02  2.3192E-03
  2.4900E+02  2.3474E-03
  2.5000E+02  2.3756E-03
  2.5100E+02  2.4038E-03
  2.5200E+02  2.4318E-03
  2.5300E+02  2.4598E-03
  2.5400E+02  2.4877E-03
  2.5500E+02  2.5156E-03
  2.5600E+02  2.5433E-03
  2.5700E+02  2.5710E-03
  2.5800E+02  2.5987E-03
  2.5900E+02  2.6377E-03
  2.6000E+02  2.6809E-03
  2.6100E+02  2.7256E-03
  2.6200E+02  2.7717E-03
  2.6300E+02  2.8193E-03
  2.6400E+02  2.8683E-03
  2.6500E+02  2.9188E-03
  2.6600E+02  2.9707E-03
  2.6700E+02  3.0240E-03
  2.6800E+02  3.0788E-03
  2.6900E+02  3.1351E-03
  2.7000E+02  3.1928E-03
  2.7100E+02  3.2519E-03
  2.7200E+02  3.3125E-03
  2.7300E+02  3.3745E-03
  2.7400E+02  3.4380E-03
  2.7500E+02  3.5029E-03
  2.7600E+02  3.5693E-03
  2.7700E+02  3.6371E-03
  2.7800E+02  3.7064E-03
  2.7900E+02  3.7771E-03
  2.8000E+02  3.8493E-03
  2.8100E+02  3.9229E-03
  2.8200E+02  3.9980E-03
  2.8300E+02  4.0745E-03
  2.8400E+02  4.1525E-03
  2.8500E+02  4.2319E-03
  2.8600E+02  4.3127E-03
  2.8700E+02  4.3950E-03
  2.8800E+02  4.4788E-03
  2.8900E+02  4.5640E-03
  2.9000E+02  4.6506E-03
  2.9100E+02  4.7387E-03
  2.9200E+02  4.8282E-03
  2.9300E+02  4.9192E-03
  2.9400E+02  5.0117E-03
  2.9500E+02  5.1055E-03
  2.9600E+02  5.2009E-03
  2.9700E+02  5.2976E-03
  2.9800E+02  5.4025E-03
  2.9900E+02  5.5371E-03
  3.0000E+02  5.7022E-03
  3.0100E+02  5.8825E-03
  3.0200E+02  6.0730E-03
  3.0300E+02  6.2736E-03
  3.0400E+02  6.4845E-03
  3.0500E+02  6.7056E-03
  3.0600E+02  6.9369E-03
  3.0700E+02  7.1784E-03
  3.0800E+02  7.4301E-03
  3.0900E+02  7.6920E-03
  3.1000E+02  7.9641E-03
  3.1100E+02  8.2464E-03
  3.1200E+02  8.5390E-03
  3.1300E+02  8.8424E-03
  3.1400E+02  9.1572E-03
  3.1500E+02  9.4833E-03
  3.1600E+02  9.7966E-03
  3.1700E+02  1.0089E-02
  3.1800E+02  1.0374E-02
  3.1900E+02  1.0651E-02
  3.2000E+02  1.0921E-02
  3.2100E+02  1.1183E-02
  3.2200E+02  1.1437E-02
  3.2300E+02  1.1683E-02
  3.2400E+02  1.1922E-02
  3.2500E+02  1.2153E-02
  3.2600E+02  1.2376E-02
  3.2700E+02  1.2592E-02
  3.2800E+02  1.2800E-02
  3.2900E+02  1.3000E-02
  3.3000E+02  1.3192E-02
  3.3100E+02  1.3377E-02
  3.3200E+02  1.3554E-02
  3.3300E+02  1.3723E-02
  3.3400E+02  1.3885E-02
  3.3500E+02  1.4039E-02
  3.3600E+02  1.4185E-02
  3.3700E+02  1.4323E-02
  3.3800E+02  1.4454E-02
  3.3900E+02  1.4577E-02
  3.4000E+02  1.7604E-02
  3.4100E+02  1.6766E-02
  3.4200E+02  1.5865E-02
  3.4300E+02  1.4900E-02
  3.4400E+02  1.3871E-02
  3.4500E+02  1.2803E-02
  3.4600E+02  1.1865E-02
  3.4700E+02  1.1091E-02
  3.4800E+02  1.0481E-02
  3.4900E+02  1.0035E-02
  3.5000E+02  9.5752E-03
  3.5100E+02  9.0622E-03
  3.5200E+02  8.5630E-03
  3.5300E+02  8.0775E-03
  3.5400E+02  7.6058E-03
  3.5500E+02  7.1477E-03
  3.5600E+02  6.7034E-03
  3.5700E+02  6.2728E-03
  3.5800E+02  5.8559E-03
  3.5900E+02  5.4527E-03
  3.6000E+02  5.0633E-03
  3.6100E+02  4.6875E-03
  3.6200E+02  4.3255E-03
  3.6300E+02  3.9773E-03
  3.6400E+02  3.6427E-03
  3.6500E+02  3.3218E-03
  3.6600E+02  3.0147E-03
  3.6700E+02  2.7213E-03
  3.6800E+02  2.4416E-03
  3.6900E+02  2.1757E-03
  3.7000E+02  1.9234E-03
  3.7100E+02  1.6849E-03
  3.7200E+02  1.4601E-03
  3.7300E+02  1.2490E-03
  3.7400E+02  1.0516E-03
  3.7500E+02  8.6799E-04
  3.7600E+02  7.4201E-04
  3.7700E+02  8.8579E-04
  3.7800E+02  1.1187E-03
  3.7900E+02  1.4407E-03
  3.8000E+02  1.8519E-03
  3.8100E+02  2.3522E-03
  3.8200E+02  2.9416E-03
  3.8300E+02  3.6202E-03
  3.8400E+02  4.3879E-03
  3.8500E+02  5.2348E-03
  3.8600E+02  5.9599E-03
  3.8700E+02  6.4842E-03
  3.8800E+02  6.8077E-03
  3.8900E+02  6.9303E-03
  3.9000E+02  7.0414E-03
  3.9100E+02  7.3167E-03
  3.9200E+02  7.5852E-03
  3.9300E+02  7.8470E-03
  3.9400E+02  8.1020E-03
  3.9500E+02  8.3503E-03
  3.9600E+02  8.5918E-03
  3.9700E+02  8.8265E-03
  3.9800E+02  9.0545E-03
  3.9900E+02  9.2757E-03
  4.0000E+02  9.4902E-03
  4.0100E+02  9.6979E-03
  4.0200E+02  9.8989E-03
  4.0300E+02  1.0093E-02
  4.0400E+02  1.0281E-02
  4.0500E+02  1.0461E-02
  4.0600E+02  1.0635E-02
  4.0700E+02  1.0802E-02
  4.0800E+02  1.0963E-02
  4.0900E+02  1.1117E-02
  4.1000E+02  1.1263E-02
  4.1100E+02  1.1404E-02
  4.1200E+02  1.1537E-02
  4.1300E+02  1.1664E-02
  4.1400E+02  1.1784E-02
  4.1500E+02  1.1897E-02
  4.1600E+02  1.2003E-02
  4.1700E+02  1.2110E-02
  4.1800E+02  1.2236E-02
  4.1900E+02  1.2384E-02
  4.2000E+02  1.2553E-02
  4.2100E+02  1.2743E-02
  4.2200E+02  1.2955E-02
  4.2300E+02  1.5310E-02
  4.2400E+02  1.8094E-02
  4.2500E+02  1.9874E-02
  4.2600E+02  2.0834E-02
  4.2700E+02  2.1404E-02
  4.2800E+02  2.0921E-02
  4.2900E+02  1.9916E-02
  4.3000E+02  1.8388E-02
  4.3100E+02  1.4655E-02
  4.3200E+02  1.1402E-02
  4.3300E+02  1.0435E-02
  4.3400E+02  1.0234E-02
  4.3500E+02  1.0035E-02
  4.3600E+02  9.8391E-03
  4.3700E+02  9.6457E-03
  4.3800E+02  9.4548E-03
  4.3900E+02  9.2666E-03
  4.4000E+02  9.0809E-03
  4.4100E+02  8.8979E-03
  4.4200E+02  8.7174E-03
  4.4300E+02  8.5396E-03
  4.4400E+02  8.3644E-03
  4.4500E+02  8.1918E-03
  4.4600E+02  8.0218E-03
  4.4700E+02  7.8543E-03
  4.4800E+02  7.6895E-03
  4.4900E+02  7.5273E-03
  4.5000E+02  7.3677E-03
  4.5100E+02  7.2107E-03
  4.5200E+02  7.0564E-03
  4.5300E+02  6.9046E-03
  4.5400E+02  6.7554E-03
  4.5500E+02  6.6088E-03
  4.5600E+02  6.4648E-03
  4.5700E+02  6.3235E-03
  4.5800E+02  6.1847E-03
  4.5900E+02  6.0486E-03
  4.6000E+02  5.9150E-03
  4.6100E+02  5.7841E-03
  4.6200E+02  5.6557E-03
  4.6300E+02  5.5315E-03
  4.6400E+02  5.4132E-03
  4.6500E+02  5.3009E-03
  4.6600E+02  5.1944E-03
  4.6700E+02  5.0939E-03
  4.6800E+02  4.9993E-03
  4.6900E+02  4.9106E-03
  4.7000E+02  4.8278E-03
  4.7100E+02  4.7509E-03
  4.7200E+02  9.1410E-03
  4.7300E+02  2.4701E-02
  4.7400E+02  2.7424E-02
  4.7500E+02  3.1062E-02
  4.7600E+02  3.5613E-02
  4.7700E+02  4.1079E-02
  4.7800E+02  4.7462E-02
  4.7900E+02  5.7588E-02
  4.8000E+02  6.8972E-02
  4.8100E+02  7.9125E-02
  4.8200E+02  7.8175E-02
  4.8300E+02  7.9633E-02
  4.8400E+02  8.1678E-02
  4.8500E+02  8.0425E-02
  4.8600E+02  8.0901E-02
  4.8700E+02  8.1211E-02
  4.8800E+02  8.1357E-02
  4.8900E+02  8.9780E-02
  4.9000E+02  7.6458E-02
  4.9100E+02  7.7452E-02
  4.9200E+02  8.0984E-02
  4.9300E+02  8.0786E-02
  4.9400E+02  7.8852E-02
  4.9500E+02  7.7003E-02
  4.9600E+02  7.4981E-02
  4.9700E+02  7.2787E-02
  4.9800E+02  7.5411E-02
  4.9900E+02  6.5823E-02
  5.0000E+02  2.2500E-02
  5.0100E+02  1.1917E-02
  5.0200E+02  1.1324E-02
  5.0300E+02  1.1013E-02
  5.0400E+02  1.0707E-02
  5.0500E+02  1.0406E-02
  5.0600E+02  1.0110E-02
  5.0700E+02  9.8180E-03
  5.0800E+02  9.5311E-03
  5.0900E+02  9.2488E-03
  5.1000E+02  8.9713E-03
  5.1100E+02  8.6985E-03
  5.1200E+02  8.4304E-03
  5.1300E+02  8.1670E-03
  5.1400E+02  7.9084E-03
  5.1500E+02  7.6544E-03
  5.1600E+02  7.4052E-03
  5.1700E+02  7.1607E-03
  5.1800E+02  6.9210E-03
  5.1900E+02  6.6859E-03
  5.2000E+02  6.4556E-03
  5.2100E+02  6.2300E-03
  5.2200E+02  6.0092E-03
  5.2300E+02  5.7974E-03
  5.2400E+02  5.7699E-03
  5.2500E+02  5.7138E-03
  5.2600E+02  5.6290E-03
  5.2700E+02  5.5156E-03
  5.2800E+02  5.3735E-03
  5.2900E+02  5.2028E-03
  5.3000E+02  5.0034E-03
  5.3100E+02  4.7754E-03
  5.3200E+02  4.5187E-03
  5.3300E+02  4.2334E-03
  5.3400E+02  3.9194E-03
  5.3500E+02  3.5768E-03
  5.3600E+02  4.1239E-03
  5.3700E+02  4.5100E-03
  5.3800E+02  4.0951E-03
  5.3900E+02  2.8833E-03
  5.4000E+02  1.4382E-03
  5.4100E+02  1.3845E-03
  5.4200E+02  1.3318E-03
  5.4300E+02  1.2801E-03
  5.4400E+02  1.2295E-03
  5.4500E+02  1.1799E-03
  5.4600E+02  1.1313E-03
  5.4700E+02  1.0837E-03
  5.4800E+02  1.0372E-03
  5.4900E+02  9.9162E-04
  5.5000E+02  9.4712E-04
  5.5100E+02  9.0363E-04
  5.5200E+02  8.6117E-04
  5.5300E+02  8.1973E-04
  5.5400E+02  7.7931E-04
  5.5500E+02  7.3992E-04
  5.5600E+02  7.0154E-04
  5.5700E+02  6.6419E-04
  5.5800E+02  6.2786E-04
  5.5900E+02  5.9255E-04
  5.6000E+02  5.5826E-04
  5.6100E+02  5.2499E-04
  5.6200E+02  4.9275E-04
  5.6300E+02  4.6153E-04
  5.6400E+02  4.3133E-04
  5.6500E+02  4.0215E-04
  5.6600E+02  3.7399E-04
  5.6700E+02  3.4686E-04
  5.6800E+02  3.2074E-04
  5.6900E+02  2.9565E-04
  5.7000E+02  2.7158E-04
  5.7100E+02  2.4853E-04
  5.7200E+02  2.2651E-04
  5.7300E+02  2.0550E-04
  5.7400E+02  1.8552E-04
  5.7500E+02  1.6656E-04
  5.7600E+02  1.4862E-04
  5.7700E+02  1.3171E-04
  5.7800E+02  1.1581E-04
  5.7900E+02  1.0094E-04
  5.8000E+02  8.7086E-05
  5.8100E+02  7.4257E-05
  5.8200E+02  6.2449E-05
  5.8300E+02  5.1663E-05
  5.8400E+02  4.1898E-05
  5.8500E+02  3.3156E-05
  5.8600E+02  2.5435E-05
  5.8700E+02  1.8737E-05
  5.8800E+02  1.3060E-05
  5.8900E+02  8.4043E-06
  5.9000E+02  4.7709E-06
  5.9100E+02  2.1593E-06
  5.9200E+02  5.6956E-07
  5.9300E+02  1.5933E-09
  5.9400E+02  0.0000E+00
