  0.0000E+00  0.0000E+00
  1.0000E+00  9.8684E-08
  2.0000E+00  3.9474E-07
  3.0000E+00  8.8818E-07
  4.0000E+00  1.5790E-06
  5.0000E+00  2.4672E-06
  6.0000E+00  3.5527E-06
  7.0000E+00  4.8356E-06
  8.0000E+00  6.3160E-06
  9.0000E+00  7.9936E-06
  1.0000E+01  9.8687E-06
  1.1000E+01  1.1941E-05
  1.2000E+01  1.4211E-05
  1.3000E+01  1.6678E-05
  1.4000E+01  1.9343E-05
  1.5000E+01  2.2205E-05
  1.6000E+01  2.5264E-05
  1.7000E+01  2.8521E-05
  1.8000E+01  3.1975E-05
  1.9000E+01  3.5626E-05
  2.0000E+01  3.9475E-05
  2.1000E+01  4.3521E-05
  2.2000E+01  4.7764E-05
  2.3000E+01  5.2205E-05
  2.4000E+01  5.6844E-05
  2.5000E+01  6.1679E-05
  2.6000E+01  6.6712E-05
  2.7000E+01  7.1943E-05
  2.8000E+01  7.7371E-05
  2.9000E+01  8.2996E-05
  3.0000E+01  8.8818E-05
  3.1000E+01  9.4838E-05
  3.2000E+01  1.0106E-04
  3.3000E+01  1.0747E-04
  3.4000E+01  1.1408E-04
  3.5000E+01  1.2089E-04
  3.6000E+01  1.2790E-04
  3.7000E+01  1.3510E-04
  3.8000E+01  1.4250E-04
  3.9000E+01  1.5010E-04
  4.0000E+01  1.5790E-04
  4.1000E+01  1.6589E-04
  4.2000E+01  1.7408E-04
  4.3000E+01  1.8247E-04
  4.4000E+01  1.9106E-04
  4.5000E+01  1.9984E-04
  4.6000E+01  2.0882E-04
  4.7000E+01  2.1800E-04
  4.8000E+01  2.2737E-04
  4.9000E+01  2.3695E-04
  5.0000E+01  2.4672E-04
  5.1000E+01  2.5668E-04
  5.2000E+01  2.6685E-04
  5.3000E+01  2.7721E-04
  5.4000E+01  2.8777E-04
  5.5000E+01  2.9853E-04
  5.6000E+01  3.0948E-04
  5.7000E+01  3.2063E-04
  5.8000E+01  4.1093E-04
  5.9000E+01  5.3187E-04
  6.0000E+01  6.4601E-04
  6.1000E+01  7.5336E-04
  6.2000E+01  8.5391E-04
  6.3000E+01  9.4767E-04
  6.4000E+01  1.0346E-03
  6.5000E+01  1.1148E-03
  6.6000E+01  1.1882E-03
  6.7000E+01  1.2547E-03
  6.8000E+01  1.3145E-03
  6.9000E+01  1.3675E-03
  7.0000E+01  1.4137E-03
  7.1000E+01  1.4531E-03
  7.2000E+01  1.4857E-03
  7.3000E+01  1.5115E-03
  7.4000E+01  1.5635E-03
  7.5000E+01  1.6272E-03
  7.6000E+01  1.6919E-03
  7.7000E+01  1.7576E-03
  7.8000E+01  1.8244E-03
  7.9000E+01  1.8921E-03
  8.0000E+01  1.9609E-03
  8.1000E+01  2.0307E-03
  8.2000E+01  2.1016E-03
  8.3000E+01  2.1789E-03
  8.4000E+01  2.2737E-03
  8.5000E+01  2.3806E-03
  8.6000E+01  2.4995E-03
  8.7000E+01  2.6306E-03
  8.8000E+01  2.7719E-03
  8.9000E+01  2.9217E-03
  9.0000E+01  3.0800E-03
  9.1000E+01  3.2467E-03
  9.2000E+01  3.4218E-03
  9.3000E+01  3.6054E-03
  9.4000E+01  3.7975E-03
  9.5000E+01  3.9979E-03
  9.6000E+01  4.2069E-03
  9.7000E+01  4.4242E-03
  9.8000E+01  4.6501E-03
  9.9000E+01  4.8843E-03
  1.0000E+02  5.1433E-03
  1.0100E+02  5.4644E-03
  1.0200E+02  5.8662E-03
  1.0300E+02  6.4027E-03
  1.0400E+02  6.9500E-03
  1.0500E+02  7.5043E-03
  1.0600E+02  8.3531E-03
  1.0700E+02  9.1359E-03
  1.0800E+02  9.9239E-03
  1.0900E+02  1.0885E-02
  1.1000E+02  1.1537E-02
  1.1100E+02  1.1947E-02
  1.1200E+02  1.2610E-02
  1.1300E+02  1.3370E-02
  1.1400E+02  1.3927E-02
  1.1500E+02  1.4280E-02
  1.1600E+02  1.4448E-02
  1.1700E+02  1.7183E-02
  1.1800E+02  1.9494E-02
  1.1900E+02  1.5235E-02
  1.2000E+02  1.5580E-02
  1.2100E+02  1.5921E-02
  1.2200E+02  1.6258E-02
  1.2300E+02  1.6592E-02
  1.2400E+02  1.6923E-02
  1.2500E+02  1.7249E-02
  1.2600E+02  1.8198E-02
  1.2700E+02  1.8929E-02
  1.2800E+02  1.9392E-02
  1.2900E+02  1.9789E-02
  1.3000E+02  2.0199E-02
  1.3100E+02  2.0622E-02
  1.3200E+02  2.1143E-02
  1.3300E+02  2.2203E-02
  1.3400E+02  2.3711E-02
  1.3500E+02  2.6019E-02
  1.3600E+02  3.0731E-02
  1.3700E+02  3.0862E-02
  1.3800E+02  3.1469E-02
  1.3900E+02  3.2127E-02
  1.4000E+02  3.2005E-02
  1.4100E+02  3.1303E-02
  1.4200E+02  3.1246E-02
  1.4300E+02  3.1298E-02
  1.4400E+02  3.2613E-02
  1.4500E+02  2.8265E-02
  1.4600E+02  2.7925E-02
  1.4700E+02  2.7548E-02
  1.4800E+02  2.7136E-02
  1.4900E+02  2.6689E-02
  1.5000E+02  2.6287E-02
  1.5100E+02  2.5961E-02
  1.5200E+02  2.5629E-02
  1.5300E+02  2.5291E-02
  1.5400E+02  2.4955E-02
  1.5500E+02  2.4622E-02
  1.5600E+02  2.4291E-02
  1.5700E+02  2.3963E-02
  1.5800E+02  2.3879E-02
  1.5900E+02  2.4813E-02
  1.6000E+02  2.5616E-02
  1.6100E+02  2.6019E-02
  1.6200E+02  2.3083E-02
  1.6300E+02  2.2017E-02
  1.6400E+02  1.9801E-02
  1.6500E+02  1.6781E-02
  1.6600E+02  1.6590E-02
  1.6700E+02  1.6418E-02
  1.6800E+02  1.6265E-02
  1.6900E+02  1.6130E-02
  1.7000E+02  1.5995E-02
  1.7100E+02  1.5851E-02
  1.7200E+02  1.5697E-02
  1.7300E+02  1.5533E-02
  1.7400E+02  1.5360E-02
  1.7500E+02  1.5177E-02
  1.7600E+02  1.4984E-02
  1.7700E+02  1.4782E-02
  1.7800E+02  1.4570E-02
  1.7900E+02  1.4590E-02
  1.8000E+02  1.4532E-02
  1.8100E+02  1.4466E-02
  1.8200E+02  1.4392E-02
  1.8300E+02  1.4312E-02
  1.8400E+02  1.4228E-02
  1.8500E+02  1.4142E-02
  1.8600E+02  1.4054E-02
  1.8700E+02  1.3772E-02
  1.8800E+02  1.3861E-02
  1.8900E+02  1.3945E-02
  1.9000E+02  1.4024E-02
  1.9100E+02  1.4097E-02
  1.9200E+02  1.4165E-02
  1.9300E+02  1.4228E-02
  1.9400E+02  1.4636E-02
  1.9500E+02  1.6109E-02
  1.9600E+02  1.7106E-02
  1.9700E+02  1.8065E-02
  1.9800E+02  1.9272E-02
  1.9900E+02  2.0835E-02
  2.0000E+02  2.4972E-02
  2.0100E+02  1.9524E-02
  2.0200E+02  1.7068E-02
  2.0300E+02  1.4654E-02
  2.0400E+02  1.2282E-02
  2.0500E+02  9.9518E-03
  2.0600E+02  7.6633E-03
  2.0700E+02  5.4166E-03
  2.0800E+02  3.8285E-03
  2.0900E+02  3.1395E-03
  2.1000E+02  2.5683E-03
  2.1100E+02  2.1150E-03
  2.1200E+02  1.7795E-03
  2.1300E+02  1.5622E-03
  2.1400E+02  1.4629E-03
  2.1500E+02  1.4701E-03
  2.1600E+02  1.4960E-03
  2.1700E+02  1.5225E-03
  2.1800E+02  1.5497E-03
  2.1900E+02  1.5776E-03
  2.2000E+02  1.6061E-03
  2.2100E+02  1.6353E-03
  2.2200E+02  1.6651E-03
  2.2300E+02  1.6956E-03
  2.2400E+02  1.7266E-03
  2.2500E+02  1.7582E-03
  2.2600E+02  1.7903E-03
  2.2700E+02  1.8231E-03
  2.2800E+02  1.8563E-03
  2.2900E+02  1.8902E-03
  2.3000E+02  1.9224E-03
  2.3100E+02  1.9498E-03
  2.3200E+02  1.9734E-03
  2.3300E+02  1.9933E-03
  2.3400E+02  2.0094E-03
  2.3500E+02  2.0217E-03
  2.3600E+02  2.0303E-03
  2.3700E+02  2.0597E-03
  2.3800E+02  2.0937E-03
  2.3900E+02  2.1280E-03
  2.4000E+02  2.1626E-03
  2.4100E+02  2.1975E-03
  2.4200E+02  2.2327E-03
  2.4300E+02  2.2683E-03
  2.4400E+02  2.3041E-03
  2.4500E+02  2.3403E-03
  2.4600E+02  2.3768E-03
  2.4700E+02  2.4136E-03
  2.4800E+02  2.4508E-03
  2.4900E+02  2.4882E-03
  2.5000E+02  2.5260E-03
  2.5100E+02  2.5640E-03
  2.5200E+02  2.6024E-03
  2.5300E+02  2.6411E-03
  2.5400E+02  2.6801E-03
  2.5500E+02  2.7195E-03
  2.5600E+02  2.7591E-03
  2.5700E+02  2.7991E-03
  2.5800E+02  2.8393E-03
  2.5900E+02  2.8799E-03
  2.6000E+02  2.9208E-03
  2.6100E+02  2.9621E-03
  2.6200E+02  3.0036E-03
  2.6300E+02  3.0461E-03
  2.6400E+02  3.1005E-03
  2.6500E+02  3.1711E-03
  2.6600E+02  3.2576E-03
  2.6700E+02  3.3552E-03
  2.6800E+02  3.4287E-03
  2.6900E+02  3.4976E-03
  2.7000E+02  3.5652E-03
  2.7100E+02  3.6316E-03
  2.7200E+02  3.6968E-03
  2.7300E+02  3.7608E-03
  2.7400E+02  3.8235E-03
  2.7500E+02  3.8851E-03
  2.7600E+02  3.9454E-03
  2.7700E+02  4.0045E-03
  2.7800E+02  4.0624E-03
  2.7900E+02  4.1190E-03
  2.8000E+02  4.1744E-03
  2.8100E+02  4.2296E-03
  2.8200E+02  4.2931E-03
  2.8300E+02  4.3591E-03
  2.8400E+02  4.4278E-03
  2.8500E+02  4.4991E-03
  2.8600E+02  4.5730E-03
  2.8700E+02  4.6494E-03
  2.8800E+02  4.7285E-03
  2.8900E+02  4.8102E-03
  2.9000E+02  4.8945E-03
  2.9100E+02  4.9815E-03
  2.9200E+02  5.0710E-03
  2.9300E+02  5.1631E-03
  2.9400E+02  5.2578E-03
  2.9500E+02  5.3552E-03
  2.9600E+02  5.4551E-03
  2.9700E+02  5.5577E-03
  2.9800E+02  5.6631E-03
  2.9900E+02  5.7717E-03
  3.0000E+02  5.8836E-03
  3.0100E+02  5.9993E-03
  3.0200E+02  6.1193E-03
  3.0300E+02  6.2434E-03
  3.0400E+02  6.3716E-03
  3.0500E+02  6.5039E-03
  3.0600E+02  6.6419E-03
  3.0700E+02  6.7985E-03
  3.0800E+02  7.0142E-03
  3.0900E+02  7.2646E-03
  3.1000E+02  7.5150E-03
  3.1100E+02  7.7654E-03
  3.1200E+02  8.0159E-03
  3.1300E+02  8.2664E-03
  3.1400E+02  8.5170E-03
  3.1500E+02  8.7673E-03
  3.1600E+02  9.0444E-03
  3.1700E+02  9.3752E-03
  3.1800E+02  9.7315E-03
  3.1900E+02  1.0113E-02
  3.2000E+02  1.0521E-02
  3.2100E+02  1.0953E-02
  3.2200E+02  1.1411E-02
  3.2300E+02  1.1895E-02
  3.2400E+02  1.2404E-02
  3.2500E+02  1.2939E-02
  3.2600E+02  1.4239E-02
  3.2700E+02  1.8569E-02
  3.2800E+02  1.4882E-02
  3.2900E+02  1.4774E-02
  3.3000E+02  1.4715E-02
  3.3100E+02  1.4705E-02
  3.3200E+02  1.4743E-02
  3.3300E+02  1.4829E-02
  3.3400E+02  1.4963E-02
  3.3500E+02  1.5146E-02
  3.3600E+02  1.5477E-02
  3.3700E+02  1.4449E-02
  3.3800E+02  1.4008E-02
  3.3900E+02  1.3570E-02
  3.4000E+02  1.3136E-02
  3.4100E+02  1.2705E-02
  3.4200E+02  1.2279E-02
  3.4300E+02  1.1860E-02
  3.4400E+02  1.0587E-02
  3.4500E+02  9.7550E-03
  3.4600E+02  9.3142E-03
  3.4700E+02  8.8920E-03
  3.4800E+02  8.4884E-03
  3.4900E+02  8.1032E-03
  3.5000E+02  7.7366E-03
  3.5100E+02  7.3885E-03
  3.5200E+02  7.0589E-03
  3.5300E+02  6.7479E-03
  3.5400E+02  6.4421E-03
  3.5500E+02  6.0770E-03
  3.5600E+02  5.7372E-03
  3.5700E+02  5.3870E-03
  3.5800E+02  5.0580E-03
  3.5900E+02  4.7504E-03
  3.6000E+02  4.4640E-03
  3.6100E+02  4.1990E-03
  3.6200E+02  3.9552E-03
  3.6300E+02  3.7682E-03
  3.6400E+02  3.5820E-03
  3.6500E+02  3.3464E-03
  3.6600E+02  3.0083E-03
  3.6700E+02  2.6323E-03
  3.6800E+02  2.2185E-03
  3.6900E+02  1.8351E-03
  3.7000E+02  1.7842E-03
  3.7100E+02  1.7328E-03
  3.7200E+02  1.6807E-03
  3.7300E+02  1.6280E-03
  3.7400E+02  1.5747E-03
  3.7500E+02  1.5208E-03
  3.7600E+02  1.4664E-03
  3.7700E+02  1.4113E-03
  3.7800E+02  1.6861E-03
  3.7900E+02  2.6732E-03
  3.8000E+02  3.4564E-03
  3.8100E+02  4.3755E-03
  3.8200E+02  4.7808E-03
  3.8300E+02  5.1565E-03
  3.8400E+02  5.5027E-03
  3.8500E+02  5.8194E-03
  3.8600E+02  6.1065E-03
  3.8700E+02  6.3609E-03
  3.8800E+02  6.5828E-03
  3.8900E+02  6.7924E-03
  3.9000E+02  7.1162E-03
  3.9100E+02  7.5828E-03
  3.9200E+02  7.9285E-03
  3.9300E+02  8.2861E-03
  3.9400E+02  8.6208E-03
  3.9500E+02  8.9326E-03
  3.9600E+02  9.2216E-03
  3.9700E+02  9.4877E-03
  3.9800E+02  9.7309E-03
  3.9900E+02  9.9512E-03
  4.0000E+02  1.0149E-02
  4.0100E+02  1.0323E-02
  4.0200E+02  1.0500E-02
  4.0300E+02  1.0672E-02
  4.0400E+02  1.0823E-02
  4.0500E+02  1.1397E-02
  4.0600E+02  1.1663E-02
  4.0700E+02  1.1910E-02
  4.0800E+02  1.2213E-02
  4.0900E+02  1.2594E-02
  4.1000E+02  1.3017E-02
  4.1100E+02  1.3482E-02
  4.1200E+02  1.3989E-02
  4.1300E+02  1.4538E-02
  4.1400E+02  1.5129E-02
  4.1500E+02  1.7813E-02
  4.1600E+02  1.3182E-02
  4.1700E+02  1.2671E-02
  4.1800E+02  1.2377E-02
  4.1900E+02  1.2302E-02
  4.2000E+02  1.2141E-02
  4.2100E+02  1.2050E-02
  4.2200E+02  1.1955E-02
  4.2300E+02  1.1855E-02
  4.2400E+02  1.1751E-02
  4.2500E+02  1.1642E-02
  4.2600E+02  1.1528E-02
  4.2700E+02  1.1410E-02
  4.2800E+02  1.1287E-02
  4.2900E+02  1.1160E-02
  4.3000E+02  1.1028E-02
  4.3100E+02  1.0892E-02
  4.3200E+02  1.0751E-02
  4.3300E+02  1.0605E-02
  4.3400E+02  1.0455E-02
  4.3500E+02  1.0300E-02
  4.3600E+02  1.0200E-02
  4.3700E+02  1.0081E-02
  4.3800E+02  9.8749E-03
  4.3900E+02  9.5828E-03
  4.4000E+02  9.2581E-03
  4.4100E+02  9.0979E-03
  4.4200E+02  8.9888E-03
  4.4300E+02  8.9024E-03
  4.4400E+02  8.8548E-03
  4.4500E+02  8.8814E-03
  4.4600E+02  8.9952E-03
  4.4700E+02  9.2331E-03
  4.4800E+02  8.8466E-03
  4.4900E+02  8.7841E-03
  4.5000E+02  8.4245E-03
  4.5100E+02  7.7677E-03
  4.5200E+02  7.5644E-03
  4.5300E+02  7.4592E-03
  4.5400E+02  7.3546E-03
  4.5500E+02  7.2507E-03
  4.5600E+02  7.1474E-03
  4.5700E+02  7.0447E-03
  4.5800E+02  6.9426E-03
  4.5900E+02  6.8411E-03
  4.6000E+02  6.7403E-03
  4.6100E+02  6.6401E-03
  4.6200E+02  6.5405E-03
  4.6300E+02  6.4416E-03
  4.6400E+02  6.3433E-03
  4.6500E+02  6.2456E-03
  4.6600E+02  6.1485E-03
  4.6700E+02  6.0520E-03
  4.6800E+02  5.9562E-03
  4.6900E+02  5.8610E-03
  4.7000E+02  5.7665E-03
  4.7100E+02  5.6725E-03
  4.7200E+02  5.6560E-03
  4.7300E+02  5.9730E-03
  4.7400E+02  1.3636E-02
  4.7500E+02  2.8288E-02
  4.7600E+02  5.4842E-02
  4.7700E+02  7.2529E-02
  4.7800E+02  9.0506E-02
  4.7900E+02  8.1952E-02
  4.8000E+02  7.2778E-02
  4.8100E+02  6.9538E-02
  4.8200E+02  6.4946E-02
  4.8300E+02  6.7422E-02
  4.8400E+02  7.1064E-02
  4.8500E+02  7.3208E-02
  4.8600E+02  7.3403E-02
  4.8700E+02  7.2486E-02
  4.8800E+02  7.1957E-02
  4.8900E+02  7.2671E-02
  4.9000E+02  7.2832E-02
  4.9100E+02  7.5031E-02
  4.9200E+02  7.6354E-02
  4.9300E+02  7.9700E-02
  4.9400E+02  8.7658E-02
  4.9500E+02  7.9310E-02
  4.9600E+02  7.5287E-02
  4.9700E+02  7.1649E-02
  4.9800E+02  6.8121E-02
  4.9900E+02  6.5099E-02
  5.0000E+02  6.4855E-02
  5.0100E+02  4.2903E-02
  5.0200E+02  3.2126E-02
  5.0300E+02  2.5110E-02
  5.0400E+02  2.1371E-02
  5.0500E+02  1.9060E-02
  5.0600E+02  1.7107E-02
  5.0700E+02  1.5526E-02
  5.0800E+02  1.4268E-02
  5.0900E+02  1.3232E-02
  5.1000E+02  1.2992E-02
  5.1100E+02  1.0000E-02
  5.1200E+02  9.0295E-03
  5.1300E+02  8.0209E-03
  5.1400E+02  6.9744E-03
  5.1500E+02  5.8899E-03
  5.1600E+02  4.7674E-03
  5.1700E+02  3.7747E-03
  5.1800E+02  4.0040E-03
  5.1900E+02  2.6793E-03
  5.2000E+02  8.2747E-04
  5.2100E+02  3.6604E-04
  5.2200E+02  9.0226E-05
  5.2300E+02  0.0000E+00
