 -2.8871E-05  0.0000E+00
  9.9997E-01  8.3675E-08
  2.0000E+00  3.3470E-07
  3.0000E+00  7.5307E-07
  4.0000E+00  1.3388E-06
  5.0000E+00  2.0919E-06
  6.0000E+00  3.0123E-06
  7.0000E+00  4.1001E-06
  8.0000E+00  5.3552E-06
  9.0000E+00  6.7777E-06
  1.0000E+01  8.3675E-06
  1.1000E+01  1.0125E-05
  1.2000E+01  1.2049E-05
  1.3000E+01  1.4141E-05
  1.4000E+01  1.6400E-05
  1.5000E+01  1.8827E-05
  1.6000E+01  2.1421E-05
  1.7000E+01  2.4182E-05
  1.8000E+01  2.7111E-05
  1.9000E+01  3.0207E-05
  2.0000E+01  3.3470E-05
  2.1000E+01  3.6901E-05
  2.2000E+01  4.0499E-05
  2.3000E+01  4.4264E-05
  2.4000E+01  4.8197E-05
  2.5000E+01  5.2297E-05
  2.6000E+01  5.6564E-05
  2.7000E+01  6.0999E-05
  2.8000E+01  6.5601E-05
  2.9000E+01  7.0371E-05
  3.0000E+01  7.5308E-05
  3.1000E+01  8.0412E-05
  3.2000E+01  8.5683E-05
  3.3000E+01  9.1122E-05
  3.4000E+01  9.6728E-05
  3.5000E+01  1.0250E-04
  3.6000E+01  1.0844E-04
  3.7000E+01  1.1455E-04
  3.8000E+01  1.2083E-04
  3.9000E+01  1.2727E-04
  4.0000E+01  1.3388E-04
  4.1000E+01  1.4066E-04
  4.2000E+01  1.4760E-04
  4.3000E+01  2.2541E-04
  4.4000E+01  2.9738E-04
  4.5000E+01  3.6140E-04
  4.6000E+01  4.1746E-04
  4.7000E+01  4.6556E-04
  4.8000E+01  5.0571E-04
  4.9000E+01  5.3790E-04
  5.0000E+01  5.6213E-04
  5.1000E+01  5.7841E-04
  5.2000E+01  5.8673E-04
  5.3000E+01  5.8709E-04
  5.4000E+01  6.1578E-04
  5.5000E+01  6.4651E-04
  5.6000E+01  6.7779E-04
  5.7000E+01  7.0962E-04
  5.8000E+01  7.4199E-04
  5.9000E+01  7.7490E-04
  6.0000E+01  8.0836E-04
  6.1000E+01  8.4237E-04
  6.2000E+01  8.7917E-04
  6.3000E+01  9.1832E-04
  6.4000E+01  9.5950E-04
  6.5000E+01  1.0027E-03
  6.6000E+01  1.0479E-03
  6.7000E+01  1.0952E-03
  6.8000E+01  1.1444E-03
  6.9000E+01  1.1957E-03
  7.0000E+01  1.2491E-03
  7.1000E+01  1.3045E-03
  7.2000E+01  1.3691E-03
  7.3000E+01  1.4477E-03
  7.4000E+01  1.5404E-03
  7.5000E+01  1.6472E-03
  7.6000E+01  1.8573E-03
  7.7000E+01  2.0613E-03
  7.8000E+01  2.2142E-03
  7.9000E+01  2.3954E-03
  8.0000E+01  2.4361E-03
  8.1000E+01  2.4486E-03
  8.2000E+01  2.4118E-03
  8.3000E+01  2.5048E-03
  8.4000E+01  2.6003E-03
  8.5000E+01  2.7043E-03
  8.6000E+01  2.8201E-03
  8.7000E+01  2.9455E-03
  8.8000E+01  3.0804E-03
  8.9000E+01  3.2247E-03
  9.0000E+01  3.3772E-03
  9.1000E+01  3.5376E-03
  9.2000E+01  3.7060E-03
  9.3000E+01  3.8823E-03
  9.4000E+01  4.0666E-03
  9.5000E+01  4.2560E-03
  9.6000E+01  4.4478E-03
  9.7000E+01  4.6511E-03
  9.8000E+01  4.8674E-03
  9.9000E+01  5.1560E-03
  1.0000E+02  5.5469E-03
  1.0100E+02  6.0472E-03
  1.0200E+02  7.0289E-03
  1.0300E+02  7.3889E-03
  1.0400E+02  8.0042E-03
  1.0500E+02  8.6936E-03
  1.0600E+02  9.4029E-03
  1.0700E+02  1.0132E-02
  1.0800E+02  1.0882E-02
  1.0900E+02  1.1994E-02
  1.1000E+02  1.2573E-02
  1.1100E+02  1.4165E-02
  1.1200E+02  1.2551E-02
  1.1300E+02  1.2939E-02
  1.1400E+02  1.3330E-02
  1.1500E+02  1.3721E-02
  1.1600E+02  1.4363E-02
  1.1700E+02  1.4752E-02
  1.1800E+02  1.4984E-02
  1.1900E+02  1.5383E-02
  1.2000E+02  1.5856E-02
  1.2100E+02  1.6468E-02
  1.2200E+02  1.7171E-02
  1.2300E+02  1.7835E-02
  1.2400E+02  1.8637E-02
  1.2500E+02  2.0588E-02
  1.2600E+02  2.0613E-02
  1.2700E+02  1.9123E-02
  1.2800E+02  1.9487E-02
  1.2900E+02  1.9807E-02
  1.3000E+02  2.0120E-02
  1.3100E+02  2.0487E-02
  1.3200E+02  2.1099E-02
  1.3300E+02  2.2126E-02
  1.3400E+02  2.3143E-02
  1.3500E+02  2.7864E-02
  1.3600E+02  2.8583E-02
  1.3700E+02  2.9958E-02
  1.3800E+02  3.1230E-02
  1.3900E+02  3.1966E-02
  1.4000E+02  3.2590E-02
  1.4100E+02  3.2234E-02
  1.4200E+02  3.1288E-02
  1.4300E+02  3.0843E-02
  1.4400E+02  3.0389E-02
  1.4500E+02  2.9926E-02
  1.4600E+02  2.9469E-02
  1.4700E+02  2.9345E-02
  1.4800E+02  2.8595E-02
  1.4900E+02  2.8087E-02
  1.5000E+02  2.8590E-02
  1.5100E+02  2.4496E-02
  1.5200E+02  2.2636E-02
  1.5300E+02  2.1093E-02
  1.5400E+02  2.0486E-02
  1.5500E+02  2.0119E-02
  1.5600E+02  1.9802E-02
  1.5700E+02  1.9496E-02
  1.5800E+02  1.9182E-02
  1.5900E+02  1.8847E-02
  1.6000E+02  1.8496E-02
  1.6100E+02  1.8175E-02
  1.6200E+02  1.7896E-02
  1.6300E+02  1.7634E-02
  1.6400E+02  1.7394E-02
  1.6500E+02  1.7164E-02
  1.6600E+02  1.6944E-02
  1.6700E+02  1.6741E-02
  1.6800E+02  1.6551E-02
  1.6900E+02  1.6366E-02
  1.7000E+02  1.6188E-02
  1.7100E+02  1.6021E-02
  1.7200E+02  1.5871E-02
  1.7300E+02  1.6050E-02
  1.7400E+02  1.6722E-02
  1.7500E+02  1.7291E-02
  1.7600E+02  1.6746E-02
  1.7700E+02  1.6244E-02
  1.7800E+02  1.5652E-02
  1.7900E+02  1.6128E-02
  1.8000E+02  1.5269E-02
  1.8100E+02  1.4819E-02
  1.8200E+02  1.4604E-02
  1.8300E+02  1.4382E-02
  1.8400E+02  1.4345E-02
  1.8500E+02  1.4451E-02
  1.8600E+02  1.4496E-02
  1.8700E+02  1.4382E-02
  1.8800E+02  1.4250E-02
  1.8900E+02  1.4100E-02
  1.9000E+02  1.3828E-02
  1.9100E+02  1.3848E-02
  1.9200E+02  1.3873E-02
  1.9300E+02  1.3900E-02
  1.9400E+02  1.3930E-02
  1.9500E+02  1.3990E-02
  1.9600E+02  1.4153E-02
  1.9700E+02  1.4475E-02
  1.9800E+02  1.5056E-02
  1.9900E+02  1.7355E-02
  2.0000E+02  1.8631E-02
  2.0100E+02  1.9591E-02
  2.0200E+02  1.8729E-02
  2.0300E+02  1.7824E-02
  2.0400E+02  1.6583E-02
  2.0500E+02  1.5161E-02
  2.0600E+02  1.3569E-02
  2.0700E+02  1.1132E-02
  2.0800E+02  8.1614E-03
  2.0900E+02  6.8143E-03
  2.1000E+02  5.5013E-03
  2.1100E+02  4.2224E-03
  2.1200E+02  2.9461E-03
  2.1300E+02  1.4603E-03
  2.1400E+02  1.4814E-03
  2.1500E+02  1.5021E-03
  2.1600E+02  1.5221E-03
  2.1700E+02  1.5417E-03
  2.1800E+02  1.5607E-03
  2.1900E+02  1.5790E-03
  2.2000E+02  1.5984E-03
  2.2100E+02  1.6201E-03
  2.2200E+02  1.6426E-03
  2.2300E+02  1.6660E-03
  2.2400E+02  1.6901E-03
  2.2500E+02  1.7151E-03
  2.2600E+02  1.7408E-03
  2.2700E+02  1.7674E-03
  2.2800E+02  1.7948E-03
  2.2900E+02  1.8230E-03
  2.3000E+02  1.8519E-03
  2.3100E+02  1.8817E-03
  2.3200E+02  1.9119E-03
  2.3300E+02  1.9426E-03
  2.3400E+02  1.9738E-03
  2.3500E+02  2.0055E-03
  2.3600E+02  2.0376E-03
  2.3700E+02  2.0704E-03
  2.3800E+02  2.1043E-03
  2.3900E+02  2.1393E-03
  2.4000E+02  2.1754E-03
  2.4100E+02  2.2126E-03
  2.4200E+02  2.2511E-03
  2.4300E+02  2.2916E-03
  2.4400E+02  2.3344E-03
  2.4500E+02  2.3793E-03
  2.4600E+02  2.4252E-03
  2.4700E+02  2.4641E-03
  2.4800E+02  2.4992E-03
  2.4900E+02  2.5306E-03
  2.5000E+02  2.5583E-03
  2.5100E+02  2.5855E-03
  2.5200E+02  2.6273E-03
  2.5300E+02  2.6690E-03
  2.5400E+02  2.7106E-03
  2.5500E+02  2.7521E-03
  2.5600E+02  2.7933E-03
  2.5700E+02  2.8346E-03
  2.5800E+02  2.8763E-03
  2.5900E+02  2.9185E-03
  2.6000E+02  2.9611E-03
  2.6100E+02  3.0042E-03
  2.6200E+02  3.0479E-03
  2.6300E+02  3.0934E-03
  2.6400E+02  3.1451E-03
  2.6500E+02  3.1978E-03
  2.6600E+02  3.2515E-03
  2.6700E+02  3.3061E-03
  2.6800E+02  3.3617E-03
  2.6900E+02  3.4229E-03
  2.7000E+02  3.4875E-03
  2.7100E+02  3.5550E-03
  2.7200E+02  3.6253E-03
  2.7300E+02  3.6985E-03
  2.7400E+02  3.7746E-03
  2.7500E+02  3.8511E-03
  2.7600E+02  3.9227E-03
  2.7700E+02  3.9891E-03
  2.7800E+02  4.0505E-03
  2.7900E+02  4.1067E-03
  2.8000E+02  4.1579E-03
  2.8100E+02  4.2067E-03
  2.8200E+02  4.2640E-03
  2.8300E+02  4.3305E-03
  2.8400E+02  4.4059E-03
  2.8500E+02  4.4855E-03
  2.8600E+02  4.5670E-03
  2.8700E+02  4.6505E-03
  2.8800E+02  4.7347E-03
  2.8900E+02  4.8176E-03
  2.9000E+02  4.9025E-03
  2.9100E+02  4.9893E-03
  2.9200E+02  5.0772E-03
  2.9300E+02  5.1670E-03
  2.9400E+02  5.2587E-03
  2.9500E+02  5.3522E-03
  2.9600E+02  5.4445E-03
  2.9700E+02  5.5459E-03
  2.9800E+02  5.6575E-03
  2.9900E+02  5.7791E-03
  3.0000E+02  5.9109E-03
  3.0100E+02  6.0527E-03
  3.0200E+02  6.1963E-03
  3.0300E+02  6.3322E-03
  3.0400E+02  6.4619E-03
  3.0500E+02  6.5853E-03
  3.0600E+02  6.7024E-03
  3.0700E+02  6.8316E-03
  3.0800E+02  6.9715E-03
  3.0900E+02  7.1233E-03
  3.1000E+02  7.2813E-03
  3.1100E+02  7.4456E-03
  3.1200E+02  7.6186E-03
  3.1300E+02  7.7986E-03
  3.1400E+02  7.9766E-03
  3.1500E+02  8.1557E-03
  3.1600E+02  8.3644E-03
  3.1700E+02  8.5868E-03
  3.1800E+02  8.8227E-03
  3.1900E+02  9.0720E-03
  3.2000E+02  9.3345E-03
  3.2100E+02  9.6134E-03
  3.2200E+02  9.9341E-03
  3.2300E+02  1.0302E-02
  3.2400E+02  1.0715E-02
  3.2500E+02  1.1245E-02
  3.2600E+02  1.2121E-02
  3.2700E+02  1.3034E-02
  3.2800E+02  1.3971E-02
  3.2900E+02  1.4784E-02
  3.3000E+02  1.5390E-02
  3.3100E+02  1.5786E-02
  3.3200E+02  1.5975E-02
  3.3300E+02  1.5960E-02
  3.3400E+02  1.5803E-02
  3.3500E+02  1.5782E-02
  3.3600E+02  1.5501E-02
  3.3700E+02  1.4891E-02
  3.3800E+02  1.4096E-02
  3.3900E+02  1.3467E-02
  3.4000E+02  1.2821E-02
  3.4100E+02  1.2145E-02
  3.4200E+02  1.1493E-02
  3.4300E+02  1.0949E-02
  3.4400E+02  1.0461E-02
  3.4500E+02  9.9606E-03
  3.4600E+02  9.5207E-03
  3.4700E+02  9.1532E-03
  3.4800E+02  8.8582E-03
  3.4900E+02  8.1502E-03
  3.5000E+02  7.6434E-03
  3.5100E+02  7.3182E-03
  3.5200E+02  6.9997E-03
  3.5300E+02  6.6939E-03
  3.5400E+02  6.4014E-03
  3.5500E+02  6.1221E-03
  3.5600E+02  5.8561E-03
  3.5700E+02  5.6033E-03
  3.5800E+02  5.3638E-03
  3.5900E+02  5.1027E-03
  3.6000E+02  4.7957E-03
  3.6100E+02  4.4283E-03
  3.6200E+02  3.8884E-03
  3.6300E+02  3.6281E-03
  3.6400E+02  3.4881E-03
  3.6500E+02  3.2162E-03
  3.6600E+02  2.9770E-03
  3.6700E+02  2.7705E-03
  3.6800E+02  2.5967E-03
  3.6900E+02  2.4698E-03
  3.7000E+02  2.3804E-03
  3.7100E+02  2.2949E-03
  3.7200E+02  2.2133E-03
  3.7300E+02  3.2783E-03
  3.7400E+02  3.4056E-03
  3.7500E+02  3.5608E-03
  3.7600E+02  3.6899E-03
  3.7700E+02  3.8688E-03
  3.7800E+02  4.0437E-03
  3.7900E+02  4.2147E-03
  3.8000E+02  4.3817E-03
  3.8100E+02  4.5447E-03
  3.8200E+02  4.7037E-03
  3.8300E+02  5.1408E-03
  3.8400E+02  5.7503E-03
  3.8500E+02  6.2651E-03
  3.8600E+02  6.7813E-03
  3.8700E+02  7.2997E-03
  3.8800E+02  7.8201E-03
  3.8900E+02  8.3630E-03
  3.9000E+02  8.9488E-03
  3.9100E+02  9.4567E-03
  3.9200E+02  9.8059E-03
  3.9300E+02  9.8175E-03
  3.9400E+02  9.8117E-03
  3.9500E+02  9.7317E-03
  3.9600E+02  9.8950E-03
  3.9700E+02  1.0629E-02
  3.9800E+02  1.1346E-02
  3.9900E+02  1.0677E-02
  4.0000E+02  1.0154E-02
  4.0100E+02  1.0180E-02
  4.0200E+02  1.0225E-02
  4.0300E+02  1.0290E-02
  4.0400E+02  1.0374E-02
  4.0500E+02  1.0474E-02
  4.0600E+02  1.0589E-02
  4.0700E+02  1.0719E-02
  4.0800E+02  1.0870E-02
  4.0900E+02  1.1011E-02
  4.1000E+02  1.1131E-02
  4.1100E+02  1.1293E-02
  4.1200E+02  1.1614E-02
  4.1300E+02  1.1784E-02
  4.1400E+02  1.1949E-02
  4.1500E+02  1.2108E-02
  4.1600E+02  1.2276E-02
  4.1700E+02  1.2530E-02
  4.1800E+02  1.2864E-02
  4.1900E+02  1.3109E-02
  4.2000E+02  1.3331E-02
  4.2100E+02  1.3543E-02
  4.2200E+02  1.2124E-02
  4.2300E+02  1.1869E-02
  4.2400E+02  1.1725E-02
  4.2500E+02  1.1573E-02
  4.2600E+02  1.1413E-02
  4.2700E+02  1.1245E-02
  4.2800E+02  1.1069E-02
  4.2900E+02  1.0886E-02
  4.3000E+02  1.0694E-02
  4.3100E+02  1.0501E-02
  4.3200E+02  1.0293E-02
  4.3300E+02  1.0031E-02
  4.3400E+02  9.7164E-03
  4.3500E+02  9.4934E-03
  4.3600E+02  9.3279E-03
  4.3700E+02  9.1820E-03
  4.3800E+02  9.0520E-03
  4.3900E+02  8.9382E-03
  4.4000E+02  8.8403E-03
  4.4100E+02  8.7077E-03
  4.4200E+02  8.5622E-03
  4.4300E+02  8.5057E-03
  4.4400E+02  8.4717E-03
  4.4500E+02  8.4160E-03
  4.4600E+02  8.3327E-03
  4.4700E+02  8.2139E-03
  4.4800E+02  8.0633E-03
  4.4900E+02  7.8807E-03
  4.5000E+02  7.7565E-03
  4.5100E+02  7.6459E-03
  4.5200E+02  7.5361E-03
  4.5300E+02  7.4272E-03
  4.5400E+02  7.3192E-03
  4.5500E+02  7.2121E-03
  4.5600E+02  7.1082E-03
  4.5700E+02  7.0169E-03
  4.5800E+02  6.9388E-03
  4.5900E+02  6.8994E-03
  4.6000E+02  6.8755E-03
  4.6100E+02  6.8694E-03
  4.6200E+02  6.8985E-03
  4.6300E+02  7.0415E-03
  4.6400E+02  7.1082E-03
  4.6500E+02  6.8962E-03
  4.6600E+02  7.0565E-03
  4.6700E+02  7.3373E-03
  4.6800E+02  6.5740E-03
  4.6900E+02  6.4438E-03
  4.7000E+02  6.3140E-03
  4.7100E+02  6.1848E-03
  4.7200E+02  6.0562E-03
  4.7300E+02  6.6719E-03
  4.7400E+02  1.7691E-02
  4.7500E+02  4.6695E-02
  4.7600E+02  6.4652E-02
  4.7700E+02  6.9554E-02
  4.7800E+02  1.0381E-01
  4.7900E+02  7.3684E-02
  4.8000E+02  6.9356E-02
  4.8100E+02  6.9044E-02
  4.8200E+02  7.0791E-02
  4.8300E+02  6.8923E-02
  4.8400E+02  6.8210E-02
  4.8500E+02  6.7082E-02
  4.8600E+02  6.7415E-02
  4.8700E+02  6.8202E-02
  4.8800E+02  6.9135E-02
  4.8900E+02  6.7142E-02
  4.9000E+02  6.7711E-02
  4.9100E+02  6.8541E-02
  4.9200E+02  6.9202E-02
  4.9300E+02  7.0766E-02
  4.9400E+02  7.2370E-02
  4.9500E+02  7.4964E-02
  4.9600E+02  7.7094E-02
  4.9700E+02  8.3143E-02
  4.9800E+02  8.3708E-02
  4.9900E+02  7.4795E-02
  5.0000E+02  6.8575E-02
  5.0100E+02  4.3715E-02
  5.0200E+02  3.3406E-02
  5.0300E+02  2.7891E-02
  5.0400E+02  2.1598E-02
  5.0500E+02  1.8900E-02
  5.0600E+02  1.7040E-02
  5.0700E+02  1.5643E-02
  5.0800E+02  1.4437E-02
  5.0900E+02  1.3604E-02
  5.1000E+02  1.2757E-02
  5.1100E+02  1.1048E-02
  5.1200E+02  9.6354E-03
  5.1300E+02  8.4606E-03
  5.1400E+02  7.5408E-03
  5.1500E+02  6.7364E-03
  5.1600E+02  6.7465E-03
  5.1700E+02  5.1552E-03
  5.1800E+02  4.3806E-03
  5.1900E+02  3.2409E-03
  5.2000E+02  2.1314E-03
  5.2100E+02  2.3807E-03
  5.2200E+02  2.5944E-04
  5.2300E+02  0.0000E+00
