 -1.3887E-05  0.0000E+00
  9.9999E-01  1.0069E-07
  2.0000E+00  4.0277E-07
  3.0000E+00  9.0624E-07
  4.0000E+00  1.6111E-06
  5.0000E+00  2.5173E-06
  6.0000E+00  3.6250E-06
  7.0000E+00  4.9340E-06
  8.0000E+00  6.4444E-06
  9.0000E+00  8.1562E-06
  1.0000E+01  1.0069E-05
  1.1000E+01  1.2184E-05
  1.2000E+01  1.4500E-05
  1.3000E+01  1.7017E-05
  1.4000E+01  1.9736E-05
  1.5000E+01  2.2656E-05
  1.6000E+01  2.5778E-05
  1.7000E+01  2.9101E-05
  1.8000E+01  3.2625E-05
  1.9000E+01  3.6350E-05
  2.0000E+01  4.0278E-05
  2.1000E+01  4.4406E-05
  2.2000E+01  4.8736E-05
  2.3000E+01  5.3267E-05
  2.4000E+01  5.8000E-05
  2.5000E+01  6.2934E-05
  2.6000E+01  6.8069E-05
  2.7000E+01  7.3406E-05
  2.8000E+01  7.8944E-05
  2.9000E+01  8.4683E-05
  3.0000E+01  9.0624E-05
  3.1000E+01  9.6767E-05
  3.2000E+01  1.0311E-04
  3.3000E+01  1.0966E-04
  3.4000E+01  1.1640E-04
  3.5000E+01  1.2335E-04
  3.6000E+01  1.3050E-04
  3.7000E+01  1.3785E-04
  3.8000E+01  1.4540E-04
  3.9000E+01  1.5316E-04
  4.0000E+01  1.6111E-04
  4.1000E+01  1.6927E-04
  4.2000E+01  1.7762E-04
  4.3000E+01  1.8618E-04
  4.4000E+01  1.9494E-04
  4.5000E+01  2.0390E-04
  4.6000E+01  2.1307E-04
  4.7000E+01  2.2243E-04
  4.8000E+01  2.3200E-04
  4.9000E+01  2.4177E-04
  5.0000E+01  2.5173E-04
  5.1000E+01  2.6190E-04
  5.2000E+01  2.7228E-04
  5.3000E+01  2.8285E-04
  5.4000E+01  2.9362E-04
  5.5000E+01  3.0460E-04
  5.6000E+01  3.1578E-04
  5.7000E+01  3.4626E-04
  5.8000E+01  4.6974E-04
  5.9000E+01  5.8647E-04
  6.0000E+01  6.9647E-04
  6.1000E+01  7.9971E-04
  6.2000E+01  8.9622E-04
  6.3000E+01  9.8598E-04
  6.4000E+01  1.0690E-03
  6.5000E+01  1.1453E-03
  6.6000E+01  1.2148E-03
  6.7000E+01  1.2776E-03
  6.8000E+01  1.3336E-03
  6.9000E+01  1.3829E-03
  7.0000E+01  1.4255E-03
  7.1000E+01  1.4613E-03
  7.2000E+01  1.4904E-03
  7.3000E+01  1.5203E-03
  7.4000E+01  1.5827E-03
  7.5000E+01  1.6461E-03
  7.6000E+01  1.7105E-03
  7.7000E+01  1.7760E-03
  7.8000E+01  1.8424E-03
  7.9000E+01  1.9099E-03
  8.0000E+01  1.9784E-03
  8.1000E+01  2.0480E-03
  8.2000E+01  2.1186E-03
  8.3000E+01  2.2043E-03
  8.4000E+01  2.3015E-03
  8.5000E+01  2.4092E-03
  8.6000E+01  2.5272E-03
  8.7000E+01  2.6557E-03
  8.8000E+01  2.7940E-03
  8.9000E+01  2.9411E-03
  9.0000E+01  3.0971E-03
  9.1000E+01  3.2619E-03
  9.2000E+01  3.4356E-03
  9.3000E+01  3.6180E-03
  9.4000E+01  3.8093E-03
  9.5000E+01  4.0094E-03
  9.6000E+01  4.2184E-03
  9.7000E+01  4.4362E-03
  9.8000E+01  4.6628E-03
  9.9000E+01  4.8982E-03
  1.0000E+02  5.1508E-03
  1.0100E+02  5.4973E-03
  1.0200E+02  5.9853E-03
  1.0300E+02  6.5203E-03
  1.0400E+02  7.0611E-03
  1.0500E+02  7.6906E-03
  1.0600E+02  8.5618E-03
  1.0700E+02  9.3181E-03
  1.0800E+02  1.0080E-02
  1.0900E+02  1.0926E-02
  1.1000E+02  1.1499E-02
  1.1100E+02  1.2097E-02
  1.1200E+02  1.2922E-02
  1.1300E+02  1.3536E-02
  1.1400E+02  1.3884E-02
  1.1500E+02  1.3966E-02
  1.1600E+02  1.4500E-02
  1.1700E+02  1.7604E-02
  1.1800E+02  2.0191E-02
  1.1900E+02  1.5241E-02
  1.2000E+02  1.5583E-02
  1.2100E+02  1.5922E-02
  1.2200E+02  1.6256E-02
  1.2300E+02  1.6587E-02
  1.2400E+02  1.6914E-02
  1.2500E+02  1.7274E-02
  1.2600E+02  1.8177E-02
  1.2700E+02  1.8857E-02
  1.2800E+02  1.9319E-02
  1.2900E+02  1.9718E-02
  1.3000E+02  2.0130E-02
  1.3100E+02  2.0557E-02
  1.3200E+02  2.1050E-02
  1.3300E+02  2.2297E-02
  1.3400E+02  2.3619E-02
  1.3500E+02  2.5757E-02
  1.3600E+02  3.0531E-02
  1.3700E+02  3.1044E-02
  1.3800E+02  3.1649E-02
  1.3900E+02  3.2242E-02
  1.4000E+02  3.2136E-02
  1.4100E+02  3.1364E-02
  1.4200E+02  3.1597E-02
  1.4300E+02  3.1519E-02
  1.4400E+02  3.5162E-02
  1.4500E+02  2.8252E-02
  1.4600E+02  2.7911E-02
  1.4700E+02  2.7538E-02
  1.4800E+02  2.7131E-02
  1.4900E+02  2.6692E-02
  1.5000E+02  2.6289E-02
  1.5100E+02  2.5960E-02
  1.5200E+02  2.5626E-02
  1.5300E+02  2.5286E-02
  1.5400E+02  2.4951E-02
  1.5500E+02  2.4618E-02
  1.5600E+02  2.4288E-02
  1.5700E+02  2.3959E-02
  1.5800E+02  2.3964E-02
  1.5900E+02  2.4870E-02
  1.6000E+02  2.5545E-02
  1.6100E+02  2.5687E-02
  1.6200E+02  2.3060E-02
  1.6300E+02  2.2270E-02
  1.6400E+02  1.7635E-02
  1.6500E+02  1.6703E-02
  1.6600E+02  1.6514E-02
  1.6700E+02  1.6342E-02
  1.6800E+02  1.6188E-02
  1.6900E+02  1.6052E-02
  1.7000E+02  1.5919E-02
  1.7100E+02  1.5777E-02
  1.7200E+02  1.5624E-02
  1.7300E+02  1.5462E-02
  1.7400E+02  1.5289E-02
  1.7500E+02  1.5106E-02
  1.7600E+02  1.4912E-02
  1.7700E+02  1.4709E-02
  1.7800E+02  1.4495E-02
  1.7900E+02  1.4507E-02
  1.8000E+02  1.4453E-02
  1.8100E+02  1.4390E-02
  1.8200E+02  1.4320E-02
  1.8300E+02  1.4242E-02
  1.8400E+02  1.4162E-02
  1.8500E+02  1.4079E-02
  1.8600E+02  1.3994E-02
  1.8700E+02  1.3706E-02
  1.8800E+02  1.3797E-02
  1.8900E+02  1.3882E-02
  1.9000E+02  1.3963E-02
  1.9100E+02  1.4037E-02
  1.9200E+02  1.4107E-02
  1.9300E+02  1.4171E-02
  1.9400E+02  1.4537E-02
  1.9500E+02  1.5820E-02
  1.9600E+02  1.6942E-02
  1.9700E+02  1.7873E-02
  1.9800E+02  1.9042E-02
  1.9900E+02  2.0501E-02
  2.0000E+02  2.5124E-02
  2.0100E+02  1.9849E-02
  2.0200E+02  1.7377E-02
  2.0300E+02  1.4946E-02
  2.0400E+02  1.2554E-02
  2.0500E+02  1.0203E-02
  2.0600E+02  7.8921E-03
  2.0700E+02  5.6212E-03
  2.0800E+02  3.8933E-03
  2.0900E+02  3.1882E-03
  2.1000E+02  2.6030E-03
  2.1100E+02  2.1377E-03
  2.1200E+02  1.7925E-03
  2.1300E+02  1.5675E-03
  2.1400E+02  1.4627E-03
  2.1500E+02  1.4676E-03
  2.1600E+02  1.4933E-03
  2.1700E+02  1.5198E-03
  2.1800E+02  1.5468E-03
  2.1900E+02  1.5745E-03
  2.2000E+02  1.6029E-03
  2.2100E+02  1.6318E-03
  2.2200E+02  1.6614E-03
  2.2300E+02  1.6916E-03
  2.2400E+02  1.7223E-03
  2.2500E+02  1.7534E-03
  2.2600E+02  1.7852E-03
  2.2700E+02  1.8174E-03
  2.2800E+02  1.8501E-03
  2.2900E+02  1.8834E-03
  2.3000E+02  1.9123E-03
  2.3100E+02  1.9380E-03
  2.3200E+02  1.9607E-03
  2.3300E+02  1.9807E-03
  2.3400E+02  1.9977E-03
  2.3500E+02  2.0119E-03
  2.3600E+02  2.0232E-03
  2.3700E+02  2.0475E-03
  2.3800E+02  2.0815E-03
  2.3900E+02  2.1159E-03
  2.4000E+02  2.1505E-03
  2.4100E+02  2.1855E-03
  2.4200E+02  2.2208E-03
  2.4300E+02  2.2564E-03
  2.4400E+02  2.2923E-03
  2.4500E+02  2.3285E-03
  2.4600E+02  2.3651E-03
  2.4700E+02  2.4019E-03
  2.4800E+02  2.4391E-03
  2.4900E+02  2.4766E-03
  2.5000E+02  2.5144E-03
  2.5100E+02  2.5526E-03
  2.5200E+02  2.5910E-03
  2.5300E+02  2.6298E-03
  2.5400E+02  2.6689E-03
  2.5500E+02  2.7082E-03
  2.5600E+02  2.7480E-03
  2.5700E+02  2.7880E-03
  2.5800E+02  2.8283E-03
  2.5900E+02  2.8690E-03
  2.6000E+02  2.9100E-03
  2.6100E+02  2.9513E-03
  2.6200E+02  2.9929E-03
  2.6300E+02  3.0348E-03
  2.6400E+02  3.0870E-03
  2.6500E+02  3.1567E-03
  2.6600E+02  3.2439E-03
  2.6700E+02  3.3431E-03
  2.6800E+02  3.4109E-03
  2.6900E+02  3.4778E-03
  2.7000E+02  3.5437E-03
  2.7100E+02  3.6087E-03
  2.7200E+02  3.6727E-03
  2.7300E+02  3.7358E-03
  2.7400E+02  3.7980E-03
  2.7500E+02  3.8593E-03
  2.7600E+02  3.9195E-03
  2.7700E+02  3.9789E-03
  2.7800E+02  4.0373E-03
  2.7900E+02  4.0948E-03
  2.8000E+02  4.1513E-03
  2.8100E+02  4.2069E-03
  2.8200E+02  4.2693E-03
  2.8300E+02  4.3354E-03
  2.8400E+02  4.4042E-03
  2.8500E+02  4.4756E-03
  2.8600E+02  4.5497E-03
  2.8700E+02  4.6264E-03
  2.8800E+02  4.7059E-03
  2.8900E+02  4.7879E-03
  2.9000E+02  4.8727E-03
  2.9100E+02  4.9601E-03
  2.9200E+02  5.0501E-03
  2.9300E+02  5.1428E-03
  2.9400E+02  5.2382E-03
  2.9500E+02  5.3362E-03
  2.9600E+02  5.4369E-03
  2.9700E+02  5.5403E-03
  2.9800E+02  5.6464E-03
  2.9900E+02  5.7557E-03
  3.0000E+02  5.8682E-03
  3.0100E+02  5.9844E-03
  3.0200E+02  6.1049E-03
  3.0300E+02  6.2296E-03
  3.0400E+02  6.3584E-03
  3.0500E+02  6.4914E-03
  3.0600E+02  6.6318E-03
  3.0700E+02  6.7881E-03
  3.0800E+02  6.9844E-03
  3.0900E+02  7.2346E-03
  3.1000E+02  7.4944E-03
  3.1100E+02  7.7514E-03
  3.1200E+02  8.0056E-03
  3.1300E+02  8.2571E-03
  3.1400E+02  8.5058E-03
  3.1500E+02  8.7516E-03
  3.1600E+02  9.0267E-03
  3.1700E+02  9.3584E-03
  3.1800E+02  9.7148E-03
  3.1900E+02  1.0096E-02
  3.2000E+02  1.0501E-02
  3.2100E+02  1.0932E-02
  3.2200E+02  1.1387E-02
  3.2300E+02  1.1866E-02
  3.2400E+02  1.2370E-02
  3.2500E+02  1.2899E-02
  3.2600E+02  1.4123E-02
  3.2700E+02  1.5525E-02
  3.2800E+02  1.4958E-02
  3.2900E+02  1.4821E-02
  3.3000E+02  1.4737E-02
  3.3100E+02  1.4708E-02
  3.3200E+02  1.4734E-02
  3.3300E+02  1.4813E-02
  3.3400E+02  1.4948E-02
  3.3500E+02  1.5136E-02
  3.3600E+02  1.5282E-02
  3.3700E+02  1.4411E-02
  3.3800E+02  1.3980E-02
  3.3900E+02  1.3552E-02
  3.4000E+02  1.3125E-02
  3.4100E+02  1.2701E-02
  3.4200E+02  1.2278E-02
  3.4300E+02  1.1859E-02
  3.4400E+02  1.0576E-02
  3.4500E+02  9.7661E-03
  3.4600E+02  9.3162E-03
  3.4700E+02  8.8943E-03
  3.4800E+02  8.4914E-03
  3.4900E+02  8.1075E-03
  3.5000E+02  7.7425E-03
  3.5100E+02  7.3965E-03
  3.5200E+02  7.0695E-03
  3.5300E+02  6.7615E-03
  3.5400E+02  6.4823E-03
  3.5500E+02  6.1213E-03
  3.5600E+02  5.7875E-03
  3.5700E+02  5.4412E-03
  3.5800E+02  5.1148E-03
  3.5900E+02  4.8082E-03
  3.6000E+02  4.5213E-03
  3.6100E+02  4.2543E-03
  3.6200E+02  4.0071E-03
  3.6300E+02  3.7986E-03
  3.6400E+02  3.6170E-03
  3.6500E+02  3.4357E-03
  3.6600E+02  3.1228E-03
  3.6700E+02  2.7689E-03
  3.6800E+02  2.3785E-03
  3.6900E+02  1.9518E-03
  3.7000E+02  1.7997E-03
  3.7100E+02  1.7484E-03
  3.7200E+02  1.6967E-03
  3.7300E+02  1.6443E-03
  3.7400E+02  1.5914E-03
  3.7500E+02  1.5379E-03
  3.7600E+02  1.4839E-03
  3.7700E+02  1.4293E-03
  3.7800E+02  1.9321E-03
  3.7900E+02  2.8271E-03
  3.8000E+02  3.5459E-03
  3.8100E+02  4.4151E-03
  3.8200E+02  4.8021E-03
  3.8300E+02  5.1619E-03
  3.8400E+02  5.4946E-03
  3.8500E+02  5.8003E-03
  3.8600E+02  6.0788E-03
  3.8700E+02  6.3302E-03
  3.8800E+02  6.5488E-03
  3.8900E+02  6.7445E-03
  3.9000E+02  7.0454E-03
  3.9100E+02  7.5090E-03
  3.9200E+02  7.8590E-03
  3.9300E+02  8.2107E-03
  3.9400E+02  8.5404E-03
  3.9500E+02  8.8483E-03
  3.9600E+02  9.1343E-03
  3.9700E+02  9.3984E-03
  3.9800E+02  9.6406E-03
  3.9900E+02  9.8608E-03
  4.0000E+02  1.0059E-02
  4.0100E+02  1.0236E-02
  4.0200E+02  1.0406E-02
  4.0300E+02  1.0584E-02
  4.0400E+02  1.0739E-02
  4.0500E+02  1.1168E-02
  4.0600E+02  1.1565E-02
  4.0700E+02  1.1808E-02
  4.0800E+02  1.2092E-02
  4.0900E+02  1.2456E-02
  4.1000E+02  1.2886E-02
  4.1100E+02  1.3371E-02
  4.1200E+02  1.3910E-02
  4.1300E+02  1.4505E-02
  4.1400E+02  1.5155E-02
  4.1500E+02  1.7128E-02
  4.1600E+02  1.3454E-02
  4.1700E+02  1.2889E-02
  4.1800E+02  1.2569E-02
  4.1900E+02  1.2458E-02
  4.2000E+02  1.2554E-02
  4.2100E+02  1.2250E-02
  4.2200E+02  1.2152E-02
  4.2300E+02  1.2049E-02
  4.2400E+02  1.1941E-02
  4.2500E+02  1.1828E-02
  4.2600E+02  1.1710E-02
  4.2700E+02  1.1587E-02
  4.2800E+02  1.1458E-02
  4.2900E+02  1.1325E-02
  4.3000E+02  1.1187E-02
  4.3100E+02  1.1044E-02
  4.3200E+02  1.0896E-02
  4.3300E+02  1.0743E-02
  4.3400E+02  1.0585E-02
  4.3500E+02  1.0422E-02
  4.3600E+02  1.0339E-02
  4.3700E+02  1.0170E-02
  4.3800E+02  9.9066E-03
  4.3900E+02  9.5504E-03
  4.4000E+02  9.3045E-03
  4.4100E+02  9.1513E-03
  4.4200E+02  9.0382E-03
  4.4300E+02  8.9465E-03
  4.4400E+02  8.9123E-03
  4.4500E+02  8.9505E-03
  4.4600E+02  9.0860E-03
  4.4700E+02  8.7124E-03
  4.4800E+02  8.8224E-03
  4.4900E+02  8.7034E-03
  4.5000E+02  8.3409E-03
  4.5100E+02  7.7349E-03
  4.5200E+02  7.5505E-03
  4.5300E+02  7.4437E-03
  4.5400E+02  7.3375E-03
  4.5500E+02  7.2320E-03
  4.5600E+02  7.1271E-03
  4.5700E+02  7.0229E-03
  4.5800E+02  6.9194E-03
  4.5900E+02  6.8164E-03
  4.6000E+02  6.7142E-03
  4.6100E+02  6.6126E-03
  4.6200E+02  6.5116E-03
  4.6300E+02  6.4113E-03
  4.6400E+02  6.3116E-03
  4.6500E+02  6.2126E-03
  4.6600E+02  6.1143E-03
  4.6700E+02  6.0166E-03
  4.6800E+02  5.9195E-03
  4.6900E+02  5.8231E-03
  4.7000E+02  5.7273E-03
  4.7100E+02  5.6322E-03
  4.7200E+02  5.7838E-03
  4.7300E+02  5.9589E-03
  4.7400E+02  1.6411E-02
  4.7500E+02  2.9209E-02
  4.7600E+02  5.4755E-02
  4.7700E+02  6.8547E-02
  4.7800E+02  8.7223E-02
  4.7900E+02  8.2972E-02
  4.8000E+02  7.2782E-02
  4.8100E+02  6.9382E-02
  4.8200E+02  6.5316E-02
  4.8300E+02  6.7959E-02
  4.8400E+02  7.1274E-02
  4.8500E+02  7.3098E-02
  4.8600E+02  7.3355E-02
  4.8700E+02  7.2026E-02
  4.8800E+02  7.1422E-02
  4.8900E+02  7.2100E-02
  4.9000E+02  7.2151E-02
  4.9100E+02  7.4334E-02
  4.9200E+02  7.5544E-02
  4.9300E+02  7.8364E-02
  4.9400E+02  8.7675E-02
  4.9500E+02  7.9374E-02
  4.9600E+02  7.5394E-02
  4.9700E+02  7.1564E-02
  4.9800E+02  6.8136E-02
  4.9900E+02  6.3927E-02
  5.0000E+02  6.3674E-02
  5.0100E+02  4.2379E-02
  5.0200E+02  3.2672E-02
  5.0300E+02  2.5829E-02
  5.0400E+02  2.1621E-02
  5.0500E+02  1.9250E-02
  5.0600E+02  1.7261E-02
  5.0700E+02  1.5661E-02
  5.0800E+02  1.4394E-02
  5.0900E+02  1.3325E-02
  5.1000E+02  1.2446E-02
  5.1100E+02  1.0828E-02
  5.1200E+02  9.1593E-03
  5.1300E+02  8.1671E-03
  5.1400E+02  7.1301E-03
  5.1500E+02  6.0483E-03
  5.1600E+02  4.9216E-03
  5.1700E+02  3.8880E-03
  5.1800E+02  3.6112E-03
  5.1900E+02  3.3423E-03
  5.2000E+02  9.0537E-04
  5.2100E+02  4.0051E-04
  5.2200E+02  9.8722E-05
  5.2300E+02  0.0000E+00
