  0.0000E+00  0.0000E+00
  1.0000E+00  2.5853E-07
  2.0000E+00  1.0341E-06
  3.0000E+00  2.3268E-06
  4.0000E+00  4.1366E-06
  5.0000E+00  6.4635E-06
  6.0000E+00  9.3075E-06
  7.0000E+00  1.2668E-05
  8.0000E+00  1.6547E-05
  9.0000E+00  2.0942E-05
  1.0000E+01  2.5854E-05
  1.1000E+01  3.1283E-05
  1.2000E+01  3.7230E-05
  1.3000E+01  4.3693E-05
  1.4000E+01  5.0674E-05
  1.5000E+01  5.8172E-05
  1.6000E+01  6.6187E-05
  1.7000E+01  7.4718E-05
  1.8000E+01  8.3767E-05
  1.9000E+01  9.3334E-05
  2.0000E+01  1.0342E-04
  2.1000E+01  1.1402E-04
  2.2000E+01  1.2513E-04
  2.3000E+01  1.3677E-04
  2.4000E+01  1.4892E-04
  2.5000E+01  1.6159E-04
  2.6000E+01  1.7477E-04
  2.7000E+01  1.8848E-04
  2.8000E+01  2.0270E-04
  2.9000E+01  2.1743E-04
  3.0000E+01  2.3269E-04
  3.1000E+01  2.4846E-04
  3.2000E+01  2.6475E-04
  3.3000E+01  2.8155E-04
  3.4000E+01  2.9887E-04
  3.5000E+01  3.1671E-04
  3.6000E+01  3.3507E-04
  3.7000E+01  3.5394E-04
  3.8000E+01  3.7333E-04
  3.9000E+01  3.9324E-04
  4.0000E+01  4.1367E-04
  4.1000E+01  4.3461E-04
  4.2000E+01  4.5607E-04
  4.3000E+01  4.7804E-04
  4.4000E+01  5.0054E-04
  4.5000E+01  5.2355E-04
  4.6000E+01  5.4707E-04
  4.7000E+01  5.7112E-04
  4.8000E+01  5.9568E-04
  4.9000E+01  6.2076E-04
  5.0000E+01  6.4635E-04
  5.1000E+01  6.7247E-04
  5.2000E+01  6.9910E-04
  5.3000E+01  7.2624E-04
  5.4000E+01  7.5391E-04
  5.5000E+01  7.8209E-04
  5.6000E+01  8.1079E-04
  5.7000E+01  8.4000E-04
  5.8000E+01  8.6974E-04
  5.9000E+01  8.9998E-04
  6.0000E+01  9.3075E-04
  6.1000E+01  9.6203E-04
  6.2000E+01  9.9384E-04
  6.3000E+01  1.0262E-03
  6.4000E+01  1.0590E-03
  6.5000E+01  1.0923E-03
  6.6000E+01  1.1262E-03
  6.7000E+01  1.1606E-03
  6.8000E+01  1.1955E-03
  6.9000E+01  1.2309E-03
  7.0000E+01  1.2669E-03
  7.1000E+01  1.3033E-03
  7.2000E+01  1.3403E-03
  7.3000E+01  1.3778E-03
  7.4000E+01  1.4158E-03
  7.5000E+01  1.4543E-03
  7.6000E+01  1.4933E-03
  7.7000E+01  1.5329E-03
  7.8000E+01  1.5730E-03
  7.9000E+01  1.6136E-03
  8.0000E+01  1.6547E-03
  8.1000E+01  1.6963E-03
  8.2000E+01  1.7384E-03
  8.3000E+01  1.7811E-03
  8.4000E+01  1.8243E-03
  8.5000E+01  1.8680E-03
  8.6000E+01  1.9122E-03
  8.7000E+01  1.9569E-03
  8.8000E+01  2.0021E-03
  8.9000E+01  2.0479E-03
  9.0000E+01  2.0942E-03
  9.1000E+01  2.1410E-03
  9.2000E+01  2.7240E-03
  9.3000E+01  3.4068E-03
  9.4000E+01  4.0837E-03
  9.5000E+01  4.7546E-03
  9.6000E+01  5.4195E-03
  9.7000E+01  6.0785E-03
  9.8000E+01  6.7315E-03
  9.9000E+01  7.3786E-03
  1.0000E+02  8.0197E-03
  1.0100E+02  8.6548E-03
  1.0200E+02  9.2837E-03
  1.0300E+02  9.9052E-03
  1.0400E+02  1.0519E-02
  1.0500E+02  1.1126E-02
  1.0600E+02  1.1725E-02
  1.0700E+02  1.2317E-02
  1.0800E+02  1.2902E-02
  1.0900E+02  1.3479E-02
  1.1000E+02  1.4049E-02
  1.1100E+02  1.4611E-02
  1.1200E+02  1.5166E-02
  1.1300E+02  1.5713E-02
  1.1400E+02  1.6254E-02
  1.1500E+02  1.6786E-02
  1.1600E+02  1.7312E-02
  1.1700E+02  1.7830E-02
  1.1800E+02  1.8340E-02
  1.1900E+02  1.8843E-02
  1.2000E+02  1.9339E-02
  1.2100E+02  1.9827E-02
  1.2200E+02  2.0308E-02
  1.2300E+02  2.0782E-02
  1.2400E+02  2.1172E-02
  1.2500E+02  2.1647E-02
  1.2600E+02  2.2248E-02
  1.2700E+02  2.2977E-02
  1.2800E+02  2.3832E-02
  1.2900E+02  2.4813E-02
  1.3000E+02  2.5922E-02
  1.3100E+02  2.7157E-02
  1.3200E+02  2.8519E-02
  1.3300E+02  3.0007E-02
  1.3400E+02  1.6632E-01
  1.3500E+02  1.6623E-02
  1.3600E+02  1.6423E-02
  1.3700E+02  1.6231E-02
  1.3800E+02  1.6046E-02
  1.3900E+02  1.5868E-02
  1.4000E+02  1.5698E-02
  1.4100E+02  1.5535E-02
  1.4200E+02  1.5380E-02
  1.4300E+02  1.5232E-02
  1.4400E+02  1.5092E-02
  1.4500E+02  1.4960E-02
  1.4600E+02  1.4834E-02
  1.4700E+02  1.4716E-02
  1.4800E+02  1.4606E-02
  1.4900E+02  1.4503E-02
  1.5000E+02  1.4408E-02
  1.5100E+02  1.4320E-02
  1.5200E+02  1.4240E-02
  1.5300E+02  1.4167E-02
  1.5400E+02  1.4101E-02
  1.5500E+02  1.4044E-02
  1.5600E+02  1.3993E-02
  1.5700E+02  1.3950E-02
  1.5800E+02  1.3915E-02
  1.5900E+02  1.3887E-02
  1.6000E+02  1.3866E-02
  1.6100E+02  1.3853E-02
  1.6200E+02  1.3847E-02
  1.6300E+02  1.3849E-02
  1.6400E+02  1.3859E-02
  1.6500E+02  1.3876E-02
  1.6600E+02  1.3900E-02
  1.6700E+02  1.3932E-02
  1.6800E+02  1.3971E-02
  1.6900E+02  1.4018E-02
  1.7000E+02  1.4072E-02
  1.7100E+02  1.4134E-02
  1.7200E+02  1.4203E-02
  1.7300E+02  1.4280E-02
  1.7400E+02  1.4364E-02
  1.7500E+02  1.4456E-02
  1.7600E+02  1.4555E-02
  1.7700E+02  1.4661E-02
  1.7800E+02  1.4775E-02
  1.7900E+02  1.4897E-02
  1.8000E+02  1.5026E-02
  1.8100E+02  1.5163E-02
  1.8200E+02  1.5307E-02
  1.8300E+02  1.5458E-02
  1.8400E+02  1.5617E-02
  1.8500E+02  1.5783E-02
  1.8600E+02  1.5957E-02
  1.8700E+02  1.6139E-02
  1.8800E+02  1.6328E-02
  1.8900E+02  1.6524E-02
  1.9000E+02  1.6728E-02
  1.9100E+02  1.6939E-02
  1.9200E+02  1.7158E-02
  1.9300E+02  8.0476E-02
  1.9400E+02  6.6146E-02
  1.9500E+02  4.1481E-02
  1.9600E+02  2.9265E-02
  1.9700E+02  6.2899E-03
  1.9800E+02  4.2161E-04
  1.9900E+02  4.2588E-04
  2.0000E+02  4.3018E-04
  2.0100E+02  4.3449E-04
  2.0200E+02  4.3882E-04
  2.0300E+02  4.4318E-04
  2.0400E+02  4.4755E-04
  2.0500E+02  4.5195E-04
  2.0600E+02  4.5637E-04
  2.0700E+02  4.6081E-04
  2.0800E+02  4.6528E-04
  2.0900E+02  4.6976E-04
  2.1000E+02  4.7427E-04
  2.1100E+02  4.7880E-04
  2.1200E+02  4.8334E-04
  2.1300E+02  4.8792E-04
  2.1400E+02  4.9251E-04
  2.1500E+02  4.9712E-04
  2.1600E+02  5.0176E-04
  2.1700E+02  5.0641E-04
  2.1800E+02  5.1109E-04
  2.1900E+02  5.1579E-04
  2.2000E+02  5.2051E-04
  2.2100E+02  5.2525E-04
  2.2200E+02  5.3002E-04
  2.2300E+02  5.3480E-04
  2.2400E+02  5.3961E-04
  2.2500E+02  5.4444E-04
  2.2600E+02  5.4929E-04
  2.2700E+02  5.5416E-04
  2.2800E+02  5.5906E-04
  2.2900E+02  5.6397E-04
  2.3000E+02  5.6891E-04
  2.3100E+02  5.7386E-04
  2.3200E+02  5.7884E-04
  2.3300E+02  5.8384E-04
  2.3400E+02  5.8887E-04
  2.3500E+02  1.1797E-03
  2.3600E+02  2.0129E-03
  2.3700E+02  2.7100E-03
  2.3800E+02  3.2709E-03
  2.3900E+02  3.6955E-03
  2.4000E+02  3.9840E-03
  2.4100E+02  4.1363E-03
  2.4200E+02  4.1524E-03
  2.4300E+02  4.0322E-03
  2.4400E+02  3.7759E-03
  2.4500E+02  3.3834E-03
  2.4600E+02  2.8547E-03
  2.4700E+02  2.6273E-03
  2.4800E+02  2.7011E-03
  2.4900E+02  2.7760E-03
  2.5000E+02  2.8518E-03
  2.5100E+02  2.9286E-03
  2.5200E+02  3.0065E-03
  2.5300E+02  3.0853E-03
  2.5400E+02  3.1650E-03
  2.5500E+02  3.2458E-03
  2.5600E+02  3.3276E-03
  2.5700E+02  3.4103E-03
  2.5800E+02  3.4940E-03
  2.5900E+02  3.5787E-03
  2.6000E+02  3.6644E-03
  2.6100E+02  3.7511E-03
  2.6200E+02  3.8388E-03
  2.6300E+02  3.9275E-03
  2.6400E+02  4.0171E-03
  2.6500E+02  4.1078E-03
  2.6600E+02  4.1994E-03
  2.6700E+02  4.2920E-03
  2.6800E+02  4.3856E-03
  2.6900E+02  4.4802E-03
  2.7000E+02  4.5757E-03
  2.7100E+02  4.6723E-03
  2.7200E+02  4.7698E-03
  2.7300E+02  4.8683E-03
  2.7400E+02  4.9679E-03
  2.7500E+02  5.0683E-03
  2.7600E+02  5.1698E-03
  2.7700E+02  5.2723E-03
  2.7800E+02  5.3758E-03
  2.7900E+02  5.4802E-03
  2.8000E+02  5.5856E-03
  2.8100E+02  5.6921E-03
  2.8200E+02  5.7995E-03
  2.8300E+02  5.9079E-03
  2.8400E+02  6.0172E-03
  2.8500E+02  6.1276E-03
  2.8600E+02  6.2389E-03
  2.8700E+02  6.3513E-03
  2.8800E+02  6.4646E-03
  2.8900E+02  6.6185E-03
  2.9000E+02  6.9870E-03
  2.9100E+02  7.3413E-03
  2.9200E+02  7.6814E-03
  2.9300E+02  8.0074E-03
  2.9400E+02  8.3192E-03
  2.9500E+02  8.6168E-03
  2.9600E+02  8.9003E-03
  2.9700E+02  9.1696E-03
  2.9800E+02  9.4247E-03
  2.9900E+02  9.6656E-03
  3.0000E+02  9.8924E-03
  3.0100E+02  1.0105E-02
  3.0200E+02  1.0303E-02
  3.0300E+02  1.0488E-02
  3.0400E+02  1.0658E-02
  3.0500E+02  1.0814E-02
  3.0600E+02  1.0955E-02
  3.0700E+02  1.1083E-02
  3.0800E+02  1.1196E-02
  3.0900E+02  1.1296E-02
  3.1000E+02  1.1381E-02
  3.1100E+02  1.1452E-02
  3.1200E+02  1.1508E-02
  3.1300E+02  1.1551E-02
  3.1400E+02  1.1579E-02
  3.1500E+02  1.1594E-02
  3.1600E+02  1.1594E-02
  3.1700E+02  1.1580E-02
  3.1800E+02  1.1551E-02
  3.1900E+02  1.1509E-02
  3.2000E+02  1.1452E-02
  3.2100E+02  1.1381E-02
  3.2200E+02  1.1296E-02
  3.2300E+02  1.1197E-02
  3.2400E+02  1.1084E-02
  3.2500E+02  1.0975E-02
  3.2600E+02  1.1002E-02
  3.2700E+02  1.1016E-02
  3.2800E+02  1.1016E-02
  3.2900E+02  1.1003E-02
  3.3000E+02  1.0976E-02
  3.3100E+02  1.0935E-02
  3.3200E+02  1.0881E-02
  3.3300E+02  1.0813E-02
  3.3400E+02  1.0732E-02
  3.3500E+02  1.0637E-02
  3.3600E+02  1.0529E-02
  3.3700E+02  1.0407E-02
  3.3800E+02  1.0272E-02
  3.3900E+02  1.0122E-02
  3.4000E+02  9.9598E-03
  3.4100E+02  9.7835E-03
  3.4200E+02  9.5937E-03
  3.4300E+02  9.3903E-03
  3.4400E+02  9.1734E-03
  3.4500E+02  8.9428E-03
  3.4600E+02  8.6987E-03
  3.4700E+02  8.4411E-03
  3.4800E+02  8.1698E-03
  3.4900E+02  7.8850E-03
  3.5000E+02  7.5866E-03
  3.5100E+02  7.2747E-03
  3.5200E+02  6.9491E-03
  3.5300E+02  6.6100E-03
  3.5400E+02  6.2573E-03
  3.5500E+02  5.8911E-03
  3.5600E+02  5.5113E-03
  3.5700E+02  5.1179E-03
  3.5800E+02  4.7109E-03
  3.5900E+02  4.2904E-03
  3.6000E+02  3.8563E-03
  3.6100E+02  3.4086E-03
  3.6200E+02  3.1921E-03
  3.6300E+02  3.0172E-03
  3.6400E+02  2.8602E-03
  3.6500E+02  2.7210E-03
  3.6600E+02  2.5998E-03
  3.6700E+02  2.4964E-03
  3.6800E+02  2.4109E-03
  3.6900E+02  2.3433E-03
  3.7000E+02  2.2935E-03
  3.7100E+02  2.2617E-03
  3.7200E+02  2.2477E-03
  3.7300E+02  2.2516E-03
  3.7400E+02  2.2734E-03
  3.7500E+02  2.3130E-03
  3.7600E+02  2.3705E-03
  3.7700E+02  2.4380E-03
  3.7800E+02  2.5101E-03
  3.7900E+02  2.5869E-03
  3.8000E+02  2.6683E-03
  3.8100E+02  2.7543E-03
  3.8200E+02  2.8449E-03
  3.8300E+02  2.9402E-03
  3.8400E+02  3.0401E-03
  3.8500E+02  3.1446E-03
  3.8600E+02  3.2538E-03
  3.8700E+02  3.3676E-03
  3.8800E+02  3.4860E-03
  3.8900E+02  3.6090E-03
  3.9000E+02  3.7367E-03
  3.9100E+02  3.8690E-03
  3.9200E+02  4.0060E-03
  3.9300E+02  4.1475E-03
  3.9400E+02  4.2937E-03
  3.9500E+02  4.4445E-03
  3.9600E+02  4.6000E-03
  3.9700E+02  4.7600E-03
  3.9800E+02  4.9248E-03
  3.9900E+02  5.0941E-03
  4.0000E+02  5.2680E-03
  4.0100E+02  5.4466E-03
  4.0200E+02  5.6299E-03
  4.0300E+02  5.8177E-03
  4.0400E+02  6.0102E-03
  4.0500E+02  6.2073E-03
  4.0600E+02  6.4090E-03
  4.0700E+02  6.6154E-03
  4.0800E+02  6.8264E-03
  4.0900E+02  7.0420E-03
  4.1000E+02  7.2623E-03
  4.1100E+02  7.4872E-03
  4.1200E+02  7.7167E-03
  4.1300E+02  7.9508E-03
  4.1400E+02  8.1896E-03
  4.1500E+02  8.4330E-03
  4.1600E+02  8.6810E-03
  4.1700E+02  8.9680E-03
  4.1800E+02  1.0080E-02
  4.1900E+02  1.2343E-02
  4.2000E+02  1.5759E-02
  4.2100E+02  2.0326E-02
  4.2200E+02  2.6044E-02
  4.2300E+02  3.2915E-02
  4.2400E+02  5.0288E-02
  4.2500E+02  5.3434E-02
  4.2600E+02  4.6870E-02
  4.2700E+02  3.8418E-02
  4.2800E+02  2.8079E-02
  4.2900E+02  1.5854E-02
  4.3000E+02  1.0923E-02
  4.3100E+02  1.0749E-02
  4.3200E+02  1.0576E-02
  4.3300E+02  1.0405E-02
  4.3400E+02  1.0235E-02
  4.3500E+02  1.0067E-02
  4.3600E+02  9.9001E-03
  4.3700E+02  9.7348E-03
  4.3800E+02  9.5710E-03
  4.3900E+02  9.4087E-03
  4.4000E+02  9.2480E-03
  4.4100E+02  9.0887E-03
  4.4200E+02  8.9309E-03
  4.4300E+02  8.7746E-03
  4.4400E+02  8.6198E-03
  4.4500E+02  8.4665E-03
  4.4600E+02  8.3147E-03
  4.4700E+02  8.1644E-03
  4.4800E+02  8.0156E-03
  4.4900E+02  7.8682E-03
  4.5000E+02  7.7224E-03
  4.5100E+02  7.5781E-03
  4.5200E+02  7.4353E-03
  4.5300E+02  7.2939E-03
  4.5400E+02  7.1541E-03
  4.5500E+02  7.0158E-03
  4.5600E+02  6.8789E-03
  4.5700E+02  6.7436E-03
  4.5800E+02  6.6097E-03
  4.5900E+02  6.4774E-03
  4.6000E+02  6.3465E-03
  4.6100E+02  6.2171E-03
  4.6200E+02  6.0893E-03
  4.6300E+02  5.9629E-03
  4.6400E+02  5.8380E-03
  4.6500E+02  5.7146E-03
  4.6600E+02  5.5928E-03
  4.6700E+02  5.4724E-03
  4.6800E+02  5.3535E-03
  4.6900E+02  5.2361E-03
  4.7000E+02  5.1202E-03
  4.7100E+02  5.0058E-03
  4.7200E+02  4.8929E-03
  4.7300E+02  4.7815E-03
  4.7400E+02  5.4122E-03
  4.7500E+02  8.8656E-03
  4.7600E+02  1.5266E-02
  4.7700E+02  2.4614E-02
  4.7800E+02  3.6910E-02
  4.7900E+02  5.2152E-02
  4.8000E+02  1.1257E-01
  4.8100E+02  1.0663E-01
  4.8200E+02  9.8795E-02
  4.8300E+02  8.9060E-02
  4.8400E+02  7.7425E-02
  4.8500E+02  6.4088E-02
  4.8600E+02  6.4243E-02
  4.8700E+02  6.6614E-02
  4.8800E+02  6.8750E-02
  4.8900E+02  7.0651E-02
  4.9000E+02  7.2316E-02
  4.9100E+02  7.3746E-02
  4.9200E+02  7.5171E-02
  4.9300E+02  7.9725E-02
  4.9400E+02  8.2519E-02
  4.9500E+02  8.4388E-02
  4.9600E+02  8.4357E-02
  4.9700E+02  8.2424E-02
  4.9800E+02  7.8590E-02
  4.9900E+02  7.2855E-02
  5.0000E+02  6.5218E-02
  5.0100E+02  5.6466E-02
  5.0200E+02  4.8477E-02
  5.0300E+02  3.8970E-02
  5.0400E+02  2.7944E-02
  5.0500E+02  1.5402E-02
  5.0600E+02  9.8958E-03
  5.0700E+02  8.7649E-03
  5.0800E+02  7.7027E-03
  5.0900E+02  6.7090E-03
  5.1000E+02  5.7839E-03
  5.1100E+02  4.9274E-03
  5.1200E+02  4.1395E-03
  5.1300E+02  3.4202E-03
  5.1400E+02  2.7695E-03
  5.1500E+02  2.1874E-03
  5.1600E+02  1.6739E-03
  5.1700E+02  1.2290E-03
  5.1800E+02  8.5266E-04
  5.1900E+02  5.4494E-04
  5.2000E+02  3.0581E-04
  5.2100E+02  1.3528E-04
  5.2200E+02  3.3345E-05
  5.2300E+02  0.0000E+00
