  0.0000E+00  0.0000E+00
  1.0000E+00  1.4466E-07
  2.0000E+00  5.7867E-07
  3.0000E+00  1.3020E-06
  4.0000E+00  2.3147E-06
  5.0000E+00  3.6167E-06
  6.0000E+00  5.2081E-06
  7.0000E+00  7.0887E-06
  8.0000E+00  9.2588E-06
  9.0000E+00  1.1718E-05
  1.0000E+01  1.4467E-05
  1.1000E+01  1.7505E-05
  1.2000E+01  2.0832E-05
  1.3000E+01  2.4449E-05
  1.4000E+01  2.8355E-05
  1.5000E+01  3.2550E-05
  1.6000E+01  3.7035E-05
  1.7000E+01  4.1809E-05
  1.8000E+01  4.6873E-05
  1.9000E+01  5.2225E-05
  2.0000E+01  5.7868E-05
  2.1000E+01  6.3799E-05
  2.2000E+01  7.0020E-05
  2.3000E+01  7.6530E-05
  2.4000E+01  8.3329E-05
  2.5000E+01  9.0418E-05
  2.6000E+01  9.7796E-05
  2.7000E+01  1.0546E-04
  2.8000E+01  1.1342E-04
  2.9000E+01  1.2167E-04
  3.0000E+01  1.3020E-04
  3.1000E+01  1.3903E-04
  3.2000E+01  1.4814E-04
  3.3000E+01  1.5754E-04
  3.4000E+01  1.6724E-04
  3.5000E+01  1.7722E-04
  3.6000E+01  1.8749E-04
  3.7000E+01  1.9805E-04
  3.8000E+01  2.0890E-04
  3.9000E+01  2.2004E-04
  4.0000E+01  2.3147E-04
  4.1000E+01  2.4319E-04
  4.2000E+01  2.5520E-04
  4.3000E+01  2.6749E-04
  4.4000E+01  2.8008E-04
  4.5000E+01  2.9295E-04
  4.6000E+01  3.0612E-04
  4.7000E+01  3.1957E-04
  4.8000E+01  3.3332E-04
  4.9000E+01  3.4735E-04
  5.0000E+01  3.6167E-04
  5.1000E+01  3.7628E-04
  5.2000E+01  3.9118E-04
  5.3000E+01  4.0638E-04
  5.4000E+01  4.2185E-04
  5.5000E+01  4.3762E-04
  5.6000E+01  4.5368E-04
  5.7000E+01  4.7003E-04
  5.8000E+01  4.8667E-04
  5.9000E+01  5.0359E-04
  6.0000E+01  5.2081E-04
  6.1000E+01  5.3831E-04
  6.2000E+01  5.5611E-04
  6.3000E+01  5.7419E-04
  6.4000E+01  5.9256E-04
  6.5000E+01  6.1123E-04
  6.6000E+01  6.3018E-04
  6.7000E+01  6.4942E-04
  6.8000E+01  6.6895E-04
  6.9000E+01  6.8877E-04
  7.0000E+01  7.0888E-04
  7.1000E+01  7.2928E-04
  7.2000E+01  7.4996E-04
  7.3000E+01  7.7094E-04
  7.4000E+01  7.9221E-04
  7.5000E+01  8.8970E-04
  7.6000E+01  1.1161E-03
  7.7000E+01  1.3384E-03
  7.8000E+01  1.5567E-03
  7.9000E+01  1.7710E-03
  8.0000E+01  1.9811E-03
  8.1000E+01  2.1872E-03
  8.2000E+01  2.3893E-03
  8.3000E+01  2.5872E-03
  8.4000E+01  2.7812E-03
  8.5000E+01  2.9710E-03
  8.6000E+01  3.1568E-03
  8.7000E+01  3.3386E-03
  8.8000E+01  3.5162E-03
  8.9000E+01  3.6899E-03
  9.0000E+01  3.8594E-03
  9.1000E+01  4.0249E-03
  9.2000E+01  4.1864E-03
  9.3000E+01  4.3437E-03
  9.4000E+01  4.4971E-03
  9.5000E+01  4.6463E-03
  9.6000E+01  4.7915E-03
  9.7000E+01  4.9327E-03
  9.8000E+01  5.0697E-03
  9.9000E+01  5.2359E-03
  1.0000E+02  5.4478E-03
  1.0100E+02  5.8088E-03
  1.0200E+02  6.2912E-03
  1.0300E+02  6.7845E-03
  1.0400E+02  7.2809E-03
  1.0500E+02  7.7803E-03
  1.0600E+02  8.2827E-03
  1.0700E+02  8.7881E-03
  1.0800E+02  9.2966E-03
  1.0900E+02  9.8082E-03
  1.1000E+02  1.0480E-02
  1.1100E+02  1.1198E-02
  1.1200E+02  1.1903E-02
  1.1300E+02  1.2595E-02
  1.1400E+02  1.3275E-02
  1.1500E+02  1.3942E-02
  1.1600E+02  1.4597E-02
  1.1700E+02  1.5239E-02
  1.1800E+02  1.5868E-02
  1.1900E+02  1.6485E-02
  1.2000E+02  1.7089E-02
  1.2100E+02  1.7604E-02
  1.2200E+02  1.8010E-02
  1.2300E+02  1.8464E-02
  1.2400E+02  1.8967E-02
  1.2500E+02  1.9518E-02
  1.2600E+02  2.0118E-02
  1.2700E+02  3.2388E-02
  1.2800E+02  2.1539E-02
  1.2900E+02  2.1661E-02
  1.3000E+02  2.1756E-02
  1.3100E+02  2.1826E-02
  1.3200E+02  2.1871E-02
  1.3300E+02  2.1890E-02
  1.3400E+02  2.2134E-02
  1.3500E+02  2.2958E-02
  1.3600E+02  2.4359E-02
  1.3700E+02  2.6336E-02
  1.3800E+02  2.6086E-02
  1.3900E+02  2.5331E-02
  1.4000E+02  2.4923E-02
  1.4100E+02  2.4830E-02
  1.4200E+02  2.4804E-02
  1.4300E+02  2.4797E-02
  1.4400E+02  2.4808E-02
  1.4500E+02  2.4838E-02
  1.4600E+02  2.5296E-02
  1.4700E+02  2.6194E-02
  1.4800E+02  2.6522E-02
  1.4900E+02  2.6282E-02
  1.5000E+02  2.5472E-02
  1.5100E+02  2.4187E-02
  1.5200E+02  2.3934E-02
  1.5300E+02  2.3679E-02
  1.5400E+02  2.3420E-02
  1.5500E+02  2.3158E-02
  1.5600E+02  2.2893E-02
  1.5700E+02  2.2626E-02
  1.5800E+02  2.2355E-02
  1.5900E+02  2.2082E-02
  1.6000E+02  2.1805E-02
  1.6100E+02  2.1460E-02
  1.6200E+02  2.1064E-02
  1.6300E+02  2.0946E-02
  1.6400E+02  2.1138E-02
  1.6500E+02  2.1174E-02
  1.6600E+02  2.1054E-02
  1.6700E+02  2.0779E-02
  1.6800E+02  2.0348E-02
  1.6900E+02  1.9728E-02
  1.7000E+02  1.8783E-02
  1.7100E+02  2.6344E-02
  1.7200E+02  2.8886E-02
  1.7300E+02  2.2171E-02
  1.7400E+02  2.1930E-02
  1.7500E+02  2.1717E-02
  1.7600E+02  2.1533E-02
  1.7700E+02  2.1377E-02
  1.7800E+02  2.1250E-02
  1.7900E+02  2.1152E-02
  1.8000E+02  2.1081E-02
  1.8100E+02  2.2439E-02
  1.8200E+02  2.4550E-02
  1.8300E+02  2.5550E-02
  1.8400E+02  1.9330E-02
  1.8500E+02  1.8702E-02
  1.8600E+02  1.8074E-02
  1.8700E+02  1.7446E-02
  1.8800E+02  1.6818E-02
  1.8900E+02  1.6190E-02
  1.9000E+02  1.5561E-02
  1.9100E+02  1.4933E-02
  1.9200E+02  1.4304E-02
  1.9300E+02  1.3675E-02
  1.9400E+02  1.3047E-02
  1.9500E+02  1.2418E-02
  1.9600E+02  1.1789E-02
  1.9700E+02  1.1160E-02
  1.9800E+02  1.0531E-02
  1.9900E+02  9.9019E-03
  2.0000E+02  9.2727E-03
  2.0100E+02  8.6435E-03
  2.0200E+02  8.0141E-03
  2.0300E+02  7.3847E-03
  2.0400E+02  6.4484E-03
  2.0500E+02  5.5365E-03
  2.0600E+02  4.7170E-03
  2.0700E+02  3.9900E-03
  2.0800E+02  3.3555E-03
  2.0900E+02  2.8134E-03
  2.1000E+02  2.3638E-03
  2.1100E+02  2.0067E-03
  2.1200E+02  1.7420E-03
  2.1300E+02  1.5697E-03
  2.1400E+02  1.4900E-03
  2.1500E+02  1.4946E-03
  2.1600E+02  1.5150E-03
  2.1700E+02  1.5355E-03
  2.1800E+02  1.5561E-03
  2.1900E+02  1.5768E-03
  2.2000E+02  1.5989E-03
  2.2100E+02  1.6297E-03
  2.2200E+02  1.6604E-03
  2.2300E+02  1.6910E-03
  2.2400E+02  1.7215E-03
  2.2500E+02  1.7519E-03
  2.2600E+02  1.7822E-03
  2.2700E+02  1.8124E-03
  2.2800E+02  1.8425E-03
  2.2900E+02  1.8724E-03
  2.3000E+02  1.9023E-03
  2.3100E+02  1.9321E-03
  2.3200E+02  1.9617E-03
  2.3300E+02  1.9913E-03
  2.3400E+02  2.0208E-03
  2.3500E+02  2.0501E-03
  2.3600E+02  2.0794E-03
  2.3700E+02  2.1085E-03
  2.3800E+02  2.1375E-03
  2.3900E+02  2.1665E-03
  2.4000E+02  2.1953E-03
  2.4100E+02  2.2240E-03
  2.4200E+02  2.2526E-03
  2.4300E+02  2.2812E-03
  2.4400E+02  2.3096E-03
  2.4500E+02  2.3379E-03
  2.4600E+02  2.3661E-03
  2.4700E+02  2.3942E-03
  2.4800E+02  2.4222E-03
  2.4900E+02  2.4501E-03
  2.5000E+02  2.4779E-03
  2.5100E+02  2.5056E-03
  2.5200E+02  2.5331E-03
  2.5300E+02  2.5606E-03
  2.5400E+02  2.5880E-03
  2.5500E+02  2.6152E-03
  2.5600E+02  2.6527E-03
  2.5700E+02  2.6950E-03
  2.5800E+02  2.7388E-03
  2.5900E+02  2.7841E-03
  2.6000E+02  2.8309E-03
  2.6100E+02  2.8793E-03
  2.6200E+02  2.9291E-03
  2.6300E+02  2.9804E-03
  2.6400E+02  3.0332E-03
  2.6500E+02  3.0875E-03
  2.6600E+02  3.1434E-03
  2.6700E+02  3.2007E-03
  2.6800E+02  3.2595E-03
  2.6900E+02  3.3198E-03
  2.7000E+02  3.3816E-03
  2.7100E+02  3.4450E-03
  2.7200E+02  3.5098E-03
  2.7300E+02  3.5761E-03
  2.7400E+02  3.6439E-03
  2.7500E+02  3.7132E-03
  2.7600E+02  3.7841E-03
  2.7700E+02  3.8564E-03
  2.7800E+02  3.9302E-03
  2.7900E+02  4.0055E-03
  2.8000E+02  4.0824E-03
  2.8100E+02  4.1607E-03
  2.8200E+02  4.2405E-03
  2.8300E+02  4.3218E-03
  2.8400E+02  4.4046E-03
  2.8500E+02  4.4890E-03
  2.8600E+02  4.5748E-03
  2.8700E+02  4.6621E-03
  2.8800E+02  4.7509E-03
  2.8900E+02  4.8413E-03
  2.9000E+02  4.9331E-03
  2.9100E+02  5.0264E-03
  2.9200E+02  5.1212E-03
  2.9300E+02  5.2176E-03
  2.9400E+02  5.3154E-03
  2.9500E+02  5.4147E-03
  2.9600E+02  5.5155E-03
  2.9700E+02  5.6178E-03
  2.9800E+02  5.7847E-03
  2.9900E+02  6.0707E-03
  3.0000E+02  6.3632E-03
  3.0100E+02  6.6623E-03
  3.0200E+02  6.9679E-03
  3.0300E+02  7.2800E-03
  3.0400E+02  7.5987E-03
  3.0500E+02  7.9238E-03
  3.0600E+02  8.2555E-03
  3.0700E+02  8.5937E-03
  3.0800E+02  8.9384E-03
  3.0900E+02  9.2897E-03
  3.1000E+02  9.6474E-03
  3.1100E+02  9.9238E-03
  3.1200E+02  1.0186E-02
  3.1300E+02  1.0439E-02
  3.1400E+02  1.0682E-02
  3.1500E+02  1.0915E-02
  3.1600E+02  1.1139E-02
  3.1700E+02  1.1353E-02
  3.1800E+02  1.1558E-02
  3.1900E+02  1.1753E-02
  3.2000E+02  1.1938E-02
  3.2100E+02  1.2114E-02
  3.2200E+02  1.2280E-02
  3.2300E+02  1.2436E-02
  3.2400E+02  1.2583E-02
  3.2500E+02  1.2721E-02
  3.2600E+02  1.2848E-02
  3.2700E+02  1.2966E-02
  3.2800E+02  1.3075E-02
  3.2900E+02  1.3173E-02
  3.3000E+02  1.3263E-02
  3.3100E+02  1.3342E-02
  3.3200E+02  1.4403E-02
  3.3300E+02  1.5218E-02
  3.3400E+02  1.5051E-02
  3.3500E+02  1.4461E-02
  3.3600E+02  1.4119E-02
  3.3700E+02  1.3760E-02
  3.3800E+02  1.3384E-02
  3.3900E+02  1.2991E-02
  3.4000E+02  1.2581E-02
  3.4100E+02  1.2154E-02
  3.4200E+02  1.1710E-02
  3.4300E+02  1.1249E-02
  3.4400E+02  1.0770E-02
  3.4500E+02  1.0275E-02
  3.4600E+02  9.7861E-03
  3.4700E+02  9.3503E-03
  3.4800E+02  8.9688E-03
  3.4900E+02  8.6416E-03
  3.5000E+02  8.3688E-03
  3.5100E+02  7.9439E-03
  3.5200E+02  7.5125E-03
  3.5300E+02  7.0921E-03
  3.5400E+02  6.6827E-03
  3.5500E+02  6.2843E-03
  3.5600E+02  5.8969E-03
  3.5700E+02  5.5205E-03
  3.5800E+02  5.1550E-03
  3.5900E+02  4.8006E-03
  3.6000E+02  4.4571E-03
  3.6100E+02  4.1246E-03
  3.6200E+02  3.8031E-03
  3.6300E+02  3.4926E-03
  3.6400E+02  3.1931E-03
  3.6500E+02  2.9046E-03
  3.6600E+02  2.6270E-03
  3.6700E+02  2.3605E-03
  3.6800E+02  2.1049E-03
  3.6900E+02  1.8604E-03
  3.7000E+02  1.6268E-03
  3.7100E+02  1.4042E-03
  3.7200E+02  1.1926E-03
  3.7300E+02  9.9196E-04
  3.7400E+02  8.0234E-04
  3.7500E+02  8.3172E-04
  3.7600E+02  9.4032E-04
  3.7700E+02  1.0897E-03
  3.7800E+02  1.2786E-03
  3.7900E+02  1.5072E-03
  3.8000E+02  1.7754E-03
  3.8100E+02  2.0832E-03
  3.8200E+02  2.4306E-03
  3.8300E+02  2.8176E-03
  3.8400E+02  3.2443E-03
  3.8500E+02  3.7105E-03
  3.8600E+02  4.2164E-03
  3.8700E+02  4.7619E-03
  3.8800E+02  5.3470E-03
  3.8900E+02  5.9672E-03
  3.9000E+02  6.4949E-03
  3.9100E+02  6.8717E-03
  3.9200E+02  7.0975E-03
  3.9300E+02  7.3910E-03
  3.9400E+02  7.7070E-03
  3.9500E+02  8.0144E-03
  3.9600E+02  8.3132E-03
  3.9700E+02  8.6033E-03
  3.9800E+02  8.8847E-03
  3.9900E+02  9.1575E-03
  4.0000E+02  9.4217E-03
  4.0100E+02  9.6772E-03
  4.0200E+02  9.9241E-03
  4.0300E+02  1.0162E-02
  4.0400E+02  1.0392E-02
  4.0500E+02  1.0613E-02
  4.0600E+02  1.0825E-02
  4.0700E+02  1.1029E-02
  4.0800E+02  1.1224E-02
  4.0900E+02  1.1410E-02
  4.1000E+02  1.1588E-02
  4.1100E+02  1.1757E-02
  4.1200E+02  1.1917E-02
  4.1300E+02  1.2069E-02
  4.1400E+02  1.2212E-02
  4.1500E+02  1.2346E-02
  4.1600E+02  1.2472E-02
  4.1700E+02  1.2591E-02
  4.1800E+02  1.2726E-02
  4.1900E+02  1.2889E-02
  4.2000E+02  1.3080E-02
  4.2100E+02  1.3299E-02
  4.2200E+02  1.3545E-02
  4.2300E+02  1.3818E-02
  4.2400E+02  1.7945E-02
  4.2500E+02  2.0569E-02
  4.2600E+02  2.1755E-02
  4.2700E+02  2.1765E-02
  4.2800E+02  2.1134E-02
  4.2900E+02  2.0015E-02
  4.3000E+02  1.8408E-02
  4.3100E+02  1.4597E-02
  4.3200E+02  1.0496E-02
  4.3300E+02  1.0084E-02
  4.3400E+02  9.9369E-03
  4.3500E+02  9.7910E-03
  4.3600E+02  9.6465E-03
  4.3700E+02  9.5033E-03
  4.3800E+02  9.3614E-03
  4.3900E+02  9.2210E-03
  4.4000E+02  9.0818E-03
  4.4100E+02  8.9440E-03
  4.4200E+02  8.8076E-03
  4.4300E+02  8.6725E-03
  4.4400E+02  8.5387E-03
  4.4500E+02  8.4063E-03
  4.4600E+02  8.2752E-03
  4.4700E+02  8.1455E-03
  4.4800E+02  8.0172E-03
  4.4900E+02  7.8901E-03
  4.5000E+02  7.7645E-03
  4.5100E+02  7.6402E-03
  4.5200E+02  7.5172E-03
  4.5300E+02  7.3956E-03
  4.5400E+02  7.2753E-03
  4.5500E+02  7.1563E-03
  4.5600E+02  7.0388E-03
  4.5700E+02  6.9225E-03
  4.5800E+02  6.8076E-03
  4.5900E+02  6.6941E-03
  4.6000E+02  6.5819E-03
  4.6100E+02  6.4711E-03
  4.6200E+02  6.3616E-03
  4.6300E+02  6.2534E-03
  4.6400E+02  6.1466E-03
  4.6500E+02  6.0412E-03
  4.6600E+02  5.9371E-03
  4.6700E+02  5.8343E-03
  4.6800E+02  5.7329E-03
  4.6900E+02  5.6328E-03
  4.7000E+02  5.5341E-03
  4.7100E+02  5.4368E-03
  4.7200E+02  6.9778E-03
  4.7300E+02  1.1302E-02
  4.7400E+02  1.2893E-02
  4.7500E+02  1.7477E-02
  4.7600E+02  3.6075E-02
  4.7700E+02  5.5957E-02
  4.7800E+02  7.0906E-02
  4.7900E+02  7.3874E-02
  4.8000E+02  7.1619E-02
  4.8100E+02  7.2918E-02
  4.8200E+02  7.5740E-02
  4.8300E+02  7.8825E-02
  4.8400E+02  8.1951E-02
  4.8500E+02  8.4132E-02
  4.8600E+02  8.7699E-02
  4.8700E+02  9.2003E-02
  4.8800E+02  1.0229E-01
  4.8900E+02  8.1655E-02
  4.9000E+02  7.8519E-02
  4.9100E+02  7.5615E-02
  4.9200E+02  7.2942E-02
  4.9300E+02  7.0501E-02
  4.9400E+02  6.8292E-02
  4.9500E+02  6.6314E-02
  4.9600E+02  6.4565E-02
  4.9700E+02  6.3651E-02
  4.9800E+02  7.4737E-02
  4.9900E+02  7.4729E-02
  5.0000E+02  6.1983E-02
  5.0100E+02  4.4472E-02
  5.0200E+02  3.2940E-02
  5.0300E+02  2.6456E-02
  5.0400E+02  2.2310E-02
  5.0500E+02  2.0076E-02
  5.0600E+02  1.8034E-02
  5.0700E+02  1.6075E-02
  5.0800E+02  1.4198E-02
  5.0900E+02  1.2403E-02
  5.1000E+02  1.0690E-02
  5.1100E+02  9.1516E-03
  5.1200E+02  9.3496E-03
  5.1300E+02  9.0462E-03
  5.1400E+02  3.8363E-03
  5.1500E+02  2.6343E-03
  5.1600E+02  2.0159E-03
  5.1700E+02  1.4801E-03
  5.1800E+02  1.0269E-03
  5.1900E+02  6.5628E-04
  5.2000E+02  3.6829E-04
  5.2100E+02  1.6292E-04
  5.2200E+02  4.0158E-05
  5.2300E+02  0.0000E+00
