  0.0000E+00  0.0000E+00
  1.0000E+00  9.8451E-08
  2.0000E+00  3.9381E-07
  3.0000E+00  8.8608E-07
  4.0000E+00  1.5753E-06
  5.0000E+00  2.4613E-06
  6.0000E+00  3.5443E-06
  7.0000E+00  4.8242E-06
  8.0000E+00  6.3010E-06
  9.0000E+00  7.9747E-06
  1.0000E+01  9.8454E-06
  1.1000E+01  1.1913E-05
  1.2000E+01  1.4177E-05
  1.3000E+01  1.6639E-05
  1.4000E+01  1.9297E-05
  1.5000E+01  2.2152E-05
  1.6000E+01  2.5204E-05
  1.7000E+01  2.8453E-05
  1.8000E+01  3.1899E-05
  1.9000E+01  3.5542E-05
  2.0000E+01  3.9382E-05
  2.1000E+01  4.3418E-05
  2.2000E+01  4.7652E-05
  2.3000E+01  5.2082E-05
  2.4000E+01  5.6709E-05
  2.5000E+01  6.1534E-05
  2.6000E+01  6.6555E-05
  2.7000E+01  7.1773E-05
  2.8000E+01  7.7188E-05
  2.9000E+01  8.2800E-05
  3.0000E+01  8.8608E-05
  3.1000E+01  9.4614E-05
  3.2000E+01  1.0082E-04
  3.3000E+01  1.0722E-04
  3.4000E+01  1.1381E-04
  3.5000E+01  1.2061E-04
  3.6000E+01  1.2760E-04
  3.7000E+01  1.3478E-04
  3.8000E+01  1.4217E-04
  3.9000E+01  1.4975E-04
  4.0000E+01  1.5753E-04
  4.1000E+01  1.6550E-04
  4.2000E+01  1.7367E-04
  4.3000E+01  1.8204E-04
  4.4000E+01  1.9061E-04
  4.5000E+01  1.9937E-04
  4.6000E+01  2.0833E-04
  4.7000E+01  2.1748E-04
  4.8000E+01  2.2684E-04
  4.9000E+01  2.3639E-04
  5.0000E+01  2.4613E-04
  5.1000E+01  2.5608E-04
  5.2000E+01  2.6622E-04
  5.3000E+01  2.7656E-04
  5.4000E+01  2.8709E-04
  5.5000E+01  2.9782E-04
  5.6000E+01  3.0875E-04
  5.7000E+01  3.1988E-04
  5.8000E+01  4.0403E-04
  5.9000E+01  5.2451E-04
  6.0000E+01  6.3840E-04
  6.1000E+01  7.4571E-04
  6.2000E+01  8.4644E-04
  6.3000E+01  9.4058E-04
  6.4000E+01  1.0281E-03
  6.5000E+01  1.1091E-03
  6.6000E+01  1.1835E-03
  6.7000E+01  1.2513E-03
  6.8000E+01  1.3125E-03
  6.9000E+01  1.3672E-03
  7.0000E+01  1.4152E-03
  7.1000E+01  1.4567E-03
  7.2000E+01  1.4916E-03
  7.3000E+01  1.5198E-03
  7.4000E+01  1.5665E-03
  7.5000E+01  1.6306E-03
  7.6000E+01  1.6957E-03
  7.7000E+01  1.7619E-03
  7.8000E+01  1.8291E-03
  7.9000E+01  1.8973E-03
  8.0000E+01  1.9665E-03
  8.1000E+01  2.0368E-03
  8.2000E+01  2.1081E-03
  8.3000E+01  2.1851E-03
  8.4000E+01  2.2808E-03
  8.5000E+01  2.3897E-03
  8.6000E+01  2.5117E-03
  8.7000E+01  2.6466E-03
  8.8000E+01  2.7904E-03
  8.9000E+01  2.9419E-03
  9.0000E+01  3.1013E-03
  9.1000E+01  3.2685E-03
  9.2000E+01  3.4435E-03
  9.3000E+01  3.6263E-03
  9.4000E+01  3.8169E-03
  9.5000E+01  4.0153E-03
  9.6000E+01  4.2215E-03
  9.7000E+01  4.4355E-03
  9.8000E+01  4.6573E-03
  9.9000E+01  4.8869E-03
  1.0000E+02  5.1498E-03
  1.0100E+02  5.4792E-03
  1.0200E+02  5.9133E-03
  1.0300E+02  6.4336E-03
  1.0400E+02  6.9606E-03
  1.0500E+02  7.5193E-03
  1.0600E+02  8.3280E-03
  1.0700E+02  9.0669E-03
  1.0800E+02  9.8569E-03
  1.0900E+02  1.0728E-02
  1.1000E+02  1.1386E-02
  1.1100E+02  1.1861E-02
  1.1200E+02  1.2479E-02
  1.1300E+02  1.3236E-02
  1.1400E+02  1.3802E-02
  1.1500E+02  1.4178E-02
  1.1600E+02  1.4364E-02
  1.1700E+02  1.6339E-02
  1.1800E+02  1.8704E-02
  1.1900E+02  1.5256E-02
  1.2000E+02  1.5608E-02
  1.2100E+02  1.5956E-02
  1.2200E+02  1.6299E-02
  1.2300E+02  1.6637E-02
  1.2400E+02  1.6970E-02
  1.2500E+02  1.7322E-02
  1.2600E+02  1.8227E-02
  1.2700E+02  1.8927E-02
  1.2800E+02  1.9403E-02
  1.2900E+02  1.9798E-02
  1.3000E+02  2.0209E-02
  1.3100E+02  2.0640E-02
  1.3200E+02  2.1182E-02
  1.3300E+02  2.2149E-02
  1.3400E+02  2.3688E-02
  1.3500E+02  2.6338E-02
  1.3600E+02  3.0603E-02
  1.3700E+02  3.0822E-02
  1.3800E+02  3.1376E-02
  1.3900E+02  3.2022E-02
  1.4000E+02  3.1936E-02
  1.4100E+02  3.1275E-02
  1.4200E+02  3.0995E-02
  1.4300E+02  3.0842E-02
  1.4400E+02  3.1644E-02
  1.4500E+02  2.8247E-02
  1.4600E+02  2.7910E-02
  1.4700E+02  2.7539E-02
  1.4800E+02  2.7135E-02
  1.4900E+02  2.6697E-02
  1.5000E+02  2.6285E-02
  1.5100E+02  2.5961E-02
  1.5200E+02  2.5631E-02
  1.5300E+02  2.5295E-02
  1.5400E+02  2.4962E-02
  1.5500E+02  2.4633E-02
  1.5600E+02  2.4305E-02
  1.5700E+02  2.3981E-02
  1.5800E+02  2.3944E-02
  1.5900E+02  2.4680E-02
  1.6000E+02  2.5408E-02
  1.6100E+02  2.5773E-02
  1.6200E+02  2.3139E-02
  1.6300E+02  2.2309E-02
  1.6400E+02  2.0840E-02
  1.6500E+02  1.6905E-02
  1.6600E+02  1.6708E-02
  1.6700E+02  1.6531E-02
  1.6800E+02  1.6375E-02
  1.6900E+02  1.6236E-02
  1.7000E+02  1.6093E-02
  1.7100E+02  1.5939E-02
  1.7200E+02  1.5777E-02
  1.7300E+02  1.5604E-02
  1.7400E+02  1.5422E-02
  1.7500E+02  1.5231E-02
  1.7600E+02  1.5030E-02
  1.7700E+02  1.4820E-02
  1.7800E+02  1.4600E-02
  1.7900E+02  1.4623E-02
  1.8000E+02  1.4562E-02
  1.8100E+02  1.4492E-02
  1.8200E+02  1.4411E-02
  1.8300E+02  1.4324E-02
  1.8400E+02  1.4234E-02
  1.8500E+02  1.4142E-02
  1.8600E+02  1.4046E-02
  1.8700E+02  1.3795E-02
  1.8800E+02  1.3882E-02
  1.8900E+02  1.3963E-02
  1.9000E+02  1.4038E-02
  1.9100E+02  1.4108E-02
  1.9200E+02  1.4172E-02
  1.9300E+02  1.4241E-02
  1.9400E+02  1.4712E-02
  1.9500E+02  1.6259E-02
  1.9600E+02  1.7130E-02
  1.9700E+02  1.8084E-02
  1.9800E+02  1.9271E-02
  1.9900E+02  2.0904E-02
  2.0000E+02  2.4184E-02
  2.0100E+02  1.9278E-02
  2.0200E+02  1.6867E-02
  2.0300E+02  1.4494E-02
  2.0400E+02  1.2161E-02
  2.0500E+02  9.8673E-03
  2.0600E+02  7.6127E-03
  2.0700E+02  5.3974E-03
  2.0800E+02  3.8139E-03
  2.0900E+02  3.1303E-03
  2.1000E+02  2.5637E-03
  2.1100E+02  2.1139E-03
  2.1200E+02  1.7810E-03
  2.1300E+02  1.5653E-03
  2.1400E+02  1.4668E-03
  2.1500E+02  1.4739E-03
  2.1600E+02  1.4996E-03
  2.1700E+02  1.5261E-03
  2.1800E+02  1.5531E-03
  2.1900E+02  1.5808E-03
  2.2000E+02  1.6091E-03
  2.2100E+02  1.6381E-03
  2.2200E+02  1.6676E-03
  2.2300E+02  1.6978E-03
  2.2400E+02  1.7284E-03
  2.2500E+02  1.7596E-03
  2.2600E+02  1.7913E-03
  2.2700E+02  1.8235E-03
  2.2800E+02  1.8563E-03
  2.2900E+02  1.8896E-03
  2.3000E+02  1.9189E-03
  2.3100E+02  1.9446E-03
  2.3200E+02  1.9671E-03
  2.3300E+02  1.9864E-03
  2.3400E+02  2.0025E-03
  2.3500E+02  2.0155E-03
  2.3600E+02  2.0253E-03
  2.3700E+02  2.0541E-03
  2.3800E+02  2.0877E-03
  2.3900E+02  2.1218E-03
  2.4000E+02  2.1561E-03
  2.4100E+02  2.1908E-03
  2.4200E+02  2.2257E-03
  2.4300E+02  2.2611E-03
  2.4400E+02  2.2967E-03
  2.4500E+02  2.3327E-03
  2.4600E+02  2.3689E-03
  2.4700E+02  2.4056E-03
  2.4800E+02  2.4425E-03
  2.4900E+02  2.4798E-03
  2.5000E+02  2.5174E-03
  2.5100E+02  2.5553E-03
  2.5200E+02  2.5935E-03
  2.5300E+02  2.6321E-03
  2.5400E+02  2.6710E-03
  2.5500E+02  2.7102E-03
  2.5600E+02  2.7497E-03
  2.5700E+02  2.7896E-03
  2.5800E+02  2.8298E-03
  2.5900E+02  2.8703E-03
  2.6000E+02  2.9111E-03
  2.6100E+02  2.9523E-03
  2.6200E+02  2.9938E-03
  2.6300E+02  3.0356E-03
  2.6400E+02  3.0873E-03
  2.6500E+02  3.1567E-03
  2.6600E+02  3.2436E-03
  2.6700E+02  3.3452E-03
  2.6800E+02  3.4205E-03
  2.6900E+02  3.4902E-03
  2.7000E+02  3.5586E-03
  2.7100E+02  3.6258E-03
  2.7200E+02  3.6916E-03
  2.7300E+02  3.7562E-03
  2.7400E+02  3.8195E-03
  2.7500E+02  3.8816E-03
  2.7600E+02  3.9423E-03
  2.7700E+02  4.0018E-03
  2.7800E+02  4.0600E-03
  2.7900E+02  4.1169E-03
  2.8000E+02  4.1725E-03
  2.8100E+02  4.2277E-03
  2.8200E+02  4.2910E-03
  2.8300E+02  4.3569E-03
  2.8400E+02  4.4254E-03
  2.8500E+02  4.4966E-03
  2.8600E+02  4.5704E-03
  2.8700E+02  4.6468E-03
  2.8800E+02  4.7259E-03
  2.8900E+02  4.8076E-03
  2.9000E+02  4.8919E-03
  2.9100E+02  4.9788E-03
  2.9200E+02  5.0684E-03
  2.9300E+02  5.1606E-03
  2.9400E+02  5.2555E-03
  2.9500E+02  5.3529E-03
  2.9600E+02  5.4530E-03
  2.9700E+02  5.5558E-03
  2.9800E+02  5.6616E-03
  2.9900E+02  5.7705E-03
  3.0000E+02  5.8827E-03
  3.0100E+02  5.9987E-03
  3.0200E+02  6.1189E-03
  3.0300E+02  6.2429E-03
  3.0400E+02  6.3710E-03
  3.0500E+02  6.5030E-03
  3.0600E+02  6.6397E-03
  3.0700E+02  6.7983E-03
  3.0800E+02  7.0102E-03
  3.0900E+02  7.2621E-03
  3.1000E+02  7.5142E-03
  3.1100E+02  7.7657E-03
  3.1200E+02  8.0167E-03
  3.1300E+02  8.2671E-03
  3.1400E+02  8.5170E-03
  3.1500E+02  8.7661E-03
  3.1600E+02  9.0495E-03
  3.1700E+02  9.3838E-03
  3.1800E+02  9.7433E-03
  3.1900E+02  1.0128E-02
  3.2000E+02  1.0538E-02
  3.2100E+02  1.0973E-02
  3.2200E+02  1.1433E-02
  3.2300E+02  1.1918E-02
  3.2400E+02  1.2429E-02
  3.2500E+02  1.2964E-02
  3.2600E+02  1.4292E-02
  3.2700E+02  1.5817E-02
  3.2800E+02  1.4891E-02
  3.2900E+02  1.4775E-02
  3.3000E+02  1.4709E-02
  3.3100E+02  1.4692E-02
  3.3200E+02  1.4726E-02
  3.3300E+02  1.4809E-02
  3.3400E+02  1.4943E-02
  3.3500E+02  1.5126E-02
  3.3600E+02  1.5366E-02
  3.3700E+02  1.4348E-02
  3.3800E+02  1.3901E-02
  3.3900E+02  1.3460E-02
  3.4000E+02  1.3028E-02
  3.4100E+02  1.2602E-02
  3.4200E+02  1.2184E-02
  3.4300E+02  1.1776E-02
  3.4400E+02  1.1386E-02
  3.4500E+02  9.7182E-03
  3.4600E+02  9.2850E-03
  3.4700E+02  8.8699E-03
  3.4800E+02  8.4729E-03
  3.4900E+02  8.0940E-03
  3.5000E+02  7.7332E-03
  3.5100E+02  7.3906E-03
  3.5200E+02  7.0660E-03
  3.5300E+02  6.7596E-03
  3.5400E+02  6.4556E-03
  3.5500E+02  6.1025E-03
  3.5600E+02  5.7668E-03
  3.5700E+02  5.4233E-03
  3.5800E+02  5.0985E-03
  3.5900E+02  4.7925E-03
  3.6000E+02  4.5052E-03
  3.6100E+02  4.2367E-03
  3.6200E+02  3.9869E-03
  3.6300E+02  3.7763E-03
  3.6400E+02  3.5889E-03
  3.6500E+02  3.3595E-03
  3.6600E+02  3.0294E-03
  3.6700E+02  2.6671E-03
  3.6800E+02  2.2725E-03
  3.6900E+02  1.8457E-03
  3.7000E+02  1.7820E-03
  3.7100E+02  1.7306E-03
  3.7200E+02  1.6788E-03
  3.7300E+02  1.6264E-03
  3.7400E+02  1.5735E-03
  3.7500E+02  1.5201E-03
  3.7600E+02  1.4662E-03
  3.7700E+02  1.4118E-03
  3.7800E+02  1.8430E-03
  3.7900E+02  2.8058E-03
  3.8000E+02  3.5658E-03
  3.8100E+02  4.4592E-03
  3.8200E+02  4.8625E-03
  3.8300E+02  5.2337E-03
  3.8400E+02  5.5728E-03
  3.8500E+02  5.8798E-03
  3.8600E+02  6.1548E-03
  3.8700E+02  6.3977E-03
  3.8800E+02  6.6031E-03
  3.8900E+02  6.8245E-03
  3.9000E+02  7.1711E-03
  3.9100E+02  7.5544E-03
  3.9200E+02  7.9047E-03
  3.9300E+02  8.2347E-03
  3.9400E+02  8.5445E-03
  3.9500E+02  8.8340E-03
  3.9600E+02  9.1032E-03
  3.9700E+02  9.3522E-03
  3.9800E+02  9.5810E-03
  3.9900E+02  9.7895E-03
  4.0000E+02  9.9777E-03
  4.0100E+02  1.0146E-02
  4.0200E+02  1.0317E-02
  4.0300E+02  1.0490E-02
  4.0400E+02  1.0642E-02
  4.0500E+02  1.1038E-02
  4.0600E+02  1.1472E-02
  4.0700E+02  1.1714E-02
  4.0800E+02  1.2003E-02
  4.0900E+02  1.2379E-02
  4.1000E+02  1.2803E-02
  4.1100E+02  1.3269E-02
  4.1200E+02  1.3778E-02
  4.1300E+02  1.4330E-02
  4.1400E+02  1.4925E-02
  4.1500E+02  1.6110E-02
  4.1600E+02  1.6142E-02
  4.1700E+02  1.2952E-02
  4.1800E+02  1.2608E-02
  4.1900E+02  1.2477E-02
  4.2000E+02  1.2559E-02
  4.2100E+02  1.2279E-02
  4.2200E+02  1.2181E-02
  4.2300E+02  1.2078E-02
  4.2400E+02  1.1970E-02
  4.2500E+02  1.1856E-02
  4.2600E+02  1.1738E-02
  4.2700E+02  1.1614E-02
  4.2800E+02  1.1485E-02
  4.2900E+02  1.1352E-02
  4.3000E+02  1.1213E-02
  4.3100E+02  1.1068E-02
  4.3200E+02  1.0919E-02
  4.3300E+02  1.0765E-02
  4.3400E+02  1.0605E-02
  4.3500E+02  1.0441E-02
  4.3600E+02  1.0362E-02
  4.3700E+02  1.0197E-02
  4.3800E+02  9.9192E-03
  4.3900E+02  9.5291E-03
  4.4000E+02  9.3088E-03
  4.4100E+02  9.1500E-03
  4.4200E+02  9.0289E-03
  4.4300E+02  8.9290E-03
  4.4400E+02  8.8948E-03
  4.4500E+02  8.9322E-03
  4.4600E+02  9.0474E-03
  4.4700E+02  8.7072E-03
  4.4800E+02  8.8048E-03
  4.4900E+02  8.6450E-03
  4.5000E+02  8.2191E-03
  4.5100E+02  7.6012E-03
  4.5200E+02  7.4962E-03
  4.5300E+02  7.3919E-03
  4.5400E+02  7.2882E-03
  4.5500E+02  7.1851E-03
  4.5600E+02  7.0827E-03
  4.5700E+02  6.9809E-03
  4.5800E+02  6.8798E-03
  4.5900E+02  6.7793E-03
  4.6000E+02  6.6794E-03
  4.6100E+02  6.5801E-03
  4.6200E+02  6.4815E-03
  4.6300E+02  6.3835E-03
  4.6400E+02  6.2862E-03
  4.6500E+02  6.1894E-03
  4.6600E+02  6.0933E-03
  4.6700E+02  5.9979E-03
  4.6800E+02  5.9031E-03
  4.6900E+02  5.8089E-03
  4.7000E+02  5.7153E-03
  4.7100E+02  5.6224E-03
  4.7200E+02  5.5880E-03
  4.7300E+02  5.9286E-03
  4.7400E+02  1.5595E-02
  4.7500E+02  2.9893E-02
  4.7600E+02  5.8388E-02
  4.7700E+02  6.7874E-02
  4.7800E+02  8.5943E-02
  4.7900E+02  8.1473E-02
  4.8000E+02  7.1947E-02
  4.8100E+02  6.8805E-02
  4.8200E+02  6.5309E-02
  4.8300E+02  6.8140E-02
  4.8400E+02  7.1366E-02
  4.8500E+02  7.3325E-02
  4.8600E+02  7.3418E-02
  4.8700E+02  7.1817E-02
  4.8800E+02  7.1009E-02
  4.8900E+02  7.1453E-02
  4.9000E+02  7.1624E-02
  4.9100E+02  7.3873E-02
  4.9200E+02  7.5604E-02
  4.9300E+02  8.7419E-02
  4.9400E+02  8.8841E-02
  4.9500E+02  8.0920E-02
  4.9600E+02  7.6986E-02
  4.9700E+02  7.3095E-02
  4.9800E+02  6.9582E-02
  4.9900E+02  7.9099E-02
  5.0000E+02  6.1282E-02
  5.0100E+02  4.2802E-02
  5.0200E+02  3.2414E-02
  5.0300E+02  2.5304E-02
  5.0400E+02  2.1550E-02
  5.0500E+02  1.9226E-02
  5.0600E+02  1.7248E-02
  5.0700E+02  1.5631E-02
  5.0800E+02  1.4370E-02
  5.0900E+02  1.3390E-02
  5.1000E+02  1.3147E-02
  5.1100E+02  9.9803E-03
  5.1200E+02  8.9806E-03
  5.1300E+02  7.9511E-03
  5.1400E+02  6.8916E-03
  5.1500E+02  5.8022E-03
  5.1600E+02  4.6828E-03
  5.1700E+02  3.7100E-03
  5.1800E+02  4.1606E-03
  5.1900E+02  2.0432E-03
  5.2000E+02  7.8144E-04
  5.2100E+02  3.4568E-04
  5.2200E+02  8.5207E-05
  5.2300E+02  0.0000E+00
