 -1.8979E-05  0.0000E+00
  9.9998E-01  1.2049E-07
  2.0000E+00  4.8198E-07
  3.0000E+00  1.0845E-06
  4.0000E+00  1.9279E-06
  5.0000E+00  3.0124E-06
  6.0000E+00  4.3378E-06
  7.0000E+00  5.9043E-06
  8.0000E+00  7.7117E-06
  9.0000E+00  9.7601E-06
  1.0000E+01  1.2050E-05
  1.1000E+01  1.4580E-05
  1.2000E+01  1.7351E-05
  1.3000E+01  2.0364E-05
  1.4000E+01  2.3617E-05
  1.5000E+01  2.7111E-05
  1.6000E+01  3.0847E-05
  1.7000E+01  3.4823E-05
  1.8000E+01  3.9040E-05
  1.9000E+01  4.3499E-05
  2.0000E+01  4.8198E-05
  2.1000E+01  5.3138E-05
  2.2000E+01  5.8320E-05
  2.3000E+01  6.3742E-05
  2.4000E+01  6.9405E-05
  2.5000E+01  7.5309E-05
  2.6000E+01  8.1455E-05
  2.7000E+01  8.7841E-05
  2.8000E+01  9.4468E-05
  2.9000E+01  1.0134E-04
  3.0000E+01  1.0845E-04
  3.1000E+01  1.1580E-04
  3.2000E+01  1.2339E-04
  3.3000E+01  1.3122E-04
  3.4000E+01  1.3929E-04
  3.5000E+01  1.4761E-04
  3.6000E+01  1.5759E-04
  3.7000E+01  2.2527E-04
  3.8000E+01  2.8771E-04
  3.9000E+01  3.4491E-04
  4.0000E+01  3.9687E-04
  4.1000E+01  4.4358E-04
  4.2000E+01  4.8506E-04
  4.3000E+01  5.2130E-04
  4.4000E+01  5.5229E-04
  4.5000E+01  5.7805E-04
  4.6000E+01  5.9856E-04
  4.7000E+01  6.1383E-04
  4.8000E+01  6.2387E-04
  4.9000E+01  6.4781E-04
  5.0000E+01  6.7831E-04
  5.1000E+01  7.0913E-04
  5.2000E+01  7.4028E-04
  5.3000E+01  7.7152E-04
  5.4000E+01  8.0279E-04
  5.5000E+01  8.3550E-04
  5.6000E+01  8.6964E-04
  5.7000E+01  9.0522E-04
  5.8000E+01  9.4223E-04
  5.9000E+01  9.8068E-04
  6.0000E+01  1.0206E-03
  6.1000E+01  1.0619E-03
  6.2000E+01  1.1046E-03
  6.3000E+01  1.1488E-03
  6.4000E+01  1.1945E-03
  6.5000E+01  1.2415E-03
  6.6000E+01  1.2900E-03
  6.7000E+01  1.3402E-03
  6.8000E+01  1.4103E-03
  6.9000E+01  1.5113E-03
  7.0000E+01  1.6514E-03
  7.1000E+01  2.0118E-03
  7.2000E+01  2.1292E-03
  7.3000E+01  1.9951E-03
  7.4000E+01  2.0464E-03
  7.5000E+01  2.1366E-03
  7.6000E+01  2.2291E-03
  7.7000E+01  2.4128E-03
  7.8000E+01  2.6040E-03
  7.9000E+01  2.7216E-03
  8.0000E+01  2.7733E-03
  8.1000E+01  2.7591E-03
  8.2000E+01  2.8399E-03
  8.3000E+01  2.9412E-03
  8.4000E+01  3.0458E-03
  8.5000E+01  3.1537E-03
  8.6000E+01  3.2648E-03
  8.7000E+01  3.3793E-03
  8.8000E+01  3.5026E-03
  8.9000E+01  3.6500E-03
  9.0000E+01  3.8300E-03
  9.1000E+01  4.0429E-03
  9.2000E+01  4.2885E-03
  9.3000E+01  4.5158E-03
  9.4000E+01  4.7701E-03
  9.5000E+01  5.0516E-03
  9.6000E+01  5.3601E-03
  9.7000E+01  5.7466E-03
  9.8000E+01  6.7467E-03
  9.9000E+01  7.0692E-03
  1.0000E+02  7.5606E-03
  1.0100E+02  7.9796E-03
  1.0200E+02  8.6020E-03
  1.0300E+02  9.6185E-03
  1.0400E+02  1.0595E-02
  1.0500E+02  1.1543E-02
  1.0600E+02  1.2372E-02
  1.0700E+02  1.3074E-02
  1.0800E+02  1.3762E-02
  1.0900E+02  1.4498E-02
  1.1000E+02  1.5301E-02
  1.1100E+02  1.4802E-02
  1.1200E+02  1.5198E-02
  1.1300E+02  1.5735E-02
  1.1400E+02  1.6219E-02
  1.1500E+02  1.6303E-02
  1.1600E+02  1.6533E-02
  1.1700E+02  1.6801E-02
  1.1800E+02  1.7117E-02
  1.1900E+02  1.7452E-02
  1.2000E+02  1.7909E-02
  1.2100E+02  1.8447E-02
  1.2200E+02  1.9183E-02
  1.2300E+02  1.8445E-02
  1.2400E+02  1.7994E-02
  1.2500E+02  1.8156E-02
  1.2600E+02  1.8376E-02
  1.2700E+02  1.8724E-02
  1.2800E+02  1.9077E-02
  1.2900E+02  1.9363E-02
  1.3000E+02  1.9719E-02
  1.3100E+02  2.0073E-02
  1.3200E+02  2.0647E-02
  1.3300E+02  2.1544E-02
  1.3400E+02  2.2848E-02
  1.3500E+02  2.4166E-02
  1.3600E+02  2.5529E-02
  1.3700E+02  2.6284E-02
  1.3800E+02  2.6814E-02
  1.3900E+02  2.7955E-02
  1.4000E+02  2.7748E-02
  1.4100E+02  2.8065E-02
  1.4200E+02  2.8599E-02
  1.4300E+02  2.9267E-02
  1.4400E+02  2.9465E-02
  1.4500E+02  3.0420E-02
  1.4600E+02  2.9470E-02
  1.4700E+02  2.8187E-02
  1.4800E+02  2.7667E-02
  1.4900E+02  2.6636E-02
  1.5000E+02  2.5926E-02
  1.5100E+02  2.5176E-02
  1.5200E+02  2.4319E-02
  1.5300E+02  2.3029E-02
  1.5400E+02  2.2153E-02
  1.5500E+02  2.1347E-02
  1.5600E+02  2.0665E-02
  1.5700E+02  1.9983E-02
  1.5800E+02  1.9346E-02
  1.5900E+02  1.8953E-02
  1.6000E+02  1.8601E-02
  1.6100E+02  1.8283E-02
  1.6200E+02  1.8039E-02
  1.6300E+02  1.7804E-02
  1.6400E+02  1.7568E-02
  1.6500E+02  1.7338E-02
  1.6600E+02  1.7112E-02
  1.6700E+02  1.6891E-02
  1.6800E+02  1.6699E-02
  1.6900E+02  1.6794E-02
  1.7000E+02  1.7016E-02
  1.7100E+02  1.7965E-02
  1.7200E+02  1.6780E-02
  1.7300E+02  1.6997E-02
  1.7400E+02  1.7259E-02
  1.7500E+02  1.6553E-02
  1.7600E+02  1.5746E-02
  1.7700E+02  1.4794E-02
  1.7800E+02  1.4317E-02
  1.7900E+02  1.4133E-02
  1.8000E+02  1.3947E-02
  1.8100E+02  1.3818E-02
  1.8200E+02  1.3788E-02
  1.8300E+02  1.3944E-02
  1.8400E+02  1.3857E-02
  1.8500E+02  1.3752E-02
  1.8600E+02  1.3628E-02
  1.8700E+02  1.3476E-02
  1.8800E+02  1.3310E-02
  1.8900E+02  1.3150E-02
  1.9000E+02  1.2997E-02
  1.9100E+02  1.2850E-02
  1.9200E+02  1.2749E-02
  1.9300E+02  1.2776E-02
  1.9400E+02  1.2895E-02
  1.9500E+02  1.3262E-02
  1.9600E+02  1.4532E-02
  1.9700E+02  1.6977E-02
  1.9800E+02  1.8230E-02
  1.9900E+02  1.7234E-02
  2.0000E+02  1.6348E-02
  2.0100E+02  1.5491E-02
  2.0200E+02  1.4529E-02
  2.0300E+02  1.3492E-02
  2.0400E+02  1.2378E-02
  2.0500E+02  1.1189E-02
  2.0600E+02  1.0100E-02
  2.0700E+02  7.3481E-03
  2.0800E+02  6.4112E-03
  2.0900E+02  5.5071E-03
  2.1000E+02  4.6358E-03
  2.1100E+02  3.7972E-03
  2.1200E+02  2.9906E-03
  2.1300E+02  1.4583E-03
  2.1400E+02  1.4234E-03
  2.1500E+02  1.4454E-03
  2.1600E+02  1.4670E-03
  2.1700E+02  1.4882E-03
  2.1800E+02  1.5091E-03
  2.1900E+02  1.5295E-03
  2.2000E+02  1.5494E-03
  2.2100E+02  1.5688E-03
  2.2200E+02  1.5876E-03
  2.2300E+02  1.6082E-03
  2.2400E+02  1.6316E-03
  2.2500E+02  1.6558E-03
  2.2600E+02  1.6809E-03
  2.2700E+02  1.7069E-03
  2.2800E+02  1.7338E-03
  2.2900E+02  1.7615E-03
  2.3000E+02  1.7900E-03
  2.3100E+02  1.8194E-03
  2.3200E+02  1.8496E-03
  2.3300E+02  1.8806E-03
  2.3400E+02  1.9121E-03
  2.3500E+02  1.9439E-03
  2.3600E+02  1.9761E-03
  2.3700E+02  2.0088E-03
  2.3800E+02  2.0420E-03
  2.3900E+02  2.0760E-03
  2.4000E+02  2.1108E-03
  2.4100E+02  2.1465E-03
  2.4200E+02  2.1830E-03
  2.4300E+02  2.2203E-03
  2.4400E+02  2.2585E-03
  2.4500E+02  2.2978E-03
  2.4600E+02  2.3393E-03
  2.4700E+02  2.3830E-03
  2.4800E+02  2.4290E-03
  2.4900E+02  2.4679E-03
  2.5000E+02  2.5020E-03
  2.5100E+02  2.5321E-03
  2.5200E+02  2.5585E-03
  2.5300E+02  2.5858E-03
  2.5400E+02  2.6272E-03
  2.5500E+02  2.6684E-03
  2.5600E+02  2.7096E-03
  2.5700E+02  2.7507E-03
  2.5800E+02  2.7917E-03
  2.5900E+02  2.8328E-03
  2.6000E+02  2.8743E-03
  2.6100E+02  2.9161E-03
  2.6200E+02  2.9581E-03
  2.6300E+02  3.0008E-03
  2.6400E+02  3.0443E-03
  2.6500E+02  3.0887E-03
  2.6600E+02  3.1378E-03
  2.6700E+02  3.1902E-03
  2.6800E+02  3.2444E-03
  2.6900E+02  3.3005E-03
  2.7000E+02  3.3585E-03
  2.7100E+02  3.4183E-03
  2.7200E+02  3.4818E-03
  2.7300E+02  3.5494E-03
  2.7400E+02  3.6208E-03
  2.7500E+02  3.6925E-03
  2.7600E+02  3.7614E-03
  2.7700E+02  3.8273E-03
  2.7800E+02  3.8903E-03
  2.7900E+02  3.9504E-03
  2.8000E+02  4.0076E-03
  2.8100E+02  4.0619E-03
  2.8200E+02  4.1133E-03
  2.8300E+02  4.1603E-03
  2.8400E+02  4.2058E-03
  2.8500E+02  4.2606E-03
  2.8600E+02  4.3248E-03
  2.8700E+02  4.3973E-03
  2.8800E+02  4.4778E-03
  2.8900E+02  4.5526E-03
  2.9000E+02  4.6275E-03
  2.9100E+02  4.7041E-03
  2.9200E+02  4.7825E-03
  2.9300E+02  4.8626E-03
  2.9400E+02  4.9441E-03
  2.9500E+02  5.0272E-03
  2.9600E+02  5.1120E-03
  2.9700E+02  5.1985E-03
  2.9800E+02  5.2867E-03
  2.9900E+02  5.3747E-03
  3.0000E+02  5.4696E-03
  3.0100E+02  5.5770E-03
  3.0200E+02  5.7015E-03
  3.0300E+02  5.8394E-03
  3.0400E+02  5.9674E-03
  3.0500E+02  6.0849E-03
  3.0600E+02  6.1918E-03
  3.0700E+02  6.2882E-03
  3.0800E+02  6.3741E-03
  3.0900E+02  6.4763E-03
  3.1000E+02  6.5911E-03
  3.1100E+02  6.7124E-03
  3.1200E+02  6.8459E-03
  3.1300E+02  6.9855E-03
  3.1400E+02  7.1314E-03
  3.1500E+02  7.2837E-03
  3.1600E+02  7.4424E-03
  3.1700E+02  7.6075E-03
  3.1800E+02  7.7773E-03
  3.1900E+02  7.9517E-03
  3.2000E+02  8.1329E-03
  3.2100E+02  8.3211E-03
  3.2200E+02  8.5298E-03
  3.2300E+02  8.7582E-03
  3.2400E+02  9.0060E-03
  3.2500E+02  9.2732E-03
  3.2600E+02  9.5644E-03
  3.2700E+02  9.9243E-03
  3.2800E+02  1.0355E-02
  3.2900E+02  1.0855E-02
  3.3000E+02  1.1441E-02
  3.3100E+02  1.2302E-02
  3.3200E+02  1.3186E-02
  3.3300E+02  1.4007E-02
  3.3400E+02  1.4764E-02
  3.3500E+02  1.5373E-02
  3.3600E+02  1.5710E-02
  3.3700E+02  1.5866E-02
  3.3800E+02  1.5870E-02
  3.3900E+02  1.5731E-02
  3.4000E+02  1.5562E-02
  3.4100E+02  1.5453E-02
  3.4200E+02  1.5363E-02
  3.4300E+02  1.5116E-02
  3.4400E+02  1.4702E-02
  3.4500E+02  1.3458E-02
  3.4600E+02  1.2861E-02
  3.4700E+02  1.2287E-02
  3.4800E+02  1.1739E-02
  3.4900E+02  1.1055E-02
  3.5000E+02  1.0553E-02
  3.5100E+02  9.5368E-03
  3.5200E+02  9.0405E-03
  3.5300E+02  8.6291E-03
  3.5400E+02  7.6391E-03
  3.5500E+02  7.2803E-03
  3.5600E+02  6.9442E-03
  3.5700E+02  6.6307E-03
  3.5800E+02  6.3398E-03
  3.5900E+02  6.0136E-03
  3.6000E+02  5.6717E-03
  3.6100E+02  5.3289E-03
  3.6200E+02  4.9854E-03
  3.6300E+02  4.5581E-03
  3.6400E+02  4.0544E-03
  3.6500E+02  3.8086E-03
  3.6600E+02  3.6039E-03
  3.6700E+02  3.4019E-03
  3.6800E+02  3.2028E-03
  3.6900E+02  3.0086E-03
  3.7000E+02  2.3809E-03
  3.7100E+02  2.2899E-03
  3.7200E+02  2.2031E-03
  3.7300E+02  3.4771E-03
  3.7400E+02  3.6574E-03
  3.7500E+02  3.8303E-03
  3.7600E+02  3.9970E-03
  3.7700E+02  4.1676E-03
  3.7800E+02  4.3257E-03
  3.7900E+02  4.4696E-03
  3.8000E+02  4.5996E-03
  3.8100E+02  5.0896E-03
  3.8200E+02  5.5781E-03
  3.8300E+02  6.0195E-03
  3.8400E+02  6.4292E-03
  3.8500E+02  6.8649E-03
  3.8600E+02  7.2943E-03
  3.8700E+02  7.7554E-03
  3.8800E+02  8.1337E-03
  3.8900E+02  8.4469E-03
  3.9000E+02  8.7174E-03
  3.9100E+02  9.0107E-03
  3.9200E+02  9.2411E-03
  3.9300E+02  9.8899E-03
  3.9400E+02  1.0041E-02
  3.9500E+02  1.0316E-02
  3.9600E+02  1.1396E-02
  3.9700E+02  1.1221E-02
  3.9800E+02  1.0421E-02
  3.9900E+02  9.9141E-03
  4.0000E+02  9.9179E-03
  4.0100E+02  9.9611E-03
  4.0200E+02  1.0036E-02
  4.0300E+02  1.0122E-02
  4.0400E+02  1.0220E-02
  4.0500E+02  1.0328E-02
  4.0600E+02  1.0454E-02
  4.0700E+02  1.0576E-02
  4.0800E+02  1.0682E-02
  4.0900E+02  1.0772E-02
  4.1000E+02  1.0854E-02
  4.1100E+02  1.0980E-02
  4.1200E+02  1.1239E-02
  4.1300E+02  1.1465E-02
  4.1400E+02  1.1635E-02
  4.1500E+02  1.1821E-02
  4.1600E+02  1.2075E-02
  4.1700E+02  1.2388E-02
  4.1800E+02  1.2762E-02
  4.1900E+02  1.3207E-02
  4.2000E+02  1.3746E-02
  4.2100E+02  1.2787E-02
  4.2200E+02  1.2660E-02
  4.2300E+02  1.2436E-02
  4.2400E+02  1.2288E-02
  4.2500E+02  1.2128E-02
  4.2600E+02  1.1954E-02
  4.2700E+02  1.1769E-02
  4.2800E+02  1.1570E-02
  4.2900E+02  1.1359E-02
  4.3000E+02  1.1154E-02
  4.3100E+02  1.0863E-02
  4.3200E+02  1.0467E-02
  4.3300E+02  1.0219E-02
  4.3400E+02  1.0023E-02
  4.3500E+02  9.8418E-03
  4.3600E+02  9.6812E-03
  4.3700E+02  9.5422E-03
  4.3800E+02  9.3998E-03
  4.3900E+02  9.2584E-03
  4.4000E+02  9.1446E-03
  4.4100E+02  9.0520E-03
  4.4200E+02  9.0221E-03
  4.4300E+02  8.9799E-03
  4.4400E+02  8.9122E-03
  4.4500E+02  8.8028E-03
  4.4600E+02  8.6360E-03
  4.4700E+02  8.4274E-03
  4.4800E+02  8.1864E-03
  4.4900E+02  8.0312E-03
  4.5000E+02  7.8811E-03
  4.5100E+02  7.7360E-03
  4.5200E+02  7.5959E-03
  4.5300E+02  7.4564E-03
  4.5400E+02  7.3208E-03
  4.5500E+02  7.1911E-03
  4.5600E+02  7.0676E-03
  4.5700E+02  6.9523E-03
  4.5800E+02  6.8456E-03
  4.5900E+02  6.7401E-03
  4.6000E+02  6.6474E-03
  4.6100E+02  6.5948E-03
  4.6200E+02  6.5665E-03
  4.6300E+02  7.2960E-03
  4.6400E+02  6.0634E-03
  4.6500E+02  5.9037E-03
  4.6600E+02  5.7257E-03
  4.6700E+02  5.5513E-03
  4.6800E+02  5.3804E-03
  4.6900E+02  5.2130E-03
  4.7000E+02  5.0491E-03
  4.7100E+02  5.4468E-03
  4.7200E+02  2.0626E-02
  4.7300E+02  3.3073E-02
  4.7400E+02  4.2250E-02
  4.7500E+02  4.1565E-02
  4.7600E+02  4.5387E-02
  4.7700E+02  5.2641E-02
  4.7800E+02  6.7922E-02
  4.7900E+02  6.2525E-02
  4.8000E+02  6.0318E-02
  4.8100E+02  6.2510E-02
  4.8200E+02  6.3673E-02
  4.8300E+02  6.9707E-02
  4.8400E+02  7.3049E-02
  4.8500E+02  7.3662E-02
  4.8600E+02  7.3527E-02
  4.8700E+02  7.0203E-02
  4.8800E+02  6.9606E-02
  4.8900E+02  6.9552E-02
  4.9000E+02  7.1437E-02
  4.9100E+02  7.2346E-02
  4.9200E+02  7.0680E-02
  4.9300E+02  7.3396E-02
  4.9400E+02  8.5428E-02
  4.9500E+02  8.2270E-02
  4.9600E+02  8.0830E-02
  4.9700E+02  7.5664E-02
  4.9800E+02  7.0396E-02
  4.9900E+02  7.1875E-02
  5.0000E+02  5.6568E-02
  5.0100E+02  1.8607E-02
  5.0200E+02  1.1590E-02
  5.0300E+02  1.0550E-02
  5.0400E+02  9.5957E-03
  5.0500E+02  8.9619E-03
  5.0600E+02  8.5193E-03
  5.0700E+02  8.1718E-03
  5.0800E+02  7.8427E-03
  5.0900E+02  7.5320E-03
  5.1000E+02  7.2393E-03
  5.1100E+02  6.9639E-03
  5.1200E+02  6.7019E-03
  5.1300E+02  6.4551E-03
  5.1400E+02  6.2238E-03
  5.1500E+02  6.0068E-03
  5.1600E+02  5.7987E-03
  5.1700E+02  5.5990E-03
  5.1800E+02  5.4077E-03
  5.1900E+02  5.2145E-03
  5.2000E+02  5.0491E-03
  5.2100E+02  4.8844E-03
  5.2200E+02  4.7205E-03
  5.2300E+02  4.5480E-03
  5.2400E+02  4.3833E-03
  5.2500E+02  4.2288E-03
  5.2600E+02  4.0838E-03
  5.2700E+02  3.9617E-03
  5.2800E+02  3.8412E-03
  5.2900E+02  3.6651E-03
  5.3000E+02  3.5606E-03
  5.3100E+02  3.4665E-03
  5.3200E+02  3.3743E-03
  5.3300E+02  3.2841E-03
  5.3400E+02  3.1958E-03
  5.3500E+02  3.1095E-03
  5.3600E+02  3.0251E-03
  5.3700E+02  2.9427E-03
  5.3800E+02  2.8622E-03
  5.3900E+02  2.7837E-03
  5.4000E+02  2.7071E-03
  5.4100E+02  2.6324E-03
  5.4200E+02  2.5598E-03
  5.4300E+02  2.4896E-03
  5.4400E+02  2.4221E-03
  5.4500E+02  2.3600E-03
  5.4600E+02  2.3125E-03
  5.4700E+02  2.3053E-03
  5.4800E+02  2.2641E-03
  5.4900E+02  2.2126E-03
  5.5000E+02  2.1626E-03
  5.5100E+02  2.1139E-03
  5.5200E+02  2.0668E-03
  5.5300E+02  2.0184E-03
  5.5400E+02  1.9613E-03
  5.5500E+02  1.8966E-03
  5.5600E+02  1.8242E-03
  5.5700E+02  1.7441E-03
  5.5800E+02  1.6569E-03
  5.5900E+02  1.5755E-03
  5.6000E+02  1.4921E-03
  5.6100E+02  1.4293E-03
  5.6200E+02  1.3788E-03
  5.6300E+02  1.3291E-03
  5.6400E+02  1.2802E-03
  5.6500E+02  1.2322E-03
  5.6600E+02  1.1851E-03
  5.6700E+02  1.1388E-03
  5.6800E+02  1.0934E-03
  5.6900E+02  1.0488E-03
  5.7000E+02  1.0051E-03
  5.7100E+02  9.6224E-04
  5.7200E+02  9.2023E-04
  5.7300E+02  8.7908E-04
  5.7400E+02  8.3878E-04
  5.7500E+02  9.5957E-04
  5.7600E+02  1.0007E-03
  5.7700E+02  9.5223E-04
  5.7800E+02  1.1698E-03
  5.7900E+02  7.4845E-04
  5.8000E+02  3.7432E-04
  5.8100E+02  3.1918E-04
  5.8200E+02  2.6842E-04
  5.8300E+02  2.2206E-04
  5.8400E+02  1.8009E-04
  5.8500E+02  1.4251E-04
  5.8600E+02  1.0933E-04
  5.8700E+02  8.0535E-05
  5.8800E+02  5.6134E-05
  5.8900E+02  3.6124E-05
  5.9000E+02  2.0507E-05
  5.9100E+02  9.2815E-06
  5.9200E+02  2.4481E-06
  5.9300E+02  6.8486E-09
  5.9400E+02  0.0000E+00
