 -3.0064E-05  0.0000E+00
  9.9997E-01  2.5724E-07
  2.0000E+00  1.0289E-06
  3.0000E+00  2.3151E-06
  4.0000E+00  4.1158E-06
  5.0000E+00  6.4309E-06
  6.0000E+00  9.2605E-06
  7.0000E+00  1.2605E-05
  8.0000E+00  1.6463E-05
  9.0000E+00  2.0836E-05
  1.0000E+01  2.5724E-05
  1.1000E+01  3.1126E-05
  1.2000E+01  3.7042E-05
  1.3000E+01  4.3473E-05
  1.4000E+01  5.0418E-05
  1.5000E+01  5.7878E-05
  1.6000E+01  6.5853E-05
  1.7000E+01  7.4342E-05
  1.8000E+01  8.3345E-05
  1.9000E+01  9.2863E-05
  2.0000E+01  1.0289E-04
  2.1000E+01  1.1344E-04
  2.2000E+01  1.2450E-04
  2.3000E+01  1.3608E-04
  2.4000E+01  1.4817E-04
  2.5000E+01  1.6077E-04
  2.6000E+01  1.7389E-04
  2.7000E+01  1.8753E-04
  2.8000E+01  2.0167E-04
  2.9000E+01  2.1634E-04
  3.0000E+01  2.3151E-04
  3.1000E+01  2.4720E-04
  3.2000E+01  2.6341E-04
  3.3000E+01  2.8013E-04
  3.4000E+01  2.9737E-04
  3.5000E+01  3.1512E-04
  3.6000E+01  3.3338E-04
  3.7000E+01  3.5216E-04
  3.8000E+01  3.7145E-04
  3.9000E+01  3.9126E-04
  4.0000E+01  4.1158E-04
  4.1000E+01  4.3242E-04
  4.2000E+01  4.5377E-04
  4.3000E+01  4.7563E-04
  4.4000E+01  4.9801E-04
  4.5000E+01  5.2091E-04
  4.6000E+01  5.4431E-04
  4.7000E+01  5.6824E-04
  4.8000E+01  5.9267E-04
  4.9000E+01  6.1763E-04
  5.0000E+01  6.4309E-04
  5.1000E+01  6.6907E-04
  5.2000E+01  6.9557E-04
  5.3000E+01  7.2258E-04
  5.4000E+01  7.5010E-04
  5.5000E+01  7.7814E-04
  5.6000E+01  8.0670E-04
  5.7000E+01  8.3576E-04
  5.8000E+01  8.6535E-04
  5.9000E+01  8.9544E-04
  6.0000E+01  9.2605E-04
  6.1000E+01  9.5718E-04
  6.2000E+01  9.8882E-04
  6.3000E+01  1.0210E-03
  6.4000E+01  1.0536E-03
  6.5000E+01  1.0868E-03
  6.6000E+01  1.1205E-03
  6.7000E+01  1.1547E-03
  6.8000E+01  1.1895E-03
  6.9000E+01  1.2247E-03
  7.0000E+01  1.2605E-03
  7.1000E+01  1.2967E-03
  7.2000E+01  1.3335E-03
  7.3000E+01  1.3708E-03
  7.4000E+01  1.4086E-03
  7.5000E+01  1.4470E-03
  7.6000E+01  1.4858E-03
  7.7000E+01  1.5252E-03
  7.8000E+01  1.5650E-03
  7.9000E+01  1.6054E-03
  8.0000E+01  1.6463E-03
  8.1000E+01  1.6877E-03
  8.2000E+01  1.7297E-03
  8.3000E+01  1.7721E-03
  8.4000E+01  1.8151E-03
  8.5000E+01  1.8585E-03
  8.6000E+01  1.9025E-03
  8.7000E+01  1.9470E-03
  8.8000E+01  1.9920E-03
  8.9000E+01  2.0376E-03
  9.0000E+01  2.0836E-03
  9.1000E+01  2.1302E-03
  9.2000E+01  2.5471E-03
  9.3000E+01  3.2257E-03
  9.4000E+01  3.8998E-03
  9.5000E+01  4.5693E-03
  9.6000E+01  5.2343E-03
  9.7000E+01  5.8947E-03
  9.8000E+01  6.5506E-03
  9.9000E+01  7.2020E-03
  1.0000E+02  7.8488E-03
  1.0100E+02  8.4911E-03
  1.0200E+02  9.1288E-03
  1.0300E+02  9.7602E-03
  1.0400E+02  1.0384E-02
  1.0500E+02  1.1002E-02
  1.0600E+02  1.1611E-02
  1.0700E+02  1.2214E-02
  1.0800E+02  1.2809E-02
  1.0900E+02  1.3398E-02
  1.1000E+02  1.3978E-02
  1.1100E+02  1.4552E-02
  1.1200E+02  1.5119E-02
  1.1300E+02  1.5678E-02
  1.1400E+02  1.6230E-02
  1.1500E+02  1.6775E-02
  1.1600E+02  1.7313E-02
  1.1700E+02  1.7843E-02
  1.1800E+02  1.8366E-02
  1.1900E+02  1.8883E-02
  1.2000E+02  1.9391E-02
  1.2100E+02  1.9893E-02
  1.2200E+02  2.0387E-02
  1.2300E+02  2.0875E-02
  1.2400E+02  2.1284E-02
  1.2500E+02  2.1751E-02
  1.2600E+02  2.2354E-02
  1.2700E+02  2.3091E-02
  1.2800E+02  2.3964E-02
  1.2900E+02  2.4973E-02
  1.3000E+02  2.6117E-02
  1.3100E+02  2.7396E-02
  1.3200E+02  2.8810E-02
  1.3300E+02  3.0360E-02
  1.3400E+02  3.2045E-02
  1.3500E+02  1.6611E-02
  1.3600E+02  1.6411E-02
  1.3700E+02  1.6220E-02
  1.3800E+02  1.6035E-02
  1.3900E+02  1.5858E-02
  1.4000E+02  1.5689E-02
  1.4100E+02  1.5527E-02
  1.4200E+02  1.5372E-02
  1.4300E+02  1.5225E-02
  1.4400E+02  1.5085E-02
  1.4500E+02  1.4953E-02
  1.4600E+02  1.4828E-02
  1.4700E+02  1.4710E-02
  1.4800E+02  1.4600E-02
  1.4900E+02  1.4497E-02
  1.5000E+02  1.4402E-02
  1.5100E+02  1.4314E-02
  1.5200E+02  1.4234E-02
  1.5300E+02  1.4161E-02
  1.5400E+02  1.4095E-02
  1.5500E+02  1.4037E-02
  1.5600E+02  1.3986E-02
  1.5700E+02  1.3943E-02
  1.5800E+02  1.3907E-02
  1.5900E+02  1.3879E-02
  1.6000E+02  1.3858E-02
  1.6100E+02  1.3844E-02
  1.6200E+02  1.3838E-02
  1.6300E+02  1.3840E-02
  1.6400E+02  1.3848E-02
  1.6500E+02  1.3865E-02
  1.6600E+02  1.3888E-02
  1.6700E+02  1.3919E-02
  1.6800E+02  1.3958E-02
  1.6900E+02  1.4003E-02
  1.7000E+02  1.4057E-02
  1.7100E+02  1.4117E-02
  1.7200E+02  1.4186E-02
  1.7300E+02  1.4261E-02
  1.7400E+02  1.4344E-02
  1.7500E+02  1.4435E-02
  1.7600E+02  1.4532E-02
  1.7700E+02  1.4638E-02
  1.7800E+02  1.4750E-02
  1.7900E+02  1.4871E-02
  1.8000E+02  1.4998E-02
  1.8100E+02  1.5133E-02
  1.8200E+02  1.5276E-02
  1.8300E+02  1.5425E-02
  1.8400E+02  1.5583E-02
  1.8500E+02  1.5747E-02
  1.8600E+02  1.5920E-02
  1.8700E+02  1.6099E-02
  1.8800E+02  1.6286E-02
  1.8900E+02  1.6480E-02
  1.9000E+02  1.6682E-02
  1.9100E+02  1.6892E-02
  1.9200E+02  1.7108E-02
  1.9300E+02  7.5914E-02
  1.9400E+02  7.2844E-02
  1.9500E+02  4.3661E-02
  1.9600E+02  3.1689E-02
  1.9700E+02  6.2879E-03
  1.9800E+02  4.2575E-04
  1.9900E+02  4.3006E-04
  2.0000E+02  4.3440E-04
  2.0100E+02  4.3875E-04
  2.0200E+02  4.4313E-04
  2.0300E+02  4.4753E-04
  2.0400E+02  4.5195E-04
  2.0500E+02  4.5639E-04
  2.0600E+02  4.6085E-04
  2.0700E+02  4.6534E-04
  2.0800E+02  4.6984E-04
  2.0900E+02  4.7437E-04
  2.1000E+02  4.7892E-04
  2.1100E+02  4.8349E-04
  2.1200E+02  4.8809E-04
  2.1300E+02  4.9270E-04
  2.1400E+02  4.9734E-04
  2.1500E+02  5.0200E-04
  2.1600E+02  5.0668E-04
  2.1700E+02  5.1138E-04
  2.1800E+02  5.1611E-04
  2.1900E+02  5.2085E-04
  2.2000E+02  5.2562E-04
  2.2100E+02  5.3041E-04
  2.2200E+02  5.3522E-04
  2.2300E+02  5.4005E-04
  2.2400E+02  5.4491E-04
  2.2500E+02  5.4978E-04
  2.2600E+02  5.5468E-04
  2.2700E+02  5.5960E-04
  2.2800E+02  5.6454E-04
  2.2900E+02  5.6950E-04
  2.3000E+02  5.7449E-04
  2.3100E+02  5.7949E-04
  2.3200E+02  5.8452E-04
  2.3300E+02  5.8957E-04
  2.3400E+02  8.8042E-04
  2.3500E+02  1.7665E-03
  2.3600E+02  2.5146E-03
  2.3700E+02  3.1245E-03
  2.3800E+02  3.5964E-03
  2.3900E+02  3.9302E-03
  2.4000E+02  4.1259E-03
  2.4100E+02  4.1836E-03
  2.4200E+02  4.1031E-03
  2.4300E+02  3.8846E-03
  2.4400E+02  3.5280E-03
  2.4500E+02  3.0333E-03
  2.4600E+02  2.6213E-03
  2.4700E+02  2.6956E-03
  2.4800E+02  2.7709E-03
  2.4900E+02  2.8472E-03
  2.5000E+02  2.9244E-03
  2.5100E+02  3.0027E-03
  2.5200E+02  3.0819E-03
  2.5300E+02  3.1621E-03
  2.5400E+02  3.2433E-03
  2.5500E+02  3.3255E-03
  2.5600E+02  3.4087E-03
  2.5700E+02  3.4928E-03
  2.5800E+02  3.5780E-03
  2.5900E+02  3.6641E-03
  2.6000E+02  3.7513E-03
  2.6100E+02  3.8394E-03
  2.6200E+02  3.9285E-03
  2.6300E+02  4.0186E-03
  2.6400E+02  4.1097E-03
  2.6500E+02  4.2018E-03
  2.6600E+02  4.2949E-03
  2.6700E+02  4.3889E-03
  2.6800E+02  4.4839E-03
  2.6900E+02  4.5800E-03
  2.7000E+02  4.6770E-03
  2.7100E+02  4.7750E-03
  2.7200E+02  4.8740E-03
  2.7300E+02  4.9740E-03
  2.7400E+02  5.0750E-03
  2.7500E+02  5.1769E-03
  2.7600E+02  5.2799E-03
  2.7700E+02  5.3838E-03
  2.7800E+02  5.4887E-03
  2.7900E+02  5.5947E-03
  2.8000E+02  5.7016E-03
  2.8100E+02  5.8094E-03
  2.8200E+02  5.9183E-03
  2.8300E+02  6.0282E-03
  2.8400E+02  6.1391E-03
  2.8500E+02  6.2509E-03
  2.8600E+02  6.3637E-03
  2.8700E+02  6.4776E-03
  2.8800E+02  6.7387E-03
  2.8900E+02  7.0872E-03
  2.9000E+02  7.4223E-03
  2.9100E+02  7.7442E-03
  2.9200E+02  8.0527E-03
  2.9300E+02  8.3479E-03
  2.9400E+02  8.6298E-03
  2.9500E+02  8.8983E-03
  2.9600E+02  9.1535E-03
  2.9700E+02  9.3954E-03
  2.9800E+02  9.6239E-03
  2.9900E+02  9.8392E-03
  3.0000E+02  1.0041E-02
  3.0100E+02  1.0230E-02
  3.0200E+02  1.0405E-02
  3.0300E+02  1.0567E-02
  3.0400E+02  1.0715E-02
  3.0500E+02  1.0851E-02
  3.0600E+02  1.0973E-02
  3.0700E+02  1.1081E-02
  3.0800E+02  1.1176E-02
  3.0900E+02  1.1258E-02
  3.1000E+02  1.1327E-02
  3.1100E+02  1.1382E-02
  3.1200E+02  1.1424E-02
  3.1300E+02  1.1453E-02
  3.1400E+02  1.1468E-02
  3.1500E+02  1.1470E-02
  3.1600E+02  1.1459E-02
  3.1700E+02  1.1434E-02
  3.1800E+02  1.1396E-02
  3.1900E+02  1.1345E-02
  3.2000E+02  1.1280E-02
  3.2100E+02  1.1202E-02
  3.2200E+02  1.1111E-02
  3.2300E+02  1.1006E-02
  3.2400E+02  1.0888E-02
  3.2500E+02  1.0898E-02
  3.2600E+02  1.0916E-02
  3.2700E+02  1.0920E-02
  3.2800E+02  1.0912E-02
  3.2900E+02  1.0890E-02
  3.3000E+02  1.0854E-02
  3.3100E+02  1.0806E-02
  3.3200E+02  1.0744E-02
  3.3300E+02  1.0668E-02
  3.3400E+02  1.0580E-02
  3.3500E+02  1.0478E-02
  3.3600E+02  1.0363E-02
  3.3700E+02  1.0234E-02
  3.3800E+02  1.0092E-02
  3.3900E+02  9.9372E-03
  3.4000E+02  9.7687E-03
  3.4100E+02  9.5870E-03
  3.4200E+02  9.3919E-03
  3.4300E+02  9.1836E-03
  3.4400E+02  8.9619E-03
  3.4500E+02  8.7269E-03
  3.4600E+02  8.4786E-03
  3.4700E+02  8.2171E-03
  3.4800E+02  7.9421E-03
  3.4900E+02  7.6539E-03
  3.5000E+02  7.3524E-03
  3.5100E+02  7.0376E-03
  3.5200E+02  6.7094E-03
  3.5300E+02  6.3680E-03
  3.5400E+02  6.0132E-03
  3.5500E+02  5.6452E-03
  3.5600E+02  5.2638E-03
  3.5700E+02  4.8691E-03
  3.5800E+02  4.4611E-03
  3.5900E+02  4.0398E-03
  3.6000E+02  3.6052E-03
  3.6100E+02  3.2905E-03
  3.6200E+02  3.1129E-03
  3.6300E+02  2.9520E-03
  3.6400E+02  2.8080E-03
  3.6500E+02  2.6808E-03
  3.6600E+02  2.5704E-03
  3.6700E+02  2.4768E-03
  3.6800E+02  2.4000E-03
  3.6900E+02  2.3400E-03
  3.7000E+02  2.2969E-03
  3.7100E+02  2.2705E-03
  3.7200E+02  2.2610E-03
  3.7300E+02  2.2682E-03
  3.7400E+02  2.2923E-03
  3.7500E+02  2.3332E-03
  3.7600E+02  2.3909E-03
  3.7700E+02  2.4594E-03
  3.7800E+02  2.5324E-03
  3.7900E+02  2.6100E-03
  3.8000E+02  2.6920E-03
  3.8100E+02  2.7785E-03
  3.8200E+02  2.8696E-03
  3.8300E+02  2.9651E-03
  3.8400E+02  3.0651E-03
  3.8500E+02  3.1696E-03
  3.8600E+02  3.2786E-03
  3.8700E+02  3.3922E-03
  3.8800E+02  3.5102E-03
  3.8900E+02  3.6327E-03
  3.9000E+02  3.7597E-03
  3.9100E+02  3.8912E-03
  3.9200E+02  4.0272E-03
  3.9300E+02  4.1677E-03
  3.9400E+02  4.3127E-03
  3.9500E+02  4.4622E-03
  3.9600E+02  4.6162E-03
  3.9700E+02  4.7747E-03
  3.9800E+02  4.9377E-03
  3.9900E+02  5.1052E-03
  4.0000E+02  5.2772E-03
  4.0100E+02  5.4537E-03
  4.0200E+02  5.6347E-03
  4.0300E+02  5.8202E-03
  4.0400E+02  6.0102E-03
  4.0500E+02  6.2047E-03
  4.0600E+02  6.4037E-03
  4.0700E+02  6.6071E-03
  4.0800E+02  6.8151E-03
  4.0900E+02  7.0276E-03
  4.1000E+02  7.2446E-03
  4.1100E+02  7.4661E-03
  4.1200E+02  7.6920E-03
  4.1300E+02  7.9225E-03
  4.1400E+02  8.1575E-03
  4.1500E+02  8.3969E-03
  4.1600E+02  8.6409E-03
  4.1700E+02  8.8935E-03
  4.1800E+02  9.8975E-03
  4.1900E+02  1.2200E-02
  4.2000E+02  1.5801E-02
  4.2100E+02  2.0701E-02
  4.2200E+02  2.6900E-02
  4.2300E+02  3.4473E-02
  4.2400E+02  4.9879E-02
  4.2500E+02  5.3098E-02
  4.2600E+02  4.6452E-02
  4.2700E+02  3.7596E-02
  4.2800E+02  2.7133E-02
  4.2900E+02  1.5061E-02
  4.3000E+02  1.0870E-02
  4.3100E+02  1.0697E-02
  4.3200E+02  1.0526E-02
  4.3300E+02  1.0356E-02
  4.3400E+02  1.0188E-02
  4.3500E+02  1.0021E-02
  4.3600E+02  9.8561E-03
  4.3700E+02  9.6923E-03
  4.3800E+02  9.5300E-03
  4.3900E+02  9.3691E-03
  4.4000E+02  9.2097E-03
  4.4100E+02  9.0518E-03
  4.4200E+02  8.8954E-03
  4.4300E+02  8.7404E-03
  4.4400E+02  8.5870E-03
  4.4500E+02  8.4350E-03
  4.4600E+02  8.2844E-03
  4.4700E+02  8.1354E-03
  4.4800E+02  7.9878E-03
  4.4900E+02  7.8417E-03
  4.5000E+02  7.6971E-03
  4.5100E+02  7.5540E-03
  4.5200E+02  7.4123E-03
  4.5300E+02  7.2721E-03
  4.5400E+02  7.1334E-03
  4.5500E+02  6.9962E-03
  4.5600E+02  6.8604E-03
  4.5700E+02  6.7262E-03
  4.5800E+02  6.5934E-03
  4.5900E+02  6.4620E-03
  4.6000E+02  6.3322E-03
  4.6100E+02  6.2038E-03
  4.6200E+02  6.0769E-03
  4.6300E+02  5.9515E-03
  4.6400E+02  5.8276E-03
  4.6500E+02  5.7051E-03
  4.6600E+02  5.5842E-03
  4.6700E+02  5.4647E-03
  4.6800E+02  5.3466E-03
  4.6900E+02  5.2301E-03
  4.7000E+02  5.1150E-03
  4.7100E+02  5.0014E-03
  4.7200E+02  4.8893E-03
  4.7300E+02  4.7786E-03
  4.7400E+02  5.8601E-03
  4.7500E+02  9.6958E-03
  4.7600E+02  1.6293E-02
  4.7700E+02  2.5651E-02
  4.7800E+02  3.7770E-02
  4.7900E+02  5.2650E-02
  4.8000E+02  1.1475E-01
  4.8100E+02  1.0681E-01
  4.8200E+02  9.7294E-02
  4.8300E+02  8.6198E-02
  4.8400E+02  7.3522E-02
  4.8500E+02  5.9773E-02
  4.8600E+02  6.1932E-02
  4.8700E+02  6.4087E-02
  4.8800E+02  6.6060E-02
  4.8900E+02  6.7852E-02
  4.9000E+02  6.9463E-02
  4.9100E+02  7.0892E-02
  4.9200E+02  7.2141E-02
  4.9300E+02  7.5263E-02
  4.9400E+02  7.9298E-02
  4.9500E+02  8.2492E-02
  4.9600E+02  8.3887E-02
  4.9700E+02  8.3368E-02
  4.9800E+02  8.0936E-02
  4.9900E+02  7.6591E-02
  5.0000E+02  7.0332E-02
  5.0100E+02  6.1666E-02
  5.0200E+02  5.3091E-02
  5.0300E+02  4.4079E-02
  5.0400E+02  3.2412E-02
  5.0500E+02  1.8090E-02
  5.0600E+02  1.0196E-02
  5.0700E+02  9.0307E-03
  5.0800E+02  7.9362E-03
  5.0900E+02  6.9124E-03
  5.1000E+02  5.9593E-03
  5.1100E+02  5.0768E-03
  5.1200E+02  4.2650E-03
  5.1300E+02  3.5239E-03
  5.1400E+02  2.8535E-03
  5.1500E+02  2.2537E-03
  5.1600E+02  1.7247E-03
  5.1700E+02  1.2663E-03
  5.1800E+02  8.7852E-04
  5.1900E+02  5.6147E-04
  5.2000E+02  3.1509E-04
  5.2100E+02  1.3939E-04
  5.2200E+02  3.4358E-05
  5.2300E+02  0.0000E+00
