 -2.8871E-05  0.0000E+00
  9.9997E-01  2.5632E-07
  2.0000E+00  1.0253E-06
  3.0000E+00  2.3069E-06
  4.0000E+00  4.1012E-06
  5.0000E+00  6.4081E-06
  6.0000E+00  9.2277E-06
  7.0000E+00  1.2560E-05
  8.0000E+00  1.6405E-05
  9.0000E+00  2.0762E-05
  1.0000E+01  2.5633E-05
  1.1000E+01  3.1015E-05
  1.2000E+01  3.6911E-05
  1.3000E+01  4.3319E-05
  1.4000E+01  5.0240E-05
  1.5000E+01  5.7673E-05
  1.6000E+01  6.5619E-05
  1.7000E+01  7.4078E-05
  1.8000E+01  8.3049E-05
  1.9000E+01  9.2533E-05
  2.0000E+01  1.0253E-04
  2.1000E+01  1.1304E-04
  2.2000E+01  1.2406E-04
  2.3000E+01  1.3560E-04
  2.4000E+01  1.4764E-04
  2.5000E+01  1.6020E-04
  2.6000E+01  1.7328E-04
  2.7000E+01  1.8686E-04
  2.8000E+01  2.0096E-04
  2.9000E+01  2.1557E-04
  3.0000E+01  2.3069E-04
  3.1000E+01  2.4633E-04
  3.2000E+01  2.6248E-04
  3.3000E+01  2.7914E-04
  3.4000E+01  2.9631E-04
  3.5000E+01  3.1400E-04
  3.6000E+01  3.3220E-04
  3.7000E+01  3.5091E-04
  3.8000E+01  3.7013E-04
  3.9000E+01  3.8987E-04
  4.0000E+01  4.1012E-04
  4.1000E+01  4.3088E-04
  4.2000E+01  4.5216E-04
  4.3000E+01  4.7395E-04
  4.4000E+01  4.9625E-04
  4.5000E+01  5.1906E-04
  4.6000E+01  5.4238E-04
  4.7000E+01  5.6622E-04
  4.8000E+01  5.9057E-04
  4.9000E+01  6.1544E-04
  5.0000E+01  6.4081E-04
  5.1000E+01  6.6670E-04
  5.2000E+01  6.9310E-04
  5.3000E+01  7.2002E-04
  5.4000E+01  7.4744E-04
  5.5000E+01  7.7538E-04
  5.6000E+01  8.0384E-04
  5.7000E+01  8.3280E-04
  5.8000E+01  8.6228E-04
  5.9000E+01  8.9227E-04
  6.0000E+01  9.2277E-04
  6.1000E+01  9.5379E-04
  6.2000E+01  9.8531E-04
  6.3000E+01  1.0174E-03
  6.4000E+01  1.0499E-03
  6.5000E+01  1.0830E-03
  6.6000E+01  1.1166E-03
  6.7000E+01  1.1506E-03
  6.8000E+01  1.1852E-03
  6.9000E+01  1.2204E-03
  7.0000E+01  1.2560E-03
  7.1000E+01  1.2921E-03
  7.2000E+01  1.3288E-03
  7.3000E+01  1.3660E-03
  7.4000E+01  1.4036E-03
  7.5000E+01  1.4418E-03
  7.6000E+01  1.4805E-03
  7.7000E+01  1.5198E-03
  7.8000E+01  1.5595E-03
  7.9000E+01  1.5997E-03
  8.0000E+01  1.6405E-03
  8.1000E+01  1.6818E-03
  8.2000E+01  1.7235E-03
  8.3000E+01  1.7658E-03
  8.4000E+01  1.8086E-03
  8.5000E+01  1.8519E-03
  8.6000E+01  1.8958E-03
  8.7000E+01  1.9401E-03
  8.8000E+01  1.9850E-03
  8.9000E+01  2.0304E-03
  9.0000E+01  2.0762E-03
  9.1000E+01  2.1226E-03
  9.2000E+01  2.3920E-03
  9.3000E+01  3.0342E-03
  9.4000E+01  3.6767E-03
  9.5000E+01  4.3192E-03
  9.6000E+01  4.9619E-03
  9.7000E+01  5.6048E-03
  9.8000E+01  6.2478E-03
  9.9000E+01  6.8909E-03
  1.0000E+02  7.5342E-03
  1.0100E+02  8.1777E-03
  1.0200E+02  8.8212E-03
  1.0300E+02  9.4650E-03
  1.0400E+02  1.0108E-02
  1.0500E+02  1.0746E-02
  1.0600E+02  1.1377E-02
  1.0700E+02  1.2002E-02
  1.0800E+02  1.2620E-02
  1.0900E+02  1.3232E-02
  1.1000E+02  1.3837E-02
  1.1100E+02  1.4435E-02
  1.1200E+02  1.5027E-02
  1.1300E+02  1.5612E-02
  1.1400E+02  1.6191E-02
  1.1500E+02  1.6763E-02
  1.1600E+02  1.7328E-02
  1.1700E+02  1.7887E-02
  1.1800E+02  1.8440E-02
  1.1900E+02  1.8985E-02
  1.2000E+02  1.9525E-02
  1.2100E+02  2.0057E-02
  1.2200E+02  2.0583E-02
  1.2300E+02  2.1103E-02
  1.2400E+02  2.1542E-02
  1.2500E+02  2.2040E-02
  1.2600E+02  2.2677E-02
  1.2700E+02  2.3452E-02
  1.2800E+02  2.4366E-02
  1.2900E+02  2.5417E-02
  1.3000E+02  2.6606E-02
  1.3100E+02  2.7934E-02
  1.3200E+02  2.9399E-02
  1.3300E+02  3.1003E-02
  1.3400E+02  2.6706E-01
  1.3500E+02  1.6593E-02
  1.3600E+02  1.6394E-02
  1.3700E+02  1.6201E-02
  1.3800E+02  1.6016E-02
  1.3900E+02  1.5839E-02
  1.4000E+02  1.5669E-02
  1.4100E+02  1.5507E-02
  1.4200E+02  1.5352E-02
  1.4300E+02  1.5204E-02
  1.4400E+02  1.5064E-02
  1.4500E+02  1.4932E-02
  1.4600E+02  1.4807E-02
  1.4700E+02  1.4689E-02
  1.4800E+02  1.4579E-02
  1.4900E+02  1.4477E-02
  1.5000E+02  1.4382E-02
  1.5100E+02  1.4294E-02
  1.5200E+02  1.4214E-02
  1.5300E+02  1.4141E-02
  1.5400E+02  1.4076E-02
  1.5500E+02  1.4018E-02
  1.5600E+02  1.3968E-02
  1.5700E+02  1.3925E-02
  1.5800E+02  1.3890E-02
  1.5900E+02  1.3862E-02
  1.6000E+02  1.3841E-02
  1.6100E+02  1.3829E-02
  1.6200E+02  1.3823E-02
  1.6300E+02  1.3825E-02
  1.6400E+02  1.3835E-02
  1.6500E+02  1.3852E-02
  1.6600E+02  1.3876E-02
  1.6700E+02  1.3908E-02
  1.6800E+02  1.3948E-02
  1.6900E+02  1.3995E-02
  1.7000E+02  1.4049E-02
  1.7100E+02  1.4111E-02
  1.7200E+02  1.4180E-02
  1.7300E+02  1.4257E-02
  1.7400E+02  1.4341E-02
  1.7500E+02  1.4433E-02
  1.7600E+02  1.4532E-02
  1.7700E+02  1.4639E-02
  1.7800E+02  1.4753E-02
  1.7900E+02  1.4875E-02
  1.8000E+02  1.5004E-02
  1.8100E+02  1.5140E-02
  1.8200E+02  1.5285E-02
  1.8300E+02  1.5436E-02
  1.8400E+02  1.5595E-02
  1.8500E+02  1.5762E-02
  1.8600E+02  1.5936E-02
  1.8700E+02  1.6117E-02
  1.8800E+02  1.6306E-02
  1.8900E+02  1.6502E-02
  1.9000E+02  1.6706E-02
  1.9100E+02  1.6918E-02
  1.9200E+02  1.7136E-02
  1.9300E+02  7.1023E-02
  1.9400E+02  8.2800E-02
  1.9500E+02  4.6381E-02
  1.9600E+02  3.3547E-02
  1.9700E+02  5.1181E-03
  1.9800E+02  4.2285E-04
  1.9900E+02  4.2713E-04
  2.0000E+02  4.3144E-04
  2.0100E+02  4.3576E-04
  2.0200E+02  4.4011E-04
  2.0300E+02  4.4448E-04
  2.0400E+02  4.4887E-04
  2.0500E+02  4.5328E-04
  2.0600E+02  4.5771E-04
  2.0700E+02  4.6217E-04
  2.0800E+02  4.6664E-04
  2.0900E+02  4.7114E-04
  2.1000E+02  4.7566E-04
  2.1100E+02  4.8020E-04
  2.1200E+02  4.8476E-04
  2.1300E+02  4.8935E-04
  2.1400E+02  4.9395E-04
  2.1500E+02  4.9858E-04
  2.1600E+02  5.0323E-04
  2.1700E+02  5.0790E-04
  2.1800E+02  5.1259E-04
  2.1900E+02  5.1731E-04
  2.2000E+02  5.2204E-04
  2.2100E+02  5.2680E-04
  2.2200E+02  5.3158E-04
  2.2300E+02  5.3638E-04
  2.2400E+02  5.4120E-04
  2.2500E+02  5.4604E-04
  2.2600E+02  5.5090E-04
  2.2700E+02  5.5579E-04
  2.2800E+02  5.6070E-04
  2.2900E+02  5.6563E-04
  2.3000E+02  5.7058E-04
  2.3100E+02  5.7555E-04
  2.3200E+02  5.8054E-04
  2.3300E+02  5.8556E-04
  2.3400E+02  5.9060E-04
  2.3500E+02  1.3500E-03
  2.3600E+02  2.1457E-03
  2.3700E+02  2.8087E-03
  2.3800E+02  3.3388E-03
  2.3900E+02  3.7362E-03
  2.4000E+02  4.0009E-03
  2.4100E+02  4.1328E-03
  2.4200E+02  4.1319E-03
  2.4300E+02  3.9983E-03
  2.4400E+02  3.7319E-03
  2.4500E+02  3.3328E-03
  2.4600E+02  2.8009E-03
  2.4700E+02  2.6497E-03
  2.4800E+02  2.7242E-03
  2.4900E+02  2.7998E-03
  2.5000E+02  2.8763E-03
  2.5100E+02  2.9539E-03
  2.5200E+02  3.0324E-03
  2.5300E+02  3.1119E-03
  2.5400E+02  3.1925E-03
  2.5500E+02  3.2740E-03
  2.5600E+02  3.3566E-03
  2.5700E+02  3.4401E-03
  2.5800E+02  3.5246E-03
  2.5900E+02  3.6102E-03
  2.6000E+02  3.6967E-03
  2.6100E+02  3.7842E-03
  2.6200E+02  3.8727E-03
  2.6300E+02  3.9623E-03
  2.6400E+02  4.0528E-03
  2.6500E+02  4.1443E-03
  2.6600E+02  4.2368E-03
  2.6700E+02  4.3304E-03
  2.6800E+02  4.4249E-03
  2.6900E+02  4.5204E-03
  2.7000E+02  4.6169E-03
  2.7100E+02  4.7144E-03
  2.7200E+02  4.8129E-03
  2.7300E+02  4.9125E-03
  2.7400E+02  5.0130E-03
  2.7500E+02  5.1145E-03
  2.7600E+02  5.2170E-03
  2.7700E+02  5.3205E-03
  2.7800E+02  5.4250E-03
  2.7900E+02  5.5305E-03
  2.8000E+02  5.6370E-03
  2.8100E+02  5.7445E-03
  2.8200E+02  5.8530E-03
  2.8300E+02  5.9625E-03
  2.8400E+02  6.0730E-03
  2.8500E+02  6.1845E-03
  2.8600E+02  6.2970E-03
  2.8700E+02  6.4105E-03
  2.8800E+02  6.5250E-03
  2.8900E+02  6.7648E-03
  2.9000E+02  7.1332E-03
  2.9100E+02  7.4871E-03
  2.9200E+02  7.8266E-03
  2.9300E+02  8.1516E-03
  2.9400E+02  8.4621E-03
  2.9500E+02  8.7582E-03
  2.9600E+02  9.0398E-03
  2.9700E+02  9.3070E-03
  2.9800E+02  9.5597E-03
  2.9900E+02  9.7980E-03
  3.0000E+02  1.0022E-02
  3.0100E+02  1.0231E-02
  3.0200E+02  1.0426E-02
  3.0300E+02  1.0606E-02
  3.0400E+02  1.0772E-02
  3.0500E+02  1.0924E-02
  3.0600E+02  1.1061E-02
  3.0700E+02  1.1183E-02
  3.0800E+02  1.1292E-02
  3.0900E+02  1.1385E-02
  3.1000E+02  1.1464E-02
  3.1100E+02  1.1529E-02
  3.1200E+02  1.1579E-02
  3.1300E+02  1.1615E-02
  3.1400E+02  1.1637E-02
  3.1500E+02  1.1644E-02
  3.1600E+02  1.1636E-02
  3.1700E+02  1.1614E-02
  3.1800E+02  1.1578E-02
  3.1900E+02  1.1527E-02
  3.2000E+02  1.1461E-02
  3.2100E+02  1.1381E-02
  3.2200E+02  1.1287E-02
  3.2300E+02  1.1178E-02
  3.2400E+02  1.1055E-02
  3.2500E+02  1.1029E-02
  3.2600E+02  1.1050E-02
  3.2700E+02  1.1057E-02
  3.2800E+02  1.1050E-02
  3.2900E+02  1.1029E-02
  3.3000E+02  1.0995E-02
  3.3100E+02  1.0947E-02
  3.3200E+02  1.0885E-02
  3.3300E+02  1.0809E-02
  3.3400E+02  1.0719E-02
  3.3500E+02  1.0616E-02
  3.3600E+02  1.0499E-02
  3.3700E+02  1.0368E-02
  3.3800E+02  1.0224E-02
  3.3900E+02  1.0065E-02
  3.4000E+02  9.8930E-03
  3.4100E+02  9.7071E-03
  3.4200E+02  9.5074E-03
  3.4300E+02  9.2939E-03
  3.4400E+02  9.0666E-03
  3.4500E+02  8.8256E-03
  3.4600E+02  8.5708E-03
  3.4700E+02  8.3022E-03
  3.4800E+02  8.0199E-03
  3.4900E+02  7.7237E-03
  3.5000E+02  7.4138E-03
  3.5100E+02  7.0902E-03
  3.5200E+02  6.7527E-03
  3.5300E+02  6.4015E-03
  3.5400E+02  6.0365E-03
  3.5500E+02  5.6578E-03
  3.5600E+02  5.2653E-03
  3.5700E+02  4.8589E-03
  3.5800E+02  4.4389E-03
  3.5900E+02  4.0050E-03
  3.6000E+02  3.5574E-03
  3.6100E+02  3.3041E-03
  3.6200E+02  3.1258E-03
  3.6300E+02  2.9645E-03
  3.6400E+02  2.8202E-03
  3.6500E+02  2.6928E-03
  3.6600E+02  2.5823E-03
  3.6700E+02  2.4889E-03
  3.6800E+02  2.4124E-03
  3.6900E+02  2.3528E-03
  3.7000E+02  2.3102E-03
  3.7100E+02  2.2846E-03
  3.7200E+02  2.2759E-03
  3.7300E+02  2.2842E-03
  3.7400E+02  2.3095E-03
  3.7500E+02  2.3517E-03
  3.7600E+02  2.4108E-03
  3.7700E+02  2.4790E-03
  3.7800E+02  2.5517E-03
  3.7900E+02  2.6289E-03
  3.8000E+02  2.7106E-03
  3.8100E+02  2.7969E-03
  3.8200E+02  2.8877E-03
  3.8300E+02  2.9830E-03
  3.8400E+02  3.0828E-03
  3.8500E+02  3.1871E-03
  3.8600E+02  3.2960E-03
  3.8700E+02  3.4094E-03
  3.8800E+02  3.5272E-03
  3.8900E+02  3.6497E-03
  3.9000E+02  3.7766E-03
  3.9100E+02  3.9081E-03
  3.9200E+02  4.0440E-03
  3.9300E+02  4.1845E-03
  3.9400E+02  4.3295E-03
  3.9500E+02  4.4791E-03
  3.9600E+02  4.6331E-03
  3.9700E+02  4.7917E-03
  3.9800E+02  4.9548E-03
  3.9900E+02  5.1224E-03
  4.0000E+02  5.2945E-03
  4.0100E+02  5.4712E-03
  4.0200E+02  5.6524E-03
  4.0300E+02  5.8380E-03
  4.0400E+02  6.0283E-03
  4.0500E+02  6.2230E-03
  4.0600E+02  6.4222E-03
  4.0700E+02  6.6260E-03
  4.0800E+02  6.8343E-03
  4.0900E+02  7.0471E-03
  4.1000E+02  7.2644E-03
  4.1100E+02  7.4863E-03
  4.1200E+02  7.7126E-03
  4.1300E+02  7.9435E-03
  4.1400E+02  8.1789E-03
  4.1500E+02  8.4188E-03
  4.1600E+02  8.6633E-03
  4.1700E+02  9.1712E-03
  4.1800E+02  1.0683E-02
  4.1900E+02  1.3245E-02
  4.2000E+02  1.6857E-02
  4.2100E+02  2.1518E-02
  4.2200E+02  2.7229E-02
  4.2300E+02  3.5109E-02
  4.2400E+02  5.0302E-02
  4.2500E+02  5.2833E-02
  4.2600E+02  4.5762E-02
  4.2700E+02  3.6609E-02
  4.2800E+02  2.5723E-02
  4.2900E+02  1.3102E-02
  4.3000E+02  1.0867E-02
  4.3100E+02  1.0694E-02
  4.3200E+02  1.0523E-02
  4.3300E+02  1.0353E-02
  4.3400E+02  1.0184E-02
  4.3500E+02  1.0017E-02
  4.3600E+02  9.8511E-03
  4.3700E+02  9.6870E-03
  4.3800E+02  9.5242E-03
  4.3900E+02  9.3630E-03
  4.4000E+02  9.2033E-03
  4.4100E+02  9.0450E-03
  4.4200E+02  8.8883E-03
  4.4300E+02  8.7330E-03
  4.4400E+02  8.5792E-03
  4.4500E+02  8.4268E-03
  4.4600E+02  8.2760E-03
  4.4700E+02  8.1266E-03
  4.4800E+02  7.9787E-03
  4.4900E+02  7.8323E-03
  4.5000E+02  7.6874E-03
  4.5100E+02  7.5440E-03
  4.5200E+02  7.4020E-03
  4.5300E+02  7.2615E-03
  4.5400E+02  7.1225E-03
  4.5500E+02  6.9850E-03
  4.5600E+02  6.8490E-03
  4.5700E+02  6.7145E-03
  4.5800E+02  6.5814E-03
  4.5900E+02  6.4498E-03
  4.6000E+02  6.3197E-03
  4.6100E+02  6.1911E-03
  4.6200E+02  6.0639E-03
  4.6300E+02  5.9383E-03
  4.6400E+02  5.8141E-03
  4.6500E+02  5.6914E-03
  4.6600E+02  5.5702E-03
  4.6700E+02  5.4505E-03
  4.6800E+02  5.3322E-03
  4.6900E+02  5.2155E-03
  4.7000E+02  5.1002E-03
  4.7100E+02  4.9864E-03
  4.7200E+02  4.8740E-03
  4.7300E+02  4.8908E-03
  4.7400E+02  6.8981E-03
  4.7500E+02  1.1510E-02
  4.7600E+02  1.8726E-02
  4.7700E+02  2.8547E-02
  4.7800E+02  4.0972E-02
  4.7900E+02  5.6002E-02
  4.8000E+02  1.0761E-01
  4.8100E+02  1.0201E-01
  4.8200E+02  9.4422E-02
  4.8300E+02  8.4845E-02
  4.8400E+02  7.3280E-02
  4.8500E+02  6.0729E-02
  4.8600E+02  6.3136E-02
  4.8700E+02  6.5311E-02
  4.8800E+02  6.7253E-02
  4.8900E+02  6.8962E-02
  4.9000E+02  7.0439E-02
  4.9100E+02  7.1683E-02
  4.9200E+02  7.2695E-02
  4.9300E+02  7.7379E-02
  4.9400E+02  8.1255E-02
  4.9500E+02  8.3906E-02
  4.9600E+02  8.4468E-02
  4.9700E+02  8.2941E-02
  4.9800E+02  7.9325E-02
  4.9900E+02  7.3619E-02
  5.0000E+02  6.5824E-02
  5.0100E+02  5.6157E-02
  5.0200E+02  4.8549E-02
  5.0300E+02  3.9307E-02
  5.0400E+02  2.8429E-02
  5.0500E+02  1.5916E-02
  5.0600E+02  9.9456E-03
  5.0700E+02  8.8091E-03
  5.0800E+02  7.7414E-03
  5.0900E+02  6.7428E-03
  5.1000E+02  5.8130E-03
  5.1100E+02  4.9522E-03
  5.1200E+02  4.1604E-03
  5.1300E+02  3.4374E-03
  5.1400E+02  2.7835E-03
  5.1500E+02  2.1984E-03
  5.1600E+02  1.6823E-03
  5.1700E+02  1.2352E-03
  5.1800E+02  8.5696E-04
  5.1900E+02  5.4769E-04
  5.2000E+02  3.0735E-04
  5.2100E+02  1.3596E-04
  5.2200E+02  3.3515E-05
  5.2300E+02  0.0000E+00
