 -1.8979E-05  0.0000E+00
  9.9998E-01  1.1838E-07
  2.0000E+00  4.7352E-07
  3.0000E+00  1.0654E-06
  4.0000E+00  1.8941E-06
  5.0000E+00  2.9595E-06
  6.0000E+00  4.2617E-06
  7.0000E+00  5.8006E-06
  8.0000E+00  7.5763E-06
  9.0000E+00  9.5888E-06
  1.0000E+01  1.1838E-05
  1.1000E+01  1.4324E-05
  1.2000E+01  1.7047E-05
  1.3000E+01  2.0006E-05
  1.4000E+01  2.3203E-05
  1.5000E+01  2.6636E-05
  1.6000E+01  3.0305E-05
  1.7000E+01  3.4212E-05
  1.8000E+01  3.8355E-05
  1.9000E+01  4.2735E-05
  2.0000E+01  4.7352E-05
  2.1000E+01  5.2206E-05
  2.2000E+01  5.7296E-05
  2.3000E+01  6.2623E-05
  2.4000E+01  6.8187E-05
  2.5000E+01  7.3988E-05
  2.6000E+01  8.0025E-05
  2.7000E+01  8.6299E-05
  2.8000E+01  9.2810E-05
  2.9000E+01  9.9558E-05
  3.0000E+01  1.0654E-04
  3.1000E+01  1.1376E-04
  3.2000E+01  1.5391E-04
  3.3000E+01  2.0823E-04
  3.4000E+01  2.5719E-04
  3.5000E+01  3.0080E-04
  3.6000E+01  3.3907E-04
  3.7000E+01  3.7199E-04
  3.8000E+01  3.9956E-04
  3.9000E+01  4.2178E-04
  4.0000E+01  4.3865E-04
  4.1000E+01  4.5017E-04
  4.2000E+01  4.5635E-04
  4.3000E+01  4.8083E-04
  4.4000E+01  5.0602E-04
  4.5000E+01  5.3152E-04
  4.6000E+01  5.5732E-04
  4.7000E+01  5.8294E-04
  4.8000E+01  6.0948E-04
  4.9000E+01  6.3711E-04
  5.0000E+01  6.6584E-04
  5.1000E+01  6.9566E-04
  5.2000E+01  7.2659E-04
  5.3000E+01  7.5861E-04
  5.4000E+01  7.9173E-04
  5.5000E+01  8.2595E-04
  5.6000E+01  8.6126E-04
  5.7000E+01  8.9768E-04
  5.8000E+01  9.3519E-04
  5.9000E+01  9.7380E-04
  6.0000E+01  1.0231E-03
  6.1000E+01  1.1647E-03
  6.2000E+01  1.3330E-03
  6.3000E+01  1.4254E-03
  6.4000E+01  1.4297E-03
  6.5000E+01  1.4150E-03
  6.6000E+01  1.4787E-03
  6.7000E+01  1.6276E-03
  6.8000E+01  1.7643E-03
  6.9000E+01  1.8320E-03
  7.0000E+01  1.8202E-03
  7.1000E+01  1.8274E-03
  7.2000E+01  1.8863E-03
  7.3000E+01  1.9473E-03
  7.4000E+01  2.0104E-03
  7.5000E+01  2.0755E-03
  7.6000E+01  2.1426E-03
  7.7000E+01  2.2119E-03
  7.8000E+01  2.2877E-03
  7.9000E+01  2.3676E-03
  8.0000E+01  2.4509E-03
  8.1000E+01  2.5378E-03
  8.2000E+01  2.6513E-03
  8.3000E+01  2.8060E-03
  8.4000E+01  3.0019E-03
  8.5000E+01  3.2111E-03
  8.6000E+01  3.5888E-03
  8.7000E+01  3.5928E-03
  8.8000E+01  3.7564E-03
  8.9000E+01  3.9253E-03
  9.0000E+01  4.1060E-03
  9.1000E+01  4.2992E-03
  9.2000E+01  4.5048E-03
  9.3000E+01  4.7226E-03
  9.4000E+01  4.9482E-03
  9.5000E+01  5.2204E-03
  9.6000E+01  5.5340E-03
  9.7000E+01  5.8306E-03
  9.8000E+01  6.1754E-03
  9.9000E+01  6.5679E-03
  1.0000E+02  7.4768E-03
  1.0100E+02  8.3350E-03
  1.0200E+02  8.8631E-03
  1.0300E+02  9.8658E-03
  1.0400E+02  1.0958E-02
  1.0500E+02  1.2015E-02
  1.0600E+02  1.2913E-02
  1.0700E+02  1.3761E-02
  1.0800E+02  1.4617E-02
  1.0900E+02  1.5022E-02
  1.1000E+02  1.4904E-02
  1.1100E+02  1.5264E-02
  1.1200E+02  1.5681E-02
  1.1300E+02  1.5990E-02
  1.1400E+02  1.6202E-02
  1.1500E+02  1.6404E-02
  1.1600E+02  1.6764E-02
  1.1700E+02  1.7241E-02
  1.1800E+02  1.7588E-02
  1.1900E+02  1.7093E-02
  1.2000E+02  1.6983E-02
  1.2100E+02  1.7209E-02
  1.2200E+02  1.7426E-02
  1.2300E+02  1.7660E-02
  1.2400E+02  1.7909E-02
  1.2500E+02  1.8096E-02
  1.2600E+02  1.8225E-02
  1.2700E+02  1.8451E-02
  1.2800E+02  1.8754E-02
  1.2900E+02  2.0758E-02
  1.3000E+02  2.0150E-02
  1.3100E+02  2.0491E-02
  1.3200E+02  2.0850E-02
  1.3300E+02  2.1477E-02
  1.3400E+02  2.2031E-02
  1.3500E+02  2.4137E-02
  1.3600E+02  2.6111E-02
  1.3700E+02  2.6743E-02
  1.3800E+02  2.7272E-02
  1.3900E+02  2.7903E-02
  1.4000E+02  2.8697E-02
  1.4100E+02  2.9408E-02
  1.4200E+02  2.9670E-02
  1.4300E+02  3.0429E-02
  1.4400E+02  2.8662E-02
  1.4500E+02  2.8705E-02
  1.4600E+02  2.8041E-02
  1.4700E+02  2.7022E-02
  1.4800E+02  2.6763E-02
  1.4900E+02  2.6115E-02
  1.5000E+02  2.5337E-02
  1.5100E+02  2.4448E-02
  1.5200E+02  2.3140E-02
  1.5300E+02  2.2187E-02
  1.5400E+02  2.1244E-02
  1.5500E+02  2.0416E-02
  1.5600E+02  1.9915E-02
  1.5700E+02  1.9716E-02
  1.5800E+02  1.9560E-02
  1.5900E+02  1.9411E-02
  1.6000E+02  1.9200E-02
  1.6100E+02  1.8929E-02
  1.6200E+02  1.8753E-02
  1.6300E+02  1.9062E-02
  1.6400E+02  1.8381E-02
  1.6500E+02  1.7878E-02
  1.6600E+02  1.7409E-02
  1.6700E+02  1.6939E-02
  1.6800E+02  1.6636E-02
  1.6900E+02  1.6378E-02
  1.7000E+02  1.6126E-02
  1.7100E+02  1.5817E-02
  1.7200E+02  1.5676E-02
  1.7300E+02  1.5466E-02
  1.7400E+02  1.5253E-02
  1.7500E+02  1.5044E-02
  1.7600E+02  1.4839E-02
  1.7700E+02  1.4641E-02
  1.7800E+02  1.4449E-02
  1.7900E+02  1.4329E-02
  1.8000E+02  1.4194E-02
  1.8100E+02  1.4034E-02
  1.8200E+02  1.3867E-02
  1.8300E+02  1.3904E-02
  1.8400E+02  1.3989E-02
  1.8500E+02  1.4026E-02
  1.8600E+02  1.3933E-02
  1.8700E+02  1.4094E-02
  1.8800E+02  1.4587E-02
  1.8900E+02  1.4487E-02
  1.9000E+02  1.3505E-02
  1.9100E+02  1.3434E-02
  1.9200E+02  1.3581E-02
  1.9300E+02  1.3737E-02
  1.9400E+02  1.3867E-02
  1.9500E+02  1.3971E-02
  1.9600E+02  1.4048E-02
  1.9700E+02  1.4097E-02
  1.9800E+02  1.4312E-02
  1.9900E+02  1.4498E-02
  2.0000E+02  1.4695E-02
  2.0100E+02  1.4931E-02
  2.0200E+02  1.5197E-02
  2.0300E+02  1.5861E-02
  2.0400E+02  1.3712E-02
  2.0500E+02  1.1032E-02
  2.0600E+02  9.7677E-03
  2.0700E+02  9.3731E-03
  2.0800E+02  8.7933E-03
  2.0900E+02  6.9695E-03
  2.1000E+02  5.3051E-03
  2.1100E+02  3.9293E-03
  2.1200E+02  2.8421E-03
  2.1300E+02  2.1623E-03
  2.1400E+02  1.7247E-03
  2.1500E+02  1.4904E-03
  2.1600E+02  1.4538E-03
  2.1700E+02  1.4773E-03
  2.1800E+02  1.5012E-03
  2.1900E+02  1.5254E-03
  2.2000E+02  1.5499E-03
  2.2100E+02  1.5754E-03
  2.2200E+02  1.6020E-03
  2.2300E+02  1.6298E-03
  2.2400E+02  1.6588E-03
  2.2500E+02  1.6889E-03
  2.2600E+02  1.7199E-03
  2.2700E+02  1.7441E-03
  2.2800E+02  1.7650E-03
  2.2900E+02  1.7839E-03
  2.3000E+02  1.8126E-03
  2.3100E+02  1.8410E-03
  2.3200E+02  1.8696E-03
  2.3300E+02  1.8983E-03
  2.3400E+02  1.9268E-03
  2.3500E+02  1.9555E-03
  2.3600E+02  1.9844E-03
  2.3700E+02  2.0134E-03
  2.3800E+02  2.0426E-03
  2.3900E+02  2.0720E-03
  2.4000E+02  2.1016E-03
  2.4100E+02  2.1313E-03
  2.4200E+02  2.1669E-03
  2.4300E+02  2.2038E-03
  2.4400E+02  2.2415E-03
  2.4500E+02  2.2800E-03
  2.4600E+02  2.3200E-03
  2.4700E+02  2.3612E-03
  2.4800E+02  2.4037E-03
  2.4900E+02  2.4475E-03
  2.5000E+02  2.4926E-03
  2.5100E+02  2.5382E-03
  2.5200E+02  2.5823E-03
  2.5300E+02  2.6248E-03
  2.5400E+02  2.6658E-03
  2.5500E+02  2.7052E-03
  2.5600E+02  2.7429E-03
  2.5700E+02  2.7791E-03
  2.5800E+02  2.8137E-03
  2.5900E+02  2.8465E-03
  2.6000E+02  2.8823E-03
  2.6100E+02  2.9253E-03
  2.6200E+02  2.9734E-03
  2.6300E+02  3.0211E-03
  2.6400E+02  3.0688E-03
  2.6500E+02  3.1174E-03
  2.6600E+02  3.1669E-03
  2.6700E+02  3.2172E-03
  2.6800E+02  3.2685E-03
  2.6900E+02  3.3206E-03
  2.7000E+02  3.3736E-03
  2.7100E+02  3.4275E-03
  2.7200E+02  3.4823E-03
  2.7300E+02  3.5384E-03
  2.7400E+02  3.5970E-03
  2.7500E+02  3.6578E-03
  2.7600E+02  3.7254E-03
  2.7700E+02  3.8001E-03
  2.7800E+02  3.8762E-03
  2.7900E+02  3.9424E-03
  2.8000E+02  4.0012E-03
  2.8100E+02  4.0527E-03
  2.8200E+02  4.0986E-03
  2.8300E+02  4.1616E-03
  2.8400E+02  4.2248E-03
  2.8500E+02  4.2883E-03
  2.8600E+02  4.3522E-03
  2.8700E+02  4.4166E-03
  2.8800E+02  4.4854E-03
  2.8900E+02  4.5565E-03
  2.9000E+02  4.6300E-03
  2.9100E+02  4.7056E-03
  2.9200E+02  4.7833E-03
  2.9300E+02  4.8630E-03
  2.9400E+02  4.9449E-03
  2.9500E+02  5.0289E-03
  2.9600E+02  5.1156E-03
  2.9700E+02  5.2078E-03
  2.9800E+02  5.3055E-03
  2.9900E+02  5.4087E-03
  3.0000E+02  5.5175E-03
  3.0100E+02  5.6286E-03
  3.0200E+02  5.7342E-03
  3.0300E+02  5.8345E-03
  3.0400E+02  5.9355E-03
  3.0500E+02  6.0002E-03
  3.0600E+02  6.1227E-03
  3.0700E+02  6.2415E-03
  3.0800E+02  6.3542E-03
  3.0900E+02  6.4698E-03
  3.1000E+02  6.5878E-03
  3.1100E+02  6.7093E-03
  3.1200E+02  6.8344E-03
  3.1300E+02  6.9629E-03
  3.1400E+02  7.0950E-03
  3.1500E+02  7.2272E-03
  3.1600E+02  7.3740E-03
  3.1700E+02  7.5301E-03
  3.1800E+02  7.6990E-03
  3.1900E+02  7.8829E-03
  3.2000E+02  8.0817E-03
  3.2100E+02  8.2948E-03
  3.2200E+02  8.5220E-03
  3.2300E+02  8.7618E-03
  3.2400E+02  8.9955E-03
  3.2500E+02  9.2279E-03
  3.2600E+02  9.4926E-03
  3.2700E+02  9.8021E-03
  3.2800E+02  1.0141E-02
  3.2900E+02  1.0506E-02
  3.3000E+02  1.0887E-02
  3.3100E+02  1.1306E-02
  3.3200E+02  1.1780E-02
  3.3300E+02  1.2471E-02
  3.3400E+02  1.3299E-02
  3.3500E+02  1.4178E-02
  3.3600E+02  1.5089E-02
  3.3700E+02  1.6031E-02
  3.3800E+02  1.7276E-02
  3.3900E+02  1.7594E-02
  3.4000E+02  1.8254E-02
  3.4100E+02  1.7318E-02
  3.4200E+02  1.6907E-02
  3.4300E+02  1.5145E-02
  3.4400E+02  1.3185E-02
  3.4500E+02  1.2344E-02
  3.4600E+02  1.1687E-02
  3.4700E+02  1.1088E-02
  3.4800E+02  1.0561E-02
  3.4900E+02  1.0155E-02
  3.5000E+02  9.8215E-03
  3.5100E+02  9.5399E-03
  3.5200E+02  9.2656E-03
  3.5300E+02  8.9557E-03
  3.5400E+02  8.6571E-03
  3.5500E+02  7.3850E-03
  3.5600E+02  7.0900E-03
  3.5700E+02  6.7833E-03
  3.5800E+02  6.4610E-03
  3.5900E+02  5.8152E-03
  3.6000E+02  5.5187E-03
  3.6100E+02  5.2378E-03
  3.6200E+02  4.9724E-03
  3.6300E+02  4.6693E-03
  3.6400E+02  4.3917E-03
  3.6500E+02  4.1481E-03
  3.6600E+02  3.9383E-03
  3.6700E+02  3.7468E-03
  3.6800E+02  3.6384E-03
  3.6900E+02  3.5989E-03
  3.7000E+02  3.5635E-03
  3.7100E+02  3.1275E-03
  3.7200E+02  3.1033E-03
  3.7300E+02  3.0925E-03
  3.7400E+02  3.2201E-03
  3.7500E+02  3.3534E-03
  3.7600E+02  3.4930E-03
  3.7700E+02  3.6410E-03
  3.7800E+02  4.1810E-03
  3.7900E+02  5.0489E-03
  3.8000E+02  5.7556E-03
  3.8100E+02  6.5224E-03
  3.8200E+02  6.8247E-03
  3.8300E+02  6.5040E-03
  3.8400E+02  6.9015E-03
  3.8500E+02  7.3028E-03
  3.8600E+02  7.8507E-03
  3.8700E+02  8.4366E-03
  3.8800E+02  8.5144E-03
  3.8900E+02  8.6873E-03
  3.9000E+02  8.8548E-03
  3.9100E+02  8.9898E-03
  3.9200E+02  9.1082E-03
  3.9300E+02  9.2169E-03
  3.9400E+02  9.3160E-03
  3.9500E+02  9.4067E-03
  3.9600E+02  9.5428E-03
  3.9700E+02  9.6970E-03
  3.9800E+02  1.0081E-02
  3.9900E+02  1.0265E-02
  4.0000E+02  1.0488E-02
  4.0100E+02  1.0773E-02
  4.0200E+02  1.0879E-02
  4.0300E+02  1.0740E-02
  4.0400E+02  1.0349E-02
  4.0500E+02  1.0381E-02
  4.0600E+02  1.0430E-02
  4.0700E+02  1.0498E-02
  4.0800E+02  1.0582E-02
  4.0900E+02  1.0683E-02
  4.1000E+02  1.0801E-02
  4.1100E+02  1.0932E-02
  4.1200E+02  1.1033E-02
  4.1300E+02  1.1212E-02
  4.1400E+02  1.1409E-02
  4.1500E+02  1.1583E-02
  4.1600E+02  1.1732E-02
  4.1700E+02  1.1873E-02
  4.1800E+02  1.2083E-02
  4.1900E+02  1.2368E-02
  4.2000E+02  1.2680E-02
  4.2100E+02  1.3041E-02
  4.2200E+02  1.2766E-02
  4.2300E+02  1.2522E-02
  4.2400E+02  1.2290E-02
  4.2500E+02  1.2163E-02
  4.2600E+02  1.1964E-02
  4.2700E+02  1.1748E-02
  4.2800E+02  1.1515E-02
  4.2900E+02  1.1274E-02
  4.3000E+02  1.0938E-02
  4.3100E+02  1.0557E-02
  4.3200E+02  1.0329E-02
  4.3300E+02  1.0128E-02
  4.3400E+02  9.9487E-03
  4.3500E+02  9.7895E-03
  4.3600E+02  9.6312E-03
  4.3700E+02  9.4878E-03
  4.3800E+02  9.3557E-03
  4.3900E+02  9.2551E-03
  4.4000E+02  9.1822E-03
  4.4100E+02  9.1253E-03
  4.4200E+02  9.0557E-03
  4.4300E+02  8.9628E-03
  4.4400E+02  8.8565E-03
  4.4500E+02  8.7200E-03
  4.4600E+02  8.5371E-03
  4.4700E+02  8.3480E-03
  4.4800E+02  8.1978E-03
  4.4900E+02  8.0513E-03
  4.5000E+02  7.9123E-03
  4.5100E+02  7.7804E-03
  4.5200E+02  7.6547E-03
  4.5300E+02  7.5347E-03
  4.5400E+02  7.4102E-03
  4.5500E+02  7.2960E-03
  4.5600E+02  7.1898E-03
  4.5700E+02  7.0758E-03
  4.5800E+02  7.0071E-03
  4.5900E+02  6.9617E-03
  4.6000E+02  7.0363E-03
  4.6100E+02  7.1148E-03
  4.6200E+02  6.4535E-03
  4.6300E+02  6.2773E-03
  4.6400E+02  6.1043E-03
  4.6500E+02  5.9346E-03
  4.6600E+02  5.7682E-03
  4.6700E+02  5.6050E-03
  4.6800E+02  5.4443E-03
  4.6900E+02  5.2865E-03
  4.7000E+02  5.1331E-03
  4.7100E+02  4.9843E-03
  4.7200E+02  2.1078E-02
  4.7300E+02  3.7929E-02
  4.7400E+02  4.2229E-02
  4.7500E+02  4.4128E-02
  4.7600E+02  4.6267E-02
  4.7700E+02  5.4034E-02
  4.7800E+02  6.6673E-02
  4.7900E+02  6.1423E-02
  4.8000E+02  6.2475E-02
  4.8100E+02  6.3543E-02
  4.8200E+02  6.5397E-02
  4.8300E+02  6.7289E-02
  4.8400E+02  7.0082E-02
  4.8500E+02  7.3581E-02
  4.8600E+02  7.2286E-02
  4.8700E+02  7.2277E-02
  4.8800E+02  7.0255E-02
  4.8900E+02  6.9699E-02
  4.9000E+02  6.8672E-02
  4.9100E+02  6.8681E-02
  4.9200E+02  7.1787E-02
  4.9300E+02  7.6024E-02
  4.9400E+02  8.4597E-02
  4.9500E+02  8.2623E-02
  4.9600E+02  7.7665E-02
  4.9700E+02  7.3261E-02
  4.9800E+02  7.0513E-02
  4.9900E+02  6.6374E-02
  5.0000E+02  7.0491E-02
  5.0100E+02  2.0506E-02
  5.0200E+02  1.0806E-02
  5.0300E+02  1.0216E-02
  5.0400E+02  9.6916E-03
  5.0500E+02  9.1818E-03
  5.0600E+02  8.7204E-03
  5.0700E+02  8.3173E-03
  5.0800E+02  7.9537E-03
  5.0900E+02  7.6125E-03
  5.1000E+02  7.2843E-03
  5.1100E+02  6.8814E-03
  5.1200E+02  6.6025E-03
  5.1300E+02  6.3333E-03
  5.1400E+02  6.0533E-03
  5.1500E+02  5.7824E-03
  5.1600E+02  5.5368E-03
  5.1700E+02  5.3536E-03
  5.1800E+02  5.1811E-03
  5.1900E+02  5.0177E-03
  5.2000E+02  4.8594E-03
  5.2100E+02  4.7063E-03
  5.2200E+02  4.5607E-03
  5.2300E+02  4.4225E-03
  5.2400E+02  4.2918E-03
  5.2500E+02  4.1693E-03
  5.2600E+02  4.0551E-03
  5.2700E+02  3.9466E-03
  5.2800E+02  3.8415E-03
  5.2900E+02  3.7371E-03
  5.3000E+02  3.6362E-03
  5.3100E+02  3.5365E-03
  5.3200E+02  3.4448E-03
  5.3300E+02  3.3608E-03
  5.3400E+02  3.2772E-03
  5.3500E+02  3.1916E-03
  5.3600E+02  3.1009E-03
  5.3700E+02  3.0077E-03
  5.3800E+02  2.9173E-03
  5.3900E+02  2.8367E-03
  5.4000E+02  2.7580E-03
  5.4100E+02  2.6507E-03
  5.4200E+02  2.5783E-03
  5.4300E+02  2.5072E-03
  5.4400E+02  2.4375E-03
  5.4500E+02  2.3693E-03
  5.4600E+02  2.3027E-03
  5.4700E+02  2.2377E-03
  5.4800E+02  2.1742E-03
  5.4900E+02  2.1122E-03
  5.5000E+02  2.0518E-03
  5.5100E+02  1.9930E-03
  5.5200E+02  1.9357E-03
  5.5300E+02  1.8805E-03
  5.5400E+02  1.8276E-03
  5.5500E+02  1.7769E-03
  5.5600E+02  1.7413E-03
  5.5700E+02  1.7595E-03
  5.5800E+02  1.7214E-03
  5.5900E+02  1.6836E-03
  5.6000E+02  1.6467E-03
  5.6100E+02  1.6107E-03
  5.6200E+02  1.5701E-03
  5.6300E+02  1.5185E-03
  5.6400E+02  1.4566E-03
  5.6500E+02  1.3842E-03
  5.6600E+02  1.3054E-03
  5.6700E+02  1.2271E-03
  5.6800E+02  1.1566E-03
  5.6900E+02  1.1068E-03
  5.7000E+02  1.0580E-03
  5.7100E+02  1.0103E-03
  5.7200E+02  9.6348E-04
  5.7300E+02  9.1772E-04
  5.7400E+02  8.7296E-04
  5.7500E+02  8.2920E-04
  5.7600E+02  7.8644E-04
  5.7700E+02  7.4470E-04
  5.7800E+02  7.0395E-04
  5.7900E+02  7.5646E-04
  5.8000E+02  8.2756E-04
  5.8100E+02  7.9024E-04
  5.8200E+02  8.7421E-04
  5.8300E+02  3.2276E-04
  5.8400E+02  2.6176E-04
  5.8500E+02  2.0714E-04
  5.8600E+02  1.5891E-04
  5.8700E+02  1.1706E-04
  5.8800E+02  8.1589E-05
  5.8900E+02  5.2505E-05
  5.9000E+02  2.9806E-05
  5.9100E+02  1.3490E-05
  5.9200E+02  3.5583E-06
  5.9300E+02  9.9543E-09
  5.9400E+02  0.0000E+00
