 -1.3887E-05  0.0000E+00
  9.9999E-01  9.1845E-08
  2.0000E+00  3.6738E-07
  3.0000E+00  8.2661E-07
  4.0000E+00  1.4695E-06
  5.0000E+00  2.2961E-06
  6.0000E+00  3.3064E-06
  7.0000E+00  4.5004E-06
  8.0000E+00  5.8781E-06
  9.0000E+00  7.4395E-06
  1.0000E+01  9.1846E-06
  1.1000E+01  1.1113E-05
  1.2000E+01  1.3226E-05
  1.3000E+01  1.5522E-05
  1.4000E+01  1.8002E-05
  1.5000E+01  2.0665E-05
  1.6000E+01  2.3513E-05
  1.7000E+01  2.6543E-05
  1.8000E+01  2.9758E-05
  1.9000E+01  3.3156E-05
  2.0000E+01  3.6738E-05
  2.1000E+01  4.0504E-05
  2.2000E+01  4.4453E-05
  2.3000E+01  4.8586E-05
  2.4000E+01  5.2903E-05
  2.5000E+01  5.7404E-05
  2.6000E+01  6.2088E-05
  2.7000E+01  6.6956E-05
  2.8000E+01  7.2007E-05
  2.9000E+01  7.7242E-05
  3.0000E+01  8.2661E-05
  3.1000E+01  8.8264E-05
  3.2000E+01  9.4050E-05
  3.3000E+01  1.0002E-04
  3.4000E+01  1.0617E-04
  3.5000E+01  1.1251E-04
  3.6000E+01  1.1903E-04
  3.7000E+01  1.2574E-04
  3.8000E+01  1.3263E-04
  3.9000E+01  1.3970E-04
  4.0000E+01  1.4695E-04
  4.1000E+01  1.5439E-04
  4.2000E+01  1.6202E-04
  4.3000E+01  1.6982E-04
  4.4000E+01  1.7781E-04
  4.5000E+01  1.8599E-04
  4.6000E+01  1.9435E-04
  4.7000E+01  2.0289E-04
  4.8000E+01  2.1161E-04
  4.9000E+01  2.2052E-04
  5.0000E+01  2.2961E-04
  5.1000E+01  2.3889E-04
  5.2000E+01  2.4835E-04
  5.3000E+01  2.5799E-04
  5.4000E+01  3.5644E-04
  5.5000E+01  4.6743E-04
  5.6000E+01  5.7005E-04
  5.7000E+01  6.6430E-04
  5.8000E+01  7.5018E-04
  5.9000E+01  8.2769E-04
  6.0000E+01  8.9683E-04
  6.1000E+01  9.5760E-04
  6.2000E+01  1.0100E-03
  6.3000E+01  1.0540E-03
  6.4000E+01  1.0897E-03
  6.5000E+01  1.1170E-03
  6.6000E+01  1.1359E-03
  6.7000E+01  1.1465E-03
  6.8000E+01  1.1971E-03
  6.9000E+01  1.2491E-03
  7.0000E+01  1.3019E-03
  7.1000E+01  1.3553E-03
  7.2000E+01  1.4094E-03
  7.3000E+01  1.4643E-03
  7.4000E+01  1.5198E-03
  7.5000E+01  1.5761E-03
  7.6000E+01  1.6361E-03
  7.7000E+01  1.7025E-03
  7.8000E+01  1.7737E-03
  7.9000E+01  1.8497E-03
  8.0000E+01  1.9306E-03
  8.1000E+01  2.0163E-03
  8.2000E+01  2.1069E-03
  8.3000E+01  2.2027E-03
  8.4000E+01  2.3062E-03
  8.5000E+01  2.4181E-03
  8.6000E+01  2.5382E-03
  8.7000E+01  2.6666E-03
  8.8000E+01  2.8034E-03
  8.9000E+01  2.9484E-03
  9.0000E+01  3.1017E-03
  9.1000E+01  3.2633E-03
  9.2000E+01  3.4332E-03
  9.3000E+01  3.6114E-03
  9.4000E+01  3.7907E-03
  9.5000E+01  3.9718E-03
  9.6000E+01  4.1633E-03
  9.7000E+01  4.6043E-03
  9.8000E+01  4.9640E-03
  9.9000E+01  5.2851E-03
  1.0000E+02  5.5675E-03
  1.0100E+02  6.0491E-03
  1.0200E+02  6.9495E-03
  1.0300E+02  7.6196E-03
  1.0400E+02  7.9333E-03
  1.0500E+02  8.3630E-03
  1.0600E+02  8.9067E-03
  1.0700E+02  9.4127E-03
  1.0800E+02  9.9158E-03
  1.0900E+02  1.0437E-02
  1.1000E+02  1.0970E-02
  1.1100E+02  1.1514E-02
  1.1200E+02  1.2068E-02
  1.1300E+02  1.2633E-02
  1.1400E+02  1.4163E-02
  1.1500E+02  1.4688E-02
  1.1600E+02  1.7250E-02
  1.1700E+02  1.4246E-02
  1.1800E+02  1.4647E-02
  1.1900E+02  1.5046E-02
  1.2000E+02  1.5444E-02
  1.2100E+02  1.5839E-02
  1.2200E+02  1.6232E-02
  1.2300E+02  1.6623E-02
  1.2400E+02  1.7394E-02
  1.2500E+02  1.8029E-02
  1.2600E+02  1.8251E-02
  1.2700E+02  1.8665E-02
  1.2800E+02  1.9141E-02
  1.2900E+02  1.9810E-02
  1.3000E+02  2.0693E-02
  1.3100E+02  2.1556E-02
  1.3200E+02  2.2437E-02
  1.3300E+02  2.3919E-02
  1.3400E+02  2.5491E-02
  1.3500E+02  3.1504E-02
  1.3600E+02  3.3395E-02
  1.3700E+02  3.0503E-02
  1.3800E+02  3.2828E-02
  1.3900E+02  2.9526E-02
  1.4000E+02  2.9777E-02
  1.4100E+02  2.9443E-02
  1.4200E+02  2.9166E-02
  1.4300E+02  2.8882E-02
  1.4400E+02  2.8591E-02
  1.4500E+02  2.8291E-02
  1.4600E+02  2.8017E-02
  1.4700E+02  2.7745E-02
  1.4800E+02  2.7473E-02
  1.4900E+02  2.7197E-02
  1.5000E+02  2.6938E-02
  1.5100E+02  2.6866E-02
  1.5200E+02  2.6997E-02
  1.5300E+02  2.6864E-02
  1.5400E+02  2.6753E-02
  1.5500E+02  2.6413E-02
  1.5600E+02  2.4926E-02
  1.5700E+02  2.4095E-02
  1.5800E+02  2.3386E-02
  1.5900E+02  3.1513E-02
  1.6000E+02  2.1360E-02
  1.6100E+02  1.8200E-02
  1.6200E+02  1.7950E-02
  1.6300E+02  1.7692E-02
  1.6400E+02  1.7428E-02
  1.6500E+02  1.7157E-02
  1.6600E+02  1.6880E-02
  1.6700E+02  1.6601E-02
  1.6800E+02  1.6330E-02
  1.6900E+02  1.6067E-02
  1.7000E+02  1.5915E-02
  1.7100E+02  1.5859E-02
  1.7200E+02  1.5803E-02
  1.7300E+02  1.5656E-02
  1.7400E+02  1.5508E-02
  1.7500E+02  1.5358E-02
  1.7600E+02  1.5208E-02
  1.7700E+02  1.5056E-02
  1.7800E+02  1.4910E-02
  1.7900E+02  1.4786E-02
  1.8000E+02  1.4683E-02
  1.8100E+02  1.4603E-02
  1.8200E+02  1.4545E-02
  1.8300E+02  1.4305E-02
  1.8400E+02  1.4180E-02
  1.8500E+02  1.4247E-02
  1.8600E+02  1.4271E-02
  1.8700E+02  1.4246E-02
  1.8800E+02  1.4177E-02
  1.8900E+02  1.4256E-02
  1.9000E+02  1.4345E-02
  1.9100E+02  1.4468E-02
  1.9200E+02  1.4836E-02
  1.9300E+02  1.8214E-02
  1.9400E+02  1.7643E-02
  1.9500E+02  1.7636E-02
  1.9600E+02  1.7834E-02
  1.9700E+02  1.7974E-02
  1.9800E+02  1.8027E-02
  1.9900E+02  1.7991E-02
  2.0000E+02  1.7866E-02
  2.0100E+02  1.7015E-02
  2.0200E+02  1.5484E-02
  2.0300E+02  1.4374E-02
  2.0400E+02  1.3086E-02
  2.0500E+02  1.1622E-02
  2.0600E+02  9.9560E-03
  2.0700E+02  8.3401E-03
  2.0800E+02  6.8278E-03
  2.0900E+02  5.4190E-03
  2.1000E+02  4.1138E-03
  2.1100E+02  1.8687E-03
  2.1200E+02  1.4498E-03
  2.1300E+02  1.4729E-03
  2.1400E+02  1.4926E-03
  2.1500E+02  1.5092E-03
  2.1600E+02  1.5230E-03
  2.1700E+02  1.5337E-03
  2.1800E+02  1.5415E-03
  2.1900E+02  1.5652E-03
  2.2000E+02  1.5908E-03
  2.2100E+02  1.6166E-03
  2.2200E+02  1.6425E-03
  2.2300E+02  1.6687E-03
  2.2400E+02  1.6950E-03
  2.2500E+02  1.7215E-03
  2.2600E+02  1.7482E-03
  2.2700E+02  1.7751E-03
  2.2800E+02  1.8021E-03
  2.2900E+02  1.8293E-03
  2.3000E+02  1.8568E-03
  2.3100E+02  1.8844E-03
  2.3200E+02  1.9121E-03
  2.3300E+02  1.9401E-03
  2.3400E+02  1.9682E-03
  2.3500E+02  1.9966E-03
  2.3600E+02  2.0251E-03
  2.3700E+02  2.0538E-03
  2.3800E+02  2.0826E-03
  2.3900E+02  2.1117E-03
  2.4000E+02  2.1409E-03
  2.4100E+02  2.1703E-03
  2.4200E+02  2.1999E-03
  2.4300E+02  2.2297E-03
  2.4400E+02  2.2646E-03
  2.4500E+02  2.3092E-03
  2.4600E+02  2.3634E-03
  2.4700E+02  2.4175E-03
  2.4800E+02  2.4687E-03
  2.4900E+02  2.5183E-03
  2.5000E+02  2.5665E-03
  2.5100E+02  2.6138E-03
  2.5200E+02  2.6602E-03
  2.5300E+02  2.7059E-03
  2.5400E+02  2.7508E-03
  2.5500E+02  2.7948E-03
  2.5600E+02  2.8381E-03
  2.5700E+02  2.8806E-03
  2.5800E+02  2.9223E-03
  2.5900E+02  2.9632E-03
  2.6000E+02  3.0033E-03
  2.6100E+02  3.0426E-03
  2.6200E+02  3.0811E-03
  2.6300E+02  3.1189E-03
  2.6400E+02  3.1609E-03
  2.6500E+02  3.2059E-03
  2.6600E+02  3.2525E-03
  2.6700E+02  3.3007E-03
  2.6800E+02  3.3506E-03
  2.6900E+02  3.4022E-03
  2.7000E+02  3.4554E-03
  2.7100E+02  3.5103E-03
  2.7200E+02  3.5668E-03
  2.7300E+02  3.6249E-03
  2.7400E+02  3.6848E-03
  2.7500E+02  3.7463E-03
  2.7600E+02  3.8096E-03
  2.7700E+02  3.8746E-03
  2.7800E+02  3.9413E-03
  2.7900E+02  4.0097E-03
  2.8000E+02  4.0799E-03
  2.8100E+02  4.1521E-03
  2.8200E+02  4.2260E-03
  2.8300E+02  4.3017E-03
  2.8400E+02  4.3791E-03
  2.8500E+02  4.4581E-03
  2.8600E+02  4.5390E-03
  2.8700E+02  4.6215E-03
  2.8800E+02  4.7071E-03
  2.8900E+02  4.8271E-03
  2.9000E+02  4.9625E-03
  2.9100E+02  5.0884E-03
  2.9200E+02  5.2052E-03
  2.9300E+02  5.3130E-03
  2.9400E+02  5.4118E-03
  2.9500E+02  5.5017E-03
  2.9600E+02  5.5825E-03
  2.9700E+02  5.6568E-03
  2.9800E+02  5.7719E-03
  2.9900E+02  5.8884E-03
  3.0000E+02  6.0064E-03
  3.0100E+02  6.1259E-03
  3.0200E+02  6.2469E-03
  3.0300E+02  6.3694E-03
  3.0400E+02  6.4933E-03
  3.0500E+02  6.6187E-03
  3.0600E+02  6.7455E-03
  3.0700E+02  6.8739E-03
  3.0800E+02  7.0236E-03
  3.0900E+02  7.2044E-03
  3.1000E+02  7.3788E-03
  3.1100E+02  7.5466E-03
  3.1200E+02  7.7080E-03
  3.1300E+02  7.8630E-03
  3.1400E+02  8.0872E-03
  3.1500E+02  8.3406E-03
  3.1600E+02  8.6220E-03
  3.1700E+02  8.9315E-03
  3.1800E+02  9.2690E-03
  3.1900E+02  9.6342E-03
  3.2000E+02  1.0028E-02
  3.2100E+02  1.0449E-02
  3.2200E+02  1.0899E-02
  3.2300E+02  1.1377E-02
  3.2400E+02  1.2429E-02
  3.2500E+02  1.3299E-02
  3.2600E+02  1.3910E-02
  3.2700E+02  1.4312E-02
  3.2800E+02  1.4551E-02
  3.2900E+02  1.4703E-02
  3.3000E+02  1.4768E-02
  3.3100E+02  1.4746E-02
  3.3200E+02  1.4638E-02
  3.3300E+02  1.4567E-02
  3.3400E+02  1.4543E-02
  3.3500E+02  1.4538E-02
  3.3600E+02  1.4453E-02
  3.3700E+02  1.4268E-02
  3.3800E+02  1.3969E-02
  3.3900E+02  1.3549E-02
  3.4000E+02  1.3134E-02
  3.4100E+02  1.2883E-02
  3.4200E+02  1.2765E-02
  3.4300E+02  1.2367E-02
  3.4400E+02  1.1776E-02
  3.4500E+02  1.1170E-02
  3.4600E+02  1.0546E-02
  3.4700E+02  9.9069E-03
  3.4800E+02  9.1666E-03
  3.4900E+02  8.5061E-03
  3.5000E+02  7.9800E-03
  3.5100E+02  7.3006E-03
  3.5200E+02  6.6794E-03
  3.5300E+02  6.1571E-03
  3.5400E+02  5.8142E-03
  3.5500E+02  5.5171E-03
  3.5600E+02  5.2343E-03
  3.5700E+02  4.9001E-03
  3.5800E+02  4.5863E-03
  3.5900E+02  4.2928E-03
  3.6000E+02  4.0197E-03
  3.6100E+02  3.7677E-03
  3.6200E+02  3.5368E-03
  3.6300E+02  3.3271E-03
  3.6400E+02  3.1385E-03
  3.6500E+02  2.9710E-03
  3.6600E+02  2.8325E-03
  3.6700E+02  2.7582E-03
  3.6800E+02  2.7047E-03
  3.6900E+02  2.6721E-03
  3.7000E+02  2.6602E-03
  3.7100E+02  2.6692E-03
  3.7200E+02  2.6990E-03
  3.7300E+02  2.7497E-03
  3.7400E+02  2.8212E-03
  3.7500E+02  2.9135E-03
  3.7600E+02  3.0265E-03
  3.7700E+02  3.1586E-03
  3.7800E+02  3.3090E-03
  3.7900E+02  3.4776E-03
  3.8000E+02  3.6729E-03
  3.8100E+02  3.7922E-03
  3.8200E+02  4.0999E-03
  3.8300E+02  4.5102E-03
  3.8400E+02  4.8919E-03
  3.8500E+02  5.2497E-03
  3.8600E+02  5.5956E-03
  3.8700E+02  5.9610E-03
  3.8800E+02  6.3613E-03
  3.8900E+02  6.7964E-03
  3.9000E+02  7.2663E-03
  3.9100E+02  7.7711E-03
  3.9200E+02  8.3106E-03
  3.9300E+02  8.8729E-03
  3.9400E+02  9.3514E-03
  3.9500E+02  9.7486E-03
  3.9600E+02  1.0120E-02
  3.9700E+02  1.0623E-02
  3.9800E+02  1.1203E-02
  3.9900E+02  1.1358E-02
  4.0000E+02  1.1429E-02
  4.0100E+02  1.2354E-02
  4.0200E+02  1.3753E-02
  4.0300E+02  1.2765E-02
  4.0400E+02  1.1196E-02
  4.0500E+02  1.1117E-02
  4.0600E+02  1.1083E-02
  4.0700E+02  1.1092E-02
  4.0800E+02  1.1147E-02
  4.0900E+02  1.1242E-02
  4.1000E+02  1.1362E-02
  4.1100E+02  1.1508E-02
  4.1200E+02  1.1651E-02
  4.1300E+02  1.1743E-02
  4.1400E+02  1.1825E-02
  4.1500E+02  1.1896E-02
  4.1600E+02  1.1958E-02
  4.1700E+02  1.2011E-02
  4.1800E+02  1.2055E-02
  4.1900E+02  1.2094E-02
  4.2000E+02  1.2125E-02
  4.2100E+02  1.2150E-02
  4.2200E+02  1.2168E-02
  4.2300E+02  1.2204E-02
  4.2400E+02  1.2581E-02
  4.2500E+02  1.3507E-02
  4.2600E+02  1.3700E-02
  4.2700E+02  1.3673E-02
  4.2800E+02  1.3511E-02
  4.2900E+02  1.3133E-02
  4.3000E+02  1.2606E-02
  4.3100E+02  1.0713E-02
  4.3200E+02  1.0398E-02
  4.3300E+02  1.0159E-02
  4.3400E+02  9.9221E-03
  4.3500E+02  9.6644E-03
  4.3600E+02  9.4056E-03
  4.3700E+02  9.2614E-03
  4.3800E+02  9.1193E-03
  4.3900E+02  8.9793E-03
  4.4000E+02  8.8414E-03
  4.4100E+02  8.7057E-03
  4.4200E+02  8.5720E-03
  4.4300E+02  8.4405E-03
  4.4400E+02  8.3111E-03
  4.4500E+02  8.1838E-03
  4.4600E+02  8.0586E-03
  4.4700E+02  7.9356E-03
  4.4800E+02  7.8146E-03
  4.4900E+02  7.6958E-03
  4.5000E+02  7.5791E-03
  4.5100E+02  7.4745E-03
  4.5200E+02  7.3933E-03
  4.5300E+02  7.3353E-03
  4.5400E+02  7.2785E-03
  4.5500E+02  7.2636E-03
  4.5600E+02  7.2943E-03
  4.5700E+02  7.3617E-03
  4.5800E+02  7.4718E-03
  4.5900E+02  7.6752E-03
  4.6000E+02  7.3237E-03
  4.6100E+02  8.9275E-03
  4.6200E+02  7.9881E-03
  4.6300E+02  6.8033E-03
  4.6400E+02  6.6852E-03
  4.6500E+02  6.5678E-03
  4.6600E+02  6.4511E-03
  4.6700E+02  6.3350E-03
  4.6800E+02  6.2197E-03
  4.6900E+02  6.1050E-03
  4.7000E+02  5.9910E-03
  4.7100E+02  5.8777E-03
  4.7200E+02  5.7651E-03
  4.7300E+02  5.6531E-03
  4.7400E+02  1.2076E-02
  4.7500E+02  3.0619E-02
  4.7600E+02  4.9357E-02
  4.7700E+02  7.2443E-02
  4.7800E+02  8.4478E-02
  4.7900E+02  8.5135E-02
  4.8000E+02  7.7276E-02
  4.8100E+02  6.8105E-02
  4.8200E+02  6.8357E-02
  4.8300E+02  6.8709E-02
  4.8400E+02  6.9767E-02
  4.8500E+02  7.1016E-02
  4.8600E+02  7.0860E-02
  4.8700E+02  7.0917E-02
  4.8800E+02  7.2474E-02
  4.8900E+02  6.9917E-02
  4.9000E+02  7.0632E-02
  4.9100E+02  7.2182E-02
  4.9200E+02  7.3878E-02
  4.9300E+02  7.5653E-02
  4.9400E+02  7.8578E-02
  4.9500E+02  9.0279E-02
  4.9600E+02  8.0680E-02
  4.9700E+02  7.4972E-02
  4.9800E+02  6.9751E-02
  4.9900E+02  6.4430E-02
  5.0000E+02  6.5854E-02
  5.0100E+02  4.0423E-02
  5.0200E+02  3.4159E-02
  5.0300E+02  2.8890E-02
  5.0400E+02  2.3555E-02
  5.0500E+02  1.8786E-02
  5.0600E+02  1.6709E-02
  5.0700E+02  1.4920E-02
  5.0800E+02  1.3419E-02
  5.0900E+02  1.2203E-02
  5.1000E+02  1.1193E-02
  5.1100E+02  1.0444E-02
  5.1200E+02  9.9618E-03
  5.1300E+02  8.6566E-03
  5.1400E+02  7.3175E-03
  5.1500E+02  6.3592E-03
  5.1600E+02  5.3291E-03
  5.1700E+02  4.2273E-03
  5.1800E+02  3.2423E-03
  5.1900E+02  3.1898E-03
  5.2000E+02  1.9117E-03
  5.2100E+02  5.0732E-04
  5.2200E+02  1.2505E-04
  5.2300E+02  0.0000E+00
