  0.0000E+00  0.0000E+00
  1.0000E+00  1.8036E-07
  2.0000E+00  7.2146E-07
  3.0000E+00  1.6233E-06
  4.0000E+00  2.8859E-06
  5.0000E+00  4.5092E-06
  6.0000E+00  6.4932E-06
  7.0000E+00  8.8380E-06
  8.0000E+00  1.1543E-05
  9.0000E+00  1.4610E-05
  1.0000E+01  1.8037E-05
  1.1000E+01  2.1824E-05
  1.2000E+01  2.5973E-05
  1.3000E+01  3.0482E-05
  1.4000E+01  3.5352E-05
  1.5000E+01  4.0583E-05
  1.6000E+01  4.6174E-05
  1.7000E+01  5.2126E-05
  1.8000E+01  5.8439E-05
  1.9000E+01  6.5113E-05
  2.0000E+01  7.2147E-05
  2.1000E+01  7.9542E-05
  2.2000E+01  8.7298E-05
  2.3000E+01  9.5414E-05
  2.4000E+01  1.0389E-04
  2.5000E+01  1.1273E-04
  2.6000E+01  1.2193E-04
  2.7000E+01  1.3149E-04
  2.8000E+01  1.4141E-04
  2.9000E+01  1.5169E-04
  3.0000E+01  1.6233E-04
  3.1000E+01  1.7333E-04
  3.2000E+01  1.8470E-04
  3.3000E+01  1.9642E-04
  3.4000E+01  2.0850E-04
  3.5000E+01  2.2095E-04
  3.6000E+01  2.3376E-04
  3.7000E+01  2.4692E-04
  3.8000E+01  2.6045E-04
  3.9000E+01  2.7434E-04
  4.0000E+01  2.8859E-04
  4.1000E+01  3.0320E-04
  4.2000E+01  3.1817E-04
  4.3000E+01  3.3350E-04
  4.4000E+01  3.4919E-04
  4.5000E+01  3.6524E-04
  4.6000E+01  3.8166E-04
  4.7000E+01  3.9843E-04
  4.8000E+01  4.1557E-04
  4.9000E+01  4.3306E-04
  5.0000E+01  4.5092E-04
  5.1000E+01  4.6914E-04
  5.2000E+01  4.8771E-04
  5.3000E+01  5.0665E-04
  5.4000E+01  5.2595E-04
  5.5000E+01  5.4561E-04
  5.6000E+01  5.6563E-04
  5.7000E+01  5.8601E-04
  5.8000E+01  6.0676E-04
  5.9000E+01  6.2786E-04
  6.0000E+01  6.4932E-04
  6.1000E+01  6.7115E-04
  6.2000E+01  6.9333E-04
  6.3000E+01  7.1588E-04
  6.4000E+01  7.3879E-04
  6.5000E+01  7.6205E-04
  6.6000E+01  7.8568E-04
  6.7000E+01  8.0967E-04
  6.8000E+01  8.3402E-04
  6.9000E+01  8.5873E-04
  7.0000E+01  8.8380E-04
  7.1000E+01  9.0923E-04
  7.2000E+01  9.3503E-04
  7.3000E+01  9.6118E-04
  7.4000E+01  9.8769E-04
  7.5000E+01  1.0146E-03
  7.6000E+01  1.0418E-03
  7.7000E+01  1.0694E-03
  7.8000E+01  1.0974E-03
  7.9000E+01  1.1257E-03
  8.0000E+01  1.1544E-03
  8.1000E+01  1.1834E-03
  8.2000E+01  1.2128E-03
  8.3000E+01  1.3021E-03
  8.4000E+01  1.6430E-03
  8.5000E+01  1.9814E-03
  8.6000E+01  2.3174E-03
  8.7000E+01  2.6509E-03
  8.8000E+01  2.9820E-03
  8.9000E+01  3.3106E-03
  9.0000E+01  3.6367E-03
  9.1000E+01  3.9604E-03
  9.2000E+01  4.2816E-03
  9.3000E+01  4.6004E-03
  9.4000E+01  4.9168E-03
  9.5000E+01  5.2307E-03
  9.6000E+01  5.5421E-03
  9.7000E+01  5.8510E-03
  9.8000E+01  6.1576E-03
  9.9000E+01  6.4616E-03
  1.0000E+02  6.7632E-03
  1.0100E+02  7.0624E-03
  1.0200E+02  7.4863E-03
  1.0300E+02  7.9472E-03
  1.0400E+02  8.4035E-03
  1.0500E+02  8.8550E-03
  1.0600E+02  9.3019E-03
  1.0700E+02  9.7441E-03
  1.0800E+02  1.0182E-02
  1.0900E+02  1.0614E-02
  1.1000E+02  1.1042E-02
  1.1100E+02  1.1479E-02
  1.1200E+02  1.1929E-02
  1.1300E+02  1.2390E-02
  1.1400E+02  1.2864E-02
  1.1500E+02  1.3351E-02
  1.1600E+02  1.3850E-02
  1.1700E+02  1.4361E-02
  1.1800E+02  1.4885E-02
  1.1900E+02  1.5421E-02
  1.2000E+02  1.5970E-02
  1.2100E+02  1.6531E-02
  1.2200E+02  1.7311E-02
  1.2300E+02  1.9434E-02
  1.2400E+02  2.1445E-02
  1.2500E+02  2.3344E-02
  1.2600E+02  2.5132E-02
  1.2700E+02  2.6807E-02
  1.2800E+02  2.8371E-02
  1.2900E+02  2.9452E-02
  1.3000E+02  3.0453E-02
  1.3100E+02  3.1471E-02
  1.3200E+02  3.2507E-02
  1.3300E+02  3.3561E-02
  1.3400E+02  2.9136E-02
  1.3500E+02  2.8185E-02
  1.3600E+02  2.7093E-02
  1.3700E+02  2.4906E-02
  1.3800E+02  2.3069E-02
  1.3900E+02  2.1579E-02
  1.4000E+02  2.1139E-02
  1.4100E+02  2.0956E-02
  1.4200E+02  2.0779E-02
  1.4300E+02  2.0609E-02
  1.4400E+02  2.0444E-02
  1.4500E+02  2.0285E-02
  1.4600E+02  2.0132E-02
  1.4700E+02  1.9985E-02
  1.4800E+02  1.9844E-02
  1.4900E+02  1.9709E-02
  1.5000E+02  1.9579E-02
  1.5100E+02  1.9456E-02
  1.5200E+02  1.9338E-02
  1.5300E+02  1.9227E-02
  1.5400E+02  1.9121E-02
  1.5500E+02  1.9021E-02
  1.5600E+02  1.8928E-02
  1.5700E+02  1.8840E-02
  1.5800E+02  1.8758E-02
  1.5900E+02  1.8682E-02
  1.6000E+02  1.8611E-02
  1.6100E+02  1.8547E-02
  1.6200E+02  1.8489E-02
  1.6300E+02  1.8436E-02
  1.6400E+02  1.8390E-02
  1.6500E+02  1.8349E-02
  1.6600E+02  1.8314E-02
  1.6700E+02  1.9046E-02
  1.6800E+02  2.0945E-02
  1.6900E+02  2.1826E-02
  1.7000E+02  2.1688E-02
  1.7100E+02  2.0532E-02
  1.7200E+02  1.9376E-02
  1.7300E+02  1.9389E-02
  1.7400E+02  1.9411E-02
  1.7500E+02  1.9441E-02
  1.7600E+02  1.9480E-02
  1.7700E+02  1.9528E-02
  1.7800E+02  1.9584E-02
  1.7900E+02  1.7831E-02
  1.8000E+02  1.8308E-02
  1.8100E+02  1.8797E-02
  1.8200E+02  1.9296E-02
  1.8300E+02  1.9806E-02
  1.8400E+02  2.0328E-02
  1.8500E+02  2.0860E-02
  1.8600E+02  2.1402E-02
  1.8700E+02  2.1956E-02
  1.8800E+02  2.2521E-02
  1.8900E+02  2.5139E-02
  1.9000E+02  2.6252E-02
  1.9100E+02  2.7308E-02
  1.9200E+02  2.8620E-02
  1.9300E+02  3.0262E-02
  1.9400E+02  3.1678E-02
  1.9500E+02  3.2869E-02
  1.9600E+02  6.3848E-02
  1.9700E+02  2.5130E-03
  1.9800E+02  2.3782E-03
  1.9900E+02  2.0752E-03
  2.0000E+02  1.6040E-03
  2.0100E+02  1.1971E-03
  2.0200E+02  1.2242E-03
  2.0300E+02  1.2515E-03
  2.0400E+02  1.2791E-03
  2.0500E+02  1.3068E-03
  2.0600E+02  1.3347E-03
  2.0700E+02  1.3628E-03
  2.0800E+02  1.3911E-03
  2.0900E+02  1.4196E-03
  2.1000E+02  1.4482E-03
  2.1100E+02  1.4771E-03
  2.1200E+02  1.5062E-03
  2.1300E+02  1.5354E-03
  2.1400E+02  1.5648E-03
  2.1500E+02  1.5944E-03
  2.1600E+02  1.6242E-03
  2.1700E+02  1.6542E-03
  2.1800E+02  1.6844E-03
  2.1900E+02  1.7148E-03
  2.2000E+02  1.7454E-03
  2.2100E+02  1.7761E-03
  2.2200E+02  1.8071E-03
  2.2300E+02  1.8382E-03
  2.2400E+02  1.8695E-03
  2.2500E+02  1.9010E-03
  2.2600E+02  1.9327E-03
  2.2700E+02  1.9646E-03
  2.2800E+02  1.9967E-03
  2.2900E+02  2.0290E-03
  2.3000E+02  2.0614E-03
  2.3100E+02  2.0941E-03
  2.3200E+02  2.1269E-03
  2.3300E+02  2.1600E-03
  2.3400E+02  2.1932E-03
  2.3500E+02  2.2266E-03
  2.3600E+02  2.2602E-03
  2.3700E+02  2.2940E-03
  2.3800E+02  2.3279E-03
  2.3900E+02  2.3621E-03
  2.4000E+02  2.3965E-03
  2.4100E+02  2.4310E-03
  2.4200E+02  2.4657E-03
  2.4300E+02  2.5007E-03
  2.4400E+02  2.5358E-03
  2.4500E+02  2.5711E-03
  2.4600E+02  2.6066E-03
  2.4700E+02  2.6423E-03
  2.4800E+02  2.6781E-03
  2.4900E+02  2.7239E-03
  2.5000E+02  2.7742E-03
  2.5100E+02  2.8248E-03
  2.5200E+02  2.8760E-03
  2.5300E+02  2.9277E-03
  2.5400E+02  2.9799E-03
  2.5500E+02  3.0326E-03
  2.5600E+02  3.0857E-03
  2.5700E+02  3.1394E-03
  2.5800E+02  3.1935E-03
  2.5900E+02  3.2482E-03
  2.6000E+02  3.3033E-03
  2.6100E+02  3.3590E-03
  2.6200E+02  3.4151E-03
  2.6300E+02  3.4717E-03
  2.6400E+02  3.5288E-03
  2.6500E+02  3.5864E-03
  2.6600E+02  3.6445E-03
  2.6700E+02  3.7031E-03
  2.6800E+02  3.7622E-03
  2.6900E+02  3.8218E-03
  2.7000E+02  3.8819E-03
  2.7100E+02  3.9425E-03
  2.7200E+02  4.0035E-03
  2.7300E+02  4.0651E-03
  2.7400E+02  4.1272E-03
  2.7500E+02  4.1897E-03
  2.7600E+02  4.2527E-03
  2.7700E+02  4.3163E-03
  2.7800E+02  4.3803E-03
  2.7900E+02  4.4448E-03
  2.8000E+02  4.5099E-03
  2.8100E+02  4.5754E-03
  2.8200E+02  4.6414E-03
  2.8300E+02  4.7079E-03
  2.8400E+02  4.7749E-03
  2.8500E+02  4.8424E-03
  2.8600E+02  4.9188E-03
  2.8700E+02  5.0529E-03
  2.8800E+02  5.1910E-03
  2.8900E+02  5.3330E-03
  2.9000E+02  5.4791E-03
  2.9100E+02  5.6291E-03
  2.9200E+02  5.7830E-03
  2.9300E+02  5.9410E-03
  2.9400E+02  6.1029E-03
  2.9500E+02  6.2689E-03
  2.9600E+02  6.4387E-03
  2.9700E+02  6.6126E-03
  2.9800E+02  6.7905E-03
  2.9900E+02  6.9723E-03
  3.0000E+02  7.1581E-03
  3.0100E+02  7.3479E-03
  3.0200E+02  7.5416E-03
  3.0300E+02  7.7393E-03
  3.0400E+02  7.9411E-03
  3.0500E+02  8.1467E-03
  3.0600E+02  8.3564E-03
  3.0700E+02  8.5700E-03
  3.0800E+02  8.7877E-03
  3.0900E+02  9.0092E-03
  3.1000E+02  9.2348E-03
  3.1100E+02  9.4644E-03
  3.1200E+02  9.6979E-03
  3.1300E+02  9.9354E-03
  3.1400E+02  1.0177E-02
  3.1500E+02  1.0422E-02
  3.1600E+02  1.0672E-02
  3.1700E+02  1.0925E-02
  3.1800E+02  1.1183E-02
  3.1900E+02  1.1444E-02
  3.2000E+02  1.1709E-02
  3.2100E+02  1.1979E-02
  3.2200E+02  1.2252E-02
  3.2300E+02  1.2529E-02
  3.2400E+02  1.2810E-02
  3.2500E+02  1.3096E-02
  3.2600E+02  1.3385E-02
  3.2700E+02  1.9269E-02
  3.2800E+02  1.8976E-02
  3.2900E+02  1.8657E-02
  3.3000E+02  1.8309E-02
  3.3100E+02  1.7934E-02
  3.3200E+02  1.7532E-02
  3.3300E+02  1.7101E-02
  3.3400E+02  1.5440E-02
  3.3500E+02  1.3514E-02
  3.3600E+02  1.1835E-02
  3.3700E+02  1.0401E-02
  3.3800E+02  9.2142E-03
  3.3900E+02  8.2732E-03
  3.4000E+02  7.8286E-03
  3.4100E+02  7.6650E-03
  3.4200E+02  7.5000E-03
  3.4300E+02  7.3337E-03
  3.4400E+02  7.1658E-03
  3.4500E+02  6.9966E-03
  3.4600E+02  6.8260E-03
  3.4700E+02  6.6539E-03
  3.4800E+02  6.4804E-03
  3.4900E+02  6.3055E-03
  3.5000E+02  6.1292E-03
  3.5100E+02  5.9515E-03
  3.5200E+02  5.7723E-03
  3.5300E+02  5.5918E-03
  3.5400E+02  5.4098E-03
  3.5500E+02  5.2264E-03
  3.5600E+02  5.0415E-03
  3.5700E+02  4.8553E-03
  3.5800E+02  4.6677E-03
  3.5900E+02  4.4786E-03
  3.6000E+02  4.2817E-03
  3.6100E+02  4.0760E-03
  3.6200E+02  3.8730E-03
  3.6300E+02  3.6726E-03
  3.6400E+02  3.4749E-03
  3.6500E+02  3.2799E-03
  3.6600E+02  3.0875E-03
  3.6700E+02  2.8978E-03
  3.6800E+02  2.7108E-03
  3.6900E+02  2.5264E-03
  3.7000E+02  2.3447E-03
  3.7100E+02  2.1657E-03
  3.7200E+02  1.9893E-03
  3.7300E+02  1.8156E-03
  3.7400E+02  1.6445E-03
  3.7500E+02  1.4761E-03
  3.7600E+02  1.3104E-03
  3.7700E+02  1.1473E-03
  3.7800E+02  9.8693E-04
  3.7900E+02  8.2920E-04
  3.8000E+02  6.7413E-04
  3.8100E+02  5.2172E-04
  3.8200E+02  3.7198E-04
  3.8300E+02  2.2490E-04
  3.8400E+02  8.0485E-05
  3.8500E+02  5.8492E-05
  3.8600E+02  7.1260E-04
  3.8700E+02  1.3933E-03
  3.8800E+02  2.1006E-03
  3.8900E+02  2.8346E-03
  3.9000E+02  3.5951E-03
  3.9100E+02  4.3822E-03
  3.9200E+02  5.1960E-03
  3.9300E+02  6.0363E-03
  3.9400E+02  6.9033E-03
  3.9500E+02  7.7969E-03
  3.9600E+02  8.7171E-03
  3.9700E+02  9.6639E-03
  3.9800E+02  1.0637E-02
  3.9900E+02  1.1637E-02
  4.0000E+02  1.2664E-02
  4.0100E+02  1.8057E-02
  4.0200E+02  1.7456E-02
  4.0300E+02  1.6883E-02
  4.0400E+02  1.6338E-02
  4.0500E+02  1.5820E-02
  4.0600E+02  1.5330E-02
  4.0700E+02  1.4868E-02
  4.0800E+02  1.4433E-02
  4.0900E+02  1.2964E-02
  4.1000E+02  1.2927E-02
  4.1100E+02  1.2888E-02
  4.1200E+02  1.2847E-02
  4.1300E+02  1.2804E-02
  4.1400E+02  1.2758E-02
  4.1500E+02  1.2710E-02
  4.1600E+02  1.2661E-02
  4.1700E+02  1.2608E-02
  4.1800E+02  1.2554E-02
  4.1900E+02  1.2498E-02
  4.2000E+02  1.2439E-02
  4.2100E+02  1.2378E-02
  4.2200E+02  1.2315E-02
  4.2300E+02  1.2250E-02
  4.2400E+02  1.2182E-02
  4.2500E+02  1.2112E-02
  4.2600E+02  1.2040E-02
  4.2700E+02  1.1966E-02
  4.2800E+02  1.1890E-02
  4.2900E+02  1.1811E-02
  4.3000E+02  1.1731E-02
  4.3100E+02  1.1648E-02
  4.3200E+02  1.1562E-02
  4.3300E+02  1.1475E-02
  4.3400E+02  1.1385E-02
  4.3500E+02  1.1294E-02
  4.3600E+02  1.1200E-02
  4.3700E+02  1.1103E-02
  4.3800E+02  1.1005E-02
  4.3900E+02  1.0904E-02
  4.4000E+02  1.0802E-02
  4.4100E+02  1.0697E-02
  4.4200E+02  1.0589E-02
  4.4300E+02  1.0480E-02
  4.4400E+02  1.0368E-02
  4.4500E+02  1.0255E-02
  4.4600E+02  1.0139E-02
  4.4700E+02  1.0020E-02
  4.4800E+02  9.9000E-03
  4.4900E+02  9.7773E-03
  4.5000E+02  9.6525E-03
  4.5100E+02  1.0990E-02
  4.5200E+02  1.1880E-02
  4.5300E+02  1.2035E-02
  4.5400E+02  1.1454E-02
  4.5500E+02  2.0819E-02
  4.5600E+02  1.0994E-02
  4.5700E+02  8.9536E-03
  4.5800E+02  7.4359E-03
  4.5900E+02  6.4414E-03
  4.6000E+02  5.9700E-03
  4.6100E+02  5.8508E-03
  4.6200E+02  5.7360E-03
  4.6300E+02  5.6225E-03
  4.6400E+02  5.5101E-03
  4.6500E+02  5.3990E-03
  4.6600E+02  5.2890E-03
  4.6700E+02  5.1802E-03
  4.6800E+02  5.0726E-03
  4.6900E+02  4.9663E-03
  4.7000E+02  4.8611E-03
  4.7100E+02  4.7571E-03
  4.7200E+02  4.6543E-03
  4.7300E+02  4.5527E-03
  4.7400E+02  4.4523E-03
  4.7500E+02  2.1507E-02
  4.7600E+02  3.2076E-02
  4.7700E+02  4.1952E-02
  4.7800E+02  5.1133E-02
  4.7900E+02  5.9621E-02
  4.8000E+02  8.0950E-02
  4.8100E+02  8.3755E-02
  4.8200E+02  8.4462E-02
  4.8300E+02  8.3070E-02
  4.8400E+02  8.5787E-02
  4.8500E+02  9.0419E-02
  4.8600E+02  9.3275E-02
  4.8700E+02  8.4620E-02
  4.8800E+02  8.1625E-02
  4.8900E+02  7.9209E-02
  4.9000E+02  7.6788E-02
  4.9100E+02  7.4362E-02
  4.9200E+02  7.1931E-02
  4.9300E+02  6.9705E-02
  4.9400E+02  6.7905E-02
  4.9500E+02  6.8188E-02
  4.9600E+02  7.0749E-02
  4.9700E+02  7.2778E-02
  4.9800E+02  7.4273E-02
  4.9900E+02  7.5533E-02
  5.0000E+02  6.1384E-02
  5.0100E+02  4.6670E-02
  5.0200E+02  3.6070E-02
  5.0300E+02  3.0967E-02
  5.0400E+02  2.7186E-02
  5.0500E+02  2.3660E-02
  5.0600E+02  2.0572E-02
  5.0700E+02  1.7729E-02
  5.0800E+02  1.5132E-02
  5.0900E+02  2.0269E-02
  5.1000E+02  5.9719E-03
  5.1100E+02  5.0876E-03
  5.1200E+02  4.2741E-03
  5.1300E+02  3.5314E-03
  5.1400E+02  2.8595E-03
  5.1500E+02  2.2585E-03
  5.1600E+02  1.7283E-03
  5.1700E+02  1.2689E-03
  5.1800E+02  8.8037E-04
  5.1900E+02  5.6265E-04
  5.2000E+02  3.1575E-04
  5.2100E+02  1.3968E-04
  5.2200E+02  3.4429E-05
  5.2300E+02  0.0000E+00
