 -1.6947E-05  0.0000E+00
  9.9998E-01  9.1137E-08
  2.0000E+00  3.6455E-07
  3.0000E+00  8.2024E-07
  4.0000E+00  1.4582E-06
  5.0000E+00  2.2784E-06
  6.0000E+00  3.2809E-06
  7.0000E+00  4.4657E-06
  8.0000E+00  5.8328E-06
  9.0000E+00  7.3821E-06
  1.0000E+01  9.1137E-06
  1.1000E+01  1.1028E-05
  1.2000E+01  1.3124E-05
  1.3000E+01  1.5402E-05
  1.4000E+01  1.7863E-05
  1.5000E+01  2.0506E-05
  1.6000E+01  2.3331E-05
  1.7000E+01  2.6339E-05
  1.8000E+01  2.9529E-05
  1.9000E+01  3.2901E-05
  2.0000E+01  3.6455E-05
  2.1000E+01  4.0192E-05
  2.2000E+01  4.4111E-05
  2.3000E+01  4.8212E-05
  2.4000E+01  5.2495E-05
  2.5000E+01  5.6961E-05
  2.6000E+01  6.1609E-05
  2.7000E+01  6.6439E-05
  2.8000E+01  7.1452E-05
  2.9000E+01  7.6647E-05
  3.0000E+01  8.2024E-05
  3.1000E+01  8.7583E-05
  3.2000E+01  9.3325E-05
  3.3000E+01  9.9249E-05
  3.4000E+01  1.0535E-04
  3.5000E+01  1.1164E-04
  3.6000E+01  1.1811E-04
  3.7000E+01  1.2477E-04
  3.8000E+01  1.3160E-04
  3.9000E+01  1.3862E-04
  4.0000E+01  1.4582E-04
  4.1000E+01  1.5320E-04
  4.2000E+01  1.6077E-04
  4.3000E+01  1.6851E-04
  4.4000E+01  1.7644E-04
  4.5000E+01  1.8455E-04
  4.6000E+01  1.9285E-04
  4.7000E+01  2.0132E-04
  4.8000E+01  2.0998E-04
  4.9000E+01  2.1882E-04
  5.0000E+01  2.2784E-04
  5.1000E+01  2.3705E-04
  5.2000E+01  2.4644E-04
  5.3000E+01  2.5601E-04
  5.4000E+01  3.3508E-04
  5.5000E+01  4.4724E-04
  5.6000E+01  5.5123E-04
  5.7000E+01  6.4705E-04
  5.8000E+01  7.3469E-04
  5.9000E+01  8.1415E-04
  6.0000E+01  8.8544E-04
  6.1000E+01  9.4855E-04
  6.2000E+01  1.0035E-03
  6.3000E+01  1.0503E-03
  6.4000E+01  1.0888E-03
  6.5000E+01  1.1193E-03
  6.6000E+01  1.1415E-03
  6.7000E+01  1.1555E-03
  6.8000E+01  1.1960E-03
  6.9000E+01  1.2485E-03
  7.0000E+01  1.3018E-03
  7.1000E+01  1.3558E-03
  7.2000E+01  1.4105E-03
  7.3000E+01  1.4659E-03
  7.4000E+01  1.5220E-03
  7.5000E+01  1.5789E-03
  7.6000E+01  1.6380E-03
  7.7000E+01  1.7047E-03
  7.8000E+01  1.7766E-03
  7.9000E+01  1.8537E-03
  8.0000E+01  1.9361E-03
  8.1000E+01  2.0238E-03
  8.2000E+01  2.1167E-03
  8.3000E+01  2.2158E-03
  8.4000E+01  2.3224E-03
  8.5000E+01  2.4364E-03
  8.6000E+01  2.5579E-03
  8.7000E+01  2.6869E-03
  8.8000E+01  2.8233E-03
  8.9000E+01  2.9672E-03
  9.0000E+01  3.1186E-03
  9.1000E+01  3.2775E-03
  9.2000E+01  3.4438E-03
  9.3000E+01  3.6175E-03
  9.4000E+01  3.7922E-03
  9.5000E+01  3.9684E-03
  9.6000E+01  4.2589E-03
  9.7000E+01  4.6006E-03
  9.8000E+01  4.8908E-03
  9.9000E+01  5.1936E-03
  1.0000E+02  5.5140E-03
  1.0100E+02  5.8519E-03
  1.0200E+02  6.7309E-03
  1.0300E+02  7.5131E-03
  1.0400E+02  8.0353E-03
  1.0500E+02  8.2651E-03
  1.0600E+02  8.8102E-03
  1.0700E+02  9.3112E-03
  1.0800E+02  9.8386E-03
  1.0900E+02  1.0387E-02
  1.1000E+02  1.0947E-02
  1.1100E+02  1.1519E-02
  1.1200E+02  1.2102E-02
  1.1300E+02  1.2695E-02
  1.1400E+02  1.4521E-02
  1.1500E+02  1.4994E-02
  1.1600E+02  1.7545E-02
  1.1700E+02  1.4341E-02
  1.1800E+02  1.4747E-02
  1.1900E+02  1.5149E-02
  1.2000E+02  1.5546E-02
  1.2100E+02  1.5938E-02
  1.2200E+02  1.6326E-02
  1.2300E+02  1.6705E-02
  1.2400E+02  1.7466E-02
  1.2500E+02  1.8181E-02
  1.2600E+02  1.8263E-02
  1.2700E+02  1.8691E-02
  1.2800E+02  1.9185E-02
  1.2900E+02  1.9847E-02
  1.3000E+02  2.0681E-02
  1.3100E+02  2.1540E-02
  1.3200E+02  2.2510E-02
  1.3300E+02  2.3986E-02
  1.3400E+02  2.5395E-02
  1.3500E+02  3.0336E-02
  1.3600E+02  3.4229E-02
  1.3700E+02  3.0511E-02
  1.3800E+02  3.3050E-02
  1.3900E+02  2.9339E-02
  1.4000E+02  2.9574E-02
  1.4100E+02  2.9258E-02
  1.4200E+02  2.8993E-02
  1.4300E+02  2.8722E-02
  1.4400E+02  2.8446E-02
  1.4500E+02  2.8163E-02
  1.4600E+02  2.7892E-02
  1.4700E+02  2.7631E-02
  1.4800E+02  2.7368E-02
  1.4900E+02  2.7101E-02
  1.5000E+02  2.6869E-02
  1.5100E+02  2.6785E-02
  1.5200E+02  2.6848E-02
  1.5300E+02  2.6795E-02
  1.5400E+02  2.6756E-02
  1.5500E+02  2.6393E-02
  1.5600E+02  2.5121E-02
  1.5700E+02  2.4283E-02
  1.5800E+02  2.3567E-02
  1.5900E+02  2.5811E-02
  1.6000E+02  2.0952E-02
  1.6100E+02  1.8430E-02
  1.6200E+02  1.8168E-02
  1.6300E+02  1.7899E-02
  1.6400E+02  1.7622E-02
  1.6500E+02  1.7337E-02
  1.6600E+02  1.7044E-02
  1.6700E+02  1.6754E-02
  1.6800E+02  1.6471E-02
  1.6900E+02  1.6197E-02
  1.7000E+02  1.6043E-02
  1.7100E+02  1.5978E-02
  1.7200E+02  1.5913E-02
  1.7300E+02  1.5757E-02
  1.7400E+02  1.5599E-02
  1.7500E+02  1.5440E-02
  1.7600E+02  1.5279E-02
  1.7700E+02  1.5118E-02
  1.7800E+02  1.4970E-02
  1.7900E+02  1.4844E-02
  1.8000E+02  1.4740E-02
  1.8100E+02  1.4659E-02
  1.8200E+02  1.4537E-02
  1.8300E+02  1.4279E-02
  1.8400E+02  1.4233E-02
  1.8500E+02  1.4248E-02
  1.8600E+02  1.4242E-02
  1.8700E+02  1.4213E-02
  1.8800E+02  1.4182E-02
  1.8900E+02  1.4264E-02
  1.9000E+02  1.4351E-02
  1.9100E+02  1.4487E-02
  1.9200E+02  1.5209E-02
  1.9300E+02  1.8213E-02
  1.9400E+02  1.7425E-02
  1.9500E+02  1.7513E-02
  1.9600E+02  1.7696E-02
  1.9700E+02  1.7803E-02
  1.9800E+02  1.7825E-02
  1.9900E+02  1.7763E-02
  2.0000E+02  1.7616E-02
  2.0100E+02  1.6726E-02
  2.0200E+02  1.5293E-02
  2.0300E+02  1.4204E-02
  2.0400E+02  1.2938E-02
  2.0500E+02  1.1493E-02
  2.0600E+02  9.8505E-03
  2.0700E+02  8.2654E-03
  2.0800E+02  6.7803E-03
  2.0900E+02  5.3954E-03
  2.1000E+02  4.1105E-03
  2.1100E+02  1.9324E-03
  2.1200E+02  1.4539E-03
  2.1300E+02  1.4769E-03
  2.1400E+02  1.4956E-03
  2.1500E+02  1.5105E-03
  2.1600E+02  1.5215E-03
  2.1700E+02  1.5288E-03
  2.1800E+02  1.5419E-03
  2.1900E+02  1.5670E-03
  2.2000E+02  1.5923E-03
  2.2100E+02  1.6177E-03
  2.2200E+02  1.6434E-03
  2.2300E+02  1.6692E-03
  2.2400E+02  1.6953E-03
  2.2500E+02  1.7215E-03
  2.2600E+02  1.7480E-03
  2.2700E+02  1.7746E-03
  2.2800E+02  1.8014E-03
  2.2900E+02  1.8284E-03
  2.3000E+02  1.8556E-03
  2.3100E+02  1.8830E-03
  2.3200E+02  1.9106E-03
  2.3300E+02  1.9384E-03
  2.3400E+02  1.9664E-03
  2.3500E+02  1.9946E-03
  2.3600E+02  2.0230E-03
  2.3700E+02  2.0515E-03
  2.3800E+02  2.0803E-03
  2.3900E+02  2.1093E-03
  2.4000E+02  2.1384E-03
  2.4100E+02  2.1678E-03
  2.4200E+02  2.1973E-03
  2.4300E+02  2.2270E-03
  2.4400E+02  2.2607E-03
  2.4500E+02  2.3057E-03
  2.4600E+02  2.3621E-03
  2.4700E+02  2.4178E-03
  2.4800E+02  2.4699E-03
  2.4900E+02  2.5196E-03
  2.5000E+02  2.5674E-03
  2.5100E+02  2.6145E-03
  2.5200E+02  2.6608E-03
  2.5300E+02  2.7063E-03
  2.5400E+02  2.7510E-03
  2.5500E+02  2.7950E-03
  2.5600E+02  2.8382E-03
  2.5700E+02  2.8806E-03
  2.5800E+02  2.9222E-03
  2.5900E+02  2.9631E-03
  2.6000E+02  3.0031E-03
  2.6100E+02  3.0424E-03
  2.6200E+02  3.0809E-03
  2.6300E+02  3.1187E-03
  2.6400E+02  3.1622E-03
  2.6500E+02  3.2079E-03
  2.6600E+02  3.2552E-03
  2.6700E+02  3.3040E-03
  2.6800E+02  3.3545E-03
  2.6900E+02  3.4065E-03
  2.7000E+02  3.4601E-03
  2.7100E+02  3.5153E-03
  2.7200E+02  3.5721E-03
  2.7300E+02  3.6305E-03
  2.7400E+02  3.6905E-03
  2.7500E+02  3.7522E-03
  2.7600E+02  3.8155E-03
  2.7700E+02  3.8804E-03
  2.7800E+02  3.9470E-03
  2.7900E+02  4.0153E-03
  2.8000E+02  4.0852E-03
  2.8100E+02  4.1570E-03
  2.8200E+02  4.2307E-03
  2.8300E+02  4.3061E-03
  2.8400E+02  4.3832E-03
  2.8500E+02  4.4621E-03
  2.8600E+02  4.5428E-03
  2.8700E+02  4.6252E-03
  2.8800E+02  4.7134E-03
  2.8900E+02  4.8343E-03
  2.9000E+02  4.9635E-03
  2.9100E+02  5.0843E-03
  2.9200E+02  5.1968E-03
  2.9300E+02  5.3009E-03
  2.9400E+02  5.3967E-03
  2.9500E+02  5.4842E-03
  2.9600E+02  5.5633E-03
  2.9700E+02  5.6352E-03
  2.9800E+02  5.7485E-03
  2.9900E+02  5.8633E-03
  3.0000E+02  5.9798E-03
  3.0100E+02  6.0979E-03
  3.0200E+02  6.2176E-03
  3.0300E+02  6.3390E-03
  3.0400E+02  6.4619E-03
  3.0500E+02  6.5865E-03
  3.0600E+02  6.7126E-03
  3.0700E+02  6.8404E-03
  3.0800E+02  6.9827E-03
  3.0900E+02  7.1713E-03
  3.1000E+02  7.3524E-03
  3.1100E+02  7.5261E-03
  3.1200E+02  7.6922E-03
  3.1300E+02  7.8509E-03
  3.1400E+02  8.0711E-03
  3.1500E+02  8.3268E-03
  3.1600E+02  8.6115E-03
  3.1700E+02  8.9251E-03
  3.1800E+02  9.2677E-03
  3.1900E+02  9.6391E-03
  3.2000E+02  1.0039E-02
  3.2100E+02  1.0468E-02
  3.2200E+02  1.0927E-02
  3.2300E+02  1.1414E-02
  3.2400E+02  1.2507E-02
  3.2500E+02  1.3403E-02
  3.2600E+02  1.3999E-02
  3.2700E+02  1.4363E-02
  3.2800E+02  1.4591E-02
  3.2900E+02  1.4730E-02
  3.3000E+02  1.4780E-02
  3.3100E+02  1.4740E-02
  3.3200E+02  1.4611E-02
  3.3300E+02  1.4537E-02
  3.3400E+02  1.4510E-02
  3.3500E+02  1.4490E-02
  3.3600E+02  1.4385E-02
  3.3700E+02  1.4187E-02
  3.3800E+02  1.3884E-02
  3.3900E+02  1.3471E-02
  3.4000E+02  1.3055E-02
  3.4100E+02  1.2788E-02
  3.4200E+02  1.2637E-02
  3.4300E+02  1.2304E-02
  3.4400E+02  1.1723E-02
  3.4500E+02  1.1129E-02
  3.4600E+02  1.0522E-02
  3.4700E+02  9.9026E-03
  3.4800E+02  9.2433E-03
  3.4900E+02  8.5215E-03
  3.5000E+02  8.0472E-03
  3.5100E+02  7.3696E-03
  3.5200E+02  6.7485E-03
  3.5300E+02  6.1840E-03
  3.5400E+02  5.8323E-03
  3.5500E+02  5.5317E-03
  3.5600E+02  5.2584E-03
  3.5700E+02  4.9166E-03
  3.5800E+02  4.5962E-03
  3.5900E+02  4.2974E-03
  3.6000E+02  4.0201E-03
  3.6100E+02  3.7649E-03
  3.6200E+02  3.5320E-03
  3.6300E+02  3.3213E-03
  3.6400E+02  3.1329E-03
  3.6500E+02  2.9667E-03
  3.6600E+02  2.8427E-03
  3.6700E+02  2.7714E-03
  3.6800E+02  2.7204E-03
  3.6900E+02  2.6897E-03
  3.7000E+02  2.6794E-03
  3.7100E+02  2.6894E-03
  3.7200E+02  2.7198E-03
  3.7300E+02  2.7706E-03
  3.7400E+02  2.8417E-03
  3.7500E+02  2.9331E-03
  3.7600E+02  3.0449E-03
  3.7700E+02  3.1754E-03
  3.7800E+02  3.3236E-03
  3.7900E+02  3.4896E-03
  3.8000E+02  3.6733E-03
  3.8100E+02  3.8054E-03
  3.8200E+02  4.1079E-03
  3.8300E+02  4.5260E-03
  3.8400E+02  4.9104E-03
  3.8500E+02  5.2654E-03
  3.8600E+02  5.6096E-03
  3.8700E+02  5.9788E-03
  3.8800E+02  6.3800E-03
  3.8900E+02  6.8131E-03
  3.9000E+02  7.2782E-03
  3.9100E+02  7.7752E-03
  3.9200E+02  8.3042E-03
  3.9300E+02  8.8572E-03
  3.9400E+02  9.3283E-03
  3.9500E+02  9.7174E-03
  3.9600E+02  1.0094E-02
  3.9700E+02  1.0598E-02
  3.9800E+02  1.1180E-02
  3.9900E+02  1.1369E-02
  4.0000E+02  1.1384E-02
  4.0100E+02  1.2390E-02
  4.0200E+02  1.3658E-02
  4.0300E+02  1.2919E-02
  4.0400E+02  1.1191E-02
  4.0500E+02  1.1108E-02
  4.0600E+02  1.1071E-02
  4.0700E+02  1.1080E-02
  4.0800E+02  1.1134E-02
  4.0900E+02  1.1229E-02
  4.1000E+02  1.1346E-02
  4.1100E+02  1.1486E-02
  4.1200E+02  1.1636E-02
  4.1300E+02  1.1729E-02
  4.1400E+02  1.1813E-02
  4.1500E+02  1.1886E-02
  4.1600E+02  1.1950E-02
  4.1700E+02  1.2005E-02
  4.1800E+02  1.2053E-02
  4.1900E+02  1.2094E-02
  4.2000E+02  1.2128E-02
  4.2100E+02  1.2155E-02
  4.2200E+02  1.2175E-02
  4.2300E+02  1.2200E-02
  4.2400E+02  1.2566E-02
  4.2500E+02  1.3495E-02
  4.2600E+02  1.3657E-02
  4.2700E+02  1.3640E-02
  4.2800E+02  1.3495E-02
  4.2900E+02  1.3155E-02
  4.3000E+02  1.2663E-02
  4.3100E+02  1.0750E-02
  4.3200E+02  1.0439E-02
  4.3300E+02  1.0202E-02
  4.3400E+02  9.9670E-03
  4.3500E+02  9.7088E-03
  4.3600E+02  9.4444E-03
  4.3700E+02  9.2987E-03
  4.3800E+02  9.1552E-03
  4.3900E+02  9.0139E-03
  4.4000E+02  8.8748E-03
  4.4100E+02  8.7378E-03
  4.4200E+02  8.6031E-03
  4.4300E+02  8.4705E-03
  4.4400E+02  8.3400E-03
  4.4500E+02  8.2118E-03
  4.4600E+02  8.0857E-03
  4.4700E+02  7.9618E-03
  4.4800E+02  7.8401E-03
  4.4900E+02  7.7206E-03
  4.5000E+02  7.6032E-03
  4.5100E+02  7.4987E-03
  4.5200E+02  7.4149E-03
  4.5300E+02  7.3519E-03
  4.5400E+02  7.2991E-03
  4.5500E+02  7.3029E-03
  4.5600E+02  7.3451E-03
  4.5700E+02  7.4171E-03
  4.5800E+02  7.5260E-03
  4.5900E+02  7.7260E-03
  4.6000E+02  7.2930E-03
  4.6100E+02  8.8744E-03
  4.6200E+02  7.7173E-03
  4.6300E+02  6.7950E-03
  4.6400E+02  6.6747E-03
  4.6500E+02  6.5551E-03
  4.6600E+02  6.4363E-03
  4.6700E+02  6.3181E-03
  4.6800E+02  6.2006E-03
  4.6900E+02  6.0839E-03
  4.7000E+02  5.9679E-03
  4.7100E+02  5.8526E-03
  4.7200E+02  5.7380E-03
  4.7300E+02  6.0348E-03
  4.7400E+02  1.2733E-02
  4.7500E+02  3.3126E-02
  4.7600E+02  6.6911E-02
  4.7700E+02  6.8010E-02
  4.7800E+02  7.7433E-02
  4.7900E+02  8.9287E-02
  4.8000E+02  7.8809E-02
  4.8100E+02  6.7604E-02
  4.8200E+02  6.7891E-02
  4.8300E+02  6.8879E-02
  4.8400E+02  7.0268E-02
  4.8500E+02  7.1990E-02
  4.8600E+02  7.1754E-02
  4.8700E+02  7.1468E-02
  4.8800E+02  7.2092E-02
  4.8900E+02  6.9556E-02
  4.9000E+02  6.9914E-02
  4.9100E+02  7.1105E-02
  4.9200E+02  7.2498E-02
  4.9300E+02  7.3994E-02
  4.9400E+02  7.6617E-02
  4.9500E+02  8.5647E-02
  4.9600E+02  8.1374E-02
  4.9700E+02  7.6055E-02
  4.9800E+02  7.1607E-02
  4.9900E+02  6.7706E-02
  5.0000E+02  6.1389E-02
  5.0100E+02  3.9658E-02
  5.0200E+02  3.4441E-02
  5.0300E+02  2.9414E-02
  5.0400E+02  2.3924E-02
  5.0500E+02  1.8995E-02
  5.0600E+02  1.6927E-02
  5.0700E+02  1.5129E-02
  5.0800E+02  1.3602E-02
  5.0900E+02  1.2344E-02
  5.1000E+02  1.1275E-02
  5.1100E+02  1.0581E-02
  5.1200E+02  1.0554E-02
  5.1300E+02  8.6464E-03
  5.1400E+02  7.3421E-03
  5.1500E+02  6.3247E-03
  5.1600E+02  5.2475E-03
  5.1700E+02  4.1105E-03
  5.1800E+02  3.1531E-03
  5.1900E+02  3.6047E-03
  5.2000E+02  9.8251E-04
  5.2100E+02  4.3463E-04
  5.2200E+02  1.0713E-04
  5.2300E+02  0.0000E+00
