 -1.3167E-05  0.0000E+00
  9.9999E-01  1.0900E-07
  2.0000E+00  4.3601E-07
  3.0000E+00  9.8103E-07
  4.0000E+00  1.7440E-06
  5.0000E+00  2.7251E-06
  6.0000E+00  3.9241E-06
  7.0000E+00  5.3411E-06
  8.0000E+00  6.9762E-06
  9.0000E+00  8.8292E-06
  1.0000E+01  1.0900E-05
  1.1000E+01  1.3189E-05
  1.2000E+01  1.5696E-05
  1.3000E+01  1.8422E-05
  1.4000E+01  2.1365E-05
  1.5000E+01  2.4526E-05
  1.6000E+01  2.7905E-05
  1.7000E+01  3.1502E-05
  1.8000E+01  3.5317E-05
  1.9000E+01  3.9350E-05
  2.0000E+01  4.3601E-05
  2.1000E+01  4.8070E-05
  2.2000E+01  5.2757E-05
  2.3000E+01  5.7663E-05
  2.4000E+01  6.2786E-05
  2.5000E+01  6.8127E-05
  2.6000E+01  7.3686E-05
  2.7000E+01  7.9463E-05
  2.8000E+01  8.5458E-05
  2.9000E+01  9.1672E-05
  3.0000E+01  9.8103E-05
  3.1000E+01  1.0475E-04
  3.2000E+01  1.1162E-04
  3.3000E+01  1.1870E-04
  3.4000E+01  1.2601E-04
  3.5000E+01  1.3353E-04
  3.6000E+01  1.4127E-04
  3.7000E+01  1.4923E-04
  3.8000E+01  1.5740E-04
  3.9000E+01  1.6579E-04
  4.0000E+01  1.7440E-04
  4.1000E+01  1.8323E-04
  4.2000E+01  1.9228E-04
  4.3000E+01  2.0155E-04
  4.4000E+01  2.1103E-04
  4.5000E+01  2.2073E-04
  4.6000E+01  2.3065E-04
  4.7000E+01  2.4079E-04
  4.8000E+01  2.5114E-04
  4.9000E+01  2.6172E-04
  5.0000E+01  2.7251E-04
  5.1000E+01  2.8352E-04
  5.2000E+01  2.9474E-04
  5.3000E+01  3.0619E-04
  5.4000E+01  3.1785E-04
  5.5000E+01  3.7460E-04
  5.6000E+01  4.6980E-04
  5.7000E+01  5.6173E-04
  5.8000E+01  6.5041E-04
  5.9000E+01  7.3582E-04
  6.0000E+01  8.1798E-04
  6.1000E+01  8.9687E-04
  6.2000E+01  9.7250E-04
  6.3000E+01  1.0449E-03
  6.4000E+01  1.1140E-03
  6.5000E+01  1.1798E-03
  6.6000E+01  1.2424E-03
  6.7000E+01  1.3018E-03
  6.8000E+01  1.3578E-03
  6.9000E+01  1.4106E-03
  7.0000E+01  1.4602E-03
  7.1000E+01  1.5065E-03
  7.2000E+01  1.5495E-03
  7.3000E+01  1.5892E-03
  7.4000E+01  1.6496E-03
  7.5000E+01  1.7126E-03
  7.6000E+01  1.7771E-03
  7.7000E+01  1.8431E-03
  7.8000E+01  1.9107E-03
  7.9000E+01  1.9798E-03
  8.0000E+01  2.0505E-03
  8.1000E+01  2.1227E-03
  8.2000E+01  2.2100E-03
  8.3000E+01  2.3108E-03
  8.4000E+01  2.4222E-03
  8.5000E+01  2.5441E-03
  8.6000E+01  2.6767E-03
  8.7000E+01  2.8198E-03
  8.8000E+01  2.9743E-03
  8.9000E+01  3.1404E-03
  9.0000E+01  3.3183E-03
  9.1000E+01  3.5080E-03
  9.2000E+01  3.7093E-03
  9.3000E+01  3.9225E-03
  9.4000E+01  4.1473E-03
  9.5000E+01  4.3839E-03
  9.6000E+01  4.6323E-03
  9.7000E+01  4.8924E-03
  9.8000E+01  5.1642E-03
  9.9000E+01  5.4434E-03
  1.0000E+02  5.7686E-03
  1.0100E+02  6.1473E-03
  1.0200E+02  6.7029E-03
  1.0300E+02  7.4807E-03
  1.0400E+02  8.2518E-03
  1.0500E+02  8.9220E-03
  1.0600E+02  9.4912E-03
  1.0700E+02  1.0071E-02
  1.0800E+02  1.1307E-02
  1.0900E+02  1.1781E-02
  1.1000E+02  1.2093E-02
  1.1100E+02  1.2730E-02
  1.1200E+02  1.3661E-02
  1.1300E+02  1.4408E-02
  1.1400E+02  1.4970E-02
  1.1500E+02  1.5347E-02
  1.1600E+02  1.7547E-02
  1.1700E+02  1.7742E-02
  1.1800E+02  1.8487E-02
  1.1900E+02  1.6175E-02
  1.2000E+02  1.6531E-02
  1.2100E+02  1.6889E-02
  1.2200E+02  1.7317E-02
  1.2300E+02  1.8163E-02
  1.2400E+02  1.8715E-02
  1.2500E+02  1.9051E-02
  1.2600E+02  1.9377E-02
  1.2700E+02  1.9692E-02
  1.2800E+02  2.0003E-02
  1.2900E+02  2.0363E-02
  1.3000E+02  2.1334E-02
  1.3100E+02  2.2166E-02
  1.3200E+02  2.2712E-02
  1.3300E+02  2.3446E-02
  1.3400E+02  2.4974E-02
  1.3500E+02  2.7235E-02
  1.3600E+02  3.0025E-02
  1.3700E+02  3.2938E-02
  1.3800E+02  3.4619E-02
  1.3900E+02  3.3845E-02
  1.4000E+02  3.1784E-02
  1.4100E+02  3.1749E-02
  1.4200E+02  3.1568E-02
  1.4300E+02  2.8808E-02
  1.4400E+02  2.8247E-02
  1.4500E+02  2.7611E-02
  1.4600E+02  2.7031E-02
  1.4700E+02  2.6622E-02
  1.4800E+02  2.6215E-02
  1.4900E+02  2.5821E-02
  1.5000E+02  2.5461E-02
  1.5100E+02  2.5100E-02
  1.5200E+02  2.4740E-02
  1.5300E+02  2.4380E-02
  1.5400E+02  2.4008E-02
  1.5500E+02  2.3803E-02
  1.5600E+02  2.3867E-02
  1.5700E+02  2.4200E-02
  1.5800E+02  2.6349E-02
  1.5900E+02  2.2962E-02
  1.6000E+02  2.1555E-02
  1.6100E+02  2.0246E-02
  1.6200E+02  1.8368E-02
  1.6300E+02  1.5292E-02
  1.6400E+02  1.5157E-02
  1.6500E+02  1.5034E-02
  1.6600E+02  1.4919E-02
  1.6700E+02  1.4812E-02
  1.6800E+02  1.4713E-02
  1.6900E+02  1.4622E-02
  1.7000E+02  1.4547E-02
  1.7100E+02  1.4471E-02
  1.7200E+02  1.4388E-02
  1.7300E+02  1.4298E-02
  1.7400E+02  1.4202E-02
  1.7500E+02  1.4099E-02
  1.7600E+02  1.3989E-02
  1.7700E+02  1.3872E-02
  1.7800E+02  1.3749E-02
  1.7900E+02  1.3619E-02
  1.8000E+02  1.3489E-02
  1.8100E+02  1.3730E-02
  1.8200E+02  1.3760E-02
  1.8300E+02  1.3779E-02
  1.8400E+02  1.3788E-02
  1.8500E+02  1.3790E-02
  1.8600E+02  1.3787E-02
  1.8700E+02  1.3780E-02
  1.8800E+02  1.3769E-02
  1.8900E+02  1.3752E-02
  1.9000E+02  1.3640E-02
  1.9100E+02  1.3747E-02
  1.9200E+02  1.3848E-02
  1.9300E+02  1.3942E-02
  1.9400E+02  1.4113E-02
  1.9500E+02  1.5151E-02
  1.9600E+02  1.6053E-02
  1.9700E+02  1.6735E-02
  1.9800E+02  1.7512E-02
  1.9900E+02  1.8581E-02
  2.0000E+02  1.9704E-02
  2.0100E+02  2.0892E-02
  2.0200E+02  2.1910E-02
  2.0300E+02  1.8570E-02
  2.0400E+02  1.5840E-02
  2.0500E+02  1.3081E-02
  2.0600E+02  1.0292E-02
  2.0700E+02  7.4751E-03
  2.0800E+02  4.2048E-03
  2.0900E+02  3.0657E-03
  2.1000E+02  2.2176E-03
  2.1100E+02  1.6605E-03
  2.1200E+02  1.3944E-03
  2.1300E+02  1.3822E-03
  2.1400E+02  1.4059E-03
  2.1500E+02  1.4302E-03
  2.1600E+02  1.4549E-03
  2.1700E+02  1.4802E-03
  2.1800E+02  1.5061E-03
  2.1900E+02  1.5324E-03
  2.2000E+02  1.5593E-03
  2.2100E+02  1.5867E-03
  2.2200E+02  1.6146E-03
  2.2300E+02  1.6429E-03
  2.2400E+02  1.6716E-03
  2.2500E+02  1.7008E-03
  2.2600E+02  1.7303E-03
  2.2700E+02  1.7603E-03
  2.2800E+02  1.7907E-03
  2.2900E+02  1.8214E-03
  2.3000E+02  1.8526E-03
  2.3100E+02  1.8842E-03
  2.3200E+02  1.9162E-03
  2.3300E+02  1.9466E-03
  2.3400E+02  1.9732E-03
  2.3500E+02  1.9961E-03
  2.3600E+02  2.0152E-03
  2.3700E+02  2.0306E-03
  2.3800E+02  2.0423E-03
  2.3900E+02  2.0754E-03
  2.4000E+02  2.1116E-03
  2.4100E+02  2.1481E-03
  2.4200E+02  2.1849E-03
  2.4300E+02  2.2221E-03
  2.4400E+02  2.2596E-03
  2.4500E+02  2.2975E-03
  2.4600E+02  2.3357E-03
  2.4700E+02  2.3743E-03
  2.4800E+02  2.4132E-03
  2.4900E+02  2.4524E-03
  2.5000E+02  2.4920E-03
  2.5100E+02  2.5319E-03
  2.5200E+02  2.5722E-03
  2.5300E+02  2.6128E-03
  2.5400E+02  2.6537E-03
  2.5500E+02  2.6950E-03
  2.5600E+02  2.7367E-03
  2.5700E+02  2.7786E-03
  2.5800E+02  2.8209E-03
  2.5900E+02  2.8636E-03
  2.6000E+02  2.9066E-03
  2.6100E+02  2.9499E-03
  2.6200E+02  2.9936E-03
  2.6300E+02  3.0377E-03
  2.6400E+02  3.0820E-03
  2.6500E+02  3.1274E-03
  2.6600E+02  3.2006E-03
  2.6700E+02  3.3053E-03
  2.6800E+02  3.3927E-03
  2.6900E+02  3.4589E-03
  2.7000E+02  3.5244E-03
  2.7100E+02  3.5894E-03
  2.7200E+02  3.6536E-03
  2.7300E+02  3.7173E-03
  2.7400E+02  3.7803E-03
  2.7500E+02  3.8426E-03
  2.7600E+02  3.9044E-03
  2.7700E+02  3.9654E-03
  2.7800E+02  4.0259E-03
  2.7900E+02  4.0857E-03
  2.8000E+02  4.1448E-03
  2.8100E+02  4.2033E-03
  2.8200E+02  4.2612E-03
  2.8300E+02  4.3250E-03
  2.8400E+02  4.3937E-03
  2.8500E+02  4.4652E-03
  2.8600E+02  4.5397E-03
  2.8700E+02  4.6169E-03
  2.8800E+02  4.6970E-03
  2.8900E+02  4.7800E-03
  2.9000E+02  4.8658E-03
  2.9100E+02  4.9545E-03
  2.9200E+02  5.0460E-03
  2.9300E+02  5.1404E-03
  2.9400E+02  5.2377E-03
  2.9500E+02  5.3377E-03
  2.9600E+02  5.4407E-03
  2.9700E+02  5.5465E-03
  2.9800E+02  5.6553E-03
  2.9900E+02  5.7673E-03
  3.0000E+02  5.8823E-03
  3.0100E+02  6.0005E-03
  3.0200E+02  6.1218E-03
  3.0300E+02  6.2472E-03
  3.0400E+02  6.3780E-03
  3.0500E+02  6.5143E-03
  3.0600E+02  6.6607E-03
  3.0700E+02  6.8181E-03
  3.0800E+02  7.0105E-03
  3.0900E+02  7.2524E-03
  3.1000E+02  7.5438E-03
  3.1100E+02  7.8711E-03
  3.1200E+02  8.1280E-03
  3.1300E+02  8.2914E-03
  3.1400E+02  8.4409E-03
  3.1500E+02  8.7273E-03
  3.1600E+02  9.0280E-03
  3.1700E+02  9.3430E-03
  3.1800E+02  9.6723E-03
  3.1900E+02  1.0016E-02
  3.2000E+02  1.0374E-02
  3.2100E+02  1.0746E-02
  3.2200E+02  1.1133E-02
  3.2300E+02  1.1533E-02
  3.2400E+02  1.1948E-02
  3.2500E+02  1.2378E-02
  3.2600E+02  1.3064E-02
  3.2700E+02  1.3854E-02
  3.2800E+02  1.4665E-02
  3.2900E+02  1.5495E-02
  3.3000E+02  1.7291E-02
  3.3100E+02  1.6050E-02
  3.3200E+02  1.5876E-02
  3.3300E+02  1.5933E-02
  3.3400E+02  1.6221E-02
  3.3500E+02  1.6316E-02
  3.3600E+02  1.5315E-02
  3.3700E+02  1.4742E-02
  3.3800E+02  1.4197E-02
  3.3900E+02  1.3681E-02
  3.4000E+02  1.3193E-02
  3.4100E+02  1.2734E-02
  3.4200E+02  1.2303E-02
  3.4300E+02  1.0414E-02
  3.4400E+02  9.9719E-03
  3.4500E+02  9.5478E-03
  3.4600E+02  9.1415E-03
  3.4700E+02  8.7531E-03
  3.4800E+02  8.3825E-03
  3.4900E+02  8.0298E-03
  3.5000E+02  7.6948E-03
  3.5100E+02  7.3778E-03
  3.5200E+02  7.0785E-03
  3.5300E+02  6.7972E-03
  3.5400E+02  6.5336E-03
  3.5500E+02  6.2687E-03
  3.5600E+02  5.9918E-03
  3.5700E+02  5.7203E-03
  3.5800E+02  5.7971E-03
  3.5900E+02  5.1498E-03
  3.6000E+02  4.6075E-03
  3.6100E+02  4.1704E-03
  3.6200E+02  3.8384E-03
  3.6300E+02  3.6489E-03
  3.6400E+02  3.4879E-03
  3.6500E+02  3.3275E-03
  3.6600E+02  3.1675E-03
  3.6700E+02  2.9435E-03
  3.6800E+02  2.5951E-03
  3.6900E+02  2.1955E-03
  3.7000E+02  1.7816E-03
  3.7100E+02  1.7364E-03
  3.7200E+02  1.6903E-03
  3.7300E+02  1.6433E-03
  3.7400E+02  1.5954E-03
  3.7500E+02  1.5466E-03
  3.7600E+02  1.4969E-03
  3.7700E+02  2.3580E-03
  3.7800E+02  3.3210E-03
  3.7900E+02  3.9438E-03
  3.8000E+02  4.6991E-03
  3.8100E+02  5.0798E-03
  3.8200E+02  5.4224E-03
  3.8300E+02  5.7271E-03
  3.8400E+02  5.9937E-03
  3.8500E+02  6.2222E-03
  3.8600E+02  6.4151E-03
  3.8700E+02  6.6361E-03
  3.8800E+02  6.9141E-03
  3.8900E+02  7.2550E-03
  3.9000E+02  7.5317E-03
  3.9100E+02  7.8334E-03
  3.9200E+02  8.1188E-03
  3.9300E+02  8.3879E-03
  3.9400E+02  8.6407E-03
  3.9500E+02  8.8771E-03
  3.9600E+02  9.0972E-03
  3.9700E+02  9.3010E-03
  3.9800E+02  9.4885E-03
  3.9900E+02  9.6597E-03
  4.0000E+02  9.8145E-03
  4.0100E+02  9.9531E-03
  4.0200E+02  1.0075E-02
  4.0300E+02  1.0181E-02
  4.0400E+02  1.0322E-02
  4.0500E+02  1.0711E-02
  4.0600E+02  1.1044E-02
  4.0700E+02  1.1300E-02
  4.0800E+02  1.1614E-02
  4.0900E+02  1.2024E-02
  4.1000E+02  1.2509E-02
  4.1100E+02  1.3069E-02
  4.1200E+02  1.3704E-02
  4.1300E+02  1.3805E-02
  4.1400E+02  1.4395E-02
  4.1500E+02  1.5187E-02
  4.1600E+02  1.4512E-02
  4.1700E+02  1.2735E-02
  4.1800E+02  1.2263E-02
  4.1900E+02  1.2074E-02
  4.2000E+02  1.2065E-02
  4.2100E+02  1.2036E-02
  4.2200E+02  1.1954E-02
  4.2300E+02  1.1866E-02
  4.2400E+02  1.1773E-02
  4.2500E+02  1.1675E-02
  4.2600E+02  1.1572E-02
  4.2700E+02  1.1464E-02
  4.2800E+02  1.1351E-02
  4.2900E+02  1.1233E-02
  4.3000E+02  1.1109E-02
  4.3100E+02  1.0981E-02
  4.3200E+02  1.0848E-02
  4.3300E+02  1.0709E-02
  4.3400E+02  1.0566E-02
  4.3500E+02  1.0417E-02
  4.3600E+02  1.0263E-02
  4.3700E+02  1.0193E-02
  4.3800E+02  1.0051E-02
  4.3900E+02  9.8061E-03
  4.4000E+02  9.4588E-03
  4.4100E+02  9.2237E-03
  4.4200E+02  9.1218E-03
  4.4300E+02  9.0479E-03
  4.4400E+02  9.0140E-03
  4.4500E+02  9.0588E-03
  4.4600E+02  9.1830E-03
  4.4700E+02  8.7925E-03
  4.4800E+02  8.6363E-03
  4.4900E+02  8.7749E-03
  4.5000E+02  8.5660E-03
  4.5100E+02  7.8884E-03
  4.5200E+02  7.5205E-03
  4.5300E+02  7.4073E-03
  4.5400E+02  7.2949E-03
  4.5500E+02  7.1832E-03
  4.5600E+02  7.0722E-03
  4.5700E+02  6.9620E-03
  4.5800E+02  6.8524E-03
  4.5900E+02  6.7436E-03
  4.6000E+02  6.6355E-03
  4.6100E+02  6.5281E-03
  4.6200E+02  6.4215E-03
  4.6300E+02  6.3155E-03
  4.6400E+02  6.2103E-03
  4.6500E+02  6.1058E-03
  4.6600E+02  6.0021E-03
  4.6700E+02  5.8990E-03
  4.6800E+02  5.7967E-03
  4.6900E+02  5.6951E-03
  4.7000E+02  5.5942E-03
  4.7100E+02  5.4946E-03
  4.7200E+02  5.4368E-03
  4.7300E+02  5.6137E-03
  4.7400E+02  6.8950E-03
  4.7500E+02  4.3617E-02
  4.7600E+02  6.5531E-02
  4.7700E+02  7.9297E-02
  4.7800E+02  8.8909E-02
  4.7900E+02  7.1571E-02
  4.8000E+02  6.9640E-02
  4.8100E+02  6.9161E-02
  4.8200E+02  6.2837E-02
  4.8300E+02  6.5331E-02
  4.8400E+02  6.7946E-02
  4.8500E+02  6.9510E-02
  4.8600E+02  6.9036E-02
  4.8700E+02  6.8836E-02
  4.8800E+02  6.7570E-02
  4.8900E+02  6.8138E-02
  4.9000E+02  6.8208E-02
  4.9100E+02  6.9826E-02
  4.9200E+02  7.0962E-02
  4.9300E+02  7.2121E-02
  4.9400E+02  7.5130E-02
  4.9500E+02  8.0586E-02
  4.9600E+02  8.3051E-02
  4.9700E+02  7.9829E-02
  4.9800E+02  7.6049E-02
  4.9900E+02  7.5988E-02
  5.0000E+02  7.2039E-02
  5.0100E+02  4.7401E-02
  5.0200E+02  3.0973E-02
  5.0300E+02  2.4118E-02
  5.0400E+02  2.1502E-02
  5.0500E+02  1.9149E-02
  5.0600E+02  1.7072E-02
  5.0700E+02  1.5368E-02
  5.0800E+02  1.4024E-02
  5.0900E+02  1.3051E-02
  5.1000E+02  1.3296E-02
  5.1100E+02  9.6805E-03
  5.1200E+02  8.7438E-03
  5.1300E+02  8.2001E-03
  5.1400E+02  7.5098E-03
  5.1500E+02  6.6099E-03
  5.1600E+02  5.5003E-03
  5.1700E+02  4.1810E-03
  5.1800E+02  4.0664E-03
  5.1900E+02  2.8765E-03
  5.2000E+02  9.0834E-04
  5.2100E+02  4.0182E-04
  5.2200E+02  9.9045E-05
  5.2300E+02  0.0000E+00
