  0.0000E+00  0.0000E+00
  1.0000E+00  8.0129E-08
  2.0000E+00  3.2052E-07
  3.0000E+00  7.2117E-07
  4.0000E+00  1.2821E-06
  5.0000E+00  2.0033E-06
  6.0000E+00  2.8847E-06
  7.0000E+00  3.9264E-06
  8.0000E+00  5.1284E-06
  9.0000E+00  6.4906E-06
  1.0000E+01  8.0131E-06
  1.1000E+01  9.6959E-06
  1.2000E+01  1.1539E-05
  1.3000E+01  1.3542E-05
  1.4000E+01  1.5706E-05
  1.5000E+01  1.8029E-05
  1.6000E+01  2.0514E-05
  1.7000E+01  2.3158E-05
  1.8000E+01  2.5962E-05
  1.9000E+01  2.8927E-05
  2.0000E+01  3.2052E-05
  2.1000E+01  3.5338E-05
  2.2000E+01  3.8783E-05
  2.3000E+01  4.2389E-05
  2.4000E+01  4.6156E-05
  2.5000E+01  5.0082E-05
  2.6000E+01  5.4169E-05
  2.7000E+01  5.8416E-05
  2.8000E+01  6.2823E-05
  2.9000E+01  6.7390E-05
  3.0000E+01  7.2118E-05
  3.1000E+01  7.7006E-05
  3.2000E+01  8.2054E-05
  3.3000E+01  8.7263E-05
  3.4000E+01  9.2632E-05
  3.5000E+01  9.8161E-05
  3.6000E+01  1.0385E-04
  3.7000E+01  1.0970E-04
  3.8000E+01  1.1571E-04
  3.9000E+01  1.2188E-04
  4.0000E+01  1.2821E-04
  4.1000E+01  1.3470E-04
  4.2000E+01  1.4135E-04
  4.3000E+01  1.4816E-04
  4.4000E+01  1.5513E-04
  4.5000E+01  1.6227E-04
  4.6000E+01  1.6956E-04
  4.7000E+01  1.9020E-04
  4.8000E+01  2.8836E-04
  4.9000E+01  3.7691E-04
  5.0000E+01  4.5585E-04
  5.1000E+01  5.2517E-04
  5.2000E+01  5.8488E-04
  5.3000E+01  6.3498E-04
  5.4000E+01  6.7546E-04
  5.5000E+01  7.0633E-04
  5.6000E+01  7.2759E-04
  5.7000E+01  7.3923E-04
  5.8000E+01  7.4126E-04
  5.9000E+01  7.7406E-04
  6.0000E+01  8.1257E-04
  6.1000E+01  8.5157E-04
  6.2000E+01  8.9108E-04
  6.3000E+01  9.3108E-04
  6.4000E+01  9.7158E-04
  6.5000E+01  1.0126E-03
  6.6000E+01  1.0549E-03
  6.7000E+01  1.0998E-03
  6.8000E+01  1.1471E-03
  6.9000E+01  1.1968E-03
  7.0000E+01  1.2488E-03
  7.1000E+01  1.3032E-03
  7.2000E+01  1.3600E-03
  7.3000E+01  1.4192E-03
  7.4000E+01  1.4807E-03
  7.5000E+01  1.5473E-03
  7.6000E+01  1.6222E-03
  7.7000E+01  1.7052E-03
  7.8000E+01  1.7965E-03
  7.9000E+01  1.8959E-03
  8.0000E+01  2.0036E-03
  8.1000E+01  2.1195E-03
  8.2000E+01  2.2908E-03
  8.3000E+01  2.5384E-03
  8.4000E+01  2.7074E-03
  8.5000E+01  2.8046E-03
  8.6000E+01  3.0277E-03
  8.7000E+01  3.2059E-03
  8.8000E+01  3.2742E-03
  8.9000E+01  3.1716E-03
  9.0000E+01  3.2706E-03
  9.1000E+01  3.4333E-03
  9.2000E+01  3.6411E-03
  9.3000E+01  3.8592E-03
  9.4000E+01  4.0792E-03
  9.5000E+01  4.3011E-03
  9.6000E+01  4.5250E-03
  9.7000E+01  4.7507E-03
  9.8000E+01  4.9784E-03
  9.9000E+01  5.2087E-03
  1.0000E+02  5.4728E-03
  1.0100E+02  5.8105E-03
  1.0200E+02  6.2963E-03
  1.0300E+02  6.8764E-03
  1.0400E+02  7.4698E-03
  1.0500E+02  8.0764E-03
  1.0600E+02  8.8769E-03
  1.0700E+02  9.7082E-03
  1.0800E+02  1.0140E-02
  1.0900E+02  1.1111E-02
  1.1000E+02  1.1554E-02
  1.1100E+02  1.2094E-02
  1.1200E+02  1.3614E-02
  1.1300E+02  1.5991E-02
  1.1400E+02  1.3317E-02
  1.1500E+02  1.3729E-02
  1.1600E+02  1.4141E-02
  1.1700E+02  1.4547E-02
  1.1800E+02  1.4953E-02
  1.1900E+02  1.5368E-02
  1.2000E+02  1.5794E-02
  1.2100E+02  1.6219E-02
  1.2200E+02  1.6831E-02
  1.2300E+02  1.7401E-02
  1.2400E+02  1.7786E-02
  1.2500E+02  1.8406E-02
  1.2600E+02  1.9117E-02
  1.2700E+02  1.9766E-02
  1.2800E+02  2.2034E-02
  1.2900E+02  2.1294E-02
  1.3000E+02  2.3301E-02
  1.3100E+02  2.1888E-02
  1.3200E+02  2.2105E-02
  1.3300E+02  2.2435E-02
  1.3400E+02  2.2866E-02
  1.3500E+02  2.5452E-02
  1.3600E+02  2.7664E-02
  1.3700E+02  2.7868E-02
  1.3800E+02  2.9265E-02
  1.3900E+02  3.0575E-02
  1.4000E+02  3.1753E-02
  1.4100E+02  3.1907E-02
  1.4200E+02  3.1721E-02
  1.4300E+02  3.1392E-02
  1.4400E+02  3.0885E-02
  1.4500E+02  3.0261E-02
  1.4600E+02  2.9586E-02
  1.4700E+02  2.8963E-02
  1.4800E+02  2.8355E-02
  1.4900E+02  2.7749E-02
  1.5000E+02  2.7147E-02
  1.5100E+02  2.6820E-02
  1.5200E+02  2.6106E-02
  1.5300E+02  2.6080E-02
  1.5400E+02  2.3127E-02
  1.5500E+02  2.1413E-02
  1.5600E+02  2.0167E-02
  1.5700E+02  1.9822E-02
  1.5800E+02  1.9541E-02
  1.5900E+02  1.9318E-02
  1.6000E+02  1.8989E-02
  1.6100E+02  1.8670E-02
  1.6200E+02  1.8358E-02
  1.6300E+02  1.8053E-02
  1.6400E+02  1.7800E-02
  1.6500E+02  1.7572E-02
  1.6600E+02  1.7332E-02
  1.6700E+02  1.7085E-02
  1.6800E+02  1.6870E-02
  1.6900E+02  1.6598E-02
  1.7000E+02  1.6364E-02
  1.7100E+02  1.6160E-02
  1.7200E+02  1.5968E-02
  1.7300E+02  1.5794E-02
  1.7400E+02  1.5624E-02
  1.7500E+02  1.5457E-02
  1.7600E+02  1.5298E-02
  1.7700E+02  1.5166E-02
  1.7800E+02  1.5131E-02
  1.7900E+02  1.6308E-02
  1.8000E+02  1.6342E-02
  1.8100E+02  1.5226E-02
  1.8200E+02  1.4785E-02
  1.8300E+02  1.5433E-02
  1.8400E+02  1.4700E-02
  1.8500E+02  1.4449E-02
  1.8600E+02  1.4402E-02
  1.8700E+02  1.4349E-02
  1.8800E+02  1.4292E-02
  1.8900E+02  1.4245E-02
  1.9000E+02  1.4197E-02
  1.9100E+02  1.4628E-02
  1.9200E+02  1.4742E-02
  1.9300E+02  1.4837E-02
  1.9400E+02  1.4916E-02
  1.9500E+02  1.4977E-02
  1.9600E+02  1.5019E-02
  1.9700E+02  1.5041E-02
  1.9800E+02  1.5230E-02
  1.9900E+02  1.5576E-02
  2.0000E+02  1.6035E-02
  2.0100E+02  1.6606E-02
  2.0200E+02  1.7523E-02
  2.0300E+02  1.8134E-02
  2.0400E+02  1.7582E-02
  2.0500E+02  1.6278E-02
  2.0600E+02  1.4385E-02
  2.0700E+02  1.0784E-02
  2.0800E+02  7.8412E-03
  2.0900E+02  5.5327E-03
  2.1000E+02  3.8583E-03
  2.1100E+02  2.8686E-03
  2.1200E+02  2.1761E-03
  2.1300E+02  1.7203E-03
  2.1400E+02  1.4988E-03
  2.1500E+02  1.4902E-03
  2.1600E+02  1.5183E-03
  2.1700E+02  1.5468E-03
  2.1800E+02  1.5755E-03
  2.1900E+02  1.6045E-03
  2.2000E+02  1.6336E-03
  2.2100E+02  1.6621E-03
  2.2200E+02  1.6899E-03
  2.2300E+02  1.7170E-03
  2.2400E+02  1.7434E-03
  2.2500E+02  1.7691E-03
  2.2600E+02  1.7941E-03
  2.2700E+02  1.8184E-03
  2.2800E+02  1.8420E-03
  2.2900E+02  1.8649E-03
  2.3000E+02  1.8872E-03
  2.3100E+02  1.9087E-03
  2.3200E+02  1.9310E-03
  2.3300E+02  1.9561E-03
  2.3400E+02  1.9819E-03
  2.3500E+02  2.0085E-03
  2.3600E+02  2.0360E-03
  2.3700E+02  2.0645E-03
  2.3800E+02  2.0938E-03
  2.3900E+02  2.1242E-03
  2.4000E+02  2.1554E-03
  2.4100E+02  2.1876E-03
  2.4200E+02  2.2207E-03
  2.4300E+02  2.2547E-03
  2.4400E+02  2.2897E-03
  2.4500E+02  2.3256E-03
  2.4600E+02  2.3623E-03
  2.4700E+02  2.3997E-03
  2.4800E+02  2.4377E-03
  2.4900E+02  2.4764E-03
  2.5000E+02  2.5158E-03
  2.5100E+02  2.5559E-03
  2.5200E+02  2.5969E-03
  2.5300E+02  2.6398E-03
  2.5400E+02  2.6850E-03
  2.5500E+02  2.7325E-03
  2.5600E+02  2.7830E-03
  2.5700E+02  2.8372E-03
  2.5800E+02  2.8950E-03
  2.5900E+02  2.9562E-03
  2.6000E+02  3.0107E-03
  2.6100E+02  3.0607E-03
  2.6200E+02  3.1064E-03
  2.6300E+02  3.1476E-03
  2.6400E+02  3.1845E-03
  2.6500E+02  3.2205E-03
  2.6600E+02  3.2750E-03
  2.6700E+02  3.3296E-03
  2.6800E+02  3.3842E-03
  2.6900E+02  3.4390E-03
  2.7000E+02  3.4938E-03
  2.7100E+02  3.5487E-03
  2.7200E+02  3.6035E-03
  2.7300E+02  3.6583E-03
  2.7400E+02  3.7144E-03
  2.7500E+02  3.7718E-03
  2.7600E+02  3.8303E-03
  2.7700E+02  3.8927E-03
  2.7800E+02  3.9609E-03
  2.7900E+02  4.0304E-03
  2.8000E+02  4.1000E-03
  2.8100E+02  4.1696E-03
  2.8200E+02  4.2392E-03
  2.8300E+02  4.3195E-03
  2.8400E+02  4.4053E-03
  2.8500E+02  4.4954E-03
  2.8600E+02  4.5899E-03
  2.8700E+02  4.6887E-03
  2.8800E+02  4.7920E-03
  2.8900E+02  4.8965E-03
  2.9000E+02  4.9932E-03
  2.9100E+02  5.0815E-03
  2.9200E+02  5.1614E-03
  2.9300E+02  5.2330E-03
  2.9400E+02  5.2961E-03
  2.9500E+02  5.3638E-03
  2.9600E+02  5.4500E-03
  2.9700E+02  5.5546E-03
  2.9800E+02  5.6630E-03
  2.9900E+02  5.7737E-03
  3.0000E+02  5.8877E-03
  3.0100E+02  6.0050E-03
  3.0200E+02  6.1256E-03
  3.0300E+02  6.2495E-03
  3.0400E+02  6.3763E-03
  3.0500E+02  6.5059E-03
  3.0600E+02  6.6392E-03
  3.0700E+02  6.7764E-03
  3.0800E+02  6.9134E-03
  3.0900E+02  7.0474E-03
  3.1000E+02  7.1981E-03
  3.1100E+02  7.3658E-03
  3.1200E+02  7.5504E-03
  3.1300E+02  7.7521E-03
  3.1400E+02  7.9707E-03
  3.1500E+02  8.2062E-03
  3.1600E+02  8.4548E-03
  3.1700E+02  8.7118E-03
  3.1800E+02  8.9783E-03
  3.1900E+02  9.2543E-03
  3.2000E+02  9.5399E-03
  3.2100E+02  9.8590E-03
  3.2200E+02  1.0241E-02
  3.2300E+02  1.0677E-02
  3.2400E+02  1.1166E-02
  3.2500E+02  1.1820E-02
  3.2600E+02  1.2857E-02
  3.2700E+02  1.3584E-02
  3.2800E+02  1.4235E-02
  3.2900E+02  1.4810E-02
  3.3000E+02  1.5309E-02
  3.3100E+02  1.5731E-02
  3.3200E+02  1.5603E-02
  3.3300E+02  1.5662E-02
  3.3400E+02  1.5631E-02
  3.3500E+02  1.5481E-02
  3.3600E+02  1.5175E-02
  3.3700E+02  1.4714E-02
  3.3800E+02  1.4174E-02
  3.3900E+02  1.4840E-02
  3.4000E+02  1.2869E-02
  3.4100E+02  1.2024E-02
  3.4200E+02  1.1264E-02
  3.4300E+02  1.0588E-02
  3.4400E+02  9.9975E-03
  3.4500E+02  9.4902E-03
  3.4600E+02  9.0637E-03
  3.4700E+02  8.6949E-03
  3.4800E+02  8.3619E-03
  3.4900E+02  8.0525E-03
  3.5000E+02  7.8749E-03
  3.5100E+02  7.7815E-03
  3.5200E+02  7.3945E-03
  3.5300E+02  7.0131E-03
  3.5400E+02  6.6371E-03
  3.5500E+02  6.2666E-03
  3.5600E+02  5.9015E-03
  3.5700E+02  5.5419E-03
  3.5800E+02  5.1870E-03
  3.5900E+02  4.8117E-03
  3.6000E+02  4.5784E-03
  3.6100E+02  4.3623E-03
  3.6200E+02  4.1631E-03
  3.6300E+02  3.9802E-03
  3.6400E+02  3.8139E-03
  3.6500E+02  3.6551E-03
  3.6600E+02  3.2672E-03
  3.6700E+02  3.0862E-03
  3.6800E+02  2.8945E-03
  3.6900E+02  2.7367E-03
  3.7000E+02  2.6127E-03
  3.7100E+02  2.5227E-03
  3.7200E+02  2.4672E-03
  3.7300E+02  2.4461E-03
  3.7400E+02  2.4609E-03
  3.7500E+02  2.5453E-03
  3.7600E+02  2.7142E-03
  3.7700E+02  2.9657E-03
  3.7800E+02  3.2983E-03
  3.7900E+02  3.7120E-03
  3.8000E+02  4.2725E-03
  3.8100E+02  5.1452E-03
  3.8200E+02  5.6434E-03
  3.8300E+02  5.7944E-03
  3.8400E+02  5.7551E-03
  3.8500E+02  6.1101E-03
  3.8600E+02  6.4587E-03
  3.8700E+02  6.8007E-03
  3.8800E+02  7.1504E-03
  3.8900E+02  7.5639E-03
  3.9000E+02  8.1711E-03
  3.9100E+02  8.6523E-03
  3.9200E+02  9.0035E-03
  3.9300E+02  9.2126E-03
  3.9400E+02  9.4105E-03
  3.9500E+02  9.6388E-03
  3.9600E+02  9.7871E-03
  3.9700E+02  9.9343E-03
  3.9800E+02  1.0080E-02
  3.9900E+02  1.0225E-02
  4.0000E+02  1.0369E-02
  4.0100E+02  1.0512E-02
  4.0200E+02  1.0748E-02
  4.0300E+02  1.1125E-02
  4.0400E+02  1.1609E-02
  4.0500E+02  1.1293E-02
  4.0600E+02  1.1617E-02
  4.0700E+02  1.2282E-02
  4.0800E+02  1.2996E-02
  4.0900E+02  1.1701E-02
  4.1000E+02  1.1515E-02
  4.1100E+02  1.1507E-02
  4.1200E+02  1.1527E-02
  4.1300E+02  1.1573E-02
  4.1400E+02  1.1650E-02
  4.1500E+02  1.1769E-02
  4.1600E+02  1.1917E-02
  4.1700E+02  1.1997E-02
  4.1800E+02  1.2059E-02
  4.1900E+02  1.2106E-02
  4.2000E+02  1.2136E-02
  4.2100E+02  1.2149E-02
  4.2200E+02  1.2146E-02
  4.2300E+02  1.2133E-02
  4.2400E+02  1.2275E-02
  4.2500E+02  1.2912E-02
  4.2600E+02  1.2961E-02
  4.2700E+02  1.2872E-02
  4.2800E+02  1.2632E-02
  4.2900E+02  1.2236E-02
  4.3000E+02  1.1195E-02
  4.3100E+02  1.0385E-02
  4.3200E+02  1.0201E-02
  4.3300E+02  1.0027E-02
  4.3400E+02  9.8461E-03
  4.3500E+02  9.6344E-03
  4.3600E+02  9.4015E-03
  4.3700E+02  9.2452E-03
  4.3800E+02  9.0919E-03
  4.3900E+02  8.9415E-03
  4.4000E+02  8.7940E-03
  4.4100E+02  8.6495E-03
  4.4200E+02  8.5079E-03
  4.4300E+02  8.3693E-03
  4.4400E+02  8.2337E-03
  4.4500E+02  8.1025E-03
  4.4600E+02  7.9826E-03
  4.4700E+02  7.8749E-03
  4.4800E+02  7.7780E-03
  4.4900E+02  7.7030E-03
  4.5000E+02  7.6459E-03
  4.5100E+02  7.6034E-03
  4.5200E+02  7.5766E-03
  4.5300E+02  7.5778E-03
  4.5400E+02  7.6215E-03
  4.5500E+02  7.5492E-03
  4.5600E+02  7.5229E-03
  4.5700E+02  7.5850E-03
  4.5800E+02  7.6475E-03
  4.5900E+02  7.4528E-03
  4.6000E+02  6.9993E-03
  4.6100E+02  6.8915E-03
  4.6200E+02  6.7841E-03
  4.6300E+02  6.6772E-03
  4.6400E+02  6.5708E-03
  4.6500E+02  6.4649E-03
  4.6600E+02  6.3594E-03
  4.6700E+02  6.2544E-03
  4.6800E+02  6.1499E-03
  4.6900E+02  6.0458E-03
  4.7000E+02  5.9422E-03
  4.7100E+02  5.8391E-03
  4.7200E+02  5.7434E-03
  4.7300E+02  5.7741E-03
  4.7400E+02  1.8136E-02
  4.7500E+02  4.0345E-02
  4.7600E+02  5.8210E-02
  4.7700E+02  6.5557E-02
  4.7800E+02  1.0462E-01
  4.7900E+02  8.1855E-02
  4.8000E+02  7.1116E-02
  4.8100E+02  6.6644E-02
  4.8200E+02  6.9163E-02
  4.8300E+02  7.0836E-02
  4.8400E+02  7.1235E-02
  4.8500E+02  7.3086E-02
  4.8600E+02  6.9004E-02
  4.8700E+02  6.8221E-02
  4.8800E+02  6.7639E-02
  4.8900E+02  6.8117E-02
  4.9000E+02  6.8999E-02
  4.9100E+02  6.9386E-02
  4.9200E+02  6.9636E-02
  4.9300E+02  7.1037E-02
  4.9400E+02  7.4281E-02
  4.9500E+02  7.5847E-02
  4.9600E+02  1.1752E-01
  4.9700E+02  8.6237E-02
  4.9800E+02  7.8436E-02
  4.9900E+02  7.2148E-02
  5.0000E+02  6.6171E-02
  5.0100E+02  4.2461E-02
  5.0200E+02  3.3860E-02
  5.0300E+02  2.5355E-02
  5.0400E+02  2.2356E-02
  5.0500E+02  2.0152E-02
  5.0600E+02  1.8576E-02
  5.0700E+02  1.7362E-02
  5.0800E+02  1.5895E-02
  5.0900E+02  1.3245E-02
  5.1000E+02  1.1389E-02
  5.1100E+02  1.0101E-02
  5.1200E+02  9.0696E-03
  5.1300E+02  8.1775E-03
  5.1400E+02  7.4037E-03
  5.1500E+02  7.8667E-03
  5.1600E+02  5.9795E-03
  5.1700E+02  4.9916E-03
  5.1800E+02  3.8650E-03
  5.1900E+02  2.7066E-03
  5.2000E+02  2.6391E-03
  5.2100E+02  6.7231E-04
  5.2200E+02  1.6572E-04
  5.2300E+02  0.0000E+00
