  0.0000E+00  0.0000E+00
  1.0000E+00  2.5490E-07
  2.0000E+00  1.0196E-06
  3.0000E+00  2.2941E-06
  4.0000E+00  4.0784E-06
  5.0000E+00  6.3726E-06
  6.0000E+00  9.1765E-06
  7.0000E+00  1.2490E-05
  8.0000E+00  1.6314E-05
  9.0000E+00  2.0647E-05
  1.0000E+01  2.5490E-05
  1.1000E+01  3.0843E-05
  1.2000E+01  3.6706E-05
  1.3000E+01  4.3079E-05
  1.4000E+01  4.9961E-05
  1.5000E+01  5.7353E-05
  1.6000E+01  6.5255E-05
  1.7000E+01  7.3667E-05
  1.8000E+01  8.2589E-05
  1.9000E+01  9.2020E-05
  2.0000E+01  1.0196E-04
  2.1000E+01  1.1241E-04
  2.2000E+01  1.2337E-04
  2.3000E+01  1.3484E-04
  2.4000E+01  1.4682E-04
  2.5000E+01  1.5931E-04
  2.6000E+01  1.7231E-04
  2.7000E+01  1.8582E-04
  2.8000E+01  1.9984E-04
  2.9000E+01  2.1437E-04
  3.0000E+01  2.2941E-04
  3.1000E+01  2.4496E-04
  3.2000E+01  2.6102E-04
  3.3000E+01  2.7759E-04
  3.4000E+01  2.9467E-04
  3.5000E+01  3.1226E-04
  3.6000E+01  3.3036E-04
  3.7000E+01  3.4896E-04
  3.8000E+01  3.6808E-04
  3.9000E+01  3.8771E-04
  4.0000E+01  4.0785E-04
  4.1000E+01  4.2849E-04
  4.2000E+01  4.4965E-04
  4.3000E+01  4.7132E-04
  4.4000E+01  4.9349E-04
  4.5000E+01  5.1618E-04
  4.6000E+01  5.3938E-04
  4.7000E+01  5.6308E-04
  4.8000E+01  5.8730E-04
  4.9000E+01  6.1202E-04
  5.0000E+01  6.3726E-04
  5.1000E+01  6.6300E-04
  5.2000E+01  6.8926E-04
  5.3000E+01  7.1602E-04
  5.4000E+01  7.4330E-04
  5.5000E+01  7.7108E-04
  5.6000E+01  7.9938E-04
  5.7000E+01  8.2818E-04
  5.8000E+01  8.5750E-04
  5.9000E+01  8.8732E-04
  6.0000E+01  9.1765E-04
  6.1000E+01  9.4850E-04
  6.2000E+01  9.7985E-04
  6.3000E+01  1.0117E-03
  6.4000E+01  1.0441E-03
  6.5000E+01  1.0770E-03
  6.6000E+01  1.1104E-03
  6.7000E+01  1.1443E-03
  6.8000E+01  1.1787E-03
  6.9000E+01  1.2136E-03
  7.0000E+01  1.2490E-03
  7.1000E+01  1.2850E-03
  7.2000E+01  1.3214E-03
  7.3000E+01  1.3584E-03
  7.4000E+01  1.3959E-03
  7.5000E+01  1.4338E-03
  7.6000E+01  1.4723E-03
  7.7000E+01  1.5113E-03
  7.8000E+01  1.5508E-03
  7.9000E+01  1.5909E-03
  8.0000E+01  1.6314E-03
  8.1000E+01  1.6724E-03
  8.2000E+01  1.7140E-03
  8.3000E+01  1.7560E-03
  8.4000E+01  1.7986E-03
  8.5000E+01  1.8417E-03
  8.6000E+01  1.8853E-03
  8.7000E+01  1.9294E-03
  8.8000E+01  1.9740E-03
  8.9000E+01  2.0191E-03
  9.0000E+01  2.0647E-03
  9.1000E+01  2.1109E-03
  9.2000E+01  2.2628E-03
  9.3000E+01  2.9108E-03
  9.4000E+01  3.5582E-03
  9.5000E+01  4.2051E-03
  9.6000E+01  4.8515E-03
  9.7000E+01  5.4974E-03
  9.8000E+01  6.1428E-03
  9.9000E+01  6.7877E-03
  1.0000E+02  7.4321E-03
  1.0100E+02  8.0760E-03
  1.0200E+02  8.7194E-03
  1.0300E+02  9.3623E-03
  1.0400E+02  1.0004E-02
  1.0500E+02  1.0640E-02
  1.0600E+02  1.1270E-02
  1.0700E+02  1.1892E-02
  1.0800E+02  1.2508E-02
  1.0900E+02  1.3117E-02
  1.1000E+02  1.3719E-02
  1.1100E+02  1.4314E-02
  1.1200E+02  1.4903E-02
  1.1300E+02  1.5485E-02
  1.1400E+02  1.6060E-02
  1.1500E+02  1.6628E-02
  1.1600E+02  1.7190E-02
  1.1700E+02  1.7745E-02
  1.1800E+02  1.8293E-02
  1.1900E+02  1.8834E-02
  1.2000E+02  1.9369E-02
  1.2100E+02  1.9896E-02
  1.2200E+02  2.0417E-02
  1.2300E+02  2.0931E-02
  1.2400E+02  2.1382E-02
  1.2500E+02  2.1851E-02
  1.2600E+02  2.2453E-02
  1.2700E+02  2.3190E-02
  1.2800E+02  2.4062E-02
  1.2900E+02  2.5068E-02
  1.3000E+02  2.6208E-02
  1.3100E+02  2.7482E-02
  1.3200E+02  2.8891E-02
  1.3300E+02  3.0434E-02
  1.3400E+02  3.2111E-02
  1.3500E+02  1.6610E-02
  1.3600E+02  1.6411E-02
  1.3700E+02  1.6220E-02
  1.3800E+02  1.6036E-02
  1.3900E+02  1.5859E-02
  1.4000E+02  1.5689E-02
  1.4100E+02  1.5527E-02
  1.4200E+02  1.5372E-02
  1.4300E+02  1.5225E-02
  1.4400E+02  1.5085E-02
  1.4500E+02  1.4953E-02
  1.4600E+02  1.4827E-02
  1.4700E+02  1.4710E-02
  1.4800E+02  1.4599E-02
  1.4900E+02  1.4496E-02
  1.5000E+02  1.4401E-02
  1.5100E+02  1.4312E-02
  1.5200E+02  1.4231E-02
  1.5300E+02  1.4158E-02
  1.5400E+02  1.4092E-02
  1.5500E+02  1.4033E-02
  1.5600E+02  1.3982E-02
  1.5700E+02  1.3938E-02
  1.5800E+02  1.3901E-02
  1.5900E+02  1.3872E-02
  1.6000E+02  1.3850E-02
  1.6100E+02  1.3836E-02
  1.6200E+02  1.3829E-02
  1.6300E+02  1.3829E-02
  1.6400E+02  1.3837E-02
  1.6500E+02  1.3852E-02
  1.6600E+02  1.3874E-02
  1.6700E+02  1.3904E-02
  1.6800E+02  1.3941E-02
  1.6900E+02  1.3986E-02
  1.7000E+02  1.4038E-02
  1.7100E+02  1.4097E-02
  1.7200E+02  1.4164E-02
  1.7300E+02  1.4238E-02
  1.7400E+02  1.4320E-02
  1.7500E+02  1.4409E-02
  1.7600E+02  1.4505E-02
  1.7700E+02  1.4609E-02
  1.7800E+02  1.4720E-02
  1.7900E+02  1.4838E-02
  1.8000E+02  1.4964E-02
  1.8100E+02  1.5097E-02
  1.8200E+02  1.5238E-02
  1.8300E+02  1.5386E-02
  1.8400E+02  1.5541E-02
  1.8500E+02  1.5704E-02
  1.8600E+02  1.5874E-02
  1.8700E+02  1.6052E-02
  1.8800E+02  1.6236E-02
  1.8900E+02  1.6429E-02
  1.9000E+02  1.6628E-02
  1.9100E+02  1.6835E-02
  1.9200E+02  1.7050E-02
  1.9300E+02  5.6102E-02
  1.9400E+02  8.6129E-02
  1.9500E+02  4.4648E-02
  1.9600E+02  3.6940E-02
  1.9700E+02  1.7707E-02
  1.9800E+02  4.2233E-04
  1.9900E+02  4.2661E-04
  2.0000E+02  4.3090E-04
  2.0100E+02  4.3522E-04
  2.0200E+02  4.3956E-04
  2.0300E+02  4.4393E-04
  2.0400E+02  4.4831E-04
  2.0500E+02  4.5272E-04
  2.0600E+02  4.5715E-04
  2.0700E+02  4.6159E-04
  2.0800E+02  4.6607E-04
  2.0900E+02  4.7056E-04
  2.1000E+02  4.7507E-04
  2.1100E+02  4.7961E-04
  2.1200E+02  4.8416E-04
  2.1300E+02  4.8874E-04
  2.1400E+02  4.9334E-04
  2.1500E+02  4.9796E-04
  2.1600E+02  5.0261E-04
  2.1700E+02  5.0727E-04
  2.1800E+02  5.1196E-04
  2.1900E+02  5.1666E-04
  2.2000E+02  5.2139E-04
  2.2100E+02  5.2614E-04
  2.2200E+02  5.3092E-04
  2.2300E+02  5.3571E-04
  2.2400E+02  5.4053E-04
  2.2500E+02  5.4536E-04
  2.2600E+02  5.5022E-04
  2.2700E+02  5.5510E-04
  2.2800E+02  5.6000E-04
  2.2900E+02  5.6493E-04
  2.3000E+02  5.6987E-04
  2.3100E+02  5.7484E-04
  2.3200E+02  5.7982E-04
  2.3300E+02  5.8483E-04
  2.3400E+02  5.8986E-04
  2.3500E+02  1.1944E-03
  2.3600E+02  2.0574E-03
  2.3700E+02  2.7755E-03
  2.3800E+02  3.3489E-03
  2.3900E+02  3.7775E-03
  2.4000E+02  4.0612E-03
  2.4100E+02  4.2002E-03
  2.4200E+02  4.1944E-03
  2.4300E+02  4.0438E-03
  2.4400E+02  3.7484E-03
  2.4500E+02  3.3083E-03
  2.4600E+02  2.7233E-03
  2.4700E+02  2.6462E-03
  2.4800E+02  2.7209E-03
  2.4900E+02  2.7966E-03
  2.5000E+02  2.8733E-03
  2.5100E+02  2.9510E-03
  2.5200E+02  3.0296E-03
  2.5300E+02  3.1093E-03
  2.5400E+02  3.1900E-03
  2.5500E+02  3.2717E-03
  2.5600E+02  3.3543E-03
  2.5700E+02  3.4380E-03
  2.5800E+02  3.5227E-03
  2.5900E+02  3.6083E-03
  2.6000E+02  3.6950E-03
  2.6100E+02  3.7827E-03
  2.6200E+02  3.8713E-03
  2.6300E+02  3.9610E-03
  2.6400E+02  4.0516E-03
  2.6500E+02  4.1433E-03
  2.6600E+02  4.2359E-03
  2.6700E+02  4.3296E-03
  2.6800E+02  4.4242E-03
  2.6900E+02  4.5198E-03
  2.7000E+02  4.6165E-03
  2.7100E+02  4.7141E-03
  2.7200E+02  4.8128E-03
  2.7300E+02  4.9124E-03
  2.7400E+02  5.0130E-03
  2.7500E+02  5.1146E-03
  2.7600E+02  5.2173E-03
  2.7700E+02  5.3209E-03
  2.7800E+02  5.4255E-03
  2.7900E+02  5.5311E-03
  2.8000E+02  5.6377E-03
  2.8100E+02  5.7453E-03
  2.8200E+02  5.8540E-03
  2.8300E+02  5.9636E-03
  2.8400E+02  6.0742E-03
  2.8500E+02  6.1858E-03
  2.8600E+02  6.2984E-03
  2.8700E+02  6.4120E-03
  2.8800E+02  6.5266E-03
  2.8900E+02  6.7913E-03
  2.9000E+02  7.1522E-03
  2.9100E+02  7.4990E-03
  2.9200E+02  7.8318E-03
  2.9300E+02  8.1505E-03
  2.9400E+02  8.4552E-03
  2.9500E+02  8.7458E-03
  2.9600E+02  9.0224E-03
  2.9700E+02  9.2849E-03
  2.9800E+02  9.5334E-03
  2.9900E+02  9.7678E-03
  3.0000E+02  9.9881E-03
  3.0100E+02  1.0194E-02
  3.0200E+02  1.0387E-02
  3.0300E+02  1.0565E-02
  3.0400E+02  1.0729E-02
  3.0500E+02  1.0879E-02
  3.0600E+02  1.1015E-02
  3.0700E+02  1.1137E-02
  3.0800E+02  1.1245E-02
  3.0900E+02  1.1339E-02
  3.1000E+02  1.1418E-02
  3.1100E+02  1.1484E-02
  3.1200E+02  1.1536E-02
  3.1300E+02  1.1573E-02
  3.1400E+02  1.1597E-02
  3.1500E+02  1.1606E-02
  3.1600E+02  1.1602E-02
  3.1700E+02  1.1583E-02
  3.1800E+02  1.1551E-02
  3.1900E+02  1.1504E-02
  3.2000E+02  1.1443E-02
  3.2100E+02  1.1368E-02
  3.2200E+02  1.1279E-02
  3.2300E+02  1.1176E-02
  3.2400E+02  1.1059E-02
  3.2500E+02  1.1009E-02
  3.2600E+02  1.1035E-02
  3.2700E+02  1.1046E-02
  3.2800E+02  1.1044E-02
  3.2900E+02  1.1028E-02
  3.3000E+02  1.0998E-02
  3.3100E+02  1.0953E-02
  3.3200E+02  1.0895E-02
  3.3300E+02  1.0823E-02
  3.3400E+02  1.0737E-02
  3.3500E+02  1.0636E-02
  3.3600E+02  1.0522E-02
  3.3700E+02  1.0394E-02
  3.3800E+02  1.0252E-02
  3.3900E+02  1.0096E-02
  3.4000E+02  9.9253E-03
  3.4100E+02  9.7412E-03
  3.4200E+02  9.5430E-03
  3.4300E+02  9.3309E-03
  3.4400E+02  9.1047E-03
  3.4500E+02  8.8646E-03
  3.4600E+02  8.6105E-03
  3.4700E+02  8.3424E-03
  3.4800E+02  8.0603E-03
  3.4900E+02  7.7642E-03
  3.5000E+02  7.4541E-03
  3.5100E+02  7.1300E-03
  3.5200E+02  6.7919E-03
  3.5300E+02  6.4399E-03
  3.5400E+02  6.0738E-03
  3.5500E+02  5.6938E-03
  3.5600E+02  5.2998E-03
  3.5700E+02  4.8918E-03
  3.5800E+02  4.4698E-03
  3.5900E+02  4.0338E-03
  3.6000E+02  3.5838E-03
  3.6100E+02  3.3199E-03
  3.6200E+02  3.1395E-03
  3.6300E+02  2.9761E-03
  3.6400E+02  2.8299E-03
  3.6500E+02  2.7007E-03
  3.6600E+02  2.5885E-03
  3.6700E+02  2.4934E-03
  3.6800E+02  2.4154E-03
  3.6900E+02  2.3544E-03
  3.7000E+02  2.3104E-03
  3.7100E+02  2.2836E-03
  3.7200E+02  2.2737E-03
  3.7300E+02  2.2810E-03
  3.7400E+02  2.3053E-03
  3.7500E+02  2.3466E-03
  3.7600E+02  2.4049E-03
  3.7700E+02  2.4723E-03
  3.7800E+02  2.5443E-03
  3.7900E+02  2.6207E-03
  3.8000E+02  2.7017E-03
  3.8100E+02  2.7872E-03
  3.8200E+02  2.8772E-03
  3.8300E+02  2.9718E-03
  3.8400E+02  3.0708E-03
  3.8500E+02  3.1743E-03
  3.8600E+02  3.2824E-03
  3.8700E+02  3.3950E-03
  3.8800E+02  3.5121E-03
  3.8900E+02  3.6337E-03
  3.9000E+02  3.7598E-03
  3.9100E+02  3.8904E-03
  3.9200E+02  4.0256E-03
  3.9300E+02  4.1652E-03
  3.9400E+02  4.3094E-03
  3.9500E+02  4.4581E-03
  3.9600E+02  4.6112E-03
  3.9700E+02  4.7690E-03
  3.9800E+02  4.9312E-03
  3.9900E+02  5.0979E-03
  4.0000E+02  5.2692E-03
  4.0100E+02  5.4449E-03
  4.0200E+02  5.6252E-03
  4.0300E+02  5.8100E-03
  4.0400E+02  5.9993E-03
  4.0500E+02  6.1931E-03
  4.0600E+02  6.3914E-03
  4.0700E+02  6.5943E-03
  4.0800E+02  6.8016E-03
  4.0900E+02  7.0135E-03
  4.1000E+02  7.2299E-03
  4.1100E+02  7.4508E-03
  4.1200E+02  7.6762E-03
  4.1300E+02  7.9061E-03
  4.1400E+02  8.1405E-03
  4.1500E+02  8.3795E-03
  4.1600E+02  8.6229E-03
  4.1700E+02  9.1095E-03
  4.1800E+02  1.0535E-02
  4.1900E+02  1.2943E-02
  4.2000E+02  1.6335E-02
  4.2100E+02  2.0710E-02
  4.2200E+02  2.6069E-02
  4.2300E+02  3.2410E-02
  4.2400E+02  4.8858E-02
  4.2500E+02  5.3070E-02
  4.2600E+02  4.6706E-02
  4.2700E+02  3.8155E-02
  4.2800E+02  2.7805E-02
  4.2900E+02  1.5655E-02
  4.3000E+02  1.0911E-02
  4.3100E+02  1.0737E-02
  4.3200E+02  1.0564E-02
  4.3300E+02  1.0393E-02
  4.3400E+02  1.0224E-02
  4.3500E+02  1.0056E-02
  4.3600E+02  9.8890E-03
  4.3700E+02  9.7239E-03
  4.3800E+02  9.5603E-03
  4.3900E+02  9.3981E-03
  4.4000E+02  9.2375E-03
  4.4100E+02  9.0784E-03
  4.4200E+02  8.9208E-03
  4.4300E+02  8.7646E-03
  4.4400E+02  8.6100E-03
  4.4500E+02  8.4568E-03
  4.4600E+02  8.3052E-03
  4.4700E+02  8.1550E-03
  4.4800E+02  8.0064E-03
  4.4900E+02  7.8592E-03
  4.5000E+02  7.7136E-03
  4.5100E+02  7.5694E-03
  4.5200E+02  7.4267E-03
  4.5300E+02  7.2856E-03
  4.5400E+02  7.1459E-03
  4.5500E+02  7.0077E-03
  4.5600E+02  6.8710E-03
  4.5700E+02  6.7358E-03
  4.5800E+02  6.6021E-03
  4.5900E+02  6.4699E-03
  4.6000E+02  6.3392E-03
  4.6100E+02  6.2100E-03
  4.6200E+02  6.0823E-03
  4.6300E+02  5.9561E-03
  4.6400E+02  5.8314E-03
  4.6500E+02  5.7082E-03
  4.6600E+02  5.5865E-03
  4.6700E+02  5.4662E-03
  4.6800E+02  5.3475E-03
  4.6900E+02  5.2303E-03
  4.7000E+02  5.1145E-03
  4.7100E+02  5.0003E-03
  4.7200E+02  4.8876E-03
  4.7300E+02  4.9043E-03
  4.7400E+02  6.9215E-03
  4.7500E+02  1.1557E-02
  4.7600E+02  1.8812E-02
  4.7700E+02  2.8685E-02
  4.7800E+02  4.1176E-02
  4.7900E+02  2.8708E-01
  4.8000E+02  1.0758E-01
  4.8100E+02  1.0230E-01
  4.8200E+02  9.4753E-02
  4.8300E+02  8.4934E-02
  4.8400E+02  7.2843E-02
  4.8500E+02  6.0811E-02
  4.8600E+02  6.3014E-02
  4.8700E+02  6.5023E-02
  4.8800E+02  6.6836E-02
  4.8900E+02  6.8456E-02
  4.9000E+02  6.9880E-02
  4.9100E+02  7.1110E-02
  4.9200E+02  7.2145E-02
  4.9300E+02  7.6962E-02
  4.9400E+02  8.1020E-02
  4.9500E+02  8.3895E-02
  4.9600E+02  8.4594E-02
  4.9700E+02  8.3119E-02
  4.9800E+02  7.9467E-02
  4.9900E+02  7.3641E-02
  5.0000E+02  6.5639E-02
  5.0100E+02  5.6122E-02
  5.0200E+02  4.8329E-02
  5.0300E+02  3.9133E-02
  5.0400E+02  2.8535E-02
  5.0500E+02  1.6535E-02
  5.0600E+02  9.9979E-03
  5.0700E+02  8.8554E-03
  5.0800E+02  7.7821E-03
  5.0900E+02  6.7782E-03
  5.1000E+02  5.8436E-03
  5.1100E+02  4.9782E-03
  5.1200E+02  4.1822E-03
  5.1300E+02  3.4555E-03
  5.1400E+02  2.7981E-03
  5.1500E+02  2.2100E-03
  5.1600E+02  1.6912E-03
  5.1700E+02  1.2417E-03
  5.1800E+02  8.6145E-04
  5.1900E+02  5.5056E-04
  5.2000E+02  3.0896E-04
  5.2100E+02  1.3668E-04
  5.2200E+02  3.3689E-05
  5.2300E+02  0.0000E+00
