 -1.8979E-05  0.0000E+00
  9.9998E-01  1.2413E-07
  2.0000E+00  4.9651E-07
  3.0000E+00  1.1171E-06
  4.0000E+00  1.9860E-06
  5.0000E+00  3.1032E-06
  6.0000E+00  4.4686E-06
  7.0000E+00  6.0822E-06
  8.0000E+00  7.9441E-06
  9.0000E+00  1.0054E-05
  1.0000E+01  1.2413E-05
  1.1000E+01  1.5019E-05
  1.2000E+01  1.7874E-05
  1.3000E+01  2.0977E-05
  1.4000E+01  2.4329E-05
  1.5000E+01  2.7928E-05
  1.6000E+01  3.1776E-05
  1.7000E+01  3.5873E-05
  1.8000E+01  4.0217E-05
  1.9000E+01  4.4810E-05
  2.0000E+01  4.9651E-05
  2.1000E+01  5.4740E-05
  2.2000E+01  6.0077E-05
  2.3000E+01  6.5663E-05
  2.4000E+01  7.1497E-05
  2.5000E+01  7.7579E-05
  2.6000E+01  8.3910E-05
  2.7000E+01  9.0488E-05
  2.8000E+01  9.7315E-05
  2.9000E+01  1.0439E-04
  3.0000E+01  1.1171E-04
  3.1000E+01  1.1929E-04
  3.2000E+01  1.2711E-04
  3.3000E+01  1.3517E-04
  3.4000E+01  1.4349E-04
  3.5000E+01  1.5205E-04
  3.6000E+01  1.6087E-04
  3.7000E+01  1.6993E-04
  3.8000E+01  1.7924E-04
  3.9000E+01  1.8880E-04
  4.0000E+01  1.9860E-04
  4.1000E+01  2.0866E-04
  4.2000E+01  2.1896E-04
  4.3000E+01  2.9276E-04
  4.4000E+01  3.7071E-04
  4.5000E+01  4.4365E-04
  4.6000E+01  5.1157E-04
  4.7000E+01  5.7448E-04
  4.8000E+01  6.3238E-04
  4.9000E+01  6.8525E-04
  5.0000E+01  7.3312E-04
  5.1000E+01  7.7597E-04
  5.2000E+01  8.1380E-04
  5.3000E+01  8.4662E-04
  5.4000E+01  8.7442E-04
  5.5000E+01  8.9720E-04
  5.6000E+01  9.1498E-04
  5.7000E+01  9.3854E-04
  5.8000E+01  9.7838E-04
  5.9000E+01  1.0186E-03
  6.0000E+01  1.0593E-03
  6.1000E+01  1.1003E-03
  6.2000E+01  1.1413E-03
  6.3000E+01  1.1834E-03
  6.4000E+01  1.2275E-03
  6.5000E+01  1.2738E-03
  6.6000E+01  1.3222E-03
  6.7000E+01  1.3726E-03
  6.8000E+01  1.4252E-03
  6.9000E+01  1.4798E-03
  7.0000E+01  1.5365E-03
  7.1000E+01  1.5953E-03
  7.2000E+01  1.6562E-03
  7.3000E+01  1.7192E-03
  7.4000E+01  1.7843E-03
  7.5000E+01  1.8515E-03
  7.6000E+01  1.9210E-03
  7.7000E+01  2.0042E-03
  7.8000E+01  2.1075E-03
  7.9000E+01  2.2311E-03
  8.0000E+01  2.3748E-03
  8.1000E+01  2.5387E-03
  8.2000E+01  2.7228E-03
  8.3000E+01  3.1847E-03
  8.4000E+01  3.6623E-03
  8.5000E+01  3.4267E-03
  8.6000E+01  3.3969E-03
  8.7000E+01  3.5435E-03
  8.8000E+01  3.6966E-03
  8.9000E+01  3.8598E-03
  9.0000E+01  4.0365E-03
  9.1000E+01  4.3877E-03
  9.2000E+01  4.7022E-03
  9.3000E+01  4.9582E-03
  9.4000E+01  5.1556E-03
  9.5000E+01  5.2976E-03
  9.6000E+01  5.4848E-03
  9.7000E+01  5.8031E-03
  9.8000E+01  6.1583E-03
  9.9000E+01  6.5503E-03
  1.0000E+02  6.9037E-03
  1.0100E+02  7.3226E-03
  1.0200E+02  8.0325E-03
  1.0300E+02  9.0930E-03
  1.0400E+02  1.0321E-02
  1.0500E+02  1.1204E-02
  1.0600E+02  1.1748E-02
  1.0700E+02  1.2323E-02
  1.0800E+02  1.2876E-02
  1.0900E+02  1.3466E-02
  1.1000E+02  1.4103E-02
  1.1100E+02  1.4783E-02
  1.1200E+02  1.5508E-02
  1.1300E+02  1.5220E-02
  1.1400E+02  1.5380E-02
  1.1500E+02  1.5770E-02
  1.1600E+02  1.6154E-02
  1.1700E+02  1.6499E-02
  1.1800E+02  1.6849E-02
  1.1900E+02  1.7175E-02
  1.2000E+02  1.7470E-02
  1.2100E+02  1.7734E-02
  1.2200E+02  1.8008E-02
  1.2300E+02  1.8526E-02
  1.2400E+02  1.9083E-02
  1.2500E+02  1.9562E-02
  1.2600E+02  2.0086E-02
  1.2700E+02  2.0675E-02
  1.2800E+02  2.1288E-02
  1.2900E+02  2.0819E-02
  1.3000E+02  2.0357E-02
  1.3100E+02  2.1264E-02
  1.3200E+02  2.1859E-02
  1.3300E+02  2.2147E-02
  1.3400E+02  2.2385E-02
  1.3500E+02  2.2939E-02
  1.3600E+02  2.4163E-02
  1.3700E+02  2.4843E-02
  1.3800E+02  2.5370E-02
  1.3900E+02  2.5770E-02
  1.4000E+02  2.6207E-02
  1.4100E+02  2.6728E-02
  1.4200E+02  2.7457E-02
  1.4300E+02  2.8404E-02
  1.4400E+02  2.9521E-02
  1.4500E+02  3.0305E-02
  1.4600E+02  3.0698E-02
  1.4700E+02  3.1136E-02
  1.4800E+02  3.1271E-02
  1.4900E+02  2.9360E-02
  1.5000E+02  2.8216E-02
  1.5100E+02  2.6550E-02
  1.5200E+02  2.4726E-02
  1.5300E+02  2.3757E-02
  1.5400E+02  2.2988E-02
  1.5500E+02  2.2223E-02
  1.5600E+02  2.1467E-02
  1.5700E+02  2.0709E-02
  1.5800E+02  1.9815E-02
  1.5900E+02  1.9060E-02
  1.6000E+02  1.8372E-02
  1.6100E+02  1.8318E-02
  1.6200E+02  1.8093E-02
  1.6300E+02  1.7865E-02
  1.6400E+02  1.7634E-02
  1.6500E+02  1.7398E-02
  1.6600E+02  1.7160E-02
  1.6700E+02  1.6918E-02
  1.6800E+02  1.6675E-02
  1.6900E+02  1.6436E-02
  1.7000E+02  1.6200E-02
  1.7100E+02  1.6104E-02
  1.7200E+02  1.5991E-02
  1.7300E+02  1.5802E-02
  1.7400E+02  1.5541E-02
  1.7500E+02  1.5421E-02
  1.7600E+02  1.5363E-02
  1.7700E+02  1.5359E-02
  1.7800E+02  1.5360E-02
  1.7900E+02  1.5288E-02
  1.8000E+02  1.5136E-02
  1.8100E+02  1.6099E-02
  1.8200E+02  1.6079E-02
  1.8300E+02  1.5565E-02
  1.8400E+02  1.5196E-02
  1.8500E+02  1.4078E-02
  1.8600E+02  1.3552E-02
  1.8700E+02  1.3636E-02
  1.8800E+02  1.3712E-02
  1.8900E+02  1.3779E-02
  1.9000E+02  1.3837E-02
  1.9100E+02  1.3885E-02
  1.9200E+02  1.3944E-02
  1.9300E+02  1.4034E-02
  1.9400E+02  1.4106E-02
  1.9500E+02  1.4158E-02
  1.9600E+02  1.4192E-02
  1.9700E+02  1.4233E-02
  1.9800E+02  1.4247E-02
  1.9900E+02  1.4231E-02
  2.0000E+02  1.4184E-02
  2.0100E+02  1.4108E-02
  2.0200E+02  1.4702E-02
  2.0300E+02  1.4141E-02
  2.0400E+02  1.2550E-02
  2.0500E+02  1.0689E-02
  2.0600E+02  9.1782E-03
  2.0700E+02  8.0203E-03
  2.0800E+02  6.5899E-03
  2.0900E+02  4.8241E-03
  2.1000E+02  3.1258E-03
  2.1100E+02  1.3353E-03
  2.1200E+02  1.3566E-03
  2.1300E+02  1.3780E-03
  2.1400E+02  1.3995E-03
  2.1500E+02  1.4212E-03
  2.1600E+02  1.4430E-03
  2.1700E+02  1.4649E-03
  2.1800E+02  1.4869E-03
  2.1900E+02  1.5091E-03
  2.2000E+02  1.5313E-03
  2.2100E+02  1.5538E-03
  2.2200E+02  1.5763E-03
  2.2300E+02  1.5990E-03
  2.2400E+02  1.6218E-03
  2.2500E+02  1.6447E-03
  2.2600E+02  1.6677E-03
  2.2700E+02  1.6909E-03
  2.2800E+02  1.7142E-03
  2.2900E+02  1.7397E-03
  2.3000E+02  1.7768E-03
  2.3100E+02  1.8163E-03
  2.3200E+02  1.8526E-03
  2.3300E+02  1.8889E-03
  2.3400E+02  1.9252E-03
  2.3500E+02  1.9615E-03
  2.3600E+02  1.9978E-03
  2.3700E+02  2.0336E-03
  2.3800E+02  2.0689E-03
  2.3900E+02  2.1036E-03
  2.4000E+02  2.1378E-03
  2.4100E+02  2.1715E-03
  2.4200E+02  2.2047E-03
  2.4300E+02  2.2373E-03
  2.4400E+02  2.2695E-03
  2.4500E+02  2.3011E-03
  2.4600E+02  2.3321E-03
  2.4700E+02  2.3627E-03
  2.4800E+02  2.3927E-03
  2.4900E+02  2.4222E-03
  2.5000E+02  2.4512E-03
  2.5100E+02  2.4838E-03
  2.5200E+02  2.5185E-03
  2.5300E+02  2.5545E-03
  2.5400E+02  2.5917E-03
  2.5500E+02  2.6303E-03
  2.5600E+02  2.6702E-03
  2.5700E+02  2.7114E-03
  2.5800E+02  2.7540E-03
  2.5900E+02  2.7979E-03
  2.6000E+02  2.8430E-03
  2.6100E+02  2.8896E-03
  2.6200E+02  2.9374E-03
  2.6300E+02  2.9866E-03
  2.6400E+02  3.0370E-03
  2.6500E+02  3.0884E-03
  2.6600E+02  3.1407E-03
  2.6700E+02  3.1939E-03
  2.6800E+02  3.2480E-03
  2.6900E+02  3.3031E-03
  2.7000E+02  3.3591E-03
  2.7100E+02  3.4161E-03
  2.7200E+02  3.4768E-03
  2.7300E+02  3.5429E-03
  2.7400E+02  3.6157E-03
  2.7500E+02  3.6969E-03
  2.7600E+02  3.7688E-03
  2.7700E+02  3.8349E-03
  2.7800E+02  3.8953E-03
  2.7900E+02  3.9501E-03
  2.8000E+02  3.9992E-03
  2.8100E+02  4.0426E-03
  2.8200E+02  4.0804E-03
  2.8300E+02  4.1390E-03
  2.8400E+02  4.2049E-03
  2.8500E+02  4.2713E-03
  2.8600E+02  4.3382E-03
  2.8700E+02  4.4055E-03
  2.8800E+02  4.4733E-03
  2.8900E+02  4.5416E-03
  2.9000E+02  4.6104E-03
  2.9100E+02  4.6796E-03
  2.9200E+02  4.7493E-03
  2.9300E+02  4.8202E-03
  2.9400E+02  4.8974E-03
  2.9500E+02  4.9819E-03
  2.9600E+02  5.0715E-03
  2.9700E+02  5.1662E-03
  2.9800E+02  5.2645E-03
  2.9900E+02  5.3659E-03
  3.0000E+02  5.4702E-03
  3.0100E+02  5.5777E-03
  3.0200E+02  5.6881E-03
  3.0300E+02  5.8076E-03
  3.0400E+02  5.9450E-03
  3.0500E+02  6.0977E-03
  3.0600E+02  6.2477E-03
  3.0700E+02  6.3914E-03
  3.0800E+02  6.5288E-03
  3.0900E+02  6.6600E-03
  3.1000E+02  6.7848E-03
  3.1100E+02  6.9033E-03
  3.1200E+02  7.0114E-03
  3.1300E+02  7.1093E-03
  3.1400E+02  7.2521E-03
  3.1500E+02  7.4250E-03
  3.1600E+02  7.5975E-03
  3.1700E+02  7.7786E-03
  3.1800E+02  7.9684E-03
  3.1900E+02  8.1674E-03
  3.2000E+02  8.3773E-03
  3.2100E+02  8.5984E-03
  3.2200E+02  8.8305E-03
  3.2300E+02  9.0737E-03
  3.2400E+02  9.3273E-03
  3.2500E+02  9.6247E-03
  3.2600E+02  9.9541E-03
  3.2700E+02  1.0316E-02
  3.2800E+02  1.0709E-02
  3.2900E+02  1.1135E-02
  3.3000E+02  1.1593E-02
  3.3100E+02  1.2103E-02
  3.3200E+02  1.2687E-02
  3.3300E+02  1.3363E-02
  3.3400E+02  1.4191E-02
  3.3500E+02  1.5521E-02
  3.3600E+02  1.6684E-02
  3.3700E+02  1.6967E-02
  3.3800E+02  1.6447E-02
  3.3900E+02  1.6392E-02
  3.4000E+02  1.6488E-02
  3.4100E+02  1.6303E-02
  3.4200E+02  1.5871E-02
  3.4300E+02  1.5380E-02
  3.4400E+02  1.4829E-02
  3.4500E+02  1.4218E-02
  3.4600E+02  1.4452E-02
  3.4700E+02  1.1998E-02
  3.4800E+02  1.0972E-02
  3.4900E+02  1.0495E-02
  3.5000E+02  1.0145E-02
  3.5100E+02  9.7872E-03
  3.5200E+02  9.4426E-03
  3.5300E+02  9.6580E-03
  3.5400E+02  6.9501E-03
  3.5500E+02  6.6117E-03
  3.5600E+02  6.2829E-03
  3.5700E+02  5.9636E-03
  3.5800E+02  5.6547E-03
  3.5900E+02  5.3590E-03
  3.6000E+02  5.0766E-03
  3.6100E+02  4.8076E-03
  3.6200E+02  4.5519E-03
  3.6300E+02  4.3100E-03
  3.6400E+02  4.0834E-03
  3.6500E+02  3.8723E-03
  3.6600E+02  3.6766E-03
  3.6700E+02  2.8644E-03
  3.6800E+02  2.7771E-03
  3.6900E+02  2.6896E-03
  3.7000E+02  2.6018E-03
  3.7100E+02  2.8088E-03
  3.7200E+02  2.9061E-03
  3.7300E+02  3.0127E-03
  3.7400E+02  3.1285E-03
  3.7500E+02  3.2535E-03
  3.7600E+02  3.3877E-03
  3.7700E+02  3.5311E-03
  3.7800E+02  3.6390E-03
  3.7900E+02  3.7209E-03
  3.8000E+02  3.8009E-03
  3.8100E+02  3.8977E-03
  3.8200E+02  4.0753E-03
  3.8300E+02  4.4703E-03
  3.8400E+02  4.9342E-03
  3.8500E+02  5.4670E-03
  3.8600E+02  6.3880E-03
  3.8700E+02  8.0044E-03
  3.8800E+02  9.6768E-03
  3.8900E+02  1.1128E-02
  3.9000E+02  1.1771E-02
  3.9100E+02  9.6898E-03
  3.9200E+02  9.4646E-03
  3.9300E+02  9.4050E-03
  3.9400E+02  9.4499E-03
  3.9500E+02  9.4718E-03
  3.9600E+02  9.5167E-03
  3.9700E+02  9.5848E-03
  3.9800E+02  9.6760E-03
  3.9900E+02  9.7921E-03
  4.0000E+02  9.9175E-03
  4.0100E+02  1.0035E-02
  4.0200E+02  1.0144E-02
  4.0300E+02  1.0246E-02
  4.0400E+02  1.0339E-02
  4.0500E+02  1.0424E-02
  4.0600E+02  1.0502E-02
  4.0700E+02  1.0571E-02
  4.0800E+02  1.0654E-02
  4.0900E+02  1.0890E-02
  4.1000E+02  1.1256E-02
  4.1100E+02  1.1471E-02
  4.1200E+02  1.1728E-02
  4.1300E+02  1.2040E-02
  4.1400E+02  1.2394E-02
  4.1500E+02  1.2793E-02
  4.1600E+02  1.3234E-02
  4.1700E+02  1.3613E-02
  4.1800E+02  1.5289E-02
  4.1900E+02  1.3137E-02
  4.2000E+02  1.2831E-02
  4.2100E+02  1.2632E-02
  4.2200E+02  1.2485E-02
  4.2300E+02  1.2365E-02
  4.2400E+02  1.2235E-02
  4.2500E+02  1.2096E-02
  4.2600E+02  1.1947E-02
  4.2700E+02  1.1790E-02
  4.2800E+02  1.1622E-02
  4.2900E+02  1.1446E-02
  4.3000E+02  1.1260E-02
  4.3100E+02  1.1089E-02
  4.3200E+02  1.0891E-02
  4.3300E+02  1.0595E-02
  4.3400E+02  1.0203E-02
  4.3500E+02  9.9692E-03
  4.3600E+02  9.7780E-03
  4.3700E+02  9.6110E-03
  4.3800E+02  9.4552E-03
  4.3900E+02  9.3194E-03
  4.4000E+02  9.2102E-03
  4.4100E+02  9.0788E-03
  4.4200E+02  8.9681E-03
  4.4300E+02  8.9264E-03
  4.4400E+02  8.8918E-03
  4.4500E+02  8.8420E-03
  4.4600E+02  8.7952E-03
  4.4700E+02  8.6290E-03
  4.4800E+02  8.3433E-03
  4.4900E+02  7.9745E-03
  4.5000E+02  7.8173E-03
  4.5100E+02  7.6626E-03
  4.5200E+02  7.5104E-03
  4.5300E+02  7.3607E-03
  4.5400E+02  7.2140E-03
  4.5500E+02  7.0713E-03
  4.5600E+02  6.9326E-03
  4.5700E+02  6.7978E-03
  4.5800E+02  6.6671E-03
  4.5900E+02  6.5403E-03
  4.6000E+02  6.4122E-03
  4.6100E+02  6.2887E-03
  4.6200E+02  6.1708E-03
  4.6300E+02  6.0586E-03
  4.6400E+02  5.9661E-03
  4.6500E+02  5.9036E-03
  4.6600E+02  5.8973E-03
  4.6700E+02  6.5275E-03
  4.6800E+02  6.3839E-03
  4.6900E+02  5.4596E-03
  4.7000E+02  4.8844E-03
  4.7100E+02  5.4436E-03
  4.7200E+02  1.8608E-02
  4.7300E+02  2.8143E-02
  4.7400E+02  3.6529E-02
  4.7500E+02  4.3330E-02
  4.7600E+02  5.4564E-02
  4.7700E+02  5.5956E-02
  4.7800E+02  6.3312E-02
  4.7900E+02  6.3039E-02
  4.8000E+02  6.1340E-02
  4.8100E+02  6.1299E-02
  4.8200E+02  6.6592E-02
  4.8300E+02  7.1286E-02
  4.8400E+02  7.2268E-02
  4.8500E+02  7.1268E-02
  4.8600E+02  7.1434E-02
  4.8700E+02  7.1170E-02
  4.8800E+02  7.1838E-02
  4.8900E+02  7.1228E-02
  4.9000E+02  7.1514E-02
  4.9100E+02  7.1640E-02
  4.9200E+02  7.1529E-02
  4.9300E+02  7.5302E-02
  4.9400E+02  8.4913E-02
  4.9500E+02  8.5184E-02
  4.9600E+02  8.1849E-02
  4.9700E+02  7.7874E-02
  4.9800E+02  7.5774E-02
  4.9900E+02  6.7430E-02
  5.0000E+02  4.4083E-02
  5.0100E+02  1.6419E-02
  5.0200E+02  1.2215E-02
  5.0300E+02  1.1416E-02
  5.0400E+02  1.0676E-02
  5.0500E+02  9.9801E-03
  5.0600E+02  9.4346E-03
  5.0700E+02  8.9381E-03
  5.0800E+02  8.4469E-03
  5.0900E+02  7.9635E-03
  5.1000E+02  7.5145E-03
  5.1100E+02  7.0998E-03
  5.1200E+02  6.7306E-03
  5.1300E+02  6.4223E-03
  5.1400E+02  6.0391E-03
  5.1500E+02  5.7366E-03
  5.1600E+02  5.5751E-03
  5.1700E+02  5.4171E-03
  5.1800E+02  5.2626E-03
  5.1900E+02  5.1116E-03
  5.2000E+02  4.9642E-03
  5.2100E+02  4.8202E-03
  5.2200E+02  4.6798E-03
  5.2300E+02  4.5428E-03
  5.2400E+02  4.4094E-03
  5.2500E+02  4.2795E-03
  5.2600E+02  4.1531E-03
  5.2700E+02  4.0302E-03
  5.2800E+02  3.9108E-03
  5.2900E+02  3.7951E-03
  5.3000E+02  3.6853E-03
  5.3100E+02  3.5862E-03
  5.3200E+02  3.4978E-03
  5.3300E+02  3.4263E-03
  5.3400E+02  3.3581E-03
  5.3500E+02  3.2704E-03
  5.3600E+02  3.1855E-03
  5.3700E+02  3.1033E-03
  5.3800E+02  3.0240E-03
  5.3900E+02  2.9475E-03
  5.4000E+02  2.8738E-03
  5.4100E+02  2.7975E-03
  5.4200E+02  2.7145E-03
  5.4300E+02  2.6264E-03
  5.4400E+02  2.5331E-03
  5.4500E+02  2.4348E-03
  5.4600E+02  2.3314E-03
  5.4700E+02  2.2246E-03
  5.4800E+02  2.1256E-03
  5.4900E+02  2.0337E-03
  5.5000E+02  1.9480E-03
  5.5100E+02  1.8920E-03
  5.5200E+02  1.8367E-03
  5.5300E+02  1.7822E-03
  5.5400E+02  1.7285E-03
  5.5500E+02  1.6756E-03
  5.5600E+02  1.6235E-03
  5.5700E+02  1.5721E-03
  5.5800E+02  1.5216E-03
  5.5900E+02  1.4719E-03
  5.6000E+02  1.4229E-03
  5.6100E+02  1.3748E-03
  5.6200E+02  1.3275E-03
  5.6300E+02  1.2809E-03
  5.6400E+02  1.2352E-03
  5.6500E+02  1.1902E-03
  5.6600E+02  1.1460E-03
  5.6700E+02  1.1027E-03
  5.6800E+02  1.1974E-03
  5.6900E+02  1.2662E-03
  5.7000E+02  1.2733E-03
  5.7100E+02  1.2185E-03
  5.7200E+02  1.3638E-03
  5.7300E+02  1.4027E-03
  5.7400E+02  7.8352E-04
  5.7500E+02  4.7419E-04
  5.7600E+02  4.2312E-04
  5.7700E+02  3.7496E-04
  5.7800E+02  3.2970E-04
  5.7900E+02  2.8736E-04
  5.8000E+02  2.4793E-04
  5.8100E+02  2.1140E-04
  5.8200E+02  1.7779E-04
  5.8300E+02  1.4708E-04
  5.8400E+02  1.1928E-04
  5.8500E+02  9.4392E-05
  5.8600E+02  7.2412E-05
  5.8700E+02  5.3341E-05
  5.8800E+02  3.7179E-05
  5.8900E+02  2.3926E-05
  5.9000E+02  1.3582E-05
  5.9100E+02  6.1474E-06
  5.9200E+02  1.6215E-06
  5.9300E+02  4.5361E-09
  5.9400E+02  0.0000E+00
