 -3.0064E-05  0.0000E+00
  9.9997E-01  9.9661E-08
  2.0000E+00  3.9864E-07
  3.0000E+00  8.9695E-07
  4.0000E+00  1.5946E-06
  5.0000E+00  2.4915E-06
  6.0000E+00  3.5878E-06
  7.0000E+00  4.8834E-06
  8.0000E+00  6.3783E-06
  9.0000E+00  8.0725E-06
  1.0000E+01  9.9661E-06
  1.1000E+01  1.2059E-05
  1.2000E+01  1.4351E-05
  1.3000E+01  1.6843E-05
  1.4000E+01  1.9533E-05
  1.5000E+01  2.2424E-05
  1.6000E+01  2.5513E-05
  1.7000E+01  2.8802E-05
  1.8000E+01  3.2290E-05
  1.9000E+01  3.5977E-05
  2.0000E+01  3.9864E-05
  2.1000E+01  4.3950E-05
  2.2000E+01  4.8236E-05
  2.3000E+01  5.2720E-05
  2.4000E+01  5.7405E-05
  2.5000E+01  6.2288E-05
  2.6000E+01  6.7371E-05
  2.7000E+01  7.2653E-05
  2.8000E+01  7.8134E-05
  2.9000E+01  8.3815E-05
  3.0000E+01  8.9695E-05
  3.1000E+01  9.5774E-05
  3.2000E+01  1.0205E-04
  3.3000E+01  1.0853E-04
  3.4000E+01  1.1521E-04
  3.5000E+01  1.2208E-04
  3.6000E+01  1.2916E-04
  3.7000E+01  1.3644E-04
  3.8000E+01  1.4391E-04
  3.9000E+01  1.5158E-04
  4.0000E+01  1.5946E-04
  4.1000E+01  1.6753E-04
  4.2000E+01  1.7580E-04
  4.3000E+01  1.8427E-04
  4.4000E+01  1.9294E-04
  4.5000E+01  2.0181E-04
  4.6000E+01  2.1088E-04
  4.7000E+01  2.2015E-04
  4.8000E+01  2.2962E-04
  4.9000E+01  2.3929E-04
  5.0000E+01  2.4915E-04
  5.1000E+01  2.5922E-04
  5.2000E+01  2.6948E-04
  5.3000E+01  2.7995E-04
  5.4000E+01  2.9061E-04
  5.5000E+01  3.0147E-04
  5.6000E+01  3.1254E-04
  5.7000E+01  3.2380E-04
  5.8000E+01  4.3691E-04
  5.9000E+01  5.5626E-04
  6.0000E+01  6.6891E-04
  6.1000E+01  7.7487E-04
  6.2000E+01  8.7413E-04
  6.3000E+01  9.6670E-04
  6.4000E+01  1.0526E-03
  6.5000E+01  1.1317E-03
  6.6000E+01  1.2042E-03
  6.7000E+01  1.2700E-03
  6.8000E+01  1.3291E-03
  6.9000E+01  1.3814E-03
  7.0000E+01  1.4271E-03
  7.1000E+01  1.4661E-03
  7.2000E+01  1.4984E-03
  7.3000E+01  1.5240E-03
  7.4000E+01  1.5821E-03
  7.5000E+01  1.6461E-03
  7.6000E+01  1.7112E-03
  7.7000E+01  1.7772E-03
  7.8000E+01  1.8441E-03
  7.9000E+01  1.9121E-03
  8.0000E+01  1.9810E-03
  8.1000E+01  2.0508E-03
  8.2000E+01  2.1235E-03
  8.3000E+01  2.2104E-03
  8.4000E+01  2.3070E-03
  8.5000E+01  2.4132E-03
  8.6000E+01  2.5291E-03
  8.7000E+01  2.6545E-03
  8.8000E+01  2.7892E-03
  8.9000E+01  2.9327E-03
  9.0000E+01  3.0850E-03
  9.1000E+01  3.2462E-03
  9.2000E+01  3.4163E-03
  9.3000E+01  3.5951E-03
  9.4000E+01  3.7829E-03
  9.5000E+01  3.9795E-03
  9.6000E+01  4.1849E-03
  9.7000E+01  4.3992E-03
  9.8000E+01  4.6223E-03
  9.9000E+01  4.8543E-03
  1.0000E+02  5.1082E-03
  1.0100E+02  5.4453E-03
  1.0200E+02  5.9227E-03
  1.0300E+02  6.4559E-03
  1.0400E+02  6.9960E-03
  1.0500E+02  7.6225E-03
  1.0600E+02  8.4595E-03
  1.0700E+02  9.2059E-03
  1.0800E+02  9.8615E-03
  1.0900E+02  1.0871E-02
  1.1000E+02  1.1533E-02
  1.1100E+02  1.1956E-02
  1.1200E+02  1.2407E-02
  1.1300E+02  1.3382E-02
  1.1400E+02  1.4031E-02
  1.1500E+02  1.4355E-02
  1.1600E+02  1.4457E-02
  1.1700E+02  1.7160E-02
  1.1800E+02  1.9069E-02
  1.1900E+02  1.5282E-02
  1.2000E+02  1.5627E-02
  1.2100E+02  1.5968E-02
  1.2200E+02  1.6307E-02
  1.2300E+02  1.6641E-02
  1.2400E+02  1.6973E-02
  1.2500E+02  1.7429E-02
  1.2600E+02  1.8247E-02
  1.2700E+02  1.8920E-02
  1.2800E+02  1.9406E-02
  1.2900E+02  1.9800E-02
  1.3000E+02  2.0207E-02
  1.3100E+02  2.0630E-02
  1.3200E+02  2.1161E-02
  1.3300E+02  2.2247E-02
  1.3400E+02  2.3827E-02
  1.3500E+02  2.5992E-02
  1.3600E+02  3.0711E-02
  1.3700E+02  3.0850E-02
  1.3800E+02  3.1489E-02
  1.3900E+02  3.2082E-02
  1.4000E+02  3.1914E-02
  1.4100E+02  3.1151E-02
  1.4200E+02  3.0864E-02
  1.4300E+02  3.0825E-02
  1.4400E+02  3.1711E-02
  1.4500E+02  2.8114E-02
  1.4600E+02  2.7777E-02
  1.4700E+02  2.7412E-02
  1.4800E+02  2.7017E-02
  1.4900E+02  2.6592E-02
  1.5000E+02  2.6188E-02
  1.5100E+02  2.5868E-02
  1.5200E+02  2.5544E-02
  1.5300E+02  2.5213E-02
  1.5400E+02  2.4884E-02
  1.5500E+02  2.4558E-02
  1.5600E+02  2.4234E-02
  1.5700E+02  2.3914E-02
  1.5800E+02  2.3864E-02
  1.5900E+02  2.4645E-02
  1.6000E+02  2.5445E-02
  1.6100E+02  2.5860E-02
  1.6200E+02  2.3042E-02
  1.6300E+02  2.2272E-02
  1.6400E+02  2.0514E-02
  1.6500E+02  1.6878E-02
  1.6600E+02  1.6684E-02
  1.6700E+02  1.6508E-02
  1.6800E+02  1.6350E-02
  1.6900E+02  1.6210E-02
  1.7000E+02  1.6078E-02
  1.7100E+02  1.5934E-02
  1.7200E+02  1.5778E-02
  1.7300E+02  1.5610E-02
  1.7400E+02  1.5429E-02
  1.7500E+02  1.5237E-02
  1.7600E+02  1.5032E-02
  1.7700E+02  1.4816E-02
  1.7800E+02  1.4587E-02
  1.7900E+02  1.4614E-02
  1.8000E+02  1.4548E-02
  1.8100E+02  1.4473E-02
  1.8200E+02  1.4389E-02
  1.8300E+02  1.4299E-02
  1.8400E+02  1.4207E-02
  1.8500E+02  1.4111E-02
  1.8600E+02  1.4012E-02
  1.8700E+02  1.3771E-02
  1.8800E+02  1.3855E-02
  1.8900E+02  1.3932E-02
  1.9000E+02  1.4004E-02
  1.9100E+02  1.4070E-02
  1.9200E+02  1.4130E-02
  1.9300E+02  1.4191E-02
  1.9400E+02  1.4641E-02
  1.9500E+02  1.6091E-02
  1.9600E+02  1.7068E-02
  1.9700E+02  1.8041E-02
  1.9800E+02  1.9248E-02
  1.9900E+02  2.0806E-02
  2.0000E+02  2.3485E-02
  2.0100E+02  1.8993E-02
  2.0200E+02  1.6713E-02
  2.0300E+02  1.4467E-02
  2.0400E+02  1.2254E-02
  2.0500E+02  1.0074E-02
  2.0600E+02  7.9267E-03
  2.0700E+02  5.8130E-03
  2.0800E+02  3.9359E-03
  2.0900E+02  3.2435E-03
  2.1000E+02  2.6647E-03
  2.1100E+02  2.1996E-03
  2.1200E+02  1.8482E-03
  2.1300E+02  1.6107E-03
  2.1400E+02  1.4870E-03
  2.1500E+02  1.4750E-03
  2.1600E+02  1.5009E-03
  2.1700E+02  1.5273E-03
  2.1800E+02  1.5543E-03
  2.1900E+02  1.5819E-03
  2.2000E+02  1.6101E-03
  2.2100E+02  1.6388E-03
  2.2200E+02  1.6681E-03
  2.2300E+02  1.6979E-03
  2.2400E+02  1.7281E-03
  2.2500E+02  1.7587E-03
  2.2600E+02  1.7899E-03
  2.2700E+02  1.8214E-03
  2.2800E+02  1.8534E-03
  2.2900E+02  1.8859E-03
  2.3000E+02  1.9154E-03
  2.3100E+02  1.9415E-03
  2.3200E+02  1.9651E-03
  2.3300E+02  1.9862E-03
  2.3400E+02  2.0049E-03
  2.3500E+02  2.0211E-03
  2.3600E+02  2.0349E-03
  2.3700E+02  2.0562E-03
  2.3800E+02  2.0908E-03
  2.3900E+02  2.1256E-03
  2.4000E+02  2.1608E-03
  2.4100E+02  2.1963E-03
  2.4200E+02  2.2321E-03
  2.4300E+02  2.2683E-03
  2.4400E+02  2.3047E-03
  2.4500E+02  2.3415E-03
  2.4600E+02  2.3785E-03
  2.4700E+02  2.4159E-03
  2.4800E+02  2.4536E-03
  2.4900E+02  2.4916E-03
  2.5000E+02  2.5299E-03
  2.5100E+02  2.5686E-03
  2.5200E+02  2.6075E-03
  2.5300E+02  2.6468E-03
  2.5400E+02  2.6863E-03
  2.5500E+02  2.7262E-03
  2.5600E+02  2.7664E-03
  2.5700E+02  2.8069E-03
  2.5800E+02  2.8477E-03
  2.5900E+02  2.8889E-03
  2.6000E+02  2.9303E-03
  2.6100E+02  2.9721E-03
  2.6200E+02  3.0142E-03
  2.6300E+02  3.0573E-03
  2.6400E+02  3.1135E-03
  2.6500E+02  3.1872E-03
  2.6600E+02  3.2785E-03
  2.6700E+02  3.3696E-03
  2.6800E+02  3.4366E-03
  2.6900E+02  3.5027E-03
  2.7000E+02  3.5679E-03
  2.7100E+02  3.6321E-03
  2.7200E+02  3.6954E-03
  2.7300E+02  3.7577E-03
  2.7400E+02  3.8192E-03
  2.7500E+02  3.8797E-03
  2.7600E+02  3.9392E-03
  2.7700E+02  3.9979E-03
  2.7800E+02  4.0556E-03
  2.7900E+02  4.1124E-03
  2.8000E+02  4.1682E-03
  2.8100E+02  4.2239E-03
  2.8200E+02  4.2875E-03
  2.8300E+02  4.3538E-03
  2.8400E+02  4.4228E-03
  2.8500E+02  4.4944E-03
  2.8600E+02  4.5686E-03
  2.8700E+02  4.6454E-03
  2.8800E+02  4.7249E-03
  2.8900E+02  4.8070E-03
  2.9000E+02  4.8918E-03
  2.9100E+02  4.9791E-03
  2.9200E+02  5.0692E-03
  2.9300E+02  5.1618E-03
  2.9400E+02  5.2571E-03
  2.9500E+02  5.3550E-03
  2.9600E+02  5.4555E-03
  2.9700E+02  5.5587E-03
  2.9800E+02  5.6647E-03
  2.9900E+02  5.7738E-03
  3.0000E+02  5.8861E-03
  3.0100E+02  6.0020E-03
  3.0200E+02  6.1222E-03
  3.0300E+02  6.2466E-03
  3.0400E+02  6.3751E-03
  3.0500E+02  6.5077E-03
  3.0600E+02  6.6504E-03
  3.0700E+02  6.8095E-03
  3.0800E+02  7.0197E-03
  3.0900E+02  7.2802E-03
  3.1000E+02  7.5392E-03
  3.1100E+02  7.7924E-03
  3.1200E+02  8.0401E-03
  3.1300E+02  8.2820E-03
  3.1400E+02  8.5183E-03
  3.1500E+02  8.7487E-03
  3.1600E+02  9.0560E-03
  3.1700E+02  9.3875E-03
  3.1800E+02  9.7410E-03
  3.1900E+02  1.0117E-02
  3.2000E+02  1.0514E-02
  3.2100E+02  1.0934E-02
  3.2200E+02  1.1376E-02
  3.2300E+02  1.1840E-02
  3.2400E+02  1.2326E-02
  3.2500E+02  1.2834E-02
  3.2600E+02  1.4042E-02
  3.2700E+02  1.5293E-02
  3.2800E+02  1.4992E-02
  3.2900E+02  1.4845E-02
  3.3000E+02  1.4757E-02
  3.3100E+02  1.4726E-02
  3.3200E+02  1.4755E-02
  3.3300E+02  1.4841E-02
  3.3400E+02  1.4986E-02
  3.3500E+02  1.5213E-02
  3.3600E+02  1.5221E-02
  3.3700E+02  1.4390E-02
  3.3800E+02  1.3956E-02
  3.3900E+02  1.3525E-02
  3.4000E+02  1.3097E-02
  3.4100E+02  1.2671E-02
  3.4200E+02  1.2248E-02
  3.4300E+02  1.1828E-02
  3.4400E+02  1.0437E-02
  3.4500E+02  9.7046E-03
  3.4600E+02  9.2640E-03
  3.4700E+02  8.8428E-03
  3.4800E+02  8.4409E-03
  3.4900E+02  8.0585E-03
  3.5000E+02  7.6954E-03
  3.5100E+02  7.3517E-03
  3.5200E+02  7.0273E-03
  3.5300E+02  6.7224E-03
  3.5400E+02  6.4530E-03
  3.5500E+02  6.0901E-03
  3.5600E+02  5.7427E-03
  3.5700E+02  5.3948E-03
  3.5800E+02  5.0674E-03
  3.5900E+02  4.7607E-03
  3.6000E+02  4.4746E-03
  3.6100E+02  4.2090E-03
  3.6200E+02  3.9641E-03
  3.6300E+02  3.7651E-03
  3.6400E+02  3.5841E-03
  3.6500E+02  3.4034E-03
  3.6600E+02  3.0914E-03
  3.6700E+02  2.7403E-03
  3.6800E+02  2.3544E-03
  3.6900E+02  1.9337E-03
  3.7000E+02  1.7899E-03
  3.7100E+02  1.7392E-03
  3.7200E+02  1.6879E-03
  3.7300E+02  1.6360E-03
  3.7400E+02  1.5836E-03
  3.7500E+02  1.5305E-03
  3.7600E+02  1.4770E-03
  3.7700E+02  1.4228E-03
  3.7800E+02  2.0833E-03
  3.7900E+02  3.0036E-03
  3.8000E+02  3.6822E-03
  3.8100E+02  4.4580E-03
  3.8200E+02  4.8262E-03
  3.8300E+02  5.1701E-03
  3.8400E+02  5.4899E-03
  3.8500E+02  5.7853E-03
  3.8600E+02  6.0565E-03
  3.8700E+02  6.3035E-03
  3.8800E+02  6.5207E-03
  3.8900E+02  6.7172E-03
  3.9000E+02  7.0203E-03
  3.9100E+02  7.4900E-03
  3.9200E+02  7.8414E-03
  3.9300E+02  8.1939E-03
  3.9400E+02  8.5243E-03
  3.9500E+02  8.8327E-03
  3.9600E+02  9.1190E-03
  3.9700E+02  9.3832E-03
  3.9800E+02  9.6254E-03
  3.9900E+02  9.8455E-03
  4.0000E+02  1.0044E-02
  4.0100E+02  1.0220E-02
  4.0200E+02  1.0387E-02
  4.0300E+02  1.0564E-02
  4.0400E+02  1.0718E-02
  4.0500E+02  1.1140E-02
  4.0600E+02  1.1541E-02
  4.0700E+02  1.1789E-02
  4.0800E+02  1.2077E-02
  4.0900E+02  1.2449E-02
  4.1000E+02  1.2875E-02
  4.1100E+02  1.3349E-02
  4.1200E+02  1.3871E-02
  4.1300E+02  1.4442E-02
  4.1400E+02  1.5062E-02
  4.1500E+02  1.6724E-02
  4.1600E+02  1.5498E-02
  4.1700E+02  1.2908E-02
  4.1800E+02  1.2579E-02
  4.1900E+02  1.2453E-02
  4.2000E+02  1.2529E-02
  4.2100E+02  1.2264E-02
  4.2200E+02  1.2165E-02
  4.2300E+02  1.2062E-02
  4.2400E+02  1.1953E-02
  4.2500E+02  1.1839E-02
  4.2600E+02  1.1720E-02
  4.2700E+02  1.1596E-02
  4.2800E+02  1.1467E-02
  4.2900E+02  1.1333E-02
  4.3000E+02  1.1193E-02
  4.3100E+02  1.1049E-02
  4.3200E+02  1.0899E-02
  4.3300E+02  1.0745E-02
  4.3400E+02  1.0585E-02
  4.3500E+02  1.0420E-02
  4.3600E+02  1.0332E-02
  4.3700E+02  1.0158E-02
  4.3800E+02  9.8966E-03
  4.3900E+02  9.5472E-03
  4.4000E+02  9.2897E-03
  4.4100E+02  9.1407E-03
  4.4200E+02  9.0260E-03
  4.4300E+02  8.9274E-03
  4.4400E+02  8.8889E-03
  4.4500E+02  8.9143E-03
  4.4600E+02  9.0257E-03
  4.4700E+02  8.6553E-03
  4.4800E+02  8.7623E-03
  4.4900E+02  8.6355E-03
  4.5000E+02  8.2458E-03
  4.5100E+02  7.5931E-03
  4.5200E+02  7.4825E-03
  4.5300E+02  7.3783E-03
  4.5400E+02  7.2747E-03
  4.5500E+02  7.1717E-03
  4.5600E+02  7.0694E-03
  4.5700E+02  6.9677E-03
  4.5800E+02  6.8666E-03
  4.5900E+02  6.7661E-03
  4.6000E+02  6.6663E-03
  4.6100E+02  6.5672E-03
  4.6200E+02  6.4686E-03
  4.6300E+02  6.3707E-03
  4.6400E+02  6.2735E-03
  4.6500E+02  6.1768E-03
  4.6600E+02  6.0808E-03
  4.6700E+02  5.9854E-03
  4.6800E+02  5.8907E-03
  4.6900E+02  5.7966E-03
  4.7000E+02  5.7031E-03
  4.7100E+02  5.6103E-03
  4.7200E+02  5.5549E-03
  4.7300E+02  5.8989E-03
  4.7400E+02  1.5348E-02
  4.7500E+02  3.1827E-02
  4.7600E+02  6.0982E-02
  4.7700E+02  6.6094E-02
  4.7800E+02  8.3475E-02
  4.7900E+02  9.1975E-02
  4.8000E+02  7.1578E-02
  4.8100E+02  6.8532E-02
  4.8200E+02  6.4985E-02
  4.8300E+02  6.6994E-02
  4.8400E+02  7.0067E-02
  4.8500E+02  7.2322E-02
  4.8600E+02  7.2313E-02
  4.8700E+02  7.2075E-02
  4.8800E+02  7.1399E-02
  4.8900E+02  7.1969E-02
  4.9000E+02  7.2151E-02
  4.9100E+02  7.4104E-02
  4.9200E+02  7.5167E-02
  4.9300E+02  7.6909E-02
  4.9400E+02  8.9459E-02
  4.9500E+02  8.1042E-02
  4.9600E+02  7.7087E-02
  4.9700E+02  7.3496E-02
  4.9800E+02  7.0439E-02
  4.9900E+02  7.7199E-02
  5.0000E+02  6.0570E-02
  5.0100E+02  4.2301E-02
  5.0200E+02  3.2692E-02
  5.0300E+02  2.5206E-02
  5.0400E+02  2.1423E-02
  5.0500E+02  1.9105E-02
  5.0600E+02  1.7135E-02
  5.0700E+02  1.5531E-02
  5.0800E+02  1.4277E-02
  5.0900E+02  1.3296E-02
  5.1000E+02  1.2824E-02
  5.1100E+02  1.0548E-02
  5.1200E+02  9.0504E-03
  5.1300E+02  8.0081E-03
  5.1400E+02  6.9378E-03
  5.1500E+02  5.8397E-03
  5.1600E+02  4.7136E-03
  5.1700E+02  3.7372E-03
  5.1800E+02  4.1734E-03
  5.1900E+02  2.0012E-03
  5.2000E+02  7.8012E-04
  5.2100E+02  3.4510E-04
  5.2200E+02  8.5067E-05
  5.2300E+02  0.0000E+00
