 -1.8979E-05  0.0000E+00
  9.9998E-01  1.2204E-07
  2.0000E+00  4.8815E-07
  3.0000E+00  1.0983E-06
  4.0000E+00  1.9526E-06
  5.0000E+00  3.0510E-06
  6.0000E+00  4.3934E-06
  7.0000E+00  5.9799E-06
  8.0000E+00  7.8105E-06
  9.0000E+00  9.8851E-06
  1.0000E+01  1.2204E-05
  1.1000E+01  1.4767E-05
  1.2000E+01  1.7574E-05
  1.3000E+01  2.0625E-05
  1.4000E+01  2.3920E-05
  1.5000E+01  2.7459E-05
  1.6000E+01  3.1242E-05
  1.7000E+01  3.5269E-05
  1.8000E+01  3.9541E-05
  1.9000E+01  4.4056E-05
  2.0000E+01  4.8816E-05
  2.1000E+01  5.3819E-05
  2.2000E+01  5.9067E-05
  2.3000E+01  6.4559E-05
  2.4000E+01  7.0294E-05
  2.5000E+01  7.6274E-05
  2.6000E+01  8.2498E-05
  2.7000E+01  8.8966E-05
  2.8000E+01  9.5678E-05
  2.9000E+01  1.0263E-04
  3.0000E+01  1.0983E-04
  3.1000E+01  1.1728E-04
  3.2000E+01  1.2497E-04
  3.3000E+01  1.3290E-04
  3.4000E+01  1.4108E-04
  3.5000E+01  1.4950E-04
  3.6000E+01  1.5816E-04
  3.7000E+01  1.6707E-04
  3.8000E+01  1.7622E-04
  3.9000E+01  1.9791E-04
  4.0000E+01  2.7129E-04
  4.1000E+01  3.3952E-04
  4.2000E+01  4.0260E-04
  4.3000E+01  4.6053E-04
  4.4000E+01  5.1329E-04
  4.5000E+01  5.6091E-04
  4.6000E+01  6.0337E-04
  4.7000E+01  6.4068E-04
  4.8000E+01  6.7283E-04
  4.9000E+01  6.9982E-04
  5.0000E+01  7.2167E-04
  5.1000E+01  7.3836E-04
  5.2000E+01  7.4989E-04
  5.3000E+01  7.8094E-04
  5.4000E+01  8.1540E-04
  5.5000E+01  8.5021E-04
  5.6000E+01  8.8537E-04
  5.7000E+01  9.2067E-04
  5.8000E+01  9.5592E-04
  5.9000E+01  9.9288E-04
  6.0000E+01  1.0315E-03
  6.1000E+01  1.0719E-03
  6.2000E+01  1.1140E-03
  6.3000E+01  1.1577E-03
  6.4000E+01  1.2032E-03
  6.5000E+01  1.2504E-03
  6.6000E+01  1.2993E-03
  6.7000E+01  1.3498E-03
  6.8000E+01  1.4021E-03
  6.9000E+01  1.4561E-03
  7.0000E+01  1.5118E-03
  7.1000E+01  1.5692E-03
  7.2000E+01  1.6365E-03
  7.3000E+01  1.7282E-03
  7.4000E+01  1.8446E-03
  7.5000E+01  1.9857E-03
  7.6000E+01  2.2690E-03
  7.7000E+01  2.7218E-03
  7.8000E+01  2.6294E-03
  7.9000E+01  2.5145E-03
  8.0000E+01  2.6250E-03
  8.1000E+01  2.7395E-03
  8.2000E+01  2.8578E-03
  8.3000E+01  3.0297E-03
  8.4000E+01  3.2831E-03
  8.5000E+01  3.4719E-03
  8.6000E+01  3.5959E-03
  8.7000E+01  3.6552E-03
  8.8000E+01  3.6911E-03
  8.9000E+01  3.8384E-03
  9.0000E+01  3.9911E-03
  9.1000E+01  4.1494E-03
  9.2000E+01  4.3198E-03
  9.3000E+01  4.5237E-03
  9.4000E+01  4.7649E-03
  9.5000E+01  5.0408E-03
  9.6000E+01  5.3357E-03
  9.7000E+01  5.6101E-03
  9.8000E+01  5.9266E-03
  9.9000E+01  6.2853E-03
  1.0000E+02  6.7884E-03
  1.0100E+02  7.8622E-03
  1.0200E+02  8.8295E-03
  1.0300E+02  9.3769E-03
  1.0400E+02  1.0399E-02
  1.0500E+02  1.1590E-02
  1.0600E+02  1.1990E-02
  1.0700E+02  1.2685E-02
  1.0800E+02  1.3372E-02
  1.0900E+02  1.4050E-02
  1.1000E+02  1.5194E-02
  1.1100E+02  1.5624E-02
  1.1200E+02  1.5174E-02
  1.1300E+02  1.5278E-02
  1.1400E+02  1.5679E-02
  1.1500E+02  1.6058E-02
  1.1600E+02  1.6358E-02
  1.1700E+02  1.6605E-02
  1.1800E+02  1.7152E-02
  1.1900E+02  1.7634E-02
  1.2000E+02  1.7870E-02
  1.2100E+02  1.8045E-02
  1.2200E+02  1.8353E-02
  1.2300E+02  1.8867E-02
  1.2400E+02  1.9562E-02
  1.2500E+02  1.9821E-02
  1.2600E+02  1.9732E-02
  1.2700E+02  1.9272E-02
  1.2800E+02  1.9522E-02
  1.2900E+02  1.9736E-02
  1.3000E+02  1.9975E-02
  1.3100E+02  2.0249E-02
  1.3200E+02  2.0556E-02
  1.3300E+02  2.0896E-02
  1.3400E+02  2.1325E-02
  1.3500E+02  2.3320E-02
  1.3600E+02  2.4599E-02
  1.3700E+02  2.5821E-02
  1.3800E+02  2.6671E-02
  1.3900E+02  2.7217E-02
  1.4000E+02  2.7755E-02
  1.4100E+02  2.8053E-02
  1.4200E+02  2.9223E-02
  1.4300E+02  3.0060E-02
  1.4400E+02  3.0097E-02
  1.4500E+02  2.9925E-02
  1.4600E+02  3.0084E-02
  1.4700E+02  2.9712E-02
  1.4800E+02  2.8979E-02
  1.4900E+02  2.6775E-02
  1.5000E+02  2.6044E-02
  1.5100E+02  2.5324E-02
  1.5200E+02  2.4575E-02
  1.5300E+02  2.3496E-02
  1.5400E+02  2.2399E-02
  1.5500E+02  2.1798E-02
  1.5600E+02  2.1016E-02
  1.5700E+02  2.0252E-02
  1.5800E+02  1.9573E-02
  1.5900E+02  1.9046E-02
  1.6000E+02  1.8725E-02
  1.6100E+02  1.8411E-02
  1.6200E+02  1.8206E-02
  1.6300E+02  1.7987E-02
  1.6400E+02  1.7691E-02
  1.6500E+02  1.7335E-02
  1.6600E+02  1.7046E-02
  1.6700E+02  1.6847E-02
  1.6800E+02  1.6666E-02
  1.6900E+02  1.6503E-02
  1.7000E+02  1.6355E-02
  1.7100E+02  1.6189E-02
  1.7200E+02  1.6014E-02
  1.7300E+02  1.5849E-02
  1.7400E+02  1.5705E-02
  1.7500E+02  1.6294E-02
  1.7600E+02  1.6933E-02
  1.7700E+02  1.6156E-02
  1.7800E+02  1.5683E-02
  1.7900E+02  1.5423E-02
  1.8000E+02  1.3917E-02
  1.8100E+02  1.3802E-02
  1.8200E+02  1.3689E-02
  1.8300E+02  1.3558E-02
  1.8400E+02  1.3451E-02
  1.8500E+02  1.3353E-02
  1.8600E+02  1.3263E-02
  1.8700E+02  1.3180E-02
  1.8800E+02  1.3108E-02
  1.8900E+02  1.3388E-02
  1.9000E+02  1.3566E-02
  1.9100E+02  1.3615E-02
  1.9200E+02  1.3649E-02
  1.9300E+02  1.3669E-02
  1.9400E+02  1.3685E-02
  1.9500E+02  1.3690E-02
  1.9600E+02  1.3760E-02
  1.9700E+02  1.3918E-02
  1.9800E+02  1.4236E-02
  1.9900E+02  1.4893E-02
  2.0000E+02  1.6040E-02
  2.0100E+02  1.7321E-02
  2.0200E+02  1.6208E-02
  2.0300E+02  1.6279E-02
  2.0400E+02  1.3507E-02
  2.0500E+02  1.1019E-02
  2.0600E+02  8.9039E-03
  2.0700E+02  7.0975E-03
  2.0800E+02  5.5596E-03
  2.0900E+02  4.2903E-03
  2.1000E+02  3.2895E-03
  2.1100E+02  2.6348E-03
  2.1200E+02  2.1598E-03
  2.1300E+02  1.8007E-03
  2.1400E+02  1.5629E-03
  2.1500E+02  1.4466E-03
  2.1600E+02  1.4391E-03
  2.1700E+02  1.4660E-03
  2.1800E+02  1.4932E-03
  2.1900E+02  1.5207E-03
  2.2000E+02  1.5486E-03
  2.2100E+02  1.5768E-03
  2.2200E+02  1.6054E-03
  2.2300E+02  1.6341E-03
  2.2400E+02  1.6623E-03
  2.2500E+02  1.6902E-03
  2.2600E+02  1.7176E-03
  2.2700E+02  1.7445E-03
  2.2800E+02  1.7711E-03
  2.2900E+02  1.7972E-03
  2.3000E+02  1.8228E-03
  2.3100E+02  1.8481E-03
  2.3200E+02  1.8729E-03
  2.3300E+02  1.8973E-03
  2.3400E+02  1.9213E-03
  2.3500E+02  1.9446E-03
  2.3600E+02  1.9687E-03
  2.3700E+02  1.9965E-03
  2.3800E+02  2.0254E-03
  2.3900E+02  2.0553E-03
  2.4000E+02  2.0862E-03
  2.4100E+02  2.1183E-03
  2.4200E+02  2.1514E-03
  2.4300E+02  2.1855E-03
  2.4400E+02  2.2207E-03
  2.4500E+02  2.2570E-03
  2.4600E+02  2.2943E-03
  2.4700E+02  2.3327E-03
  2.4800E+02  2.3719E-03
  2.4900E+02  2.4117E-03
  2.5000E+02  2.4521E-03
  2.5100E+02  2.4931E-03
  2.5200E+02  2.5348E-03
  2.5300E+02  2.5771E-03
  2.5400E+02  2.6204E-03
  2.5500E+02  2.6653E-03
  2.5600E+02  2.7120E-03
  2.5700E+02  2.7604E-03
  2.5800E+02  2.8106E-03
  2.5900E+02  2.8632E-03
  2.6000E+02  2.9195E-03
  2.6100E+02  2.9780E-03
  2.6200E+02  3.0270E-03
  2.6300E+02  3.0715E-03
  2.6400E+02  3.1115E-03
  2.6500E+02  3.1470E-03
  2.6600E+02  3.1780E-03
  2.6700E+02  3.2139E-03
  2.6800E+02  3.2645E-03
  2.6900E+02  3.3153E-03
  2.7000E+02  3.3662E-03
  2.7100E+02  3.4173E-03
  2.7200E+02  3.4685E-03
  2.7300E+02  3.5199E-03
  2.7400E+02  3.5714E-03
  2.7500E+02  3.6230E-03
  2.7600E+02  3.6753E-03
  2.7700E+02  3.7284E-03
  2.7800E+02  3.7823E-03
  2.7900E+02  3.8391E-03
  2.8000E+02  3.9036E-03
  2.8100E+02  3.9705E-03
  2.8200E+02  4.0397E-03
  2.8300E+02  4.1112E-03
  2.8400E+02  4.1851E-03
  2.8500E+02  4.2613E-03
  2.8600E+02  4.3399E-03
  2.8700E+02  4.4251E-03
  2.8800E+02  4.5190E-03
  2.8900E+02  4.6174E-03
  2.9000E+02  4.7119E-03
  2.9100E+02  4.8022E-03
  2.9200E+02  4.8883E-03
  2.9300E+02  4.9701E-03
  2.9400E+02  5.0477E-03
  2.9500E+02  5.1210E-03
  2.9600E+02  5.1901E-03
  2.9700E+02  5.2507E-03
  2.9800E+02  5.3093E-03
  2.9900E+02  5.3857E-03
  3.0000E+02  5.4795E-03
  3.0100E+02  5.5783E-03
  3.0200E+02  5.6798E-03
  3.0300E+02  5.7853E-03
  3.0400E+02  5.8928E-03
  3.0500E+02  6.0016E-03
  3.0600E+02  6.1128E-03
  3.0700E+02  6.2273E-03
  3.0800E+02  6.3452E-03
  3.0900E+02  6.4664E-03
  3.1000E+02  6.5909E-03
  3.1100E+02  6.7176E-03
  3.1200E+02  6.8414E-03
  3.1300E+02  6.9759E-03
  3.1400E+02  7.1210E-03
  3.1500E+02  7.2767E-03
  3.1600E+02  7.4480E-03
  3.1700E+02  7.6559E-03
  3.1800E+02  7.8909E-03
  3.1900E+02  8.1189E-03
  3.2000E+02  8.3384E-03
  3.2100E+02  8.5496E-03
  3.2200E+02  8.7523E-03
  3.2300E+02  8.9482E-03
  3.2400E+02  9.1991E-03
  3.2500E+02  9.4846E-03
  3.2600E+02  9.8067E-03
  3.2700E+02  1.0166E-02
  3.2800E+02  1.0561E-02
  3.2900E+02  1.0990E-02
  3.3000E+02  1.1456E-02
  3.3100E+02  1.1959E-02
  3.3200E+02  1.2498E-02
  3.3300E+02  1.3270E-02
  3.3400E+02  1.4191E-02
  3.3500E+02  1.4937E-02
  3.3600E+02  1.5651E-02
  3.3700E+02  1.6332E-02
  3.3800E+02  1.6980E-02
  3.3900E+02  1.8815E-02
  3.4000E+02  1.8074E-02
  3.4100E+02  1.7275E-02
  3.4200E+02  1.5725E-02
  3.4300E+02  1.4710E-02
  3.4400E+02  1.3760E-02
  3.4500E+02  1.2876E-02
  3.4600E+02  1.2065E-02
  3.4700E+02  1.1331E-02
  3.4800E+02  1.0672E-02
  3.4900E+02  1.0090E-02
  3.5000E+02  9.5749E-03
  3.5100E+02  9.1086E-03
  3.5200E+02  8.6891E-03
  3.5300E+02  8.3163E-03
  3.5400E+02  7.9903E-03
  3.5500E+02  7.7109E-03
  3.5600E+02  7.4783E-03
  3.5700E+02  7.1203E-03
  3.5800E+02  6.6897E-03
  3.5900E+02  6.2694E-03
  3.6000E+02  5.8622E-03
  3.6100E+02  5.4683E-03
  3.6200E+02  5.0887E-03
  3.6300E+02  4.7239E-03
  3.6400E+02  4.3738E-03
  3.6500E+02  4.0384E-03
  3.6600E+02  3.7146E-03
  3.6700E+02  3.4482E-03
  3.6800E+02  3.2640E-03
  3.6900E+02  3.0670E-03
  3.7000E+02  2.9039E-03
  3.7100E+02  2.7751E-03
  3.7200E+02  2.6806E-03
  3.7300E+02  2.6203E-03
  3.7400E+02  2.5943E-03
  3.7500E+02  2.6026E-03
  3.7600E+02  2.6497E-03
  3.7700E+02  2.9321E-03
  3.7800E+02  3.5545E-03
  3.7900E+02  4.5650E-03
  3.8000E+02  5.9589E-03
  3.8100E+02  6.6666E-03
  3.8200E+02  5.8577E-03
  3.8300E+02  6.2458E-03
  3.8400E+02  6.5852E-03
  3.8500E+02  6.8804E-03
  3.8600E+02  7.2219E-03
  3.8700E+02  7.6455E-03
  3.8800E+02  7.9833E-03
  3.8900E+02  8.2635E-03
  3.9000E+02  8.5431E-03
  3.9100E+02  8.7724E-03
  3.9200E+02  8.9521E-03
  3.9300E+02  9.0864E-03
  3.9400E+02  9.2346E-03
  3.9500E+02  9.3646E-03
  3.9600E+02  9.4835E-03
  3.9700E+02  9.6137E-03
  3.9800E+02  9.7554E-03
  3.9900E+02  9.9090E-03
  4.0000E+02  1.0079E-02
  4.0100E+02  1.0266E-02
  4.0200E+02  1.0470E-02
  4.0300E+02  1.0703E-02
  4.0400E+02  1.1089E-02
  4.0500E+02  1.1589E-02
  4.0600E+02  1.2521E-02
  4.0700E+02  1.3078E-02
  4.0800E+02  1.1304E-02
  4.0900E+02  1.1259E-02
  4.1000E+02  1.1250E-02
  4.1100E+02  1.1277E-02
  4.1200E+02  1.1339E-02
  4.1300E+02  1.1437E-02
  4.1400E+02  1.1572E-02
  4.1500E+02  1.1712E-02
  4.1600E+02  1.1798E-02
  4.1700E+02  1.1869E-02
  4.1800E+02  1.1927E-02
  4.1900E+02  1.1971E-02
  4.2000E+02  1.2002E-02
  4.2100E+02  1.2020E-02
  4.2200E+02  1.2024E-02
  4.2300E+02  1.2091E-02
  4.2400E+02  1.2483E-02
  4.2500E+02  1.3098E-02
  4.2600E+02  1.3106E-02
  4.2700E+02  1.2941E-02
  4.2800E+02  1.2611E-02
  4.2900E+02  1.1724E-02
  4.3000E+02  1.1116E-02
  4.3100E+02  1.0904E-02
  4.3200E+02  1.0730E-02
  4.3300E+02  1.0547E-02
  4.3400E+02  1.0368E-02
  4.3500E+02  1.0146E-02
  4.3600E+02  9.9045E-03
  4.3700E+02  9.6680E-03
  4.3800E+02  9.4812E-03
  4.3900E+02  9.3014E-03
  4.4000E+02  9.1291E-03
  4.4100E+02  8.9661E-03
  4.4200E+02  8.8126E-03
  4.4300E+02  8.6687E-03
  4.4400E+02  8.5310E-03
  4.4500E+02  8.3944E-03
  4.4600E+02  8.2685E-03
  4.4700E+02  8.1532E-03
  4.4800E+02  8.0475E-03
  4.4900E+02  7.9512E-03
  4.5000E+02  7.8611E-03
  4.5100E+02  7.7441E-03
  4.5200E+02  7.6580E-03
  4.5300E+02  7.6146E-03
  4.5400E+02  7.5887E-03
  4.5500E+02  7.6245E-03
  4.5600E+02  7.8282E-03
  4.5700E+02  7.4468E-03
  4.5800E+02  6.8563E-03
  4.5900E+02  6.6903E-03
  4.6000E+02  6.5267E-03
  4.6100E+02  6.3655E-03
  4.6200E+02  6.2067E-03
  4.6300E+02  6.0506E-03
  4.6400E+02  5.8975E-03
  4.6500E+02  5.7475E-03
  4.6600E+02  5.6005E-03
  4.6700E+02  5.4565E-03
  4.6800E+02  5.3155E-03
  4.6900E+02  5.1762E-03
  4.7000E+02  5.0399E-03
  4.7100E+02  4.9092E-03
  4.7200E+02  2.2395E-02
  4.7300E+02  3.0029E-02
  4.7400E+02  3.9423E-02
  4.7500E+02  4.2464E-02
  4.7600E+02  4.9420E-02
  4.7700E+02  5.4087E-02
  4.7800E+02  7.5162E-02
  4.7900E+02  6.4589E-02
  4.8000E+02  6.1005E-02
  4.8100E+02  6.2245E-02
  4.8200E+02  6.4997E-02
  4.8300E+02  6.8550E-02
  4.8400E+02  7.3229E-02
  4.8500E+02  7.3150E-02
  4.8600E+02  7.2097E-02
  4.8700E+02  7.0936E-02
  4.8800E+02  7.1015E-02
  4.8900E+02  6.9392E-02
  4.9000E+02  6.9187E-02
  4.9100E+02  7.0056E-02
  4.9200E+02  7.2338E-02
  4.9300E+02  7.5004E-02
  4.9400E+02  8.3137E-02
  4.9500E+02  8.4231E-02
  4.9600E+02  8.2681E-02
  4.9700E+02  7.5358E-02
  4.9800E+02  7.8272E-02
  4.9900E+02  6.8921E-02
  5.0000E+02  4.9897E-02
  5.0100E+02  1.7197E-02
  5.0200E+02  1.1147E-02
  5.0300E+02  1.0565E-02
  5.0400E+02  1.0024E-02
  5.0500E+02  9.5242E-03
  5.0600E+02  9.0640E-03
  5.0700E+02  8.6357E-03
  5.0800E+02  8.2484E-03
  5.0900E+02  7.8917E-03
  5.1000E+02  7.5525E-03
  5.1100E+02  7.2308E-03
  5.1200E+02  6.9072E-03
  5.1300E+02  6.6167E-03
  5.1400E+02  6.3444E-03
  5.1500E+02  6.0824E-03
  5.1600E+02  5.8235E-03
  5.1700E+02  5.5773E-03
  5.1800E+02  5.3440E-03
  5.1900E+02  5.1263E-03
  5.2000E+02  4.9494E-03
  5.2100E+02  4.7766E-03
  5.2200E+02  4.5089E-03
  5.2300E+02  4.3833E-03
  5.2400E+02  4.2660E-03
  5.2500E+02  4.1511E-03
  5.2600E+02  4.0386E-03
  5.2700E+02  3.9287E-03
  5.2800E+02  3.8211E-03
  5.2900E+02  3.7160E-03
  5.3000E+02  3.6134E-03
  5.3100E+02  3.5132E-03
  5.3200E+02  3.4155E-03
  5.3300E+02  3.3202E-03
  5.3400E+02  3.2274E-03
  5.3500E+02  3.1370E-03
  5.3600E+02  3.0492E-03
  5.3700E+02  2.9645E-03
  5.3800E+02  2.8842E-03
  5.3900E+02  2.8153E-03
  5.4000E+02  2.7606E-03
  5.4100E+02  2.7396E-03
  5.4200E+02  2.6738E-03
  5.4300E+02  2.6100E-03
  5.4400E+02  2.5481E-03
  5.4500E+02  2.4881E-03
  5.4600E+02  2.4300E-03
  5.4700E+02  2.3739E-03
  5.4800E+02  2.3104E-03
  5.4900E+02  2.2404E-03
  5.5000E+02  2.1641E-03
  5.5100E+02  2.0813E-03
  5.5200E+02  1.9922E-03
  5.5300E+02  1.8976E-03
  5.5400E+02  1.8098E-03
  5.5500E+02  1.7228E-03
  5.5600E+02  1.6503E-03
  5.5700E+02  1.5978E-03
  5.5800E+02  1.5460E-03
  5.5900E+02  1.4951E-03
  5.6000E+02  1.4450E-03
  5.6100E+02  1.3957E-03
  5.6200E+02  1.3472E-03
  5.6300E+02  1.2995E-03
  5.6400E+02  1.2526E-03
  5.6500E+02  1.2066E-03
  5.6600E+02  1.1613E-03
  5.6700E+02  1.1169E-03
  5.6800E+02  1.0732E-03
  5.6900E+02  1.0304E-03
  5.7000E+02  9.8841E-04
  5.7100E+02  9.4802E-04
  5.7200E+02  1.0713E-03
  5.7300E+02  1.1201E-03
  5.7400E+02  1.0942E-03
  5.7500E+02  1.1710E-03
  5.7600E+02  1.2371E-03
  5.7700E+02  5.5612E-04
  5.7800E+02  4.0705E-04
  5.7900E+02  3.5477E-04
  5.8000E+02  3.0609E-04
  5.8100E+02  2.6100E-04
  5.8200E+02  2.1949E-04
  5.8300E+02  1.8158E-04
  5.8400E+02  1.4726E-04
  5.8500E+02  1.1654E-04
  5.8600E+02  8.9400E-05
  5.8700E+02  6.5855E-05
  5.8800E+02  4.5901E-05
  5.8900E+02  2.9539E-05
  5.9000E+02  1.6769E-05
  5.9100E+02  7.5896E-06
  5.9200E+02  2.0019E-06
  5.9300E+02  5.6002E-09
  5.9400E+02  0.0000E+00
