 -1.8979E-05  0.0000E+00
  9.9998E-01  1.1931E-07
  2.0000E+00  4.7725E-07
  3.0000E+00  1.0738E-06
  4.0000E+00  1.9090E-06
  5.0000E+00  2.9828E-06
  6.0000E+00  4.2953E-06
  7.0000E+00  5.8463E-06
  8.0000E+00  7.6360E-06
  9.0000E+00  9.6643E-06
  1.0000E+01  1.1931E-05
  1.1000E+01  1.4437E-05
  1.2000E+01  1.7181E-05
  1.3000E+01  2.0164E-05
  1.4000E+01  2.3385E-05
  1.5000E+01  2.6845E-05
  1.6000E+01  3.0544E-05
  1.7000E+01  3.4481E-05
  1.8000E+01  3.8657E-05
  1.9000E+01  4.3072E-05
  2.0000E+01  4.7725E-05
  2.1000E+01  5.2617E-05
  2.2000E+01  5.7747E-05
  2.3000E+01  6.3117E-05
  2.4000E+01  6.8724E-05
  2.5000E+01  7.4571E-05
  2.6000E+01  8.0655E-05
  2.7000E+01  8.6979E-05
  2.8000E+01  9.3541E-05
  2.9000E+01  1.0034E-04
  3.0000E+01  1.0738E-04
  3.1000E+01  1.1466E-04
  3.2000E+01  1.2218E-04
  3.3000E+01  1.2993E-04
  3.4000E+01  1.6494E-04
  3.5000E+01  2.2472E-04
  3.6000E+01  2.7920E-04
  3.7000E+01  3.2838E-04
  3.8000E+01  3.7226E-04
  3.9000E+01  4.1084E-04
  4.0000E+01  4.4412E-04
  4.1000E+01  4.7209E-04
  4.2000E+01  4.9477E-04
  4.3000E+01  5.1214E-04
  4.4000E+01  5.2422E-04
  4.5000E+01  5.3257E-04
  4.6000E+01  5.5987E-04
  4.7000E+01  5.8749E-04
  4.8000E+01  6.1543E-04
  4.9000E+01  6.4368E-04
  5.0000E+01  6.7170E-04
  5.1000E+01  7.0062E-04
  5.2000E+01  7.3078E-04
  5.3000E+01  7.6217E-04
  5.4000E+01  7.9481E-04
  5.5000E+01  8.2869E-04
  5.6000E+01  8.6381E-04
  5.7000E+01  9.0017E-04
  5.8000E+01  9.3777E-04
  5.9000E+01  9.7661E-04
  6.0000E+01  1.0167E-03
  6.1000E+01  1.0580E-03
  6.2000E+01  1.1006E-03
  6.3000E+01  1.1444E-03
  6.4000E+01  1.2104E-03
  6.5000E+01  1.3236E-03
  6.6000E+01  1.5751E-03
  6.7000E+01  1.7057E-03
  6.8000E+01  1.7078E-03
  6.9000E+01  1.6669E-03
  7.0000E+01  1.7412E-03
  7.1000E+01  1.8171E-03
  7.2000E+01  2.0188E-03
  7.3000E+01  2.1576E-03
  7.4000E+01  2.2149E-03
  7.5000E+01  2.2064E-03
  7.6000E+01  2.2281E-03
  7.7000E+01  2.3027E-03
  7.8000E+01  2.3798E-03
  7.9000E+01  2.4593E-03
  8.0000E+01  2.5414E-03
  8.1000E+01  2.6259E-03
  8.2000E+01  2.7133E-03
  8.3000E+01  2.8088E-03
  8.4000E+01  2.9087E-03
  8.5000E+01  3.0189E-03
  8.6000E+01  3.1613E-03
  8.7000E+01  3.3387E-03
  8.8000E+01  3.5510E-03
  8.9000E+01  3.7589E-03
  9.0000E+01  3.9878E-03
  9.1000E+01  4.2404E-03
  9.2000E+01  4.6854E-03
  9.3000E+01  4.7365E-03
  9.4000E+01  5.0061E-03
  9.5000E+01  5.3059E-03
  9.6000E+01  5.6359E-03
  9.7000E+01  6.0033E-03
  9.8000E+01  6.4134E-03
  9.9000E+01  6.7676E-03
  1.0000E+02  7.1872E-03
  1.0100E+02  7.8797E-03
  1.0200E+02  8.9472E-03
  1.0300E+02  9.7938E-03
  1.0400E+02  1.0930E-02
  1.0500E+02  1.1692E-02
  1.0600E+02  1.2467E-02
  1.0700E+02  1.3241E-02
  1.0800E+02  1.4295E-02
  1.0900E+02  1.5325E-02
  1.1000E+02  1.4993E-02
  1.1100E+02  1.5104E-02
  1.1200E+02  1.5450E-02
  1.1300E+02  1.5715E-02
  1.1400E+02  1.6011E-02
  1.1500E+02  1.6379E-02
  1.1600E+02  1.6725E-02
  1.1700E+02  1.7054E-02
  1.1800E+02  1.7489E-02
  1.1900E+02  1.7968E-02
  1.2000E+02  1.8031E-02
  1.2100E+02  1.7496E-02
  1.2200E+02  1.7223E-02
  1.2300E+02  1.7619E-02
  1.2400E+02  1.8011E-02
  1.2500E+02  1.8309E-02
  1.2600E+02  1.8562E-02
  1.2700E+02  1.8833E-02
  1.2800E+02  1.9109E-02
  1.2900E+02  1.9409E-02
  1.3000E+02  1.9661E-02
  1.3100E+02  2.0016E-02
  1.3200E+02  2.1220E-02
  1.3300E+02  2.1990E-02
  1.3400E+02  2.2467E-02
  1.3500E+02  2.4100E-02
  1.3600E+02  2.5712E-02
  1.3700E+02  2.6041E-02
  1.3800E+02  2.6765E-02
  1.3900E+02  2.7628E-02
  1.4000E+02  2.8383E-02
  1.4100E+02  2.8819E-02
  1.4200E+02  2.9402E-02
  1.4300E+02  2.9968E-02
  1.4400E+02  2.9716E-02
  1.4500E+02  2.8926E-02
  1.4600E+02  2.8495E-02
  1.4700E+02  2.8487E-02
  1.4800E+02  2.8055E-02
  1.4900E+02  2.6838E-02
  1.5000E+02  2.5241E-02
  1.5100E+02  2.4240E-02
  1.5200E+02  2.3508E-02
  1.5300E+02  2.2780E-02
  1.5400E+02  2.2053E-02
  1.5500E+02  2.1055E-02
  1.5600E+02  1.9764E-02
  1.5700E+02  1.9454E-02
  1.5800E+02  1.9157E-02
  1.5900E+02  1.8867E-02
  1.6000E+02  1.8580E-02
  1.6100E+02  1.8296E-02
  1.6200E+02  1.8044E-02
  1.6300E+02  1.7958E-02
  1.6400E+02  1.7909E-02
  1.6500E+02  1.7839E-02
  1.6600E+02  1.7980E-02
  1.6700E+02  1.8465E-02
  1.6800E+02  1.7819E-02
  1.6900E+02  1.7119E-02
  1.7000E+02  1.6897E-02
  1.7100E+02  1.6472E-02
  1.7200E+02  1.5950E-02
  1.7300E+02  1.5542E-02
  1.7400E+02  1.5099E-02
  1.7500E+02  1.4882E-02
  1.7600E+02  1.4848E-02
  1.7700E+02  1.4821E-02
  1.7800E+02  1.4689E-02
  1.7900E+02  1.4513E-02
  1.8000E+02  1.4325E-02
  1.8100E+02  1.4135E-02
  1.8200E+02  1.3949E-02
  1.8300E+02  1.3768E-02
  1.8400E+02  1.3592E-02
  1.8500E+02  1.3424E-02
  1.8600E+02  1.3308E-02
  1.8700E+02  1.3318E-02
  1.8800E+02  1.3268E-02
  1.8900E+02  1.3116E-02
  1.9000E+02  1.3350E-02
  1.9100E+02  1.3647E-02
  1.9200E+02  1.3807E-02
  1.9300E+02  1.5319E-02
  1.9400E+02  1.4977E-02
  1.9500E+02  1.4968E-02
  1.9600E+02  1.4995E-02
  1.9700E+02  1.5013E-02
  1.9800E+02  1.5000E-02
  1.9900E+02  1.4959E-02
  2.0000E+02  1.4889E-02
  2.0100E+02  1.4790E-02
  2.0200E+02  1.4662E-02
  2.0300E+02  1.4519E-02
  2.0400E+02  1.3663E-02
  2.0500E+02  1.1509E-02
  2.0600E+02  9.6155E-03
  2.0700E+02  8.1850E-03
  2.0800E+02  7.1709E-03
  2.0900E+02  6.4098E-03
  2.1000E+02  5.5765E-03
  2.1100E+02  4.3542E-03
  2.1200E+02  2.9373E-03
  2.1300E+02  1.3748E-03
  2.1400E+02  1.3961E-03
  2.1500E+02  1.4181E-03
  2.1600E+02  1.4408E-03
  2.1700E+02  1.4642E-03
  2.1800E+02  1.4883E-03
  2.1900E+02  1.5130E-03
  2.2000E+02  1.5384E-03
  2.2100E+02  1.5641E-03
  2.2200E+02  1.5899E-03
  2.2300E+02  1.6161E-03
  2.2400E+02  1.6425E-03
  2.2500E+02  1.6695E-03
  2.2600E+02  1.6969E-03
  2.2700E+02  1.7248E-03
  2.2800E+02  1.7533E-03
  2.2900E+02  1.7823E-03
  2.3000E+02  1.8118E-03
  2.3100E+02  1.8418E-03
  2.3200E+02  1.8723E-03
  2.3300E+02  1.9043E-03
  2.3400E+02  1.9377E-03
  2.3500E+02  1.9727E-03
  2.3600E+02  2.0093E-03
  2.3700E+02  2.0440E-03
  2.3800E+02  2.0722E-03
  2.3900E+02  2.0968E-03
  2.4000E+02  2.1179E-03
  2.4100E+02  2.1484E-03
  2.4200E+02  2.1829E-03
  2.4300E+02  2.2167E-03
  2.4400E+02  2.2506E-03
  2.4500E+02  2.2846E-03
  2.4600E+02  2.3188E-03
  2.4700E+02  2.3531E-03
  2.4800E+02  2.3875E-03
  2.4900E+02  2.4222E-03
  2.5000E+02  2.4574E-03
  2.5100E+02  2.4928E-03
  2.5200E+02  2.5286E-03
  2.5300E+02  2.5662E-03
  2.5400E+02  2.6090E-03
  2.5500E+02  2.6531E-03
  2.5600E+02  2.6986E-03
  2.5700E+02  2.7454E-03
  2.5800E+02  2.7940E-03
  2.5900E+02  2.8451E-03
  2.6000E+02  2.8982E-03
  2.6100E+02  2.9533E-03
  2.6200E+02  3.0099E-03
  2.6300E+02  3.0647E-03
  2.6400E+02  3.1174E-03
  2.6500E+02  3.1681E-03
  2.6600E+02  3.2166E-03
  2.6700E+02  3.2630E-03
  2.6800E+02  3.3074E-03
  2.6900E+02  3.3496E-03
  2.7000E+02  3.3897E-03
  2.7100E+02  3.4273E-03
  2.7200E+02  3.4703E-03
  2.7300E+02  3.5194E-03
  2.7400E+02  3.5814E-03
  2.7500E+02  3.6416E-03
  2.7600E+02  3.6996E-03
  2.7700E+02  3.7586E-03
  2.7800E+02  3.8186E-03
  2.7900E+02  3.8798E-03
  2.8000E+02  3.9421E-03
  2.8100E+02  4.0057E-03
  2.8200E+02  4.0704E-03
  2.8300E+02  4.1364E-03
  2.8400E+02  4.2035E-03
  2.8500E+02  4.2718E-03
  2.8600E+02  4.3412E-03
  2.8700E+02  4.4161E-03
  2.8800E+02  4.5012E-03
  2.8900E+02  4.5964E-03
  2.9000E+02  4.6942E-03
  2.9100E+02  4.7811E-03
  2.9200E+02  4.8594E-03
  2.9300E+02  4.9292E-03
  2.9400E+02  4.9902E-03
  2.9500E+02  5.0565E-03
  2.9600E+02  5.1354E-03
  2.9700E+02  5.2158E-03
  2.9800E+02  5.2979E-03
  2.9900E+02  5.3839E-03
  3.0000E+02  5.4758E-03
  3.0100E+02  5.5703E-03
  3.0200E+02  5.6682E-03
  3.0300E+02  5.7695E-03
  3.0400E+02  5.8726E-03
  3.0500E+02  5.9785E-03
  3.0600E+02  6.0872E-03
  3.0700E+02  6.1987E-03
  3.0800E+02  6.3130E-03
  3.0900E+02  6.4345E-03
  3.1000E+02  6.5645E-03
  3.1100E+02  6.7028E-03
  3.1200E+02  6.8493E-03
  3.1300E+02  7.0055E-03
  3.1400E+02  7.1720E-03
  3.1500E+02  7.3428E-03
  3.1600E+02  7.5113E-03
  3.1700E+02  7.6533E-03
  3.1800E+02  7.8205E-03
  3.1900E+02  8.0108E-03
  3.2000E+02  8.1983E-03
  3.2100E+02  8.3976E-03
  3.2200E+02  8.6072E-03
  3.2300E+02  8.8270E-03
  3.2400E+02  9.0569E-03
  3.2500E+02  9.2970E-03
  3.2600E+02  9.5555E-03
  3.2700E+02  9.8413E-03
  3.2800E+02  1.0164E-02
  3.2900E+02  1.0532E-02
  3.3000E+02  1.0955E-02
  3.3100E+02  1.1437E-02
  3.3200E+02  1.1977E-02
  3.3300E+02  1.2578E-02
  3.3400E+02  1.3273E-02
  3.3500E+02  1.4153E-02
  3.3600E+02  1.5399E-02
  3.3700E+02  1.6525E-02
  3.3800E+02  1.7359E-02
  3.3900E+02  1.7789E-02
  3.4000E+02  1.7861E-02
  3.4100E+02  1.6661E-02
  3.4200E+02  1.5918E-02
  3.4300E+02  1.5104E-02
  3.4400E+02  1.4084E-02
  3.4500E+02  1.2929E-02
  3.4600E+02  1.1986E-02
  3.4700E+02  1.1320E-02
  3.4800E+02  1.0882E-02
  3.4900E+02  1.0528E-02
  3.5000E+02  1.0124E-02
  3.5100E+02  9.6469E-03
  3.5200E+02  8.9354E-03
  3.5300E+02  8.4775E-03
  3.5400E+02  8.0449E-03
  3.5500E+02  7.6166E-03
  3.5600E+02  7.1955E-03
  3.5700E+02  6.7703E-03
  3.5800E+02  6.3412E-03
  3.5900E+02  5.9920E-03
  3.6000E+02  5.7011E-03
  3.6100E+02  5.4622E-03
  3.6200E+02  5.0927E-03
  3.6300E+02  4.7373E-03
  3.6400E+02  4.4169E-03
  3.6500E+02  4.1623E-03
  3.6600E+02  3.9081E-03
  3.6700E+02  3.6719E-03
  3.6800E+02  3.4639E-03
  3.6900E+02  3.3810E-03
  3.7000E+02  3.3389E-03
  3.7100E+02  3.3377E-03
  3.7200E+02  3.3774E-03
  3.7300E+02  3.4535E-03
  3.7400E+02  3.4629E-03
  3.7500E+02  3.6024E-03
  3.7600E+02  3.6892E-03
  3.7700E+02  3.8497E-03
  3.7800E+02  4.0246E-03
  3.7900E+02  4.2316E-03
  3.8000E+02  4.4708E-03
  3.8100E+02  4.7730E-03
  3.8200E+02  5.2114E-03
  3.8300E+02  5.8586E-03
  3.8400E+02  7.0089E-03
  3.8500E+02  8.0002E-03
  3.8600E+02  8.6310E-03
  3.8700E+02  8.7928E-03
  3.8800E+02  9.6472E-03
  3.8900E+02  1.0562E-02
  3.9000E+02  8.9695E-03
  3.9100E+02  9.0120E-03
  3.9200E+02  9.0833E-03
  3.9300E+02  9.1440E-03
  3.9400E+02  9.2196E-03
  3.9500E+02  9.3067E-03
  3.9600E+02  9.3934E-03
  3.9700E+02  9.4766E-03
  3.9800E+02  9.5676E-03
  3.9900E+02  9.6843E-03
  4.0000E+02  9.8310E-03
  4.0100E+02  9.9725E-03
  4.0200E+02  1.0113E-02
  4.0300E+02  1.0253E-02
  4.0400E+02  1.0392E-02
  4.0500E+02  1.0534E-02
  4.0600E+02  1.0700E-02
  4.0700E+02  1.0956E-02
  4.0800E+02  1.1248E-02
  4.0900E+02  1.1587E-02
  4.1000E+02  1.1958E-02
  4.1100E+02  1.2285E-02
  4.1200E+02  1.1696E-02
  4.1300E+02  1.1541E-02
  4.1400E+02  1.1545E-02
  4.1500E+02  1.1580E-02
  4.1600E+02  1.1649E-02
  4.1700E+02  1.1786E-02
  4.1800E+02  1.1906E-02
  4.1900E+02  1.1974E-02
  4.2000E+02  1.2017E-02
  4.2100E+02  1.2035E-02
  4.2200E+02  1.2029E-02
  4.2300E+02  1.2032E-02
  4.2400E+02  1.2244E-02
  4.2500E+02  1.2759E-02
  4.2600E+02  1.2724E-02
  4.2700E+02  1.2488E-02
  4.2800E+02  1.2035E-02
  4.2900E+02  1.1159E-02
  4.3000E+02  1.0863E-02
  4.3100E+02  1.0698E-02
  4.3200E+02  1.0538E-02
  4.3300E+02  1.0370E-02
  4.3400E+02  1.0200E-02
  4.3500E+02  1.0050E-02
  4.3600E+02  9.8239E-03
  4.3700E+02  9.6225E-03
  4.3800E+02  9.4450E-03
  4.3900E+02  9.2782E-03
  4.4000E+02  9.1221E-03
  4.4100E+02  8.9695E-03
  4.4200E+02  8.8286E-03
  4.4300E+02  8.7000E-03
  4.4400E+02  8.5800E-03
  4.4500E+02  8.4684E-03
  4.4600E+02  8.3564E-03
  4.4700E+02  8.2402E-03
  4.4800E+02  8.1344E-03
  4.4900E+02  8.0290E-03
  4.5000E+02  7.9328E-03
  4.5100E+02  7.8904E-03
  4.5200E+02  7.8540E-03
  4.5300E+02  7.8166E-03
  4.5400E+02  7.7583E-03
  4.5500E+02  7.5313E-03
  4.5600E+02  7.1902E-03
  4.5700E+02  7.0312E-03
  4.5800E+02  6.8759E-03
  4.5900E+02  6.7244E-03
  4.6000E+02  6.5765E-03
  4.6100E+02  6.4295E-03
  4.6200E+02  6.2867E-03
  4.6300E+02  6.1485E-03
  4.6400E+02  6.0156E-03
  4.6500E+02  5.8919E-03
  4.6600E+02  5.7797E-03
  4.6700E+02  5.7086E-03
  4.6800E+02  5.9224E-03
  4.6900E+02  6.1351E-03
  4.7000E+02  5.4548E-03
  4.7100E+02  5.8280E-03
  4.7200E+02  2.1080E-02
  4.7300E+02  3.5819E-02
  4.7400E+02  4.3642E-02
  4.7500E+02  4.5638E-02
  4.7600E+02  4.4998E-02
  4.7700E+02  5.4430E-02
  4.7800E+02  6.3100E-02
  4.7900E+02  6.7800E-02
  4.8000E+02  6.4663E-02
  4.8100E+02  6.2839E-02
  4.8200E+02  6.3611E-02
  4.8300E+02  6.6572E-02
  4.8400E+02  7.2948E-02
  4.8500E+02  7.3433E-02
  4.8600E+02  7.2721E-02
  4.8700E+02  7.3580E-02
  4.8800E+02  6.8557E-02
  4.8900E+02  6.8364E-02
  4.9000E+02  6.8743E-02
  4.9100E+02  7.0242E-02
  4.9200E+02  7.2194E-02
  4.9300E+02  7.6876E-02
  4.9400E+02  8.5121E-02
  4.9500E+02  8.5417E-02
  4.9600E+02  7.7609E-02
  4.9700E+02  7.3164E-02
  4.9800E+02  6.5317E-02
  4.9900E+02  7.4763E-02
  5.0000E+02  5.7465E-02
  5.0100E+02  1.9244E-02
  5.0200E+02  1.1525E-02
  5.0300E+02  1.0724E-02
  5.0400E+02  1.0100E-02
  5.0500E+02  9.5160E-03
  5.0600E+02  8.8496E-03
  5.0700E+02  8.3817E-03
  5.0800E+02  7.9092E-03
  5.0900E+02  7.4511E-03
  5.1000E+02  7.0276E-03
  5.1100E+02  6.7304E-03
  5.1200E+02  6.4755E-03
  5.1300E+02  6.2500E-03
  5.1400E+02  6.0329E-03
  5.1500E+02  5.8259E-03
  5.1600E+02  5.6295E-03
  5.1700E+02  5.4437E-03
  5.1800E+02  5.2683E-03
  5.1900E+02  5.1031E-03
  5.2000E+02  4.9461E-03
  5.2100E+02  4.7990E-03
  5.2200E+02  4.6560E-03
  5.2300E+02  4.5169E-03
  5.2400E+02  4.3828E-03
  5.2500E+02  4.2514E-03
  5.2600E+02  4.1269E-03
  5.2700E+02  4.0154E-03
  5.2800E+02  3.9042E-03
  5.2900E+02  3.7891E-03
  5.3000E+02  3.6684E-03
  5.3100E+02  3.5486E-03
  5.3200E+02  3.4354E-03
  5.3300E+02  3.3363E-03
  5.3400E+02  3.2420E-03
  5.3500E+02  3.1322E-03
  5.3600E+02  3.0198E-03
  5.3700E+02  2.9392E-03
  5.3800E+02  2.8601E-03
  5.3900E+02  2.7827E-03
  5.4000E+02  2.7070E-03
  5.4100E+02  2.6330E-03
  5.4200E+02  2.5607E-03
  5.4300E+02  2.4901E-03
  5.4400E+02  2.4211E-03
  5.4500E+02  2.3539E-03
  5.4600E+02  2.2883E-03
  5.4700E+02  2.2244E-03
  5.4800E+02  2.1626E-03
  5.4900E+02  2.1030E-03
  5.5000E+02  2.0459E-03
  5.5100E+02  1.9980E-03
  5.5200E+02  1.9823E-03
  5.5300E+02  1.9719E-03
  5.5400E+02  1.9281E-03
  5.5500E+02  1.8855E-03
  5.5600E+02  1.8440E-03
  5.5700E+02  1.8037E-03
  5.5800E+02  1.7591E-03
  5.5900E+02  1.7049E-03
  5.6000E+02  1.6417E-03
  5.6100E+02  1.5695E-03
  5.6200E+02  1.4883E-03
  5.6300E+02  1.4097E-03
  5.6400E+02  1.3282E-03
  5.6500E+02  1.2675E-03
  5.6600E+02  1.2178E-03
  5.6700E+02  1.1690E-03
  5.6800E+02  1.1212E-03
  5.6900E+02  1.0743E-03
  5.7000E+02  1.0283E-03
  5.7100E+02  9.8320E-04
  5.7200E+02  9.3905E-04
  5.7300E+02  8.9581E-04
  5.7400E+02  8.5350E-04
  5.7500E+02  8.1210E-04
  5.7600E+02  7.7162E-04
  5.7700E+02  8.2623E-04
  5.7800E+02  9.0289E-04
  5.7900E+02  8.7271E-04
  5.8000E+02  1.0639E-03
  5.8100E+02  5.3866E-04
  5.8200E+02  3.2512E-04
  5.8300E+02  2.6897E-04
  5.8400E+02  2.1813E-04
  5.8500E+02  1.7262E-04
  5.8600E+02  1.3242E-04
  5.8700E+02  9.7546E-05
  5.8800E+02  6.7990E-05
  5.8900E+02  4.3754E-05
  5.9000E+02  2.4838E-05
  5.9100E+02  1.1242E-05
  5.9200E+02  2.9652E-06
  5.9300E+02  8.2952E-09
  5.9400E+02  0.0000E+00
