  0.0000E+00  0.0000E+00
  1.0000E+00  8.4864E-08
  2.0000E+00  3.3946E-07
  3.0000E+00  7.6379E-07
  4.0000E+00  1.3579E-06
  5.0000E+00  2.1217E-06
  6.0000E+00  3.0552E-06
  7.0000E+00  4.1585E-06
  8.0000E+00  5.4314E-06
  9.0000E+00  6.8742E-06
  1.0000E+01  8.4866E-06
  1.1000E+01  1.0269E-05
  1.2000E+01  1.2221E-05
  1.3000E+01  1.4342E-05
  1.4000E+01  1.6634E-05
  1.5000E+01  1.9095E-05
  1.6000E+01  2.1726E-05
  1.7000E+01  2.4526E-05
  1.8000E+01  2.7497E-05
  1.9000E+01  3.0637E-05
  2.0000E+01  3.3947E-05
  2.1000E+01  3.7426E-05
  2.2000E+01  4.1075E-05
  2.3000E+01  4.4894E-05
  2.4000E+01  4.8883E-05
  2.5000E+01  5.3042E-05
  2.6000E+01  5.7370E-05
  2.7000E+01  6.1868E-05
  2.8000E+01  6.6535E-05
  2.9000E+01  7.1373E-05
  3.0000E+01  7.6380E-05
  3.1000E+01  8.1557E-05
  3.2000E+01  8.6903E-05
  3.3000E+01  9.2420E-05
  3.4000E+01  9.8106E-05
  3.5000E+01  1.0396E-04
  3.6000E+01  1.0999E-04
  3.7000E+01  1.1618E-04
  3.8000E+01  1.2255E-04
  3.9000E+01  1.2908E-04
  4.0000E+01  1.3579E-04
  4.1000E+01  1.4266E-04
  4.2000E+01  1.4970E-04
  4.3000E+01  1.5692E-04
  4.4000E+01  1.6430E-04
  4.5000E+01  1.7185E-04
  4.6000E+01  1.7958E-04
  4.7000E+01  1.8747E-04
  4.8000E+01  1.9553E-04
  4.9000E+01  2.0376E-04
  5.0000E+01  2.1916E-04
  5.1000E+01  3.2566E-04
  5.2000E+01  4.2335E-04
  5.3000E+01  5.1223E-04
  5.4000E+01  5.9229E-04
  5.5000E+01  6.6355E-04
  5.6000E+01  7.2598E-04
  5.7000E+01  7.7961E-04
  5.8000E+01  8.2442E-04
  5.9000E+01  8.6042E-04
  6.0000E+01  8.8761E-04
  6.1000E+01  9.0598E-04
  6.2000E+01  9.1554E-04
  6.3000E+01  9.4189E-04
  6.4000E+01  9.8637E-04
  6.5000E+01  1.0314E-03
  6.6000E+01  1.0770E-03
  6.7000E+01  1.1232E-03
  6.8000E+01  1.1700E-03
  6.9000E+01  1.2173E-03
  7.0000E+01  1.2652E-03
  7.1000E+01  1.3164E-03
  7.2000E+01  1.3712E-03
  7.3000E+01  1.4291E-03
  7.4000E+01  1.4903E-03
  7.5000E+01  1.5548E-03
  7.6000E+01  1.6225E-03
  7.7000E+01  1.6935E-03
  7.8000E+01  1.7678E-03
  7.9000E+01  1.8480E-03
  8.0000E+01  1.9356E-03
  8.1000E+01  2.0306E-03
  8.2000E+01  2.1329E-03
  8.3000E+01  2.2426E-03
  8.4000E+01  2.3597E-03
  8.5000E+01  2.4842E-03
  8.6000E+01  2.6160E-03
  8.7000E+01  2.7552E-03
  8.8000E+01  2.9017E-03
  8.9000E+01  3.1855E-03
  9.0000E+01  3.4369E-03
  9.1000E+01  3.6193E-03
  9.2000E+01  3.7328E-03
  9.3000E+01  3.9455E-03
  9.4000E+01  4.2583E-03
  9.5000E+01  4.4177E-03
  9.6000E+01  4.5161E-03
  9.7000E+01  4.7135E-03
  9.8000E+01  5.0450E-03
  9.9000E+01  5.3698E-03
  1.0000E+02  5.6880E-03
  1.0100E+02  6.0332E-03
  1.0200E+02  6.4946E-03
  1.0300E+02  7.0128E-03
  1.0400E+02  7.5412E-03
  1.0500E+02  8.0801E-03
  1.0600E+02  8.6288E-03
  1.0700E+02  9.1872E-03
  1.0800E+02  9.7553E-03
  1.0900E+02  1.0333E-02
  1.1000E+02  1.0921E-02
  1.1100E+02  1.1961E-02
  1.1200E+02  1.2503E-02
  1.1300E+02  1.3081E-02
  1.1400E+02  1.4903E-02
  1.1500E+02  1.3515E-02
  1.1600E+02  1.4269E-02
  1.1700E+02  1.4800E-02
  1.1800E+02  1.4941E-02
  1.1900E+02  1.5338E-02
  1.2000E+02  1.5736E-02
  1.2100E+02  1.6134E-02
  1.2200E+02  1.6534E-02
  1.2300E+02  1.6934E-02
  1.2400E+02  1.7509E-02
  1.2500E+02  1.8025E-02
  1.2600E+02  1.8504E-02
  1.2700E+02  1.8965E-02
  1.2800E+02  1.9881E-02
  1.2900E+02  2.1029E-02
  1.3000E+02  2.2386E-02
  1.3100E+02  2.3554E-02
  1.3200E+02  2.3898E-02
  1.3300E+02  2.4413E-02
  1.3400E+02  2.7859E-02
  1.3500E+02  2.6909E-02
  1.3600E+02  2.8287E-02
  1.3700E+02  2.7805E-02
  1.3800E+02  2.8357E-02
  1.3900E+02  2.9261E-02
  1.4000E+02  3.0036E-02
  1.4100E+02  2.9920E-02
  1.4200E+02  2.9766E-02
  1.4300E+02  2.9620E-02
  1.4400E+02  2.9515E-02
  1.4500E+02  2.9450E-02
  1.4600E+02  2.9424E-02
  1.4700E+02  2.9424E-02
  1.4800E+02  2.9284E-02
  1.4900E+02  2.8773E-02
  1.5000E+02  2.8110E-02
  1.5100E+02  2.7346E-02
  1.5200E+02  2.6593E-02
  1.5300E+02  2.5857E-02
  1.5400E+02  2.5133E-02
  1.5500E+02  2.4422E-02
  1.5600E+02  2.6145E-02
  1.5700E+02  2.1765E-02
  1.5800E+02  1.9435E-02
  1.5900E+02  1.9060E-02
  1.6000E+02  1.8704E-02
  1.6100E+02  1.8427E-02
  1.6200E+02  1.8183E-02
  1.6300E+02  1.7952E-02
  1.6400E+02  1.7733E-02
  1.6500E+02  1.7603E-02
  1.6600E+02  1.7357E-02
  1.6700E+02  1.7112E-02
  1.6800E+02  1.6870E-02
  1.6900E+02  1.6633E-02
  1.7000E+02  1.6403E-02
  1.7100E+02  1.6180E-02
  1.7200E+02  1.5964E-02
  1.7300E+02  1.5782E-02
  1.7400E+02  1.5686E-02
  1.7500E+02  1.5684E-02
  1.7600E+02  1.5578E-02
  1.7700E+02  1.5434E-02
  1.7800E+02  1.5247E-02
  1.7900E+02  1.5107E-02
  1.8000E+02  1.5016E-02
  1.8100E+02  1.4920E-02
  1.8200E+02  1.4813E-02
  1.8300E+02  1.4712E-02
  1.8400E+02  1.4915E-02
  1.8500E+02  1.3083E-02
  1.8600E+02  1.3453E-02
  1.8700E+02  1.4340E-02
  1.8800E+02  1.6282E-02
  1.8900E+02  1.5042E-02
  1.9000E+02  1.5051E-02
  1.9100E+02  1.5203E-02
  1.9200E+02  1.5359E-02
  1.9300E+02  1.5537E-02
  1.9400E+02  1.5685E-02
  1.9500E+02  1.5805E-02
  1.9600E+02  1.5897E-02
  1.9700E+02  1.5958E-02
  1.9800E+02  1.6007E-02
  1.9900E+02  1.6014E-02
  2.0000E+02  1.5963E-02
  2.0100E+02  1.5856E-02
  2.0200E+02  1.5696E-02
  2.0300E+02  1.5872E-02
  2.0400E+02  1.6411E-02
  2.0500E+02  1.4454E-02
  2.0600E+02  1.2237E-02
  2.0700E+02  1.0358E-02
  2.0800E+02  8.8241E-03
  2.0900E+02  7.0091E-03
  2.1000E+02  4.3880E-03
  2.1100E+02  1.3936E-03
  2.1200E+02  1.4145E-03
  2.1300E+02  1.4355E-03
  2.1400E+02  1.4566E-03
  2.1500E+02  1.4778E-03
  2.1600E+02  1.4992E-03
  2.1700E+02  1.5207E-03
  2.1800E+02  1.5424E-03
  2.1900E+02  1.5641E-03
  2.2000E+02  1.5860E-03
  2.2100E+02  1.6080E-03
  2.2200E+02  1.6302E-03
  2.2300E+02  1.6525E-03
  2.2400E+02  1.6749E-03
  2.2500E+02  1.6974E-03
  2.2600E+02  1.7204E-03
  2.2700E+02  1.7498E-03
  2.2800E+02  1.7885E-03
  2.2900E+02  1.8274E-03
  2.3000E+02  1.8647E-03
  2.3100E+02  1.9019E-03
  2.3200E+02  1.9391E-03
  2.3300E+02  1.9764E-03
  2.3400E+02  2.0136E-03
  2.3500E+02  2.0502E-03
  2.3600E+02  2.0859E-03
  2.3700E+02  2.1208E-03
  2.3800E+02  2.1550E-03
  2.3900E+02  2.1883E-03
  2.4000E+02  2.2207E-03
  2.4100E+02  2.2524E-03
  2.4200E+02  2.2833E-03
  2.4300E+02  2.3133E-03
  2.4400E+02  2.3425E-03
  2.4500E+02  2.3709E-03
  2.4600E+02  2.3985E-03
  2.4700E+02  2.4281E-03
  2.4800E+02  2.4606E-03
  2.4900E+02  2.4942E-03
  2.5000E+02  2.5289E-03
  2.5100E+02  2.5646E-03
  2.5200E+02  2.6014E-03
  2.5300E+02  2.6394E-03
  2.5400E+02  2.6784E-03
  2.5500E+02  2.7186E-03
  2.5600E+02  2.7600E-03
  2.5700E+02  2.8025E-03
  2.5800E+02  2.8461E-03
  2.5900E+02  2.8909E-03
  2.6000E+02  2.9369E-03
  2.6100E+02  2.9840E-03
  2.6200E+02  3.0323E-03
  2.6300E+02  3.0817E-03
  2.6400E+02  3.1321E-03
  2.6500E+02  3.1834E-03
  2.6600E+02  3.2357E-03
  2.6700E+02  3.2890E-03
  2.6800E+02  3.3433E-03
  2.6900E+02  3.3989E-03
  2.7000E+02  3.4590E-03
  2.7100E+02  3.5253E-03
  2.7200E+02  3.5994E-03
  2.7300E+02  3.6813E-03
  2.7400E+02  3.7649E-03
  2.7500E+02  3.8404E-03
  2.7600E+02  3.9099E-03
  2.7700E+02  3.9732E-03
  2.7800E+02  4.0304E-03
  2.7900E+02  4.0814E-03
  2.8000E+02  4.1263E-03
  2.8100E+02  4.1962E-03
  2.8200E+02  4.2703E-03
  2.8300E+02  4.3449E-03
  2.8400E+02  4.4199E-03
  2.8500E+02  4.4955E-03
  2.8600E+02  4.5715E-03
  2.8700E+02  4.6481E-03
  2.8800E+02  4.7251E-03
  2.8900E+02  4.8027E-03
  2.9000E+02  4.8803E-03
  2.9100E+02  4.9639E-03
  2.9200E+02  5.0553E-03
  2.9300E+02  5.1532E-03
  2.9400E+02  5.2515E-03
  2.9500E+02  5.3502E-03
  2.9600E+02  5.4492E-03
  2.9700E+02  5.5486E-03
  2.9800E+02  5.6584E-03
  2.9900E+02  5.7845E-03
  3.0000E+02  5.9191E-03
  3.0100E+02  6.0621E-03
  3.0200E+02  6.2136E-03
  3.0300E+02  6.3735E-03
  3.0400E+02  6.5420E-03
  3.0500E+02  6.7169E-03
  3.0600E+02  6.8710E-03
  3.0700E+02  6.9956E-03
  3.0800E+02  7.0907E-03
  3.0900E+02  7.2087E-03
  3.1000E+02  7.3574E-03
  3.1100E+02  7.5344E-03
  3.1200E+02  7.7233E-03
  3.1300E+02  7.9180E-03
  3.1400E+02  8.1228E-03
  3.1500E+02  8.3376E-03
  3.1600E+02  8.5626E-03
  3.1700E+02  8.7978E-03
  3.1800E+02  9.0436E-03
  3.1900E+02  9.3006E-03
  3.2000E+02  9.5702E-03
  3.2100E+02  9.8736E-03
  3.2200E+02  1.0234E-02
  3.2300E+02  1.0643E-02
  3.2400E+02  1.1099E-02
  3.2500E+02  1.1612E-02
  3.2600E+02  1.2165E-02
  3.2700E+02  1.2740E-02
  3.2800E+02  1.3335E-02
  3.2900E+02  1.3951E-02
  3.3000E+02  1.4588E-02
  3.3100E+02  1.5247E-02
  3.3200E+02  1.6322E-02
  3.3300E+02  1.8466E-02
  3.3400E+02  1.8646E-02
  3.3500E+02  1.8162E-02
  3.3600E+02  1.7395E-02
  3.3700E+02  1.5670E-02
  3.3800E+02  1.3285E-02
  3.3900E+02  1.2209E-02
  3.4000E+02  1.1544E-02
  3.4100E+02  1.1111E-02
  3.4200E+02  1.0711E-02
  3.4300E+02  1.0341E-02
  3.4400E+02  1.0002E-02
  3.4500E+02  9.6945E-03
  3.4600E+02  9.4181E-03
  3.4700E+02  9.1729E-03
  3.4800E+02  8.9587E-03
  3.4900E+02  8.7685E-03
  3.5000E+02  8.5781E-03
  3.5100E+02  8.4569E-03
  3.5200E+02  8.8977E-03
  3.5300E+02  6.0523E-03
  3.5400E+02  5.7898E-03
  3.5500E+02  5.5331E-03
  3.5600E+02  5.2823E-03
  3.5700E+02  5.0374E-03
  3.5800E+02  4.7983E-03
  3.5900E+02  4.5680E-03
  3.6000E+02  4.3039E-03
  3.6100E+02  4.0090E-03
  3.6200E+02  3.7403E-03
  3.6300E+02  3.4977E-03
  3.6400E+02  3.2822E-03
  3.6500E+02  3.0979E-03
  3.6600E+02  2.9453E-03
  3.6700E+02  2.8379E-03
  3.6800E+02  2.7577E-03
  3.6900E+02  2.6761E-03
  3.7000E+02  2.5930E-03
  3.7100E+02  2.5084E-03
  3.7200E+02  2.4225E-03
  3.7300E+02  2.7154E-03
  3.7400E+02  2.8610E-03
  3.7500E+02  3.0122E-03
  3.7600E+02  3.1689E-03
  3.7700E+02  3.2806E-03
  3.7800E+02  3.3774E-03
  3.7900E+02  3.4737E-03
  3.8000E+02  3.5695E-03
  3.8100E+02  3.6648E-03
  3.8200E+02  3.8488E-03
  3.8300E+02  4.1321E-03
  3.8400E+02  4.8745E-03
  3.8500E+02  5.6806E-03
  3.8600E+02  6.4848E-03
  3.8700E+02  7.2872E-03
  3.8800E+02  7.9861E-03
  3.8900E+02  8.7166E-03
  3.9000E+02  9.3346E-03
  3.9100E+02  9.8008E-03
  3.9200E+02  1.0956E-02
  3.9300E+02  9.5665E-03
  3.9400E+02  9.5240E-03
  3.9500E+02  9.5480E-03
  3.9600E+02  9.6394E-03
  3.9700E+02  9.7386E-03
  3.9800E+02  9.8002E-03
  3.9900E+02  9.8873E-03
  4.0000E+02  9.9998E-03
  4.0100E+02  1.0139E-02
  4.0200E+02  1.0283E-02
  4.0300E+02  1.0416E-02
  4.0400E+02  1.0538E-02
  4.0500E+02  1.0648E-02
  4.0600E+02  1.0755E-02
  4.0700E+02  1.0877E-02
  4.0800E+02  1.0986E-02
  4.0900E+02  1.1272E-02
  4.1000E+02  1.1591E-02
  4.1100E+02  1.1801E-02
  4.1200E+02  1.2018E-02
  4.1300E+02  1.2250E-02
  4.1400E+02  1.2563E-02
  4.1500E+02  1.2947E-02
  4.1600E+02  1.3401E-02
  4.1700E+02  1.3920E-02
  4.1800E+02  1.4345E-02
  4.1900E+02  1.5534E-02
  4.2000E+02  1.2586E-02
  4.2100E+02  1.2333E-02
  4.2200E+02  1.2206E-02
  4.2300E+02  1.2083E-02
  4.2400E+02  1.1952E-02
  4.2500E+02  1.1815E-02
  4.2600E+02  1.1670E-02
  4.2700E+02  1.1518E-02
  4.2800E+02  1.1360E-02
  4.2900E+02  1.1194E-02
  4.3000E+02  1.1021E-02
  4.3100E+02  1.0841E-02
  4.3200E+02  1.0655E-02
  4.3300E+02  1.0488E-02
  4.3400E+02  1.0269E-02
  4.3500E+02  9.9855E-03
  4.3600E+02  9.6389E-03
  4.3700E+02  9.4438E-03
  4.3800E+02  9.2819E-03
  4.3900E+02  9.1307E-03
  4.4000E+02  9.0043E-03
  4.4100E+02  8.9070E-03
  4.4200E+02  8.8413E-03
  4.4300E+02  8.8068E-03
  4.4400E+02  8.5711E-03
  4.4500E+02  8.5038E-03
  4.4600E+02  8.4267E-03
  4.4700E+02  8.3333E-03
  4.4800E+02  8.1775E-03
  4.4900E+02  7.9592E-03
  4.5000E+02  7.7029E-03
  4.5100E+02  7.5987E-03
  4.5200E+02  7.4952E-03
  4.5300E+02  7.3924E-03
  4.5400E+02  7.2903E-03
  4.5500E+02  7.1889E-03
  4.5600E+02  7.0882E-03
  4.5700E+02  6.9881E-03
  4.5800E+02  6.8888E-03
  4.5900E+02  6.7902E-03
  4.6000E+02  6.6923E-03
  4.6100E+02  6.5950E-03
  4.6200E+02  6.4985E-03
  4.6300E+02  6.4157E-03
  4.6400E+02  6.3972E-03
  4.6500E+02  6.4098E-03
  4.6600E+02  6.4815E-03
  4.6700E+02  6.6096E-03
  4.6800E+02  6.8034E-03
  4.6900E+02  7.0408E-03
  4.7000E+02  8.4445E-03
  4.7100E+02  6.6957E-03
  4.7200E+02  6.2089E-03
  4.7300E+02  5.9809E-03
  4.7400E+02  1.6183E-02
  4.7500E+02  4.1850E-02
  4.7600E+02  5.5846E-02
  4.7700E+02  7.5303E-02
  4.7800E+02  8.5478E-02
  4.7900E+02  8.1453E-02
  4.8000E+02  6.8144E-02
  4.8100E+02  6.7647E-02
  4.8200E+02  7.1447E-02
  4.8300E+02  7.1495E-02
  4.8400E+02  7.1109E-02
  4.8500E+02  6.9466E-02
  4.8600E+02  6.8842E-02
  4.8700E+02  6.9514E-02
  4.8800E+02  6.9464E-02
  4.8900E+02  7.0347E-02
  4.9000E+02  7.0283E-02
  4.9100E+02  7.0087E-02
  4.9200E+02  7.0771E-02
  4.9300E+02  7.2356E-02
  4.9400E+02  7.4438E-02
  4.9500E+02  7.6467E-02
  4.9600E+02  8.8678E-02
  4.9700E+02  8.1326E-02
  4.9800E+02  7.5453E-02
  4.9900E+02  6.9033E-02
  5.0000E+02  6.3150E-02
  5.0100E+02  4.2431E-02
  5.0200E+02  3.0470E-02
  5.0300E+02  2.6610E-02
  5.0400E+02  2.4154E-02
  5.0500E+02  2.2339E-02
  5.0600E+02  1.9573E-02
  5.0700E+02  1.5781E-02
  5.0800E+02  1.3817E-02
  5.0900E+02  1.2323E-02
  5.1000E+02  1.1073E-02
  5.1100E+02  1.0036E-02
  5.1200E+02  9.1304E-03
  5.1300E+02  8.5588E-03
  5.1400E+02  9.1131E-03
  5.1500E+02  6.6532E-03
  5.1600E+02  5.6657E-03
  5.1700E+02  4.5872E-03
  5.1800E+02  3.4177E-03
  5.1900E+02  2.5618E-03
  5.2000E+02  2.6879E-03
  5.2100E+02  5.4771E-04
  5.2200E+02  1.3501E-04
  5.2300E+02  0.0000E+00
