  0.0000E+00  0.0000E+00
  1.0000E+00  7.0265E-08
  2.0000E+00  2.8106E-07
  3.0000E+00  6.3239E-07
  4.0000E+00  1.1243E-06
  5.0000E+00  1.7567E-06
  6.0000E+00  2.5296E-06
  7.0000E+00  3.4431E-06
  8.0000E+00  4.4971E-06
  9.0000E+00  5.6916E-06
  1.0000E+01  7.0267E-06
  1.1000E+01  8.5023E-06
  1.2000E+01  1.0118E-05
  1.3000E+01  1.1875E-05
  1.4000E+01  1.3772E-05
  1.5000E+01  1.5810E-05
  1.6000E+01  1.7988E-05
  1.7000E+01  2.0307E-05
  1.8000E+01  2.2766E-05
  1.9000E+01  2.5366E-05
  2.0000E+01  2.8107E-05
  2.1000E+01  3.0988E-05
  2.2000E+01  3.4009E-05
  2.3000E+01  3.7171E-05
  2.4000E+01  4.0474E-05
  2.5000E+01  4.3917E-05
  2.6000E+01  4.7500E-05
  2.7000E+01  5.1224E-05
  2.8000E+01  5.5089E-05
  2.9000E+01  5.9094E-05
  3.0000E+01  6.3240E-05
  3.1000E+01  6.7526E-05
  3.2000E+01  7.1953E-05
  3.3000E+01  7.6520E-05
  3.4000E+01  8.1228E-05
  3.5000E+01  8.6077E-05
  3.6000E+01  9.1066E-05
  3.7000E+01  9.6195E-05
  3.8000E+01  1.0147E-04
  3.9000E+01  1.0688E-04
  4.0000E+01  1.5562E-04
  4.1000E+01  2.2843E-04
  4.2000E+01  2.9032E-04
  4.3000E+01  3.4130E-04
  4.4000E+01  3.8137E-04
  4.5000E+01  4.1052E-04
  4.6000E+01  4.2876E-04
  4.7000E+01  4.3608E-04
  4.8000E+01  4.3250E-04
  4.9000E+01  4.5089E-04
  5.0000E+01  4.7743E-04
  5.1000E+01  5.0443E-04
  5.2000E+01  5.3190E-04
  5.3000E+01  5.5983E-04
  5.4000E+01  5.8822E-04
  5.5000E+01  6.1707E-04
  5.6000E+01  6.4713E-04
  5.7000E+01  6.7895E-04
  5.8000E+01  7.1234E-04
  5.9000E+01  7.4730E-04
  6.0000E+01  7.8384E-04
  6.1000E+01  8.2195E-04
  6.2000E+01  8.6164E-04
  6.3000E+01  9.0289E-04
  6.4000E+01  9.4572E-04
  6.5000E+01  9.9165E-04
  6.6000E+01  1.0542E-03
  6.7000E+01  1.1365E-03
  6.8000E+01  1.3120E-03
  6.9000E+01  1.4493E-03
  7.0000E+01  1.6349E-03
  7.1000E+01  1.6584E-03
  7.2000E+01  1.6612E-03
  7.3000E+01  1.6306E-03
  7.4000E+01  1.6988E-03
  7.5000E+01  1.7687E-03
  7.6000E+01  1.8404E-03
  7.7000E+01  1.9131E-03
  7.8000E+01  1.9887E-03
  7.9000E+01  2.0680E-03
  8.0000E+01  2.1509E-03
  8.1000E+01  2.2374E-03
  8.2000E+01  2.3275E-03
  8.3000E+01  2.4228E-03
  8.4000E+01  2.5251E-03
  8.5000E+01  2.6345E-03
  8.6000E+01  2.7510E-03
  8.7000E+01  2.8749E-03
  8.8000E+01  3.0038E-03
  8.9000E+01  3.1393E-03
  9.0000E+01  3.2838E-03
  9.1000E+01  3.4373E-03
  9.2000E+01  3.8651E-03
  9.3000E+01  3.8040E-03
  9.4000E+01  4.0098E-03
  9.5000E+01  4.2953E-03
  9.6000E+01  4.5733E-03
  9.7000E+01  4.8401E-03
  9.8000E+01  5.0932E-03
  9.9000E+01  5.3462E-03
  1.0000E+02  5.6475E-03
  1.0100E+02  6.0309E-03
  1.0200E+02  6.6005E-03
  1.0300E+02  7.2870E-03
  1.0400E+02  7.9968E-03
  1.0500E+02  8.9317E-03
  1.0600E+02  9.5160E-03
  1.0700E+02  1.0334E-02
  1.0800E+02  1.1023E-02
  1.0900E+02  1.1922E-02
  1.1000E+02  1.4230E-02
  1.1100E+02  1.2133E-02
  1.1200E+02  1.2577E-02
  1.1300E+02  1.3021E-02
  1.1400E+02  1.3457E-02
  1.1500E+02  1.4009E-02
  1.1600E+02  1.4549E-02
  1.1700E+02  1.4934E-02
  1.1800E+02  1.5307E-02
  1.1900E+02  1.6095E-02
  1.2000E+02  1.6747E-02
  1.2100E+02  1.8029E-02
  1.2200E+02  1.7914E-02
  1.2300E+02  1.7078E-02
  1.2400E+02  1.7406E-02
  1.2500E+02  1.7826E-02
  1.2600E+02  1.8283E-02
  1.2700E+02  1.8688E-02
  1.2800E+02  1.9054E-02
  1.2900E+02  1.9511E-02
  1.3000E+02  2.0094E-02
  1.3100E+02  2.0715E-02
  1.3200E+02  2.2235E-02
  1.3300E+02  2.3619E-02
  1.3400E+02  2.4422E-02
  1.3500E+02  2.7895E-02
  1.3600E+02  2.7931E-02
  1.3700E+02  2.9016E-02
  1.3800E+02  3.0240E-02
  1.3900E+02  3.1429E-02
  1.4000E+02  3.2759E-02
  1.4100E+02  3.2879E-02
  1.4200E+02  3.2617E-02
  1.4300E+02  3.2230E-02
  1.4400E+02  3.1714E-02
  1.4500E+02  3.0989E-02
  1.4600E+02  3.0234E-02
  1.4700E+02  2.9854E-02
  1.4800E+02  2.7836E-02
  1.4900E+02  2.5586E-02
  1.5000E+02  2.3369E-02
  1.5100E+02  2.1933E-02
  1.5200E+02  2.1397E-02
  1.5300E+02  2.0925E-02
  1.5400E+02  2.0548E-02
  1.5500E+02  2.0196E-02
  1.5600E+02  1.9860E-02
  1.5700E+02  1.9547E-02
  1.5800E+02  1.9238E-02
  1.5900E+02  1.8933E-02
  1.6000E+02  1.8770E-02
  1.6100E+02  1.8661E-02
  1.6200E+02  1.8513E-02
  1.6300E+02  1.8402E-02
  1.6400E+02  1.8199E-02
  1.6500E+02  1.8087E-02
  1.6600E+02  1.7893E-02
  1.6700E+02  1.7482E-02
  1.6800E+02  1.7050E-02
  1.6900E+02  1.6739E-02
  1.7000E+02  1.6548E-02
  1.7100E+02  1.7671E-02
  1.7200E+02  1.7039E-02
  1.7300E+02  1.6245E-02
  1.7400E+02  1.6045E-02
  1.7500E+02  1.5824E-02
  1.7600E+02  1.5579E-02
  1.7700E+02  1.5342E-02
  1.7800E+02  1.5125E-02
  1.7900E+02  1.4930E-02
  1.8000E+02  1.4773E-02
  1.8100E+02  1.4648E-02
  1.8200E+02  1.4576E-02
  1.8300E+02  1.4447E-02
  1.8400E+02  1.4315E-02
  1.8500E+02  1.4197E-02
  1.8600E+02  1.4094E-02
  1.8700E+02  1.4101E-02
  1.8800E+02  1.4138E-02
  1.8900E+02  1.3294E-02
  1.9000E+02  1.3450E-02
  1.9100E+02  1.3697E-02
  1.9200E+02  1.4149E-02
  1.9300E+02  1.5032E-02
  1.9400E+02  1.5120E-02
  1.9500E+02  1.5279E-02
  1.9600E+02  1.5464E-02
  1.9700E+02  1.5619E-02
  1.9800E+02  1.5739E-02
  1.9900E+02  1.5935E-02
  2.0000E+02  1.6197E-02
  2.0100E+02  1.6401E-02
  2.0200E+02  1.6600E-02
  2.0300E+02  1.7706E-02
  2.0400E+02  1.8509E-02
  2.0500E+02  1.5822E-02
  2.0600E+02  1.2748E-02
  2.0700E+02  1.1166E-02
  2.0800E+02  1.0703E-02
  2.0900E+02  9.9971E-03
  2.1000E+02  7.0704E-03
  2.1100E+02  4.5528E-03
  2.1200E+02  2.9026E-03
  2.1300E+02  1.9954E-03
  2.1400E+02  1.5408E-03
  2.1500E+02  1.4944E-03
  2.1600E+02  1.5186E-03
  2.1700E+02  1.5436E-03
  2.1800E+02  1.5696E-03
  2.1900E+02  1.5968E-03
  2.2000E+02  1.6251E-03
  2.2100E+02  1.6545E-03
  2.2200E+02  1.6850E-03
  2.2300E+02  1.7101E-03
  2.2400E+02  1.7327E-03
  2.2500E+02  1.7530E-03
  2.2600E+02  1.7710E-03
  2.2700E+02  1.7974E-03
  2.2800E+02  1.8248E-03
  2.2900E+02  1.8517E-03
  2.3000E+02  1.8786E-03
  2.3100E+02  1.9057E-03
  2.3200E+02  1.9329E-03
  2.3300E+02  1.9601E-03
  2.3400E+02  1.9875E-03
  2.3500E+02  2.0151E-03
  2.3600E+02  2.0430E-03
  2.3700E+02  2.0712E-03
  2.3800E+02  2.1015E-03
  2.3900E+02  2.1344E-03
  2.4000E+02  2.1675E-03
  2.4100E+02  2.2009E-03
  2.4200E+02  2.2355E-03
  2.4300E+02  2.2725E-03
  2.4400E+02  2.3108E-03
  2.4500E+02  2.3502E-03
  2.4600E+02  2.3907E-03
  2.4700E+02  2.4325E-03
  2.4800E+02  2.4754E-03
  2.4900E+02  2.5194E-03
  2.5000E+02  2.5645E-03
  2.5100E+02  2.6080E-03
  2.5200E+02  2.6495E-03
  2.5300E+02  2.6888E-03
  2.5400E+02  2.7261E-03
  2.5500E+02  2.7612E-03
  2.5600E+02  2.7943E-03
  2.5700E+02  2.8289E-03
  2.5800E+02  2.8709E-03
  2.5900E+02  2.9201E-03
  2.6000E+02  2.9698E-03
  2.6100E+02  3.0174E-03
  2.6200E+02  3.0656E-03
  2.6300E+02  3.1146E-03
  2.6400E+02  3.1644E-03
  2.6500E+02  3.2151E-03
  2.6600E+02  3.2666E-03
  2.6700E+02  3.3190E-03
  2.6800E+02  3.3723E-03
  2.6900E+02  3.4264E-03
  2.7000E+02  3.4816E-03
  2.7100E+02  3.5383E-03
  2.7200E+02  3.5961E-03
  2.7300E+02  3.6588E-03
  2.7400E+02  3.7263E-03
  2.7500E+02  3.7986E-03
  2.7600E+02  3.8758E-03
  2.7700E+02  3.9551E-03
  2.7800E+02  4.0262E-03
  2.7900E+02  4.0910E-03
  2.8000E+02  4.1496E-03
  2.8100E+02  4.2087E-03
  2.8200E+02  4.2786E-03
  2.8300E+02  4.3482E-03
  2.8400E+02  4.4175E-03
  2.8500E+02  4.4890E-03
  2.8600E+02  4.5631E-03
  2.8700E+02  4.6400E-03
  2.8800E+02  4.7202E-03
  2.8900E+02  4.8024E-03
  2.9000E+02  4.8864E-03
  2.9100E+02  4.9721E-03
  2.9200E+02  5.0609E-03
  2.9300E+02  5.1546E-03
  2.9400E+02  5.2522E-03
  2.9500E+02  5.3536E-03
  2.9600E+02  5.4589E-03
  2.9700E+02  5.5680E-03
  2.9800E+02  5.6824E-03
  2.9900E+02  5.8036E-03
  3.0000E+02  5.9318E-03
  3.0100E+02  6.0578E-03
  3.0200E+02  6.1684E-03
  3.0300E+02  6.2895E-03
  3.0400E+02  6.4126E-03
  3.0500E+02  6.5396E-03
  3.0600E+02  6.6686E-03
  3.0700E+02  6.7995E-03
  3.0800E+02  6.9338E-03
  3.0900E+02  7.0720E-03
  3.1000E+02  7.2092E-03
  3.1100E+02  7.3536E-03
  3.1200E+02  7.5098E-03
  3.1300E+02  7.6775E-03
  3.1400E+02  7.8567E-03
  3.1500E+02  8.0481E-03
  3.1600E+02  8.2528E-03
  3.1700E+02  8.4707E-03
  3.1800E+02  8.7018E-03
  3.1900E+02  8.9461E-03
  3.2000E+02  9.2036E-03
  3.2100E+02  9.4692E-03
  3.2200E+02  9.8267E-03
  3.2300E+02  1.0197E-02
  3.2400E+02  1.0635E-02
  3.2500E+02  1.1131E-02
  3.2600E+02  1.1684E-02
  3.2700E+02  1.2296E-02
  3.2800E+02  1.3150E-02
  3.2900E+02  1.4314E-02
  3.3000E+02  1.5398E-02
  3.3100E+02  1.5814E-02
  3.3200E+02  1.6103E-02
  3.3300E+02  1.6264E-02
  3.3400E+02  1.6284E-02
  3.3500E+02  1.6559E-02
  3.3600E+02  1.5648E-02
  3.3700E+02  1.4811E-02
  3.3800E+02  1.3880E-02
  3.3900E+02  1.2954E-02
  3.4000E+02  1.2621E-02
  3.4100E+02  1.1601E-02
  3.4200E+02  1.1048E-02
  3.4300E+02  1.0496E-02
  3.4400E+02  9.9466E-03
  3.4500E+02  9.5202E-03
  3.4600E+02  9.1599E-03
  3.4700E+02  8.8335E-03
  3.4800E+02  8.5399E-03
  3.4900E+02  8.6648E-03
  3.5000E+02  8.0588E-03
  3.5100E+02  7.7767E-03
  3.5200E+02  7.4908E-03
  3.5300E+02  7.2197E-03
  3.5400E+02  6.0715E-03
  3.5500E+02  5.8238E-03
  3.5600E+02  5.5944E-03
  3.5700E+02  5.3788E-03
  3.5800E+02  5.1770E-03
  3.5900E+02  4.9314E-03
  3.6000E+02  4.6921E-03
  3.6100E+02  4.4792E-03
  3.6200E+02  4.2864E-03
  3.6300E+02  4.0343E-03
  3.6400E+02  3.8145E-03
  3.6500E+02  3.6270E-03
  3.6600E+02  3.4717E-03
  3.6700E+02  3.2593E-03
  3.6800E+02  3.0186E-03
  3.6900E+02  2.7861E-03
  3.7000E+02  2.7258E-03
  3.7100E+02  2.6949E-03
  3.7200E+02  2.7994E-03
  3.7300E+02  2.9481E-03
  3.7400E+02  3.0939E-03
  3.7500E+02  3.2369E-03
  3.7600E+02  3.3770E-03
  3.7700E+02  3.7083E-03
  3.7800E+02  4.1325E-03
  3.7900E+02  4.4250E-03
  3.8000E+02  4.6723E-03
  3.8100E+02  4.8985E-03
  3.8200E+02  5.5642E-03
  3.8300E+02  6.0830E-03
  3.8400E+02  6.3713E-03
  3.8500E+02  6.5523E-03
  3.8600E+02  6.9534E-03
  3.8700E+02  7.4462E-03
  3.8800E+02  8.0602E-03
  3.8900E+02  8.6836E-03
  3.9000E+02  9.0081E-03
  3.9100E+02  9.0991E-03
  3.9200E+02  9.2178E-03
  3.9300E+02  9.3212E-03
  3.9400E+02  9.4392E-03
  3.9500E+02  9.5995E-03
  3.9600E+02  1.0052E-02
  3.9700E+02  1.0201E-02
  3.9800E+02  1.0208E-02
  3.9900E+02  1.0215E-02
  4.0000E+02  1.0235E-02
  4.0100E+02  1.0417E-02
  4.0200E+02  1.0623E-02
  4.0300E+02  1.1141E-02
  4.0400E+02  1.1126E-02
  4.0500E+02  1.0749E-02
  4.0600E+02  1.0676E-02
  4.0700E+02  1.0735E-02
  4.0800E+02  1.0803E-02
  4.0900E+02  1.0881E-02
  4.1000E+02  1.0981E-02
  4.1100E+02  1.1120E-02
  4.1200E+02  1.1292E-02
  4.1300E+02  1.1461E-02
  4.1400E+02  1.1725E-02
  4.1500E+02  1.1902E-02
  4.1600E+02  1.2061E-02
  4.1700E+02  1.2209E-02
  4.1800E+02  1.2347E-02
  4.1900E+02  1.2555E-02
  4.2000E+02  1.2820E-02
  4.2100E+02  1.3059E-02
  4.2200E+02  1.3145E-02
  4.2300E+02  1.2325E-02
  4.2400E+02  1.2068E-02
  4.2500E+02  1.1876E-02
  4.2600E+02  1.1672E-02
  4.2700E+02  1.1457E-02
  4.2800E+02  1.1230E-02
  4.2900E+02  1.0992E-02
  4.3000E+02  1.0738E-02
  4.3100E+02  1.0444E-02
  4.3200E+02  1.0111E-02
  4.3300E+02  9.8463E-03
  4.3400E+02  9.6552E-03
  4.3500E+02  9.4802E-03
  4.3600E+02  9.3211E-03
  4.3700E+02  9.1767E-03
  4.3800E+02  9.0470E-03
  4.3900E+02  8.8668E-03
  4.4000E+02  8.6808E-03
  4.4100E+02  8.6074E-03
  4.4200E+02  8.5405E-03
  4.4300E+02  8.4650E-03
  4.4400E+02  8.3787E-03
  4.4500E+02  8.2833E-03
  4.4600E+02  8.1460E-03
  4.4700E+02  7.9798E-03
  4.4800E+02  7.8545E-03
  4.4900E+02  7.7361E-03
  4.5000E+02  7.6188E-03
  4.5100E+02  7.5048E-03
  4.5200E+02  7.3985E-03
  4.5300E+02  7.3002E-03
  4.5400E+02  7.2269E-03
  4.5500E+02  7.1710E-03
  4.5600E+02  7.1286E-03
  4.5700E+02  7.0989E-03
  4.5800E+02  7.0818E-03
  4.5900E+02  7.1558E-03
  4.6000E+02  7.0617E-03
  4.6100E+02  7.0568E-03
  4.6200E+02  7.0751E-03
  4.6300E+02  7.1503E-03
  4.6400E+02  7.0602E-03
  4.6500E+02  6.7069E-03
  4.6600E+02  6.5915E-03
  4.6700E+02  6.4762E-03
  4.6800E+02  6.3613E-03
  4.6900E+02  6.2466E-03
  4.7000E+02  6.1322E-03
  4.7100E+02  6.0181E-03
  4.7200E+02  5.9064E-03
  4.7300E+02  5.8475E-03
  4.7400E+02  2.2951E-02
  4.7500E+02  5.0980E-02
  4.7600E+02  5.6704E-02
  4.7700E+02  7.0903E-02
  4.7800E+02  8.9868E-02
  4.7900E+02  7.9956E-02
  4.8000E+02  7.0500E-02
  4.8100E+02  6.8432E-02
  4.8200E+02  7.0628E-02
  4.8300E+02  6.9671E-02
  4.8400E+02  6.8432E-02
  4.8500E+02  6.9027E-02
  4.8600E+02  6.7850E-02
  4.8700E+02  6.7295E-02
  4.8800E+02  6.7455E-02
  4.8900E+02  6.7354E-02
  4.9000E+02  6.8658E-02
  4.9100E+02  7.0617E-02
  4.9200E+02  6.9374E-02
  4.9300E+02  6.9696E-02
  4.9400E+02  6.9598E-02
  4.9500E+02  7.2046E-02
  4.9600E+02  7.5370E-02
  4.9700E+02  7.7513E-02
  4.9800E+02  8.3054E-02
  4.9900E+02  7.9663E-02
  5.0000E+02  6.8992E-02
  5.0100E+02  4.2472E-02
  5.0200E+02  3.3551E-02
  5.0300E+02  2.6098E-02
  5.0400E+02  2.3145E-02
  5.0500E+02  2.0946E-02
  5.0600E+02  1.9310E-02
  5.0700E+02  1.5805E-02
  5.0800E+02  1.3957E-02
  5.0900E+02  1.2660E-02
  5.1000E+02  1.1600E-02
  5.1100E+02  1.0694E-02
  5.1200E+02  1.0232E-02
  5.1300E+02  9.5860E-03
  5.1400E+02  8.0746E-03
  5.1500E+02  6.9131E-03
  5.1600E+02  6.0259E-03
  5.1700E+02  5.2657E-03
  5.1800E+02  4.6242E-03
  5.1900E+02  3.6499E-03
  5.2000E+02  2.2881E-03
  5.2100E+02  1.8386E-03
  5.2200E+02  2.8174E-04
  5.2300E+02  0.0000E+00
