  0.0000E+00  0.0000E+00
  1.0000E+00  2.5683E-07
  2.0000E+00  1.0273E-06
  3.0000E+00  2.3115E-06
  4.0000E+00  4.1094E-06
  5.0000E+00  6.4209E-06
  6.0000E+00  9.2462E-06
  7.0000E+00  1.2585E-05
  8.0000E+00  1.6438E-05
  9.0000E+00  2.0804E-05
  1.0000E+01  2.5684E-05
  1.1000E+01  3.1078E-05
  1.2000E+01  3.6985E-05
  1.3000E+01  4.3406E-05
  1.4000E+01  5.0340E-05
  1.5000E+01  5.7789E-05
  1.6000E+01  6.5751E-05
  1.7000E+01  7.4227E-05
  1.8000E+01  8.3216E-05
  1.9000E+01  9.2719E-05
  2.0000E+01  1.0274E-04
  2.1000E+01  1.1327E-04
  2.2000E+01  1.2431E-04
  2.3000E+01  1.3587E-04
  2.4000E+01  1.4794E-04
  2.5000E+01  1.6052E-04
  2.6000E+01  1.7362E-04
  2.7000E+01  1.8724E-04
  2.8000E+01  2.0136E-04
  2.9000E+01  2.1600E-04
  3.0000E+01  2.3116E-04
  3.1000E+01  2.4682E-04
  3.2000E+01  2.6300E-04
  3.3000E+01  2.7970E-04
  3.4000E+01  2.9691E-04
  3.5000E+01  3.1463E-04
  3.6000E+01  3.3286E-04
  3.7000E+01  3.5161E-04
  3.8000E+01  3.7088E-04
  3.9000E+01  3.9065E-04
  4.0000E+01  4.1094E-04
  4.1000E+01  4.3175E-04
  4.2000E+01  4.5307E-04
  4.3000E+01  4.7490E-04
  4.4000E+01  4.9724E-04
  4.5000E+01  5.2010E-04
  4.6000E+01  5.4347E-04
  4.7000E+01  5.6736E-04
  4.8000E+01  5.9176E-04
  4.9000E+01  6.1667E-04
  5.0000E+01  6.4210E-04
  5.1000E+01  6.6804E-04
  5.2000E+01  6.9449E-04
  5.3000E+01  7.2146E-04
  5.4000E+01  7.4894E-04
  5.5000E+01  7.7694E-04
  5.6000E+01  8.0545E-04
  5.7000E+01  8.3447E-04
  5.8000E+01  8.6401E-04
  5.9000E+01  8.9406E-04
  6.0000E+01  9.2462E-04
  6.1000E+01  9.5570E-04
  6.2000E+01  9.8729E-04
  6.3000E+01  1.0194E-03
  6.4000E+01  1.0520E-03
  6.5000E+01  1.0851E-03
  6.6000E+01  1.1188E-03
  6.7000E+01  1.1530E-03
  6.8000E+01  1.1876E-03
  6.9000E+01  1.2228E-03
  7.0000E+01  1.2585E-03
  7.1000E+01  1.2947E-03
  7.2000E+01  1.3315E-03
  7.3000E+01  1.3687E-03
  7.4000E+01  1.4065E-03
  7.5000E+01  1.4447E-03
  7.6000E+01  1.4835E-03
  7.7000E+01  1.5228E-03
  7.8000E+01  1.5626E-03
  7.9000E+01  1.6029E-03
  8.0000E+01  1.6438E-03
  8.1000E+01  1.6851E-03
  8.2000E+01  1.7270E-03
  8.3000E+01  1.7694E-03
  8.4000E+01  1.8123E-03
  8.5000E+01  1.8557E-03
  8.6000E+01  1.8996E-03
  8.7000E+01  1.9440E-03
  8.8000E+01  1.9890E-03
  8.9000E+01  2.0344E-03
  9.0000E+01  2.0804E-03
  9.1000E+01  2.1269E-03
  9.2000E+01  2.3755E-03
  9.3000E+01  3.0995E-03
  9.4000E+01  3.8167E-03
  9.5000E+01  4.5271E-03
  9.6000E+01  5.2306E-03
  9.7000E+01  5.9273E-03
  9.8000E+01  6.6171E-03
  9.9000E+01  7.3001E-03
  1.0000E+02  7.9762E-03
  1.0100E+02  8.6455E-03
  1.0200E+02  9.3080E-03
  1.0300E+02  9.9626E-03
  1.0400E+02  1.0609E-02
  1.0500E+02  1.1248E-02
  1.0600E+02  1.1878E-02
  1.0700E+02  1.2500E-02
  1.0800E+02  1.3115E-02
  1.0900E+02  1.3721E-02
  1.1000E+02  1.4319E-02
  1.1100E+02  1.4909E-02
  1.1200E+02  1.5492E-02
  1.1300E+02  1.6066E-02
  1.1400E+02  1.6632E-02
  1.1500E+02  1.7189E-02
  1.1600E+02  1.7739E-02
  1.1700E+02  1.8281E-02
  1.1800E+02  1.8815E-02
  1.1900E+02  1.9341E-02
  1.2000E+02  1.9858E-02
  1.2100E+02  2.0368E-02
  1.2200E+02  2.0869E-02
  1.2300E+02  2.1326E-02
  1.2400E+02  2.1753E-02
  1.2500E+02  2.2321E-02
  1.2600E+02  2.3028E-02
  1.2700E+02  2.3876E-02
  1.2800E+02  2.4864E-02
  1.2900E+02  2.5991E-02
  1.3000E+02  2.7259E-02
  1.3100E+02  2.8667E-02
  1.3200E+02  3.0215E-02
  1.3300E+02  3.1903E-02
  1.3400E+02  1.6523E-02
  1.3500E+02  1.6327E-02
  1.3600E+02  1.6137E-02
  1.3700E+02  1.5955E-02
  1.3800E+02  1.5780E-02
  1.3900E+02  1.5612E-02
  1.4000E+02  1.5451E-02
  1.4100E+02  1.5297E-02
  1.4200E+02  1.5150E-02
  1.4300E+02  1.5010E-02
  1.4400E+02  1.4877E-02
  1.4500E+02  1.4751E-02
  1.4600E+02  1.4633E-02
  1.4700E+02  1.4521E-02
  1.4800E+02  1.4416E-02
  1.4900E+02  1.4319E-02
  1.5000E+02  1.4228E-02
  1.5100E+02  1.4145E-02
  1.5200E+02  1.4069E-02
  1.5300E+02  1.4000E-02
  1.5400E+02  1.3937E-02
  1.5500E+02  1.3882E-02
  1.5600E+02  1.3834E-02
  1.5700E+02  1.3793E-02
  1.5800E+02  1.3759E-02
  1.5900E+02  1.3732E-02
  1.6000E+02  1.3713E-02
  1.6100E+02  1.3700E-02
  1.6200E+02  1.3694E-02
  1.6300E+02  1.3695E-02
  1.6400E+02  1.3704E-02
  1.6500E+02  1.3719E-02
  1.6600E+02  1.3742E-02
  1.6700E+02  1.3772E-02
  1.6800E+02  1.3808E-02
  1.6900E+02  1.3852E-02
  1.7000E+02  1.3903E-02
  1.7100E+02  1.3961E-02
  1.7200E+02  1.4026E-02
  1.7300E+02  1.4098E-02
  1.7400E+02  1.4177E-02
  1.7500E+02  1.4263E-02
  1.7600E+02  1.4356E-02
  1.7700E+02  1.4457E-02
  1.7800E+02  1.4564E-02
  1.7900E+02  1.4678E-02
  1.8000E+02  1.4800E-02
  1.8100E+02  1.4928E-02
  1.8200E+02  1.5064E-02
  1.8300E+02  1.5207E-02
  1.8400E+02  1.5356E-02
  1.8500E+02  1.5513E-02
  1.8600E+02  1.5677E-02
  1.8700E+02  1.5848E-02
  1.8800E+02  1.6026E-02
  1.8900E+02  1.6211E-02
  1.9000E+02  1.6403E-02
  1.9100E+02  1.6602E-02
  1.9200E+02  1.6808E-02
  1.9300E+02  6.3933E-02
  1.9400E+02  8.0321E-02
  1.9500E+02  4.9205E-02
  1.9600E+02  3.8093E-02
  1.9700E+02  4.2175E-04
  1.9800E+02  4.2604E-04
  1.9900E+02  4.3035E-04
  2.0000E+02  4.3469E-04
  2.0100E+02  4.3905E-04
  2.0200E+02  4.4343E-04
  2.0300E+02  4.4783E-04
  2.0400E+02  4.5225E-04
  2.0500E+02  4.5670E-04
  2.0600E+02  4.6116E-04
  2.0700E+02  4.6565E-04
  2.0800E+02  4.7016E-04
  2.0900E+02  4.7469E-04
  2.1000E+02  4.7925E-04
  2.1100E+02  4.8382E-04
  2.1200E+02  4.8842E-04
  2.1300E+02  4.9304E-04
  2.1400E+02  4.9768E-04
  2.1500E+02  5.0234E-04
  2.1600E+02  5.0702E-04
  2.1700E+02  5.1173E-04
  2.1800E+02  5.1646E-04
  2.1900E+02  5.2121E-04
  2.2000E+02  5.2598E-04
  2.2100E+02  5.3077E-04
  2.2200E+02  5.3558E-04
  2.2300E+02  5.4042E-04
  2.2400E+02  5.4528E-04
  2.2500E+02  5.5016E-04
  2.2600E+02  5.5506E-04
  2.2700E+02  5.5998E-04
  2.2800E+02  5.6492E-04
  2.2900E+02  5.6989E-04
  2.3000E+02  5.7488E-04
  2.3100E+02  5.7989E-04
  2.3200E+02  5.8492E-04
  2.3300E+02  5.8997E-04
  2.3400E+02  8.5964E-04
  2.3500E+02  1.7366E-03
  2.3600E+02  2.4790E-03
  2.3700E+02  3.0869E-03
  2.3800E+02  3.5601E-03
  2.3900E+02  3.8988E-03
  2.4000E+02  4.1030E-03
  2.4100E+02  4.1726E-03
  2.4200E+02  4.1076E-03
  2.4300E+02  3.9080E-03
  2.4400E+02  3.5739E-03
  2.4500E+02  3.1052E-03
  2.4600E+02  2.6328E-03
  2.4700E+02  2.7079E-03
  2.4800E+02  2.7839E-03
  2.4900E+02  2.8610E-03
  2.5000E+02  2.9391E-03
  2.5100E+02  3.0182E-03
  2.5200E+02  3.0983E-03
  2.5300E+02  3.1794E-03
  2.5400E+02  3.2616E-03
  2.5500E+02  3.3447E-03
  2.5600E+02  3.4289E-03
  2.5700E+02  3.5141E-03
  2.5800E+02  3.6002E-03
  2.5900E+02  3.6874E-03
  2.6000E+02  3.7756E-03
  2.6100E+02  3.8649E-03
  2.6200E+02  3.9551E-03
  2.6300E+02  4.0463E-03
  2.6400E+02  4.1386E-03
  2.6500E+02  4.2318E-03
  2.6600E+02  4.3261E-03
  2.6700E+02  4.4214E-03
  2.6800E+02  4.5177E-03
  2.6900E+02  4.6150E-03
  2.7000E+02  4.7133E-03
  2.7100E+02  4.8127E-03
  2.7200E+02  4.9130E-03
  2.7300E+02  5.0143E-03
  2.7400E+02  5.1167E-03
  2.7500E+02  5.2201E-03
  2.7600E+02  5.3245E-03
  2.7700E+02  5.4299E-03
  2.7800E+02  5.5363E-03
  2.7900E+02  5.6437E-03
  2.8000E+02  5.7521E-03
  2.8100E+02  5.8616E-03
  2.8200E+02  5.9720E-03
  2.8300E+02  6.0835E-03
  2.8400E+02  6.1960E-03
  2.8500E+02  6.3095E-03
  2.8600E+02  6.4240E-03
  2.8700E+02  6.5395E-03
  2.8800E+02  6.8120E-03
  2.8900E+02  7.1742E-03
  2.9000E+02  7.5221E-03
  2.9100E+02  7.8558E-03
  2.9200E+02  8.1751E-03
  2.9300E+02  8.4802E-03
  2.9400E+02  8.7709E-03
  2.9500E+02  9.0474E-03
  2.9600E+02  9.3096E-03
  2.9700E+02  9.5576E-03
  2.9800E+02  9.7912E-03
  2.9900E+02  1.0011E-02
  3.0000E+02  1.0216E-02
  3.0100E+02  1.0406E-02
  3.0200E+02  1.0583E-02
  3.0300E+02  1.0745E-02
  3.0400E+02  1.0893E-02
  3.0500E+02  1.1027E-02
  3.0600E+02  1.1146E-02
  3.0700E+02  1.1251E-02
  3.0800E+02  1.1342E-02
  3.0900E+02  1.1419E-02
  3.1000E+02  1.1481E-02
  3.1100E+02  1.1529E-02
  3.1200E+02  1.1563E-02
  3.1300E+02  1.1582E-02
  3.1400E+02  1.1587E-02
  3.1500E+02  1.1578E-02
  3.1600E+02  1.1555E-02
  3.1700E+02  1.1517E-02
  3.1800E+02  1.1465E-02
  3.1900E+02  1.1399E-02
  3.2000E+02  1.1318E-02
  3.2100E+02  1.1223E-02
  3.2200E+02  1.1114E-02
  3.2300E+02  1.0991E-02
  3.2400E+02  1.0955E-02
  3.2500E+02  1.0973E-02
  3.2600E+02  1.0977E-02
  3.2700E+02  1.0969E-02
  3.2800E+02  1.0947E-02
  3.2900E+02  1.0912E-02
  3.3000E+02  1.0864E-02
  3.3100E+02  1.0803E-02
  3.3200E+02  1.0729E-02
  3.3300E+02  1.0641E-02
  3.3400E+02  1.0540E-02
  3.3500E+02  1.0427E-02
  3.3600E+02  1.0300E-02
  3.3700E+02  1.0160E-02
  3.3800E+02  1.0007E-02
  3.3900E+02  9.8403E-03
  3.4000E+02  9.6608E-03
  3.4100E+02  9.4682E-03
  3.4200E+02  9.2624E-03
  3.4300E+02  9.0435E-03
  3.4400E+02  8.8115E-03
  3.4500E+02  8.5663E-03
  3.4600E+02  8.3080E-03
  3.4700E+02  8.0365E-03
  3.4800E+02  7.7519E-03
  3.4900E+02  7.4541E-03
  3.5000E+02  7.1432E-03
  3.5100E+02  6.8191E-03
  3.5200E+02  6.4819E-03
  3.5300E+02  6.1316E-03
  3.5400E+02  5.7681E-03
  3.5500E+02  5.3915E-03
  3.5600E+02  5.0017E-03
  3.5700E+02  4.5988E-03
  3.5800E+02  4.1827E-03
  3.5900E+02  3.7535E-03
  3.6000E+02  3.3785E-03
  3.6100E+02  3.1977E-03
  3.6200E+02  3.0332E-03
  3.6300E+02  2.8850E-03
  3.6400E+02  2.7530E-03
  3.6500E+02  2.6372E-03
  3.6600E+02  2.5377E-03
  3.6700E+02  2.4544E-03
  3.6800E+02  2.3874E-03
  3.6900E+02  2.3366E-03
  3.7000E+02  2.3020E-03
  3.7100E+02  2.2837E-03
  3.7200E+02  2.2816E-03
  3.7300E+02  2.2958E-03
  3.7400E+02  2.3262E-03
  3.7500E+02  2.3728E-03
  3.7600E+02  2.4353E-03
  3.7700E+02  2.5055E-03
  3.7800E+02  2.5800E-03
  3.7900E+02  2.6590E-03
  3.8000E+02  2.7424E-03
  3.8100E+02  2.8302E-03
  3.8200E+02  2.9224E-03
  3.8300E+02  3.0190E-03
  3.8400E+02  3.1201E-03
  3.8500E+02  3.2256E-03
  3.8600E+02  3.3354E-03
  3.8700E+02  3.4497E-03
  3.8800E+02  3.5685E-03
  3.8900E+02  3.6916E-03
  3.9000E+02  3.8191E-03
  3.9100E+02  3.9511E-03
  3.9200E+02  4.0875E-03
  3.9300E+02  4.2283E-03
  3.9400E+02  4.3735E-03
  3.9500E+02  4.5231E-03
  3.9600E+02  4.6771E-03
  3.9700E+02  4.8356E-03
  3.9800E+02  4.9985E-03
  3.9900E+02  5.1658E-03
  4.0000E+02  5.3375E-03
  4.0100E+02  5.5136E-03
  4.0200E+02  5.6941E-03
  4.0300E+02  5.8791E-03
  4.0400E+02  6.0684E-03
  4.0500E+02  6.2622E-03
  4.0600E+02  6.4604E-03
  4.0700E+02  6.6630E-03
  4.0800E+02  6.8701E-03
  4.0900E+02  7.0815E-03
  4.1000E+02  7.2974E-03
  4.1100E+02  7.5176E-03
  4.1200E+02  7.7423E-03
  4.1300E+02  7.9714E-03
  4.1400E+02  8.2050E-03
  4.1500E+02  8.4429E-03
  4.1600E+02  8.6852E-03
  4.1700E+02  8.9345E-03
  4.1800E+02  1.0039E-02
  4.1900E+02  1.2681E-02
  4.2000E+02  1.6860E-02
  4.2100E+02  2.2576E-02
  4.2200E+02  2.9828E-02
  4.2300E+02  4.2567E-02
  4.2400E+02  5.5458E-02
  4.2500E+02  5.3362E-02
  4.2600E+02  4.4286E-02
  4.2700E+02  3.3243E-02
  4.2800E+02  2.0232E-02
  4.2900E+02  1.0946E-02
  4.3000E+02  1.0773E-02
  4.3100E+02  1.0601E-02
  4.3200E+02  1.0431E-02
  4.3300E+02  1.0262E-02
  4.3400E+02  1.0095E-02
  4.3500E+02  9.9291E-03
  4.3600E+02  9.7648E-03
  4.3700E+02  9.6020E-03
  4.3800E+02  9.4407E-03
  4.3900E+02  9.2809E-03
  4.4000E+02  9.1225E-03
  4.4100E+02  8.9656E-03
  4.4200E+02  8.8102E-03
  4.4300E+02  8.6563E-03
  4.4400E+02  8.5039E-03
  4.4500E+02  8.3529E-03
  4.4600E+02  8.2034E-03
  4.4700E+02  8.0554E-03
  4.4800E+02  7.9089E-03
  4.4900E+02  7.7638E-03
  4.5000E+02  7.6203E-03
  4.5100E+02  7.4782E-03
  4.5200E+02  7.3376E-03
  4.5300E+02  7.1984E-03
  4.5400E+02  7.0608E-03
  4.5500E+02  6.9246E-03
  4.5600E+02  6.7899E-03
  4.5700E+02  6.6567E-03
  4.5800E+02  6.5250E-03
  4.5900E+02  6.3947E-03
  4.6000E+02  6.2660E-03
  4.6100E+02  6.1387E-03
  4.6200E+02  6.0129E-03
  4.6300E+02  5.8886E-03
  4.6400E+02  5.7657E-03
  4.6500E+02  5.6443E-03
  4.6600E+02  5.5244E-03
  4.6700E+02  5.4060E-03
  4.6800E+02  5.2891E-03
  4.6900E+02  5.1736E-03
  4.7000E+02  5.0597E-03
  4.7100E+02  4.9472E-03
  4.7200E+02  4.8362E-03
  4.7300E+02  4.9730E-03
  4.7400E+02  7.3649E-03
  4.7500E+02  1.2453E-02
  4.7600E+02  2.0237E-02
  4.7700E+02  3.0718E-02
  4.7800E+02  4.3895E-02
  4.7900E+02  1.6032E-01
  4.8000E+02  1.1129E-01
  4.8100E+02  1.0144E-01
  4.8200E+02  9.0708E-02
  4.8300E+02  7.9095E-02
  4.8400E+02  6.6604E-02
  4.8500E+02  5.9083E-02
  4.8600E+02  6.1040E-02
  4.8700E+02  6.2881E-02
  4.8800E+02  6.4606E-02
  4.8900E+02  6.6215E-02
  4.9000E+02  6.7708E-02
  4.9100E+02  6.9086E-02
  4.9200E+02  7.0347E-02
  4.9300E+02  7.3703E-02
  4.9400E+02  7.8105E-02
  4.9500E+02  8.1394E-02
  4.9600E+02  8.2908E-02
  4.9700E+02  8.2484E-02
  4.9800E+02  8.0123E-02
  4.9900E+02  7.5825E-02
  5.0000E+02  6.9590E-02
  5.0100E+02  6.0927E-02
  5.0200E+02  5.2492E-02
  5.0300E+02  4.3835E-02
  5.0400E+02  3.2525E-02
  5.0500E+02  1.8561E-02
  5.0600E+02  1.0178E-02
  5.0700E+02  9.0145E-03
  5.0800E+02  7.9220E-03
  5.0900E+02  6.9000E-03
  5.1000E+02  5.9486E-03
  5.1100E+02  5.0677E-03
  5.1200E+02  4.2574E-03
  5.1300E+02  3.5176E-03
  5.1400E+02  2.8484E-03
  5.1500E+02  2.2497E-03
  5.1600E+02  1.7216E-03
  5.1700E+02  1.2640E-03
  5.1800E+02  8.7694E-04
  5.1900E+02  5.6045E-04
  5.2000E+02  3.1452E-04
  5.2100E+02  1.3913E-04
  5.2200E+02  3.4295E-05
  5.2300E+02  0.0000E+00
