  0.0000E+00  0.0000E+00
  1.0000E+00  1.0883E-07
  2.0000E+00  4.3534E-07
  3.0000E+00  9.7953E-07
  4.0000E+00  1.7414E-06
  5.0000E+00  2.7209E-06
  6.0000E+00  3.9181E-06
  7.0000E+00  5.3330E-06
  8.0000E+00  6.9656E-06
  9.0000E+00  8.8158E-06
  1.0000E+01  1.0884E-05
  1.1000E+01  1.3169E-05
  1.2000E+01  1.5673E-05
  1.3000E+01  1.8393E-05
  1.4000E+01  2.1332E-05
  1.5000E+01  2.4488E-05
  1.6000E+01  2.7862E-05
  1.7000E+01  3.1454E-05
  1.8000E+01  3.5263E-05
  1.9000E+01  3.9290E-05
  2.0000E+01  4.3535E-05
  2.1000E+01  4.7997E-05
  2.2000E+01  5.2677E-05
  2.3000E+01  5.7575E-05
  2.4000E+01  6.2690E-05
  2.5000E+01  6.8023E-05
  2.6000E+01  7.3574E-05
  2.7000E+01  7.9342E-05
  2.8000E+01  8.5328E-05
  2.9000E+01  9.1532E-05
  3.0000E+01  9.7954E-05
  3.1000E+01  1.0459E-04
  3.2000E+01  1.1145E-04
  3.3000E+01  1.1852E-04
  3.4000E+01  1.2582E-04
  3.5000E+01  1.3333E-04
  3.6000E+01  1.4105E-04
  3.7000E+01  1.4900E-04
  3.8000E+01  1.5716E-04
  3.9000E+01  1.6554E-04
  4.0000E+01  1.7414E-04
  4.1000E+01  1.8296E-04
  4.2000E+01  1.9199E-04
  4.3000E+01  2.0124E-04
  4.4000E+01  2.1071E-04
  4.5000E+01  2.2040E-04
  4.6000E+01  2.3030E-04
  4.7000E+01  2.4042E-04
  4.8000E+01  2.5076E-04
  4.9000E+01  2.6132E-04
  5.0000E+01  2.7209E-04
  5.1000E+01  2.8309E-04
  5.2000E+01  2.9430E-04
  5.3000E+01  3.0572E-04
  5.4000E+01  3.1737E-04
  5.5000E+01  3.2923E-04
  5.6000E+01  3.4131E-04
  5.7000E+01  3.5361E-04
  5.8000E+01  3.6613E-04
  5.9000E+01  3.7886E-04
  6.0000E+01  3.9181E-04
  6.1000E+01  4.0498E-04
  6.2000E+01  4.2125E-04
  6.3000E+01  5.5902E-04
  6.4000E+01  6.9150E-04
  6.5000E+01  8.1868E-04
  6.6000E+01  9.4056E-04
  6.7000E+01  1.0572E-03
  6.8000E+01  1.1684E-03
  6.9000E+01  1.2744E-03
  7.0000E+01  1.3752E-03
  7.1000E+01  1.4706E-03
  7.2000E+01  1.5607E-03
  7.3000E+01  1.6455E-03
  7.4000E+01  1.7250E-03
  7.5000E+01  1.7992E-03
  7.6000E+01  1.8682E-03
  7.7000E+01  1.9318E-03
  7.8000E+01  1.9901E-03
  7.9000E+01  2.0432E-03
  8.0000E+01  2.0909E-03
  8.1000E+01  2.1525E-03
  8.2000E+01  2.2342E-03
  8.3000E+01  2.3174E-03
  8.4000E+01  2.4024E-03
  8.5000E+01  2.4890E-03
  8.6000E+01  2.5772E-03
  8.7000E+01  2.6672E-03
  8.8000E+01  2.7587E-03
  8.9000E+01  2.8520E-03
  9.0000E+01  2.9469E-03
  9.1000E+01  3.0607E-03
  9.2000E+01  3.2683E-03
  9.3000E+01  3.5023E-03
  9.4000E+01  3.7448E-03
  9.5000E+01  3.9957E-03
  9.6000E+01  4.2552E-03
  9.7000E+01  4.5231E-03
  9.8000E+01  4.7995E-03
  9.9000E+01  5.0844E-03
  1.0000E+02  5.3778E-03
  1.0100E+02  5.7010E-03
  1.0200E+02  6.1845E-03
  1.0300E+02  6.6805E-03
  1.0400E+02  7.1768E-03
  1.0500E+02  7.6733E-03
  1.0600E+02  8.1700E-03
  1.0700E+02  8.6397E-03
  1.0800E+02  9.1125E-03
  1.0900E+02  9.5951E-03
  1.1000E+02  1.0087E-02
  1.1100E+02  1.0590E-02
  1.1200E+02  1.1102E-02
  1.1300E+02  1.1624E-02
  1.1400E+02  1.2155E-02
  1.1500E+02  1.3915E-02
  1.1600E+02  1.4792E-02
  1.1700E+02  1.5362E-02
  1.1800E+02  1.6220E-02
  1.1900E+02  1.7041E-02
  1.2000E+02  2.0886E-02
  1.2100E+02  1.9773E-02
  1.2200E+02  1.7160E-02
  1.2300E+02  1.7072E-02
  1.2400E+02  1.7381E-02
  1.2500E+02  1.8054E-02
  1.2600E+02  1.8719E-02
  1.2700E+02  1.9168E-02
  1.2800E+02  1.9401E-02
  1.2900E+02  1.9418E-02
  1.3000E+02  1.9484E-02
  1.3100E+02  1.9810E-02
  1.3200E+02  2.1820E-02
  1.3300E+02  2.4779E-02
  1.3400E+02  2.6592E-02
  1.3500E+02  2.7175E-02
  1.3600E+02  2.7080E-02
  1.3700E+02  2.7753E-02
  1.3800E+02  2.8518E-02
  1.3900E+02  2.9003E-02
  1.4000E+02  2.8907E-02
  1.4100E+02  2.8672E-02
  1.4200E+02  2.8436E-02
  1.4300E+02  2.8199E-02
  1.4400E+02  2.8894E-02
  1.4500E+02  2.9270E-02
  1.4600E+02  2.9155E-02
  1.4700E+02  2.9048E-02
  1.4800E+02  2.8541E-02
  1.4900E+02  2.7761E-02
  1.5000E+02  2.7358E-02
  1.5100E+02  3.1731E-02
  1.5200E+02  2.6113E-02
  1.5300E+02  2.5727E-02
  1.5400E+02  2.5384E-02
  1.5500E+02  2.5115E-02
  1.5600E+02  2.4767E-02
  1.5700E+02  2.4340E-02
  1.5800E+02  2.3836E-02
  1.5900E+02  2.3254E-02
  1.6000E+02  2.2775E-02
  1.6100E+02  2.2442E-02
  1.6200E+02  2.2104E-02
  1.6300E+02  2.1789E-02
  1.6400E+02  2.1516E-02
  1.6500E+02  2.1287E-02
  1.6600E+02  2.5456E-02
  1.6700E+02  2.7989E-02
  1.6800E+02  1.8630E-02
  1.6900E+02  1.5147E-02
  1.7000E+02  1.5031E-02
  1.7100E+02  1.4924E-02
  1.7200E+02  1.4828E-02
  1.7300E+02  1.4741E-02
  1.7400E+02  1.4664E-02
  1.7500E+02  1.4597E-02
  1.7600E+02  1.4540E-02
  1.7700E+02  1.4494E-02
  1.7800E+02  1.4464E-02
  1.7900E+02  1.4444E-02
  1.8000E+02  1.4433E-02
  1.8100E+02  1.4437E-02
  1.8200E+02  1.4493E-02
  1.8300E+02  1.4548E-02
  1.8400E+02  1.4603E-02
  1.8500E+02  1.4658E-02
  1.8600E+02  1.4713E-02
  1.8700E+02  1.4769E-02
  1.8800E+02  1.4824E-02
  1.8900E+02  1.4835E-02
  1.9000E+02  1.4851E-02
  1.9100E+02  1.4883E-02
  1.9200E+02  1.4931E-02
  1.9300E+02  1.4994E-02
  1.9400E+02  1.5078E-02
  1.9500E+02  1.5184E-02
  1.9600E+02  1.5338E-02
  1.9700E+02  1.5545E-02
  1.9800E+02  1.5826E-02
  1.9900E+02  1.6244E-02
  2.0000E+02  1.6805E-02
  2.0100E+02  1.7508E-02
  2.0200E+02  1.8352E-02
  2.0300E+02  1.8012E-02
  2.0400E+02  1.6020E-02
  2.0500E+02  1.2976E-02
  2.0600E+02  8.3986E-03
  2.0700E+02  2.6550E-03
  2.0800E+02  1.2839E-03
  2.0900E+02  1.3032E-03
  2.1000E+02  1.3230E-03
  2.1100E+02  1.3434E-03
  2.1200E+02  1.3642E-03
  2.1300E+02  1.3856E-03
  2.1400E+02  1.4074E-03
  2.1500E+02  1.4298E-03
  2.1600E+02  1.4526E-03
  2.1700E+02  1.4760E-03
  2.1800E+02  1.4998E-03
  2.1900E+02  1.5242E-03
  2.2000E+02  1.5490E-03
  2.2100E+02  1.5744E-03
  2.2200E+02  1.6003E-03
  2.2300E+02  1.6266E-03
  2.2400E+02  1.6535E-03
  2.2500E+02  1.6809E-03
  2.2600E+02  1.7088E-03
  2.2700E+02  1.7372E-03
  2.2800E+02  1.7660E-03
  2.2900E+02  1.7954E-03
  2.3000E+02  1.8253E-03
  2.3100E+02  1.8557E-03
  2.3200E+02  1.8866E-03
  2.3300E+02  1.9180E-03
  2.3400E+02  1.9499E-03
  2.3500E+02  1.9824E-03
  2.3600E+02  2.0161E-03
  2.3700E+02  2.0511E-03
  2.3800E+02  2.0873E-03
  2.3900E+02  2.1249E-03
  2.4000E+02  2.1638E-03
  2.4100E+02  2.2039E-03
  2.4200E+02  2.2454E-03
  2.4300E+02  2.2881E-03
  2.4400E+02  2.3321E-03
  2.4500E+02  2.3774E-03
  2.4600E+02  2.4240E-03
  2.4700E+02  2.4719E-03
  2.4800E+02  2.5210E-03
  2.4900E+02  2.5712E-03
  2.5000E+02  2.6151E-03
  2.5100E+02  2.6551E-03
  2.5200E+02  2.6911E-03
  2.5300E+02  2.7232E-03
  2.5400E+02  2.7513E-03
  2.5500E+02  2.7755E-03
  2.5600E+02  2.7957E-03
  2.5700E+02  2.8120E-03
  2.5800E+02  2.8398E-03
  2.5900E+02  2.8889E-03
  2.6000E+02  2.9386E-03
  2.6100E+02  2.9890E-03
  2.6200E+02  3.0401E-03
  2.6300E+02  3.0917E-03
  2.6400E+02  3.1441E-03
  2.6500E+02  3.1970E-03
  2.6600E+02  3.2506E-03
  2.6700E+02  3.3049E-03
  2.6800E+02  3.3598E-03
  2.6900E+02  3.4153E-03
  2.7000E+02  3.4715E-03
  2.7100E+02  3.5284E-03
  2.7200E+02  3.5859E-03
  2.7300E+02  3.6440E-03
  2.7400E+02  3.7027E-03
  2.7500E+02  3.7622E-03
  2.7600E+02  3.8222E-03
  2.7700E+02  3.8829E-03
  2.7800E+02  3.9443E-03
  2.7900E+02  4.0063E-03
  2.8000E+02  4.0689E-03
  2.8100E+02  4.1322E-03
  2.8200E+02  4.1961E-03
  2.8300E+02  4.2607E-03
  2.8400E+02  4.3259E-03
  2.8500E+02  4.3917E-03
  2.8600E+02  4.4730E-03
  2.8700E+02  4.5900E-03
  2.8800E+02  4.7429E-03
  2.8900E+02  4.9176E-03
  2.9000E+02  5.0737E-03
  2.9100E+02  5.2069E-03
  2.9200E+02  5.3248E-03
  2.9300E+02  5.4409E-03
  2.9400E+02  5.5550E-03
  2.9500E+02  5.6673E-03
  2.9600E+02  5.7776E-03
  2.9700E+02  5.8861E-03
  2.9800E+02  5.9927E-03
  2.9900E+02  6.0974E-03
  3.0000E+02  6.2004E-03
  3.0100E+02  6.3184E-03
  3.0200E+02  6.4445E-03
  3.0300E+02  6.5788E-03
  3.0400E+02  6.7211E-03
  3.0500E+02  6.8715E-03
  3.0600E+02  7.0301E-03
  3.0700E+02  7.1967E-03
  3.0800E+02  7.3714E-03
  3.0900E+02  7.5542E-03
  3.1000E+02  7.7451E-03
  3.1100E+02  7.9441E-03
  3.1200E+02  8.1512E-03
  3.1300E+02  8.3664E-03
  3.1400E+02  8.5897E-03
  3.1500E+02  8.8211E-03
  3.1600E+02  9.0606E-03
  3.1700E+02  9.3082E-03
  3.1800E+02  9.5639E-03
  3.1900E+02  9.8277E-03
  3.2000E+02  1.0100E-02
  3.2100E+02  1.0380E-02
  3.2200E+02  1.0668E-02
  3.2300E+02  1.0964E-02
  3.2400E+02  1.1274E-02
  3.2500E+02  1.1638E-02
  3.2600E+02  1.2209E-02
  3.2700E+02  1.3020E-02
  3.2800E+02  1.4255E-02
  3.2900E+02  1.5587E-02
  3.3000E+02  1.6931E-02
  3.3100E+02  1.7940E-02
  3.3200E+02  1.8521E-02
  3.3300E+02  1.8676E-02
  3.3400E+02  1.8733E-02
  3.3500E+02  1.7742E-02
  3.3600E+02  1.6748E-02
  3.3700E+02  1.5749E-02
  3.3800E+02  1.4747E-02
  3.3900E+02  1.3741E-02
  3.4000E+02  1.2730E-02
  3.4100E+02  1.1716E-02
  3.4200E+02  1.0699E-02
  3.4300E+02  9.6767E-03
  3.4400E+02  8.8047E-03
  3.4500E+02  8.4635E-03
  3.4600E+02  8.1338E-03
  3.4700E+02  7.8131E-03
  3.4800E+02  7.5014E-03
  3.4900E+02  7.1986E-03
  3.5000E+02  6.9048E-03
  3.5100E+02  6.6201E-03
  3.5200E+02  6.3443E-03
  3.5300E+02  6.0774E-03
  3.5400E+02  5.8196E-03
  3.5500E+02  5.5708E-03
  3.5600E+02  5.3309E-03
  3.5700E+02  5.1000E-03
  3.5800E+02  4.8781E-03
  3.5900E+02  4.6652E-03
  3.6000E+02  4.4613E-03
  3.6100E+02  4.2663E-03
  3.6200E+02  4.0778E-03
  3.6300E+02  3.8939E-03
  3.6400E+02  3.7146E-03
  3.6500E+02  3.5400E-03
  3.6600E+02  3.3700E-03
  3.6700E+02  3.2047E-03
  3.6800E+02  3.0440E-03
  3.6900E+02  2.9840E-03
  3.7000E+02  2.9150E-03
  3.7100E+02  2.8010E-03
  3.7200E+02  2.6970E-03
  3.7300E+02  2.6064E-03
  3.7400E+02  2.5292E-03
  3.7500E+02  2.4654E-03
  3.7600E+02  2.4150E-03
  3.7700E+02  2.3767E-03
  3.7800E+02  2.3496E-03
  3.7900E+02  2.3337E-03
  3.8000E+02  2.3290E-03
  3.8100E+02  2.3355E-03
  3.8200E+02  2.3532E-03
  3.8300E+02  2.3907E-03
  3.8400E+02  2.5240E-03
  3.8500E+02  2.7710E-03
  3.8600E+02  3.1317E-03
  3.8700E+02  3.6060E-03
  3.8800E+02  4.3795E-03
  3.8900E+02  5.4340E-03
  3.9000E+02  6.7535E-03
  3.9100E+02  8.3382E-03
  3.9200E+02  1.0188E-02
  3.9300E+02  1.2252E-02
  3.9400E+02  1.2852E-02
  3.9500E+02  1.1400E-02
  3.9600E+02  1.0916E-02
  3.9700E+02  1.0751E-02
  3.9800E+02  1.0663E-02
  3.9900E+02  1.0651E-02
  4.0000E+02  1.0715E-02
  4.0100E+02  1.0761E-02
  4.0200E+02  1.0794E-02
  4.0300E+02  1.0872E-02
  4.0400E+02  1.0997E-02
  4.0500E+02  1.1160E-02
  4.0600E+02  1.1281E-02
  4.0700E+02  1.1395E-02
  4.0800E+02  1.1503E-02
  4.0900E+02  1.1605E-02
  4.1000E+02  1.1702E-02
  4.1100E+02  1.1792E-02
  4.1200E+02  1.1876E-02
  4.1300E+02  1.1954E-02
  4.1400E+02  1.2025E-02
  4.1500E+02  1.2091E-02
  4.1600E+02  1.2151E-02
  4.1700E+02  1.2205E-02
  4.1800E+02  1.2259E-02
  4.1900E+02  1.2317E-02
  4.2000E+02  1.2378E-02
  4.2100E+02  1.2442E-02
  4.2200E+02  1.2509E-02
  4.2300E+02  1.2580E-02
  4.2400E+02  1.4201E-02
  4.2500E+02  1.5380E-02
  4.2600E+02  1.5644E-02
  4.2700E+02  1.5739E-02
  4.2800E+02  1.5580E-02
  4.2900E+02  1.5110E-02
  4.3000E+02  1.4385E-02
  4.3100E+02  1.1252E-02
  4.3200E+02  1.0846E-02
  4.3300E+02  1.0415E-02
  4.3400E+02  9.9585E-03
  4.3500E+02  9.6074E-03
  4.3600E+02  9.4688E-03
  4.3700E+02  9.3316E-03
  4.3800E+02  9.1960E-03
  4.3900E+02  9.0618E-03
  4.4000E+02  8.9292E-03
  4.4100E+02  8.7981E-03
  4.4200E+02  8.6685E-03
  4.4300E+02  8.5404E-03
  4.4400E+02  8.4138E-03
  4.4500E+02  8.2888E-03
  4.4600E+02  8.1652E-03
  4.4700E+02  8.0432E-03
  4.4800E+02  7.9227E-03
  4.4900E+02  7.8037E-03
  4.5000E+02  7.6862E-03
  4.5100E+02  7.5702E-03
  4.5200E+02  7.4557E-03
  4.5300E+02  7.3428E-03
  4.5400E+02  7.2314E-03
  4.5500E+02  7.1214E-03
  4.5600E+02  7.0130E-03
  4.5700E+02  6.9061E-03
  4.5800E+02  6.8007E-03
  4.5900E+02  6.7066E-03
  4.6000E+02  6.7770E-03
  4.6100E+02  6.9403E-03
  4.6200E+02  6.9378E-03
  4.6300E+02  7.0089E-03
  4.6400E+02  7.1537E-03
  4.6500E+02  8.1866E-03
  4.6600E+02  1.1424E-02
  4.6700E+02  7.0591E-03
  4.6800E+02  6.3726E-03
  4.6900E+02  6.0361E-03
  4.7000E+02  5.9076E-03
  4.7100E+02  5.7820E-03
  4.7200E+02  5.6577E-03
  4.7300E+02  5.5346E-03
  4.7400E+02  1.0044E-02
  4.7500E+02  2.5865E-02
  4.7600E+02  3.9940E-02
  4.7700E+02  5.6243E-02
  4.7800E+02  1.0862E-01
  4.7900E+02  8.4960E-02
  4.8000E+02  6.9601E-02
  4.8100E+02  6.8852E-02
  4.8200E+02  7.0201E-02
  4.8300E+02  7.1194E-02
  4.8400E+02  7.1875E-02
  4.8500E+02  7.2856E-02
  4.8600E+02  7.2501E-02
  4.8700E+02  7.3235E-02
  4.8800E+02  7.4204E-02
  4.8900E+02  7.5030E-02
  4.9000E+02  7.5782E-02
  4.9100E+02  7.9159E-02
  4.9200E+02  1.0116E-01
  4.9300E+02  8.6553E-02
  4.9400E+02  8.0630E-02
  4.9500E+02  7.6122E-02
  4.9600E+02  7.1824E-02
  4.9700E+02  6.7274E-02
  4.9800E+02  6.3709E-02
  4.9900E+02  7.4068E-02
  5.0000E+02  6.2240E-02
  5.0100E+02  3.9330E-02
  5.0200E+02  2.9463E-02
  5.0300E+02  2.5953E-02
  5.0400E+02  2.3027E-02
  5.0500E+02  2.0545E-02
  5.0600E+02  1.8551E-02
  5.0700E+02  1.7293E-02
  5.0800E+02  1.5193E-02
  5.0900E+02  1.2191E-02
  5.1000E+02  1.1044E-02
  5.1100E+02  9.8935E-03
  5.1200E+02  8.7398E-03
  5.1300E+02  7.5828E-03
  5.1400E+02  6.4227E-03
  5.1500E+02  5.2593E-03
  5.1600E+02  4.3334E-03
  5.1700E+02  4.9053E-03
  5.1800E+02  2.3203E-03
  5.1900E+02  1.0823E-03
  5.2000E+02  6.0737E-04
  5.2100E+02  2.6868E-04
  5.2200E+02  6.6227E-05
  5.2300E+02  0.0000E+00
