 -1.8979E-05  0.0000E+00
  9.9998E-01  1.3107E-07
  2.0000E+00  5.2430E-07
  3.0000E+00  1.1797E-06
  4.0000E+00  2.0972E-06
  5.0000E+00  3.2769E-06
  6.0000E+00  4.7187E-06
  7.0000E+00  6.4226E-06
  8.0000E+00  8.3888E-06
  9.0000E+00  1.0617E-05
  1.0000E+01  1.3107E-05
  1.1000E+01  1.5860E-05
  1.2000E+01  1.8875E-05
  1.3000E+01  2.2152E-05
  1.4000E+01  2.5691E-05
  1.5000E+01  2.9492E-05
  1.6000E+01  3.3555E-05
  1.7000E+01  3.7880E-05
  1.8000E+01  4.2468E-05
  1.9000E+01  4.7318E-05
  2.0000E+01  5.2430E-05
  2.1000E+01  5.7804E-05
  2.2000E+01  6.3440E-05
  2.3000E+01  6.9338E-05
  2.4000E+01  7.5499E-05
  2.5000E+01  8.1921E-05
  2.6000E+01  8.8606E-05
  2.7000E+01  9.5553E-05
  2.8000E+01  1.0276E-04
  2.9000E+01  1.1023E-04
  3.0000E+01  1.1797E-04
  3.1000E+01  1.2596E-04
  3.2000E+01  1.3422E-04
  3.3000E+01  1.4274E-04
  3.4000E+01  1.5152E-04
  3.5000E+01  1.6057E-04
  3.6000E+01  1.6987E-04
  3.7000E+01  1.7944E-04
  3.8000E+01  1.8927E-04
  3.9000E+01  1.9936E-04
  4.0000E+01  2.0972E-04
  4.1000E+01  2.2034E-04
  4.2000E+01  2.3122E-04
  4.3000E+01  2.4236E-04
  4.4000E+01  2.5376E-04
  4.5000E+01  2.6543E-04
  4.6000E+01  2.7735E-04
  4.7000E+01  2.8954E-04
  4.8000E+01  3.0200E-04
  4.9000E+01  3.1471E-04
  5.0000E+01  3.2769E-04
  5.1000E+01  3.7479E-04
  5.2000E+01  4.7904E-04
  5.3000E+01  5.7878E-04
  5.4000E+01  6.7401E-04
  5.5000E+01  7.6474E-04
  5.6000E+01  8.5095E-04
  5.7000E+01  9.3266E-04
  5.8000E+01  1.0099E-03
  5.9000E+01  1.0825E-03
  6.0000E+01  1.1507E-03
  6.1000E+01  1.2144E-03
  6.2000E+01  1.2736E-03
  6.3000E+01  1.3282E-03
  6.4000E+01  1.3784E-03
  6.5000E+01  1.4240E-03
  6.6000E+01  1.4651E-03
  6.7000E+01  1.5018E-03
  6.8000E+01  1.5339E-03
  6.9000E+01  1.5858E-03
  7.0000E+01  1.6459E-03
  7.1000E+01  1.7067E-03
  7.2000E+01  1.7683E-03
  7.3000E+01  1.8307E-03
  7.4000E+01  1.8944E-03
  7.5000E+01  1.9622E-03
  7.6000E+01  2.0342E-03
  7.7000E+01  2.1104E-03
  7.8000E+01  2.1908E-03
  7.9000E+01  2.2755E-03
  8.0000E+01  2.3644E-03
  8.1000E+01  2.4575E-03
  8.2000E+01  2.5549E-03
  8.3000E+01  2.6564E-03
  8.4000E+01  2.7622E-03
  8.5000E+01  2.8723E-03
  8.6000E+01  2.9866E-03
  8.7000E+01  3.1109E-03
  8.8000E+01  3.2553E-03
  8.9000E+01  3.4199E-03
  9.0000E+01  3.6046E-03
  9.1000E+01  3.8096E-03
  9.2000E+01  4.0347E-03
  9.3000E+01  4.2800E-03
  9.4000E+01  4.5455E-03
  9.5000E+01  4.8311E-03
  9.6000E+01  5.1370E-03
  9.7000E+01  5.4088E-03
  9.8000E+01  5.7169E-03
  9.9000E+01  6.0618E-03
  1.0000E+02  6.4783E-03
  1.0100E+02  7.7781E-03
  1.0200E+02  9.2851E-03
  1.0300E+02  9.5205E-03
  1.0400E+02  1.0492E-02
  1.0500E+02  1.1089E-02
  1.0600E+02  1.1564E-02
  1.0700E+02  1.2077E-02
  1.0800E+02  1.2578E-02
  1.0900E+02  1.3066E-02
  1.1000E+02  1.3624E-02
  1.1100E+02  1.4326E-02
  1.1200E+02  1.4984E-02
  1.1300E+02  1.5600E-02
  1.1400E+02  1.6172E-02
  1.1500E+02  1.6701E-02
  1.1600E+02  1.7940E-02
  1.1700E+02  1.5750E-02
  1.1800E+02  1.6122E-02
  1.1900E+02  1.6485E-02
  1.2000E+02  1.6838E-02
  1.2100E+02  1.7182E-02
  1.2200E+02  1.7515E-02
  1.2300E+02  1.7840E-02
  1.2400E+02  1.8149E-02
  1.2500E+02  1.8407E-02
  1.2600E+02  1.8655E-02
  1.2700E+02  1.8917E-02
  1.2800E+02  1.9235E-02
  1.2900E+02  1.9618E-02
  1.3000E+02  2.0880E-02
  1.3100E+02  2.1949E-02
  1.3200E+02  2.1958E-02
  1.3300E+02  2.2329E-02
  1.3400E+02  2.2829E-02
  1.3500E+02  2.4228E-02
  1.3600E+02  2.6480E-02
  1.3700E+02  2.9469E-02
  1.3800E+02  2.8949E-02
  1.3900E+02  2.9053E-02
  1.4000E+02  2.8184E-02
  1.4100E+02  2.7668E-02
  1.4200E+02  2.7867E-02
  1.4300E+02  2.8014E-02
  1.4400E+02  2.8103E-02
  1.4500E+02  2.8052E-02
  1.4600E+02  2.7847E-02
  1.4700E+02  2.7812E-02
  1.4800E+02  2.7697E-02
  1.4900E+02  2.7507E-02
  1.5000E+02  2.7308E-02
  1.5100E+02  2.7097E-02
  1.5200E+02  2.6874E-02
  1.5300E+02  2.6638E-02
  1.5400E+02  2.6391E-02
  1.5500E+02  2.7069E-02
  1.5600E+02  2.5889E-02
  1.5700E+02  2.6547E-02
  1.5800E+02  2.4901E-02
  1.5900E+02  2.2898E-02
  1.6000E+02  2.1847E-02
  1.6100E+02  2.0764E-02
  1.6200E+02  2.0120E-02
  1.6300E+02  1.8288E-02
  1.6400E+02  1.6882E-02
  1.6500E+02  1.6062E-02
  1.6600E+02  1.5910E-02
  1.6700E+02  1.5768E-02
  1.6800E+02  1.5627E-02
  1.6900E+02  1.5481E-02
  1.7000E+02  1.5330E-02
  1.7100E+02  1.5175E-02
  1.7200E+02  1.5016E-02
  1.7300E+02  1.4852E-02
  1.7400E+02  1.4683E-02
  1.7500E+02  1.4510E-02
  1.7600E+02  1.4333E-02
  1.7700E+02  1.4434E-02
  1.7800E+02  1.4384E-02
  1.7900E+02  1.4330E-02
  1.8000E+02  1.4274E-02
  1.8100E+02  1.4213E-02
  1.8200E+02  1.4149E-02
  1.8300E+02  1.4080E-02
  1.8400E+02  1.4007E-02
  1.8500E+02  1.3928E-02
  1.8600E+02  1.3845E-02
  1.8700E+02  1.3757E-02
  1.8800E+02  1.3503E-02
  1.8900E+02  1.3568E-02
  1.9000E+02  1.3626E-02
  1.9100E+02  1.3823E-02
  1.9200E+02  1.4495E-02
  1.9300E+02  1.5973E-02
  1.9400E+02  1.7660E-02
  1.9500E+02  1.9722E-02
  1.9600E+02  2.0522E-02
  1.9700E+02  1.9362E-02
  1.9800E+02  1.6942E-02
  1.9900E+02  1.5488E-02
  2.0000E+02  1.4038E-02
  2.0100E+02  1.2593E-02
  2.0200E+02  1.1152E-02
  2.0300E+02  9.7148E-03
  2.0400E+02  8.2823E-03
  2.0500E+02  6.8541E-03
  2.0600E+02  5.4302E-03
  2.0700E+02  3.7158E-03
  2.0800E+02  3.2026E-03
  2.0900E+02  2.7543E-03
  2.1000E+02  2.3710E-03
  2.1100E+02  2.0527E-03
  2.1200E+02  1.7995E-03
  2.1300E+02  1.6113E-03
  2.1400E+02  1.4882E-03
  2.1500E+02  1.4301E-03
  2.1600E+02  1.4354E-03
  2.1700E+02  1.4601E-03
  2.1800E+02  1.4853E-03
  2.1900E+02  1.5110E-03
  2.2000E+02  1.5371E-03
  2.2100E+02  1.5637E-03
  2.2200E+02  1.5907E-03
  2.2300E+02  1.6182E-03
  2.2400E+02  1.6460E-03
  2.2500E+02  1.6741E-03
  2.2600E+02  1.7026E-03
  2.2700E+02  1.7315E-03
  2.2800E+02  1.7607E-03
  2.2900E+02  1.7903E-03
  2.3000E+02  1.8202E-03
  2.3100E+02  1.8505E-03
  2.3200E+02  1.8811E-03
  2.3300E+02  1.9121E-03
  2.3400E+02  1.9407E-03
  2.3500E+02  1.9653E-03
  2.3600E+02  1.9862E-03
  2.3700E+02  2.0031E-03
  2.3800E+02  2.0162E-03
  2.3900E+02  2.0350E-03
  2.4000E+02  2.0699E-03
  2.4100E+02  2.1050E-03
  2.4200E+02  2.1404E-03
  2.4300E+02  2.1761E-03
  2.4400E+02  2.2122E-03
  2.4500E+02  2.2485E-03
  2.4600E+02  2.2852E-03
  2.4700E+02  2.3221E-03
  2.4800E+02  2.3594E-03
  2.4900E+02  2.3970E-03
  2.5000E+02  2.4348E-03
  2.5100E+02  2.4730E-03
  2.5200E+02  2.5115E-03
  2.5300E+02  2.5503E-03
  2.5400E+02  2.5894E-03
  2.5500E+02  2.6288E-03
  2.5600E+02  2.6686E-03
  2.5700E+02  2.7086E-03
  2.5800E+02  2.7489E-03
  2.5900E+02  2.7896E-03
  2.6000E+02  2.8305E-03
  2.6100E+02  2.8718E-03
  2.6200E+02  2.9133E-03
  2.6300E+02  2.9552E-03
  2.6400E+02  2.9974E-03
  2.6500E+02  3.0398E-03
  2.6600E+02  3.0826E-03
  2.6700E+02  3.1536E-03
  2.6800E+02  3.2714E-03
  2.6900E+02  3.3404E-03
  2.7000E+02  3.4051E-03
  2.7100E+02  3.4690E-03
  2.7200E+02  3.5320E-03
  2.7300E+02  3.5942E-03
  2.7400E+02  3.6555E-03
  2.7500E+02  3.7160E-03
  2.7600E+02  3.7756E-03
  2.7700E+02  3.8343E-03
  2.7800E+02  3.8922E-03
  2.7900E+02  3.9493E-03
  2.8000E+02  4.0055E-03
  2.8100E+02  4.0608E-03
  2.8200E+02  4.1153E-03
  2.8300E+02  4.1689E-03
  2.8400E+02  4.2217E-03
  2.8500E+02  4.2811E-03
  2.8600E+02  4.3435E-03
  2.8700E+02  4.4084E-03
  2.8800E+02  4.4758E-03
  2.8900E+02  4.5457E-03
  2.9000E+02  4.6182E-03
  2.9100E+02  4.6932E-03
  2.9200E+02  4.7707E-03
  2.9300E+02  4.8507E-03
  2.9400E+02  4.9333E-03
  2.9500E+02  5.0184E-03
  2.9600E+02  5.1060E-03
  2.9700E+02  5.1962E-03
  2.9800E+02  5.2889E-03
  2.9900E+02  5.3844E-03
  3.0000E+02  5.4826E-03
  3.0100E+02  5.5835E-03
  3.0200E+02  5.6876E-03
  3.0300E+02  5.7953E-03
  3.0400E+02  5.9065E-03
  3.0500E+02  6.0211E-03
  3.0600E+02  6.1391E-03
  3.0700E+02  6.2619E-03
  3.0800E+02  6.3926E-03
  3.0900E+02  6.5313E-03
  3.1000E+02  6.6772E-03
  3.1100E+02  6.8485E-03
  3.1200E+02  7.0491E-03
  3.1300E+02  7.2786E-03
  3.1400E+02  7.5131E-03
  3.1500E+02  7.7381E-03
  3.1600E+02  7.9535E-03
  3.1700E+02  8.1592E-03
  3.1800E+02  8.3554E-03
  3.1900E+02  8.5420E-03
  3.2000E+02  8.7894E-03
  3.2100E+02  9.0651E-03
  3.2200E+02  9.3593E-03
  3.2300E+02  9.6719E-03
  3.2400E+02  1.0003E-02
  3.2500E+02  1.0352E-02
  3.2600E+02  1.0720E-02
  3.2700E+02  1.1145E-02
  3.2800E+02  1.1644E-02
  3.2900E+02  1.2158E-02
  3.3000E+02  1.2685E-02
  3.3100E+02  1.3226E-02
  3.3200E+02  1.3781E-02
  3.3300E+02  1.4351E-02
  3.3400E+02  1.5265E-02
  3.3500E+02  1.6302E-02
  3.3600E+02  1.6633E-02
  3.3700E+02  1.6521E-02
  3.3800E+02  1.6627E-02
  3.3900E+02  1.6950E-02
  3.4000E+02  1.7491E-02
  3.4100E+02  1.6539E-02
  3.4200E+02  1.5748E-02
  3.4300E+02  1.5036E-02
  3.4400E+02  1.4473E-02
  3.4500E+02  1.3538E-02
  3.4600E+02  1.1467E-02
  3.4700E+02  1.0907E-02
  3.4800E+02  1.0377E-02
  3.4900E+02  9.8772E-03
  3.5000E+02  9.4081E-03
  3.5100E+02  8.9693E-03
  3.5200E+02  8.5610E-03
  3.5300E+02  8.1830E-03
  3.5400E+02  7.8355E-03
  3.5500E+02  7.4893E-03
  3.5600E+02  7.1363E-03
  3.5700E+02  6.7882E-03
  3.5800E+02  6.4450E-03
  3.5900E+02  6.1065E-03
  3.6000E+02  5.7729E-03
  3.6100E+02  5.4442E-03
  3.6200E+02  5.1202E-03
  3.6300E+02  3.9201E-03
  3.6400E+02  3.7148E-03
  3.6500E+02  3.5101E-03
  3.6600E+02  3.3057E-03
  3.6700E+02  2.9933E-03
  3.6800E+02  2.6368E-03
  3.6900E+02  2.2545E-03
  3.7000E+02  1.8466E-03
  3.7100E+02  1.7505E-03
  3.7200E+02  1.7029E-03
  3.7300E+02  1.6543E-03
  3.7400E+02  1.6048E-03
  3.7500E+02  1.5542E-03
  3.7600E+02  1.5027E-03
  3.7700E+02  1.4502E-03
  3.7800E+02  1.8908E-03
  3.7900E+02  3.3849E-03
  3.8000E+02  4.3057E-03
  3.8100E+02  5.2971E-03
  3.8200E+02  5.7850E-03
  3.8300E+02  6.1695E-03
  3.8400E+02  6.4504E-03
  3.8500E+02  6.6330E-03
  3.8600E+02  6.8209E-03
  3.8700E+02  7.0511E-03
  3.8800E+02  7.3311E-03
  3.8900E+02  7.4862E-03
  3.9000E+02  7.7678E-03
  3.9100E+02  8.0353E-03
  3.9200E+02  8.2887E-03
  3.9300E+02  8.5279E-03
  3.9400E+02  8.7530E-03
  3.9500E+02  8.9640E-03
  3.9600E+02  9.1609E-03
  3.9700E+02  9.3437E-03
  3.9800E+02  9.5123E-03
  3.9900E+02  9.6668E-03
  4.0000E+02  9.8072E-03
  4.0100E+02  9.9335E-03
  4.0200E+02  1.0046E-02
  4.0300E+02  1.0144E-02
  4.0400E+02  1.0251E-02
  4.0500E+02  1.0628E-02
  4.0600E+02  1.1041E-02
  4.0700E+02  1.1404E-02
  4.0800E+02  1.1813E-02
  4.0900E+02  1.2241E-02
  4.1000E+02  1.2688E-02
  4.1100E+02  1.3154E-02
  4.1200E+02  1.3638E-02
  4.1300E+02  1.4142E-02
  4.1400E+02  1.4665E-02
  4.1500E+02  1.8966E-02
  4.1600E+02  1.3767E-02
  4.1700E+02  1.3155E-02
  4.1800E+02  1.2734E-02
  4.1900E+02  1.2791E-02
  4.2000E+02  1.2624E-02
  4.2100E+02  1.2531E-02
  4.2200E+02  1.2431E-02
  4.2300E+02  1.2325E-02
  4.2400E+02  1.2212E-02
  4.2500E+02  1.2092E-02
  4.2600E+02  1.1966E-02
  4.2700E+02  1.1834E-02
  4.2800E+02  1.1694E-02
  4.2900E+02  1.1549E-02
  4.3000E+02  1.1396E-02
  4.3100E+02  1.1237E-02
  4.3200E+02  1.1072E-02
  4.3300E+02  1.0922E-02
  4.3400E+02  1.0803E-02
  4.3500E+02  1.0593E-02
  4.3600E+02  1.0292E-02
  4.3700E+02  9.8998E-03
  4.3800E+02  9.6666E-03
  4.3900E+02  9.4706E-03
  4.4000E+02  9.3005E-03
  4.4100E+02  9.1572E-03
  4.4200E+02  9.0401E-03
  4.4300E+02  8.9713E-03
  4.4400E+02  8.9760E-03
  4.4500E+02  8.9091E-03
  4.4600E+02  8.8265E-03
  4.4700E+02  8.9391E-03
  4.4800E+02  9.1184E-03
  4.4900E+02  8.5877E-03
  4.5000E+02  7.6894E-03
  4.5100E+02  7.5314E-03
  4.5200E+02  7.3753E-03
  4.5300E+02  7.2211E-03
  4.5400E+02  7.0689E-03
  4.5500E+02  6.9186E-03
  4.5600E+02  6.7702E-03
  4.5700E+02  6.6237E-03
  4.5800E+02  6.4792E-03
  4.5900E+02  6.3366E-03
  4.6000E+02  6.1959E-03
  4.6100E+02  6.0572E-03
  4.6200E+02  5.9204E-03
  4.6300E+02  5.7861E-03
  4.6400E+02  5.6548E-03
  4.6500E+02  5.5266E-03
  4.6600E+02  5.4016E-03
  4.6700E+02  5.2796E-03
  4.6800E+02  5.1607E-03
  4.6900E+02  5.0449E-03
  4.7000E+02  4.9318E-03
  4.7100E+02  4.8215E-03
  4.7200E+02  2.4370E-02
  4.7300E+02  2.4418E-02
  4.7400E+02  3.0195E-02
  4.7500E+02  3.8760E-02
  4.7600E+02  4.3895E-02
  4.7700E+02  5.1978E-02
  4.7800E+02  6.5971E-02
  4.7900E+02  7.7244E-02
  4.8000E+02  7.3408E-02
  4.8100E+02  6.4438E-02
  4.8200E+02  6.4853E-02
  4.8300E+02  6.5937E-02
  4.8400E+02  6.9968E-02
  4.8500E+02  7.3175E-02
  4.8600E+02  7.4363E-02
  4.8700E+02  7.6041E-02
  4.8800E+02  7.2517E-02
  4.8900E+02  6.9910E-02
  4.9000E+02  6.9980E-02
  4.9100E+02  7.2478E-02
  4.9200E+02  7.2367E-02
  4.9300E+02  7.7776E-02
  4.9400E+02  8.4649E-02
  4.9500E+02  8.6803E-02
  4.9600E+02  9.0016E-02
  4.9700E+02  8.8273E-02
  4.9800E+02  8.0575E-02
  4.9900E+02  5.2040E-02
  5.0000E+02  3.3108E-02
  5.0100E+02  1.6007E-02
  5.0200E+02  1.1538E-02
  5.0300E+02  1.1057E-02
  5.0400E+02  1.0592E-02
  5.0500E+02  1.0143E-02
  5.0600E+02  9.7106E-03
  5.0700E+02  9.2945E-03
  5.0800E+02  8.8949E-03
  5.0900E+02  8.5134E-03
  5.1000E+02  8.1512E-03
  5.1100E+02  7.8082E-03
  5.1200E+02  7.4845E-03
  5.1300E+02  7.1805E-03
  5.1400E+02  6.8845E-03
  5.1500E+02  6.5983E-03
  5.1600E+02  6.2911E-03
  5.1700E+02  6.0539E-03
  5.1800E+02  5.8265E-03
  5.1900E+02  5.6089E-03
  5.2000E+02  5.4012E-03
  5.2100E+02  5.2033E-03
  5.2200E+02  5.0152E-03
  5.2300E+02  4.8369E-03
  5.2400E+02  4.6629E-03
  5.2500E+02  4.4869E-03
  5.2600E+02  4.3112E-03
  5.2700E+02  4.1357E-03
  5.2800E+02  3.9604E-03
  5.2900E+02  3.7853E-03
  5.3000E+02  3.6105E-03
  5.3100E+02  3.4470E-03
  5.3200E+02  3.3133E-03
  5.3300E+02  3.1792E-03
  5.3400E+02  3.0437E-03
  5.3500E+02  2.9599E-03
  5.3600E+02  2.8869E-03
  5.3700E+02  2.8148E-03
  5.3800E+02  2.7437E-03
  5.3900E+02  2.6735E-03
  5.4000E+02  2.6042E-03
  5.4100E+02  2.5358E-03
  5.4200E+02  2.4684E-03
  5.4300E+02  2.4018E-03
  5.4400E+02  2.3362E-03
  5.4500E+02  2.2716E-03
  5.4600E+02  2.2078E-03
  5.4700E+02  2.1450E-03
  5.4800E+02  2.0831E-03
  5.4900E+02  2.0221E-03
  5.5000E+02  1.9620E-03
  5.5100E+02  1.9029E-03
  5.5200E+02  1.8447E-03
  5.5300E+02  1.7874E-03
  5.5400E+02  1.7310E-03
  5.5500E+02  1.6756E-03
  5.5600E+02  1.6211E-03
  5.5700E+02  1.7124E-03
  5.5800E+02  1.7803E-03
  5.5900E+02  1.8057E-03
  5.6000E+02  1.7885E-03
  5.6100E+02  1.7288E-03
  5.6200E+02  1.6266E-03
  5.6300E+02  1.8397E-03
  5.6400E+02  1.9722E-03
  5.6500E+02  1.5529E-03
  5.6600E+02  6.8272E-04
  5.6700E+02  6.3318E-04
  5.6800E+02  5.8551E-04
  5.6900E+02  5.3971E-04
  5.7000E+02  4.9577E-04
  5.7100E+02  4.5370E-04
  5.7200E+02  4.1349E-04
  5.7300E+02  3.7515E-04
  5.7400E+02  3.3867E-04
  5.7500E+02  3.0406E-04
  5.7600E+02  2.7131E-04
  5.7700E+02  2.4043E-04
  5.7800E+02  2.1141E-04
  5.7900E+02  1.8426E-04
  5.8000E+02  1.5898E-04
  5.8100E+02  1.3555E-04
  5.8200E+02  1.1400E-04
  5.8300E+02  9.4310E-05
  5.8400E+02  7.6485E-05
  5.8500E+02  6.0526E-05
  5.8600E+02  4.6432E-05
  5.8700E+02  3.4203E-05
  5.8800E+02  2.3840E-05
  5.8900E+02  1.5342E-05
  5.9000E+02  8.7093E-06
  5.9100E+02  3.9419E-06
  5.9200E+02  1.0397E-06
  5.9300E+02  2.9086E-09
  5.9400E+02  0.0000E+00
