 -1.8979E-05  0.0000E+00
  9.9998E-01  1.2699E-07
  2.0000E+00  5.0797E-07
  3.0000E+00  1.1429E-06
  4.0000E+00  2.0319E-06
  5.0000E+00  3.1748E-06
  6.0000E+00  4.5717E-06
  7.0000E+00  6.2226E-06
  8.0000E+00  8.1275E-06
  9.0000E+00  1.0286E-05
  1.0000E+01  1.2699E-05
  1.1000E+01  1.5366E-05
  1.2000E+01  1.8287E-05
  1.3000E+01  2.1462E-05
  1.4000E+01  2.4890E-05
  1.5000E+01  2.8573E-05
  1.6000E+01  3.2510E-05
  1.7000E+01  3.6701E-05
  1.8000E+01  4.1145E-05
  1.9000E+01  4.5844E-05
  2.0000E+01  5.0797E-05
  2.1000E+01  5.6003E-05
  2.2000E+01  6.1464E-05
  2.3000E+01  6.7178E-05
  2.4000E+01  7.3147E-05
  2.5000E+01  7.9370E-05
  2.6000E+01  8.5846E-05
  2.7000E+01  9.2577E-05
  2.8000E+01  9.9561E-05
  2.9000E+01  1.0680E-04
  3.0000E+01  1.1429E-04
  3.1000E+01  1.2204E-04
  3.2000E+01  1.3004E-04
  3.3000E+01  1.3829E-04
  3.4000E+01  1.4680E-04
  3.5000E+01  1.5556E-04
  3.6000E+01  1.6458E-04
  3.7000E+01  1.7385E-04
  3.8000E+01  1.8338E-04
  3.9000E+01  1.9315E-04
  4.0000E+01  2.0319E-04
  4.1000E+01  2.1347E-04
  4.2000E+01  2.2401E-04
  4.3000E+01  2.3481E-04
  4.4000E+01  2.4586E-04
  4.5000E+01  2.5716E-04
  4.6000E+01  2.6871E-04
  4.7000E+01  3.6023E-04
  4.8000E+01  4.4797E-04
  4.9000E+01  5.3090E-04
  5.0000E+01  6.0901E-04
  5.1000E+01  6.8231E-04
  5.2000E+01  7.5080E-04
  5.3000E+01  8.1447E-04
  5.4000E+01  8.7332E-04
  5.5000E+01  9.2736E-04
  5.6000E+01  9.7659E-04
  5.7000E+01  1.0210E-03
  5.8000E+01  1.0606E-03
  5.9000E+01  1.0954E-03
  6.0000E+01  1.1254E-03
  6.1000E+01  1.1505E-03
  6.2000E+01  1.1731E-03
  6.3000E+01  1.2207E-03
  6.4000E+01  1.2688E-03
  6.5000E+01  1.3174E-03
  6.6000E+01  1.3666E-03
  6.7000E+01  1.4162E-03
  6.8000E+01  1.4665E-03
  6.9000E+01  1.5195E-03
  7.0000E+01  1.5754E-03
  7.1000E+01  1.6340E-03
  7.2000E+01  1.6954E-03
  7.3000E+01  1.7597E-03
  7.4000E+01  1.8267E-03
  7.5000E+01  1.8964E-03
  7.6000E+01  1.9690E-03
  7.7000E+01  2.0444E-03
  7.8000E+01  2.1225E-03
  7.9000E+01  2.2035E-03
  8.0000E+01  2.2872E-03
  8.1000E+01  2.3738E-03
  8.2000E+01  2.4730E-03
  8.3000E+01  2.5910E-03
  8.4000E+01  2.7279E-03
  8.5000E+01  2.8837E-03
  8.6000E+01  3.0584E-03
  8.7000E+01  3.2519E-03
  8.8000E+01  3.4643E-03
  8.9000E+01  3.6955E-03
  9.0000E+01  3.9301E-03
  9.1000E+01  4.3965E-03
  9.2000E+01  5.1702E-03
  9.3000E+01  4.9850E-03
  9.4000E+01  4.8854E-03
  9.5000E+01  5.1210E-03
  9.6000E+01  5.4447E-03
  9.7000E+01  5.8339E-03
  9.8000E+01  6.2745E-03
  9.9000E+01  6.7515E-03
  1.0000E+02  7.4274E-03
  1.0100E+02  8.0490E-03
  1.0200E+02  8.6181E-03
  1.0300E+02  9.2984E-03
  1.0400E+02  1.0102E-02
  1.0500E+02  1.0777E-02
  1.0600E+02  1.1455E-02
  1.0700E+02  1.2082E-02
  1.0800E+02  1.2686E-02
  1.0900E+02  1.3264E-02
  1.1000E+02  1.3816E-02
  1.1100E+02  1.4337E-02
  1.1200E+02  1.5234E-02
  1.1300E+02  1.5914E-02
  1.1400E+02  1.6029E-02
  1.1500E+02  1.5581E-02
  1.1600E+02  1.5560E-02
  1.1700E+02  1.5877E-02
  1.1800E+02  1.6194E-02
  1.1900E+02  1.6513E-02
  1.2000E+02  1.6840E-02
  1.2100E+02  1.9253E-02
  1.2200E+02  1.7950E-02
  1.2300E+02  1.8419E-02
  1.2400E+02  1.8743E-02
  1.2500E+02  1.9059E-02
  1.2600E+02  1.9369E-02
  1.2700E+02  1.9673E-02
  1.2800E+02  2.0087E-02
  1.2900E+02  2.0690E-02
  1.3000E+02  2.1385E-02
  1.3100E+02  2.2532E-02
  1.3200E+02  2.3737E-02
  1.3300E+02  2.4618E-02
  1.3400E+02  2.4877E-02
  1.3500E+02  2.4516E-02
  1.3600E+02  2.5230E-02
  1.3700E+02  2.5924E-02
  1.3800E+02  2.6208E-02
  1.3900E+02  2.6203E-02
  1.4000E+02  2.6351E-02
  1.4100E+02  2.6590E-02
  1.4200E+02  2.6819E-02
  1.4300E+02  2.7036E-02
  1.4400E+02  2.7242E-02
  1.4500E+02  2.7435E-02
  1.4600E+02  2.8547E-02
  1.4700E+02  2.9177E-02
  1.4800E+02  2.9174E-02
  1.4900E+02  2.9291E-02
  1.5000E+02  2.9200E-02
  1.5100E+02  2.8450E-02
  1.5200E+02  2.9363E-02
  1.5300E+02  2.8011E-02
  1.5400E+02  2.5013E-02
  1.5500E+02  2.3978E-02
  1.5600E+02  2.2828E-02
  1.5700E+02  2.1743E-02
  1.5800E+02  2.0714E-02
  1.5900E+02  1.9742E-02
  1.6000E+02  1.9004E-02
  1.6100E+02  1.8353E-02
  1.6200E+02  1.7786E-02
  1.6300E+02  1.7304E-02
  1.6400E+02  1.6971E-02
  1.6500E+02  1.6731E-02
  1.6600E+02  1.6486E-02
  1.6700E+02  1.6317E-02
  1.6800E+02  1.6277E-02
  1.6900E+02  1.6253E-02
  1.7000E+02  1.6114E-02
  1.7100E+02  1.5968E-02
  1.7200E+02  1.5818E-02
  1.7300E+02  1.5662E-02
  1.7400E+02  1.5501E-02
  1.7500E+02  1.5337E-02
  1.7600E+02  1.5167E-02
  1.7700E+02  1.4993E-02
  1.7800E+02  1.4816E-02
  1.7900E+02  1.4654E-02
  1.8000E+02  1.4510E-02
  1.8100E+02  1.4533E-02
  1.8200E+02  1.4651E-02
  1.8300E+02  1.4612E-02
  1.8400E+02  1.4370E-02
  1.8500E+02  1.4293E-02
  1.8600E+02  1.4662E-02
  1.8700E+02  1.4652E-02
  1.8800E+02  1.5649E-02
  1.8900E+02  1.5288E-02
  1.9000E+02  1.5298E-02
  1.9100E+02  1.5421E-02
  1.9200E+02  1.5495E-02
  1.9300E+02  1.5520E-02
  1.9400E+02  1.5498E-02
  1.9500E+02  1.5427E-02
  1.9600E+02  1.5308E-02
  1.9700E+02  1.5141E-02
  1.9800E+02  1.4926E-02
  1.9900E+02  1.4663E-02
  2.0000E+02  1.4352E-02
  2.0100E+02  1.2903E-02
  2.0200E+02  1.2089E-02
  2.0300E+02  1.1112E-02
  2.0400E+02  9.9697E-03
  2.0500E+02  8.7157E-03
  2.0600E+02  7.5382E-03
  2.0700E+02  6.4370E-03
  2.0800E+02  5.4123E-03
  2.0900E+02  4.4641E-03
  2.1000E+02  3.5923E-03
  2.1100E+02  1.6750E-03
  2.1200E+02  1.3698E-03
  2.1300E+02  1.3921E-03
  2.1400E+02  1.4146E-03
  2.1500E+02  1.4373E-03
  2.1600E+02  1.4603E-03
  2.1700E+02  1.4834E-03
  2.1800E+02  1.5018E-03
  2.1900E+02  1.5152E-03
  2.2000E+02  1.5237E-03
  2.2100E+02  1.5467E-03
  2.2200E+02  1.5729E-03
  2.2300E+02  1.5994E-03
  2.2400E+02  1.6260E-03
  2.2500E+02  1.6528E-03
  2.2600E+02  1.6799E-03
  2.2700E+02  1.7071E-03
  2.2800E+02  1.7345E-03
  2.2900E+02  1.7621E-03
  2.3000E+02  1.7899E-03
  2.3100E+02  1.8179E-03
  2.3200E+02  1.8461E-03
  2.3300E+02  1.8745E-03
  2.3400E+02  1.9030E-03
  2.3500E+02  1.9318E-03
  2.3600E+02  1.9608E-03
  2.3700E+02  1.9899E-03
  2.3800E+02  2.0193E-03
  2.3900E+02  2.0488E-03
  2.4000E+02  2.0786E-03
  2.4100E+02  2.1085E-03
  2.4200E+02  2.1386E-03
  2.4300E+02  2.1689E-03
  2.4400E+02  2.1994E-03
  2.4500E+02  2.2301E-03
  2.4600E+02  2.2610E-03
  2.4700E+02  2.3013E-03
  2.4800E+02  2.3636E-03
  2.4900E+02  2.4197E-03
  2.5000E+02  2.4710E-03
  2.5100E+02  2.5187E-03
  2.5200E+02  2.5655E-03
  2.5300E+02  2.6117E-03
  2.5400E+02  2.6573E-03
  2.5500E+02  2.7021E-03
  2.5600E+02  2.7463E-03
  2.5700E+02  2.7899E-03
  2.5800E+02  2.8327E-03
  2.5900E+02  2.8749E-03
  2.6000E+02  2.9165E-03
  2.6100E+02  2.9573E-03
  2.6200E+02  2.9975E-03
  2.6300E+02  3.0371E-03
  2.6400E+02  3.0759E-03
  2.6500E+02  3.1141E-03
  2.6600E+02  3.1516E-03
  2.6700E+02  3.1930E-03
  2.6800E+02  3.2371E-03
  2.6900E+02  3.2829E-03
  2.7000E+02  3.3304E-03
  2.7100E+02  3.3795E-03
  2.7200E+02  3.4303E-03
  2.7300E+02  3.4827E-03
  2.7400E+02  3.5369E-03
  2.7500E+02  3.5927E-03
  2.7600E+02  3.6503E-03
  2.7700E+02  3.7095E-03
  2.7800E+02  3.7705E-03
  2.7900E+02  3.8332E-03
  2.8000E+02  3.8977E-03
  2.8100E+02  3.9638E-03
  2.8200E+02  4.0318E-03
  2.8300E+02  4.1015E-03
  2.8400E+02  4.1726E-03
  2.8500E+02  4.2453E-03
  2.8600E+02  4.3195E-03
  2.8700E+02  4.3952E-03
  2.8800E+02  4.4724E-03
  2.8900E+02  4.5513E-03
  2.9000E+02  4.6336E-03
  2.9100E+02  4.7275E-03
  2.9200E+02  4.8477E-03
  2.9300E+02  4.9595E-03
  2.9400E+02  5.0633E-03
  2.9500E+02  5.1591E-03
  2.9600E+02  5.2470E-03
  2.9700E+02  5.3270E-03
  2.9800E+02  5.3990E-03
  2.9900E+02  5.4631E-03
  3.0000E+02  5.5278E-03
  3.0100E+02  5.6267E-03
  3.0200E+02  5.7271E-03
  3.0300E+02  5.8292E-03
  3.0400E+02  5.9327E-03
  3.0500E+02  6.0379E-03
  3.0600E+02  6.1446E-03
  3.0700E+02  6.2529E-03
  3.0800E+02  6.3628E-03
  3.0900E+02  6.4742E-03
  3.1000E+02  6.5907E-03
  3.1100E+02  6.7230E-03
  3.1200E+02  6.8707E-03
  3.1300E+02  7.0260E-03
  3.1400E+02  7.1897E-03
  3.1500E+02  7.3617E-03
  3.1600E+02  7.5420E-03
  3.1700E+02  7.7306E-03
  3.1800E+02  7.9275E-03
  3.1900E+02  8.1321E-03
  3.2000E+02  8.3553E-03
  3.2100E+02  8.6332E-03
  3.2200E+02  8.9679E-03
  3.2300E+02  9.3592E-03
  3.2400E+02  9.8031E-03
  3.2500E+02  1.0289E-02
  3.2600E+02  1.0817E-02
  3.2700E+02  1.1386E-02
  3.2800E+02  1.2168E-02
  3.2900E+02  1.3038E-02
  3.3000E+02  1.3628E-02
  3.3100E+02  1.4038E-02
  3.3200E+02  1.4339E-02
  3.3300E+02  1.4530E-02
  3.3400E+02  1.4611E-02
  3.3500E+02  1.4582E-02
  3.3600E+02  1.4488E-02
  3.3700E+02  1.4585E-02
  3.3800E+02  1.4657E-02
  3.3900E+02  1.4704E-02
  3.4000E+02  1.4727E-02
  3.4100E+02  1.4727E-02
  3.4200E+02  1.4712E-02
  3.4300E+02  1.4681E-02
  3.4400E+02  1.4610E-02
  3.4500E+02  1.4455E-02
  3.4600E+02  1.4102E-02
  3.4700E+02  1.3588E-02
  3.4800E+02  1.2726E-02
  3.4900E+02  1.1945E-02
  3.5000E+02  1.1061E-02
  3.5100E+02  1.0209E-02
  3.5200E+02  9.4374E-03
  3.5300E+02  8.7197E-03
  3.5400E+02  8.0700E-03
  3.5500E+02  7.4884E-03
  3.5600E+02  6.9749E-03
  3.5700E+02  6.4242E-03
  3.5800E+02  5.8766E-03
  3.5900E+02  5.3560E-03
  3.6000E+02  4.8628E-03
  3.6100E+02  4.4315E-03
  3.6200E+02  4.1121E-03
  3.6300E+02  3.8191E-03
  3.6400E+02  3.5525E-03
  3.6500E+02  3.3123E-03
  3.6600E+02  3.0986E-03
  3.6700E+02  2.9286E-03
  3.6800E+02  2.8325E-03
  3.6900E+02  2.7732E-03
  3.7000E+02  2.7505E-03
  3.7100E+02  2.7644E-03
  3.7200E+02  2.8151E-03
  3.7300E+02  2.9023E-03
  3.7400E+02  3.0263E-03
  3.7500E+02  3.1869E-03
  3.7600E+02  3.3841E-03
  3.7700E+02  3.6139E-03
  3.7800E+02  3.8175E-03
  3.7900E+02  3.8678E-03
  3.8000E+02  4.1706E-03
  3.8100E+02  4.5241E-03
  3.8200E+02  4.8385E-03
  3.8300E+02  5.1192E-03
  3.8400E+02  5.3978E-03
  3.8500E+02  5.6761E-03
  3.8600E+02  5.9541E-03
  3.8700E+02  6.2318E-03
  3.8800E+02  6.5092E-03
  3.8900E+02  6.8475E-03
  3.9000E+02  7.3531E-03
  3.9100E+02  7.8994E-03
  3.9200E+02  8.3706E-03
  3.9300E+02  8.8149E-03
  3.9400E+02  9.2323E-03
  3.9500E+02  9.6229E-03
  3.9600E+02  9.9866E-03
  3.9700E+02  1.0323E-02
  3.9800E+02  1.0662E-02
  3.9900E+02  1.1346E-02
  4.0000E+02  1.2326E-02
  4.0100E+02  1.7492E-02
  4.0200E+02  1.1154E-02
  4.0300E+02  1.0994E-02
  4.0400E+02  1.0896E-02
  4.0500E+02  1.0859E-02
  4.0600E+02  1.0883E-02
  4.0700E+02  1.0966E-02
  4.0800E+02  1.1077E-02
  4.0900E+02  1.1203E-02
  4.1000E+02  1.1345E-02
  4.1100E+02  1.1467E-02
  4.1200E+02  1.1559E-02
  4.1300E+02  1.1643E-02
  4.1400E+02  1.1718E-02
  4.1500E+02  1.1785E-02
  4.1600E+02  1.1844E-02
  4.1700E+02  1.1896E-02
  4.1800E+02  1.1941E-02
  4.1900E+02  1.1981E-02
  4.2000E+02  1.2015E-02
  4.2100E+02  1.2043E-02
  4.2200E+02  1.2066E-02
  4.2300E+02  1.2280E-02
  4.2400E+02  1.3177E-02
  4.2500E+02  1.3774E-02
  4.2600E+02  1.3844E-02
  4.2700E+02  1.3755E-02
  4.2800E+02  1.3525E-02
  4.2900E+02  1.3132E-02
  4.3000E+02  1.1590E-02
  4.3100E+02  1.1306E-02
  4.3200E+02  1.1047E-02
  4.3300E+02  1.0794E-02
  4.3400E+02  1.0536E-02
  4.3500E+02  1.0260E-02
  4.3600E+02  9.9658E-03
  4.3700E+02  9.7113E-03
  4.3800E+02  9.5205E-03
  4.3900E+02  9.3349E-03
  4.4000E+02  9.1543E-03
  4.4100E+02  8.9790E-03
  4.4200E+02  8.8088E-03
  4.4300E+02  8.6437E-03
  4.4400E+02  8.4842E-03
  4.4500E+02  8.3324E-03
  4.4600E+02  8.1888E-03
  4.4700E+02  8.0534E-03
  4.4800E+02  7.9263E-03
  4.4900E+02  7.8061E-03
  4.5000E+02  7.6808E-03
  4.5100E+02  7.5639E-03
  4.5200E+02  7.4554E-03
  4.5300E+02  7.3552E-03
  4.5400E+02  7.2734E-03
  4.5500E+02  7.2200E-03
  4.5600E+02  7.1951E-03
  4.5700E+02  7.1221E-03
  4.5800E+02  7.0221E-03
  4.5900E+02  8.7788E-03
  4.6000E+02  6.4878E-03
  4.6100E+02  6.2172E-03
  4.6200E+02  6.0567E-03
  4.6300E+02  5.8988E-03
  4.6400E+02  5.7435E-03
  4.6500E+02  5.5906E-03
  4.6600E+02  5.4403E-03
  4.6700E+02  5.2925E-03
  4.6800E+02  5.1472E-03
  4.6900E+02  5.0044E-03
  4.7000E+02  4.8642E-03
  4.7100E+02  4.7265E-03
  4.7200E+02  1.9111E-02
  4.7300E+02  2.6352E-02
  4.7400E+02  3.2951E-02
  4.7500E+02  4.1329E-02
  4.7600E+02  4.7519E-02
  4.7700E+02  5.5272E-02
  4.7800E+02  6.2308E-02
  4.7900E+02  6.8171E-02
  4.8000E+02  6.4704E-02
  4.8100E+02  6.7805E-02
  4.8200E+02  6.7694E-02
  4.8300E+02  6.9483E-02
  4.8400E+02  6.9634E-02
  4.8500E+02  7.0596E-02
  4.8600E+02  7.2456E-02
  4.8700E+02  7.4541E-02
  4.8800E+02  7.3959E-02
  4.8900E+02  7.3024E-02
  4.9000E+02  7.2347E-02
  4.9100E+02  6.9464E-02
  4.9200E+02  6.9780E-02
  4.9300E+02  7.3312E-02
  4.9400E+02  8.3064E-02
  4.9500E+02  8.9012E-02
  4.9600E+02  8.5141E-02
  4.9700E+02  8.2312E-02
  4.9800E+02  7.3563E-02
  4.9900E+02  6.2603E-02
  5.0000E+02  3.9110E-02
  5.0100E+02  1.7563E-02
  5.0200E+02  1.3027E-02
  5.0300E+02  1.1750E-02
  5.0400E+02  1.0611E-02
  5.0500E+02  9.6251E-03
  5.0600E+02  8.6040E-03
  5.0700E+02  8.0416E-03
  5.0800E+02  7.7866E-03
  5.0900E+02  7.5378E-03
  5.1000E+02  7.2952E-03
  5.1100E+02  7.0587E-03
  5.1200E+02  6.8285E-03
  5.1300E+02  6.6044E-03
  5.1400E+02  6.3865E-03
  5.1500E+02  6.1748E-03
  5.1600E+02  5.9692E-03
  5.1700E+02  5.7699E-03
  5.1800E+02  5.5767E-03
  5.1900E+02  5.3897E-03
  5.2000E+02  5.2096E-03
  5.2100E+02  5.0397E-03
  5.2200E+02  4.8813E-03
  5.2300E+02  4.7342E-03
  5.2400E+02  4.5979E-03
  5.2500E+02  4.4630E-03
  5.2600E+02  4.3286E-03
  5.2700E+02  4.1986E-03
  5.2800E+02  4.0734E-03
  5.2900E+02  3.9529E-03
  5.3000E+02  3.8370E-03
  5.3100E+02  3.7259E-03
  5.3200E+02  3.6194E-03
  5.3300E+02  3.5136E-03
  5.3400E+02  3.4017E-03
  5.3500E+02  3.2866E-03
  5.3600E+02  3.1682E-03
  5.3700E+02  3.0465E-03
  5.3800E+02  2.9214E-03
  5.3900E+02  2.7931E-03
  5.4000E+02  2.6669E-03
  5.4100E+02  2.5602E-03
  5.4200E+02  2.4541E-03
  5.4300E+02  2.3586E-03
  5.4400E+02  2.2964E-03
  5.4500E+02  2.2351E-03
  5.4600E+02  2.1746E-03
  5.4700E+02  2.1149E-03
  5.4800E+02  2.0561E-03
  5.4900E+02  1.9980E-03
  5.5000E+02  1.9408E-03
  5.5100E+02  1.8844E-03
  5.5200E+02  1.8288E-03
  5.5300E+02  1.7741E-03
  5.5400E+02  1.7201E-03
  5.5500E+02  1.6670E-03
  5.5600E+02  1.6147E-03
  5.5700E+02  1.5633E-03
  5.5800E+02  1.5126E-03
  5.5900E+02  1.4628E-03
  5.6000E+02  1.4138E-03
  5.6100E+02  1.3656E-03
  5.6200E+02  1.3183E-03
  5.6300E+02  1.3833E-03
  5.6400E+02  1.4634E-03
  5.6500E+02  1.4924E-03
  5.6600E+02  1.4702E-03
  5.6700E+02  1.3968E-03
  5.6800E+02  1.5374E-03
  5.6900E+02  1.6615E-03
  5.7000E+02  1.1941E-03
  5.7100E+02  5.6823E-04
  5.7200E+02  5.1787E-04
  5.7300E+02  4.6985E-04
  5.7400E+02  4.2417E-04
  5.7500E+02  3.8082E-04
  5.7600E+02  3.3980E-04
  5.7700E+02  3.0112E-04
  5.7800E+02  2.6478E-04
  5.7900E+02  2.3078E-04
  5.8000E+02  1.9911E-04
  5.8100E+02  1.6978E-04
  5.8200E+02  1.4278E-04
  5.8300E+02  1.1812E-04
  5.8400E+02  9.5794E-05
  5.8500E+02  7.5806E-05
  5.8600E+02  5.8154E-05
  5.8700E+02  4.2838E-05
  5.8800E+02  2.9858E-05
  5.8900E+02  1.9215E-05
  5.9000E+02  1.0908E-05
  5.9100E+02  4.9370E-06
  5.9200E+02  1.3022E-06
  5.9300E+02  3.6429E-09
  5.9400E+02  0.0000E+00
