 -1.3887E-05  0.0000E+00
  9.9999E-01  7.4461E-08
  2.0000E+00  2.9785E-07
  3.0000E+00  6.7016E-07
  4.0000E+00  1.1914E-06
  5.0000E+00  1.8615E-06
  6.0000E+00  2.6806E-06
  7.0000E+00  3.6486E-06
  8.0000E+00  4.7656E-06
  9.0000E+00  6.0314E-06
  1.0000E+01  7.4462E-06
  1.1000E+01  9.0099E-06
  1.2000E+01  1.0723E-05
  1.3000E+01  1.2584E-05
  1.4000E+01  1.4595E-05
  1.5000E+01  1.6754E-05
  1.6000E+01  1.9062E-05
  1.7000E+01  2.1519E-05
  1.8000E+01  2.4126E-05
  1.9000E+01  2.6881E-05
  2.0000E+01  2.9785E-05
  2.1000E+01  3.2838E-05
  2.2000E+01  3.6040E-05
  2.3000E+01  3.9390E-05
  2.4000E+01  4.2890E-05
  2.5000E+01  4.6539E-05
  2.6000E+01  5.0336E-05
  2.7000E+01  5.4283E-05
  2.8000E+01  5.8378E-05
  2.9000E+01  6.2622E-05
  3.0000E+01  6.7016E-05
  3.1000E+01  7.1558E-05
  3.2000E+01  7.6249E-05
  3.3000E+01  8.1089E-05
  3.4000E+01  8.6078E-05
  3.5000E+01  9.1216E-05
  3.6000E+01  9.6503E-05
  3.7000E+01  1.0194E-04
  3.8000E+01  1.0752E-04
  3.9000E+01  1.1326E-04
  4.0000E+01  1.1914E-04
  4.1000E+01  1.2517E-04
  4.2000E+01  1.3135E-04
  4.3000E+01  1.3768E-04
  4.4000E+01  1.4416E-04
  4.5000E+01  1.6986E-04
  4.6000E+01  2.6981E-04
  4.7000E+01  3.5735E-04
  4.8000E+01  4.3246E-04
  4.9000E+01  4.9516E-04
  5.0000E+01  5.4543E-04
  5.1000E+01  5.8328E-04
  5.2000E+01  6.0872E-04
  5.3000E+01  6.2173E-04
  5.4000E+01  6.2232E-04
  5.5000E+01  6.3325E-04
  5.6000E+01  6.6815E-04
  5.7000E+01  7.0344E-04
  5.8000E+01  7.3910E-04
  5.9000E+01  7.7514E-04
  6.0000E+01  8.1156E-04
  6.1000E+01  8.4836E-04
  6.2000E+01  8.8565E-04
  6.3000E+01  9.2463E-04
  6.4000E+01  9.6536E-04
  6.5000E+01  1.0079E-03
  6.6000E+01  1.0521E-03
  6.7000E+01  1.0981E-03
  6.8000E+01  1.1459E-03
  6.9000E+01  1.1954E-03
  7.0000E+01  1.2467E-03
  7.1000E+01  1.3023E-03
  7.2000E+01  1.3662E-03
  7.3000E+01  1.4384E-03
  7.4000E+01  1.5190E-03
  7.5000E+01  1.6079E-03
  7.6000E+01  1.7051E-03
  7.7000E+01  1.8883E-03
  7.8000E+01  2.0721E-03
  7.9000E+01  2.1857E-03
  8.0000E+01  2.4469E-03
  8.1000E+01  2.5435E-03
  8.2000E+01  2.4902E-03
  8.3000E+01  2.4511E-03
  8.4000E+01  2.5419E-03
  8.5000E+01  2.6359E-03
  8.6000E+01  2.7486E-03
  8.7000E+01  2.8763E-03
  8.8000E+01  3.0164E-03
  8.9000E+01  3.1684E-03
  9.0000E+01  3.3270E-03
  9.1000E+01  3.4905E-03
  9.2000E+01  3.6589E-03
  9.3000E+01  3.8323E-03
  9.4000E+01  4.0102E-03
  9.5000E+01  4.1924E-03
  9.6000E+01  4.3805E-03
  9.7000E+01  4.5751E-03
  9.8000E+01  4.7829E-03
  9.9000E+01  5.0463E-03
  1.0000E+02  5.3760E-03
  1.0100E+02  5.7721E-03
  1.0200E+02  6.3791E-03
  1.0300E+02  7.5697E-03
  1.0400E+02  7.8878E-03
  1.0500E+02  8.4326E-03
  1.0600E+02  9.0258E-03
  1.0700E+02  9.6342E-03
  1.0800E+02  1.0258E-02
  1.0900E+02  1.0898E-02
  1.1000E+02  1.2082E-02
  1.1100E+02  1.2548E-02
  1.1200E+02  1.4446E-02
  1.1300E+02  1.3015E-02
  1.1400E+02  1.3437E-02
  1.1500E+02  1.3856E-02
  1.1600E+02  1.4293E-02
  1.1700E+02  1.4898E-02
  1.1800E+02  1.5292E-02
  1.1900E+02  1.5570E-02
  1.2000E+02  1.6016E-02
  1.2100E+02  1.6612E-02
  1.2200E+02  1.7085E-02
  1.2300E+02  1.7559E-02
  1.2400E+02  1.8447E-02
  1.2500E+02  1.9888E-02
  1.2600E+02  1.9390E-02
  1.2700E+02  2.1349E-02
  1.2800E+02  1.9460E-02
  1.2900E+02  1.9754E-02
  1.3000E+02  2.0038E-02
  1.3100E+02  2.0385E-02
  1.3200E+02  2.0844E-02
  1.3300E+02  2.1657E-02
  1.3400E+02  2.2671E-02
  1.3500E+02  2.7167E-02
  1.3600E+02  2.8475E-02
  1.3700E+02  2.9632E-02
  1.3800E+02  3.0983E-02
  1.3900E+02  3.1849E-02
  1.4000E+02  3.2606E-02
  1.4100E+02  3.2112E-02
  1.4200E+02  3.1304E-02
  1.4300E+02  3.0799E-02
  1.4400E+02  3.0365E-02
  1.4500E+02  2.9931E-02
  1.4600E+02  2.9503E-02
  1.4700E+02  2.9207E-02
  1.4800E+02  2.8865E-02
  1.4900E+02  2.8243E-02
  1.5000E+02  2.7701E-02
  1.5100E+02  2.8993E-02
  1.5200E+02  2.4436E-02
  1.5300E+02  2.2501E-02
  1.5400E+02  2.1233E-02
  1.5500E+02  2.0754E-02
  1.5600E+02  2.0374E-02
  1.5700E+02  2.0002E-02
  1.5800E+02  1.9620E-02
  1.5900E+02  1.9228E-02
  1.6000E+02  1.8829E-02
  1.6100E+02  1.8481E-02
  1.6200E+02  1.8159E-02
  1.6300E+02  1.7876E-02
  1.6400E+02  1.7607E-02
  1.6500E+02  1.7350E-02
  1.6600E+02  1.7110E-02
  1.6700E+02  1.6888E-02
  1.6800E+02  1.6671E-02
  1.6900E+02  1.6458E-02
  1.7000E+02  1.6254E-02
  1.7100E+02  1.6058E-02
  1.7200E+02  1.5929E-02
  1.7300E+02  1.6259E-02
  1.7400E+02  1.7059E-02
  1.7500E+02  1.7111E-02
  1.7600E+02  1.6528E-02
  1.7700E+02  1.5870E-02
  1.7800E+02  1.5904E-02
  1.7900E+02  1.5668E-02
  1.8000E+02  1.4806E-02
  1.8100E+02  1.4616E-02
  1.8200E+02  1.4417E-02
  1.8300E+02  1.4210E-02
  1.8400E+02  1.4184E-02
  1.8500E+02  1.4318E-02
  1.8600E+02  1.4394E-02
  1.8700E+02  1.4306E-02
  1.8800E+02  1.4199E-02
  1.8900E+02  1.4074E-02
  1.9000E+02  1.3931E-02
  1.9100E+02  1.3772E-02
  1.9200E+02  1.3800E-02
  1.9300E+02  1.3831E-02
  1.9400E+02  1.3864E-02
  1.9500E+02  1.3921E-02
  1.9600E+02  1.4077E-02
  1.9700E+02  1.4438E-02
  1.9800E+02  1.4845E-02
  1.9900E+02  1.7314E-02
  2.0000E+02  1.8487E-02
  2.0100E+02  1.9811E-02
  2.0200E+02  1.8741E-02
  2.0300E+02  1.7899E-02
  2.0400E+02  1.6641E-02
  2.0500E+02  1.5201E-02
  2.0600E+02  1.3565E-02
  2.0700E+02  1.1115E-02
  2.0800E+02  8.1891E-03
  2.0900E+02  6.8402E-03
  2.1000E+02  5.5227E-03
  2.1100E+02  4.2369E-03
  2.1200E+02  2.9547E-03
  2.1300E+02  1.4686E-03
  2.1400E+02  1.4891E-03
  2.1500E+02  1.5092E-03
  2.1600E+02  1.5288E-03
  2.1700E+02  1.5478E-03
  2.1800E+02  1.5664E-03
  2.1900E+02  1.5845E-03
  2.2000E+02  1.6057E-03
  2.2100E+02  1.6276E-03
  2.2200E+02  1.6503E-03
  2.2300E+02  1.6737E-03
  2.2400E+02  1.6979E-03
  2.2500E+02  1.7229E-03
  2.2600E+02  1.7485E-03
  2.2700E+02  1.7750E-03
  2.2800E+02  1.8022E-03
  2.2900E+02  1.8301E-03
  2.3000E+02  1.8588E-03
  2.3100E+02  1.8881E-03
  2.3200E+02  1.9178E-03
  2.3300E+02  1.9478E-03
  2.3400E+02  1.9784E-03
  2.3500E+02  2.0093E-03
  2.3600E+02  2.0407E-03
  2.3700E+02  2.0730E-03
  2.3800E+02  2.1062E-03
  2.3900E+02  2.1405E-03
  2.4000E+02  2.1757E-03
  2.4100E+02  2.2120E-03
  2.4200E+02  2.2498E-03
  2.4300E+02  2.2896E-03
  2.4400E+02  2.3314E-03
  2.4500E+02  2.3752E-03
  2.4600E+02  2.4184E-03
  2.4700E+02  2.4559E-03
  2.4800E+02  2.4906E-03
  2.4900E+02  2.5226E-03
  2.5000E+02  2.5518E-03
  2.5100E+02  2.5794E-03
  2.5200E+02  2.6221E-03
  2.5300E+02  2.6645E-03
  2.5400E+02  2.7068E-03
  2.5500E+02  2.7489E-03
  2.5600E+02  2.7906E-03
  2.5700E+02  2.8324E-03
  2.5800E+02  2.8747E-03
  2.5900E+02  2.9173E-03
  2.6000E+02  2.9604E-03
  2.6100E+02  3.0039E-03
  2.6200E+02  3.0486E-03
  2.6300E+02  3.0959E-03
  2.6400E+02  3.1484E-03
  2.6500E+02  3.2008E-03
  2.6600E+02  3.2531E-03
  2.6700E+02  3.3053E-03
  2.6800E+02  3.3610E-03
  2.6900E+02  3.4220E-03
  2.7000E+02  3.4854E-03
  2.7100E+02  3.5512E-03
  2.7200E+02  3.6194E-03
  2.7300E+02  3.6899E-03
  2.7400E+02  3.7611E-03
  2.7500E+02  3.8295E-03
  2.7600E+02  3.8950E-03
  2.7700E+02  3.9575E-03
  2.7800E+02  4.0172E-03
  2.7900E+02  4.0739E-03
  2.8000E+02  4.1278E-03
  2.8100E+02  4.1793E-03
  2.8200E+02  4.2380E-03
  2.8300E+02  4.3071E-03
  2.8400E+02  4.3856E-03
  2.8500E+02  4.4681E-03
  2.8600E+02  4.5526E-03
  2.8700E+02  4.6387E-03
  2.8800E+02  4.7242E-03
  2.8900E+02  4.8101E-03
  2.9000E+02  4.8981E-03
  2.9100E+02  4.9882E-03
  2.9200E+02  5.0797E-03
  2.9300E+02  5.1723E-03
  2.9400E+02  5.2660E-03
  2.9500E+02  5.3605E-03
  2.9600E+02  5.4543E-03
  2.9700E+02  5.5578E-03
  2.9800E+02  5.6714E-03
  2.9900E+02  5.7952E-03
  3.0000E+02  5.9290E-03
  3.0100E+02  6.0700E-03
  3.0200E+02  6.2046E-03
  3.0300E+02  6.3345E-03
  3.0400E+02  6.4597E-03
  3.0500E+02  6.5802E-03
  3.0600E+02  6.6960E-03
  3.0700E+02  6.8258E-03
  3.0800E+02  6.9621E-03
  3.0900E+02  7.1125E-03
  3.1000E+02  7.2702E-03
  3.1100E+02  7.4353E-03
  3.1200E+02  7.6114E-03
  3.1300E+02  7.7935E-03
  3.1400E+02  7.9695E-03
  3.1500E+02  8.1518E-03
  3.1600E+02  8.3639E-03
  3.1700E+02  8.5887E-03
  3.1800E+02  8.8264E-03
  3.1900E+02  9.0768E-03
  3.2000E+02  9.3396E-03
  3.2100E+02  9.6149E-03
  3.2200E+02  9.9301E-03
  3.2300E+02  1.0311E-02
  3.2400E+02  1.0746E-02
  3.2500E+02  1.1247E-02
  3.2600E+02  1.2091E-02
  3.2700E+02  1.2963E-02
  3.2800E+02  1.3884E-02
  3.2900E+02  1.4800E-02
  3.3000E+02  1.5513E-02
  3.3100E+02  1.5944E-02
  3.3200E+02  1.6107E-02
  3.3300E+02  1.5996E-02
  3.3400E+02  1.5844E-02
  3.3500E+02  1.5851E-02
  3.3600E+02  1.5356E-02
  3.3700E+02  1.4710E-02
  3.3800E+02  1.3931E-02
  3.3900E+02  1.3323E-02
  3.4000E+02  1.2698E-02
  3.4100E+02  1.2055E-02
  3.4200E+02  1.1405E-02
  3.4300E+02  1.0869E-02
  3.4400E+02  1.0373E-02
  3.4500E+02  9.8820E-03
  3.4600E+02  9.4477E-03
  3.4700E+02  9.0824E-03
  3.4800E+02  8.7863E-03
  3.4900E+02  8.4148E-03
  3.5000E+02  7.6298E-03
  3.5100E+02  7.3002E-03
  3.5200E+02  6.9789E-03
  3.5300E+02  6.6713E-03
  3.5400E+02  6.3783E-03
  3.5500E+02  6.1000E-03
  3.5600E+02  5.8364E-03
  3.5700E+02  5.5873E-03
  3.5800E+02  5.3530E-03
  3.5900E+02  5.0967E-03
  3.6000E+02  4.8046E-03
  3.6100E+02  4.5139E-03
  3.6200E+02  4.0798E-03
  3.6300E+02  3.6253E-03
  3.6400E+02  3.4112E-03
  3.6500E+02  3.1847E-03
  3.6600E+02  2.9791E-03
  3.6700E+02  2.7945E-03
  3.6800E+02  2.6307E-03
  3.6900E+02  2.4891E-03
  3.7000E+02  2.3950E-03
  3.7100E+02  2.3084E-03
  3.7200E+02  2.2256E-03
  3.7300E+02  3.0738E-03
  3.7400E+02  3.3568E-03
  3.7500E+02  3.5126E-03
  3.7600E+02  3.6402E-03
  3.7700E+02  3.8218E-03
  3.7800E+02  4.0000E-03
  3.7900E+02  4.1747E-03
  3.8000E+02  4.3458E-03
  3.8100E+02  4.5135E-03
  3.8200E+02  4.6776E-03
  3.8300E+02  4.8857E-03
  3.8400E+02  5.5887E-03
  3.8500E+02  6.1498E-03
  3.8600E+02  6.7084E-03
  3.8700E+02  7.2643E-03
  3.8800E+02  7.8177E-03
  3.8900E+02  8.3683E-03
  3.9000E+02  9.0517E-03
  3.9100E+02  9.5117E-03
  3.9200E+02  9.7849E-03
  3.9300E+02  9.8038E-03
  3.9400E+02  9.8052E-03
  3.9500E+02  9.7265E-03
  3.9600E+02  9.8865E-03
  3.9700E+02  1.0535E-02
  3.9800E+02  1.1172E-02
  3.9900E+02  1.1178E-02
  4.0000E+02  1.0182E-02
  4.0100E+02  1.0190E-02
  4.0200E+02  1.0225E-02
  4.0300E+02  1.0285E-02
  4.0400E+02  1.0369E-02
  4.0500E+02  1.0468E-02
  4.0600E+02  1.0581E-02
  4.0700E+02  1.0708E-02
  4.0800E+02  1.0855E-02
  4.0900E+02  1.1000E-02
  4.1000E+02  1.1129E-02
  4.1100E+02  1.1236E-02
  4.1200E+02  1.1598E-02
  4.1300E+02  1.1779E-02
  4.1400E+02  1.1958E-02
  4.1500E+02  1.2135E-02
  4.1600E+02  1.2314E-02
  4.1700E+02  1.2575E-02
  4.1800E+02  1.2914E-02
  4.1900E+02  1.3252E-02
  4.2000E+02  1.3481E-02
  4.2100E+02  1.4738E-02
  4.2200E+02  1.2356E-02
  4.2300E+02  1.2145E-02
  4.2400E+02  1.1991E-02
  4.2500E+02  1.1828E-02
  4.2600E+02  1.1656E-02
  4.2700E+02  1.1475E-02
  4.2800E+02  1.1285E-02
  4.2900E+02  1.1086E-02
  4.3000E+02  1.0878E-02
  4.3100E+02  1.0669E-02
  4.3200E+02  1.0420E-02
  4.3300E+02  1.0122E-02
  4.3400E+02  9.7881E-03
  4.3500E+02  9.5980E-03
  4.3600E+02  9.4254E-03
  4.3700E+02  9.2697E-03
  4.3800E+02  9.1301E-03
  4.3900E+02  9.0067E-03
  4.4000E+02  8.9004E-03
  4.4100E+02  8.6749E-03
  4.4200E+02  8.5349E-03
  4.4300E+02  8.4965E-03
  4.4400E+02  8.4423E-03
  4.4500E+02  8.3739E-03
  4.4600E+02  8.2714E-03
  4.4700E+02  8.1271E-03
  4.4800E+02  7.9457E-03
  4.4900E+02  7.7937E-03
  4.5000E+02  7.6834E-03
  4.5100E+02  7.5740E-03
  4.5200E+02  7.4655E-03
  4.5300E+02  7.3579E-03
  4.5400E+02  7.2512E-03
  4.5500E+02  7.1454E-03
  4.5600E+02  7.0448E-03
  4.5700E+02  6.9571E-03
  4.5800E+02  6.8824E-03
  4.5900E+02  6.8443E-03
  4.6000E+02  6.8283E-03
  4.6100E+02  6.8346E-03
  4.6200E+02  6.8831E-03
  4.6300E+02  7.0390E-03
  4.6400E+02  7.0252E-03
  4.6500E+02  6.8720E-03
  4.6600E+02  7.6507E-03
  4.6700E+02  7.0450E-03
  4.6800E+02  6.5250E-03
  4.6900E+02  6.3977E-03
  4.7000E+02  6.2709E-03
  4.7100E+02  6.1446E-03
  4.7200E+02  6.0188E-03
  4.7300E+02  5.8936E-03
  4.7400E+02  1.6923E-02
  4.7500E+02  5.0799E-02
  4.7600E+02  5.9421E-02
  4.7700E+02  6.4882E-02
  4.7800E+02  9.6725E-02
  4.7900E+02  7.4116E-02
  4.8000E+02  7.0322E-02
  4.8100E+02  7.0040E-02
  4.8200E+02  7.1654E-02
  4.8300E+02  6.9127E-02
  4.8400E+02  6.8501E-02
  4.8500E+02  6.7668E-02
  4.8600E+02  6.7962E-02
  4.8700E+02  6.9074E-02
  4.8800E+02  7.0048E-02
  4.8900E+02  6.7914E-02
  4.9000E+02  6.8232E-02
  4.9100E+02  6.8873E-02
  4.9200E+02  6.9649E-02
  4.9300E+02  7.1255E-02
  4.9400E+02  7.2193E-02
  4.9500E+02  7.4626E-02
  4.9600E+02  7.6621E-02
  4.9700E+02  8.2789E-02
  4.9800E+02  8.1670E-02
  4.9900E+02  7.4171E-02
  5.0000E+02  6.6619E-02
  5.0100E+02  4.1632E-02
  5.0200E+02  3.3390E-02
  5.0300E+02  2.8309E-02
  5.0400E+02  2.2006E-02
  5.0500E+02  1.9312E-02
  5.0600E+02  1.7380E-02
  5.0700E+02  1.5933E-02
  5.0800E+02  1.4699E-02
  5.0900E+02  1.4014E-02
  5.1000E+02  1.2500E-02
  5.1100E+02  1.0941E-02
  5.1200E+02  9.3509E-03
  5.1300E+02  8.3078E-03
  5.1400E+02  7.4299E-03
  5.1500E+02  6.6572E-03
  5.1600E+02  6.7795E-03
  5.1700E+02  5.2787E-03
  5.1800E+02  4.2271E-03
  5.1900E+02  2.9967E-03
  5.2000E+02  2.0534E-03
  5.2100E+02  1.5626E-03
  5.2200E+02  2.0780E-04
  5.2300E+02  0.0000E+00
