 -9.0571E-06  0.0000E+00
  9.9999E-01  2.4950E-07
  2.0000E+00  9.9801E-07
  3.0000E+00  2.2455E-06
  4.0000E+00  3.9920E-06
  5.0000E+00  6.2375E-06
  6.0000E+00  8.9821E-06
  7.0000E+00  1.2226E-05
  8.0000E+00  1.5968E-05
  9.0000E+00  2.0210E-05
  1.0000E+01  2.4950E-05
  1.1000E+01  3.0190E-05
  1.2000E+01  3.5928E-05
  1.3000E+01  4.2166E-05
  1.4000E+01  4.8902E-05
  1.5000E+01  5.6138E-05
  1.6000E+01  6.3872E-05
  1.7000E+01  7.2106E-05
  1.8000E+01  8.0839E-05
  1.9000E+01  9.0070E-05
  2.0000E+01  9.9801E-05
  2.1000E+01  1.1003E-04
  2.2000E+01  1.2076E-04
  2.3000E+01  1.3199E-04
  2.4000E+01  1.4371E-04
  2.5000E+01  1.5594E-04
  2.6000E+01  1.6866E-04
  2.7000E+01  1.8189E-04
  2.8000E+01  1.9561E-04
  2.9000E+01  2.0983E-04
  3.0000E+01  2.2455E-04
  3.1000E+01  2.3977E-04
  3.2000E+01  2.5549E-04
  3.3000E+01  2.7171E-04
  3.4000E+01  2.8842E-04
  3.5000E+01  3.0564E-04
  3.6000E+01  3.2335E-04
  3.7000E+01  3.4157E-04
  3.8000E+01  3.6028E-04
  3.9000E+01  3.7949E-04
  4.0000E+01  3.9920E-04
  4.1000E+01  4.1941E-04
  4.2000E+01  4.4012E-04
  4.3000E+01  4.6133E-04
  4.4000E+01  4.8304E-04
  4.5000E+01  5.0524E-04
  4.6000E+01  5.2795E-04
  4.7000E+01  5.5115E-04
  4.8000E+01  5.7485E-04
  4.9000E+01  5.9905E-04
  5.0000E+01  6.2375E-04
  5.1000E+01  6.4895E-04
  5.2000E+01  6.7465E-04
  5.3000E+01  7.0085E-04
  5.4000E+01  7.2755E-04
  5.5000E+01  7.5474E-04
  5.6000E+01  7.8244E-04
  5.7000E+01  8.1063E-04
  5.8000E+01  8.3932E-04
  5.9000E+01  8.6852E-04
  6.0000E+01  8.9821E-04
  6.1000E+01  9.2840E-04
  6.2000E+01  9.5908E-04
  6.3000E+01  9.9027E-04
  6.4000E+01  1.0220E-03
  6.5000E+01  1.0541E-03
  6.6000E+01  1.0868E-03
  6.7000E+01  1.1200E-03
  6.8000E+01  1.1537E-03
  6.9000E+01  1.1879E-03
  7.0000E+01  1.2226E-03
  7.1000E+01  1.2577E-03
  7.2000E+01  1.2934E-03
  7.3000E+01  1.3296E-03
  7.4000E+01  1.3663E-03
  7.5000E+01  1.4034E-03
  7.6000E+01  1.4411E-03
  7.7000E+01  1.4793E-03
  7.8000E+01  1.5180E-03
  7.9000E+01  1.5571E-03
  8.0000E+01  1.5968E-03
  8.1000E+01  1.6370E-03
  8.2000E+01  1.6776E-03
  8.3000E+01  1.7188E-03
  8.4000E+01  1.7605E-03
  8.5000E+01  1.8026E-03
  8.6000E+01  1.8453E-03
  8.7000E+01  1.8885E-03
  8.8000E+01  1.9321E-03
  8.9000E+01  1.9763E-03
  9.0000E+01  2.0210E-03
  9.1000E+01  2.0661E-03
  9.2000E+01  2.1118E-03
  9.3000E+01  2.5059E-03
  9.4000E+01  3.1589E-03
  9.5000E+01  3.8088E-03
  9.6000E+01  4.4554E-03
  9.7000E+01  5.0989E-03
  9.8000E+01  5.7392E-03
  9.9000E+01  6.3763E-03
  1.0000E+02  7.0102E-03
  1.0100E+02  7.6410E-03
  1.0200E+02  8.2685E-03
  1.0300E+02  8.8929E-03
  1.0400E+02  9.5137E-03
  1.0500E+02  1.0128E-02
  1.0600E+02  1.0735E-02
  1.0700E+02  1.1335E-02
  1.0800E+02  1.1928E-02
  1.0900E+02  1.2514E-02
  1.1000E+02  1.3092E-02
  1.1100E+02  1.3664E-02
  1.1200E+02  1.4228E-02
  1.1300E+02  1.4785E-02
  1.1400E+02  1.5335E-02
  1.1500E+02  1.5877E-02
  1.1600E+02  1.6413E-02
  1.1700E+02  1.6941E-02
  1.1800E+02  1.7463E-02
  1.1900E+02  1.7977E-02
  1.2000E+02  1.8484E-02
  1.2100E+02  1.8983E-02
  1.2200E+02  1.9476E-02
  1.2300E+02  1.9961E-02
  1.2400E+02  2.0440E-02
  1.2500E+02  2.0850E-02
  1.2600E+02  2.1298E-02
  1.2700E+02  2.1858E-02
  1.2800E+02  2.2530E-02
  1.2900E+02  2.3314E-02
  1.3000E+02  2.4211E-02
  1.3100E+02  2.5220E-02
  1.3200E+02  2.6341E-02
  1.3300E+02  2.7574E-02
  1.3400E+02  2.8920E-02
  1.3500E+02  4.2378E-02
  1.3600E+02  1.7506E-01
  1.3700E+02  1.6606E-02
  1.3800E+02  1.6415E-02
  1.3900E+02  1.6231E-02
  1.4000E+02  1.6055E-02
  1.4100E+02  1.5886E-02
  1.4200E+02  1.5724E-02
  1.4300E+02  1.5570E-02
  1.4400E+02  1.5422E-02
  1.4500E+02  1.5283E-02
  1.4600E+02  1.5150E-02
  1.4700E+02  1.5025E-02
  1.4800E+02  1.4908E-02
  1.4900E+02  1.4797E-02
  1.5000E+02  1.4694E-02
  1.5100E+02  1.4599E-02
  1.5200E+02  1.4510E-02
  1.5300E+02  1.4429E-02
  1.5400E+02  1.4356E-02
  1.5500E+02  1.4289E-02
  1.5600E+02  1.4230E-02
  1.5700E+02  1.4179E-02
  1.5800E+02  1.4134E-02
  1.5900E+02  1.4097E-02
  1.6000E+02  1.4068E-02
  1.6100E+02  1.4046E-02
  1.6200E+02  1.4031E-02
  1.6300E+02  1.4023E-02
  1.6400E+02  1.4023E-02
  1.6500E+02  1.4030E-02
  1.6600E+02  1.4044E-02
  1.6700E+02  1.4066E-02
  1.6800E+02  1.4095E-02
  1.6900E+02  1.4132E-02
  1.7000E+02  1.4176E-02
  1.7100E+02  1.4227E-02
  1.7200E+02  1.4285E-02
  1.7300E+02  1.4351E-02
  1.7400E+02  1.4424E-02
  1.7500E+02  1.4505E-02
  1.7600E+02  1.4592E-02
  1.7700E+02  1.4688E-02
  1.7800E+02  1.4790E-02
  1.7900E+02  1.4900E-02
  1.8000E+02  1.5017E-02
  1.8100E+02  1.5142E-02
  1.8200E+02  1.5274E-02
  1.8300E+02  1.5413E-02
  1.8400E+02  1.5559E-02
  1.8500E+02  1.5713E-02
  1.8600E+02  1.5875E-02
  1.8700E+02  1.6043E-02
  1.8800E+02  1.6219E-02
  1.8900E+02  1.6402E-02
  1.9000E+02  1.6593E-02
  1.9100E+02  1.6791E-02
  1.9200E+02  1.6996E-02
  1.9300E+02  2.9114E-02
  1.9400E+02  8.5253E-02
  1.9500E+02  4.9660E-02
  1.9600E+02  3.5809E-02
  1.9700E+02  2.6698E-02
  1.9800E+02  1.2772E-02
  1.9900E+02  4.2638E-04
  2.0000E+02  4.3067E-04
  2.0100E+02  4.3499E-04
  2.0200E+02  4.3933E-04
  2.0300E+02  4.4369E-04
  2.0400E+02  4.4807E-04
  2.0500E+02  4.5248E-04
  2.0600E+02  4.5690E-04
  2.0700E+02  4.6135E-04
  2.0800E+02  4.6582E-04
  2.0900E+02  4.7031E-04
  2.1000E+02  4.7482E-04
  2.1100E+02  4.7935E-04
  2.1200E+02  4.8391E-04
  2.1300E+02  4.8848E-04
  2.1400E+02  4.9308E-04
  2.1500E+02  4.9770E-04
  2.1600E+02  5.0234E-04
  2.1700E+02  5.0700E-04
  2.1800E+02  5.1168E-04
  2.1900E+02  5.1639E-04
  2.2000E+02  5.2112E-04
  2.2100E+02  5.2586E-04
  2.2200E+02  5.3063E-04
  2.2300E+02  5.3542E-04
  2.2400E+02  5.4024E-04
  2.2500E+02  5.4507E-04
  2.2600E+02  5.4993E-04
  2.2700E+02  5.5481E-04
  2.2800E+02  5.5970E-04
  2.2900E+02  5.6462E-04
  2.3000E+02  5.6957E-04
  2.3100E+02  5.7453E-04
  2.3200E+02  5.7952E-04
  2.3300E+02  5.8452E-04
  2.3400E+02  5.8955E-04
  2.3500E+02  5.9460E-04
  2.3600E+02  1.6099E-03
  2.3700E+02  2.4898E-03
  2.3800E+02  3.2011E-03
  2.3900E+02  3.7440E-03
  2.4000E+02  4.1185E-03
  2.4100E+02  4.3244E-03
  2.4200E+02  4.3619E-03
  2.4300E+02  4.2309E-03
  2.4400E+02  3.9315E-03
  2.4500E+02  3.4636E-03
  2.4600E+02  2.8272E-03
  2.4700E+02  2.6784E-03
  2.4800E+02  2.7562E-03
  2.4900E+02  2.8351E-03
  2.5000E+02  2.9150E-03
  2.5100E+02  2.9960E-03
  2.5200E+02  3.0781E-03
  2.5300E+02  3.1612E-03
  2.5400E+02  3.2454E-03
  2.5500E+02  3.3306E-03
  2.5600E+02  3.4169E-03
  2.5700E+02  3.5043E-03
  2.5800E+02  3.5927E-03
  2.5900E+02  3.6822E-03
  2.6000E+02  3.7727E-03
  2.6100E+02  3.8644E-03
  2.6200E+02  3.9570E-03
  2.6300E+02  4.0508E-03
  2.6400E+02  4.1455E-03
  2.6500E+02  4.2414E-03
  2.6600E+02  4.3383E-03
  2.6700E+02  4.4363E-03
  2.6800E+02  4.5353E-03
  2.6900E+02  4.6354E-03
  2.7000E+02  4.7366E-03
  2.7100E+02  4.8388E-03
  2.7200E+02  4.9421E-03
  2.7300E+02  5.0464E-03
  2.7400E+02  5.1518E-03
  2.7500E+02  5.2583E-03
  2.7600E+02  5.3658E-03
  2.7700E+02  5.4744E-03
  2.7800E+02  5.5841E-03
  2.7900E+02  5.6948E-03
  2.8000E+02  5.8065E-03
  2.8100E+02  5.9194E-03
  2.8200E+02  6.0333E-03
  2.8300E+02  6.1482E-03
  2.8400E+02  6.2642E-03
  2.8500E+02  6.3813E-03
  2.8600E+02  6.4995E-03
  2.8700E+02  6.6187E-03
  2.8800E+02  6.8549E-03
  2.8900E+02  7.2312E-03
  2.9000E+02  7.5924E-03
  2.9100E+02  7.9386E-03
  2.9200E+02  8.2696E-03
  2.9300E+02  8.5856E-03
  2.9400E+02  8.8865E-03
  2.9500E+02  9.1723E-03
  2.9600E+02  9.4430E-03
  2.9700E+02  9.6987E-03
  2.9800E+02  9.9392E-03
  2.9900E+02  1.0165E-02
  3.0000E+02  1.0375E-02
  3.0100E+02  1.0570E-02
  3.0200E+02  1.0751E-02
  3.0300E+02  1.0916E-02
  3.0400E+02  1.1066E-02
  3.0500E+02  1.1201E-02
  3.0600E+02  1.1321E-02
  3.0700E+02  1.1425E-02
  3.0800E+02  1.1515E-02
  3.0900E+02  1.1590E-02
  3.1000E+02  1.1649E-02
  3.1100E+02  1.1694E-02
  3.1200E+02  1.1723E-02
  3.1300E+02  1.1737E-02
  3.1400E+02  1.1737E-02
  3.1500E+02  1.1721E-02
  3.1600E+02  1.1690E-02
  3.1700E+02  1.1644E-02
  3.1800E+02  1.1582E-02
  3.1900E+02  1.1506E-02
  3.2000E+02  1.1415E-02
  3.2100E+02  1.1309E-02
  3.2200E+02  1.1187E-02
  3.2300E+02  1.1059E-02
  3.2400E+02  1.1084E-02
  3.2500E+02  1.1096E-02
  3.2600E+02  1.1094E-02
  3.2700E+02  1.1079E-02
  3.2800E+02  1.1050E-02
  3.2900E+02  1.1008E-02
  3.3000E+02  1.0952E-02
  3.3100E+02  1.0882E-02
  3.3200E+02  1.0799E-02
  3.3300E+02  1.0702E-02
  3.3400E+02  1.0592E-02
  3.3500E+02  1.0468E-02
  3.3600E+02  1.0331E-02
  3.3700E+02  1.0180E-02
  3.3800E+02  1.0016E-02
  3.3900E+02  9.8379E-03
  3.4000E+02  9.6463E-03
  3.4100E+02  9.4413E-03
  3.4200E+02  9.2226E-03
  3.4300E+02  8.9904E-03
  3.4400E+02  8.7446E-03
  3.4500E+02  8.4853E-03
  3.4600E+02  8.2124E-03
  3.4700E+02  7.9260E-03
  3.4800E+02  7.6260E-03
  3.4900E+02  7.3125E-03
  3.5000E+02  6.9854E-03
  3.5100E+02  6.6447E-03
  3.5200E+02  6.2905E-03
  3.5300E+02  5.9227E-03
  3.5400E+02  5.5414E-03
  3.5500E+02  5.1465E-03
  3.5600E+02  4.7380E-03
  3.5700E+02  4.3160E-03
  3.5800E+02  3.8804E-03
  3.5900E+02  3.5104E-03
  3.6000E+02  3.3283E-03
  3.6100E+02  3.1615E-03
  3.6200E+02  3.0101E-03
  3.6300E+02  2.8739E-03
  3.6400E+02  2.7532E-03
  3.6500E+02  2.6477E-03
  3.6600E+02  2.5576E-03
  3.6700E+02  2.4828E-03
  3.6800E+02  2.4234E-03
  3.6900E+02  2.3792E-03
  3.7000E+02  2.3504E-03
  3.7100E+02  2.3370E-03
  3.7200E+02  2.3388E-03
  3.7300E+02  2.3560E-03
  3.7400E+02  2.3885E-03
  3.7500E+02  2.4364E-03
  3.7600E+02  2.4995E-03
  3.7700E+02  2.5710E-03
  3.7800E+02  2.6468E-03
  3.7900E+02  2.7270E-03
  3.8000E+02  2.8116E-03
  3.8100E+02  2.9005E-03
  3.8200E+02  2.9937E-03
  3.8300E+02  3.0914E-03
  3.8400E+02  3.1933E-03
  3.8500E+02  3.2997E-03
  3.8600E+02  3.4104E-03
  3.8700E+02  3.5254E-03
  3.8800E+02  3.6448E-03
  3.8900E+02  3.7686E-03
  3.9000E+02  3.8967E-03
  3.9100E+02  4.0291E-03
  3.9200E+02  4.1659E-03
  3.9300E+02  4.3071E-03
  3.9400E+02  4.4526E-03
  3.9500E+02  4.6025E-03
  3.9600E+02  4.7567E-03
  3.9700E+02  4.9153E-03
  3.9800E+02  5.0783E-03
  3.9900E+02  5.2456E-03
  4.0000E+02  5.4172E-03
  4.0100E+02  5.5932E-03
  4.0200E+02  5.7736E-03
  4.0300E+02  5.9583E-03
  4.0400E+02  6.1474E-03
  4.0500E+02  6.3408E-03
  4.0600E+02  6.5386E-03
  4.0700E+02  6.7407E-03
  4.0800E+02  6.9472E-03
  4.0900E+02  7.1581E-03
  4.1000E+02  7.3733E-03
  4.1100E+02  7.5928E-03
  4.1200E+02  7.8167E-03
  4.1300E+02  8.0450E-03
  4.1400E+02  8.2776E-03
  4.1500E+02  8.5146E-03
  4.1600E+02  8.7559E-03
  4.1700E+02  9.3841E-03
  4.1800E+02  1.1518E-02
  4.1900E+02  1.5229E-02
  4.2000E+02  2.0517E-02
  4.2100E+02  2.7383E-02
  4.2200E+02  3.5826E-02
  4.2300E+02  5.6533E-02
  4.2400E+02  6.6372E-02
  4.2500E+02  5.6581E-02
  4.2600E+02  3.2176E-02
  4.2700E+02  1.1164E-02
  4.2800E+02  1.0989E-02
  4.2900E+02  1.0816E-02
  4.3000E+02  1.0643E-02
  4.3100E+02  1.0473E-02
  4.3200E+02  1.0303E-02
  4.3300E+02  1.0136E-02
  4.3400E+02  9.9694E-03
  4.3500E+02  9.8046E-03
  4.3600E+02  9.6412E-03
  4.3700E+02  9.4794E-03
  4.3800E+02  9.3190E-03
  4.3900E+02  9.1601E-03
  4.4000E+02  9.0027E-03
  4.4100E+02  8.8468E-03
  4.4200E+02  8.6923E-03
  4.4300E+02  8.5393E-03
  4.4400E+02  8.3878E-03
  4.4500E+02  8.2378E-03
  4.4600E+02  8.0892E-03
  4.4700E+02  7.9421E-03
  4.4800E+02  7.7965E-03
  4.4900E+02  7.6524E-03
  4.5000E+02  7.5098E-03
  4.5100E+02  7.3686E-03
  4.5200E+02  7.2289E-03
  4.5300E+02  7.0907E-03
  4.5400E+02  6.9540E-03
  4.5500E+02  6.8187E-03
  4.5600E+02  6.6850E-03
  4.5700E+02  6.5527E-03
  4.5800E+02  6.4218E-03
  4.5900E+02  6.2925E-03
  4.6000E+02  6.1646E-03
  4.6100E+02  6.0382E-03
  4.6200E+02  5.9133E-03
  4.6300E+02  5.7899E-03
  4.6400E+02  5.6679E-03
  4.6500E+02  5.5474E-03
  4.6600E+02  5.4284E-03
  4.6700E+02  5.3109E-03
  4.6800E+02  5.1949E-03
  4.6900E+02  5.0803E-03
  4.7000E+02  4.9672E-03
  4.7100E+02  4.8556E-03
  4.7200E+02  4.7455E-03
  4.7300E+02  4.7736E-03
  4.7400E+02  6.9528E-03
  4.7500E+02  1.1950E-02
  4.7600E+02  1.9766E-02
  4.7700E+02  3.0400E-02
  4.7800E+02  4.3853E-02
  4.7900E+02  4.4029E-01
  4.8000E+02  1.1647E-01
  4.8100E+02  1.0464E-01
  4.8200E+02  9.2049E-02
  4.8300E+02  7.8700E-02
  4.8400E+02  6.4919E-02
  4.8500E+02  6.0503E-02
  4.8600E+02  6.2223E-02
  4.8700E+02  6.3839E-02
  4.8800E+02  6.5349E-02
  4.8900E+02  6.6754E-02
  4.9000E+02  6.8054E-02
  4.9100E+02  6.9248E-02
  4.9200E+02  7.0338E-02
  4.9300E+02  7.4713E-02
  4.9400E+02  7.9915E-02
  4.9500E+02  8.3270E-02
  4.9600E+02  8.4456E-02
  4.9700E+02  8.3472E-02
  4.9800E+02  8.0317E-02
  4.9900E+02  7.4993E-02
  5.0000E+02  6.7499E-02
  5.0100E+02  5.7905E-02
  5.0200E+02  4.8531E-02
  5.0300E+02  3.8019E-02
  5.0400E+02  2.6370E-02
  5.0500E+02  1.3583E-02
  5.0600E+02  9.6982E-03
  5.0700E+02  8.5900E-03
  5.0800E+02  7.5489E-03
  5.0900E+02  6.5750E-03
  5.1000E+02  5.6684E-03
  5.1100E+02  4.8290E-03
  5.1200E+02  4.0569E-03
  5.1300E+02  3.3519E-03
  5.1400E+02  2.7142E-03
  5.1500E+02  2.1437E-03
  5.1600E+02  1.6405E-03
  5.1700E+02  1.2044E-03
  5.1800E+02  8.3564E-04
  5.1900E+02  5.3406E-04
  5.2000E+02  2.9971E-04
  5.2100E+02  1.3258E-04
  5.2200E+02  3.2680E-05
  5.2300E+02  0.0000E+00
