 -3.0064E-05  0.0000E+00
  9.9997E-01  1.0891E-07
  2.0000E+00  4.3563E-07
  3.0000E+00  9.8016E-07
  4.0000E+00  1.7425E-06
  5.0000E+00  2.7227E-06
  6.0000E+00  3.9206E-06
  7.0000E+00  5.3364E-06
  8.0000E+00  6.9700E-06
  9.0000E+00  8.8214E-06
  1.0000E+01  1.0891E-05
  1.1000E+01  1.3178E-05
  1.2000E+01  1.5683E-05
  1.3000E+01  1.8405E-05
  1.4000E+01  2.1346E-05
  1.5000E+01  2.4504E-05
  1.6000E+01  2.7880E-05
  1.7000E+01  3.1474E-05
  1.8000E+01  3.5286E-05
  1.9000E+01  3.9315E-05
  2.0000E+01  4.3563E-05
  2.1000E+01  4.8028E-05
  2.2000E+01  5.2711E-05
  2.3000E+01  5.7611E-05
  2.4000E+01  6.2730E-05
  2.5000E+01  6.8066E-05
  2.6000E+01  7.3621E-05
  2.7000E+01  7.9393E-05
  2.8000E+01  8.5383E-05
  2.9000E+01  9.1590E-05
  3.0000E+01  9.8016E-05
  3.1000E+01  1.0466E-04
  3.2000E+01  1.1152E-04
  3.3000E+01  1.1860E-04
  3.4000E+01  1.2590E-04
  3.5000E+01  1.3341E-04
  3.6000E+01  1.4114E-04
  3.7000E+01  1.4909E-04
  3.8000E+01  1.5726E-04
  3.9000E+01  1.6565E-04
  4.0000E+01  1.7425E-04
  4.1000E+01  1.8307E-04
  4.2000E+01  1.9211E-04
  4.3000E+01  2.0137E-04
  4.4000E+01  2.1084E-04
  4.5000E+01  2.2054E-04
  4.6000E+01  2.3045E-04
  4.7000E+01  2.4057E-04
  4.8000E+01  2.5092E-04
  4.9000E+01  2.6148E-04
  5.0000E+01  2.7227E-04
  5.1000E+01  2.8327E-04
  5.2000E+01  2.9448E-04
  5.3000E+01  3.0592E-04
  5.4000E+01  3.1757E-04
  5.5000E+01  3.2944E-04
  5.6000E+01  3.4153E-04
  5.7000E+01  3.5384E-04
  5.8000E+01  3.6636E-04
  5.9000E+01  3.7910E-04
  6.0000E+01  3.9206E-04
  6.1000E+01  4.0524E-04
  6.2000E+01  4.1864E-04
  6.3000E+01  5.5195E-04
  6.4000E+01  6.9006E-04
  6.5000E+01  8.2229E-04
  6.6000E+01  9.4865E-04
  6.7000E+01  1.0691E-03
  6.8000E+01  1.1838E-03
  6.9000E+01  1.2925E-03
  7.0000E+01  1.3954E-03
  7.1000E+01  1.4924E-03
  7.2000E+01  1.5835E-03
  7.3000E+01  1.6688E-03
  7.4000E+01  1.7482E-03
  7.5000E+01  1.8217E-03
  7.6000E+01  1.8894E-03
  7.7000E+01  1.9512E-03
  7.8000E+01  2.0071E-03
  7.9000E+01  2.0571E-03
  8.0000E+01  2.1013E-03
  8.1000E+01  2.1731E-03
  8.2000E+01  2.2558E-03
  8.3000E+01  2.3401E-03
  8.4000E+01  2.4258E-03
  8.5000E+01  2.5129E-03
  8.6000E+01  2.6015E-03
  8.7000E+01  2.6915E-03
  8.8000E+01  2.7830E-03
  8.9000E+01  2.8760E-03
  9.0000E+01  2.9770E-03
  9.1000E+01  3.1329E-03
  9.2000E+01  3.3340E-03
  9.3000E+01  3.5488E-03
  9.4000E+01  3.7737E-03
  9.5000E+01  4.0085E-03
  9.6000E+01  4.2533E-03
  9.7000E+01  4.5081E-03
  9.8000E+01  4.7730E-03
  9.9000E+01  5.0478E-03
  1.0000E+02  5.3326E-03
  1.0100E+02  5.6386E-03
  1.0200E+02  6.0760E-03
  1.0300E+02  6.5727E-03
  1.0400E+02  7.0718E-03
  1.0500E+02  7.5733E-03
  1.0600E+02  8.0771E-03
  1.0700E+02  8.5610E-03
  1.0800E+02  9.0347E-03
  1.0900E+02  9.5203E-03
  1.1000E+02  1.0018E-02
  1.1100E+02  1.0528E-02
  1.1200E+02  1.1049E-02
  1.1300E+02  1.1583E-02
  1.1400E+02  1.2129E-02
  1.1500E+02  1.3950E-02
  1.1600E+02  1.4397E-02
  1.1700E+02  1.5318E-02
  1.1800E+02  1.6215E-02
  1.1900E+02  1.7031E-02
  1.2000E+02  2.0093E-02
  1.2100E+02  2.0704E-02
  1.2200E+02  1.7116E-02
  1.2300E+02  1.7126E-02
  1.2400E+02  1.7415E-02
  1.2500E+02  1.7734E-02
  1.2600E+02  1.8631E-02
  1.2700E+02  1.9296E-02
  1.2800E+02  1.9620E-02
  1.2900E+02  1.9604E-02
  1.3000E+02  1.9550E-02
  1.3100E+02  1.9884E-02
  1.3200E+02  2.1649E-02
  1.3300E+02  2.4829E-02
  1.3400E+02  2.6704E-02
  1.3500E+02  2.7175E-02
  1.3600E+02  2.7215E-02
  1.3700E+02  2.7932E-02
  1.3800E+02  2.8718E-02
  1.3900E+02  2.9127E-02
  1.4000E+02  2.8978E-02
  1.4100E+02  2.8719E-02
  1.4200E+02  2.8461E-02
  1.4300E+02  2.8204E-02
  1.4400E+02  2.8856E-02
  1.4500E+02  2.9303E-02
  1.4600E+02  2.9010E-02
  1.4700E+02  2.8949E-02
  1.4800E+02  2.8303E-02
  1.4900E+02  2.7598E-02
  1.5000E+02  2.7224E-02
  1.5100E+02  3.1091E-02
  1.5200E+02  2.7487E-02
  1.5300E+02  2.5671E-02
  1.5400E+02  2.5344E-02
  1.5500E+02  2.5045E-02
  1.5600E+02  2.4680E-02
  1.5700E+02  2.4248E-02
  1.5800E+02  2.3749E-02
  1.5900E+02  2.3184E-02
  1.6000E+02  2.2717E-02
  1.6100E+02  2.2387E-02
  1.6200E+02  2.2053E-02
  1.6300E+02  2.1743E-02
  1.6400E+02  2.1473E-02
  1.6500E+02  2.1244E-02
  1.6600E+02  2.4944E-02
  1.6700E+02  2.7283E-02
  1.6800E+02  1.9207E-02
  1.6900E+02  1.5213E-02
  1.7000E+02  1.5098E-02
  1.7100E+02  1.4993E-02
  1.7200E+02  1.4897E-02
  1.7300E+02  1.4812E-02
  1.7400E+02  1.4736E-02
  1.7500E+02  1.4671E-02
  1.7600E+02  1.4615E-02
  1.7700E+02  1.4570E-02
  1.7800E+02  1.4542E-02
  1.7900E+02  1.4523E-02
  1.8000E+02  1.4515E-02
  1.8100E+02  1.4521E-02
  1.8200E+02  1.4584E-02
  1.8300E+02  1.4645E-02
  1.8400E+02  1.4704E-02
  1.8500E+02  1.4762E-02
  1.8600E+02  1.4818E-02
  1.8700E+02  1.4872E-02
  1.8800E+02  1.4919E-02
  1.8900E+02  1.4921E-02
  1.9000E+02  1.4937E-02
  1.9100E+02  1.4968E-02
  1.9200E+02  1.5014E-02
  1.9300E+02  1.5076E-02
  1.9400E+02  1.5158E-02
  1.9500E+02  1.5264E-02
  1.9600E+02  1.5418E-02
  1.9700E+02  1.5625E-02
  1.9800E+02  1.5916E-02
  1.9900E+02  1.6352E-02
  2.0000E+02  1.6935E-02
  2.0100E+02  1.7663E-02
  2.0200E+02  1.8538E-02
  2.0300E+02  1.7774E-02
  2.0400E+02  1.5593E-02
  2.0500E+02  1.2327E-02
  2.0600E+02  7.6286E-03
  2.0700E+02  2.2137E-03
  2.0800E+02  1.2872E-03
  2.0900E+02  1.3066E-03
  2.1000E+02  1.3265E-03
  2.1100E+02  1.3468E-03
  2.1200E+02  1.3677E-03
  2.1300E+02  1.3891E-03
  2.1400E+02  1.4110E-03
  2.1500E+02  1.4334E-03
  2.1600E+02  1.4564E-03
  2.1700E+02  1.4798E-03
  2.1800E+02  1.5037E-03
  2.1900E+02  1.5282E-03
  2.2000E+02  1.5531E-03
  2.2100E+02  1.5786E-03
  2.2200E+02  1.6046E-03
  2.2300E+02  1.6311E-03
  2.2400E+02  1.6580E-03
  2.2500E+02  1.6855E-03
  2.2600E+02  1.7135E-03
  2.2700E+02  1.7420E-03
  2.2800E+02  1.7711E-03
  2.2900E+02  1.8006E-03
  2.3000E+02  1.8306E-03
  2.3100E+02  1.8612E-03
  2.3200E+02  1.8922E-03
  2.3300E+02  1.9238E-03
  2.3400E+02  1.9559E-03
  2.3500E+02  1.9889E-03
  2.3600E+02  2.0231E-03
  2.3700E+02  2.0584E-03
  2.3800E+02  2.0948E-03
  2.3900E+02  2.1324E-03
  2.4000E+02  2.1710E-03
  2.4100E+02  2.2108E-03
  2.4200E+02  2.2517E-03
  2.4300E+02  2.2937E-03
  2.4400E+02  2.3368E-03
  2.4500E+02  2.3811E-03
  2.4600E+02  2.4264E-03
  2.4700E+02  2.4728E-03
  2.4800E+02  2.5201E-03
  2.4900E+02  2.5684E-03
  2.5000E+02  2.6113E-03
  2.5100E+02  2.6505E-03
  2.5200E+02  2.6864E-03
  2.5300E+02  2.7189E-03
  2.5400E+02  2.7481E-03
  2.5500E+02  2.7739E-03
  2.5600E+02  2.7964E-03
  2.5700E+02  2.8155E-03
  2.5800E+02  2.8417E-03
  2.5900E+02  2.8915E-03
  2.6000E+02  2.9420E-03
  2.6100E+02  2.9931E-03
  2.6200E+02  3.0449E-03
  2.6300E+02  3.0973E-03
  2.6400E+02  3.1504E-03
  2.6500E+02  3.2041E-03
  2.6600E+02  3.2585E-03
  2.6700E+02  3.3135E-03
  2.6800E+02  3.3691E-03
  2.6900E+02  3.4254E-03
  2.7000E+02  3.4823E-03
  2.7100E+02  3.5399E-03
  2.7200E+02  3.5981E-03
  2.7300E+02  3.6569E-03
  2.7400E+02  3.7164E-03
  2.7500E+02  3.7765E-03
  2.7600E+02  3.8373E-03
  2.7700E+02  3.8987E-03
  2.7800E+02  3.9608E-03
  2.7900E+02  4.0235E-03
  2.8000E+02  4.0868E-03
  2.8100E+02  4.1508E-03
  2.8200E+02  4.2154E-03
  2.8300E+02  4.2807E-03
  2.8400E+02  4.3466E-03
  2.8500E+02  4.4134E-03
  2.8600E+02  4.5053E-03
  2.8700E+02  4.6370E-03
  2.8800E+02  4.7992E-03
  2.8900E+02  4.9528E-03
  2.9000E+02  5.0936E-03
  2.9100E+02  5.2197E-03
  2.9200E+02  5.3334E-03
  2.9300E+02  5.4458E-03
  2.9400E+02  5.5570E-03
  2.9500E+02  5.6669E-03
  2.9600E+02  5.7755E-03
  2.9700E+02  5.8829E-03
  2.9800E+02  5.9889E-03
  2.9900E+02  6.0937E-03
  3.0000E+02  6.1982E-03
  3.0100E+02  6.3165E-03
  3.0200E+02  6.4429E-03
  3.0300E+02  6.5774E-03
  3.0400E+02  6.7201E-03
  3.0500E+02  6.8710E-03
  3.0600E+02  7.0300E-03
  3.0700E+02  7.1972E-03
  3.0800E+02  7.3725E-03
  3.0900E+02  7.5560E-03
  3.1000E+02  7.7477E-03
  3.1100E+02  7.9475E-03
  3.1200E+02  8.1554E-03
  3.1300E+02  8.3715E-03
  3.1400E+02  8.5958E-03
  3.1500E+02  8.8282E-03
  3.1600E+02  9.0688E-03
  3.1700E+02  9.3175E-03
  3.1800E+02  9.5744E-03
  3.1900E+02  9.8394E-03
  3.2000E+02  1.0113E-02
  3.2100E+02  1.0394E-02
  3.2200E+02  1.0684E-02
  3.2300E+02  1.0981E-02
  3.2400E+02  1.1293E-02
  3.2500E+02  1.1690E-02
  3.2600E+02  1.2289E-02
  3.2700E+02  1.3093E-02
  3.2800E+02  1.4315E-02
  3.2900E+02  1.5592E-02
  3.3000E+02  1.6901E-02
  3.3100E+02  1.7969E-02
  3.3200E+02  1.8528E-02
  3.3300E+02  1.8577E-02
  3.3400E+02  1.8508E-02
  3.3500E+02  1.7551E-02
  3.3600E+02  1.6589E-02
  3.3700E+02  1.5621E-02
  3.3800E+02  1.4648E-02
  3.3900E+02  1.3669E-02
  3.4000E+02  1.2685E-02
  3.4100E+02  1.1695E-02
  3.4200E+02  1.0700E-02
  3.4300E+02  9.6995E-03
  3.4400E+02  8.8199E-03
  3.4500E+02  8.3994E-03
  3.4600E+02  8.0692E-03
  3.4700E+02  7.7484E-03
  3.4800E+02  7.4369E-03
  3.4900E+02  7.1349E-03
  3.5000E+02  6.8422E-03
  3.5100E+02  6.5590E-03
  3.5200E+02  6.2851E-03
  3.5300E+02  6.0207E-03
  3.5400E+02  5.7656E-03
  3.5500E+02  5.5200E-03
  3.5600E+02  5.2837E-03
  3.5700E+02  5.0568E-03
  3.5800E+02  4.8393E-03
  3.5900E+02  4.6312E-03
  3.6000E+02  4.4325E-03
  3.6100E+02  4.2428E-03
  3.6200E+02  4.0592E-03
  3.6300E+02  3.8815E-03
  3.6400E+02  3.7096E-03
  3.6500E+02  3.5435E-03
  3.6600E+02  3.3832E-03
  3.6700E+02  3.2287E-03
  3.6800E+02  3.0800E-03
  3.6900E+02  2.9830E-03
  3.7000E+02  2.9506E-03
  3.7100E+02  2.8544E-03
  3.7200E+02  2.7512E-03
  3.7300E+02  2.6610E-03
  3.7400E+02  2.5838E-03
  3.7500E+02  2.5196E-03
  3.7600E+02  2.4684E-03
  3.7700E+02  2.4292E-03
  3.7800E+02  2.4007E-03
  3.7900E+02  2.3830E-03
  3.8000E+02  2.3761E-03
  3.8100E+02  2.3800E-03
  3.8200E+02  2.3948E-03
  3.8300E+02  2.4489E-03
  3.8400E+02  2.5978E-03
  3.8500E+02  2.8427E-03
  3.8600E+02  3.1837E-03
  3.8700E+02  3.6208E-03
  3.8800E+02  4.2499E-03
  3.8900E+02  5.2494E-03
  3.9000E+02  6.5727E-03
  3.9100E+02  8.2197E-03
  3.9200E+02  1.0191E-02
  3.9300E+02  1.2460E-02
  3.9400E+02  1.3035E-02
  3.9500E+02  1.1069E-02
  3.9600E+02  1.0830E-02
  3.9700E+02  1.0680E-02
  3.9800E+02  1.0603E-02
  3.9900E+02  1.0598E-02
  4.0000E+02  1.0665E-02
  4.0100E+02  1.0723E-02
  4.0200E+02  1.0759E-02
  4.0300E+02  1.0834E-02
  4.0400E+02  1.0950E-02
  4.0500E+02  1.1106E-02
  4.0600E+02  1.1243E-02
  4.0700E+02  1.1359E-02
  4.0800E+02  1.1469E-02
  4.0900E+02  1.1573E-02
  4.1000E+02  1.1671E-02
  4.1100E+02  1.1763E-02
  4.1200E+02  1.1849E-02
  4.1300E+02  1.1929E-02
  4.1400E+02  1.2003E-02
  4.1500E+02  1.2071E-02
  4.1600E+02  1.2133E-02
  4.1700E+02  1.2189E-02
  4.1800E+02  1.2245E-02
  4.1900E+02  1.2304E-02
  4.2000E+02  1.2366E-02
  4.2100E+02  1.2432E-02
  4.2200E+02  1.2501E-02
  4.2300E+02  1.2573E-02
  4.2400E+02  1.3778E-02
  4.2500E+02  1.5209E-02
  4.2600E+02  1.5567E-02
  4.2700E+02  1.5702E-02
  4.2800E+02  1.5620E-02
  4.2900E+02  1.5214E-02
  4.3000E+02  1.4547E-02
  4.3100E+02  1.3347E-02
  4.3200E+02  1.0984E-02
  4.3300E+02  1.0557E-02
  4.3400E+02  1.0101E-02
  4.3500E+02  9.7101E-03
  4.3600E+02  9.5660E-03
  4.3700E+02  9.4236E-03
  4.3800E+02  9.2828E-03
  4.3900E+02  9.1437E-03
  4.4000E+02  9.0062E-03
  4.4100E+02  8.8703E-03
  4.4200E+02  8.7361E-03
  4.4300E+02  8.6036E-03
  4.4400E+02  8.4726E-03
  4.4500E+02  8.3434E-03
  4.4600E+02  8.2157E-03
  4.4700E+02  8.0897E-03
  4.4800E+02  7.9654E-03
  4.4900E+02  7.8427E-03
  4.5000E+02  7.7216E-03
  4.5100E+02  7.6022E-03
  4.5200E+02  7.4845E-03
  4.5300E+02  7.3683E-03
  4.5400E+02  7.2538E-03
  4.5500E+02  7.1410E-03
  4.5600E+02  7.0298E-03
  4.5700E+02  6.9203E-03
  4.5800E+02  6.8123E-03
  4.5900E+02  6.7631E-03
  4.6000E+02  6.8522E-03
  4.6100E+02  6.9229E-03
  4.6200E+02  6.9340E-03
  4.6300E+02  7.0139E-03
  4.6400E+02  7.1627E-03
  4.6500E+02  9.3072E-03
  4.6600E+02  8.0505E-03
  4.6700E+02  6.7099E-03
  4.6800E+02  6.1061E-03
  4.6900E+02  5.9547E-03
  4.7000E+02  5.8308E-03
  4.7100E+02  5.7082E-03
  4.7200E+02  5.5868E-03
  4.7300E+02  5.4668E-03
  4.7400E+02  1.1009E-02
  4.7500E+02  2.8247E-02
  4.7600E+02  4.2130E-02
  4.7700E+02  5.7738E-02
  4.7800E+02  1.0181E-01
  4.7900E+02  8.7116E-02
  4.8000E+02  6.9642E-02
  4.8100E+02  6.9143E-02
  4.8200E+02  6.9296E-02
  4.8300E+02  6.9838E-02
  4.8400E+02  7.0169E-02
  4.8500E+02  7.1805E-02
  4.8600E+02  7.0480E-02
  4.8700E+02  7.1737E-02
  4.8800E+02  7.2763E-02
  4.8900E+02  7.3556E-02
  4.9000E+02  7.4158E-02
  4.9100E+02  7.6809E-02
  4.9200E+02  9.0910E-02
  4.9300E+02  8.8895E-02
  4.9400E+02  8.2193E-02
  4.9500E+02  7.7939E-02
  4.9600E+02  7.3907E-02
  4.9700E+02  6.9478E-02
  4.9800E+02  6.5815E-02
  4.9900E+02  7.6324E-02
  5.0000E+02  5.7730E-02
  5.0100E+02  3.9690E-02
  5.0200E+02  3.0000E-02
  5.0300E+02  2.6305E-02
  5.0400E+02  2.3387E-02
  5.0500E+02  2.0895E-02
  5.0600E+02  1.8903E-02
  5.0700E+02  1.7589E-02
  5.0800E+02  1.4914E-02
  5.0900E+02  1.2203E-02
  5.1000E+02  1.1017E-02
  5.1100E+02  9.8374E-03
  5.1200E+02  8.6629E-03
  5.1300E+02  7.4940E-03
  5.1400E+02  6.3307E-03
  5.1500E+02  5.1730E-03
  5.1600E+02  4.6087E-03
  5.1700E+02  4.7307E-03
  5.1800E+02  1.7639E-03
  5.1900E+02  1.0398E-03
  5.2000E+02  5.8352E-04
  5.2100E+02  2.5813E-04
  5.2200E+02  6.3629E-05
  5.2300E+02  0.0000E+00
