  0.0000E+00  0.0000E+00
  1.0000E+00  1.8002E-07
  2.0000E+00  7.2008E-07
  3.0000E+00  1.6202E-06
  4.0000E+00  2.8803E-06
  5.0000E+00  4.5005E-06
  6.0000E+00  6.4808E-06
  7.0000E+00  8.8211E-06
  8.0000E+00  1.1521E-05
  9.0000E+00  1.4582E-05
  1.0000E+01  1.8002E-05
  1.1000E+01  2.1783E-05
  1.2000E+01  2.5923E-05
  1.3000E+01  3.0424E-05
  1.4000E+01  3.5284E-05
  1.5000E+01  4.0505E-05
  1.6000E+01  4.6086E-05
  1.7000E+01  5.2027E-05
  1.8000E+01  5.8327E-05
  1.9000E+01  6.4988E-05
  2.0000E+01  7.2009E-05
  2.1000E+01  7.9390E-05
  2.2000E+01  8.7131E-05
  2.3000E+01  9.5232E-05
  2.4000E+01  1.0369E-04
  2.5000E+01  1.1251E-04
  2.6000E+01  1.2170E-04
  2.7000E+01  1.3124E-04
  2.8000E+01  1.4114E-04
  2.9000E+01  1.5140E-04
  3.0000E+01  1.6202E-04
  3.1000E+01  1.7300E-04
  3.2000E+01  1.8434E-04
  3.3000E+01  1.9604E-04
  3.4000E+01  2.0811E-04
  3.5000E+01  2.2053E-04
  3.6000E+01  2.3331E-04
  3.7000E+01  2.4645E-04
  3.8000E+01  2.5995E-04
  3.9000E+01  2.7381E-04
  4.0000E+01  2.8804E-04
  4.1000E+01  3.0262E-04
  4.2000E+01  3.1756E-04
  4.3000E+01  3.3286E-04
  4.4000E+01  3.4852E-04
  4.5000E+01  3.6455E-04
  4.6000E+01  3.8093E-04
  4.7000E+01  3.9767E-04
  4.8000E+01  4.1477E-04
  4.9000E+01  4.3224E-04
  5.0000E+01  4.5006E-04
  5.1000E+01  4.6824E-04
  5.2000E+01  4.8678E-04
  5.3000E+01  5.0568E-04
  5.4000E+01  5.2495E-04
  5.5000E+01  5.4457E-04
  5.6000E+01  5.6455E-04
  5.7000E+01  5.8489E-04
  5.8000E+01  6.0560E-04
  5.9000E+01  6.2666E-04
  6.0000E+01  6.4808E-04
  6.1000E+01  6.6987E-04
  6.2000E+01  6.9201E-04
  6.3000E+01  7.1451E-04
  6.4000E+01  7.3737E-04
  6.5000E+01  7.6060E-04
  6.6000E+01  7.8418E-04
  6.7000E+01  8.0812E-04
  6.8000E+01  8.3243E-04
  6.9000E+01  8.5709E-04
  7.0000E+01  8.8211E-04
  7.1000E+01  9.0750E-04
  7.2000E+01  9.3324E-04
  7.3000E+01  9.5934E-04
  7.4000E+01  9.8581E-04
  7.5000E+01  1.0126E-03
  7.6000E+01  1.0398E-03
  7.7000E+01  1.0674E-03
  7.8000E+01  1.0953E-03
  7.9000E+01  1.1235E-03
  8.0000E+01  1.1521E-03
  8.1000E+01  1.1811E-03
  8.2000E+01  1.2105E-03
  8.3000E+01  1.3047E-03
  8.4000E+01  1.6300E-03
  8.5000E+01  1.9540E-03
  8.6000E+01  2.2769E-03
  8.7000E+01  2.5986E-03
  8.8000E+01  2.9191E-03
  8.9000E+01  3.2384E-03
  9.0000E+01  3.5564E-03
  9.1000E+01  3.8733E-03
  9.2000E+01  4.1890E-03
  9.3000E+01  4.5035E-03
  9.4000E+01  4.8168E-03
  9.5000E+01  5.1289E-03
  9.6000E+01  5.4398E-03
  9.7000E+01  5.7495E-03
  9.8000E+01  6.0580E-03
  9.9000E+01  6.3653E-03
  1.0000E+02  6.6714E-03
  1.0100E+02  6.9763E-03
  1.0200E+02  7.3433E-03
  1.0300E+02  7.8200E-03
  1.0400E+02  8.2936E-03
  1.0500E+02  8.7643E-03
  1.0600E+02  9.2321E-03
  1.0700E+02  9.6968E-03
  1.0800E+02  1.0159E-02
  1.0900E+02  1.0618E-02
  1.1000E+02  1.1073E-02
  1.1100E+02  1.1525E-02
  1.1200E+02  1.1980E-02
  1.1300E+02  1.2451E-02
  1.1400E+02  1.2936E-02
  1.1500E+02  1.3437E-02
  1.1600E+02  1.3952E-02
  1.1700E+02  1.4482E-02
  1.1800E+02  1.5027E-02
  1.1900E+02  1.5588E-02
  1.2000E+02  1.6163E-02
  1.2100E+02  1.6753E-02
  1.2200E+02  1.7358E-02
  1.2300E+02  1.9618E-02
  1.2400E+02  2.1940E-02
  1.2500E+02  2.4086E-02
  1.2600E+02  2.6056E-02
  1.2700E+02  2.7849E-02
  1.2800E+02  2.9422E-02
  1.2900E+02  3.0514E-02
  1.3000E+02  3.1578E-02
  1.3100E+02  3.2611E-02
  1.3200E+02  3.3615E-02
  1.3300E+02  3.1104E-02
  1.3400E+02  2.9985E-02
  1.3500E+02  2.8062E-02
  1.3600E+02  2.5866E-02
  1.3700E+02  2.3989E-02
  1.3800E+02  2.2432E-02
  1.3900E+02  2.1426E-02
  1.4000E+02  2.1242E-02
  1.4100E+02  2.1064E-02
  1.4200E+02  2.0891E-02
  1.4300E+02  2.0724E-02
  1.4400E+02  2.0562E-02
  1.4500E+02  2.0406E-02
  1.4600E+02  2.0255E-02
  1.4700E+02  2.0110E-02
  1.4800E+02  1.9970E-02
  1.4900E+02  1.9835E-02
  1.5000E+02  1.9706E-02
  1.5100E+02  1.9583E-02
  1.5200E+02  1.9465E-02
  1.5300E+02  1.9352E-02
  1.5400E+02  1.9245E-02
  1.5500E+02  1.9143E-02
  1.5600E+02  1.9047E-02
  1.5700E+02  1.8956E-02
  1.5800E+02  1.8871E-02
  1.5900E+02  1.8791E-02
  1.6000E+02  1.8717E-02
  1.6100E+02  1.8648E-02
  1.6200E+02  1.8584E-02
  1.6300E+02  1.8526E-02
  1.6400E+02  1.8473E-02
  1.6500E+02  1.8426E-02
  1.6600E+02  1.8385E-02
  1.6700E+02  1.9732E-02
  1.6800E+02  2.1525E-02
  1.6900E+02  2.2141E-02
  1.7000E+02  2.1578E-02
  1.7100E+02  1.9837E-02
  1.7200E+02  1.9510E-02
  1.7300E+02  1.9538E-02
  1.7400E+02  1.9575E-02
  1.7500E+02  1.9621E-02
  1.7600E+02  1.9677E-02
  1.7700E+02  1.9741E-02
  1.7800E+02  1.7825E-02
  1.7900E+02  1.8314E-02
  1.8000E+02  1.8815E-02
  1.8100E+02  1.9327E-02
  1.8200E+02  1.9851E-02
  1.8300E+02  2.0386E-02
  1.8400E+02  2.0932E-02
  1.8500E+02  2.1490E-02
  1.8600E+02  2.2059E-02
  1.8700E+02  2.2640E-02
  1.8800E+02  2.5310E-02
  1.8900E+02  2.6537E-02
  1.9000E+02  2.7703E-02
  1.9100E+02  2.8809E-02
  1.9200E+02  2.9855E-02
  1.9300E+02  3.1624E-02
  1.9400E+02  3.3180E-02
  1.9500E+02  4.3043E-02
  1.9600E+02  2.4847E-03
  1.9700E+02  2.5666E-03
  1.9800E+02  2.4645E-03
  1.9900E+02  2.1782E-03
  2.0000E+02  1.7079E-03
  2.0100E+02  1.1805E-03
  2.0200E+02  1.2073E-03
  2.0300E+02  1.2342E-03
  2.0400E+02  1.2614E-03
  2.0500E+02  1.2887E-03
  2.0600E+02  1.3163E-03
  2.0700E+02  1.3440E-03
  2.0800E+02  1.3719E-03
  2.0900E+02  1.4000E-03
  2.1000E+02  1.4283E-03
  2.1100E+02  1.4568E-03
  2.1200E+02  1.4855E-03
  2.1300E+02  1.5143E-03
  2.1400E+02  1.5434E-03
  2.1500E+02  1.5726E-03
  2.1600E+02  1.6020E-03
  2.1700E+02  1.6316E-03
  2.1800E+02  1.6614E-03
  2.1900E+02  1.6914E-03
  2.2000E+02  1.7215E-03
  2.2100E+02  1.7519E-03
  2.2200E+02  1.7824E-03
  2.2300E+02  1.8132E-03
  2.2400E+02  1.8441E-03
  2.2500E+02  1.8752E-03
  2.2600E+02  1.9065E-03
  2.2700E+02  1.9380E-03
  2.2800E+02  1.9696E-03
  2.2900E+02  2.0015E-03
  2.3000E+02  2.0335E-03
  2.3100E+02  2.0657E-03
  2.3200E+02  2.0982E-03
  2.3300E+02  2.1308E-03
  2.3400E+02  2.1636E-03
  2.3500E+02  2.1965E-03
  2.3600E+02  2.2297E-03
  2.3700E+02  2.2631E-03
  2.3800E+02  2.2966E-03
  2.3900E+02  2.3303E-03
  2.4000E+02  2.3642E-03
  2.4100E+02  2.3983E-03
  2.4200E+02  2.4326E-03
  2.4300E+02  2.4671E-03
  2.4400E+02  2.5018E-03
  2.4500E+02  2.5366E-03
  2.4600E+02  2.5717E-03
  2.4700E+02  2.6069E-03
  2.4800E+02  2.6423E-03
  2.4900E+02  2.6779E-03
  2.5000E+02  2.7266E-03
  2.5100E+02  2.7765E-03
  2.5200E+02  2.8269E-03
  2.5300E+02  2.8778E-03
  2.5400E+02  2.9292E-03
  2.5500E+02  2.9812E-03
  2.5600E+02  3.0336E-03
  2.5700E+02  3.0866E-03
  2.5800E+02  3.1401E-03
  2.5900E+02  3.1941E-03
  2.6000E+02  3.2487E-03
  2.6100E+02  3.3038E-03
  2.6200E+02  3.3593E-03
  2.6300E+02  3.4155E-03
  2.6400E+02  3.4721E-03
  2.6500E+02  3.5292E-03
  2.6600E+02  3.5869E-03
  2.6700E+02  3.6451E-03
  2.6800E+02  3.7038E-03
  2.6900E+02  3.7630E-03
  2.7000E+02  3.8228E-03
  2.7100E+02  3.8830E-03
  2.7200E+02  3.9438E-03
  2.7300E+02  4.0051E-03
  2.7400E+02  4.0670E-03
  2.7500E+02  4.1293E-03
  2.7600E+02  4.1922E-03
  2.7700E+02  4.2556E-03
  2.7800E+02  4.3195E-03
  2.7900E+02  4.3839E-03
  2.8000E+02  4.4488E-03
  2.8100E+02  4.5143E-03
  2.8200E+02  4.5803E-03
  2.8300E+02  4.6468E-03
  2.8400E+02  4.7138E-03
  2.8500E+02  4.7814E-03
  2.8600E+02  4.8494E-03
  2.8700E+02  4.9264E-03
  2.8800E+02  5.0622E-03
  2.8900E+02  5.2020E-03
  2.9000E+02  5.3459E-03
  2.9100E+02  5.4938E-03
  2.9200E+02  5.6457E-03
  2.9300E+02  5.8017E-03
  2.9400E+02  5.9617E-03
  2.9500E+02  6.1258E-03
  2.9600E+02  6.2939E-03
  2.9700E+02  6.4661E-03
  2.9800E+02  6.6423E-03
  2.9900E+02  6.8225E-03
  3.0000E+02  7.0068E-03
  3.0100E+02  7.1951E-03
  3.0200E+02  7.3875E-03
  3.0300E+02  7.5839E-03
  3.0400E+02  7.7843E-03
  3.0500E+02  7.9888E-03
  3.0600E+02  8.1974E-03
  3.0700E+02  8.4099E-03
  3.0800E+02  8.6265E-03
  3.0900E+02  8.8472E-03
  3.1000E+02  9.0719E-03
  3.1100E+02  9.3006E-03
  3.1200E+02  9.5334E-03
  3.1300E+02  9.7702E-03
  3.1400E+02  1.0011E-02
  3.1500E+02  1.0256E-02
  3.1600E+02  1.0505E-02
  3.1700E+02  1.0758E-02
  3.1800E+02  1.1015E-02
  3.1900E+02  1.1276E-02
  3.2000E+02  1.1541E-02
  3.2100E+02  1.1810E-02
  3.2200E+02  1.2084E-02
  3.2300E+02  1.2361E-02
  3.2400E+02  1.2642E-02
  3.2500E+02  1.2927E-02
  3.2600E+02  1.3217E-02
  3.2700E+02  1.9373E-02
  3.2800E+02  1.9150E-02
  3.2900E+02  1.8897E-02
  3.3000E+02  1.8615E-02
  3.3100E+02  1.8304E-02
  3.3200E+02  1.7964E-02
  3.3300E+02  1.7595E-02
  3.3400E+02  1.7196E-02
  3.3500E+02  1.5662E-02
  3.3600E+02  1.3367E-02
  3.3700E+02  1.1435E-02
  3.3800E+02  9.8641E-03
  3.3900E+02  8.6558E-03
  3.4000E+02  8.0416E-03
  3.4100E+02  7.8748E-03
  3.4200E+02  7.7066E-03
  3.4300E+02  7.5367E-03
  3.4400E+02  7.3653E-03
  3.4500E+02  7.1924E-03
  3.4600E+02  7.0179E-03
  3.4700E+02  6.8418E-03
  3.4800E+02  6.6643E-03
  3.4900E+02  6.4851E-03
  3.5000E+02  6.3044E-03
  3.5100E+02  6.1222E-03
  3.5200E+02  5.9384E-03
  3.5300E+02  5.7530E-03
  3.5400E+02  5.5661E-03
  3.5500E+02  5.3777E-03
  3.5600E+02  5.1877E-03
  3.5700E+02  4.9961E-03
  3.5800E+02  4.8030E-03
  3.5900E+02  4.6083E-03
  3.6000E+02  4.4074E-03
  3.6100E+02  4.1954E-03
  3.6200E+02  3.9862E-03
  3.6300E+02  3.7797E-03
  3.6400E+02  3.5761E-03
  3.6500E+02  3.3753E-03
  3.6600E+02  3.1772E-03
  3.6700E+02  2.9820E-03
  3.6800E+02  2.7895E-03
  3.6900E+02  2.5999E-03
  3.7000E+02  2.4130E-03
  3.7100E+02  2.2290E-03
  3.7200E+02  2.0477E-03
  3.7300E+02  1.8693E-03
  3.7400E+02  1.6936E-03
  3.7500E+02  1.5207E-03
  3.7600E+02  1.3507E-03
  3.7700E+02  1.1834E-03
  3.7800E+02  1.0189E-03
  3.7900E+02  8.5725E-04
  3.8000E+02  6.9837E-04
  3.8100E+02  5.4229E-04
  3.8200E+02  3.8901E-04
  3.8300E+02  2.3852E-04
  3.8400E+02  9.0832E-05
  3.8500E+02  0.0000E+00
  3.8600E+02  3.2898E-04
  3.8700E+02  1.0169E-03
  3.8800E+02  1.7338E-03
  3.8900E+02  2.4795E-03
  3.9000E+02  3.2541E-03
  3.9100E+02  4.0577E-03
  3.9200E+02  4.8901E-03
  3.9300E+02  5.7514E-03
  3.9400E+02  6.6417E-03
  3.9500E+02  7.5608E-03
  3.9600E+02  8.5088E-03
  3.9700E+02  9.4858E-03
  3.9800E+02  1.0492E-02
  3.9900E+02  1.1526E-02
  4.0000E+02  1.2590E-02
  4.0100E+02  1.9265E-02
  4.0200E+02  1.8480E-02
  4.0300E+02  1.7733E-02
  4.0400E+02  1.7026E-02
  4.0500E+02  1.6358E-02
  4.0600E+02  1.5729E-02
  4.0700E+02  1.5140E-02
  4.0800E+02  1.4589E-02
  4.0900E+02  1.2955E-02
  4.1000E+02  1.2917E-02
  4.1100E+02  1.2877E-02
  4.1200E+02  1.2835E-02
  4.1300E+02  1.2791E-02
  4.1400E+02  1.2744E-02
  4.1500E+02  1.2696E-02
  4.1600E+02  1.2645E-02
  4.1700E+02  1.2592E-02
  4.1800E+02  1.2537E-02
  4.1900E+02  1.2479E-02
  4.2000E+02  1.2420E-02
  4.2100E+02  1.2358E-02
  4.2200E+02  1.2294E-02
  4.2300E+02  1.2228E-02
  4.2400E+02  1.2159E-02
  4.2500E+02  1.2089E-02
  4.2600E+02  1.2016E-02
  4.2700E+02  1.1941E-02
  4.2800E+02  1.1864E-02
  4.2900E+02  1.1785E-02
  4.3000E+02  1.1703E-02
  4.3100E+02  1.1619E-02
  4.3200E+02  1.1533E-02
  4.3300E+02  1.1445E-02
  4.3400E+02  1.1355E-02
  4.3500E+02  1.1263E-02
  4.3600E+02  1.1168E-02
  4.3700E+02  1.1071E-02
  4.3800E+02  1.0972E-02
  4.3900E+02  1.0871E-02
  4.4000E+02  1.0767E-02
  4.4100E+02  1.0662E-02
  4.4200E+02  1.0554E-02
  4.4300E+02  1.0444E-02
  4.4400E+02  1.0332E-02
  4.4500E+02  1.0218E-02
  4.4600E+02  1.0101E-02
  4.4700E+02  9.9823E-03
  4.4800E+02  9.8613E-03
  4.4900E+02  9.7382E-03
  4.5000E+02  9.7793E-03
  4.5100E+02  1.0807E-02
  4.5200E+02  1.1336E-02
  4.5300E+02  1.1368E-02
  4.5400E+02  1.0901E-02
  4.5500E+02  1.4454E-02
  4.5600E+02  1.5955E-02
  4.5700E+02  1.2885E-02
  4.5800E+02  8.3257E-03
  4.5900E+02  6.8196E-03
  4.6000E+02  6.0809E-03
  4.6100E+02  5.9307E-03
  4.6200E+02  5.8152E-03
  4.6300E+02  5.7009E-03
  4.6400E+02  5.5877E-03
  4.6500E+02  5.4757E-03
  4.6600E+02  5.3648E-03
  4.6700E+02  5.2552E-03
  4.6800E+02  5.1467E-03
  4.6900E+02  5.0393E-03
  4.7000E+02  4.9332E-03
  4.7100E+02  4.8281E-03
  4.7200E+02  4.7243E-03
  4.7300E+02  4.6216E-03
  4.7400E+02  1.0727E-02
  4.7500E+02  2.6699E-02
  4.7600E+02  3.6147E-02
  4.7700E+02  4.5078E-02
  4.7800E+02  5.3492E-02
  4.7900E+02  6.1389E-02
  4.8000E+02  8.0386E-02
  4.8100E+02  8.2418E-02
  4.8200E+02  8.2448E-02
  4.8300E+02  8.0477E-02
  4.8400E+02  7.0207E-02
  4.8500E+02  9.2232E-02
  4.8600E+02  9.1530E-02
  4.8700E+02  8.2849E-02
  4.8800E+02  8.0562E-02
  4.8900E+02  7.8266E-02
  4.9000E+02  7.5963E-02
  4.9100E+02  7.3651E-02
  4.9200E+02  7.1330E-02
  4.9300E+02  6.9170E-02
  4.9400E+02  6.7442E-02
  4.9500E+02  6.8888E-02
  4.9600E+02  7.1806E-02
  4.9700E+02  7.4230E-02
  4.9800E+02  8.2131E-02
  4.9900E+02  6.9389E-02
  5.0000E+02  5.6143E-02
  5.0100E+02  4.2747E-02
  5.0200E+02  3.3977E-02
  5.0300E+02  2.9906E-02
  5.0400E+02  2.6328E-02
  5.0500E+02  2.2971E-02
  5.0600E+02  2.0052E-02
  5.0700E+02  1.7354E-02
  5.0800E+02  1.4875E-02
  5.0900E+02  1.8099E-02
  5.1000E+02  6.0046E-03
  5.1100E+02  5.1154E-03
  5.1200E+02  4.2974E-03
  5.1300E+02  3.5507E-03
  5.1400E+02  2.8752E-03
  5.1500E+02  2.2709E-03
  5.1600E+02  1.7378E-03
  5.1700E+02  1.2759E-03
  5.1800E+02  8.8519E-04
  5.1900E+02  5.6573E-04
  5.2000E+02  3.1748E-04
  5.2100E+02  1.4044E-04
  5.2200E+02  3.4617E-05
  5.2300E+02  0.0000E+00
