 -9.0571E-06  0.0000E+00
  9.9999E-01  1.1041E-07
  2.0000E+00  4.4163E-07
  3.0000E+00  9.9367E-07
  4.0000E+00  1.7665E-06
  5.0000E+00  2.7602E-06
  6.0000E+00  3.9747E-06
  7.0000E+00  5.4100E-06
  8.0000E+00  7.0661E-06
  9.0000E+00  8.9431E-06
  1.0000E+01  1.1041E-05
  1.1000E+01  1.3359E-05
  1.2000E+01  1.5899E-05
  1.3000E+01  1.8659E-05
  1.4000E+01  2.1640E-05
  1.5000E+01  2.4842E-05
  1.6000E+01  2.8265E-05
  1.7000E+01  3.1908E-05
  1.8000E+01  3.5772E-05
  1.9000E+01  3.9857E-05
  2.0000E+01  4.4163E-05
  2.1000E+01  4.8690E-05
  2.2000E+01  5.3438E-05
  2.3000E+01  5.8406E-05
  2.4000E+01  6.3595E-05
  2.5000E+01  6.9005E-05
  2.6000E+01  7.4636E-05
  2.7000E+01  8.0488E-05
  2.8000E+01  8.6560E-05
  2.9000E+01  9.2853E-05
  3.0000E+01  9.9368E-05
  3.1000E+01  1.0610E-04
  3.2000E+01  1.1306E-04
  3.3000E+01  1.2023E-04
  3.4000E+01  1.2763E-04
  3.5000E+01  1.3525E-04
  3.6000E+01  1.4309E-04
  3.7000E+01  1.5115E-04
  3.8000E+01  1.5943E-04
  3.9000E+01  1.6793E-04
  4.0000E+01  1.7665E-04
  4.1000E+01  1.8560E-04
  4.2000E+01  1.9476E-04
  4.3000E+01  2.0415E-04
  4.4000E+01  2.1375E-04
  4.5000E+01  2.2358E-04
  4.6000E+01  2.3362E-04
  4.7000E+01  2.4389E-04
  4.8000E+01  2.5438E-04
  4.9000E+01  2.6509E-04
  5.0000E+01  2.7602E-04
  5.1000E+01  2.8717E-04
  5.2000E+01  2.9854E-04
  5.3000E+01  3.1014E-04
  5.4000E+01  3.2195E-04
  5.5000E+01  4.1699E-04
  5.6000E+01  5.1958E-04
  5.7000E+01  6.1711E-04
  5.8000E+01  7.0957E-04
  5.9000E+01  7.9698E-04
  6.0000E+01  8.7933E-04
  6.1000E+01  9.5661E-04
  6.2000E+01  1.0288E-03
  6.3000E+01  1.0960E-03
  6.4000E+01  1.1581E-03
  6.5000E+01  1.2151E-03
  6.6000E+01  1.2671E-03
  6.7000E+01  1.3140E-03
  6.8000E+01  1.3559E-03
  6.9000E+01  1.3927E-03
  7.0000E+01  1.4244E-03
  7.1000E+01  1.4511E-03
  7.2000E+01  1.4952E-03
  7.3000E+01  1.5522E-03
  7.4000E+01  1.6104E-03
  7.5000E+01  1.6696E-03
  7.6000E+01  1.7298E-03
  7.7000E+01  1.7911E-03
  7.8000E+01  1.8535E-03
  7.9000E+01  1.9170E-03
  8.0000E+01  1.9815E-03
  8.1000E+01  2.0522E-03
  8.2000E+01  2.1354E-03
  8.3000E+01  2.2261E-03
  8.4000E+01  2.3242E-03
  8.5000E+01  2.4297E-03
  8.6000E+01  2.5426E-03
  8.7000E+01  2.6630E-03
  8.8000E+01  2.7907E-03
  8.9000E+01  2.9282E-03
  9.0000E+01  3.0777E-03
  9.1000E+01  3.2393E-03
  9.2000E+01  3.4129E-03
  9.3000E+01  3.5986E-03
  9.4000E+01  3.7963E-03
  9.5000E+01  4.0060E-03
  9.6000E+01  4.2277E-03
  9.7000E+01  4.4615E-03
  9.8000E+01  4.7074E-03
  9.9000E+01  4.9530E-03
  1.0000E+02  5.2097E-03
  1.0100E+02  5.5429E-03
  1.0200E+02  5.9563E-03
  1.0300E+02  6.4529E-03
  1.0400E+02  7.1222E-03
  1.0500E+02  8.0490E-03
  1.0600E+02  9.0604E-03
  1.0700E+02  9.8981E-03
  1.0800E+02  1.1015E-02
  1.0900E+02  1.1807E-02
  1.1000E+02  1.2161E-02
  1.1100E+02  1.3002E-02
  1.1200E+02  1.3714E-02
  1.1300E+02  1.4290E-02
  1.1400E+02  1.4730E-02
  1.1500E+02  1.6510E-02
  1.1600E+02  1.9183E-02
  1.1700E+02  1.4478E-02
  1.1800E+02  1.4788E-02
  1.1900E+02  1.5099E-02
  1.2000E+02  1.5411E-02
  1.2100E+02  1.5726E-02
  1.2200E+02  1.6043E-02
  1.2300E+02  1.6362E-02
  1.2400E+02  1.6684E-02
  1.2500E+02  1.7009E-02
  1.2600E+02  1.7812E-02
  1.2700E+02  1.8474E-02
  1.2800E+02  1.8997E-02
  1.2900E+02  1.9444E-02
  1.3000E+02  1.9866E-02
  1.3100E+02  2.0714E-02
  1.3200E+02  2.1566E-02
  1.3300E+02  2.2301E-02
  1.3400E+02  2.3707E-02
  1.3500E+02  2.9238E-02
  1.3600E+02  3.1833E-02
  1.3700E+02  3.2965E-02
  1.3800E+02  3.4235E-02
  1.3900E+02  3.4673E-02
  1.4000E+02  3.4416E-02
  1.4100E+02  3.1710E-02
  1.4200E+02  3.1494E-02
  1.4300E+02  3.1958E-02
  1.4400E+02  2.9177E-02
  1.4500E+02  2.8831E-02
  1.4600E+02  2.8443E-02
  1.4700E+02  2.8013E-02
  1.4800E+02  2.7542E-02
  1.4900E+02  2.7107E-02
  1.5000E+02  2.6753E-02
  1.5100E+02  2.6391E-02
  1.5200E+02  2.6022E-02
  1.5300E+02  2.5652E-02
  1.5400E+02  2.5287E-02
  1.5500E+02  2.4926E-02
  1.5600E+02  2.4568E-02
  1.5700E+02  2.4258E-02
  1.5800E+02  2.5485E-02
  1.5900E+02  3.1363E-02
  1.6000E+02  2.4985E-02
  1.6100E+02  1.9575E-02
  1.6200E+02  1.7720E-02
  1.6300E+02  1.8552E-02
  1.6400E+02  1.5966E-02
  1.6500E+02  1.5773E-02
  1.6600E+02  1.5596E-02
  1.6700E+02  1.5434E-02
  1.6800E+02  1.5288E-02
  1.6900E+02  1.5148E-02
  1.7000E+02  1.5002E-02
  1.7100E+02  1.4851E-02
  1.7200E+02  1.4695E-02
  1.7300E+02  1.4533E-02
  1.7400E+02  1.4367E-02
  1.7500E+02  1.4195E-02
  1.7600E+02  1.4018E-02
  1.7700E+02  1.3836E-02
  1.7800E+02  1.3649E-02
  1.7900E+02  1.3635E-02
  1.8000E+02  1.3614E-02
  1.8100E+02  1.3582E-02
  1.8200E+02  1.3539E-02
  1.8300E+02  1.3488E-02
  1.8400E+02  1.3434E-02
  1.8500E+02  1.3380E-02
  1.8600E+02  1.3324E-02
  1.8700E+02  1.3082E-02
  1.8800E+02  1.3180E-02
  1.8900E+02  1.3274E-02
  1.9000E+02  1.3363E-02
  1.9100E+02  1.3447E-02
  1.9200E+02  1.3527E-02
  1.9300E+02  1.3602E-02
  1.9400E+02  1.3737E-02
  1.9500E+02  1.4161E-02
  1.9600E+02  1.4887E-02
  1.9700E+02  1.6402E-02
  1.9800E+02  1.7243E-02
  1.9900E+02  1.8281E-02
  2.0000E+02  1.9488E-02
  2.0100E+02  2.1443E-02
  2.0200E+02  2.3018E-02
  2.0300E+02  1.8878E-02
  2.0400E+02  1.5947E-02
  2.0500E+02  1.3060E-02
  2.0600E+02  1.0217E-02
  2.0700E+02  7.4165E-03
  2.0800E+02  4.4738E-03
  2.0900E+02  3.6014E-03
  2.1000E+02  2.8765E-03
  2.1100E+02  2.2991E-03
  2.1200E+02  1.8690E-03
  2.1300E+02  1.5865E-03
  2.1400E+02  1.4517E-03
  2.1500E+02  1.4516E-03
  2.1600E+02  1.4772E-03
  2.1700E+02  1.5033E-03
  2.1800E+02  1.5301E-03
  2.1900E+02  1.5575E-03
  2.2000E+02  1.5855E-03
  2.2100E+02  1.6142E-03
  2.2200E+02  1.6435E-03
  2.2300E+02  1.6733E-03
  2.2400E+02  1.7037E-03
  2.2500E+02  1.7346E-03
  2.2600E+02  1.7659E-03
  2.2700E+02  1.7978E-03
  2.2800E+02  1.8302E-03
  2.2900E+02  1.8631E-03
  2.3000E+02  1.8962E-03
  2.3100E+02  1.9252E-03
  2.3200E+02  1.9513E-03
  2.3300E+02  1.9745E-03
  2.3400E+02  1.9947E-03
  2.3500E+02  2.0121E-03
  2.3600E+02  2.0265E-03
  2.3700E+02  2.0380E-03
  2.3800E+02  2.0694E-03
  2.3900E+02  2.1045E-03
  2.4000E+02  2.1400E-03
  2.4100E+02  2.1758E-03
  2.4200E+02  2.2120E-03
  2.4300E+02  2.2485E-03
  2.4400E+02  2.2854E-03
  2.4500E+02  2.3227E-03
  2.4600E+02  2.3602E-03
  2.4700E+02  2.3982E-03
  2.4800E+02  2.4365E-03
  2.4900E+02  2.4751E-03
  2.5000E+02  2.5141E-03
  2.5100E+02  2.5535E-03
  2.5200E+02  2.5932E-03
  2.5300E+02  2.6332E-03
  2.5400E+02  2.6736E-03
  2.5500E+02  2.7144E-03
  2.5600E+02  2.7555E-03
  2.5700E+02  2.7969E-03
  2.5800E+02  2.8388E-03
  2.5900E+02  2.8809E-03
  2.6000E+02  2.9234E-03
  2.6100E+02  2.9663E-03
  2.6200E+02  3.0095E-03
  2.6300E+02  3.0531E-03
  2.6400E+02  3.0971E-03
  2.6500E+02  3.1592E-03
  2.6600E+02  3.2521E-03
  2.6700E+02  3.3686E-03
  2.6800E+02  3.4403E-03
  2.6900E+02  3.5100E-03
  2.7000E+02  3.5785E-03
  2.7100E+02  3.6458E-03
  2.7200E+02  3.7119E-03
  2.7300E+02  3.7768E-03
  2.7400E+02  3.8405E-03
  2.7500E+02  3.9031E-03
  2.7600E+02  3.9644E-03
  2.7700E+02  4.0245E-03
  2.7800E+02  4.0835E-03
  2.7900E+02  4.1412E-03
  2.8000E+02  4.1978E-03
  2.8100E+02  4.2541E-03
  2.8200E+02  4.3190E-03
  2.8300E+02  4.3865E-03
  2.8400E+02  4.4566E-03
  2.8500E+02  4.5292E-03
  2.8600E+02  4.6044E-03
  2.8700E+02  4.6821E-03
  2.8800E+02  4.7624E-03
  2.8900E+02  4.8453E-03
  2.9000E+02  4.9307E-03
  2.9100E+02  5.0187E-03
  2.9200E+02  5.1092E-03
  2.9300E+02  5.2023E-03
  2.9400E+02  5.2980E-03
  2.9500E+02  5.3962E-03
  2.9600E+02  5.4970E-03
  2.9700E+02  5.6003E-03
  2.9800E+02  5.7063E-03
  2.9900E+02  5.8153E-03
  3.0000E+02  5.9275E-03
  3.0100E+02  6.0429E-03
  3.0200E+02  6.1631E-03
  3.0300E+02  6.2882E-03
  3.0400E+02  6.4182E-03
  3.0500E+02  6.5568E-03
  3.0600E+02  6.7063E-03
  3.0700E+02  6.8660E-03
  3.0800E+02  7.0621E-03
  3.0900E+02  7.3207E-03
  3.1000E+02  7.6337E-03
  3.1100E+02  7.9288E-03
  3.1200E+02  8.1890E-03
  3.1300E+02  8.4144E-03
  3.1400E+02  8.6048E-03
  3.1500E+02  8.8878E-03
  3.1600E+02  9.2105E-03
  3.1700E+02  9.5514E-03
  3.1800E+02  9.9106E-03
  3.1900E+02  1.0288E-02
  3.2000E+02  1.0684E-02
  3.2100E+02  1.1098E-02
  3.2200E+02  1.1530E-02
  3.2300E+02  1.1981E-02
  3.2400E+02  1.2450E-02
  3.2500E+02  1.3172E-02
  3.2600E+02  1.4196E-02
  3.2700E+02  1.5152E-02
  3.2800E+02  1.6163E-02
  3.2900E+02  1.5036E-02
  3.3000E+02  1.4851E-02
  3.3100E+02  1.4777E-02
  3.3200E+02  1.4812E-02
  3.3300E+02  1.4957E-02
  3.3400E+02  1.5083E-02
  3.3500E+02  1.4993E-02
  3.3600E+02  1.4695E-02
  3.3700E+02  1.4236E-02
  3.3800E+02  1.3856E-02
  3.3900E+02  1.3459E-02
  3.4000E+02  1.3046E-02
  3.4100E+02  1.2616E-02
  3.4200E+02  1.2170E-02
  3.4300E+02  1.0706E-02
  3.4400E+02  1.0038E-02
  3.4500E+02  9.5126E-03
  3.4600E+02  9.0901E-03
  3.4700E+02  8.6883E-03
  3.4800E+02  8.3049E-03
  3.4900E+02  7.9399E-03
  3.5000E+02  7.5933E-03
  3.5100E+02  7.2651E-03
  3.5200E+02  6.9552E-03
  3.5300E+02  6.6638E-03
  3.5400E+02  6.3908E-03
  3.5500E+02  6.1361E-03
  3.5600E+02  5.8926E-03
  3.5700E+02  5.4608E-03
  3.5800E+02  5.0684E-03
  3.5900E+02  4.7154E-03
  3.6000E+02  4.4018E-03
  3.6100E+02  4.1275E-03
  3.6200E+02  3.9101E-03
  3.6300E+02  3.7428E-03
  3.6400E+02  3.5751E-03
  3.6500E+02  3.4071E-03
  3.6600E+02  3.1534E-03
  3.6700E+02  2.8535E-03
  3.6800E+02  2.5319E-03
  3.6900E+02  2.1888E-03
  3.7000E+02  1.8240E-03
  3.7100E+02  1.7492E-03
  3.7200E+02  1.6992E-03
  3.7300E+02  1.6484E-03
  3.7400E+02  1.5969E-03
  3.7500E+02  1.5445E-03
  3.7600E+02  1.6843E-03
  3.7700E+02  2.3955E-03
  3.7800E+02  3.0268E-03
  3.7900E+02  3.5782E-03
  3.8000E+02  4.3367E-03
  3.8100E+02  4.6690E-03
  3.8200E+02  4.9821E-03
  3.8300E+02  5.2760E-03
  3.8400E+02  5.5508E-03
  3.8500E+02  5.8064E-03
  3.8600E+02  6.0429E-03
  3.8700E+02  6.2578E-03
  3.8800E+02  6.4498E-03
  3.8900E+02  6.6300E-03
  3.9000E+02  6.9360E-03
  3.9100E+02  7.4308E-03
  3.9200E+02  7.7904E-03
  3.9300E+02  8.1403E-03
  3.9400E+02  8.4676E-03
  3.9500E+02  8.7721E-03
  3.9600E+02  9.0540E-03
  3.9700E+02  9.3131E-03
  3.9800E+02  9.5496E-03
  3.9900E+02  9.7635E-03
  4.0000E+02  9.9546E-03
  4.0100E+02  1.0123E-02
  4.0200E+02  1.0270E-02
  4.0300E+02  1.0436E-02
  4.0400E+02  1.0706E-02
  4.0500E+02  1.1114E-02
  4.0600E+02  1.1392E-02
  4.0700E+02  1.1632E-02
  4.0800E+02  1.1898E-02
  4.0900E+02  1.2231E-02
  4.1000E+02  1.2643E-02
  4.1100E+02  1.3123E-02
  4.1200E+02  1.3670E-02
  4.1300E+02  1.4285E-02
  4.1400E+02  1.4861E-02
  4.1500E+02  1.6010E-02
  4.1600E+02  1.5647E-02
  4.1700E+02  1.2948E-02
  4.1800E+02  1.2612E-02
  4.1900E+02  1.2452E-02
  4.2000E+02  1.2467E-02
  4.2100E+02  1.2314E-02
  4.2200E+02  1.2221E-02
  4.2300E+02  1.2122E-02
  4.2400E+02  1.2017E-02
  4.2500E+02  1.1908E-02
  4.2600E+02  1.1794E-02
  4.2700E+02  1.1674E-02
  4.2800E+02  1.1550E-02
  4.2900E+02  1.1420E-02
  4.3000E+02  1.1285E-02
  4.3100E+02  1.1145E-02
  4.3200E+02  1.1000E-02
  4.3300E+02  1.0849E-02
  4.3400E+02  1.0694E-02
  4.3500E+02  1.0533E-02
  4.3600E+02  1.0397E-02
  4.3700E+02  1.0308E-02
  4.3800E+02  1.0108E-02
  4.3900E+02  9.7977E-03
  4.4000E+02  9.4433E-03
  4.4100E+02  9.3134E-03
  4.4200E+02  9.2161E-03
  4.4300E+02  9.1433E-03
  4.4400E+02  9.1360E-03
  4.4500E+02  9.1944E-03
  4.4600E+02  9.0954E-03
  4.4700E+02  8.6144E-03
  4.4800E+02  8.6650E-03
  4.4900E+02  8.5827E-03
  4.5000E+02  8.3107E-03
  4.5100E+02  7.8490E-03
  4.5200E+02  7.5200E-03
  4.5300E+02  7.4114E-03
  4.5400E+02  7.3036E-03
  4.5500E+02  7.1963E-03
  4.5600E+02  7.0898E-03
  4.5700E+02  6.9839E-03
  4.5800E+02  6.8786E-03
  4.5900E+02  6.7741E-03
  4.6000E+02  6.6702E-03
  4.6100E+02  6.5669E-03
  4.6200E+02  6.4643E-03
  4.6300E+02  6.3624E-03
  4.6400E+02  6.2612E-03
  4.6500E+02  6.1606E-03
  4.6600E+02  6.0607E-03
  4.6700E+02  5.9614E-03
  4.6800E+02  5.8628E-03
  4.6900E+02  5.7649E-03
  4.7000E+02  5.6677E-03
  4.7100E+02  5.5711E-03
  4.7200E+02  5.6050E-03
  4.7300E+02  6.1218E-03
  4.7400E+02  1.9366E-02
  4.7500E+02  2.9390E-02
  4.7600E+02  5.2689E-02
  4.7700E+02  6.4703E-02
  4.7800E+02  8.4771E-02
  4.7900E+02  8.8170E-02
  4.8000E+02  7.5603E-02
  4.8100E+02  7.1909E-02
  4.8200E+02  6.8012E-02
  4.8300E+02  6.7538E-02
  4.8400E+02  6.9538E-02
  4.8500E+02  7.0519E-02
  4.8600E+02  7.0008E-02
  4.8700E+02  6.9364E-02
  4.8800E+02  6.8450E-02
  4.8900E+02  6.8712E-02
  4.9000E+02  6.8906E-02
  4.9100E+02  7.0673E-02
  4.9200E+02  7.1627E-02
  4.9300E+02  7.2881E-02
  4.9400E+02  7.9173E-02
  4.9500E+02  8.3793E-02
  4.9600E+02  7.8922E-02
  4.9700E+02  7.5914E-02
  4.9800E+02  7.2440E-02
  4.9900E+02  1.1343E-01
  5.0000E+02  6.3975E-02
  5.0100E+02  4.5339E-02
  5.0200E+02  3.5159E-02
  5.0300E+02  2.7311E-02
  5.0400E+02  2.2616E-02
  5.0500E+02  1.9967E-02
  5.0600E+02  1.7754E-02
  5.0700E+02  1.5984E-02
  5.0800E+02  1.4560E-02
  5.0900E+02  1.3395E-02
  5.1000E+02  1.3369E-02
  5.1100E+02  9.4424E-03
  5.1200E+02  8.7279E-03
  5.1300E+02  8.0190E-03
  5.1400E+02  7.1720E-03
  5.1500E+02  6.1870E-03
  5.1600E+02  5.0640E-03
  5.1700E+02  3.8581E-03
  5.1800E+02  3.7749E-03
  5.1900E+02  3.0951E-03
  5.2000E+02  8.9931E-04
  5.2100E+02  3.9783E-04
  5.2200E+02  9.8061E-05
  5.2300E+02  0.0000E+00
