  0.0000E+00  0.0000E+00
  1.0000E+00  9.7574E-08
  2.0000E+00  3.9030E-07
  3.0000E+00  8.7819E-07
  4.0000E+00  1.5612E-06
  5.0000E+00  2.4394E-06
  6.0000E+00  3.5128E-06
  7.0000E+00  4.7813E-06
  8.0000E+00  6.2449E-06
  9.0000E+00  7.9037E-06
  1.0000E+01  9.7577E-06
  1.1000E+01  1.1807E-05
  1.2000E+01  1.4051E-05
  1.3000E+01  1.6491E-05
  1.4000E+01  1.9125E-05
  1.5000E+01  2.1955E-05
  1.6000E+01  2.4980E-05
  1.7000E+01  2.8200E-05
  1.8000E+01  3.1615E-05
  1.9000E+01  3.5225E-05
  2.0000E+01  3.9031E-05
  2.1000E+01  4.3032E-05
  2.2000E+01  4.7227E-05
  2.3000E+01  5.1618E-05
  2.4000E+01  5.6205E-05
  2.5000E+01  6.0986E-05
  2.6000E+01  6.5962E-05
  2.7000E+01  7.1134E-05
  2.8000E+01  7.6501E-05
  2.9000E+01  8.2062E-05
  3.0000E+01  8.7820E-05
  3.1000E+01  9.3772E-05
  3.2000E+01  9.9919E-05
  3.3000E+01  1.0626E-04
  3.4000E+01  1.1280E-04
  3.5000E+01  1.1953E-04
  3.6000E+01  1.2646E-04
  3.7000E+01  1.3358E-04
  3.8000E+01  1.4090E-04
  3.9000E+01  1.4842E-04
  4.0000E+01  1.5612E-04
  4.1000E+01  1.6403E-04
  4.2000E+01  1.7213E-04
  4.3000E+01  1.8042E-04
  4.4000E+01  1.8891E-04
  4.5000E+01  1.9759E-04
  4.6000E+01  2.0647E-04
  4.7000E+01  2.1555E-04
  4.8000E+01  2.2482E-04
  4.9000E+01  2.3428E-04
  5.0000E+01  2.4394E-04
  5.1000E+01  2.5380E-04
  5.2000E+01  3.0913E-04
  5.3000E+01  4.0813E-04
  5.4000E+01  5.0107E-04
  5.5000E+01  5.8795E-04
  5.6000E+01  6.6877E-04
  5.7000E+01  7.4352E-04
  5.8000E+01  8.1221E-04
  5.9000E+01  8.7484E-04
  6.0000E+01  9.3141E-04
  6.1000E+01  9.8191E-04
  6.2000E+01  1.0264E-03
  6.3000E+01  1.0647E-03
  6.4000E+01  1.0971E-03
  6.5000E+01  1.1233E-03
  6.6000E+01  1.1435E-03
  6.7000E+01  1.1765E-03
  6.8000E+01  1.2264E-03
  6.9000E+01  1.2771E-03
  7.0000E+01  1.3286E-03
  7.1000E+01  1.3811E-03
  7.2000E+01  1.4344E-03
  7.3000E+01  1.4885E-03
  7.4000E+01  1.5436E-03
  7.5000E+01  1.5995E-03
  7.6000E+01  1.6640E-03
  7.7000E+01  1.7344E-03
  7.8000E+01  1.8098E-03
  7.9000E+01  1.8904E-03
  8.0000E+01  1.9760E-03
  8.1000E+01  2.0667E-03
  8.2000E+01  2.1626E-03
  8.3000E+01  2.2638E-03
  8.4000E+01  2.3731E-03
  8.5000E+01  2.4912E-03
  8.6000E+01  2.6180E-03
  8.7000E+01  2.7535E-03
  8.8000E+01  2.8977E-03
  8.9000E+01  3.0506E-03
  9.0000E+01  3.2122E-03
  9.1000E+01  3.3826E-03
  9.2000E+01  3.5616E-03
  9.3000E+01  3.7426E-03
  9.4000E+01  3.9279E-03
  9.5000E+01  4.2099E-03
  9.6000E+01  4.6114E-03
  9.7000E+01  4.9001E-03
  9.8000E+01  5.1280E-03
  9.9000E+01  5.3249E-03
  1.0000E+02  5.5660E-03
  1.0100E+02  6.3593E-03
  1.0200E+02  7.1147E-03
  1.0300E+02  7.7330E-03
  1.0400E+02  8.1392E-03
  1.0500E+02  8.5995E-03
  1.0600E+02  9.1748E-03
  1.0700E+02  9.7246E-03
  1.0800E+02  1.0258E-02
  1.0900E+02  1.0805E-02
  1.1000E+02  1.1365E-02
  1.1100E+02  1.1939E-02
  1.1200E+02  1.2526E-02
  1.1300E+02  1.4349E-02
  1.1400E+02  1.4578E-02
  1.1500E+02  1.6592E-02
  1.1600E+02  1.3978E-02
  1.1700E+02  1.4363E-02
  1.1800E+02  1.4746E-02
  1.1900E+02  1.5129E-02
  1.2000E+02  1.5511E-02
  1.2100E+02  1.5893E-02
  1.2200E+02  1.6274E-02
  1.2300E+02  1.7019E-02
  1.2400E+02  1.7653E-02
  1.2500E+02  1.7888E-02
  1.2600E+02  1.8268E-02
  1.2700E+02  1.8711E-02
  1.2800E+02  1.9224E-02
  1.2900E+02  1.9956E-02
  1.3000E+02  2.0913E-02
  1.3100E+02  2.1588E-02
  1.3200E+02  2.2589E-02
  1.3300E+02  2.4351E-02
  1.3400E+02  2.6400E-02
  1.3500E+02  3.1470E-02
  1.3600E+02  3.2862E-02
  1.3700E+02  3.2668E-02
  1.3800E+02  2.9272E-02
  1.3900E+02  2.9619E-02
  1.4000E+02  2.9710E-02
  1.4100E+02  2.9444E-02
  1.4200E+02  2.9171E-02
  1.4300E+02  2.8890E-02
  1.4400E+02  2.8603E-02
  1.4500E+02  2.8310E-02
  1.4600E+02  2.8040E-02
  1.4700E+02  2.7764E-02
  1.4800E+02  2.7486E-02
  1.4900E+02  2.7199E-02
  1.5000E+02  2.7009E-02
  1.5100E+02  2.7026E-02
  1.5200E+02  2.7105E-02
  1.5300E+02  2.7082E-02
  1.5400E+02  2.6543E-02
  1.5500E+02  2.5686E-02
  1.5600E+02  2.4554E-02
  1.5700E+02  2.3657E-02
  1.5800E+02  2.2875E-02
  1.5900E+02  2.0317E-02
  1.6000E+02  1.8572E-02
  1.6100E+02  1.7844E-02
  1.6200E+02  1.7602E-02
  1.6300E+02  1.7355E-02
  1.6400E+02  1.7103E-02
  1.6500E+02  1.6845E-02
  1.6600E+02  1.6583E-02
  1.6700E+02  1.6317E-02
  1.6800E+02  1.6057E-02
  1.6900E+02  1.5804E-02
  1.7000E+02  1.5648E-02
  1.7100E+02  1.5615E-02
  1.7200E+02  1.5582E-02
  1.7300E+02  1.5449E-02
  1.7400E+02  1.5315E-02
  1.7500E+02  1.5180E-02
  1.7600E+02  1.5044E-02
  1.7700E+02  1.4906E-02
  1.7800E+02  1.4776E-02
  1.7900E+02  1.4667E-02
  1.8000E+02  1.4577E-02
  1.8100E+02  1.4509E-02
  1.8200E+02  1.4461E-02
  1.8300E+02  1.4239E-02
  1.8400E+02  1.4163E-02
  1.8500E+02  1.4210E-02
  1.8600E+02  1.4230E-02
  1.8700E+02  1.4220E-02
  1.8800E+02  1.4179E-02
  1.8900E+02  1.4269E-02
  1.9000E+02  1.4369E-02
  1.9100E+02  1.4493E-02
  1.9200E+02  1.4741E-02
  1.9300E+02  1.8749E-02
  1.9400E+02  1.7773E-02
  1.9500E+02  1.7797E-02
  1.9600E+02  1.8011E-02
  1.9700E+02  1.8157E-02
  1.9800E+02  1.8211E-02
  1.9900E+02  1.8173E-02
  2.0000E+02  1.8042E-02
  2.0100E+02  1.6983E-02
  2.0200E+02  1.5486E-02
  2.0300E+02  1.4321E-02
  2.0400E+02  1.2973E-02
  2.0500E+02  1.1442E-02
  2.0600E+02  9.7179E-03
  2.0700E+02  8.0858E-03
  2.0800E+02  6.5641E-03
  2.0900E+02  5.1527E-03
  2.1000E+02  3.8517E-03
  2.1100E+02  1.4110E-03
  2.1200E+02  1.4354E-03
  2.1300E+02  1.4600E-03
  2.1400E+02  1.4815E-03
  2.1500E+02  1.4993E-03
  2.1600E+02  1.5133E-03
  2.1700E+02  1.5235E-03
  2.1800E+02  1.5299E-03
  2.1900E+02  1.5526E-03
  2.2000E+02  1.5780E-03
  2.2100E+02  1.6035E-03
  2.2200E+02  1.6292E-03
  2.2300E+02  1.6552E-03
  2.2400E+02  1.6813E-03
  2.2500E+02  1.7076E-03
  2.2600E+02  1.7341E-03
  2.2700E+02  1.7608E-03
  2.2800E+02  1.7877E-03
  2.2900E+02  1.8148E-03
  2.3000E+02  1.8420E-03
  2.3100E+02  1.8695E-03
  2.3200E+02  1.8972E-03
  2.3300E+02  1.9250E-03
  2.3400E+02  1.9530E-03
  2.3500E+02  1.9813E-03
  2.3600E+02  2.0097E-03
  2.3700E+02  2.0383E-03
  2.3800E+02  2.0672E-03
  2.3900E+02  2.0962E-03
  2.4000E+02  2.1254E-03
  2.4100E+02  2.1548E-03
  2.4200E+02  2.1843E-03
  2.4300E+02  2.2141E-03
  2.4400E+02  2.2448E-03
  2.4500E+02  2.2853E-03
  2.4600E+02  2.3383E-03
  2.4700E+02  2.3955E-03
  2.4800E+02  2.4483E-03
  2.4900E+02  2.4993E-03
  2.5000E+02  2.5486E-03
  2.5100E+02  2.5967E-03
  2.5200E+02  2.6440E-03
  2.5300E+02  2.6904E-03
  2.5400E+02  2.7359E-03
  2.5500E+02  2.7806E-03
  2.5600E+02  2.8245E-03
  2.5700E+02  2.8675E-03
  2.5800E+02  2.9096E-03
  2.5900E+02  2.9508E-03
  2.6000E+02  2.9912E-03
  2.6100E+02  3.0307E-03
  2.6200E+02  3.0694E-03
  2.6300E+02  3.1072E-03
  2.6400E+02  3.1471E-03
  2.6500E+02  3.1912E-03
  2.6600E+02  3.2370E-03
  2.6700E+02  3.2843E-03
  2.6800E+02  3.3333E-03
  2.6900E+02  3.3838E-03
  2.7000E+02  3.4359E-03
  2.7100E+02  3.4897E-03
  2.7200E+02  3.5450E-03
  2.7300E+02  3.6020E-03
  2.7400E+02  3.6605E-03
  2.7500E+02  3.7207E-03
  2.7600E+02  3.7826E-03
  2.7700E+02  3.8462E-03
  2.7800E+02  3.9114E-03
  2.7900E+02  3.9782E-03
  2.8000E+02  4.0468E-03
  2.8100E+02  4.1172E-03
  2.8200E+02  4.1894E-03
  2.8300E+02  4.2633E-03
  2.8400E+02  4.3388E-03
  2.8500E+02  4.4160E-03
  2.8600E+02  4.4948E-03
  2.8700E+02  4.5752E-03
  2.8800E+02  4.6580E-03
  2.8900E+02  4.7572E-03
  2.9000E+02  4.8899E-03
  2.9100E+02  5.0173E-03
  2.9200E+02  5.1359E-03
  2.9300E+02  5.2456E-03
  2.9400E+02  5.3465E-03
  2.9500E+02  5.4386E-03
  2.9600E+02  5.5218E-03
  2.9700E+02  5.5961E-03
  2.9800E+02  5.6944E-03
  2.9900E+02  5.8103E-03
  3.0000E+02  5.9279E-03
  3.0100E+02  6.0471E-03
  3.0200E+02  6.1680E-03
  3.0300E+02  6.2905E-03
  3.0400E+02  6.4147E-03
  3.0500E+02  6.5406E-03
  3.0600E+02  6.6681E-03
  3.0700E+02  6.7973E-03
  3.0800E+02  6.9282E-03
  3.0900E+02  7.1047E-03
  3.1000E+02  7.3013E-03
  3.1100E+02  7.4849E-03
  3.1200E+02  7.6553E-03
  3.1300E+02  7.8127E-03
  3.1400E+02  8.0036E-03
  3.1500E+02  8.2523E-03
  3.1600E+02  8.5297E-03
  3.1700E+02  8.8360E-03
  3.1800E+02  9.1710E-03
  3.1900E+02  9.5348E-03
  3.2000E+02  9.9270E-03
  3.2100E+02  1.0348E-02
  3.2200E+02  1.0798E-02
  3.2300E+02  1.1277E-02
  3.2400E+02  1.2164E-02
  3.2500E+02  1.3145E-02
  3.2600E+02  1.3808E-02
  3.2700E+02  1.4258E-02
  3.2800E+02  1.4521E-02
  3.2900E+02  1.4689E-02
  3.3000E+02  1.4772E-02
  3.3100E+02  1.4769E-02
  3.3200E+02  1.4679E-02
  3.3300E+02  1.4573E-02
  3.3400E+02  1.4536E-02
  3.3500E+02  1.4532E-02
  3.3600E+02  1.4467E-02
  3.3700E+02  1.4306E-02
  3.3800E+02  1.4041E-02
  3.3900E+02  1.3659E-02
  3.4000E+02  1.3190E-02
  3.4100E+02  1.2865E-02
  3.4200E+02  1.2677E-02
  3.4300E+02  1.2522E-02
  3.4400E+02  1.1949E-02
  3.4500E+02  1.1361E-02
  3.4600E+02  1.0760E-02
  3.4700E+02  1.0149E-02
  3.4800E+02  9.5120E-03
  3.4900E+02  8.7507E-03
  3.5000E+02  8.2959E-03
  3.5100E+02  7.6562E-03
  3.5200E+02  6.9985E-03
  3.5300E+02  6.4032E-03
  3.5400E+02  5.9472E-03
  3.5500E+02  5.6273E-03
  3.5600E+02  5.3506E-03
  3.5700E+02  5.0051E-03
  3.5800E+02  4.6807E-03
  3.5900E+02  4.3773E-03
  3.6000E+02  4.0950E-03
  3.6100E+02  3.8342E-03
  3.6200E+02  3.5952E-03
  3.6300E+02  3.3781E-03
  3.6400E+02  3.1829E-03
  3.6500E+02  3.0096E-03
  3.6600E+02  2.8582E-03
  3.6700E+02  2.7773E-03
  3.6800E+02  2.7202E-03
  3.6900E+02  2.6845E-03
  3.7000E+02  2.6703E-03
  3.7100E+02  2.6774E-03
  3.7200E+02  2.7060E-03
  3.7300E+02  2.7560E-03
  3.7400E+02  2.8274E-03
  3.7500E+02  2.9201E-03
  3.7600E+02  3.0343E-03
  3.7700E+02  3.1683E-03
  3.7800E+02  3.3210E-03
  3.7900E+02  3.4923E-03
  3.8000E+02  3.6824E-03
  3.8100E+02  3.7974E-03
  3.8200E+02  4.0847E-03
  3.8300E+02  4.4936E-03
  3.8400E+02  4.8738E-03
  3.8500E+02  5.2257E-03
  3.8600E+02  5.5612E-03
  3.8700E+02  5.9135E-03
  3.8800E+02  6.2983E-03
  3.8900E+02  6.7157E-03
  3.9000E+02  7.1657E-03
  3.9100E+02  7.6483E-03
  3.9200E+02  8.1634E-03
  3.9300E+02  8.7104E-03
  3.9400E+02  9.1899E-03
  3.9500E+02  9.6006E-03
  3.9600E+02  9.9427E-03
  3.9700E+02  1.0367E-02
  3.9800E+02  1.0960E-02
  3.9900E+02  1.1455E-02
  4.0000E+02  1.1277E-02
  4.0100E+02  1.1940E-02
  4.0200E+02  1.3283E-02
  4.0300E+02  1.4585E-02
  4.0400E+02  1.1242E-02
  4.0500E+02  1.1168E-02
  4.0600E+02  1.1134E-02
  4.0700E+02  1.1141E-02
  4.0800E+02  1.1189E-02
  4.0900E+02  1.1277E-02
  4.1000E+02  1.1394E-02
  4.1100E+02  1.1536E-02
  4.1200E+02  1.1703E-02
  4.1300E+02  1.1810E-02
  4.1400E+02  1.1902E-02
  4.1500E+02  1.1983E-02
  4.1600E+02  1.2054E-02
  4.1700E+02  1.2115E-02
  4.1800E+02  1.2167E-02
  4.1900E+02  1.2212E-02
  4.2000E+02  1.2250E-02
  4.2100E+02  1.2281E-02
  4.2200E+02  1.2304E-02
  4.2300E+02  1.2335E-02
  4.2400E+02  1.2697E-02
  4.2500E+02  1.3636E-02
  4.2600E+02  1.3742E-02
  4.2700E+02  1.3724E-02
  4.2800E+02  1.3582E-02
  4.2900E+02  1.3243E-02
  4.3000E+02  1.2748E-02
  4.3100E+02  1.0857E-02
  4.3200E+02  1.0517E-02
  4.3300E+02  1.0267E-02
  4.3400E+02  1.0031E-02
  4.3500E+02  9.7778E-03
  4.3600E+02  9.5066E-03
  4.3700E+02  9.3473E-03
  4.3800E+02  9.1985E-03
  4.3900E+02  9.0519E-03
  4.4000E+02  8.9077E-03
  4.4100E+02  8.7659E-03
  4.4200E+02  8.6263E-03
  4.4300E+02  8.4891E-03
  4.4400E+02  8.3542E-03
  4.4500E+02  8.2216E-03
  4.4600E+02  8.0914E-03
  4.4700E+02  7.9634E-03
  4.4800E+02  7.8378E-03
  4.4900E+02  7.7146E-03
  4.5000E+02  7.5959E-03
  4.5100E+02  7.4953E-03
  4.5200E+02  7.4150E-03
  4.5300E+02  7.3548E-03
  4.5400E+02  7.2901E-03
  4.5500E+02  7.2807E-03
  4.5600E+02  7.3021E-03
  4.5700E+02  7.3533E-03
  4.5800E+02  7.4389E-03
  4.5900E+02  7.6161E-03
  4.6000E+02  7.3506E-03
  4.6100E+02  8.4178E-03
  4.6200E+02  7.7113E-03
  4.6300E+02  6.7807E-03
  4.6400E+02  6.6625E-03
  4.6500E+02  6.5449E-03
  4.6600E+02  6.4281E-03
  4.6700E+02  6.3120E-03
  4.6800E+02  6.1966E-03
  4.6900E+02  6.0819E-03
  4.7000E+02  5.9679E-03
  4.7100E+02  5.8547E-03
  4.7200E+02  5.7421E-03
  4.7300E+02  5.6302E-03
  4.7400E+02  1.6182E-02
  4.7500E+02  3.0224E-02
  4.7600E+02  4.6726E-02
  4.7700E+02  7.2205E-02
  4.7800E+02  8.5324E-02
  4.7900E+02  8.5179E-02
  4.8000E+02  7.8688E-02
  4.8100E+02  6.9401E-02
  4.8200E+02  6.9969E-02
  4.8300E+02  7.0931E-02
  4.8400E+02  7.1919E-02
  4.8500E+02  7.1166E-02
  4.8600E+02  7.0455E-02
  4.8700E+02  7.0003E-02
  4.8800E+02  7.0752E-02
  4.8900E+02  6.8260E-02
  4.9000E+02  6.8942E-02
  4.9100E+02  7.0524E-02
  4.9200E+02  7.2116E-02
  4.9300E+02  7.3547E-02
  4.9400E+02  7.5693E-02
  4.9500E+02  8.0978E-02
  4.9600E+02  8.1115E-02
  4.9700E+02  7.5513E-02
  4.9800E+02  7.0580E-02
  4.9900E+02  6.5556E-02
  5.0000E+02  6.8892E-02
  5.0100E+02  4.1317E-02
  5.0200E+02  3.4276E-02
  5.0300E+02  2.9544E-02
  5.0400E+02  2.4632E-02
  5.0500E+02  1.9503E-02
  5.0600E+02  1.7141E-02
  5.0700E+02  1.5286E-02
  5.0800E+02  1.3719E-02
  5.0900E+02  1.2440E-02
  5.1000E+02  1.1370E-02
  5.1100E+02  1.0591E-02
  5.1200E+02  1.0128E-02
  5.1300E+02  8.2556E-03
  5.1400E+02  7.4299E-03
  5.1500E+02  6.5272E-03
  5.1600E+02  5.5086E-03
  5.1700E+02  4.3742E-03
  5.1800E+02  3.3072E-03
  5.1900E+02  3.0194E-03
  5.2000E+02  2.2299E-03
  5.2100E+02  5.3221E-04
  5.2200E+02  1.3118E-04
  5.2300E+02  0.0000E+00
