  0.0000E+00  0.0000E+00
  1.0000E+00  1.1383E-07
  2.0000E+00  4.5532E-07
  3.0000E+00  1.0245E-06
  4.0000E+00  1.8213E-06
  5.0000E+00  2.8458E-06
  6.0000E+00  4.0980E-06
  7.0000E+00  5.5778E-06
  8.0000E+00  7.2853E-06
  9.0000E+00  9.2205E-06
  1.0000E+01  1.1383E-05
  1.1000E+01  1.3774E-05
  1.2000E+01  1.6392E-05
  1.3000E+01  1.9238E-05
  1.4000E+01  2.2311E-05
  1.5000E+01  2.5612E-05
  1.6000E+01  2.9141E-05
  1.7000E+01  3.2898E-05
  1.8000E+01  3.6882E-05
  1.9000E+01  4.1094E-05
  2.0000E+01  4.5533E-05
  2.1000E+01  5.0200E-05
  2.2000E+01  5.5095E-05
  2.3000E+01  6.0218E-05
  2.4000E+01  6.5568E-05
  2.5000E+01  7.1146E-05
  2.6000E+01  7.6951E-05
  2.7000E+01  8.2985E-05
  2.8000E+01  8.9245E-05
  2.9000E+01  9.5734E-05
  3.0000E+01  1.0245E-04
  3.1000E+01  1.0939E-04
  3.2000E+01  1.1657E-04
  3.3000E+01  1.2396E-04
  3.4000E+01  1.3159E-04
  3.5000E+01  1.3945E-04
  3.6000E+01  1.4753E-04
  3.7000E+01  1.5584E-04
  3.8000E+01  1.6438E-04
  3.9000E+01  1.7314E-04
  4.0000E+01  1.8213E-04
  4.1000E+01  1.9135E-04
  4.2000E+01  2.0080E-04
  4.3000E+01  2.1048E-04
  4.4000E+01  2.2038E-04
  4.5000E+01  2.3051E-04
  4.6000E+01  2.4087E-04
  4.7000E+01  2.5146E-04
  4.8000E+01  2.6227E-04
  4.9000E+01  2.7331E-04
  5.0000E+01  2.8458E-04
  5.1000E+01  2.9608E-04
  5.2000E+01  3.0781E-04
  5.3000E+01  3.1976E-04
  5.4000E+01  3.3194E-04
  5.5000E+01  3.4435E-04
  5.6000E+01  3.5698E-04
  5.7000E+01  3.6984E-04
  5.8000E+01  3.8294E-04
  5.9000E+01  3.9625E-04
  6.0000E+01  4.0980E-04
  6.1000E+01  4.5772E-04
  6.2000E+01  5.8487E-04
  6.3000E+01  7.0769E-04
  6.4000E+01  8.2617E-04
  6.5000E+01  9.4032E-04
  6.6000E+01  1.0501E-03
  6.7000E+01  1.1556E-03
  6.8000E+01  1.2567E-03
  6.9000E+01  1.3535E-03
  7.0000E+01  1.4460E-03
  7.1000E+01  1.5341E-03
  7.2000E+01  1.6179E-03
  7.3000E+01  1.6974E-03
  7.4000E+01  1.7725E-03
  7.5000E+01  1.8432E-03
  7.6000E+01  1.9097E-03
  7.7000E+01  1.9718E-03
  7.8000E+01  2.0296E-03
  7.9000E+01  2.0830E-03
  8.0000E+01  2.1325E-03
  8.1000E+01  2.2122E-03
  8.2000E+01  2.2937E-03
  8.3000E+01  2.3772E-03
  8.4000E+01  2.4626E-03
  8.5000E+01  2.5498E-03
  8.6000E+01  2.6390E-03
  8.7000E+01  2.7300E-03
  8.8000E+01  2.8230E-03
  8.9000E+01  2.9179E-03
  9.0000E+01  3.0317E-03
  9.1000E+01  3.2018E-03
  9.2000E+01  3.4158E-03
  9.3000E+01  3.6476E-03
  9.4000E+01  3.8878E-03
  9.5000E+01  4.1365E-03
  9.6000E+01  4.3936E-03
  9.7000E+01  4.6593E-03
  9.8000E+01  4.9335E-03
  9.9000E+01  5.2161E-03
  1.0000E+02  5.5072E-03
  1.0100E+02  5.8115E-03
  1.0200E+02  6.2697E-03
  1.0300E+02  6.7815E-03
  1.0400E+02  7.2926E-03
  1.0500E+02  7.8031E-03
  1.0600E+02  8.2948E-03
  1.0700E+02  8.7920E-03
  1.0800E+02  9.2984E-03
  1.0900E+02  9.8140E-03
  1.1000E+02  1.0339E-02
  1.1100E+02  1.0873E-02
  1.1200E+02  1.1416E-02
  1.1300E+02  1.1968E-02
  1.1400E+02  1.2581E-02
  1.1500E+02  1.4605E-02
  1.1600E+02  1.5978E-02
  1.1700E+02  1.6507E-02
  1.1800E+02  1.7266E-02
  1.1900E+02  1.9852E-02
  1.2000E+02  1.9721E-02
  1.2100E+02  1.6820E-02
  1.2200E+02  1.6904E-02
  1.2300E+02  1.7160E-02
  1.2400E+02  1.7726E-02
  1.2500E+02  1.8420E-02
  1.2600E+02  1.8903E-02
  1.2700E+02  1.9175E-02
  1.2800E+02  1.9236E-02
  1.2900E+02  1.9201E-02
  1.3000E+02  1.9515E-02
  1.3100E+02  1.9830E-02
  1.3200E+02  2.0388E-02
  1.3300E+02  2.5131E-02
  1.3400E+02  2.7011E-02
  1.3500E+02  2.8189E-02
  1.3600E+02  2.9090E-02
  1.3700E+02  2.7385E-02
  1.3800E+02  2.8042E-02
  1.3900E+02  2.8733E-02
  1.4000E+02  2.9071E-02
  1.4100E+02  2.9014E-02
  1.4200E+02  2.8757E-02
  1.4300E+02  2.9303E-02
  1.4400E+02  2.9673E-02
  1.4500E+02  2.9661E-02
  1.4600E+02  2.9476E-02
  1.4700E+02  2.8807E-02
  1.4800E+02  2.7835E-02
  1.4900E+02  2.7559E-02
  1.5000E+02  3.2069E-02
  1.5100E+02  2.6196E-02
  1.5200E+02  2.5854E-02
  1.5300E+02  2.5528E-02
  1.5400E+02  2.5254E-02
  1.5500E+02  2.5010E-02
  1.5600E+02  2.4649E-02
  1.5700E+02  2.4171E-02
  1.5800E+02  2.3577E-02
  1.5900E+02  2.2991E-02
  1.6000E+02  2.2661E-02
  1.6100E+02  2.2331E-02
  1.6200E+02  2.1990E-02
  1.6300E+02  2.1688E-02
  1.6400E+02  2.1434E-02
  1.6500E+02  2.1227E-02
  1.6600E+02  3.2580E-02
  1.6700E+02  1.9591E-02
  1.6800E+02  1.4944E-02
  1.6900E+02  1.4821E-02
  1.7000E+02  1.4707E-02
  1.7100E+02  1.4602E-02
  1.7200E+02  1.4506E-02
  1.7300E+02  1.4420E-02
  1.7400E+02  1.4343E-02
  1.7500E+02  1.4274E-02
  1.7600E+02  1.4215E-02
  1.7700E+02  1.4169E-02
  1.7800E+02  1.4136E-02
  1.7900E+02  1.4112E-02
  1.8000E+02  1.4097E-02
  1.8100E+02  1.4090E-02
  1.8200E+02  1.4149E-02
  1.8300E+02  1.4213E-02
  1.8400E+02  1.4276E-02
  1.8500E+02  1.4337E-02
  1.8600E+02  1.4396E-02
  1.8700E+02  1.4454E-02
  1.8800E+02  1.4510E-02
  1.8900E+02  1.4513E-02
  1.9000E+02  1.4528E-02
  1.9100E+02  1.4559E-02
  1.9200E+02  1.4604E-02
  1.9300E+02  1.4665E-02
  1.9400E+02  1.4745E-02
  1.9500E+02  1.4845E-02
  1.9600E+02  1.4986E-02
  1.9700E+02  1.5178E-02
  1.9800E+02  1.5443E-02
  1.9900E+02  1.5803E-02
  2.0000E+02  1.6255E-02
  2.0100E+02  1.6802E-02
  2.0200E+02  1.7442E-02
  2.0300E+02  1.7560E-02
  2.0400E+02  1.6033E-02
  2.0500E+02  1.3720E-02
  2.0600E+02  1.0250E-02
  2.0700E+02  6.0152E-03
  2.0800E+02  1.2853E-03
  2.0900E+02  1.3048E-03
  2.1000E+02  1.3248E-03
  2.1100E+02  1.3453E-03
  2.1200E+02  1.3663E-03
  2.1300E+02  1.3878E-03
  2.1400E+02  1.4099E-03
  2.1500E+02  1.4324E-03
  2.1600E+02  1.4554E-03
  2.1700E+02  1.4789E-03
  2.1800E+02  1.5030E-03
  2.1900E+02  1.5275E-03
  2.2000E+02  1.5525E-03
  2.2100E+02  1.5781E-03
  2.2200E+02  1.6041E-03
  2.2300E+02  1.6307E-03
  2.2400E+02  1.6578E-03
  2.2500E+02  1.6853E-03
  2.2600E+02  1.7134E-03
  2.2700E+02  1.7420E-03
  2.2800E+02  1.7711E-03
  2.2900E+02  1.8006E-03
  2.3000E+02  1.8307E-03
  2.3100E+02  1.8613E-03
  2.3200E+02  1.8924E-03
  2.3300E+02  1.9240E-03
  2.3400E+02  1.9562E-03
  2.3500E+02  1.9893E-03
  2.3600E+02  2.0236E-03
  2.3700E+02  2.0590E-03
  2.3800E+02  2.0956E-03
  2.3900E+02  2.1334E-03
  2.4000E+02  2.1724E-03
  2.4100E+02  2.2125E-03
  2.4200E+02  2.2537E-03
  2.4300E+02  2.2962E-03
  2.4400E+02  2.3398E-03
  2.4500E+02  2.3845E-03
  2.4600E+02  2.4305E-03
  2.4700E+02  2.4775E-03
  2.4800E+02  2.5256E-03
  2.4900E+02  2.5747E-03
  2.5000E+02  2.6182E-03
  2.5100E+02  2.6580E-03
  2.5200E+02  2.6941E-03
  2.5300E+02  2.7264E-03
  2.5400E+02  2.7549E-03
  2.5500E+02  2.7797E-03
  2.5600E+02  2.8007E-03
  2.5700E+02  2.8180E-03
  2.5800E+02  2.8519E-03
  2.5900E+02  2.9020E-03
  2.6000E+02  2.9528E-03
  2.6100E+02  3.0042E-03
  2.6200E+02  3.0562E-03
  2.6300E+02  3.1089E-03
  2.6400E+02  3.1623E-03
  2.6500E+02  3.2163E-03
  2.6600E+02  3.2710E-03
  2.6700E+02  3.3263E-03
  2.6800E+02  3.3823E-03
  2.6900E+02  3.4389E-03
  2.7000E+02  3.4962E-03
  2.7100E+02  3.5541E-03
  2.7200E+02  3.6127E-03
  2.7300E+02  3.6720E-03
  2.7400E+02  3.7319E-03
  2.7500E+02  3.7924E-03
  2.7600E+02  3.8536E-03
  2.7700E+02  3.9155E-03
  2.7800E+02  3.9780E-03
  2.7900E+02  4.0412E-03
  2.8000E+02  4.1050E-03
  2.8100E+02  4.1694E-03
  2.8200E+02  4.2346E-03
  2.8300E+02  4.3003E-03
  2.8400E+02  4.3668E-03
  2.8500E+02  4.4353E-03
  2.8600E+02  4.5344E-03
  2.8700E+02  4.6741E-03
  2.8800E+02  4.8439E-03
  2.8900E+02  5.0024E-03
  2.9000E+02  5.1451E-03
  2.9100E+02  5.2693E-03
  2.9200E+02  5.3834E-03
  2.9300E+02  5.4957E-03
  2.9400E+02  5.6062E-03
  2.9500E+02  5.7150E-03
  2.9600E+02  5.8221E-03
  2.9700E+02  5.9274E-03
  2.9800E+02  6.0309E-03
  2.9900E+02  6.1327E-03
  3.0000E+02  6.2429E-03
  3.0100E+02  6.3651E-03
  3.0200E+02  6.4952E-03
  3.0300E+02  6.6332E-03
  3.0400E+02  6.7791E-03
  3.0500E+02  6.9328E-03
  3.0600E+02  7.0945E-03
  3.0700E+02  7.2640E-03
  3.0800E+02  7.4414E-03
  3.0900E+02  7.6267E-03
  3.1000E+02  7.8199E-03
  3.1100E+02  8.0210E-03
  3.1200E+02  8.2299E-03
  3.1300E+02  8.4468E-03
  3.1400E+02  8.6715E-03
  3.1500E+02  8.9041E-03
  3.1600E+02  9.1446E-03
  3.1700E+02  9.3930E-03
  3.1800E+02  9.6493E-03
  3.1900E+02  9.9134E-03
  3.2000E+02  1.0185E-02
  3.2100E+02  1.0465E-02
  3.2200E+02  1.0753E-02
  3.2300E+02  1.1049E-02
  3.2400E+02  1.1382E-02
  3.2500E+02  1.1854E-02
  3.2600E+02  1.2494E-02
  3.2700E+02  1.3319E-02
  3.2800E+02  1.4566E-02
  3.2900E+02  1.5817E-02
  3.3000E+02  1.7072E-02
  3.3100E+02  1.8248E-02
  3.3200E+02  1.8551E-02
  3.3300E+02  1.8626E-02
  3.3400E+02  1.8027E-02
  3.3500E+02  1.7134E-02
  3.3600E+02  1.6230E-02
  3.3700E+02  1.5316E-02
  3.3800E+02  1.4390E-02
  3.3900E+02  1.3454E-02
  3.4000E+02  1.2506E-02
  3.4100E+02  1.1548E-02
  3.4200E+02  1.0579E-02
  3.4300E+02  9.5906E-03
  3.4400E+02  8.7498E-03
  3.4500E+02  8.3052E-03
  3.4600E+02  7.9726E-03
  3.4700E+02  7.6500E-03
  3.4800E+02  7.3374E-03
  3.4900E+02  7.0348E-03
  3.5000E+02  6.7422E-03
  3.5100E+02  6.4596E-03
  3.5200E+02  6.1869E-03
  3.5300E+02  5.9243E-03
  3.5400E+02  5.6716E-03
  3.5500E+02  5.4289E-03
  3.5600E+02  5.1962E-03
  3.5700E+02  4.9735E-03
  3.5800E+02  4.7608E-03
  3.5900E+02  4.5581E-03
  3.6000E+02  4.3652E-03
  3.6100E+02  4.1798E-03
  3.6200E+02  4.0011E-03
  3.6300E+02  3.8289E-03
  3.6400E+02  3.6632E-03
  3.6500E+02  3.5042E-03
  3.6600E+02  3.3517E-03
  3.6700E+02  3.2058E-03
  3.6800E+02  3.0665E-03
  3.6900E+02  2.9814E-03
  3.7000E+02  2.9579E-03
  3.7100E+02  2.8668E-03
  3.7200E+02  2.7695E-03
  3.7300E+02  2.6849E-03
  3.7400E+02  2.6129E-03
  3.7500E+02  2.5536E-03
  3.7600E+02  2.5069E-03
  3.7700E+02  2.4713E-03
  3.7800E+02  2.4461E-03
  3.7900E+02  2.4313E-03
  3.8000E+02  2.4270E-03
  3.8100E+02  2.4331E-03
  3.8200E+02  2.4567E-03
  3.8300E+02  2.5548E-03
  3.8400E+02  2.7395E-03
  3.8500E+02  3.0109E-03
  3.8600E+02  3.3689E-03
  3.8700E+02  3.8136E-03
  3.8800E+02  4.4264E-03
  3.8900E+02  5.4993E-03
  3.9000E+02  7.0001E-03
  3.9100E+02  8.9287E-03
  3.9200E+02  1.1285E-02
  3.9300E+02  1.2686E-02
  3.9400E+02  1.2244E-02
  3.9500E+02  1.0742E-02
  3.9600E+02  1.0592E-02
  3.9700E+02  1.0500E-02
  3.9800E+02  1.0465E-02
  3.9900E+02  1.0486E-02
  4.0000E+02  1.0565E-02
  4.0100E+02  1.0640E-02
  4.0200E+02  1.0684E-02
  4.0300E+02  1.0768E-02
  4.0400E+02  1.0893E-02
  4.0500E+02  1.1057E-02
  4.0600E+02  1.1199E-02
  4.0700E+02  1.1317E-02
  4.0800E+02  1.1429E-02
  4.0900E+02  1.1535E-02
  4.1000E+02  1.1635E-02
  4.1100E+02  1.1729E-02
  4.1200E+02  1.1817E-02
  4.1300E+02  1.1899E-02
  4.1400E+02  1.1975E-02
  4.1500E+02  1.2044E-02
  4.1600E+02  1.2108E-02
  4.1700E+02  1.2165E-02
  4.1800E+02  1.2221E-02
  4.1900E+02  1.2281E-02
  4.2000E+02  1.2344E-02
  4.2100E+02  1.2410E-02
  4.2200E+02  1.2479E-02
  4.2300E+02  1.2631E-02
  4.2400E+02  1.4092E-02
  4.2500E+02  1.5077E-02
  4.2600E+02  1.5329E-02
  4.2700E+02  1.5451E-02
  4.2800E+02  1.5360E-02
  4.2900E+02  1.4982E-02
  4.3000E+02  1.4292E-02
  4.3100E+02  1.2873E-02
  4.3200E+02  1.0877E-02
  4.3300E+02  1.0497E-02
  4.3400E+02  1.0106E-02
  4.3500E+02  9.7019E-03
  4.3600E+02  9.5188E-03
  4.3700E+02  9.3797E-03
  4.3800E+02  9.2422E-03
  4.3900E+02  9.1063E-03
  4.4000E+02  8.9720E-03
  4.4100E+02  8.8392E-03
  4.4200E+02  8.7081E-03
  4.4300E+02  8.5785E-03
  4.4400E+02  8.4505E-03
  4.4500E+02  8.3240E-03
  4.4600E+02  8.1992E-03
  4.4700E+02  8.0759E-03
  4.4800E+02  7.9542E-03
  4.4900E+02  7.8341E-03
  4.5000E+02  7.7155E-03
  4.5100E+02  7.5986E-03
  4.5200E+02  7.4832E-03
  4.5300E+02  7.3694E-03
  4.5400E+02  7.2572E-03
  4.5500E+02  7.1465E-03
  4.5600E+02  7.0375E-03
  4.5700E+02  6.9300E-03
  4.5800E+02  6.8241E-03
  4.5900E+02  6.7354E-03
  4.6000E+02  6.7743E-03
  4.6100E+02  6.9624E-03
  4.6200E+02  7.0054E-03
  4.6300E+02  7.1468E-03
  4.6400E+02  7.3911E-03
  4.6500E+02  1.1482E-02
  4.6600E+02  7.5648E-03
  4.6700E+02  6.6625E-03
  4.6800E+02  6.1037E-03
  4.6900E+02  5.8782E-03
  4.7000E+02  5.7521E-03
  4.7100E+02  5.6275E-03
  4.7200E+02  5.5043E-03
  4.7300E+02  6.0079E-03
  4.7400E+02  1.2231E-02
  4.7500E+02  2.3079E-02
  4.7600E+02  3.5471E-02
  4.7700E+02  5.1364E-02
  4.7800E+02  1.1392E-01
  4.7900E+02  9.1800E-02
  4.8000E+02  7.0871E-02
  4.8100E+02  6.8539E-02
  4.8200E+02  7.0202E-02
  4.8300E+02  7.0037E-02
  4.8400E+02  7.0153E-02
  4.8500E+02  7.1017E-02
  4.8600E+02  6.9572E-02
  4.8700E+02  7.0337E-02
  4.8800E+02  7.1069E-02
  4.8900E+02  7.1767E-02
  4.9000E+02  7.2432E-02
  4.9100E+02  7.4254E-02
  4.9200E+02  8.4372E-02
  4.9300E+02  8.6889E-02
  4.9400E+02  8.4447E-02
  4.9500E+02  8.0870E-02
  4.9600E+02  7.6295E-02
  4.9700E+02  7.1164E-02
  4.9800E+02  6.7188E-02
  4.9900E+02  6.6507E-02
  5.0000E+02  6.8017E-02
  5.0100E+02  4.3792E-02
  5.0200E+02  3.3172E-02
  5.0300E+02  2.7782E-02
  5.0400E+02  2.4443E-02
  5.0500E+02  2.1694E-02
  5.0600E+02  1.9519E-02
  5.0700E+02  1.7862E-02
  5.0800E+02  1.5511E-02
  5.0900E+02  1.2297E-02
  5.1000E+02  1.1247E-02
  5.1100E+02  1.0162E-02
  5.1200E+02  9.0437E-03
  5.1300E+02  7.8915E-03
  5.1400E+02  6.7053E-03
  5.1500E+02  5.4852E-03
  5.1600E+02  4.4676E-03
  5.1700E+02  4.8937E-03
  5.1800E+02  3.4258E-03
  5.1900E+02  1.1877E-03
  5.2000E+02  6.6654E-04
  5.2100E+02  2.9485E-04
  5.2200E+02  7.2679E-05
  5.2300E+02  0.0000E+00
