 -2.8871E-05  0.0000E+00
  9.9997E-01  1.1043E-07
  2.0000E+00  4.4173E-07
  3.0000E+00  9.9389E-07
  4.0000E+00  1.7669E-06
  5.0000E+00  2.7608E-06
  6.0000E+00  3.9756E-06
  7.0000E+00  5.4112E-06
  8.0000E+00  7.0677E-06
  9.0000E+00  8.9451E-06
  1.0000E+01  1.1043E-05
  1.1000E+01  1.3362E-05
  1.2000E+01  1.5902E-05
  1.3000E+01  1.8663E-05
  1.4000E+01  2.1645E-05
  1.5000E+01  2.4847E-05
  1.6000E+01  2.8271E-05
  1.7000E+01  3.1915E-05
  1.8000E+01  3.5780E-05
  1.9000E+01  3.9866E-05
  2.0000E+01  4.4173E-05
  2.1000E+01  4.8701E-05
  2.2000E+01  5.3449E-05
  2.3000E+01  5.8419E-05
  2.4000E+01  6.3609E-05
  2.5000E+01  6.9020E-05
  2.6000E+01  7.4653E-05
  2.7000E+01  8.0505E-05
  2.8000E+01  8.6579E-05
  2.9000E+01  9.2874E-05
  3.0000E+01  9.9389E-05
  3.1000E+01  1.0613E-04
  3.2000E+01  1.1308E-04
  3.3000E+01  1.2026E-04
  3.4000E+01  1.2766E-04
  3.5000E+01  1.3528E-04
  3.6000E+01  1.4312E-04
  3.7000E+01  1.5118E-04
  3.8000E+01  1.5946E-04
  3.9000E+01  1.6797E-04
  4.0000E+01  1.7669E-04
  4.1000E+01  1.8564E-04
  4.2000E+01  1.9480E-04
  4.3000E+01  2.0419E-04
  4.4000E+01  2.1380E-04
  4.5000E+01  2.2363E-04
  4.6000E+01  2.3368E-04
  4.7000E+01  2.4395E-04
  4.8000E+01  2.5444E-04
  4.9000E+01  2.6515E-04
  5.0000E+01  2.7608E-04
  5.1000E+01  2.8724E-04
  5.2000E+01  2.9861E-04
  5.3000E+01  3.1021E-04
  5.4000E+01  3.2202E-04
  5.5000E+01  3.3406E-04
  5.6000E+01  3.4632E-04
  5.7000E+01  3.5880E-04
  5.8000E+01  3.7150E-04
  5.9000E+01  3.8442E-04
  6.0000E+01  3.9756E-04
  6.1000E+01  4.1092E-04
  6.2000E+01  4.6352E-04
  6.3000E+01  6.0106E-04
  6.4000E+01  7.3319E-04
  6.5000E+01  8.5993E-04
  6.6000E+01  9.8127E-04
  6.7000E+01  1.0972E-03
  6.8000E+01  1.2078E-03
  6.9000E+01  1.3129E-03
  7.0000E+01  1.4126E-03
  7.1000E+01  1.5070E-03
  7.2000E+01  1.5960E-03
  7.3000E+01  1.6795E-03
  7.4000E+01  1.7577E-03
  7.5000E+01  1.8304E-03
  7.6000E+01  1.8978E-03
  7.7000E+01  1.9598E-03
  7.8000E+01  2.0163E-03
  7.9000E+01  2.0675E-03
  8.0000E+01  2.1133E-03
  8.1000E+01  2.1880E-03
  8.2000E+01  2.2706E-03
  8.3000E+01  2.3547E-03
  8.4000E+01  2.4404E-03
  8.5000E+01  2.5277E-03
  8.6000E+01  2.6165E-03
  8.7000E+01  2.7068E-03
  8.8000E+01  2.7987E-03
  8.9000E+01  2.8922E-03
  9.0000E+01  3.0044E-03
  9.1000E+01  3.1637E-03
  9.2000E+01  3.3616E-03
  9.3000E+01  3.5759E-03
  9.4000E+01  3.8006E-03
  9.5000E+01  4.0359E-03
  9.6000E+01  4.2816E-03
  9.7000E+01  4.5378E-03
  9.8000E+01  4.8045E-03
  9.9000E+01  5.0817E-03
  1.0000E+02  5.3694E-03
  1.0100E+02  5.6727E-03
  1.0200E+02  6.0373E-03
  1.0300E+02  6.4740E-03
  1.0400E+02  6.9769E-03
  1.0500E+02  7.4948E-03
  1.0600E+02  8.0163E-03
  1.0700E+02  8.5112E-03
  1.0800E+02  9.0102E-03
  1.0900E+02  9.5223E-03
  1.1000E+02  1.0048E-02
  1.1100E+02  1.0586E-02
  1.1200E+02  1.1138E-02
  1.1300E+02  1.1703E-02
  1.1400E+02  1.2281E-02
  1.1500E+02  1.4150E-02
  1.1600E+02  1.5216E-02
  1.1700E+02  1.5880E-02
  1.1800E+02  1.6685E-02
  1.1900E+02  1.7423E-02
  1.2000E+02  2.1818E-02
  1.2100E+02  1.7923E-02
  1.2200E+02  1.7037E-02
  1.2300E+02  1.7184E-02
  1.2400E+02  1.7482E-02
  1.2500E+02  1.8107E-02
  1.2600E+02  1.8827E-02
  1.2700E+02  1.9302E-02
  1.2800E+02  1.9533E-02
  1.2900E+02  1.9520E-02
  1.3000E+02  1.9598E-02
  1.3100E+02  1.9930E-02
  1.3200E+02  2.2024E-02
  1.3300E+02  2.5515E-02
  1.3400E+02  2.6951E-02
  1.3500E+02  2.6660E-02
  1.3600E+02  2.6987E-02
  1.3700E+02  2.7695E-02
  1.3800E+02  2.8427E-02
  1.3900E+02  2.9003E-02
  1.4000E+02  2.8985E-02
  1.4100E+02  2.8729E-02
  1.4200E+02  2.8472E-02
  1.4300E+02  2.8215E-02
  1.4400E+02  2.9009E-02
  1.4500E+02  2.9326E-02
  1.4600E+02  2.9100E-02
  1.4700E+02  2.8882E-02
  1.4800E+02  2.8116E-02
  1.4900E+02  2.7306E-02
  1.5000E+02  2.7255E-02
  1.5100E+02  3.1480E-02
  1.5200E+02  2.5912E-02
  1.5300E+02  2.5533E-02
  1.5400E+02  2.5232E-02
  1.5500E+02  2.4935E-02
  1.5600E+02  2.4579E-02
  1.5700E+02  2.4163E-02
  1.5800E+02  2.3688E-02
  1.5900E+02  2.3153E-02
  1.6000E+02  2.2676E-02
  1.6100E+02  2.2357E-02
  1.6200E+02  2.2034E-02
  1.6300E+02  2.1739E-02
  1.6400E+02  2.1484E-02
  1.6500E+02  2.1269E-02
  1.6600E+02  2.5058E-02
  1.6700E+02  2.8258E-02
  1.6800E+02  2.7597E-02
  1.6900E+02  1.5169E-02
  1.7000E+02  1.5048E-02
  1.7100E+02  1.4938E-02
  1.7200E+02  1.4839E-02
  1.7300E+02  1.4749E-02
  1.7400E+02  1.4670E-02
  1.7500E+02  1.4601E-02
  1.7600E+02  1.4543E-02
  1.7700E+02  1.4494E-02
  1.7800E+02  1.4460E-02
  1.7900E+02  1.4440E-02
  1.8000E+02  1.4430E-02
  1.8100E+02  1.4445E-02
  1.8200E+02  1.4496E-02
  1.8300E+02  1.4547E-02
  1.8400E+02  1.4599E-02
  1.8500E+02  1.4652E-02
  1.8600E+02  1.4705E-02
  1.8700E+02  1.4759E-02
  1.8800E+02  1.4806E-02
  1.8900E+02  1.4811E-02
  1.9000E+02  1.4830E-02
  1.9100E+02  1.4864E-02
  1.9200E+02  1.4912E-02
  1.9300E+02  1.4975E-02
  1.9400E+02  1.5057E-02
  1.9500E+02  1.5163E-02
  1.9600E+02  1.5317E-02
  1.9700E+02  1.5527E-02
  1.9800E+02  1.5823E-02
  1.9900E+02  1.6260E-02
  2.0000E+02  1.6838E-02
  2.0100E+02  1.7556E-02
  2.0200E+02  1.8415E-02
  2.0300E+02  1.7763E-02
  2.0400E+02  1.5643E-02
  2.0500E+02  1.2433E-02
  2.0600E+02  7.8603E-03
  2.0700E+02  2.4741E-03
  2.0800E+02  1.2782E-03
  2.0900E+02  1.2977E-03
  2.1000E+02  1.3177E-03
  2.1100E+02  1.3381E-03
  2.1200E+02  1.3591E-03
  2.1300E+02  1.3806E-03
  2.1400E+02  1.4026E-03
  2.1500E+02  1.4251E-03
  2.1600E+02  1.4481E-03
  2.1700E+02  1.4716E-03
  2.1800E+02  1.4957E-03
  2.1900E+02  1.5202E-03
  2.2000E+02  1.5453E-03
  2.2100E+02  1.5708E-03
  2.2200E+02  1.5969E-03
  2.2300E+02  1.6235E-03
  2.2400E+02  1.6506E-03
  2.2500E+02  1.6782E-03
  2.2600E+02  1.7063E-03
  2.2700E+02  1.7350E-03
  2.2800E+02  1.7641E-03
  2.2900E+02  1.7937E-03
  2.3000E+02  1.8239E-03
  2.3100E+02  1.8546E-03
  2.3200E+02  1.8857E-03
  2.3300E+02  1.9174E-03
  2.3400E+02  1.9496E-03
  2.3500E+02  1.9825E-03
  2.3600E+02  2.0166E-03
  2.3700E+02  2.0519E-03
  2.3800E+02  2.0884E-03
  2.3900E+02  2.1260E-03
  2.4000E+02  2.1648E-03
  2.4100E+02  2.2047E-03
  2.4200E+02  2.2459E-03
  2.4300E+02  2.2882E-03
  2.4400E+02  2.3317E-03
  2.4500E+02  2.3763E-03
  2.4600E+02  2.4222E-03
  2.4700E+02  2.4691E-03
  2.4800E+02  2.5171E-03
  2.4900E+02  2.5660E-03
  2.5000E+02  2.6112E-03
  2.5100E+02  2.6512E-03
  2.5200E+02  2.6874E-03
  2.5300E+02  2.7197E-03
  2.5400E+02  2.7483E-03
  2.5500E+02  2.7731E-03
  2.5600E+02  2.7941E-03
  2.5700E+02  2.8113E-03
  2.5800E+02  2.8344E-03
  2.5900E+02  2.8835E-03
  2.6000E+02  2.9332E-03
  2.6100E+02  2.9835E-03
  2.6200E+02  3.0345E-03
  2.6300E+02  3.0862E-03
  2.6400E+02  3.1385E-03
  2.6500E+02  3.1915E-03
  2.6600E+02  3.2451E-03
  2.6700E+02  3.2994E-03
  2.6800E+02  3.3544E-03
  2.6900E+02  3.4100E-03
  2.7000E+02  3.4662E-03
  2.7100E+02  3.5231E-03
  2.7200E+02  3.5807E-03
  2.7300E+02  3.6390E-03
  2.7400E+02  3.6978E-03
  2.7500E+02  3.7574E-03
  2.7600E+02  3.8176E-03
  2.7700E+02  3.8784E-03
  2.7800E+02  3.9400E-03
  2.7900E+02  4.0021E-03
  2.8000E+02  4.0650E-03
  2.8100E+02  4.1284E-03
  2.8200E+02  4.1926E-03
  2.8300E+02  4.2574E-03
  2.8400E+02  4.3228E-03
  2.8500E+02  4.3890E-03
  2.8600E+02  4.4642E-03
  2.8700E+02  4.5747E-03
  2.8800E+02  4.7219E-03
  2.8900E+02  4.8995E-03
  2.9000E+02  5.0645E-03
  2.9100E+02  5.2090E-03
  2.9200E+02  5.3308E-03
  2.9300E+02  5.4484E-03
  2.9400E+02  5.5637E-03
  2.9500E+02  5.6768E-03
  2.9600E+02  5.7877E-03
  2.9700E+02  5.8963E-03
  2.9800E+02  6.0027E-03
  2.9900E+02  6.1069E-03
  3.0000E+02  6.2097E-03
  3.0100E+02  6.3289E-03
  3.0200E+02  6.4562E-03
  3.0300E+02  6.5914E-03
  3.0400E+02  6.7347E-03
  3.0500E+02  6.8859E-03
  3.0600E+02  7.0452E-03
  3.0700E+02  7.2124E-03
  3.0800E+02  7.3876E-03
  3.0900E+02  7.5709E-03
  3.1000E+02  7.7621E-03
  3.1100E+02  7.9613E-03
  3.1200E+02  8.1686E-03
  3.1300E+02  8.3838E-03
  3.1400E+02  8.6070E-03
  3.1500E+02  8.8382E-03
  3.1600E+02  9.0774E-03
  3.1700E+02  9.3246E-03
  3.1800E+02  9.5798E-03
  3.1900E+02  9.8430E-03
  3.2000E+02  1.0114E-02
  3.2100E+02  1.0393E-02
  3.2200E+02  1.0681E-02
  3.2300E+02  1.0976E-02
  3.2400E+02  1.1284E-02
  3.2500E+02  1.1663E-02
  3.2600E+02  1.2249E-02
  3.2700E+02  1.3045E-02
  3.2800E+02  1.4251E-02
  3.2900E+02  1.5524E-02
  3.3000E+02  1.6827E-02
  3.3100E+02  1.7870E-02
  3.3200E+02  1.8434E-02
  3.3300E+02  1.8519E-02
  3.3400E+02  1.8623E-02
  3.3500E+02  1.7681E-02
  3.3600E+02  1.6732E-02
  3.3700E+02  1.5777E-02
  3.3800E+02  1.4815E-02
  3.3900E+02  1.3847E-02
  3.4000E+02  1.2872E-02
  3.4100E+02  1.1891E-02
  3.4200E+02  1.0904E-02
  3.4300E+02  9.9102E-03
  3.4400E+02  8.9880E-03
  3.4500E+02  8.5080E-03
  3.4600E+02  8.1683E-03
  3.4700E+02  7.8382E-03
  3.4800E+02  7.5180E-03
  3.4900E+02  7.2075E-03
  3.5000E+02  6.9067E-03
  3.5100E+02  6.6158E-03
  3.5200E+02  6.3345E-03
  3.5300E+02  6.0631E-03
  3.5400E+02  5.8014E-03
  3.5500E+02  5.5495E-03
  3.5600E+02  5.3073E-03
  3.5700E+02  5.0749E-03
  3.5800E+02  4.8522E-03
  3.5900E+02  4.6394E-03
  3.6000E+02  4.4362E-03
  3.6100E+02  4.2418E-03
  3.6200E+02  4.0535E-03
  3.6300E+02  3.8713E-03
  3.6400E+02  3.6952E-03
  3.6500E+02  3.5252E-03
  3.6600E+02  3.3612E-03
  3.6700E+02  3.2034E-03
  3.6800E+02  3.0516E-03
  3.6900E+02  2.9903E-03
  3.7000E+02  2.9524E-03
  3.7100E+02  2.8385E-03
  3.7200E+02  2.7369E-03
  3.7300E+02  2.6481E-03
  3.7400E+02  2.5723E-03
  3.7500E+02  2.5093E-03
  3.7600E+02  2.4592E-03
  3.7700E+02  2.4206E-03
  3.7800E+02  2.3926E-03
  3.7900E+02  2.3752E-03
  3.8000E+02  2.3685E-03
  3.8100E+02  2.3724E-03
  3.8200E+02  2.3870E-03
  3.8300E+02  2.4418E-03
  3.8400E+02  2.5961E-03
  3.8500E+02  2.8515E-03
  3.8600E+02  3.2078E-03
  3.8700E+02  3.6653E-03
  3.8800E+02  4.3869E-03
  3.8900E+02  5.4455E-03
  3.9000E+02  6.8096E-03
  3.9100E+02  8.4793E-03
  3.9200E+02  1.0455E-02
  3.9300E+02  1.2842E-02
  3.9400E+02  1.3075E-02
  3.9500E+02  1.1029E-02
  3.9600E+02  1.0803E-02
  3.9700E+02  1.0653E-02
  3.9800E+02  1.0580E-02
  3.9900E+02  1.0584E-02
  4.0000E+02  1.0665E-02
  4.0100E+02  1.0685E-02
  4.0200E+02  1.0725E-02
  4.0300E+02  1.0805E-02
  4.0400E+02  1.0926E-02
  4.0500E+02  1.1084E-02
  4.0600E+02  1.1201E-02
  4.0700E+02  1.1312E-02
  4.0800E+02  1.1417E-02
  4.0900E+02  1.1517E-02
  4.1000E+02  1.1611E-02
  4.1100E+02  1.1698E-02
  4.1200E+02  1.1780E-02
  4.1300E+02  1.1857E-02
  4.1400E+02  1.1927E-02
  4.1500E+02  1.1991E-02
  4.1600E+02  1.2050E-02
  4.1700E+02  1.2104E-02
  4.1800E+02  1.2160E-02
  4.1900E+02  1.2217E-02
  4.2000E+02  1.2276E-02
  4.2100E+02  1.2337E-02
  4.2200E+02  1.2399E-02
  4.2300E+02  1.2469E-02
  4.2400E+02  1.3777E-02
  4.2500E+02  1.5126E-02
  4.2600E+02  1.5427E-02
  4.2700E+02  1.5532E-02
  4.2800E+02  1.5480E-02
  4.2900E+02  1.5072E-02
  4.3000E+02  1.4381E-02
  4.3100E+02  1.2971E-02
  4.3200E+02  1.0928E-02
  4.3300E+02  1.0515E-02
  4.3400E+02  1.0068E-02
  4.3500E+02  9.6251E-03
  4.3600E+02  9.4854E-03
  4.3700E+02  9.3473E-03
  4.3800E+02  9.2107E-03
  4.3900E+02  9.0757E-03
  4.4000E+02  8.9422E-03
  4.4100E+02  8.8103E-03
  4.4200E+02  8.6800E-03
  4.4300E+02  8.5512E-03
  4.4400E+02  8.4239E-03
  4.4500E+02  8.2983E-03
  4.4600E+02  8.1742E-03
  4.4700E+02  8.0516E-03
  4.4800E+02  7.9306E-03
  4.4900E+02  7.8111E-03
  4.5000E+02  7.6932E-03
  4.5100E+02  7.5769E-03
  4.5200E+02  7.4621E-03
  4.5300E+02  7.3489E-03
  4.5400E+02  7.2372E-03
  4.5500E+02  7.1271E-03
  4.5600E+02  7.0186E-03
  4.5700E+02  6.9116E-03
  4.5800E+02  6.8061E-03
  4.5900E+02  6.7184E-03
  4.6000E+02  6.7744E-03
  4.6100E+02  6.9135E-03
  4.6200E+02  6.9018E-03
  4.6300E+02  6.9574E-03
  4.6400E+02  7.0805E-03
  4.6500E+02  7.2709E-03
  4.6600E+02  1.1533E-02
  4.6700E+02  7.2850E-03
  4.6800E+02  6.4652E-03
  4.6900E+02  6.0952E-03
  4.7000E+02  5.9664E-03
  4.7100E+02  5.8392E-03
  4.7200E+02  5.7133E-03
  4.7300E+02  5.9936E-03
  4.7400E+02  1.2587E-02
  4.7500E+02  2.8321E-02
  4.7600E+02  4.2617E-02
  4.7700E+02  5.8851E-02
  4.7800E+02  1.0324E-01
  4.7900E+02  8.2638E-02
  4.8000E+02  6.8856E-02
  4.8100E+02  6.7848E-02
  4.8200E+02  6.8375E-02
  4.8300E+02  6.9017E-02
  4.8400E+02  6.9268E-02
  4.8500E+02  6.9880E-02
  4.8600E+02  6.9575E-02
  4.8700E+02  7.1367E-02
  4.8800E+02  7.2940E-02
  4.8900E+02  7.4318E-02
  4.9000E+02  7.5500E-02
  4.9100E+02  7.9074E-02
  4.9200E+02  9.4053E-02
  4.9300E+02  8.8149E-02
  4.9400E+02  8.1461E-02
  4.9500E+02  7.7569E-02
  4.9600E+02  7.3477E-02
  4.9700E+02  6.9161E-02
  4.9800E+02  6.5503E-02
  4.9900E+02  7.8046E-02
  5.0000E+02  5.8136E-02
  5.0100E+02  3.8942E-02
  5.0200E+02  2.9135E-02
  5.0300E+02  2.5801E-02
  5.0400E+02  2.2918E-02
  5.0500E+02  2.0484E-02
  5.0600E+02  1.8548E-02
  5.0700E+02  1.7248E-02
  5.0800E+02  1.5162E-02
  5.0900E+02  1.2264E-02
  5.1000E+02  1.1102E-02
  5.1100E+02  9.9380E-03
  5.1200E+02  8.7724E-03
  5.1300E+02  7.6052E-03
  5.1400E+02  6.4363E-03
  5.1500E+02  5.2657E-03
  5.1600E+02  4.3424E-03
  5.1700E+02  4.9575E-03
  5.1800E+02  2.3270E-03
  5.1900E+02  1.0907E-03
  5.2000E+02  6.1208E-04
  5.2100E+02  2.7076E-04
  5.2200E+02  6.6743E-05
  5.2300E+02  0.0000E+00
