 -1.3887E-05  0.0000E+00
  9.9999E-01  1.8126E-07
  2.0000E+00  7.2506E-07
  3.0000E+00  1.6314E-06
  4.0000E+00  2.9002E-06
  5.0000E+00  4.5316E-06
  6.0000E+00  6.5255E-06
  7.0000E+00  8.8820E-06
  8.0000E+00  1.1601E-05
  9.0000E+00  1.4682E-05
  1.0000E+01  1.8126E-05
  1.1000E+01  2.1933E-05
  1.2000E+01  2.6102E-05
  1.3000E+01  3.0634E-05
  1.4000E+01  3.5528E-05
  1.5000E+01  4.0785E-05
  1.6000E+01  4.6404E-05
  1.7000E+01  5.2385E-05
  1.8000E+01  5.8730E-05
  1.9000E+01  6.5436E-05
  2.0000E+01  7.2506E-05
  2.1000E+01  7.9938E-05
  2.2000E+01  8.7732E-05
  2.3000E+01  9.5889E-05
  2.4000E+01  1.0441E-04
  2.5000E+01  1.1329E-04
  2.6000E+01  1.2253E-04
  2.7000E+01  1.3214E-04
  2.8000E+01  1.4211E-04
  2.9000E+01  1.5244E-04
  3.0000E+01  1.6314E-04
  3.1000E+01  1.7420E-04
  3.2000E+01  1.8561E-04
  3.3000E+01  1.9740E-04
  3.4000E+01  2.0954E-04
  3.5000E+01  2.2205E-04
  3.6000E+01  2.3492E-04
  3.7000E+01  2.4815E-04
  3.8000E+01  2.6175E-04
  3.9000E+01  2.7570E-04
  4.0000E+01  2.9002E-04
  4.1000E+01  3.0471E-04
  4.2000E+01  3.1975E-04
  4.3000E+01  3.3516E-04
  4.4000E+01  3.5093E-04
  4.5000E+01  3.6706E-04
  4.6000E+01  3.8356E-04
  4.7000E+01  4.0041E-04
  4.8000E+01  4.1763E-04
  4.9000E+01  4.3522E-04
  5.0000E+01  4.5316E-04
  5.1000E+01  4.7147E-04
  5.2000E+01  4.9014E-04
  5.3000E+01  5.0917E-04
  5.4000E+01  5.2857E-04
  5.5000E+01  5.4833E-04
  5.6000E+01  5.6845E-04
  5.7000E+01  5.8893E-04
  5.8000E+01  6.0977E-04
  5.9000E+01  6.3098E-04
  6.0000E+01  6.5255E-04
  6.1000E+01  6.7449E-04
  6.2000E+01  6.9678E-04
  6.3000E+01  7.1944E-04
  6.4000E+01  7.4246E-04
  6.5000E+01  7.6584E-04
  6.6000E+01  7.8959E-04
  6.7000E+01  8.1370E-04
  6.8000E+01  8.3817E-04
  6.9000E+01  8.6300E-04
  7.0000E+01  8.8820E-04
  7.1000E+01  9.1375E-04
  7.2000E+01  9.3968E-04
  7.3000E+01  9.6596E-04
  7.4000E+01  9.9260E-04
  7.5000E+01  1.0196E-03
  7.6000E+01  1.0470E-03
  7.7000E+01  1.0747E-03
  7.8000E+01  1.1028E-03
  7.9000E+01  1.1313E-03
  8.0000E+01  1.1601E-03
  8.1000E+01  1.1893E-03
  8.2000E+01  1.2188E-03
  8.3000E+01  1.3832E-03
  8.4000E+01  1.7082E-03
  8.5000E+01  2.0322E-03
  8.6000E+01  2.3551E-03
  8.7000E+01  2.6770E-03
  8.8000E+01  2.9978E-03
  8.9000E+01  3.3175E-03
  9.0000E+01  3.6362E-03
  9.1000E+01  3.9538E-03
  9.2000E+01  4.2704E-03
  9.3000E+01  4.5858E-03
  9.4000E+01  4.9002E-03
  9.5000E+01  5.2136E-03
  9.6000E+01  5.5259E-03
  9.7000E+01  5.8371E-03
  9.8000E+01  6.1473E-03
  9.9000E+01  6.4564E-03
  1.0000E+02  6.7644E-03
  1.0100E+02  7.0714E-03
  1.0200E+02  7.5153E-03
  1.0300E+02  7.9925E-03
  1.0400E+02  8.4668E-03
  1.0500E+02  8.9381E-03
  1.0600E+02  9.4065E-03
  1.0700E+02  9.8719E-03
  1.0800E+02  1.0334E-02
  1.0900E+02  1.0794E-02
  1.1000E+02  1.1251E-02
  1.1100E+02  1.1702E-02
  1.1200E+02  1.2159E-02
  1.1300E+02  1.2631E-02
  1.1400E+02  1.3119E-02
  1.1500E+02  1.3623E-02
  1.1600E+02  1.4142E-02
  1.1700E+02  1.4677E-02
  1.1800E+02  1.5227E-02
  1.1900E+02  1.5793E-02
  1.2000E+02  1.6375E-02
  1.2100E+02  1.6972E-02
  1.2200E+02  1.7917E-02
  1.2300E+02  2.0438E-02
  1.2400E+02  2.2748E-02
  1.2500E+02  2.4846E-02
  1.2600E+02  2.6734E-02
  1.2700E+02  2.8410E-02
  1.2800E+02  2.9715E-02
  1.2900E+02  3.0789E-02
  1.3000E+02  3.1823E-02
  1.3100E+02  3.2816E-02
  1.3200E+02  3.3770E-02
  1.3300E+02  3.0764E-02
  1.3400E+02  2.9593E-02
  1.3500E+02  2.7373E-02
  1.3600E+02  2.5266E-02
  1.3700E+02  2.3478E-02
  1.3800E+02  2.2007E-02
  1.3900E+02  2.1373E-02
  1.4000E+02  2.1189E-02
  1.4100E+02  2.1010E-02
  1.4200E+02  2.0837E-02
  1.4300E+02  2.0669E-02
  1.4400E+02  2.0506E-02
  1.4500E+02  2.0349E-02
  1.4600E+02  2.0197E-02
  1.4700E+02  2.0051E-02
  1.4800E+02  1.9910E-02
  1.4900E+02  1.9774E-02
  1.5000E+02  1.9643E-02
  1.5100E+02  1.9518E-02
  1.5200E+02  1.9399E-02
  1.5300E+02  1.9285E-02
  1.5400E+02  1.9176E-02
  1.5500E+02  1.9072E-02
  1.5600E+02  1.8974E-02
  1.5700E+02  1.8881E-02
  1.5800E+02  1.8794E-02
  1.5900E+02  1.8712E-02
  1.6000E+02  1.8635E-02
  1.6100E+02  1.8564E-02
  1.6200E+02  1.8498E-02
  1.6300E+02  1.8438E-02
  1.6400E+02  1.8383E-02
  1.6500E+02  1.8333E-02
  1.6600E+02  1.8288E-02
  1.6700E+02  2.0387E-02
  1.6800E+02  2.1787E-02
  1.6900E+02  2.1970E-02
  1.7000E+02  2.0936E-02
  1.7100E+02  1.9300E-02
  1.7200E+02  1.9306E-02
  1.7300E+02  1.9321E-02
  1.7400E+02  1.9343E-02
  1.7500E+02  1.9374E-02
  1.7600E+02  1.9412E-02
  1.7700E+02  1.9459E-02
  1.7800E+02  1.7692E-02
  1.7900E+02  1.8165E-02
  1.8000E+02  1.8648E-02
  1.8100E+02  1.9141E-02
  1.8200E+02  1.9645E-02
  1.8300E+02  2.0159E-02
  1.8400E+02  2.0684E-02
  1.8500E+02  2.1219E-02
  1.8600E+02  2.1764E-02
  1.8700E+02  2.2320E-02
  1.8800E+02  2.4923E-02
  1.8900E+02  2.6114E-02
  1.9000E+02  2.7249E-02
  1.9100E+02  2.8328E-02
  1.9200E+02  2.9352E-02
  1.9300E+02  3.0812E-02
  1.9400E+02  3.2372E-02
  1.9500E+02  4.6105E-02
  1.9600E+02  2.3081E-03
  1.9700E+02  2.4731E-03
  1.9800E+02  2.4760E-03
  1.9900E+02  2.3168E-03
  2.0000E+02  1.9955E-03
  2.0100E+02  1.5120E-03
  2.0200E+02  1.1931E-03
  2.0300E+02  1.2199E-03
  2.0400E+02  1.2470E-03
  2.0500E+02  1.2743E-03
  2.0600E+02  1.3017E-03
  2.0700E+02  1.3293E-03
  2.0800E+02  1.3571E-03
  2.0900E+02  1.3851E-03
  2.1000E+02  1.4133E-03
  2.1100E+02  1.4417E-03
  2.1200E+02  1.4702E-03
  2.1300E+02  1.4990E-03
  2.1400E+02  1.5279E-03
  2.1500E+02  1.5571E-03
  2.1600E+02  1.5864E-03
  2.1700E+02  1.6159E-03
  2.1800E+02  1.6455E-03
  2.1900E+02  1.6754E-03
  2.2000E+02  1.7055E-03
  2.2100E+02  1.7357E-03
  2.2200E+02  1.7661E-03
  2.2300E+02  1.7968E-03
  2.2400E+02  1.8276E-03
  2.2500E+02  1.8585E-03
  2.2600E+02  1.8897E-03
  2.2700E+02  1.9211E-03
  2.2800E+02  1.9526E-03
  2.2900E+02  1.9844E-03
  2.3000E+02  2.0163E-03
  2.3100E+02  2.0484E-03
  2.3200E+02  2.0807E-03
  2.3300E+02  2.1132E-03
  2.3400E+02  2.1459E-03
  2.3500E+02  2.1787E-03
  2.3600E+02  2.2118E-03
  2.3700E+02  2.2450E-03
  2.3800E+02  2.2784E-03
  2.3900E+02  2.3120E-03
  2.4000E+02  2.3458E-03
  2.4100E+02  2.3798E-03
  2.4200E+02  2.4140E-03
  2.4300E+02  2.4483E-03
  2.4400E+02  2.4829E-03
  2.4500E+02  2.5176E-03
  2.4600E+02  2.5525E-03
  2.4700E+02  2.5876E-03
  2.4800E+02  2.6229E-03
  2.4900E+02  2.6584E-03
  2.5000E+02  2.7007E-03
  2.5100E+02  2.7499E-03
  2.5200E+02  2.7996E-03
  2.5300E+02  2.8498E-03
  2.5400E+02  2.9007E-03
  2.5500E+02  2.9521E-03
  2.5600E+02  3.0041E-03
  2.5700E+02  3.0566E-03
  2.5800E+02  3.1097E-03
  2.5900E+02  3.1634E-03
  2.6000E+02  3.2176E-03
  2.6100E+02  3.2724E-03
  2.6200E+02  3.3278E-03
  2.6300E+02  3.3837E-03
  2.6400E+02  3.4403E-03
  2.6500E+02  3.4973E-03
  2.6600E+02  3.5550E-03
  2.6700E+02  3.6132E-03
  2.6800E+02  3.6720E-03
  2.6900E+02  3.7313E-03
  2.7000E+02  3.7912E-03
  2.7100E+02  3.8517E-03
  2.7200E+02  3.9127E-03
  2.7300E+02  3.9744E-03
  2.7400E+02  4.0365E-03
  2.7500E+02  4.0993E-03
  2.7600E+02  4.1626E-03
  2.7700E+02  4.2265E-03
  2.7800E+02  4.2909E-03
  2.7900E+02  4.3560E-03
  2.8000E+02  4.4215E-03
  2.8100E+02  4.4877E-03
  2.8200E+02  4.5544E-03
  2.8300E+02  4.6217E-03
  2.8400E+02  4.6896E-03
  2.8500E+02  4.7580E-03
  2.8600E+02  4.8270E-03
  2.8700E+02  4.8965E-03
  2.8800E+02  4.9861E-03
  2.8900E+02  5.1261E-03
  2.9000E+02  5.2702E-03
  2.9100E+02  5.4186E-03
  2.9200E+02  5.5712E-03
  2.9300E+02  5.7280E-03
  2.9400E+02  5.8891E-03
  2.9500E+02  6.0544E-03
  2.9600E+02  6.2239E-03
  2.9700E+02  6.3976E-03
  2.9800E+02  6.5756E-03
  2.9900E+02  6.7578E-03
  3.0000E+02  6.9443E-03
  3.0100E+02  7.1349E-03
  3.0200E+02  7.3298E-03
  3.0300E+02  7.5290E-03
  3.0400E+02  7.7323E-03
  3.0500E+02  7.9399E-03
  3.0600E+02  8.1517E-03
  3.0700E+02  8.3677E-03
  3.0800E+02  8.5880E-03
  3.0900E+02  8.8125E-03
  3.1000E+02  9.0412E-03
  3.1100E+02  9.2742E-03
  3.1200E+02  9.5114E-03
  3.1300E+02  9.7528E-03
  3.1400E+02  9.9984E-03
  3.1500E+02  1.0248E-02
  3.1600E+02  1.0502E-02
  3.1700E+02  1.0761E-02
  3.1800E+02  1.1023E-02
  3.1900E+02  1.1290E-02
  3.2000E+02  1.1561E-02
  3.2100E+02  1.1836E-02
  3.2200E+02  1.2116E-02
  3.2300E+02  1.2399E-02
  3.2400E+02  1.2687E-02
  3.2500E+02  1.2980E-02
  3.2600E+02  1.3276E-02
  3.2700E+02  1.3577E-02
  3.2800E+02  1.9374E-02
  3.2900E+02  1.9140E-02
  3.3000E+02  1.8876E-02
  3.3100E+02  1.8581E-02
  3.3200E+02  1.8255E-02
  3.3300E+02  1.7899E-02
  3.3400E+02  1.7512E-02
  3.3500E+02  1.6667E-02
  3.3600E+02  1.4010E-02
  3.3700E+02  1.1799E-02
  3.3800E+02  1.0035E-02
  3.3900E+02  8.7174E-03
  3.4000E+02  8.1638E-03
  3.4100E+02  7.9933E-03
  3.4200E+02  7.8212E-03
  3.4300E+02  7.6474E-03
  3.4400E+02  7.4720E-03
  3.4500E+02  7.2949E-03
  3.4600E+02  7.1162E-03
  3.4700E+02  6.9359E-03
  3.4800E+02  6.7539E-03
  3.4900E+02  6.5703E-03
  3.5000E+02  6.3851E-03
  3.5100E+02  6.1982E-03
  3.5200E+02  6.0097E-03
  3.5300E+02  5.8195E-03
  3.5400E+02  5.6277E-03
  3.5500E+02  5.4342E-03
  3.5600E+02  5.2392E-03
  3.5700E+02  5.0424E-03
  3.5800E+02  4.8441E-03
  3.5900E+02  4.6441E-03
  3.6000E+02  4.4342E-03
  3.6100E+02  4.2174E-03
  3.6200E+02  4.0035E-03
  3.6300E+02  3.7925E-03
  3.6400E+02  3.5844E-03
  3.6500E+02  3.3792E-03
  3.6600E+02  3.1770E-03
  3.6700E+02  2.9777E-03
  3.6800E+02  2.7812E-03
  3.6900E+02  2.5877E-03
  3.7000E+02  2.3971E-03
  3.7100E+02  2.2095E-03
  3.7200E+02  2.0247E-03
  3.7300E+02  1.8429E-03
  3.7400E+02  1.6639E-03
  3.7500E+02  1.4879E-03
  3.7600E+02  1.3148E-03
  3.7700E+02  1.1446E-03
  3.7800E+02  9.7733E-04
  3.7900E+02  8.1298E-04
  3.8000E+02  6.5153E-04
  3.8100E+02  4.9300E-04
  3.8200E+02  3.3739E-04
  3.8300E+02  1.8469E-04
  3.8400E+02  3.4899E-05
  3.8500E+02  0.0000E+00
  3.8600E+02  1.3302E-04
  3.8700E+02  8.2838E-04
  3.8800E+02  1.5531E-03
  3.8900E+02  2.3070E-03
  3.9000E+02  3.0903E-03
  3.9100E+02  3.9029E-03
  3.9200E+02  4.7448E-03
  3.9300E+02  5.6161E-03
  3.9400E+02  6.5166E-03
  3.9500E+02  7.4464E-03
  3.9600E+02  8.4056E-03
  3.9700E+02  9.3940E-03
  3.9800E+02  1.0412E-02
  3.9900E+02  1.1459E-02
  4.0000E+02  1.2535E-02
  4.0100E+02  1.9356E-02
  4.0200E+02  1.8562E-02
  4.0300E+02  1.7809E-02
  4.0400E+02  1.7095E-02
  4.0500E+02  1.6420E-02
  4.0600E+02  1.5785E-02
  4.0700E+02  1.5189E-02
  4.0800E+02  1.4633E-02
  4.0900E+02  1.2944E-02
  4.1000E+02  1.2907E-02
  4.1100E+02  1.2867E-02
  4.1200E+02  1.2826E-02
  4.1300E+02  1.2782E-02
  4.1400E+02  1.2736E-02
  4.1500E+02  1.2688E-02
  4.1600E+02  1.2638E-02
  4.1700E+02  1.2586E-02
  4.1800E+02  1.2531E-02
  4.1900E+02  1.2474E-02
  4.2000E+02  1.2415E-02
  4.2100E+02  1.2354E-02
  4.2200E+02  1.2291E-02
  4.2300E+02  1.2225E-02
  4.2400E+02  1.2158E-02
  4.2500E+02  1.2088E-02
  4.2600E+02  1.2016E-02
  4.2700E+02  1.1942E-02
  4.2800E+02  1.1865E-02
  4.2900E+02  1.1787E-02
  4.3000E+02  1.1706E-02
  4.3100E+02  1.1623E-02
  4.3200E+02  1.1538E-02
  4.3300E+02  1.1451E-02
  4.3400E+02  1.1361E-02
  4.3500E+02  1.1269E-02
  4.3600E+02  1.1175E-02
  4.3700E+02  1.1079E-02
  4.3800E+02  1.0981E-02
  4.3900E+02  1.0881E-02
  4.4000E+02  1.0778E-02
  4.4100E+02  1.0673E-02
  4.4200E+02  1.0566E-02
  4.4300E+02  1.0457E-02
  4.4400E+02  1.0346E-02
  4.4500E+02  1.0233E-02
  4.4600E+02  1.0117E-02
  4.4700E+02  9.9990E-03
  4.4800E+02  9.8789E-03
  4.4900E+02  9.7567E-03
  4.5000E+02  9.6323E-03
  4.5100E+02  1.0641E-02
  4.5200E+02  1.1231E-02
  4.5300E+02  1.1367E-02
  4.5400E+02  1.1050E-02
  4.5500E+02  1.3408E-02
  4.5600E+02  1.6699E-02
  4.5700E+02  1.3951E-02
  4.5800E+02  8.7046E-03
  4.5900E+02  7.0616E-03
  4.6000E+02  6.1928E-03
  4.6100E+02  5.9931E-03
  4.6200E+02  5.8760E-03
  4.6300E+02  5.7601E-03
  4.6400E+02  5.6453E-03
  4.6500E+02  5.5317E-03
  4.6600E+02  5.4193E-03
  4.6700E+02  5.3080E-03
  4.6800E+02  5.1979E-03
  4.6900E+02  5.0889E-03
  4.7000E+02  4.9811E-03
  4.7100E+02  4.8745E-03
  4.7200E+02  4.7690E-03
  4.7300E+02  4.6646E-03
  4.7400E+02  9.4759E-03
  4.7500E+02  2.6881E-02
  4.7600E+02  3.6427E-02
  4.7700E+02  4.5375E-02
  4.7800E+02  5.3724E-02
  4.7900E+02  6.1474E-02
  4.8000E+02  8.0051E-02
  4.8100E+02  8.1896E-02
  4.8200E+02  8.1779E-02
  4.8300E+02  7.9699E-02
  4.8400E+02  6.9254E-02
  4.8500E+02  8.9752E-02
  4.8600E+02  9.2778E-02
  4.8700E+02  8.3794E-02
  4.8800E+02  8.1668E-02
  4.8900E+02  7.9503E-02
  4.9000E+02  7.7301E-02
  4.9100E+02  7.5061E-02
  4.9200E+02  7.2783E-02
  4.9300E+02  7.0606E-02
  4.9400E+02  6.8836E-02
  4.9500E+02  7.1592E-02
  4.9600E+02  7.3910E-02
  4.9700E+02  7.5689E-02
  4.9800E+02  8.3062E-02
  4.9900E+02  6.9408E-02
  5.0000E+02  5.5291E-02
  5.0100E+02  4.0581E-02
  5.0200E+02  3.2775E-02
  5.0300E+02  2.9010E-02
  5.0400E+02  2.5386E-02
  5.0500E+02  2.2218E-02
  5.0600E+02  1.9326E-02
  5.0700E+02  1.6644E-02
  5.0800E+02  1.4172E-02
  5.0900E+02  3.7687E-02
  5.1000E+02  5.7571E-03
  5.1100E+02  4.9046E-03
  5.1200E+02  4.1203E-03
  5.1300E+02  3.4044E-03
  5.1400E+02  2.7567E-03
  5.1500E+02  2.1773E-03
  5.1600E+02  1.6661E-03
  5.1700E+02  1.2233E-03
  5.1800E+02  8.4871E-04
  5.1900E+02  5.4242E-04
  5.2000E+02  3.0440E-04
  5.2100E+02  1.3465E-04
  5.2200E+02  3.3192E-05
  5.2300E+02  0.0000E+00
