 -1.6947E-05  0.0000E+00
  9.9998E-01  1.0779E-07
  2.0000E+00  4.3115E-07
  3.0000E+00  9.7008E-07
  4.0000E+00  1.7246E-06
  5.0000E+00  2.6947E-06
  6.0000E+00  3.8803E-06
  7.0000E+00  5.2816E-06
  8.0000E+00  6.8984E-06
  9.0000E+00  8.7307E-06
  1.0000E+01  1.0779E-05
  1.1000E+01  1.3042E-05
  1.2000E+01  1.5521E-05
  1.3000E+01  1.8216E-05
  1.4000E+01  2.1126E-05
  1.5000E+01  2.4252E-05
  1.6000E+01  2.7593E-05
  1.7000E+01  3.1150E-05
  1.8000E+01  3.4923E-05
  1.9000E+01  3.8911E-05
  2.0000E+01  4.3115E-05
  2.1000E+01  4.7534E-05
  2.2000E+01  5.2169E-05
  2.3000E+01  5.7019E-05
  2.4000E+01  6.2085E-05
  2.5000E+01  6.7367E-05
  2.6000E+01  7.2864E-05
  2.7000E+01  7.8577E-05
  2.8000E+01  8.4505E-05
  2.9000E+01  9.0649E-05
  3.0000E+01  9.7008E-05
  3.1000E+01  1.0358E-04
  3.2000E+01  1.1037E-04
  3.3000E+01  1.1738E-04
  3.4000E+01  1.2460E-04
  3.5000E+01  1.3204E-04
  3.6000E+01  1.3969E-04
  3.7000E+01  1.4756E-04
  3.8000E+01  1.5564E-04
  3.9000E+01  1.6394E-04
  4.0000E+01  1.7246E-04
  4.1000E+01  1.8119E-04
  4.2000E+01  1.9014E-04
  4.3000E+01  1.9930E-04
  4.4000E+01  2.0868E-04
  4.5000E+01  2.1827E-04
  4.6000E+01  2.2808E-04
  4.7000E+01  2.3810E-04
  4.8000E+01  2.4834E-04
  4.9000E+01  2.5880E-04
  5.0000E+01  2.6947E-04
  5.1000E+01  2.8035E-04
  5.2000E+01  2.9146E-04
  5.3000E+01  3.0277E-04
  5.4000E+01  3.1431E-04
  5.5000E+01  3.2606E-04
  5.6000E+01  3.3802E-04
  5.7000E+01  3.5020E-04
  5.8000E+01  3.6260E-04
  5.9000E+01  3.7521E-04
  6.0000E+01  3.8803E-04
  6.1000E+01  4.0108E-04
  6.2000E+01  4.1433E-04
  6.3000E+01  5.0724E-04
  6.4000E+01  6.4823E-04
  6.5000E+01  7.8333E-04
  6.6000E+01  9.1254E-04
  6.7000E+01  1.0359E-03
  6.8000E+01  1.1533E-03
  6.9000E+01  1.2648E-03
  7.0000E+01  1.3705E-03
  7.1000E+01  1.4703E-03
  7.2000E+01  1.5641E-03
  7.3000E+01  1.6521E-03
  7.4000E+01  1.7342E-03
  7.5000E+01  1.8104E-03
  7.6000E+01  1.8808E-03
  7.7000E+01  1.9452E-03
  7.8000E+01  2.0038E-03
  7.9000E+01  2.0564E-03
  8.0000E+01  2.1032E-03
  8.1000E+01  2.1655E-03
  8.2000E+01  2.2489E-03
  8.3000E+01  2.3338E-03
  8.4000E+01  2.4202E-03
  8.5000E+01  2.5082E-03
  8.6000E+01  2.5977E-03
  8.7000E+01  2.6888E-03
  8.8000E+01  2.7814E-03
  8.9000E+01  2.8756E-03
  9.0000E+01  2.9713E-03
  9.1000E+01  3.1056E-03
  9.2000E+01  3.3210E-03
  9.3000E+01  3.5494E-03
  9.4000E+01  3.7862E-03
  9.5000E+01  4.0314E-03
  9.6000E+01  4.2851E-03
  9.7000E+01  4.5472E-03
  9.8000E+01  4.8178E-03
  9.9000E+01  5.0968E-03
  1.0000E+02  5.3842E-03
  1.0100E+02  5.6905E-03
  1.0200E+02  6.0565E-03
  1.0300E+02  6.4863E-03
  1.0400E+02  6.9744E-03
  1.0500E+02  7.4754E-03
  1.0600E+02  7.9791E-03
  1.0700E+02  8.4617E-03
  1.0800E+02  8.9478E-03
  1.0900E+02  9.4459E-03
  1.1000E+02  9.9559E-03
  1.1100E+02  1.0478E-02
  1.1200E+02  1.1012E-02
  1.1300E+02  1.1558E-02
  1.1400E+02  1.2116E-02
  1.1500E+02  1.3573E-02
  1.1600E+02  1.4998E-02
  1.1700E+02  1.5528E-02
  1.1800E+02  1.6351E-02
  1.1900E+02  1.7172E-02
  1.2000E+02  2.0813E-02
  1.2100E+02  2.0038E-02
  1.2200E+02  1.7261E-02
  1.2300E+02  1.7142E-02
  1.2400E+02  1.7457E-02
  1.2500E+02  1.8050E-02
  1.2600E+02  1.8807E-02
  1.2700E+02  1.9299E-02
  1.2800E+02  1.9527E-02
  1.2900E+02  1.9490E-02
  1.3000E+02  1.9566E-02
  1.3100E+02  1.9891E-02
  1.3200E+02  2.1596E-02
  1.3300E+02  2.4361E-02
  1.3400E+02  2.6259E-02
  1.3500E+02  2.7663E-02
  1.3600E+02  2.7836E-02
  1.3700E+02  2.8064E-02
  1.3800E+02  2.8766E-02
  1.3900E+02  2.9151E-02
  1.4000E+02  2.8984E-02
  1.4100E+02  2.8722E-02
  1.4200E+02  2.8463E-02
  1.4300E+02  2.8205E-02
  1.4400E+02  2.8864E-02
  1.4500E+02  2.9228E-02
  1.4600E+02  2.9090E-02
  1.4700E+02  2.8966E-02
  1.4800E+02  2.8329E-02
  1.4900E+02  2.7612E-02
  1.5000E+02  2.7273E-02
  1.5100E+02  3.2139E-02
  1.5200E+02  2.6091E-02
  1.5300E+02  2.5702E-02
  1.5400E+02  2.5372E-02
  1.5500E+02  2.5100E-02
  1.5600E+02  2.4753E-02
  1.5700E+02  2.4330E-02
  1.5800E+02  2.3832E-02
  1.5900E+02  2.3259E-02
  1.6000E+02  2.2790E-02
  1.6100E+02  2.2464E-02
  1.6200E+02  2.2133E-02
  1.6300E+02  2.1827E-02
  1.6400E+02  2.1562E-02
  1.6500E+02  2.1337E-02
  1.6600E+02  2.5239E-02
  1.6700E+02  2.7732E-02
  1.6800E+02  2.3386E-02
  1.6900E+02  1.5212E-02
  1.7000E+02  1.5092E-02
  1.7100E+02  1.4981E-02
  1.7200E+02  1.4881E-02
  1.7300E+02  1.4791E-02
  1.7400E+02  1.4711E-02
  1.7500E+02  1.4641E-02
  1.7600E+02  1.4582E-02
  1.7700E+02  1.4532E-02
  1.7800E+02  1.4500E-02
  1.7900E+02  1.4479E-02
  1.8000E+02  1.4467E-02
  1.8100E+02  1.4480E-02
  1.8200E+02  1.4528E-02
  1.8300E+02  1.4576E-02
  1.8400E+02  1.4624E-02
  1.8500E+02  1.4672E-02
  1.8600E+02  1.4721E-02
  1.8700E+02  1.4771E-02
  1.8800E+02  1.4820E-02
  1.8900E+02  1.4822E-02
  1.9000E+02  1.4837E-02
  1.9100E+02  1.4868E-02
  1.9200E+02  1.4914E-02
  1.9300E+02  1.4977E-02
  1.9400E+02  1.5060E-02
  1.9500E+02  1.5169E-02
  1.9600E+02  1.5326E-02
  1.9700E+02  1.5535E-02
  1.9800E+02  1.5820E-02
  1.9900E+02  1.6245E-02
  2.0000E+02  1.6811E-02
  2.0100E+02  1.7519E-02
  2.0200E+02  1.8369E-02
  2.0300E+02  1.7788E-02
  2.0400E+02  1.5735E-02
  2.0500E+02  1.2660E-02
  2.0600E+02  8.1301E-03
  2.0700E+02  2.5617E-03
  2.0800E+02  1.2852E-03
  2.0900E+02  1.3045E-03
  2.1000E+02  1.3244E-03
  2.1100E+02  1.3448E-03
  2.1200E+02  1.3657E-03
  2.1300E+02  1.3871E-03
  2.1400E+02  1.4090E-03
  2.1500E+02  1.4314E-03
  2.1600E+02  1.4543E-03
  2.1700E+02  1.4777E-03
  2.1800E+02  1.5016E-03
  2.1900E+02  1.5260E-03
  2.2000E+02  1.5510E-03
  2.2100E+02  1.5764E-03
  2.2200E+02  1.6024E-03
  2.2300E+02  1.6288E-03
  2.2400E+02  1.6558E-03
  2.2500E+02  1.6832E-03
  2.2600E+02  1.7112E-03
  2.2700E+02  1.7397E-03
  2.2800E+02  1.7687E-03
  2.2900E+02  1.7982E-03
  2.3000E+02  1.8282E-03
  2.3100E+02  1.8587E-03
  2.3200E+02  1.8897E-03
  2.3300E+02  1.9212E-03
  2.3400E+02  1.9532E-03
  2.3500E+02  1.9861E-03
  2.3600E+02  2.0201E-03
  2.3700E+02  2.0554E-03
  2.3800E+02  2.0919E-03
  2.3900E+02  2.1295E-03
  2.4000E+02  2.1683E-03
  2.4100E+02  2.2084E-03
  2.4200E+02  2.2496E-03
  2.4300E+02  2.2920E-03
  2.4400E+02  2.3356E-03
  2.4500E+02  2.3804E-03
  2.4600E+02  2.4264E-03
  2.4700E+02  2.4735E-03
  2.4800E+02  2.5216E-03
  2.4900E+02  2.5708E-03
  2.5000E+02  2.6164E-03
  2.5100E+02  2.6568E-03
  2.5200E+02  2.6930E-03
  2.5300E+02  2.7251E-03
  2.5400E+02  2.7531E-03
  2.5500E+02  2.7769E-03
  2.5600E+02  2.7965E-03
  2.5700E+02  2.8120E-03
  2.5800E+02  2.8443E-03
  2.5900E+02  2.8936E-03
  2.6000E+02  2.9435E-03
  2.6100E+02  2.9941E-03
  2.6200E+02  3.0452E-03
  2.6300E+02  3.0971E-03
  2.6400E+02  3.1496E-03
  2.6500E+02  3.2027E-03
  2.6600E+02  3.2564E-03
  2.6700E+02  3.3108E-03
  2.6800E+02  3.3658E-03
  2.6900E+02  3.4214E-03
  2.7000E+02  3.4777E-03
  2.7100E+02  3.5347E-03
  2.7200E+02  3.5922E-03
  2.7300E+02  3.6504E-03
  2.7400E+02  3.7093E-03
  2.7500E+02  3.7687E-03
  2.7600E+02  3.8288E-03
  2.7700E+02  3.8896E-03
  2.7800E+02  3.9510E-03
  2.7900E+02  4.0130E-03
  2.8000E+02  4.0757E-03
  2.8100E+02  4.1389E-03
  2.8200E+02  4.2029E-03
  2.8300E+02  4.2674E-03
  2.8400E+02  4.3326E-03
  2.8500E+02  4.3996E-03
  2.8600E+02  4.4899E-03
  2.8700E+02  4.6108E-03
  2.8800E+02  4.7623E-03
  2.8900E+02  4.9308E-03
  2.9000E+02  5.0836E-03
  2.9100E+02  5.2193E-03
  2.9200E+02  5.3360E-03
  2.9300E+02  5.4505E-03
  2.9400E+02  5.5632E-03
  2.9500E+02  5.6738E-03
  2.9600E+02  5.7826E-03
  2.9700E+02  5.8894E-03
  2.9800E+02  5.9943E-03
  2.9900E+02  6.0972E-03
  3.0000E+02  6.2012E-03
  3.0100E+02  6.3201E-03
  3.0200E+02  6.4469E-03
  3.0300E+02  6.5816E-03
  3.0400E+02  6.7243E-03
  3.0500E+02  6.8749E-03
  3.0600E+02  7.0334E-03
  3.0700E+02  7.1999E-03
  3.0800E+02  7.3742E-03
  3.0900E+02  7.5565E-03
  3.1000E+02  7.7468E-03
  3.1100E+02  7.9450E-03
  3.1200E+02  8.1510E-03
  3.1300E+02  8.3651E-03
  3.1400E+02  8.5870E-03
  3.1500E+02  8.8169E-03
  3.1600E+02  9.0547E-03
  3.1700E+02  9.3005E-03
  3.1800E+02  9.5542E-03
  3.1900E+02  9.8158E-03
  3.2000E+02  1.0085E-02
  3.2100E+02  1.0363E-02
  3.2200E+02  1.0648E-02
  3.2300E+02  1.0942E-02
  3.2400E+02  1.1249E-02
  3.2500E+02  1.1607E-02
  3.2600E+02  1.2175E-02
  3.2700E+02  1.2970E-02
  3.2800E+02  1.4182E-02
  3.2900E+02  1.5478E-02
  3.3000E+02  1.6810E-02
  3.3100E+02  1.7934E-02
  3.3200E+02  1.8568E-02
  3.3300E+02  1.8713E-02
  3.3400E+02  1.8638E-02
  3.3500E+02  1.7663E-02
  3.3600E+02  1.6683E-02
  3.3700E+02  1.5700E-02
  3.3800E+02  1.4711E-02
  3.3900E+02  1.3719E-02
  3.4000E+02  1.2722E-02
  3.4100E+02  1.1720E-02
  3.4200E+02  1.0714E-02
  3.4300E+02  9.7033E-03
  3.4400E+02  8.8088E-03
  3.4500E+02  8.4472E-03
  3.4600E+02  8.1172E-03
  3.4700E+02  7.7963E-03
  3.4800E+02  7.4847E-03
  3.4900E+02  7.1823E-03
  3.5000E+02  6.8891E-03
  3.5100E+02  6.6052E-03
  3.5200E+02  6.3304E-03
  3.5300E+02  6.0649E-03
  3.5400E+02  5.8085E-03
  3.5500E+02  5.5614E-03
  3.5600E+02  5.3235E-03
  3.5700E+02  5.0949E-03
  3.5800E+02  4.8754E-03
  3.5900E+02  4.6652E-03
  3.6000E+02  4.4641E-03
  3.6100E+02  4.2722E-03
  3.6200E+02  4.0866E-03
  3.6300E+02  3.9065E-03
  3.6400E+02  3.7320E-03
  3.6500E+02  3.5630E-03
  3.6600E+02  3.3995E-03
  3.6700E+02  3.2415E-03
  3.6800E+02  3.0890E-03
  3.6900E+02  2.9945E-03
  3.7000E+02  2.9617E-03
  3.7100E+02  2.8601E-03
  3.7200E+02  2.7529E-03
  3.7300E+02  2.6591E-03
  3.7400E+02  2.5787E-03
  3.7500E+02  2.5116E-03
  3.7600E+02  2.4579E-03
  3.7700E+02  2.4161E-03
  3.7800E+02  2.3855E-03
  3.7900E+02  2.3660E-03
  3.8000E+02  2.3577E-03
  3.8100E+02  2.3605E-03
  3.8200E+02  2.3744E-03
  3.8300E+02  2.4333E-03
  3.8400E+02  2.5918E-03
  3.8500E+02  2.8508E-03
  3.8600E+02  3.2103E-03
  3.8700E+02  3.6719E-03
  3.8800E+02  4.4543E-03
  3.8900E+02  5.4893E-03
  3.9000E+02  6.7769E-03
  3.9100E+02  8.3172E-03
  3.9200E+02  1.0110E-02
  3.9300E+02  1.2247E-02
  3.9400E+02  1.2882E-02
  3.9500E+02  1.1102E-02
  3.9600E+02  1.0809E-02
  3.9700E+02  1.0661E-02
  3.9800E+02  1.0586E-02
  3.9900E+02  1.0583E-02
  4.0000E+02  1.0651E-02
  4.0100E+02  1.0710E-02
  4.0200E+02  1.0746E-02
  4.0300E+02  1.0824E-02
  4.0400E+02  1.0942E-02
  4.0500E+02  1.1102E-02
  4.0600E+02  1.1239E-02
  4.0700E+02  1.1357E-02
  4.0800E+02  1.1468E-02
  4.0900E+02  1.1574E-02
  4.1000E+02  1.1674E-02
  4.1100E+02  1.1768E-02
  4.1200E+02  1.1855E-02
  4.1300E+02  1.1937E-02
  4.1400E+02  1.2012E-02
  4.1500E+02  1.2082E-02
  4.1600E+02  1.2146E-02
  4.1700E+02  1.2205E-02
  4.1800E+02  1.2266E-02
  4.1900E+02  1.2330E-02
  4.2000E+02  1.2395E-02
  4.2100E+02  1.2463E-02
  4.2200E+02  1.2533E-02
  4.2300E+02  1.2605E-02
  4.2400E+02  1.4141E-02
  4.2500E+02  1.5418E-02
  4.2600E+02  1.5712E-02
  4.2700E+02  1.5796E-02
  4.2800E+02  1.5633E-02
  4.2900E+02  1.5153E-02
  4.3000E+02  1.4464E-02
  4.3100E+02  1.1356E-02
  4.3200E+02  1.0912E-02
  4.3300E+02  1.0474E-02
  4.3400E+02  1.0005E-02
  4.3500E+02  9.6574E-03
  4.3600E+02  9.5159E-03
  4.3700E+02  9.3760E-03
  4.3800E+02  9.2377E-03
  4.3900E+02  9.1009E-03
  4.4000E+02  8.9658E-03
  4.4100E+02  8.8322E-03
  4.4200E+02  8.7003E-03
  4.4300E+02  8.5699E-03
  4.4400E+02  8.4411E-03
  4.4500E+02  8.3140E-03
  4.4600E+02  8.1884E-03
  4.4700E+02  8.0644E-03
  4.4800E+02  7.9420E-03
  4.4900E+02  7.8212E-03
  4.5000E+02  7.7020E-03
  4.5100E+02  7.5844E-03
  4.5200E+02  7.4683E-03
  4.5300E+02  7.3539E-03
  4.5400E+02  7.2411E-03
  4.5500E+02  7.1298E-03
  4.5600E+02  7.0202E-03
  4.5700E+02  6.9121E-03
  4.5800E+02  6.8056E-03
  4.5900E+02  6.7440E-03
  4.6000E+02  6.7866E-03
  4.6100E+02  6.9019E-03
  4.6200E+02  6.9239E-03
  4.6300E+02  7.0305E-03
  4.6400E+02  7.2218E-03
  4.6500E+02  9.6644E-03
  4.6600E+02  8.8835E-03
  4.6700E+02  6.7515E-03
  4.6800E+02  6.1576E-03
  4.6900E+02  5.9650E-03
  4.7000E+02  5.8413E-03
  4.7100E+02  5.7188E-03
  4.7200E+02  5.5976E-03
  4.7300E+02  5.8184E-03
  4.7400E+02  1.1351E-02
  4.7500E+02  2.5503E-02
  4.7600E+02  4.0408E-02
  4.7700E+02  5.8639E-02
  4.7800E+02  1.0288E-01
  4.7900E+02  8.3895E-02
  4.8000E+02  6.8897E-02
  4.8100E+02  6.7911E-02
  4.8200E+02  6.9047E-02
  4.8300E+02  6.9886E-02
  4.8400E+02  7.0460E-02
  4.8500E+02  7.1496E-02
  4.8600E+02  7.1012E-02
  4.8700E+02  7.2193E-02
  4.8800E+02  7.3274E-02
  4.8900E+02  7.4256E-02
  4.9000E+02  7.5139E-02
  4.9100E+02  7.8175E-02
  4.9200E+02  9.4866E-02
  4.9300E+02  8.7398E-02
  4.9400E+02  8.1919E-02
  4.9500E+02  7.7490E-02
  4.9600E+02  7.3410E-02
  4.9700E+02  6.8907E-02
  4.9800E+02  6.5404E-02
  4.9900E+02  7.7700E-02
  5.0000E+02  5.7307E-02
  5.0100E+02  3.9522E-02
  5.0200E+02  3.0040E-02
  5.0300E+02  2.6348E-02
  5.0400E+02  2.3406E-02
  5.0500E+02  2.0883E-02
  5.0600E+02  1.8864E-02
  5.0700E+02  1.7554E-02
  5.0800E+02  1.4853E-02
  5.0900E+02  1.2180E-02
  5.1000E+02  1.1005E-02
  5.1100E+02  9.8311E-03
  5.1200E+02  8.6589E-03
  5.1300E+02  7.4883E-03
  5.1400E+02  6.3193E-03
  5.1500E+02  5.1519E-03
  5.1600E+02  4.6501E-03
  5.1700E+02  4.6969E-03
  5.1800E+02  1.6541E-03
  5.1900E+02  1.0307E-03
  5.2000E+02  5.7841E-04
  5.2100E+02  2.5587E-04
  5.2200E+02  6.3071E-05
  5.2300E+02  0.0000E+00
