  0.0000E+00  0.0000E+00
  1.0000E+00  9.6506E-08
  2.0000E+00  3.8603E-07
  3.0000E+00  8.6858E-07
  4.0000E+00  1.5441E-06
  5.0000E+00  2.4127E-06
  6.0000E+00  3.4743E-06
  7.0000E+00  4.7290E-06
  8.0000E+00  6.1766E-06
  9.0000E+00  7.8173E-06
  1.0000E+01  9.6509E-06
  1.1000E+01  1.1678E-05
  1.2000E+01  1.3897E-05
  1.3000E+01  1.6310E-05
  1.4000E+01  1.8916E-05
  1.5000E+01  2.1715E-05
  1.6000E+01  2.4706E-05
  1.7000E+01  2.7891E-05
  1.8000E+01  3.1269E-05
  1.9000E+01  3.4840E-05
  2.0000E+01  3.8604E-05
  2.1000E+01  4.2561E-05
  2.2000E+01  4.6711E-05
  2.3000E+01  5.1054E-05
  2.4000E+01  5.5590E-05
  2.5000E+01  6.0318E-05
  2.6000E+01  6.5240E-05
  2.7000E+01  7.0355E-05
  2.8000E+01  7.5664E-05
  2.9000E+01  8.1165E-05
  3.0000E+01  8.6859E-05
  3.1000E+01  9.2746E-05
  3.2000E+01  9.8826E-05
  3.3000E+01  1.0510E-04
  3.4000E+01  1.1157E-04
  3.5000E+01  1.1822E-04
  3.6000E+01  1.2508E-04
  3.7000E+01  1.3212E-04
  3.8000E+01  1.3936E-04
  3.9000E+01  1.4679E-04
  4.0000E+01  1.5442E-04
  4.1000E+01  1.6223E-04
  4.2000E+01  1.7024E-04
  4.3000E+01  1.7845E-04
  4.4000E+01  1.8684E-04
  4.5000E+01  1.9543E-04
  4.6000E+01  2.0421E-04
  4.7000E+01  2.3849E-04
  4.8000E+01  3.1672E-04
  4.9000E+01  3.9026E-04
  5.0000E+01  4.5911E-04
  5.1000E+01  5.2326E-04
  5.2000E+01  5.8273E-04
  5.3000E+01  6.3750E-04
  5.4000E+01  6.8759E-04
  5.5000E+01  7.3298E-04
  5.6000E+01  7.7368E-04
  5.7000E+01  8.0969E-04
  5.8000E+01  8.4100E-04
  5.9000E+01  8.6763E-04
  6.0000E+01  8.8956E-04
  6.1000E+01  9.0680E-04
  6.2000E+01  9.3897E-04
  6.3000E+01  9.7938E-04
  6.4000E+01  1.0206E-03
  6.5000E+01  1.0626E-03
  6.6000E+01  1.1054E-03
  6.7000E+01  1.1490E-03
  6.8000E+01  1.1935E-03
  6.9000E+01  1.2387E-03
  7.0000E+01  1.2890E-03
  7.1000E+01  1.3435E-03
  7.2000E+01  1.4013E-03
  7.3000E+01  1.4622E-03
  7.4000E+01  1.5264E-03
  7.5000E+01  1.5938E-03
  7.6000E+01  1.6644E-03
  7.7000E+01  1.7382E-03
  7.8000E+01  1.8152E-03
  7.9000E+01  1.8964E-03
  8.0000E+01  1.9872E-03
  8.1000E+01  2.0888E-03
  8.2000E+01  2.2010E-03
  8.3000E+01  2.3240E-03
  8.4000E+01  2.4577E-03
  8.5000E+01  2.6020E-03
  8.6000E+01  2.7571E-03
  8.7000E+01  3.0393E-03
  8.8000E+01  3.3367E-03
  8.9000E+01  3.5284E-03
  9.0000E+01  3.6144E-03
  9.1000E+01  3.6688E-03
  9.2000E+01  4.0347E-03
  9.3000E+01  4.2475E-03
  9.4000E+01  4.2895E-03
  9.5000E+01  4.2692E-03
  9.6000E+01  4.5995E-03
  9.7000E+01  4.9275E-03
  9.8000E+01  5.2533E-03
  9.9000E+01  5.5767E-03
  1.0000E+02  5.8978E-03
  1.0100E+02  6.2383E-03
  1.0200E+02  6.7564E-03
  1.0300E+02  7.3745E-03
  1.0400E+02  8.0062E-03
  1.0500E+02  8.6503E-03
  1.0600E+02  9.3071E-03
  1.0700E+02  9.9766E-03
  1.0800E+02  1.0654E-02
  1.0900E+02  1.2180E-02
  1.1000E+02  1.2543E-02
  1.1100E+02  1.3003E-02
  1.1200E+02  1.4306E-02
  1.1300E+02  1.6994E-02
  1.1400E+02  1.3395E-02
  1.1500E+02  1.4096E-02
  1.1600E+02  1.4360E-02
  1.1700E+02  1.4622E-02
  1.1800E+02  1.4994E-02
  1.1900E+02  1.5372E-02
  1.2000E+02  1.5758E-02
  1.2100E+02  1.6150E-02
  1.2200E+02  1.6550E-02
  1.2300E+02  1.6959E-02
  1.2400E+02  1.7454E-02
  1.2500E+02  1.8038E-02
  1.2600E+02  1.8834E-02
  1.2700E+02  1.9660E-02
  1.2800E+02  2.0518E-02
  1.2900E+02  2.1882E-02
  1.3000E+02  2.3656E-02
  1.3100E+02  2.4441E-02
  1.3200E+02  2.1679E-02
  1.3300E+02  2.2092E-02
  1.3400E+02  2.4107E-02
  1.3500E+02  2.8215E-02
  1.3600E+02  2.8545E-02
  1.3700E+02  2.8044E-02
  1.3800E+02  2.8574E-02
  1.3900E+02  2.9236E-02
  1.4000E+02  2.9970E-02
  1.4100E+02  3.0398E-02
  1.4200E+02  3.0322E-02
  1.4300E+02  3.0220E-02
  1.4400E+02  3.0175E-02
  1.4500E+02  3.0186E-02
  1.4600E+02  3.0120E-02
  1.4700E+02  2.9871E-02
  1.4800E+02  2.9304E-02
  1.4900E+02  2.8545E-02
  1.5000E+02  2.7707E-02
  1.5100E+02  2.6806E-02
  1.5200E+02  2.5907E-02
  1.5300E+02  2.5030E-02
  1.5400E+02  2.6910E-02
  1.5500E+02  2.1996E-02
  1.5600E+02  2.0342E-02
  1.5700E+02  1.8611E-02
  1.5800E+02  1.8309E-02
  1.5900E+02  1.8014E-02
  1.6000E+02  1.7725E-02
  1.6100E+02  1.7459E-02
  1.6200E+02  1.7291E-02
  1.6300E+02  1.7131E-02
  1.6400E+02  1.6977E-02
  1.6500E+02  1.6929E-02
  1.6600E+02  1.6745E-02
  1.6700E+02  1.6559E-02
  1.6800E+02  1.6373E-02
  1.6900E+02  1.6184E-02
  1.7000E+02  1.5996E-02
  1.7100E+02  1.5810E-02
  1.7200E+02  1.5628E-02
  1.7300E+02  1.5449E-02
  1.7400E+02  1.5357E-02
  1.7500E+02  1.5280E-02
  1.7600E+02  1.5315E-02
  1.7700E+02  1.5226E-02
  1.7800E+02  1.5097E-02
  1.7900E+02  1.4949E-02
  1.8000E+02  1.4860E-02
  1.8100E+02  1.4798E-02
  1.8200E+02  1.4720E-02
  1.8300E+02  1.4640E-02
  1.8400E+02  1.5139E-02
  1.8500E+02  1.2899E-02
  1.8600E+02  1.3048E-02
  1.8700E+02  1.3632E-02
  1.8800E+02  1.4829E-02
  1.8900E+02  1.6948E-02
  1.9000E+02  1.5321E-02
  1.9100E+02  1.5470E-02
  1.9200E+02  1.5644E-02
  1.9300E+02  1.5853E-02
  1.9400E+02  1.6028E-02
  1.9500E+02  1.6163E-02
  1.9600E+02  1.6261E-02
  1.9700E+02  1.6322E-02
  1.9800E+02  1.6368E-02
  1.9900E+02  1.6377E-02
  2.0000E+02  1.6323E-02
  2.0100E+02  1.6204E-02
  2.0200E+02  1.6030E-02
  2.0300E+02  1.6294E-02
  2.0400E+02  1.6916E-02
  2.0500E+02  1.3934E-02
  2.0600E+02  1.1959E-02
  2.0700E+02  1.0263E-02
  2.0800E+02  8.8483E-03
  2.0900E+02  7.2236E-03
  2.1000E+02  4.9715E-03
  2.1100E+02  2.1543E-03
  2.1200E+02  1.4212E-03
  2.1300E+02  1.4425E-03
  2.1400E+02  1.4639E-03
  2.1500E+02  1.4855E-03
  2.1600E+02  1.5072E-03
  2.1700E+02  1.5290E-03
  2.1800E+02  1.5510E-03
  2.1900E+02  1.5730E-03
  2.2000E+02  1.5952E-03
  2.2100E+02  1.6176E-03
  2.2200E+02  1.6400E-03
  2.2300E+02  1.6626E-03
  2.2400E+02  1.6853E-03
  2.2500E+02  1.7081E-03
  2.2600E+02  1.7315E-03
  2.2700E+02  1.7634E-03
  2.2800E+02  1.8042E-03
  2.2900E+02  1.8412E-03
  2.3000E+02  1.8780E-03
  2.3100E+02  1.9147E-03
  2.3200E+02  1.9512E-03
  2.3300E+02  1.9874E-03
  2.3400E+02  2.0231E-03
  2.3500E+02  2.0583E-03
  2.3600E+02  2.0928E-03
  2.3700E+02  2.1268E-03
  2.3800E+02  2.1601E-03
  2.3900E+02  2.1928E-03
  2.4000E+02  2.2249E-03
  2.4100E+02  2.2565E-03
  2.4200E+02  2.2874E-03
  2.4300E+02  2.3177E-03
  2.4400E+02  2.3475E-03
  2.4500E+02  2.3766E-03
  2.4600E+02  2.4051E-03
  2.4700E+02  2.4354E-03
  2.4800E+02  2.4692E-03
  2.4900E+02  2.5041E-03
  2.5000E+02  2.5401E-03
  2.5100E+02  2.5773E-03
  2.5200E+02  2.6156E-03
  2.5300E+02  2.6551E-03
  2.5400E+02  2.6957E-03
  2.5500E+02  2.7375E-03
  2.5600E+02  2.7806E-03
  2.5700E+02  2.8248E-03
  2.5800E+02  2.8701E-03
  2.5900E+02  2.9167E-03
  2.6000E+02  2.9644E-03
  2.6100E+02  3.0133E-03
  2.6200E+02  3.0635E-03
  2.6300E+02  3.1147E-03
  2.6400E+02  3.1671E-03
  2.6500E+02  3.2204E-03
  2.6600E+02  3.2748E-03
  2.6700E+02  3.3303E-03
  2.6800E+02  3.3869E-03
  2.6900E+02  3.4446E-03
  2.7000E+02  3.5085E-03
  2.7100E+02  3.5816E-03
  2.7200E+02  3.6640E-03
  2.7300E+02  3.7509E-03
  2.7400E+02  3.8283E-03
  2.7500E+02  3.8985E-03
  2.7600E+02  3.9617E-03
  2.7700E+02  4.0177E-03
  2.7800E+02  4.0666E-03
  2.7900E+02  4.1084E-03
  2.8000E+02  4.1682E-03
  2.8100E+02  4.2400E-03
  2.8200E+02  4.3124E-03
  2.8300E+02  4.3853E-03
  2.8400E+02  4.4587E-03
  2.8500E+02  4.5326E-03
  2.8600E+02  4.6071E-03
  2.8700E+02  4.6821E-03
  2.8800E+02  4.7576E-03
  2.8900E+02  4.8337E-03
  2.9000E+02  4.9105E-03
  2.9100E+02  4.9964E-03
  2.9200E+02  5.0924E-03
  2.9300E+02  5.1896E-03
  2.9400E+02  5.2882E-03
  2.9500E+02  5.3880E-03
  2.9600E+02  5.4891E-03
  2.9700E+02  5.5914E-03
  2.9800E+02  5.7074E-03
  2.9900E+02  5.8365E-03
  3.0000E+02  5.9749E-03
  3.0100E+02  6.1226E-03
  3.0200E+02  6.2796E-03
  3.0300E+02  6.4460E-03
  3.0400E+02  6.6211E-03
  3.0500E+02  6.7844E-03
  3.0600E+02  6.9258E-03
  3.0700E+02  7.0453E-03
  3.0800E+02  7.1482E-03
  3.0900E+02  7.2765E-03
  3.1000E+02  7.4310E-03
  3.1100E+02  7.6073E-03
  3.1200E+02  7.7959E-03
  3.1300E+02  7.9933E-03
  3.1400E+02  8.1994E-03
  3.1500E+02  8.4143E-03
  3.1600E+02  8.6378E-03
  3.1700E+02  8.8701E-03
  3.1800E+02  9.1113E-03
  3.1900E+02  9.3632E-03
  3.2000E+02  9.6319E-03
  3.2100E+02  9.9629E-03
  3.2200E+02  1.0340E-02
  3.2300E+02  1.0764E-02
  3.2400E+02  1.1233E-02
  3.2500E+02  1.1745E-02
  3.2600E+02  1.2300E-02
  3.2700E+02  1.2880E-02
  3.2800E+02  1.3478E-02
  3.2900E+02  1.4094E-02
  3.3000E+02  1.4729E-02
  3.3100E+02  1.5382E-02
  3.3200E+02  1.8513E-02
  3.3300E+02  1.8501E-02
  3.3400E+02  1.8413E-02
  3.3500E+02  1.7654E-02
  3.3600E+02  1.7818E-02
  3.3700E+02  1.3681E-02
  3.3800E+02  1.2748E-02
  3.3900E+02  1.1945E-02
  3.4000E+02  1.1318E-02
  3.4100E+02  1.0892E-02
  3.4200E+02  1.0532E-02
  3.4300E+02  1.0200E-02
  3.4400E+02  9.8956E-03
  3.4500E+02  9.6183E-03
  3.4600E+02  9.3685E-03
  3.4700E+02  9.1460E-03
  3.4800E+02  8.9510E-03
  3.4900E+02  8.7834E-03
  3.5000E+02  8.8496E-03
  3.5100E+02  9.1987E-03
  3.5200E+02  6.1963E-03
  3.5300E+02  5.9446E-03
  3.5400E+02  5.6974E-03
  3.5500E+02  5.4547E-03
  3.5600E+02  5.2166E-03
  3.5700E+02  4.9831E-03
  3.5800E+02  4.7541E-03
  3.5900E+02  4.5316E-03
  3.6000E+02  4.3180E-03
  3.6100E+02  4.0880E-03
  3.6200E+02  3.7639E-03
  3.6300E+02  3.4791E-03
  3.6400E+02  3.2335E-03
  3.6500E+02  3.0304E-03
  3.6600E+02  2.8720E-03
  3.6700E+02  2.7897E-03
  3.6800E+02  2.7147E-03
  3.6900E+02  2.6383E-03
  3.7000E+02  2.5605E-03
  3.7100E+02  2.4813E-03
  3.7200E+02  2.7201E-03
  3.7300E+02  2.8582E-03
  3.7400E+02  3.0016E-03
  3.7500E+02  3.1503E-03
  3.7600E+02  3.3042E-03
  3.7700E+02  3.4479E-03
  3.7800E+02  3.5425E-03
  3.7900E+02  3.6352E-03
  3.8000E+02  3.7259E-03
  3.8100E+02  3.8147E-03
  3.8200E+02  3.9337E-03
  3.8300E+02  4.4399E-03
  3.8400E+02  5.1855E-03
  3.8500E+02  5.9347E-03
  3.8600E+02  6.6873E-03
  3.8700E+02  7.4435E-03
  3.8800E+02  8.0891E-03
  3.8900E+02  8.7782E-03
  3.9000E+02  9.3282E-03
  3.9100E+02  9.7310E-03
  3.9200E+02  1.0001E-02
  3.9300E+02  9.4300E-03
  3.9400E+02  9.4359E-03
  3.9500E+02  9.4917E-03
  3.9600E+02  9.5973E-03
  3.9700E+02  9.7271E-03
  3.9800E+02  9.7961E-03
  3.9900E+02  9.8875E-03
  4.0000E+02  1.0002E-02
  4.0100E+02  1.0138E-02
  4.0200E+02  1.0299E-02
  4.0300E+02  1.0451E-02
  4.0400E+02  1.0589E-02
  4.0500E+02  1.0713E-02
  4.0600E+02  1.0823E-02
  4.0700E+02  1.0937E-02
  4.0800E+02  1.1029E-02
  4.0900E+02  1.1495E-02
  4.1000E+02  1.1700E-02
  4.1100E+02  1.1907E-02
  4.1200E+02  1.2117E-02
  4.1300E+02  1.2343E-02
  4.1400E+02  1.2660E-02
  4.1500E+02  1.3056E-02
  4.1600E+02  1.3531E-02
  4.1700E+02  1.3901E-02
  4.1800E+02  1.4145E-02
  4.1900E+02  1.3261E-02
  4.2000E+02  1.2429E-02
  4.2100E+02  1.2230E-02
  4.2200E+02  1.1977E-02
  4.2300E+02  1.1855E-02
  4.2400E+02  1.1727E-02
  4.2500E+02  1.1592E-02
  4.2600E+02  1.1452E-02
  4.2700E+02  1.1305E-02
  4.2800E+02  1.1153E-02
  4.2900E+02  1.0994E-02
  4.3000E+02  1.0829E-02
  4.3100E+02  1.0658E-02
  4.3200E+02  1.0481E-02
  4.3300E+02  1.0319E-02
  4.3400E+02  1.0128E-02
  4.3500E+02  9.8836E-03
  4.3600E+02  9.5854E-03
  4.3700E+02  9.3374E-03
  4.3800E+02  9.1909E-03
  4.3900E+02  9.0519E-03
  4.4000E+02  8.9345E-03
  4.4100E+02  8.8446E-03
  4.4200E+02  8.7839E-03
  4.4300E+02  8.7756E-03
  4.4400E+02  8.6607E-03
  4.4500E+02  8.5251E-03
  4.4600E+02  8.4447E-03
  4.4700E+02  8.3778E-03
  4.4800E+02  8.2656E-03
  4.4900E+02  8.1082E-03
  4.5000E+02  7.9055E-03
  4.5100E+02  7.7040E-03
  4.5200E+02  7.5985E-03
  4.5300E+02  7.4937E-03
  4.5400E+02  7.3896E-03
  4.5500E+02  7.2862E-03
  4.5600E+02  7.1835E-03
  4.5700E+02  7.0816E-03
  4.5800E+02  6.9803E-03
  4.5900E+02  6.8798E-03
  4.6000E+02  6.7799E-03
  4.6100E+02  6.6808E-03
  4.6200E+02  6.5824E-03
  4.6300E+02  6.4941E-03
  4.6400E+02  6.4402E-03
  4.6500E+02  6.4788E-03
  4.6600E+02  6.6191E-03
  4.6700E+02  6.8286E-03
  4.6800E+02  7.1156E-03
  4.6900E+02  6.9788E-03
  4.7000E+02  8.2933E-03
  4.7100E+02  6.5340E-03
  4.7200E+02  6.0596E-03
  4.7300E+02  5.8788E-03
  4.7400E+02  1.5773E-02
  4.7500E+02  2.8695E-02
  4.7600E+02  4.9909E-02
  4.7700E+02  7.1555E-02
  4.7800E+02  8.9590E-02
  4.7900E+02  8.5040E-02
  4.8000E+02  6.9498E-02
  4.8100E+02  6.8636E-02
  4.8200E+02  7.1357E-02
  4.8300E+02  7.1876E-02
  4.8400E+02  7.0693E-02
  4.8500E+02  6.9174E-02
  4.8600E+02  6.8359E-02
  4.8700E+02  6.8564E-02
  4.8800E+02  6.7815E-02
  4.8900E+02  6.7530E-02
  4.9000E+02  6.7608E-02
  4.9100E+02  6.7234E-02
  4.9200E+02  6.7531E-02
  4.9300E+02  6.8529E-02
  4.9400E+02  7.0741E-02
  4.9500E+02  7.2554E-02
  4.9600E+02  7.9080E-02
  4.9700E+02  8.6162E-02
  4.9800E+02  8.0621E-02
  4.9900E+02  7.5064E-02
  5.0000E+02  8.2307E-02
  5.0100E+02  4.7472E-02
  5.0200E+02  3.4270E-02
  5.0300E+02  2.8607E-02
  5.0400E+02  2.5319E-02
  5.0500E+02  2.3117E-02
  5.0600E+02  2.0663E-02
  5.0700E+02  1.6701E-02
  5.0800E+02  1.4841E-02
  5.0900E+02  1.3143E-02
  5.1000E+02  1.1695E-02
  5.1100E+02  1.0498E-02
  5.1200E+02  9.4945E-03
  5.1300E+02  8.8735E-03
  5.1400E+02  7.2845E-03
  5.1500E+02  6.4875E-03
  5.1600E+02  5.9204E-03
  5.1700E+02  5.0548E-03
  5.1800E+02  3.8907E-03
  5.1900E+02  2.7432E-03
  5.2000E+02  2.8882E-03
  5.2100E+02  7.1997E-04
  5.2200E+02  1.7746E-04
  5.2300E+02  0.0000E+00
