 -9.0571E-06  0.0000E+00
  9.9999E-01  1.4473E-07
  2.0000E+00  5.7894E-07
  3.0000E+00  1.3026E-06
  4.0000E+00  2.3158E-06
  5.0000E+00  3.6184E-06
  6.0000E+00  5.2105E-06
  7.0000E+00  7.0920E-06
  8.0000E+00  9.2630E-06
  9.0000E+00  1.1724E-05
  1.0000E+01  1.4473E-05
  1.1000E+01  1.7513E-05
  1.2000E+01  2.0842E-05
  1.3000E+01  2.4460E-05
  1.4000E+01  2.8368E-05
  1.5000E+01  3.2565E-05
  1.6000E+01  3.7052E-05
  1.7000E+01  4.1828E-05
  1.8000E+01  4.6894E-05
  1.9000E+01  5.2249E-05
  2.0000E+01  5.7894E-05
  2.1000E+01  6.3828E-05
  2.2000E+01  7.0052E-05
  2.3000E+01  7.6565E-05
  2.4000E+01  8.3367E-05
  2.5000E+01  9.0459E-05
  2.6000E+01  9.7841E-05
  2.7000E+01  1.0551E-04
  2.8000E+01  1.1347E-04
  2.9000E+01  1.2172E-04
  3.0000E+01  1.3026E-04
  3.1000E+01  1.3909E-04
  3.2000E+01  1.4821E-04
  3.3000E+01  1.5762E-04
  3.4000E+01  1.6731E-04
  3.5000E+01  1.7730E-04
  3.6000E+01  1.8758E-04
  3.7000E+01  1.9814E-04
  3.8000E+01  2.0900E-04
  3.9000E+01  2.2014E-04
  4.0000E+01  2.3158E-04
  4.1000E+01  2.4330E-04
  4.2000E+01  2.5531E-04
  4.3000E+01  2.6761E-04
  4.4000E+01  2.8021E-04
  4.5000E+01  2.9309E-04
  4.6000E+01  3.0626E-04
  4.7000E+01  3.1972E-04
  4.8000E+01  3.3347E-04
  4.9000E+01  3.4751E-04
  5.0000E+01  3.6184E-04
  5.1000E+01  3.7646E-04
  5.2000E+01  3.9136E-04
  5.3000E+01  4.0656E-04
  5.4000E+01  4.2205E-04
  5.5000E+01  4.3782E-04
  5.6000E+01  4.5389E-04
  5.7000E+01  4.7024E-04
  5.8000E+01  4.8689E-04
  5.9000E+01  5.0382E-04
  6.0000E+01  5.2105E-04
  6.1000E+01  5.3856E-04
  6.2000E+01  5.5636E-04
  6.3000E+01  5.7445E-04
  6.4000E+01  5.9283E-04
  6.5000E+01  6.1150E-04
  6.6000E+01  6.3046E-04
  6.7000E+01  6.4971E-04
  6.8000E+01  6.6925E-04
  6.9000E+01  6.8908E-04
  7.0000E+01  7.0920E-04
  7.1000E+01  7.2961E-04
  7.2000E+01  7.5031E-04
  7.3000E+01  7.7129E-04
  7.4000E+01  7.9257E-04
  7.5000E+01  9.2830E-04
  7.6000E+01  1.1372E-03
  7.7000E+01  1.3435E-03
  7.8000E+01  1.5472E-03
  7.9000E+01  1.7482E-03
  8.0000E+01  1.9466E-03
  8.1000E+01  2.1423E-03
  8.2000E+01  2.3354E-03
  8.3000E+01  2.5258E-03
  8.4000E+01  2.7136E-03
  8.5000E+01  2.8988E-03
  8.6000E+01  3.0813E-03
  8.7000E+01  3.2612E-03
  8.8000E+01  3.4384E-03
  8.9000E+01  3.6130E-03
  9.0000E+01  3.7850E-03
  9.1000E+01  3.9543E-03
  9.2000E+01  4.1210E-03
  9.3000E+01  4.2850E-03
  9.4000E+01  4.4464E-03
  9.5000E+01  4.6052E-03
  9.6000E+01  4.7613E-03
  9.7000E+01  4.9147E-03
  9.8000E+01  5.0656E-03
  9.9000E+01  5.2137E-03
  1.0000E+02  5.4051E-03
  1.0100E+02  5.6785E-03
  1.0200E+02  6.0345E-03
  1.0300E+02  6.4729E-03
  1.0400E+02  6.9870E-03
  1.0500E+02  7.5188E-03
  1.0600E+02  8.0551E-03
  1.0700E+02  8.5959E-03
  1.0800E+02  9.1413E-03
  1.0900E+02  9.6912E-03
  1.1000E+02  1.0261E-02
  1.1100E+02  1.1085E-02
  1.1200E+02  1.1888E-02
  1.1300E+02  1.2668E-02
  1.1400E+02  1.3426E-02
  1.1500E+02  1.4162E-02
  1.1600E+02  1.4876E-02
  1.1700E+02  1.5567E-02
  1.1800E+02  1.6237E-02
  1.1900E+02  1.6884E-02
  1.2000E+02  1.7509E-02
  1.2100E+02  1.7971E-02
  1.2200E+02  1.8400E-02
  1.2300E+02  1.8865E-02
  1.2400E+02  1.9366E-02
  1.2500E+02  1.9902E-02
  1.2600E+02  2.2731E-02
  1.2700E+02  3.0474E-02
  1.2800E+02  2.1671E-02
  1.2900E+02  2.1787E-02
  1.3000E+02  2.1876E-02
  1.3100E+02  2.1937E-02
  1.3200E+02  2.1971E-02
  1.3300E+02  2.1977E-02
  1.3400E+02  2.2269E-02
  1.3500E+02  2.3280E-02
  1.3600E+02  2.4972E-02
  1.3700E+02  2.6755E-02
  1.3800E+02  2.5868E-02
  1.3900E+02  2.5261E-02
  1.4000E+02  2.4933E-02
  1.4100E+02  2.4859E-02
  1.4200E+02  2.4842E-02
  1.4300E+02  2.4844E-02
  1.4400E+02  2.4865E-02
  1.4500E+02  2.4906E-02
  1.4600E+02  2.5582E-02
  1.4700E+02  2.6309E-02
  1.4800E+02  2.6529E-02
  1.4900E+02  2.6240E-02
  1.5000E+02  2.5444E-02
  1.5100E+02  2.4262E-02
  1.5200E+02  2.4011E-02
  1.5300E+02  2.3757E-02
  1.5400E+02  2.3501E-02
  1.5500E+02  2.3241E-02
  1.5600E+02  2.2977E-02
  1.5700E+02  2.2711E-02
  1.5800E+02  2.2442E-02
  1.5900E+02  2.2169E-02
  1.6000E+02  2.1894E-02
  1.6100E+02  2.1539E-02
  1.6200E+02  2.1130E-02
  1.6300E+02  2.1080E-02
  1.6400E+02  2.1286E-02
  1.6500E+02  2.1312E-02
  1.6600E+02  2.1160E-02
  1.6700E+02  2.0828E-02
  1.6800E+02  2.0318E-02
  1.6900E+02  1.9507E-02
  1.7000E+02  1.8656E-02
  1.7100E+02  2.9395E-02
  1.7200E+02  2.5424E-02
  1.7300E+02  2.2150E-02
  1.7400E+02  2.1924E-02
  1.7500E+02  2.1724E-02
  1.7600E+02  2.1552E-02
  1.7700E+02  2.1407E-02
  1.7800E+02  2.1288E-02
  1.7900E+02  2.1197E-02
  1.8000E+02  2.1133E-02
  1.8100E+02  2.5498E-02
  1.8200E+02  2.7157E-02
  1.8300E+02  1.9649E-02
  1.8400E+02  1.9027E-02
  1.8500E+02  1.8406E-02
  1.8600E+02  1.7785E-02
  1.8700E+02  1.7164E-02
  1.8800E+02  1.6543E-02
  1.8900E+02  1.5922E-02
  1.9000E+02  1.5302E-02
  1.9100E+02  1.4681E-02
  1.9200E+02  1.4061E-02
  1.9300E+02  1.3440E-02
  1.9400E+02  1.2820E-02
  1.9500E+02  1.2200E-02
  1.9600E+02  1.1580E-02
  1.9700E+02  1.0960E-02
  1.9800E+02  1.0341E-02
  1.9900E+02  9.7212E-03
  2.0000E+02  9.1017E-03
  2.0100E+02  8.4823E-03
  2.0200E+02  7.8630E-03
  2.0300E+02  7.2412E-03
  2.0400E+02  6.2729E-03
  2.0500E+02  5.3938E-03
  2.0600E+02  4.6039E-03
  2.0700E+02  3.9032E-03
  2.0800E+02  3.2917E-03
  2.0900E+02  2.7694E-03
  2.1000E+02  2.3364E-03
  2.1100E+02  1.9925E-03
  2.1200E+02  1.7379E-03
  2.1300E+02  1.5724E-03
  2.1400E+02  1.4962E-03
  2.1500E+02  1.5015E-03
  2.1600E+02  1.5219E-03
  2.1700E+02  1.5424E-03
  2.1800E+02  1.5631E-03
  2.1900E+02  1.5838E-03
  2.2000E+02  1.6102E-03
  2.2100E+02  1.6405E-03
  2.2200E+02  1.6708E-03
  2.2300E+02  1.7010E-03
  2.2400E+02  1.7311E-03
  2.2500E+02  1.7611E-03
  2.2600E+02  1.7910E-03
  2.2700E+02  1.8208E-03
  2.2800E+02  1.8505E-03
  2.2900E+02  1.8801E-03
  2.3000E+02  1.9097E-03
  2.3100E+02  1.9391E-03
  2.3200E+02  1.9685E-03
  2.3300E+02  1.9977E-03
  2.3400E+02  2.0269E-03
  2.3500E+02  2.0560E-03
  2.3600E+02  2.0850E-03
  2.3700E+02  2.1139E-03
  2.3800E+02  2.1427E-03
  2.3900E+02  2.1714E-03
  2.4000E+02  2.2000E-03
  2.4100E+02  2.2286E-03
  2.4200E+02  2.2570E-03
  2.4300E+02  2.2854E-03
  2.4400E+02  2.3136E-03
  2.4500E+02  2.3418E-03
  2.4600E+02  2.3699E-03
  2.4700E+02  2.3978E-03
  2.4800E+02  2.4257E-03
  2.4900E+02  2.4535E-03
  2.5000E+02  2.4813E-03
  2.5100E+02  2.5089E-03
  2.5200E+02  2.5364E-03
  2.5300E+02  2.5639E-03
  2.5400E+02  2.5912E-03
  2.5500E+02  2.6185E-03
  2.5600E+02  2.6586E-03
  2.5700E+02  2.7013E-03
  2.5800E+02  2.7456E-03
  2.5900E+02  2.7913E-03
  2.6000E+02  2.8386E-03
  2.6100E+02  2.8874E-03
  2.6200E+02  2.9377E-03
  2.6300E+02  2.9895E-03
  2.6400E+02  3.0428E-03
  2.6500E+02  3.0976E-03
  2.6600E+02  3.1539E-03
  2.6700E+02  3.2117E-03
  2.6800E+02  3.2711E-03
  2.6900E+02  3.3319E-03
  2.7000E+02  3.3943E-03
  2.7100E+02  3.4582E-03
  2.7200E+02  3.5235E-03
  2.7300E+02  3.5904E-03
  2.7400E+02  3.6588E-03
  2.7500E+02  3.7287E-03
  2.7600E+02  3.8001E-03
  2.7700E+02  3.8731E-03
  2.7800E+02  3.9475E-03
  2.7900E+02  4.0234E-03
  2.8000E+02  4.1009E-03
  2.8100E+02  4.1798E-03
  2.8200E+02  4.2603E-03
  2.8300E+02  4.3423E-03
  2.8400E+02  4.4258E-03
  2.8500E+02  4.5108E-03
  2.8600E+02  4.5973E-03
  2.8700E+02  4.6853E-03
  2.8800E+02  4.7748E-03
  2.8900E+02  4.8658E-03
  2.9000E+02  4.9584E-03
  2.9100E+02  5.0524E-03
  2.9200E+02  5.1480E-03
  2.9300E+02  5.2451E-03
  2.9400E+02  5.3436E-03
  2.9500E+02  5.4437E-03
  2.9600E+02  5.5453E-03
  2.9700E+02  5.6484E-03
  2.9800E+02  5.8718E-03
  2.9900E+02  6.1501E-03
  3.0000E+02  6.4358E-03
  3.0100E+02  6.7286E-03
  3.0200E+02  7.0288E-03
  3.0300E+02  7.3362E-03
  3.0400E+02  7.6508E-03
  3.0500E+02  7.9727E-03
  3.0600E+02  8.3019E-03
  3.0700E+02  8.6383E-03
  3.0800E+02  8.9820E-03
  3.0900E+02  9.3329E-03
  3.1000E+02  9.6911E-03
  3.1100E+02  9.9662E-03
  3.1200E+02  1.0229E-02
  3.1300E+02  1.0483E-02
  3.1400E+02  1.0726E-02
  3.1500E+02  1.0960E-02
  3.1600E+02  1.1184E-02
  3.1700E+02  1.1398E-02
  3.1800E+02  1.1602E-02
  3.1900E+02  1.1797E-02
  3.2000E+02  1.1982E-02
  3.2100E+02  1.2157E-02
  3.2200E+02  1.2322E-02
  3.2300E+02  1.2478E-02
  3.2400E+02  1.2623E-02
  3.2500E+02  1.2759E-02
  3.2600E+02  1.2885E-02
  3.2700E+02  1.3001E-02
  3.2800E+02  1.3108E-02
  3.2900E+02  1.3205E-02
  3.3000E+02  1.3291E-02
  3.3100E+02  1.3369E-02
  3.3200E+02  1.4737E-02
  3.3300E+02  1.5333E-02
  3.3400E+02  1.4796E-02
  3.3500E+02  1.4354E-02
  3.3600E+02  1.4019E-02
  3.3700E+02  1.3666E-02
  3.3800E+02  1.3296E-02
  3.3900E+02  1.2909E-02
  3.4000E+02  1.2504E-02
  3.4100E+02  1.2081E-02
  3.4200E+02  1.1641E-02
  3.4300E+02  1.1184E-02
  3.4400E+02  1.0710E-02
  3.4500E+02  1.0218E-02
  3.4600E+02  9.7328E-03
  3.4700E+02  9.3034E-03
  3.4800E+02  8.9308E-03
  3.4900E+02  8.6152E-03
  3.5000E+02  8.3302E-03
  3.5100E+02  7.8841E-03
  3.5200E+02  7.4492E-03
  3.5300E+02  7.0255E-03
  3.5400E+02  6.6130E-03
  3.5500E+02  6.2117E-03
  3.5600E+02  5.8215E-03
  3.5700E+02  5.4426E-03
  3.5800E+02  5.0748E-03
  3.5900E+02  4.7183E-03
  3.6000E+02  4.3729E-03
  3.6100E+02  4.0387E-03
  3.6200E+02  3.7157E-03
  3.6300E+02  3.4039E-03
  3.6400E+02  3.1033E-03
  3.6500E+02  2.8138E-03
  3.6600E+02  2.5356E-03
  3.6700E+02  2.2685E-03
  3.6800E+02  2.0126E-03
  3.6900E+02  1.7679E-03
  3.7000E+02  1.5344E-03
  3.7100E+02  1.3121E-03
  3.7200E+02  1.1010E-03
  3.7300E+02  9.0104E-04
  3.7400E+02  8.0764E-04
  3.7500E+02  8.9274E-04
  3.7600E+02  1.0184E-03
  3.7700E+02  1.1829E-03
  3.7800E+02  1.3852E-03
  3.7900E+02  1.6254E-03
  3.8000E+02  1.9034E-03
  3.8100E+02  2.2193E-03
  3.8200E+02  2.5730E-03
  3.8300E+02  2.9645E-03
  3.8400E+02  3.3938E-03
  3.8500E+02  3.8610E-03
  3.8600E+02  4.3661E-03
  3.8700E+02  4.9089E-03
  3.8800E+02  5.4896E-03
  3.8900E+02  6.1031E-03
  3.9000E+02  6.6049E-03
  3.9100E+02  6.9288E-03
  3.9200E+02  7.1267E-03
  3.9300E+02  7.4490E-03
  3.9400E+02  7.7627E-03
  3.9500E+02  8.0678E-03
  3.9600E+02  8.3642E-03
  3.9700E+02  8.6519E-03
  3.9800E+02  8.9310E-03
  3.9900E+02  9.2015E-03
  4.0000E+02  9.4633E-03
  4.0100E+02  9.7165E-03
  4.0200E+02  9.9610E-03
  4.0300E+02  1.0197E-02
  4.0400E+02  1.0424E-02
  4.0500E+02  1.0643E-02
  4.0600E+02  1.0853E-02
  4.0700E+02  1.1054E-02
  4.0800E+02  1.1247E-02
  4.0900E+02  1.1431E-02
  4.1000E+02  1.1606E-02
  4.1100E+02  1.1773E-02
  4.1200E+02  1.1931E-02
  4.1300E+02  1.2080E-02
  4.1400E+02  1.2221E-02
  4.1500E+02  1.2353E-02
  4.1600E+02  1.2477E-02
  4.1700E+02  1.2600E-02
  4.1800E+02  1.2747E-02
  4.1900E+02  1.2921E-02
  4.2000E+02  1.3120E-02
  4.2100E+02  1.3346E-02
  4.2200E+02  1.3597E-02
  4.2300E+02  1.3874E-02
  4.2400E+02  1.8413E-02
  4.2500E+02  2.1154E-02
  4.2600E+02  2.2137E-02
  4.2700E+02  2.1859E-02
  4.2800E+02  2.1064E-02
  4.2900E+02  1.9752E-02
  4.3000E+02  1.7924E-02
  4.3100E+02  1.3130E-02
  4.3200E+02  1.0175E-02
  4.3300E+02  1.0027E-02
  4.3400E+02  9.8812E-03
  4.3500E+02  9.7365E-03
  4.3600E+02  9.5930E-03
  4.3700E+02  9.4510E-03
  4.3800E+02  9.3102E-03
  4.3900E+02  9.1708E-03
  4.4000E+02  9.0327E-03
  4.4100E+02  8.8959E-03
  4.4200E+02  8.7605E-03
  4.4300E+02  8.6263E-03
  4.4400E+02  8.4935E-03
  4.4500E+02  8.3621E-03
  4.4600E+02  8.2319E-03
  4.4700E+02  8.1031E-03
  4.4800E+02  7.9756E-03
  4.4900E+02  7.8494E-03
  4.5000E+02  7.7246E-03
  4.5100E+02  7.6010E-03
  4.5200E+02  7.4788E-03
  4.5300E+02  7.3580E-03
  4.5400E+02  7.2384E-03
  4.5500E+02  7.1202E-03
  4.5600E+02  7.0033E-03
  4.5700E+02  6.8877E-03
  4.5800E+02  6.7735E-03
  4.5900E+02  6.6605E-03
  4.6000E+02  6.5489E-03
  4.6100E+02  6.4387E-03
  4.6200E+02  6.3297E-03
  4.6300E+02  6.2221E-03
  4.6400E+02  6.1158E-03
  4.6500E+02  6.0108E-03
  4.6600E+02  5.9072E-03
  4.6700E+02  5.8049E-03
  4.6800E+02  5.7039E-03
  4.6900E+02  5.6042E-03
  4.7000E+02  5.5059E-03
  4.7100E+02  5.4088E-03
  4.7200E+02  7.9965E-03
  4.7300E+02  1.1592E-02
  4.7400E+02  1.5048E-02
  4.7500E+02  2.1086E-02
  4.7600E+02  3.7107E-02
  4.7700E+02  5.1993E-02
  4.7800E+02  6.4847E-02
  4.7900E+02  7.1678E-02
  4.8000E+02  7.1779E-02
  4.8100E+02  7.3201E-02
  4.8200E+02  7.6098E-02
  4.8300E+02  7.9272E-02
  4.8400E+02  8.2702E-02
  4.8500E+02  8.5547E-02
  4.8600E+02  8.9673E-02
  4.8700E+02  9.9761E-02
  4.8800E+02  9.8769E-02
  4.8900E+02  8.1288E-02
  4.9000E+02  7.8171E-02
  4.9100E+02  7.5280E-02
  4.9200E+02  7.2614E-02
  4.9300E+02  7.0174E-02
  4.9400E+02  6.7959E-02
  4.9500E+02  6.5969E-02
  4.9600E+02  6.4212E-02
  4.9700E+02  6.3425E-02
  4.9800E+02  7.5030E-02
  4.9900E+02  7.4532E-02
  5.0000E+02  6.0340E-02
  5.0100E+02  4.3513E-02
  5.0200E+02  3.3018E-02
  5.0300E+02  2.6933E-02
  5.0400E+02  2.2781E-02
  5.0500E+02  2.0384E-02
  5.0600E+02  1.8299E-02
  5.0700E+02  1.6290E-02
  5.0800E+02  1.4357E-02
  5.0900E+02  1.2500E-02
  5.1000E+02  1.0719E-02
  5.1100E+02  9.1627E-03
  5.1200E+02  9.5407E-03
  5.1300E+02  8.8138E-03
  5.1400E+02  3.5259E-03
  5.1500E+02  2.6049E-03
  5.1600E+02  1.9934E-03
  5.1700E+02  1.4636E-03
  5.1800E+02  1.0154E-03
  5.1900E+02  6.4895E-04
  5.2000E+02  3.6418E-04
  5.2100E+02  1.6110E-04
  5.2200E+02  3.9710E-05
  5.2300E+02  0.0000E+00
