  0.0000E+00  0.0000E+00
  1.0000E+00  1.2558E-07
  2.0000E+00  5.0232E-07
  3.0000E+00  1.1302E-06
  4.0000E+00  2.0093E-06
  5.0000E+00  3.1395E-06
  6.0000E+00  4.5209E-06
  7.0000E+00  6.1535E-06
  8.0000E+00  8.0372E-06
  9.0000E+00  1.0172E-05
  1.0000E+01  1.2558E-05
  1.1000E+01  1.5195E-05
  1.2000E+01  1.8084E-05
  1.3000E+01  2.1223E-05
  1.4000E+01  2.4614E-05
  1.5000E+01  2.8256E-05
  1.6000E+01  3.2149E-05
  1.7000E+01  3.6293E-05
  1.8000E+01  4.0689E-05
  1.9000E+01  4.5335E-05
  2.0000E+01  5.0233E-05
  2.1000E+01  5.5382E-05
  2.2000E+01  6.0782E-05
  2.3000E+01  6.6433E-05
  2.4000E+01  7.2335E-05
  2.5000E+01  7.8489E-05
  2.6000E+01  8.4894E-05
  2.7000E+01  9.1549E-05
  2.8000E+01  9.8456E-05
  2.9000E+01  1.0561E-04
  3.0000E+01  1.1302E-04
  3.1000E+01  1.2068E-04
  3.2000E+01  1.2860E-04
  3.3000E+01  1.3676E-04
  3.4000E+01  1.4517E-04
  3.5000E+01  1.5384E-04
  3.6000E+01  1.6275E-04
  3.7000E+01  1.7192E-04
  3.8000E+01  1.8134E-04
  3.9000E+01  1.9101E-04
  4.0000E+01  2.0093E-04
  4.1000E+01  2.1110E-04
  4.2000E+01  2.2153E-04
  4.3000E+01  2.3220E-04
  4.4000E+01  2.4313E-04
  4.5000E+01  2.5430E-04
  4.6000E+01  2.6573E-04
  4.7000E+01  2.7741E-04
  4.8000E+01  2.8934E-04
  4.9000E+01  3.0152E-04
  5.0000E+01  3.1396E-04
  5.1000E+01  3.2664E-04
  5.2000E+01  3.3957E-04
  5.3000E+01  3.5276E-04
  5.4000E+01  3.6620E-04
  5.5000E+01  3.7989E-04
  5.6000E+01  3.9383E-04
  5.7000E+01  4.0802E-04
  5.8000E+01  4.2246E-04
  5.9000E+01  4.3715E-04
  6.0000E+01  4.5210E-04
  6.1000E+01  4.6729E-04
  6.2000E+01  4.8274E-04
  6.3000E+01  4.9844E-04
  6.4000E+01  5.1438E-04
  6.5000E+01  5.3058E-04
  6.6000E+01  5.4704E-04
  6.7000E+01  5.6374E-04
  6.8000E+01  7.1705E-04
  6.9000E+01  8.7486E-04
  7.0000E+01  1.0286E-03
  7.1000E+01  1.1783E-03
  7.2000E+01  1.3239E-03
  7.3000E+01  1.4655E-03
  7.4000E+01  1.6030E-03
  7.5000E+01  1.7365E-03
  7.6000E+01  1.8659E-03
  7.7000E+01  1.9913E-03
  7.8000E+01  2.1126E-03
  7.9000E+01  2.2298E-03
  8.0000E+01  2.3430E-03
  8.1000E+01  2.4521E-03
  8.2000E+01  2.5572E-03
  8.3000E+01  2.6582E-03
  8.4000E+01  2.7551E-03
  8.5000E+01  2.8480E-03
  8.6000E+01  2.9368E-03
  8.7000E+01  3.0216E-03
  8.8000E+01  3.1023E-03
  8.9000E+01  3.1959E-03
  9.0000E+01  3.3085E-03
  9.1000E+01  3.4242E-03
  9.2000E+01  3.5430E-03
  9.3000E+01  3.6649E-03
  9.4000E+01  3.7899E-03
  9.5000E+01  3.9180E-03
  9.6000E+01  4.0496E-03
  9.7000E+01  4.2403E-03
  9.8000E+01  4.5280E-03
  9.9000E+01  4.9231E-03
  1.0000E+02  5.4041E-03
  1.0100E+02  5.8720E-03
  1.0200E+02  6.3821E-03
  1.0300E+02  6.9420E-03
  1.0400E+02  7.4965E-03
  1.0500E+02  8.0456E-03
  1.0600E+02  8.5892E-03
  1.0700E+02  9.1274E-03
  1.0800E+02  9.6602E-03
  1.0900E+02  1.0188E-02
  1.1000E+02  1.0710E-02
  1.1100E+02  1.1226E-02
  1.1200E+02  1.1737E-02
  1.1300E+02  1.2230E-02
  1.1400E+02  1.2654E-02
  1.1500E+02  1.3097E-02
  1.1600E+02  1.3558E-02
  1.1700E+02  1.4037E-02
  1.1800E+02  1.4535E-02
  1.1900E+02  1.5051E-02
  1.2000E+02  1.5585E-02
  1.2100E+02  2.0643E-02
  1.2200E+02  2.0257E-02
  1.2300E+02  2.1294E-02
  1.2400E+02  1.7751E-02
  1.2500E+02  1.8027E-02
  1.2600E+02  1.8293E-02
  1.2700E+02  1.8549E-02
  1.2800E+02  1.8795E-02
  1.2900E+02  1.9481E-02
  1.3000E+02  2.0983E-02
  1.3100E+02  2.2024E-02
  1.3200E+02  2.2592E-02
  1.3300E+02  2.2687E-02
  1.3400E+02  2.2309E-02
  1.3500E+02  2.7657E-02
  1.3600E+02  2.9592E-02
  1.3700E+02  2.9616E-02
  1.3800E+02  2.8370E-02
  1.3900E+02  2.8935E-02
  1.4000E+02  2.8600E-02
  1.4100E+02  2.8719E-02
  1.4200E+02  2.8792E-02
  1.4300E+02  2.8646E-02
  1.4400E+02  2.8282E-02
  1.4500E+02  2.7700E-02
  1.4600E+02  2.6899E-02
  1.4700E+02  2.6411E-02
  1.4800E+02  2.6068E-02
  1.4900E+02  2.5728E-02
  1.5000E+02  2.5391E-02
  1.5100E+02  2.5056E-02
  1.5200E+02  2.4725E-02
  1.5300E+02  2.4397E-02
  1.5400E+02  2.4072E-02
  1.5500E+02  2.3861E-02
  1.5600E+02  2.5515E-02
  1.5700E+02  2.5631E-02
  1.5800E+02  2.6066E-02
  1.5900E+02  2.6443E-02
  1.6000E+02  2.7111E-02
  1.6100E+02  2.4101E-02
  1.6200E+02  2.3760E-02
  1.6300E+02  2.3420E-02
  1.6400E+02  2.3080E-02
  1.6500E+02  2.2739E-02
  1.6600E+02  2.2399E-02
  1.6700E+02  2.2374E-02
  1.6800E+02  2.2090E-02
  1.6900E+02  2.1318E-02
  1.7000E+02  2.0394E-02
  1.7100E+02  2.0315E-02
  1.7200E+02  2.0563E-02
  1.7300E+02  1.9003E-02
  1.7400E+02  1.5941E-02
  1.7500E+02  1.8082E-02
  1.7600E+02  1.4229E-02
  1.7700E+02  1.4324E-02
  1.7800E+02  1.4410E-02
  1.7900E+02  1.4488E-02
  1.8000E+02  1.4558E-02
  1.8100E+02  1.4619E-02
  1.8200E+02  1.4672E-02
  1.8300E+02  1.4717E-02
  1.8400E+02  1.4754E-02
  1.8500E+02  1.4782E-02
  1.8600E+02  1.4802E-02
  1.8700E+02  1.4813E-02
  1.8800E+02  1.4817E-02
  1.8900E+02  1.4812E-02
  1.9000E+02  1.4799E-02
  1.9100E+02  1.4778E-02
  1.9200E+02  1.4748E-02
  1.9300E+02  1.4710E-02
  1.9400E+02  1.5264E-02
  1.9500E+02  1.5087E-02
  1.9600E+02  1.4844E-02
  1.9700E+02  1.4533E-02
  1.9800E+02  1.4150E-02
  1.9900E+02  1.3696E-02
  2.0000E+02  1.3170E-02
  2.0100E+02  1.2572E-02
  2.0200E+02  1.1902E-02
  2.0300E+02  1.1161E-02
  2.0400E+02  1.0349E-02
  2.0500E+02  9.4642E-03
  2.0600E+02  8.5081E-03
  2.0700E+02  7.9588E-03
  2.0800E+02  8.1605E-03
  2.0900E+02  1.3712E-03
  2.1000E+02  1.3918E-03
  2.1100E+02  1.4123E-03
  2.1200E+02  1.4325E-03
  2.1300E+02  1.4526E-03
  2.1400E+02  1.4725E-03
  2.1500E+02  1.4922E-03
  2.1600E+02  1.5117E-03
  2.1700E+02  1.5311E-03
  2.1800E+02  1.5503E-03
  2.1900E+02  1.5693E-03
  2.2000E+02  1.5881E-03
  2.2100E+02  1.6068E-03
  2.2200E+02  1.6253E-03
  2.2300E+02  1.6436E-03
  2.2400E+02  1.6617E-03
  2.2500E+02  1.6797E-03
  2.2600E+02  1.6974E-03
  2.2700E+02  1.7150E-03
  2.2800E+02  1.7359E-03
  2.2900E+02  1.7620E-03
  2.3000E+02  1.7889E-03
  2.3100E+02  1.8166E-03
  2.3200E+02  1.8450E-03
  2.3300E+02  1.8741E-03
  2.3400E+02  1.9039E-03
  2.3500E+02  1.9345E-03
  2.3600E+02  1.9659E-03
  2.3700E+02  1.9979E-03
  2.3800E+02  2.0308E-03
  2.3900E+02  2.0643E-03
  2.4000E+02  2.0986E-03
  2.4100E+02  2.1336E-03
  2.4200E+02  2.1694E-03
  2.4300E+02  2.2059E-03
  2.4400E+02  2.2431E-03
  2.4500E+02  2.2811E-03
  2.4600E+02  2.3198E-03
  2.4700E+02  2.3593E-03
  2.4800E+02  2.3995E-03
  2.4900E+02  2.4404E-03
  2.5000E+02  2.4821E-03
  2.5100E+02  2.5245E-03
  2.5200E+02  2.5676E-03
  2.5300E+02  2.6115E-03
  2.5400E+02  2.6561E-03
  2.5500E+02  2.7015E-03
  2.5600E+02  2.7476E-03
  2.5700E+02  2.7944E-03
  2.5800E+02  2.8420E-03
  2.5900E+02  2.8903E-03
  2.6000E+02  2.9394E-03
  2.6100E+02  2.9892E-03
  2.6200E+02  3.0397E-03
  2.6300E+02  3.0927E-03
  2.6400E+02  3.1500E-03
  2.6500E+02  3.2118E-03
  2.6600E+02  3.2779E-03
  2.6700E+02  3.3485E-03
  2.6800E+02  3.4234E-03
  2.6900E+02  3.5027E-03
  2.7000E+02  3.5864E-03
  2.7100E+02  3.6745E-03
  2.7200E+02  3.7598E-03
  2.7300E+02  3.8375E-03
  2.7400E+02  3.9093E-03
  2.7500E+02  3.9752E-03
  2.7600E+02  4.0352E-03
  2.7700E+02  4.0893E-03
  2.7800E+02  4.1374E-03
  2.7900E+02  4.1797E-03
  2.8000E+02  4.2161E-03
  2.8100E+02  4.2465E-03
  2.8200E+02  4.2995E-03
  2.8300E+02  4.3843E-03
  2.8400E+02  4.4712E-03
  2.8500E+02  4.5603E-03
  2.8600E+02  4.6514E-03
  2.8700E+02  4.7446E-03
  2.8800E+02  4.8399E-03
  2.8900E+02  4.9373E-03
  2.9000E+02  5.0368E-03
  2.9100E+02  5.1384E-03
  2.9200E+02  5.2421E-03
  2.9300E+02  5.3479E-03
  2.9400E+02  5.4558E-03
  2.9500E+02  5.5657E-03
  2.9600E+02  5.6778E-03
  2.9700E+02  5.7919E-03
  2.9800E+02  5.9082E-03
  2.9900E+02  6.0265E-03
  3.0000E+02  6.1469E-03
  3.0100E+02  6.2695E-03
  3.0200E+02  6.3941E-03
  3.0300E+02  6.5208E-03
  3.0400E+02  6.6496E-03
  3.0500E+02  6.7805E-03
  3.0600E+02  6.9135E-03
  3.0700E+02  7.0486E-03
  3.0800E+02  7.1857E-03
  3.0900E+02  7.4097E-03
  3.1000E+02  7.7470E-03
  3.1100E+02  8.1845E-03
  3.1200E+02  8.7223E-03
  3.1300E+02  9.3601E-03
  3.1400E+02  1.0048E-02
  3.1500E+02  1.0749E-02
  3.1600E+02  1.1463E-02
  3.1700E+02  1.2190E-02
  3.1800E+02  1.2929E-02
  3.1900E+02  1.3571E-02
  3.2000E+02  1.2324E-02
  3.2100E+02  1.2457E-02
  3.2200E+02  1.2582E-02
  3.2300E+02  1.2701E-02
  3.2400E+02  1.2814E-02
  3.2500E+02  1.2920E-02
  3.2600E+02  1.3019E-02
  3.2700E+02  1.3111E-02
  3.2800E+02  1.3197E-02
  3.2900E+02  1.3276E-02
  3.3000E+02  1.3349E-02
  3.3100E+02  1.3415E-02
  3.3200E+02  1.3475E-02
  3.3300E+02  1.3527E-02
  3.3400E+02  1.3574E-02
  3.3500E+02  1.3613E-02
  3.3600E+02  1.3646E-02
  3.3700E+02  1.3673E-02
  3.3800E+02  1.3692E-02
  3.3900E+02  1.3705E-02
  3.4000E+02  1.3712E-02
  3.4100E+02  1.3712E-02
  3.4200E+02  1.3705E-02
  3.4300E+02  1.4005E-02
  3.4400E+02  1.4930E-02
  3.4500E+02  1.4668E-02
  3.4600E+02  1.3877E-02
  3.4700E+02  1.3019E-02
  3.4800E+02  1.2790E-02
  3.4900E+02  1.0841E-02
  3.5000E+02  5.8460E-03
  3.5100E+02  4.2467E-03
  3.5200E+02  3.9646E-03
  3.5300E+02  3.7200E-03
  3.5400E+02  3.5128E-03
  3.5500E+02  3.3633E-03
  3.5600E+02  3.2742E-03
  3.5700E+02  3.1853E-03
  3.5800E+02  3.0967E-03
  3.5900E+02  3.0082E-03
  3.6000E+02  2.9200E-03
  3.6100E+02  2.8320E-03
  3.6200E+02  2.7441E-03
  3.6300E+02  2.6565E-03
  3.6400E+02  2.5691E-03
  3.6500E+02  2.4819E-03
  3.6600E+02  2.3949E-03
  3.6700E+02  2.3081E-03
  3.6800E+02  2.2216E-03
  3.6900E+02  2.1352E-03
  3.7000E+02  2.0490E-03
  3.7100E+02  1.9631E-03
  3.7200E+02  1.8773E-03
  3.7300E+02  1.7918E-03
  3.7400E+02  1.7065E-03
  3.7500E+02  1.6213E-03
  3.7600E+02  1.5364E-03
  3.7700E+02  1.9984E-03
  3.7800E+02  2.2332E-03
  3.7900E+02  2.4649E-03
  3.8000E+02  2.6997E-03
  3.8100E+02  2.9376E-03
  3.8200E+02  3.1787E-03
  3.8300E+02  3.4228E-03
  3.8400E+02  3.6701E-03
  3.8500E+02  3.9206E-03
  3.8600E+02  4.1741E-03
  3.8700E+02  4.4308E-03
  3.8800E+02  4.6906E-03
  3.8900E+02  4.9535E-03
  3.9000E+02  5.2196E-03
  3.9100E+02  5.4888E-03
  3.9200E+02  5.7611E-03
  3.9300E+02  6.0365E-03
  3.9400E+02  6.3151E-03
  3.9500E+02  6.5968E-03
  3.9600E+02  6.9369E-03
  3.9700E+02  7.2867E-03
  3.9800E+02  7.6377E-03
  3.9900E+02  8.5022E-03
  4.0000E+02  1.0023E-02
  4.0100E+02  1.1004E-02
  4.0200E+02  1.1940E-02
  4.0300E+02  1.2831E-02
  4.0400E+02  1.3678E-02
  4.0500E+02  1.4479E-02
  4.0600E+02  1.5236E-02
  4.0700E+02  1.5948E-02
  4.0800E+02  1.6616E-02
  4.0900E+02  1.7238E-02
  4.1000E+02  2.3467E-02
  4.1100E+02  1.4110E-02
  4.1200E+02  1.3487E-02
  4.1300E+02  1.3039E-02
  4.1400E+02  1.2766E-02
  4.1500E+02  1.2668E-02
  4.1600E+02  1.2744E-02
  4.1700E+02  1.2431E-02
  4.1800E+02  1.2366E-02
  4.1900E+02  1.2297E-02
  4.2000E+02  1.2225E-02
  4.2100E+02  1.2150E-02
  4.2200E+02  1.2071E-02
  4.2300E+02  1.1989E-02
  4.2400E+02  1.1903E-02
  4.2500E+02  1.1815E-02
  4.2600E+02  1.1722E-02
  4.2700E+02  1.1627E-02
  4.2800E+02  1.1528E-02
  4.2900E+02  1.1426E-02
  4.3000E+02  1.1320E-02
  4.3100E+02  1.1211E-02
  4.3200E+02  1.1099E-02
  4.3300E+02  1.0984E-02
  4.3400E+02  1.0865E-02
  4.3500E+02  1.0742E-02
  4.3600E+02  1.0617E-02
  4.3700E+02  1.0487E-02
  4.3800E+02  1.0355E-02
  4.3900E+02  1.0219E-02
  4.4000E+02  1.0080E-02
  4.4100E+02  1.0143E-02
  4.4200E+02  1.0186E-02
  4.4300E+02  1.0037E-02
  4.4400E+02  9.6961E-03
  4.4500E+02  9.3123E-03
  4.4600E+02  9.1346E-03
  4.4700E+02  9.0055E-03
  4.4800E+02  8.9248E-03
  4.4900E+02  8.8927E-03
  4.5000E+02  1.0945E-02
  4.5100E+02  1.1694E-02
  4.5200E+02  9.5435E-03
  4.5300E+02  7.3348E-03
  4.5400E+02  7.2217E-03
  4.5500E+02  7.1094E-03
  4.5600E+02  6.9979E-03
  4.5700E+02  6.8871E-03
  4.5800E+02  6.7771E-03
  4.5900E+02  6.6679E-03
  4.6000E+02  6.5594E-03
  4.6100E+02  6.4517E-03
  4.6200E+02  6.3448E-03
  4.6300E+02  6.2387E-03
  4.6400E+02  6.1334E-03
  4.6500E+02  6.0288E-03
  4.6600E+02  5.9250E-03
  4.6700E+02  5.8219E-03
  4.6800E+02  5.7197E-03
  4.6900E+02  5.6182E-03
  4.7000E+02  5.5175E-03
  4.7100E+02  5.4176E-03
  4.7200E+02  5.3184E-03
  4.7300E+02  5.2201E-03
  4.7400E+02  1.3250E-02
  4.7500E+02  2.1533E-02
  4.7600E+02  3.1659E-02
  4.7700E+02  4.3628E-02
  4.7800E+02  7.9478E-02
  4.7900E+02  7.6973E-02
  4.8000E+02  7.4114E-02
  4.8100E+02  7.4492E-02
  4.8200E+02  7.2746E-02
  4.8300E+02  6.8518E-02
  4.8400E+02  7.1963E-02
  4.8500E+02  7.4303E-02
  4.8600E+02  7.5672E-02
  4.8700E+02  7.6322E-02
  4.8800E+02  7.9547E-02
  4.8900E+02  8.1742E-02
  4.9000E+02  9.0944E-02
  4.9100E+02  9.6771E-02
  4.9200E+02  8.6667E-02
  4.9300E+02  7.7246E-02
  4.9400E+02  7.2919E-02
  4.9500E+02  7.0306E-02
  4.9600E+02  6.7655E-02
  4.9700E+02  6.4968E-02
  4.9800E+02  6.3108E-02
  4.9900E+02  7.2984E-02
  5.0000E+02  6.3673E-02
  5.0100E+02  4.4097E-02
  5.0200E+02  3.6176E-02
  5.0300E+02  3.0378E-02
  5.0400E+02  2.6062E-02
  5.0500E+02  2.1915E-02
  5.0600E+02  1.8422E-02
  5.0700E+02  1.5784E-02
  5.0800E+02  1.4288E-02
  5.0900E+02  1.2825E-02
  5.1000E+02  1.1396E-02
  5.1100E+02  9.9997E-03
  5.1200E+02  8.6366E-03
  5.1300E+02  7.3068E-03
  5.1400E+02  6.0916E-03
  5.1500E+02  6.4551E-03
  5.1600E+02  5.0068E-03
  5.1700E+02  1.9545E-03
  5.1800E+02  1.3561E-03
  5.1900E+02  8.6666E-04
  5.2000E+02  4.8635E-04
  5.2100E+02  2.1515E-04
  5.2200E+02  5.3031E-05
  5.2300E+02  0.0000E+00
