  0.0000E+00  0.0000E+00
  1.0000E+00  1.1174E-07
  2.0000E+00  4.4698E-07
  3.0000E+00  1.0057E-06
  4.0000E+00  1.7879E-06
  5.0000E+00  2.7937E-06
  6.0000E+00  4.0229E-06
  7.0000E+00  5.4756E-06
  8.0000E+00  7.1518E-06
  9.0000E+00  9.0515E-06
  1.0000E+01  1.1175E-05
  1.1000E+01  1.3521E-05
  1.2000E+01  1.6092E-05
  1.3000E+01  1.8885E-05
  1.4000E+01  2.1902E-05
  1.5000E+01  2.5143E-05
  1.6000E+01  2.8607E-05
  1.7000E+01  3.2295E-05
  1.8000E+01  3.6206E-05
  1.9000E+01  4.0341E-05
  2.0000E+01  4.4699E-05
  2.1000E+01  4.9281E-05
  2.2000E+01  5.4086E-05
  2.3000E+01  5.9114E-05
  2.4000E+01  6.4366E-05
  2.5000E+01  6.9842E-05
  2.6000E+01  7.5541E-05
  2.7000E+01  8.1464E-05
  2.8000E+01  8.7610E-05
  2.9000E+01  9.3980E-05
  3.0000E+01  1.0057E-04
  3.1000E+01  1.0739E-04
  3.2000E+01  1.1443E-04
  3.3000E+01  1.2169E-04
  3.4000E+01  1.2918E-04
  3.5000E+01  1.3689E-04
  3.6000E+01  1.4482E-04
  3.7000E+01  1.5298E-04
  3.8000E+01  1.6136E-04
  3.9000E+01  1.6997E-04
  4.0000E+01  1.7880E-04
  4.1000E+01  1.8785E-04
  4.2000E+01  1.9712E-04
  4.3000E+01  2.0662E-04
  4.4000E+01  2.1634E-04
  4.5000E+01  2.2629E-04
  4.6000E+01  2.3646E-04
  4.7000E+01  2.4685E-04
  4.8000E+01  2.5747E-04
  4.9000E+01  2.6831E-04
  5.0000E+01  2.7937E-04
  5.1000E+01  2.9066E-04
  5.2000E+01  3.0217E-04
  5.3000E+01  3.1390E-04
  5.4000E+01  3.2586E-04
  5.5000E+01  3.3804E-04
  5.6000E+01  3.5044E-04
  5.7000E+01  3.6307E-04
  5.8000E+01  3.7592E-04
  5.9000E+01  3.8899E-04
  6.0000E+01  4.0229E-04
  6.1000E+01  4.1581E-04
  6.2000E+01  5.0521E-04
  6.3000E+01  6.4463E-04
  6.4000E+01  7.7817E-04
  6.5000E+01  9.0581E-04
  6.6000E+01  1.0276E-03
  6.7000E+01  1.1434E-03
  6.8000E+01  1.2534E-03
  6.9000E+01  1.3575E-03
  7.0000E+01  1.4557E-03
  7.1000E+01  1.5480E-03
  7.2000E+01  1.6344E-03
  7.3000E+01  1.7149E-03
  7.4000E+01  1.7896E-03
  7.5000E+01  1.8583E-03
  7.6000E+01  1.9212E-03
  7.7000E+01  1.9782E-03
  7.8000E+01  2.0293E-03
  7.9000E+01  2.0745E-03
  8.0000E+01  2.1318E-03
  8.1000E+01  2.2131E-03
  8.2000E+01  2.2960E-03
  8.3000E+01  2.3803E-03
  8.4000E+01  2.4661E-03
  8.5000E+01  2.5533E-03
  8.6000E+01  2.6420E-03
  8.7000E+01  2.7322E-03
  8.8000E+01  2.8238E-03
  8.9000E+01  2.9169E-03
  9.0000E+01  3.0403E-03
  9.1000E+01  3.2120E-03
  9.2000E+01  3.4157E-03
  9.3000E+01  3.6299E-03
  9.4000E+01  3.8542E-03
  9.5000E+01  4.0884E-03
  9.6000E+01  4.3328E-03
  9.7000E+01  4.5871E-03
  9.8000E+01  4.8515E-03
  9.9000E+01  5.1259E-03
  1.0000E+02  5.4104E-03
  1.0100E+02  5.7048E-03
  1.0200E+02  6.1714E-03
  1.0300E+02  6.6836E-03
  1.0400E+02  7.1986E-03
  1.0500E+02  7.7166E-03
  1.0600E+02  8.2358E-03
  1.0700E+02  8.7182E-03
  1.0800E+02  9.2118E-03
  1.0900E+02  9.7166E-03
  1.1000E+02  1.0233E-02
  1.1100E+02  1.0760E-02
  1.1200E+02  1.1298E-02
  1.1300E+02  1.1847E-02
  1.1400E+02  1.2408E-02
  1.1500E+02  1.5212E-02
  1.1600E+02  1.4926E-02
  1.1700E+02  1.5846E-02
  1.1800E+02  1.6667E-02
  1.1900E+02  1.7389E-02
  1.2000E+02  2.4509E-02
  1.2100E+02  1.7018E-02
  1.2200E+02  1.7017E-02
  1.2300E+02  1.7193E-02
  1.2400E+02  1.7510E-02
  1.2500E+02  1.8296E-02
  1.2600E+02  1.8881E-02
  1.2700E+02  1.9266E-02
  1.2800E+02  1.9450E-02
  1.2900E+02  1.9434E-02
  1.3000E+02  1.9618E-02
  1.3100E+02  1.9954E-02
  1.3200E+02  2.2668E-02
  1.3300E+02  2.4717E-02
  1.3400E+02  2.5847E-02
  1.3500E+02  2.6507E-02
  1.3600E+02  2.7413E-02
  1.3700E+02  2.8144E-02
  1.3800E+02  2.8958E-02
  1.3900E+02  2.9287E-02
  1.4000E+02  2.9056E-02
  1.4100E+02  2.8801E-02
  1.4200E+02  2.8547E-02
  1.4300E+02  2.8821E-02
  1.4400E+02  2.9384E-02
  1.4500E+02  2.9401E-02
  1.4600E+02  2.9148E-02
  1.4700E+02  2.8891E-02
  1.4800E+02  2.8057E-02
  1.4900E+02  2.7284E-02
  1.5000E+02  2.7255E-02
  1.5100E+02  3.1261E-02
  1.5200E+02  2.5920E-02
  1.5300E+02  2.5536E-02
  1.5400E+02  2.5245E-02
  1.5500E+02  2.4916E-02
  1.5600E+02  2.4520E-02
  1.5700E+02  2.4059E-02
  1.5800E+02  2.3532E-02
  1.5900E+02  2.2940E-02
  1.6000E+02  2.2574E-02
  1.6100E+02  2.2237E-02
  1.6200E+02  2.1903E-02
  1.6300E+02  2.1604E-02
  1.6400E+02  2.1341E-02
  1.6500E+02  2.1113E-02
  1.6600E+02  2.6256E-02
  1.6700E+02  2.6132E-02
  1.6800E+02  2.4638E-02
  1.6900E+02  1.5085E-02
  1.7000E+02  1.4970E-02
  1.7100E+02  1.4866E-02
  1.7200E+02  1.4771E-02
  1.7300E+02  1.4687E-02
  1.7400E+02  1.4613E-02
  1.7500E+02  1.4550E-02
  1.7600E+02  1.4496E-02
  1.7700E+02  1.4453E-02
  1.7800E+02  1.4428E-02
  1.7900E+02  1.4413E-02
  1.8000E+02  1.4407E-02
  1.8100E+02  1.4433E-02
  1.8200E+02  1.4490E-02
  1.8300E+02  1.4546E-02
  1.8400E+02  1.4601E-02
  1.8500E+02  1.4655E-02
  1.8600E+02  1.4707E-02
  1.8700E+02  1.4758E-02
  1.8800E+02  1.4789E-02
  1.8900E+02  1.4792E-02
  1.9000E+02  1.4810E-02
  1.9100E+02  1.4841E-02
  1.9200E+02  1.4887E-02
  1.9300E+02  1.4949E-02
  1.9400E+02  1.5030E-02
  1.9500E+02  1.5136E-02
  1.9600E+02  1.5292E-02
  1.9700E+02  1.5497E-02
  1.9800E+02  1.5788E-02
  1.9900E+02  1.6231E-02
  2.0000E+02  1.6830E-02
  2.0100E+02  1.7585E-02
  2.0200E+02  1.8496E-02
  2.0300E+02  1.7612E-02
  2.0400E+02  1.5412E-02
  2.0500E+02  1.2190E-02
  2.0600E+02  7.3423E-03
  2.0700E+02  1.8739E-03
  2.0800E+02  1.2736E-03
  2.0900E+02  1.2927E-03
  2.1000E+02  1.3123E-03
  2.1100E+02  1.3324E-03
  2.1200E+02  1.3530E-03
  2.1300E+02  1.3741E-03
  2.1400E+02  1.3957E-03
  2.1500E+02  1.4178E-03
  2.1600E+02  1.4404E-03
  2.1700E+02  1.4634E-03
  2.1800E+02  1.4870E-03
  2.1900E+02  1.5111E-03
  2.2000E+02  1.5357E-03
  2.2100E+02  1.5608E-03
  2.2200E+02  1.5864E-03
  2.2300E+02  1.6125E-03
  2.2400E+02  1.6391E-03
  2.2500E+02  1.6662E-03
  2.2600E+02  1.6938E-03
  2.2700E+02  1.7218E-03
  2.2800E+02  1.7504E-03
  2.2900E+02  1.7795E-03
  2.3000E+02  1.8091E-03
  2.3100E+02  1.8392E-03
  2.3200E+02  1.8698E-03
  2.3300E+02  1.9009E-03
  2.3400E+02  1.9325E-03
  2.3500E+02  1.9647E-03
  2.3600E+02  1.9981E-03
  2.3700E+02  2.0326E-03
  2.3800E+02  2.0683E-03
  2.3900E+02  2.1052E-03
  2.4000E+02  2.1433E-03
  2.4100E+02  2.1825E-03
  2.4200E+02  2.2229E-03
  2.4300E+02  2.2645E-03
  2.4400E+02  2.3073E-03
  2.4500E+02  2.3512E-03
  2.4600E+02  2.3964E-03
  2.4700E+02  2.4427E-03
  2.4800E+02  2.4901E-03
  2.4900E+02  2.5386E-03
  2.5000E+02  2.5860E-03
  2.5100E+02  2.6278E-03
  2.5200E+02  2.6659E-03
  2.5300E+02  2.7002E-03
  2.5400E+02  2.7307E-03
  2.5500E+02  2.7574E-03
  2.5600E+02  2.7804E-03
  2.5700E+02  2.7997E-03
  2.5800E+02  2.8151E-03
  2.5900E+02  2.8623E-03
  2.6000E+02  2.9119E-03
  2.6100E+02  2.9622E-03
  2.6200E+02  3.0131E-03
  2.6300E+02  3.0647E-03
  2.6400E+02  3.1169E-03
  2.6500E+02  3.1697E-03
  2.6600E+02  3.2231E-03
  2.6700E+02  3.2772E-03
  2.6800E+02  3.3319E-03
  2.6900E+02  3.3873E-03
  2.7000E+02  3.4433E-03
  2.7100E+02  3.4999E-03
  2.7200E+02  3.5571E-03
  2.7300E+02  3.6150E-03
  2.7400E+02  3.6735E-03
  2.7500E+02  3.7327E-03
  2.7600E+02  3.7925E-03
  2.7700E+02  3.8529E-03
  2.7800E+02  3.9140E-03
  2.7900E+02  3.9756E-03
  2.8000E+02  4.0380E-03
  2.8100E+02  4.1009E-03
  2.8200E+02  4.1645E-03
  2.8300E+02  4.2287E-03
  2.8400E+02  4.2936E-03
  2.8500E+02  4.3591E-03
  2.8600E+02  4.4321E-03
  2.8700E+02  4.5349E-03
  2.8800E+02  4.6690E-03
  2.8900E+02  4.8339E-03
  2.9000E+02  4.9970E-03
  2.9100E+02  5.1399E-03
  2.9200E+02  5.2606E-03
  2.9300E+02  5.3770E-03
  2.9400E+02  5.4919E-03
  2.9500E+02  5.6051E-03
  2.9600E+02  5.7168E-03
  2.9700E+02  5.8270E-03
  2.9800E+02  5.9356E-03
  2.9900E+02  6.0426E-03
  3.0000E+02  6.1481E-03
  3.0100E+02  6.2584E-03
  3.0200E+02  6.3822E-03
  3.0300E+02  6.5143E-03
  3.0400E+02  6.6547E-03
  3.0500E+02  6.8033E-03
  3.0600E+02  6.9602E-03
  3.0700E+02  7.1254E-03
  3.0800E+02  7.2988E-03
  3.0900E+02  7.4805E-03
  3.1000E+02  7.6705E-03
  3.1100E+02  7.8687E-03
  3.1200E+02  8.0753E-03
  3.1300E+02  8.2901E-03
  3.1400E+02  8.5131E-03
  3.1500E+02  8.7445E-03
  3.1600E+02  8.9841E-03
  3.1700E+02  9.2319E-03
  3.1800E+02  9.4881E-03
  3.1900E+02  9.7525E-03
  3.2000E+02  1.0025E-02
  3.2100E+02  1.0306E-02
  3.2200E+02  1.0595E-02
  3.2300E+02  1.0893E-02
  3.2400E+02  1.1201E-02
  3.2500E+02  1.1526E-02
  3.2600E+02  1.2011E-02
  3.2700E+02  1.2732E-02
  3.2800E+02  1.3810E-02
  3.2900E+02  1.5142E-02
  3.3000E+02  1.6524E-02
  3.3100E+02  1.7711E-02
  3.3200E+02  1.8453E-02
  3.3300E+02  1.8750E-02
  3.3400E+02  1.9079E-02
  3.3500E+02  1.8091E-02
  3.3600E+02  1.7101E-02
  3.3700E+02  1.6107E-02
  3.3800E+02  1.5109E-02
  3.3900E+02  1.4109E-02
  3.4000E+02  1.3105E-02
  3.4100E+02  1.2098E-02
  3.4200E+02  1.1087E-02
  3.4300E+02  1.0073E-02
  3.4400E+02  9.0993E-03
  3.4500E+02  8.5791E-03
  3.4600E+02  8.2438E-03
  3.4700E+02  7.9177E-03
  3.4800E+02  7.6008E-03
  3.4900E+02  7.2931E-03
  3.5000E+02  6.9947E-03
  3.5100E+02  6.7055E-03
  3.5200E+02  6.4255E-03
  3.5300E+02  6.1548E-03
  3.5400E+02  5.8933E-03
  3.5500E+02  5.6410E-03
  3.5600E+02  5.3979E-03
  3.5700E+02  5.1641E-03
  3.5800E+02  4.9395E-03
  3.5900E+02  4.7241E-03
  3.6000E+02  4.5180E-03
  3.6100E+02  4.3210E-03
  3.6200E+02  4.1318E-03
  3.6300E+02  3.9478E-03
  3.6400E+02  3.7692E-03
  3.6500E+02  3.5960E-03
  3.6600E+02  3.4281E-03
  3.6700E+02  3.2655E-03
  3.6800E+02  3.1082E-03
  3.6900E+02  2.9873E-03
  3.7000E+02  2.9599E-03
  3.7100E+02  2.8620E-03
  3.7200E+02  2.7554E-03
  3.7300E+02  2.6621E-03
  3.7400E+02  2.5823E-03
  3.7500E+02  2.5158E-03
  3.7600E+02  2.4626E-03
  3.7700E+02  2.4215E-03
  3.7800E+02  2.3914E-03
  3.7900E+02  2.3724E-03
  3.8000E+02  2.3645E-03
  3.8100E+02  2.3677E-03
  3.8200E+02  2.3820E-03
  3.8300E+02  2.4174E-03
  3.8400E+02  2.5409E-03
  3.8500E+02  2.7649E-03
  3.8600E+02  3.0892E-03
  3.8700E+02  3.5140E-03
  3.8800E+02  4.0988E-03
  3.8900E+02  5.0440E-03
  3.9000E+02  6.2969E-03
  3.9100E+02  7.8575E-03
  3.9200E+02  9.7258E-03
  3.9300E+02  1.1909E-02
  3.9400E+02  1.3001E-02
  3.9500E+02  1.1959E-02
  3.9600E+02  1.0979E-02
  3.9700E+02  1.0795E-02
  3.9800E+02  1.0690E-02
  3.9900E+02  1.0663E-02
  4.0000E+02  1.0715E-02
  4.0100E+02  1.0787E-02
  4.0200E+02  1.0816E-02
  4.0300E+02  1.0887E-02
  4.0400E+02  1.0999E-02
  4.0500E+02  1.1154E-02
  4.0600E+02  1.1298E-02
  4.0700E+02  1.1416E-02
  4.0800E+02  1.1529E-02
  4.0900E+02  1.1635E-02
  4.1000E+02  1.1736E-02
  4.1100E+02  1.1830E-02
  4.1200E+02  1.1918E-02
  4.1300E+02  1.2000E-02
  4.1400E+02  1.2075E-02
  4.1500E+02  1.2145E-02
  4.1600E+02  1.2208E-02
  4.1700E+02  1.2266E-02
  4.1800E+02  1.2324E-02
  4.1900E+02  1.2384E-02
  4.2000E+02  1.2447E-02
  4.2100E+02  1.2513E-02
  4.2200E+02  1.2581E-02
  4.2300E+02  1.2652E-02
  4.2400E+02  1.3980E-02
  4.2500E+02  1.5367E-02
  4.2600E+02  1.5648E-02
  4.2700E+02  1.5765E-02
  4.2800E+02  1.5673E-02
  4.2900E+02  1.5245E-02
  4.3000E+02  1.4545E-02
  4.3100E+02  1.1576E-02
  4.3200E+02  1.0977E-02
  4.3300E+02  1.0551E-02
  4.3400E+02  1.0100E-02
  4.3500E+02  9.6916E-03
  4.3600E+02  9.5469E-03
  4.3700E+02  9.4038E-03
  4.3800E+02  9.2624E-03
  4.3900E+02  9.1227E-03
  4.4000E+02  8.9847E-03
  4.4100E+02  8.8483E-03
  4.4200E+02  8.7136E-03
  4.4300E+02  8.5806E-03
  4.4400E+02  8.4493E-03
  4.4500E+02  8.3196E-03
  4.4600E+02  8.1916E-03
  4.4700E+02  8.0653E-03
  4.4800E+02  7.9406E-03
  4.4900E+02  7.8176E-03
  4.5000E+02  7.6963E-03
  4.5100E+02  7.5767E-03
  4.5200E+02  7.4587E-03
  4.5300E+02  7.3424E-03
  4.5400E+02  7.2278E-03
  4.5500E+02  7.1148E-03
  4.5600E+02  7.0035E-03
  4.5700E+02  6.8939E-03
  4.5800E+02  6.7878E-03
  4.5900E+02  6.7514E-03
  4.6000E+02  6.8176E-03
  4.6100E+02  6.8621E-03
  4.6200E+02  6.8640E-03
  4.6300E+02  6.9275E-03
  4.6400E+02  7.0525E-03
  4.6500E+02  8.4914E-03
  4.6600E+02  1.0513E-02
  4.6700E+02  6.9108E-03
  4.6800E+02  6.1853E-03
  4.6900E+02  6.0120E-03
  4.7000E+02  5.8866E-03
  4.7100E+02  5.7625E-03
  4.7200E+02  5.6397E-03
  4.7300E+02  5.5181E-03
  4.7400E+02  1.0365E-02
  4.7500E+02  2.7300E-02
  4.7600E+02  4.0619E-02
  4.7700E+02  5.5875E-02
  4.7800E+02  1.0495E-01
  4.7900E+02  8.8199E-02
  4.8000E+02  7.0721E-02
  4.8100E+02  7.0590E-02
  4.8200E+02  7.0096E-02
  4.8300E+02  7.0906E-02
  4.8400E+02  7.1484E-02
  4.8500E+02  7.2177E-02
  4.8600E+02  7.1440E-02
  4.8700E+02  7.2315E-02
  4.8800E+02  7.3195E-02
  4.8900E+02  7.3971E-02
  4.9000E+02  7.4690E-02
  4.9100E+02  7.8013E-02
  4.9200E+02  1.0056E-01
  4.9300E+02  8.7203E-02
  4.9400E+02  8.0884E-02
  4.9500E+02  7.6418E-02
  4.9600E+02  7.2234E-02
  4.9700E+02  6.7902E-02
  4.9800E+02  6.4083E-02
  4.9900E+02  7.2710E-02
  5.0000E+02  6.2047E-02
  5.0100E+02  4.0454E-02
  5.0200E+02  2.9610E-02
  5.0300E+02  2.5973E-02
  5.0400E+02  2.3004E-02
  5.0500E+02  2.0553E-02
  5.0600E+02  1.8612E-02
  5.0700E+02  1.7145E-02
  5.0800E+02  1.5610E-02
  5.0900E+02  1.2374E-02
  5.1000E+02  1.1237E-02
  5.1100E+02  1.0090E-02
  5.1200E+02  8.9341E-03
  5.1300E+02  7.7688E-03
  5.1400E+02  6.5940E-03
  5.1500E+02  5.4099E-03
  5.1600E+02  4.4480E-03
  5.1700E+02  5.0430E-03
  5.1800E+02  3.1074E-03
  5.1900E+02  1.1607E-03
  5.2000E+02  6.5136E-04
  5.2100E+02  2.8814E-04
  5.2200E+02  7.1024E-05
  5.2300E+02  0.0000E+00
