 -9.0571E-06  0.0000E+00
  9.9999E-01  1.7703E-07
  2.0000E+00  7.0811E-07
  3.0000E+00  1.5932E-06
  4.0000E+00  2.8324E-06
  5.0000E+00  4.4257E-06
  6.0000E+00  6.3730E-06
  7.0000E+00  8.6743E-06
  8.0000E+00  1.1330E-05
  9.0000E+00  1.4339E-05
  1.0000E+01  1.7703E-05
  1.1000E+01  2.1420E-05
  1.2000E+01  2.5492E-05
  1.3000E+01  2.9917E-05
  1.4000E+01  3.4697E-05
  1.5000E+01  3.9831E-05
  1.6000E+01  4.5319E-05
  1.7000E+01  5.1161E-05
  1.8000E+01  5.7357E-05
  1.9000E+01  6.3907E-05
  2.0000E+01  7.0811E-05
  2.1000E+01  7.8069E-05
  2.2000E+01  8.5681E-05
  2.3000E+01  9.3647E-05
  2.4000E+01  1.0197E-04
  2.5000E+01  1.1064E-04
  2.6000E+01  1.1967E-04
  2.7000E+01  1.2905E-04
  2.8000E+01  1.3879E-04
  2.9000E+01  1.4888E-04
  3.0000E+01  1.5932E-04
  3.1000E+01  1.7012E-04
  3.2000E+01  1.8128E-04
  3.3000E+01  1.9278E-04
  3.4000E+01  2.0464E-04
  3.5000E+01  2.1686E-04
  3.6000E+01  2.2943E-04
  3.7000E+01  2.4235E-04
  3.8000E+01  2.5563E-04
  3.9000E+01  2.6926E-04
  4.0000E+01  2.8324E-04
  4.1000E+01  2.9758E-04
  4.2000E+01  3.1227E-04
  4.3000E+01  3.2732E-04
  4.4000E+01  3.4272E-04
  4.5000E+01  3.5848E-04
  4.6000E+01  3.7459E-04
  4.7000E+01  3.9105E-04
  4.8000E+01  4.0787E-04
  4.9000E+01  4.2504E-04
  5.0000E+01  4.4257E-04
  5.1000E+01  4.6045E-04
  5.2000E+01  4.7868E-04
  5.3000E+01  4.9727E-04
  5.4000E+01  5.1621E-04
  5.5000E+01  5.3551E-04
  5.6000E+01  5.5516E-04
  5.7000E+01  5.7516E-04
  5.8000E+01  5.9552E-04
  5.9000E+01  6.1623E-04
  6.0000E+01  6.3730E-04
  6.1000E+01  6.5872E-04
  6.2000E+01  6.8049E-04
  6.3000E+01  7.0262E-04
  6.4000E+01  7.2510E-04
  6.5000E+01  7.4794E-04
  6.6000E+01  7.7113E-04
  6.7000E+01  7.9467E-04
  6.8000E+01  8.1857E-04
  6.9000E+01  8.4282E-04
  7.0000E+01  8.6743E-04
  7.1000E+01  8.9239E-04
  7.2000E+01  9.1771E-04
  7.3000E+01  9.4337E-04
  7.4000E+01  9.6940E-04
  7.5000E+01  9.9577E-04
  7.6000E+01  1.0225E-03
  7.7000E+01  1.0496E-03
  7.8000E+01  1.0770E-03
  7.9000E+01  1.1048E-03
  8.0000E+01  1.1330E-03
  8.1000E+01  1.1615E-03
  8.2000E+01  1.1903E-03
  8.3000E+01  1.2195E-03
  8.4000E+01  1.4353E-03
  8.5000E+01  1.7569E-03
  8.6000E+01  2.0778E-03
  8.7000E+01  2.3980E-03
  8.8000E+01  2.7174E-03
  8.9000E+01  3.0361E-03
  9.0000E+01  3.3541E-03
  9.1000E+01  3.6714E-03
  9.2000E+01  3.9880E-03
  9.3000E+01  4.3038E-03
  9.4000E+01  4.6189E-03
  9.5000E+01  4.9333E-03
  9.6000E+01  5.2470E-03
  9.7000E+01  5.5600E-03
  9.8000E+01  5.8722E-03
  9.9000E+01  6.1837E-03
  1.0000E+02  6.4945E-03
  1.0100E+02  6.8046E-03
  1.0200E+02  7.1444E-03
  1.0300E+02  7.6238E-03
  1.0400E+02  8.1011E-03
  1.0500E+02  8.5763E-03
  1.0600E+02  9.0493E-03
  1.0700E+02  9.5203E-03
  1.0800E+02  9.9891E-03
  1.0900E+02  1.0456E-02
  1.1000E+02  1.0920E-02
  1.1100E+02  1.1383E-02
  1.1200E+02  1.1840E-02
  1.1300E+02  1.2301E-02
  1.1400E+02  1.2779E-02
  1.1500E+02  1.3275E-02
  1.1600E+02  1.3788E-02
  1.1700E+02  1.4319E-02
  1.1800E+02  1.4868E-02
  1.1900E+02  1.5434E-02
  1.2000E+02  1.6017E-02
  1.2100E+02  1.6619E-02
  1.2200E+02  1.7237E-02
  1.2300E+02  1.7874E-02
  1.2400E+02  2.0548E-02
  1.2500E+02  2.3269E-02
  1.2600E+02  2.5901E-02
  1.2700E+02  2.8444E-02
  1.2800E+02  3.0898E-02
  1.2900E+02  3.2946E-02
  1.3000E+02  3.4567E-02
  1.3100E+02  3.6218E-02
  1.3200E+02  3.7901E-02
  1.3300E+02  3.6714E-02
  1.3400E+02  3.4509E-02
  1.3500E+02  2.9613E-02
  1.3600E+02  2.2165E-02
  1.3700E+02  2.1936E-02
  1.3800E+02  2.1713E-02
  1.3900E+02  2.1496E-02
  1.4000E+02  2.1285E-02
  1.4100E+02  2.1080E-02
  1.4200E+02  2.0880E-02
  1.4300E+02  2.0687E-02
  1.4400E+02  2.0499E-02
  1.4500E+02  2.0317E-02
  1.4600E+02  2.0142E-02
  1.4700E+02  1.9972E-02
  1.4800E+02  1.9808E-02
  1.4900E+02  1.9650E-02
  1.5000E+02  1.9497E-02
  1.5100E+02  1.9351E-02
  1.5200E+02  1.9211E-02
  1.5300E+02  1.9076E-02
  1.5400E+02  1.8947E-02
  1.5500E+02  1.8825E-02
  1.5600E+02  1.8708E-02
  1.5700E+02  1.8597E-02
  1.5800E+02  1.8492E-02
  1.5900E+02  1.8393E-02
  1.6000E+02  1.8299E-02
  1.6100E+02  1.8212E-02
  1.6200E+02  1.8130E-02
  1.6300E+02  1.8055E-02
  1.6400E+02  1.7985E-02
  1.6500E+02  1.7921E-02
  1.6600E+02  1.8240E-02
  1.6700E+02  2.0253E-02
  1.6800E+02  2.1200E-02
  1.6900E+02  2.1079E-02
  1.7000E+02  1.9892E-02
  1.7100E+02  1.8398E-02
  1.7200E+02  1.8343E-02
  1.7300E+02  1.8293E-02
  1.7400E+02  1.8249E-02
  1.7500E+02  1.8211E-02
  1.7600E+02  1.8178E-02
  1.7700E+02  1.6137E-02
  1.7800E+02  1.6522E-02
  1.7900E+02  1.6913E-02
  1.8000E+02  1.7313E-02
  1.8100E+02  1.7719E-02
  1.8200E+02  1.8133E-02
  1.8300E+02  1.8554E-02
  1.8400E+02  1.8983E-02
  1.8500E+02  1.9419E-02
  1.8600E+02  1.9862E-02
  1.8700E+02  2.0313E-02
  1.8800E+02  2.0771E-02
  1.8900E+02  2.1236E-02
  1.9000E+02  2.4029E-02
  1.9100E+02  2.5152E-02
  1.9200E+02  2.6239E-02
  1.9300E+02  2.7638E-02
  1.9400E+02  2.9424E-02
  1.9500E+02  3.0977E-02
  1.9600E+02  3.2295E-02
  1.9700E+02  4.6674E-02
  1.9800E+02  2.5821E-03
  1.9900E+02  2.3642E-03
  2.0000E+02  1.9480E-03
  2.0100E+02  1.3335E-03
  2.0200E+02  1.2078E-03
  2.0300E+02  1.2353E-03
  2.0400E+02  1.2631E-03
  2.0500E+02  1.2910E-03
  2.0600E+02  1.3192E-03
  2.0700E+02  1.3475E-03
  2.0800E+02  1.3760E-03
  2.0900E+02  1.4047E-03
  2.1000E+02  1.4336E-03
  2.1100E+02  1.4627E-03
  2.1200E+02  1.4920E-03
  2.1300E+02  1.5215E-03
  2.1400E+02  1.5512E-03
  2.1500E+02  1.5811E-03
  2.1600E+02  1.6112E-03
  2.1700E+02  1.6414E-03
  2.1800E+02  1.6719E-03
  2.1900E+02  1.7025E-03
  2.2000E+02  1.7334E-03
  2.2100E+02  1.7644E-03
  2.2200E+02  1.7956E-03
  2.2300E+02  1.8271E-03
  2.2400E+02  1.8587E-03
  2.2500E+02  1.8905E-03
  2.2600E+02  1.9225E-03
  2.2700E+02  1.9547E-03
  2.2800E+02  1.9871E-03
  2.2900E+02  2.0196E-03
  2.3000E+02  2.0524E-03
  2.3100E+02  2.0854E-03
  2.3200E+02  2.1185E-03
  2.3300E+02  2.1519E-03
  2.3400E+02  2.1854E-03
  2.3500E+02  2.2192E-03
  2.3600E+02  2.2531E-03
  2.3700E+02  2.2872E-03
  2.3800E+02  2.3215E-03
  2.3900E+02  2.3560E-03
  2.4000E+02  2.3907E-03
  2.4100E+02  2.4256E-03
  2.4200E+02  2.4607E-03
  2.4300E+02  2.4960E-03
  2.4400E+02  2.5315E-03
  2.4500E+02  2.5671E-03
  2.4600E+02  2.6030E-03
  2.4700E+02  2.6391E-03
  2.4800E+02  2.6753E-03
  2.4900E+02  2.7137E-03
  2.5000E+02  2.7642E-03
  2.5100E+02  2.8152E-03
  2.5200E+02  2.8668E-03
  2.5300E+02  2.9188E-03
  2.5400E+02  2.9714E-03
  2.5500E+02  3.0245E-03
  2.5600E+02  3.0781E-03
  2.5700E+02  3.1323E-03
  2.5800E+02  3.1869E-03
  2.5900E+02  3.2421E-03
  2.6000E+02  3.2978E-03
  2.6100E+02  3.3540E-03
  2.6200E+02  3.4108E-03
  2.6300E+02  3.4680E-03
  2.6400E+02  3.5258E-03
  2.6500E+02  3.5841E-03
  2.6600E+02  3.6429E-03
  2.6700E+02  3.7023E-03
  2.6800E+02  3.7622E-03
  2.6900E+02  3.8225E-03
  2.7000E+02  3.8834E-03
  2.7100E+02  3.9449E-03
  2.7200E+02  4.0068E-03
  2.7300E+02  4.0693E-03
  2.7400E+02  4.1323E-03
  2.7500E+02  4.1958E-03
  2.7600E+02  4.2598E-03
  2.7700E+02  4.3243E-03
  2.7800E+02  4.3894E-03
  2.7900E+02  4.4550E-03
  2.8000E+02  4.5211E-03
  2.8100E+02  4.5877E-03
  2.8200E+02  4.6548E-03
  2.8300E+02  4.7225E-03
  2.8400E+02  4.7907E-03
  2.8500E+02  4.8594E-03
  2.8600E+02  4.9286E-03
  2.8700E+02  5.0483E-03
  2.8800E+02  5.1879E-03
  2.8900E+02  5.3315E-03
  2.9000E+02  5.4793E-03
  2.9100E+02  5.6311E-03
  2.9200E+02  5.7870E-03
  2.9300E+02  5.9470E-03
  2.9400E+02  6.1111E-03
  2.9500E+02  6.2792E-03
  2.9600E+02  6.4515E-03
  2.9700E+02  6.6279E-03
  2.9800E+02  6.8083E-03
  2.9900E+02  6.9928E-03
  3.0000E+02  7.1814E-03
  3.0100E+02  7.3741E-03
  3.0200E+02  7.5709E-03
  3.0300E+02  7.7718E-03
  3.0400E+02  7.9768E-03
  3.0500E+02  8.1858E-03
  3.0600E+02  8.3990E-03
  3.0700E+02  8.6162E-03
  3.0800E+02  8.8375E-03
  3.0900E+02  9.0629E-03
  3.1000E+02  9.2924E-03
  3.1100E+02  9.5260E-03
  3.1200E+02  9.7636E-03
  3.1300E+02  1.0005E-02
  3.1400E+02  1.0251E-02
  3.1500E+02  1.0501E-02
  3.1600E+02  1.0755E-02
  3.1700E+02  1.1013E-02
  3.1800E+02  1.1276E-02
  3.1900E+02  1.1542E-02
  3.2000E+02  1.1812E-02
  3.2100E+02  1.2087E-02
  3.2200E+02  1.2365E-02
  3.2300E+02  1.2648E-02
  3.2400E+02  1.2935E-02
  3.2500E+02  1.3225E-02
  3.2600E+02  1.3520E-02
  3.2700E+02  1.9823E-02
  3.2800E+02  1.9470E-02
  3.2900E+02  1.9091E-02
  3.3000E+02  1.8686E-02
  3.3100E+02  1.8255E-02
  3.3200E+02  1.7797E-02
  3.3300E+02  1.6977E-02
  3.3400E+02  1.4866E-02
  3.3500E+02  1.3002E-02
  3.3600E+02  1.1388E-02
  3.3700E+02  1.0022E-02
  3.3800E+02  8.9044E-03
  3.3900E+02  8.0356E-03
  3.4000E+02  7.8074E-03
  3.4100E+02  7.6443E-03
  3.4200E+02  7.4798E-03
  3.4300E+02  7.3139E-03
  3.4400E+02  7.1467E-03
  3.4500E+02  6.9781E-03
  3.4600E+02  6.8081E-03
  3.4700E+02  6.6367E-03
  3.4800E+02  6.4640E-03
  3.4900E+02  6.2899E-03
  3.5000E+02  6.1145E-03
  3.5100E+02  5.9377E-03
  3.5200E+02  5.7595E-03
  3.5300E+02  5.5800E-03
  3.5400E+02  5.3991E-03
  3.5500E+02  5.2168E-03
  3.5600E+02  5.0331E-03
  3.5700E+02  4.8481E-03
  3.5800E+02  4.6617E-03
  3.5900E+02  4.4740E-03
  3.6000E+02  4.2826E-03
  3.6100E+02  4.0770E-03
  3.6200E+02  3.8740E-03
  3.6300E+02  3.6736E-03
  3.6400E+02  3.4758E-03
  3.6500E+02  3.2807E-03
  3.6600E+02  3.0882E-03
  3.6700E+02  2.8983E-03
  3.6800E+02  2.7110E-03
  3.6900E+02  2.5263E-03
  3.7000E+02  2.3443E-03
  3.7100E+02  2.1648E-03
  3.7200E+02  1.9880E-03
  3.7300E+02  1.8138E-03
  3.7400E+02  1.6423E-03
  3.7500E+02  1.4733E-03
  3.7600E+02  1.3070E-03
  3.7700E+02  1.1433E-03
  3.7800E+02  9.8220E-04
  3.7900E+02  8.2374E-04
  3.8000E+02  6.6789E-04
  3.8100E+02  5.1466E-04
  3.8200E+02  3.6405E-04
  3.8300E+02  2.1606E-04
  3.8400E+02  7.0688E-05
  3.8500E+02  0.0000E+00
  3.8600E+02  4.5626E-04
  3.8700E+02  1.1101E-03
  3.8800E+02  1.7898E-03
  3.8900E+02  2.4953E-03
  3.9000E+02  3.2266E-03
  3.9100E+02  3.9837E-03
  3.9200E+02  4.7666E-03
  3.9300E+02  5.5754E-03
  3.9400E+02  6.4100E-03
  3.9500E+02  7.2704E-03
  3.9600E+02  8.1566E-03
  3.9700E+02  9.0687E-03
  3.9800E+02  1.0007E-02
  3.9900E+02  1.0970E-02
  4.0000E+02  1.1960E-02
  4.0100E+02  1.8038E-02
  4.0200E+02  1.7513E-02
  4.0300E+02  1.7011E-02
  4.0400E+02  1.6530E-02
  4.0500E+02  1.6072E-02
  4.0600E+02  1.5636E-02
  4.0700E+02  1.5222E-02
  4.0800E+02  1.4830E-02
  4.0900E+02  1.4461E-02
  4.1000E+02  1.3196E-02
  4.1100E+02  1.3158E-02
  4.1200E+02  1.3117E-02
  4.1300E+02  1.3074E-02
  4.1400E+02  1.3028E-02
  4.1500E+02  1.2981E-02
  4.1600E+02  1.2930E-02
  4.1700E+02  1.2878E-02
  4.1800E+02  1.2823E-02
  4.1900E+02  1.2766E-02
  4.2000E+02  1.2706E-02
  4.2100E+02  1.2645E-02
  4.2200E+02  1.2580E-02
  4.2300E+02  1.2514E-02
  4.2400E+02  1.2445E-02
  4.2500E+02  1.2374E-02
  4.2600E+02  1.2300E-02
  4.2700E+02  1.2224E-02
  4.2800E+02  1.2146E-02
  4.2900E+02  1.2065E-02
  4.3000E+02  1.1982E-02
  4.3100E+02  1.1897E-02
  4.3200E+02  1.1809E-02
  4.3300E+02  1.1719E-02
  4.3400E+02  1.1627E-02
  4.3500E+02  1.1532E-02
  4.3600E+02  1.1435E-02
  4.3700E+02  1.1335E-02
  4.3800E+02  1.1234E-02
  4.3900E+02  1.1130E-02
  4.4000E+02  1.1023E-02
  4.4100E+02  1.0914E-02
  4.4200E+02  1.0803E-02
  4.4300E+02  1.0690E-02
  4.4400E+02  1.0574E-02
  4.4500E+02  1.0455E-02
  4.4600E+02  1.0335E-02
  4.4700E+02  1.0212E-02
  4.4800E+02  1.0087E-02
  4.4900E+02  9.9591E-03
  4.5000E+02  9.8292E-03
  4.5100E+02  1.1537E-02
  4.5200E+02  1.2731E-02
  4.5300E+02  1.2782E-02
  4.5400E+02  2.1590E-02
  4.5500E+02  1.1833E-02
  4.5600E+02  9.6812E-03
  4.5700E+02  8.0155E-03
  4.5800E+02  6.8354E-03
  4.5900E+02  6.1409E-03
  4.6000E+02  5.9146E-03
  4.6100E+02  5.7994E-03
  4.6200E+02  5.6854E-03
  4.6300E+02  5.5725E-03
  4.6400E+02  5.4609E-03
  4.6500E+02  5.3503E-03
  4.6600E+02  5.2410E-03
  4.6700E+02  5.1328E-03
  4.6800E+02  5.0258E-03
  4.6900E+02  4.9200E-03
  4.7000E+02  4.8153E-03
  4.7100E+02  4.7118E-03
  4.7200E+02  4.6095E-03
  4.7300E+02  4.5083E-03
  4.7400E+02  4.4083E-03
  4.7500E+02  2.1325E-02
  4.7600E+02  3.1853E-02
  4.7700E+02  4.1978E-02
  4.7800E+02  5.1699E-02
  4.7900E+02  6.1018E-02
  4.8000E+02  8.6626E-02
  4.8100E+02  8.9928E-02
  4.8200E+02  9.0194E-02
  4.8300E+02  8.7426E-02
  4.8400E+02  8.9755E-02
  4.8500E+02  9.1327E-02
  4.8600E+02  8.9132E-02
  4.8700E+02  8.2636E-02
  4.8800E+02  8.0249E-02
  4.8900E+02  7.7857E-02
  4.9000E+02  7.5461E-02
  4.9100E+02  7.3061E-02
  4.9200E+02  7.0669E-02
  4.9300E+02  6.8454E-02
  4.9400E+02  6.6593E-02
  4.9500E+02  6.7718E-02
  4.9600E+02  7.0994E-02
  4.9700E+02  7.3876E-02
  4.9800E+02  7.9320E-02
  4.9900E+02  6.7742E-02
  5.0000E+02  5.5723E-02
  5.0100E+02  4.3515E-02
  5.0200E+02  3.4850E-02
  5.0300E+02  3.0235E-02
  5.0400E+02  2.6469E-02
  5.0500E+02  2.3128E-02
  5.0600E+02  2.0077E-02
  5.0700E+02  1.7249E-02
  5.0800E+02  1.4647E-02
  5.0900E+02  3.2005E-02
  5.1000E+02  5.7551E-03
  5.1100E+02  4.9029E-03
  5.1200E+02  4.1189E-03
  5.1300E+02  3.4032E-03
  5.1400E+02  2.7557E-03
  5.1500E+02  2.1765E-03
  5.1600E+02  1.6656E-03
  5.1700E+02  1.2229E-03
  5.1800E+02  8.4841E-04
  5.1900E+02  5.4222E-04
  5.2000E+02  3.0429E-04
  5.2100E+02  1.3461E-04
  5.2200E+02  3.3179E-05
  5.2300E+02  0.0000E+00
