 -1.3167E-05  0.0000E+00
  9.9999E-01  1.8125E-07
  2.0000E+00  7.2501E-07
  3.0000E+00  1.6313E-06
  4.0000E+00  2.9000E-06
  5.0000E+00  4.5313E-06
  6.0000E+00  6.5251E-06
  7.0000E+00  8.8814E-06
  8.0000E+00  1.1600E-05
  9.0000E+00  1.4681E-05
  1.0000E+01  1.8125E-05
  1.1000E+01  2.1932E-05
  1.2000E+01  2.6100E-05
  1.3000E+01  3.0632E-05
  1.4000E+01  3.5526E-05
  1.5000E+01  4.0782E-05
  1.6000E+01  4.6401E-05
  1.7000E+01  5.2382E-05
  1.8000E+01  5.8726E-05
  1.9000E+01  6.5432E-05
  2.0000E+01  7.2501E-05
  2.1000E+01  7.9933E-05
  2.2000E+01  8.7726E-05
  2.3000E+01  9.5883E-05
  2.4000E+01  1.0440E-04
  2.5000E+01  1.1328E-04
  2.6000E+01  1.2253E-04
  2.7000E+01  1.3213E-04
  2.8000E+01  1.4210E-04
  2.9000E+01  1.5243E-04
  3.0000E+01  1.6313E-04
  3.1000E+01  1.7418E-04
  3.2000E+01  1.8560E-04
  3.3000E+01  1.9738E-04
  3.4000E+01  2.0953E-04
  3.5000E+01  2.2203E-04
  3.6000E+01  2.3490E-04
  3.7000E+01  2.4814E-04
  3.8000E+01  2.6173E-04
  3.9000E+01  2.7569E-04
  4.0000E+01  2.9000E-04
  4.1000E+01  3.0469E-04
  4.2000E+01  3.1973E-04
  4.3000E+01  3.3514E-04
  4.4000E+01  3.5091E-04
  4.5000E+01  3.6704E-04
  4.6000E+01  3.8353E-04
  4.7000E+01  4.0039E-04
  4.8000E+01  4.1761E-04
  4.9000E+01  4.3519E-04
  5.0000E+01  4.5313E-04
  5.1000E+01  4.7144E-04
  5.2000E+01  4.9011E-04
  5.3000E+01  5.0914E-04
  5.4000E+01  5.2853E-04
  5.5000E+01  5.4829E-04
  5.6000E+01  5.6841E-04
  5.7000E+01  5.8889E-04
  5.8000E+01  6.0974E-04
  5.9000E+01  6.3094E-04
  6.0000E+01  6.5251E-04
  6.1000E+01  6.7444E-04
  6.2000E+01  6.9674E-04
  6.3000E+01  7.1939E-04
  6.4000E+01  7.4241E-04
  6.5000E+01  7.6579E-04
  6.6000E+01  7.8954E-04
  6.7000E+01  8.1364E-04
  6.8000E+01  8.3811E-04
  6.9000E+01  8.6295E-04
  7.0000E+01  8.8814E-04
  7.1000E+01  9.1370E-04
  7.2000E+01  9.3962E-04
  7.3000E+01  9.6590E-04
  7.4000E+01  9.9254E-04
  7.5000E+01  1.0195E-03
  7.6000E+01  1.0469E-03
  7.7000E+01  1.0746E-03
  7.8000E+01  1.1027E-03
  7.9000E+01  1.1312E-03
  8.0000E+01  1.1600E-03
  8.1000E+01  1.1892E-03
  8.2000E+01  1.2187E-03
  8.3000E+01  1.3830E-03
  8.4000E+01  1.7079E-03
  8.5000E+01  2.0317E-03
  8.6000E+01  2.3545E-03
  8.7000E+01  2.6762E-03
  8.8000E+01  2.9969E-03
  8.9000E+01  3.3166E-03
  9.0000E+01  3.6351E-03
  9.1000E+01  3.9527E-03
  9.2000E+01  4.2692E-03
  9.3000E+01  4.5846E-03
  9.4000E+01  4.8990E-03
  9.5000E+01  5.2123E-03
  9.6000E+01  5.5246E-03
  9.7000E+01  5.8358E-03
  9.8000E+01  6.1460E-03
  9.9000E+01  6.4551E-03
  1.0000E+02  6.7632E-03
  1.0100E+02  7.0702E-03
  1.0200E+02  7.5131E-03
  1.0300E+02  7.9905E-03
  1.0400E+02  8.4649E-03
  1.0500E+02  8.9364E-03
  1.0600E+02  9.4050E-03
  1.0700E+02  9.8707E-03
  1.0800E+02  1.0333E-02
  1.0900E+02  1.0793E-02
  1.1000E+02  1.1250E-02
  1.1100E+02  1.1702E-02
  1.1200E+02  1.2158E-02
  1.1300E+02  1.2631E-02
  1.1400E+02  1.3119E-02
  1.1500E+02  1.3623E-02
  1.1600E+02  1.4142E-02
  1.1700E+02  1.4677E-02
  1.1800E+02  1.5228E-02
  1.1900E+02  1.5794E-02
  1.2000E+02  1.6376E-02
  1.2100E+02  1.6974E-02
  1.2200E+02  1.7918E-02
  1.2300E+02  2.0439E-02
  1.2400E+02  2.2750E-02
  1.2500E+02  2.4849E-02
  1.2600E+02  2.6737E-02
  1.2700E+02  2.8414E-02
  1.2800E+02  2.9718E-02
  1.2900E+02  3.0792E-02
  1.3000E+02  3.1826E-02
  1.3100E+02  3.2820E-02
  1.3200E+02  3.3773E-02
  1.3300E+02  3.0768E-02
  1.3400E+02  2.9596E-02
  1.3500E+02  2.7372E-02
  1.3600E+02  2.5265E-02
  1.3700E+02  2.3477E-02
  1.3800E+02  2.2007E-02
  1.3900E+02  2.1374E-02
  1.4000E+02  2.1190E-02
  1.4100E+02  2.1011E-02
  1.4200E+02  2.0838E-02
  1.4300E+02  2.0670E-02
  1.4400E+02  2.0507E-02
  1.4500E+02  2.0350E-02
  1.4600E+02  2.0198E-02
  1.4700E+02  2.0052E-02
  1.4800E+02  1.9911E-02
  1.4900E+02  1.9775E-02
  1.5000E+02  1.9645E-02
  1.5100E+02  1.9520E-02
  1.5200E+02  1.9401E-02
  1.5300E+02  1.9286E-02
  1.5400E+02  1.9178E-02
  1.5500E+02  1.9074E-02
  1.5600E+02  1.8976E-02
  1.5700E+02  1.8883E-02
  1.5800E+02  1.8796E-02
  1.5900E+02  1.8714E-02
  1.6000E+02  1.8638E-02
  1.6100E+02  1.8566E-02
  1.6200E+02  1.8501E-02
  1.6300E+02  1.8440E-02
  1.6400E+02  1.8385E-02
  1.6500E+02  1.8336E-02
  1.6600E+02  1.8291E-02
  1.6700E+02  2.0404E-02
  1.6800E+02  2.1807E-02
  1.6900E+02  2.1979E-02
  1.7000E+02  2.0921E-02
  1.7100E+02  1.9300E-02
  1.7200E+02  1.9306E-02
  1.7300E+02  1.9321E-02
  1.7400E+02  1.9343E-02
  1.7500E+02  1.9373E-02
  1.7600E+02  1.9412E-02
  1.7700E+02  1.9458E-02
  1.7800E+02  1.7691E-02
  1.7900E+02  1.8163E-02
  1.8000E+02  1.8646E-02
  1.8100E+02  1.9139E-02
  1.8200E+02  1.9642E-02
  1.8300E+02  2.0156E-02
  1.8400E+02  2.0680E-02
  1.8500E+02  2.1214E-02
  1.8600E+02  2.1759E-02
  1.8700E+02  2.2314E-02
  1.8800E+02  2.4918E-02
  1.8900E+02  2.6109E-02
  1.9000E+02  2.7245E-02
  1.9100E+02  2.8325E-02
  1.9200E+02  2.9350E-02
  1.9300E+02  3.0793E-02
  1.9400E+02  3.2367E-02
  1.9500E+02  4.6138E-02
  1.9600E+02  2.3161E-03
  1.9700E+02  2.4833E-03
  1.9800E+02  2.4850E-03
  1.9900E+02  2.3213E-03
  2.0000E+02  1.9921E-03
  2.0100E+02  1.4974E-03
  2.0200E+02  1.1909E-03
  2.0300E+02  1.2177E-03
  2.0400E+02  1.2447E-03
  2.0500E+02  1.2719E-03
  2.0600E+02  1.2992E-03
  2.0700E+02  1.3268E-03
  2.0800E+02  1.3545E-03
  2.0900E+02  1.3825E-03
  2.1000E+02  1.4106E-03
  2.1100E+02  1.4389E-03
  2.1200E+02  1.4674E-03
  2.1300E+02  1.4961E-03
  2.1400E+02  1.5250E-03
  2.1500E+02  1.5541E-03
  2.1600E+02  1.5833E-03
  2.1700E+02  1.6127E-03
  2.1800E+02  1.6424E-03
  2.1900E+02  1.6722E-03
  2.2000E+02  1.7022E-03
  2.2100E+02  1.7324E-03
  2.2200E+02  1.7628E-03
  2.2300E+02  1.7933E-03
  2.2400E+02  1.8241E-03
  2.2500E+02  1.8550E-03
  2.2600E+02  1.8862E-03
  2.2700E+02  1.9175E-03
  2.2800E+02  1.9490E-03
  2.2900E+02  1.9807E-03
  2.3000E+02  2.0126E-03
  2.3100E+02  2.0446E-03
  2.3200E+02  2.0769E-03
  2.3300E+02  2.1093E-03
  2.3400E+02  2.1420E-03
  2.3500E+02  2.1748E-03
  2.3600E+02  2.2078E-03
  2.3700E+02  2.2410E-03
  2.3800E+02  2.2744E-03
  2.3900E+02  2.3079E-03
  2.4000E+02  2.3417E-03
  2.4100E+02  2.3757E-03
  2.4200E+02  2.4098E-03
  2.4300E+02  2.4441E-03
  2.4400E+02  2.4786E-03
  2.4500E+02  2.5133E-03
  2.4600E+02  2.5482E-03
  2.4700E+02  2.5833E-03
  2.4800E+02  2.6185E-03
  2.4900E+02  2.6540E-03
  2.5000E+02  2.6933E-03
  2.5100E+02  2.7427E-03
  2.5200E+02  2.7927E-03
  2.5300E+02  2.8433E-03
  2.5400E+02  2.8944E-03
  2.5500E+02  2.9461E-03
  2.5600E+02  2.9983E-03
  2.5700E+02  3.0511E-03
  2.5800E+02  3.1045E-03
  2.5900E+02  3.1585E-03
  2.6000E+02  3.2130E-03
  2.6100E+02  3.2681E-03
  2.6200E+02  3.3237E-03
  2.6300E+02  3.3799E-03
  2.6400E+02  3.4367E-03
  2.6500E+02  3.4941E-03
  2.6600E+02  3.5520E-03
  2.6700E+02  3.6105E-03
  2.6800E+02  3.6695E-03
  2.6900E+02  3.7291E-03
  2.7000E+02  3.7893E-03
  2.7100E+02  3.8501E-03
  2.7200E+02  3.9114E-03
  2.7300E+02  3.9732E-03
  2.7400E+02  4.0357E-03
  2.7500E+02  4.0987E-03
  2.7600E+02  4.1623E-03
  2.7700E+02  4.2264E-03
  2.7800E+02  4.2911E-03
  2.7900E+02  4.3564E-03
  2.8000E+02  4.4223E-03
  2.8100E+02  4.4887E-03
  2.8200E+02  4.5556E-03
  2.8300E+02  4.6232E-03
  2.8400E+02  4.6913E-03
  2.8500E+02  4.7600E-03
  2.8600E+02  4.8292E-03
  2.8700E+02  4.8990E-03
  2.8800E+02  4.9863E-03
  2.8900E+02  5.1267E-03
  2.9000E+02  5.2712E-03
  2.9100E+02  5.4200E-03
  2.9200E+02  5.5731E-03
  2.9300E+02  5.7303E-03
  2.9400E+02  5.8918E-03
  2.9500E+02  6.0575E-03
  2.9600E+02  6.2275E-03
  2.9700E+02  6.4017E-03
  2.9800E+02  6.5801E-03
  2.9900E+02  6.7627E-03
  3.0000E+02  6.9496E-03
  3.0100E+02  7.1407E-03
  3.0200E+02  7.3361E-03
  3.0300E+02  7.5357E-03
  3.0400E+02  7.7395E-03
  3.0500E+02  7.9475E-03
  3.0600E+02  8.1598E-03
  3.0700E+02  8.3763E-03
  3.0800E+02  8.5970E-03
  3.0900E+02  8.8220E-03
  3.1000E+02  9.0512E-03
  3.1100E+02  9.2846E-03
  3.1200E+02  9.5223E-03
  3.1300E+02  9.7642E-03
  3.1400E+02  1.0010E-02
  3.1500E+02  1.0261E-02
  3.1600E+02  1.0515E-02
  3.1700E+02  1.0774E-02
  3.1800E+02  1.1037E-02
  3.1900E+02  1.1304E-02
  3.2000E+02  1.1576E-02
  3.2100E+02  1.1852E-02
  3.2200E+02  1.2132E-02
  3.2300E+02  1.2416E-02
  3.2400E+02  1.2704E-02
  3.2500E+02  1.2997E-02
  3.2600E+02  1.3294E-02
  3.2700E+02  1.3595E-02
  3.2800E+02  1.9395E-02
  3.2900E+02  1.9164E-02
  3.3000E+02  1.8902E-02
  3.3100E+02  1.8610E-02
  3.3200E+02  1.8287E-02
  3.3300E+02  1.7933E-02
  3.3400E+02  1.7548E-02
  3.3500E+02  1.6740E-02
  3.3600E+02  1.3980E-02
  3.3700E+02  1.1704E-02
  3.3800E+02  9.9103E-03
  3.3900E+02  8.5996E-03
  3.4000E+02  8.1642E-03
  3.4100E+02  7.9937E-03
  3.4200E+02  7.8216E-03
  3.4300E+02  7.6478E-03
  3.4400E+02  7.4724E-03
  3.4500E+02  7.2953E-03
  3.4600E+02  7.1166E-03
  3.4700E+02  6.9362E-03
  3.4800E+02  6.7543E-03
  3.4900E+02  6.5706E-03
  3.5000E+02  6.3854E-03
  3.5100E+02  6.1985E-03
  3.5200E+02  6.0099E-03
  3.5300E+02  5.8198E-03
  3.5400E+02  5.6279E-03
  3.5500E+02  5.4345E-03
  3.5600E+02  5.2394E-03
  3.5700E+02  5.0426E-03
  3.5800E+02  4.8443E-03
  3.5900E+02  4.6443E-03
  3.6000E+02  4.4344E-03
  3.6100E+02  4.2176E-03
  3.6200E+02  4.0036E-03
  3.6300E+02  3.7926E-03
  3.6400E+02  3.5845E-03
  3.6500E+02  3.3794E-03
  3.6600E+02  3.1771E-03
  3.6700E+02  2.9777E-03
  3.6800E+02  2.7813E-03
  3.6900E+02  2.5878E-03
  3.7000E+02  2.3972E-03
  3.7100E+02  2.2095E-03
  3.7200E+02  2.0247E-03
  3.7300E+02  1.8429E-03
  3.7400E+02  1.6639E-03
  3.7500E+02  1.4879E-03
  3.7600E+02  1.3148E-03
  3.7700E+02  1.1446E-03
  3.7800E+02  9.7734E-04
  3.7900E+02  8.1298E-04
  3.8000E+02  6.5153E-04
  3.8100E+02  4.9300E-04
  3.8200E+02  3.3739E-04
  3.8300E+02  1.8469E-04
  3.8400E+02  3.4903E-05
  3.8500E+02  0.0000E+00
  3.8600E+02  1.3280E-04
  3.8700E+02  8.2819E-04
  3.8800E+02  1.5529E-03
  3.8900E+02  2.3069E-03
  3.9000E+02  3.0902E-03
  3.9100E+02  3.9027E-03
  3.9200E+02  4.7446E-03
  3.9300E+02  5.6158E-03
  3.9400E+02  6.5163E-03
  3.9500E+02  7.4461E-03
  3.9600E+02  8.4052E-03
  3.9700E+02  9.3936E-03
  3.9800E+02  1.0411E-02
  3.9900E+02  1.1458E-02
  4.0000E+02  1.2535E-02
  4.0100E+02  1.9350E-02
  4.0200E+02  1.8558E-02
  4.0300E+02  1.7805E-02
  4.0400E+02  1.7091E-02
  4.0500E+02  1.6417E-02
  4.0600E+02  1.5782E-02
  4.0700E+02  1.5187E-02
  4.0800E+02  1.4631E-02
  4.0900E+02  1.2940E-02
  4.1000E+02  1.2903E-02
  4.1100E+02  1.2863E-02
  4.1200E+02  1.2822E-02
  4.1300E+02  1.2778E-02
  4.1400E+02  1.2732E-02
  4.1500E+02  1.2684E-02
  4.1600E+02  1.2634E-02
  4.1700E+02  1.2582E-02
  4.1800E+02  1.2527E-02
  4.1900E+02  1.2470E-02
  4.2000E+02  1.2411E-02
  4.2100E+02  1.2350E-02
  4.2200E+02  1.2287E-02
  4.2300E+02  1.2222E-02
  4.2400E+02  1.2154E-02
  4.2500E+02  1.2084E-02
  4.2600E+02  1.2012E-02
  4.2700E+02  1.1938E-02
  4.2800E+02  1.1862E-02
  4.2900E+02  1.1783E-02
  4.3000E+02  1.1703E-02
  4.3100E+02  1.1620E-02
  4.3200E+02  1.1535E-02
  4.3300E+02  1.1448E-02
  4.3400E+02  1.1358E-02
  4.3500E+02  1.1267E-02
  4.3600E+02  1.1173E-02
  4.3700E+02  1.1077E-02
  4.3800E+02  1.0979E-02
  4.3900E+02  1.0879E-02
  4.4000E+02  1.0777E-02
  4.4100E+02  1.0672E-02
  4.4200E+02  1.0565E-02
  4.4300E+02  1.0456E-02
  4.4400E+02  1.0345E-02
  4.4500E+02  1.0232E-02
  4.4600E+02  1.0117E-02
  4.4700E+02  9.9989E-03
  4.4800E+02  9.8791E-03
  4.4900E+02  9.7572E-03
  4.5000E+02  9.6330E-03
  4.5100E+02  1.0571E-02
  4.5200E+02  1.1258E-02
  4.5300E+02  1.1446E-02
  4.5400E+02  1.1136E-02
  4.5500E+02  1.3554E-02
  4.5600E+02  1.6676E-02
  4.5700E+02  1.3895E-02
  4.5800E+02  8.6921E-03
  4.5900E+02  7.0584E-03
  4.6000E+02  6.1940E-03
  4.6100E+02  5.9946E-03
  4.6200E+02  5.8775E-03
  4.6300E+02  5.7616E-03
  4.6400E+02  5.6469E-03
  4.6500E+02  5.5333E-03
  4.6600E+02  5.4208E-03
  4.6700E+02  5.3096E-03
  4.6800E+02  5.1994E-03
  4.6900E+02  5.0904E-03
  4.7000E+02  4.9826E-03
  4.7100E+02  4.8759E-03
  4.7200E+02  4.7704E-03
  4.7300E+02  4.6661E-03
  4.7400E+02  9.6230E-03
  4.7500E+02  2.6895E-02
  4.7600E+02  3.6435E-02
  4.7700E+02  4.5378E-02
  4.7800E+02  5.3726E-02
  4.7900E+02  6.1477E-02
  4.8000E+02  8.0049E-02
  4.8100E+02  8.1894E-02
  4.8200E+02  8.1776E-02
  4.8300E+02  7.9696E-02
  4.8400E+02  6.9255E-02
  4.8500E+02  8.9761E-02
  4.8600E+02  9.2785E-02
  4.8700E+02  8.3809E-02
  4.8800E+02  8.1682E-02
  4.8900E+02  7.9518E-02
  4.9000E+02  7.7315E-02
  4.9100E+02  7.5074E-02
  4.9200E+02  7.2794E-02
  4.9300E+02  7.0617E-02
  4.9400E+02  6.8845E-02
  4.9500E+02  7.1631E-02
  4.9600E+02  7.3934E-02
  4.9700E+02  7.5697E-02
  4.9800E+02  8.3067E-02
  4.9900E+02  6.9387E-02
  5.0000E+02  5.5250E-02
  5.0100E+02  4.0513E-02
  5.0200E+02  3.2745E-02
  5.0300E+02  2.8982E-02
  5.0400E+02  2.5362E-02
  5.0500E+02  2.2198E-02
  5.0600E+02  1.9309E-02
  5.0700E+02  1.6630E-02
  5.0800E+02  1.4161E-02
  5.0900E+02  3.7659E-02
  5.1000E+02  5.7546E-03
  5.1100E+02  4.9024E-03
  5.1200E+02  4.1185E-03
  5.1300E+02  3.4029E-03
  5.1400E+02  2.7555E-03
  5.1500E+02  2.1763E-03
  5.1600E+02  1.6654E-03
  5.1700E+02  1.2227E-03
  5.1800E+02  8.4834E-04
  5.1900E+02  5.4217E-04
  5.2000E+02  3.0426E-04
  5.2100E+02  1.3459E-04
  5.2200E+02  3.3177E-05
  5.2300E+02  0.0000E+00
