 -1.6947E-05  0.0000E+00
  9.9998E-01  7.5673E-08
  2.0000E+00  3.0269E-07
  3.0000E+00  6.8106E-07
  4.0000E+00  1.2108E-06
  5.0000E+00  1.8918E-06
  6.0000E+00  2.7242E-06
  7.0000E+00  3.7080E-06
  8.0000E+00  4.8431E-06
  9.0000E+00  6.1295E-06
  1.0000E+01  7.5673E-06
  1.1000E+01  9.1565E-06
  1.2000E+01  1.0897E-05
  1.3000E+01  1.2789E-05
  1.4000E+01  1.4832E-05
  1.5000E+01  1.7027E-05
  1.6000E+01  1.9372E-05
  1.7000E+01  2.1870E-05
  1.8000E+01  2.4518E-05
  1.9000E+01  2.7318E-05
  2.0000E+01  3.0269E-05
  2.1000E+01  3.3372E-05
  2.2000E+01  3.6626E-05
  2.3000E+01  4.0031E-05
  2.4000E+01  4.3588E-05
  2.5000E+01  4.7296E-05
  2.6000E+01  5.1155E-05
  2.7000E+01  5.5166E-05
  2.8000E+01  5.9328E-05
  2.9000E+01  6.3641E-05
  3.0000E+01  6.8106E-05
  3.1000E+01  7.2722E-05
  3.2000E+01  7.7490E-05
  3.3000E+01  8.2408E-05
  3.4000E+01  8.7478E-05
  3.5000E+01  9.2700E-05
  3.6000E+01  9.8073E-05
  3.7000E+01  1.0360E-04
  3.8000E+01  1.0927E-04
  3.9000E+01  1.1510E-04
  4.0000E+01  1.2108E-04
  4.1000E+01  1.4069E-04
  4.2000E+01  2.1571E-04
  4.3000E+01  2.8215E-04
  4.4000E+01  3.4002E-04
  4.5000E+01  3.8932E-04
  4.6000E+01  4.3005E-04
  4.7000E+01  4.6221E-04
  4.8000E+01  4.8580E-04
  4.9000E+01  5.0082E-04
  5.0000E+01  5.0727E-04
  5.1000E+01  5.0973E-04
  5.2000E+01  5.3796E-04
  5.3000E+01  5.6667E-04
  5.4000E+01  5.9585E-04
  5.5000E+01  6.2552E-04
  5.6000E+01  6.5566E-04
  5.7000E+01  6.8628E-04
  5.8000E+01  7.1752E-04
  5.9000E+01  7.5053E-04
  6.0000E+01  7.8519E-04
  6.1000E+01  8.2150E-04
  6.2000E+01  8.5946E-04
  6.3000E+01  8.9907E-04
  6.4000E+01  9.4033E-04
  6.5000E+01  9.8323E-04
  6.6000E+01  1.0278E-03
  6.7000E+01  1.0740E-03
  6.8000E+01  1.1219E-03
  6.9000E+01  1.1804E-03
  7.0000E+01  1.2566E-03
  7.1000E+01  1.3505E-03
  7.2000E+01  1.5426E-03
  7.3000E+01  1.7293E-03
  7.4000E+01  1.9577E-03
  7.5000E+01  2.0347E-03
  7.6000E+01  1.9660E-03
  7.7000E+01  1.9288E-03
  7.8000E+01  2.0075E-03
  7.9000E+01  2.0884E-03
  8.0000E+01  2.1715E-03
  8.1000E+01  2.2585E-03
  8.2000E+01  2.3527E-03
  8.3000E+01  2.4530E-03
  8.4000E+01  2.5595E-03
  8.5000E+01  2.6723E-03
  8.6000E+01  2.7914E-03
  8.7000E+01  2.9168E-03
  8.8000E+01  3.0488E-03
  8.9000E+01  3.1871E-03
  9.0000E+01  3.3317E-03
  9.1000E+01  3.4817E-03
  9.2000E+01  3.6343E-03
  9.3000E+01  3.7960E-03
  9.4000E+01  3.9679E-03
  9.5000E+01  4.1498E-03
  9.6000E+01  4.3418E-03
  9.7000E+01  4.8873E-03
  9.8000E+01  5.1063E-03
  9.9000E+01  5.4874E-03
  1.0000E+02  5.8168E-03
  1.0100E+02  6.1290E-03
  1.0200E+02  6.5746E-03
  1.0300E+02  7.1384E-03
  1.0400E+02  7.8097E-03
  1.0500E+02  8.5210E-03
  1.0600E+02  9.2555E-03
  1.0700E+02  1.0281E-02
  1.0800E+02  1.0914E-02
  1.0900E+02  1.1593E-02
  1.1000E+02  1.2766E-02
  1.1100E+02  1.4657E-02
  1.1200E+02  1.2663E-02
  1.1300E+02  1.2937E-02
  1.1400E+02  1.3334E-02
  1.1500E+02  1.3758E-02
  1.1600E+02  1.4203E-02
  1.1700E+02  1.4654E-02
  1.1800E+02  1.5132E-02
  1.1900E+02  1.5735E-02
  1.2000E+02  1.6251E-02
  1.2100E+02  1.6727E-02
  1.2200E+02  1.7942E-02
  1.2300E+02  1.9349E-02
  1.2400E+02  1.9666E-02
  1.2500E+02  1.7918E-02
  1.2600E+02  1.8289E-02
  1.2700E+02  1.8690E-02
  1.2800E+02  1.9075E-02
  1.2900E+02  1.9686E-02
  1.3000E+02  2.0332E-02
  1.3100E+02  2.0881E-02
  1.3200E+02  2.1465E-02
  1.3300E+02  2.2376E-02
  1.3400E+02  2.4131E-02
  1.3500E+02  2.7204E-02
  1.3600E+02  2.9517E-02
  1.3700E+02  3.0202E-02
  1.3800E+02  3.0838E-02
  1.3900E+02  3.1068E-02
  1.4000E+02  3.1975E-02
  1.4100E+02  3.1815E-02
  1.4200E+02  3.1600E-02
  1.4300E+02  3.1515E-02
  1.4400E+02  3.1204E-02
  1.4500E+02  3.0695E-02
  1.4600E+02  3.0215E-02
  1.4700E+02  2.9484E-02
  1.4800E+02  2.8332E-02
  1.4900E+02  3.2894E-02
  1.5000E+02  2.5550E-02
  1.5100E+02  2.3251E-02
  1.5200E+02  2.1541E-02
  1.5300E+02  2.1071E-02
  1.5400E+02  2.0626E-02
  1.5500E+02  2.0221E-02
  1.5600E+02  1.9842E-02
  1.5700E+02  1.9480E-02
  1.5800E+02  1.9146E-02
  1.5900E+02  1.8851E-02
  1.6000E+02  1.8567E-02
  1.6100E+02  1.8301E-02
  1.6200E+02  1.8052E-02
  1.6300E+02  1.7807E-02
  1.6400E+02  1.7565E-02
  1.6500E+02  1.7322E-02
  1.6600E+02  1.7146E-02
  1.6700E+02  1.7226E-02
  1.6800E+02  1.7422E-02
  1.6900E+02  1.7506E-02
  1.7000E+02  1.7632E-02
  1.7100E+02  1.7061E-02
  1.7200E+02  1.6648E-02
  1.7300E+02  1.6292E-02
  1.7400E+02  1.6226E-02
  1.7500E+02  1.9485E-02
  1.7600E+02  1.5562E-02
  1.7700E+02  1.5363E-02
  1.7800E+02  1.5272E-02
  1.7900E+02  1.5204E-02
  1.8000E+02  1.5157E-02
  1.8100E+02  1.4976E-02
  1.8200E+02  1.4786E-02
  1.8300E+02  1.4587E-02
  1.8400E+02  1.4395E-02
  1.8500E+02  1.4240E-02
  1.8600E+02  1.4127E-02
  1.8700E+02  1.4018E-02
  1.8800E+02  1.3885E-02
  1.8900E+02  1.3809E-02
  1.9000E+02  1.3743E-02
  1.9100E+02  1.3670E-02
  1.9200E+02  1.3665E-02
  1.9300E+02  1.3952E-02
  1.9400E+02  1.4406E-02
  1.9500E+02  1.5002E-02
  1.9600E+02  1.6088E-02
  1.9700E+02  1.6877E-02
  1.9800E+02  1.7188E-02
  1.9900E+02  1.7062E-02
  2.0000E+02  1.7136E-02
  2.0100E+02  1.7190E-02
  2.0200E+02  1.7135E-02
  2.0300E+02  1.6973E-02
  2.0400E+02  1.6793E-02
  2.0500E+02  1.5452E-02
  2.0600E+02  1.3187E-02
  2.0700E+02  1.0766E-02
  2.0800E+02  8.9818E-03
  2.0900E+02  7.7167E-03
  2.1000E+02  6.7262E-03
  2.1100E+02  5.2599E-03
  2.1200E+02  2.6455E-03
  2.1300E+02  1.4416E-03
  2.1400E+02  1.4634E-03
  2.1500E+02  1.4858E-03
  2.1600E+02  1.5089E-03
  2.1700E+02  1.5326E-03
  2.1800E+02  1.5567E-03
  2.1900E+02  1.5811E-03
  2.2000E+02  1.6058E-03
  2.2100E+02  1.6309E-03
  2.2200E+02  1.6563E-03
  2.2300E+02  1.6823E-03
  2.2400E+02  1.7089E-03
  2.2500E+02  1.7362E-03
  2.2600E+02  1.7642E-03
  2.2700E+02  1.7928E-03
  2.2800E+02  1.8221E-03
  2.2900E+02  1.8525E-03
  2.3000E+02  1.8843E-03
  2.3100E+02  1.9174E-03
  2.3200E+02  1.9520E-03
  2.3300E+02  1.9879E-03
  2.3400E+02  2.0221E-03
  2.3500E+02  2.0502E-03
  2.3600E+02  2.0746E-03
  2.3700E+02  2.0954E-03
  2.3800E+02  2.1196E-03
  2.3900E+02  2.1530E-03
  2.4000E+02  2.1859E-03
  2.4100E+02  2.2185E-03
  2.4200E+02  2.2509E-03
  2.4300E+02  2.2834E-03
  2.4400E+02  2.3162E-03
  2.4500E+02  2.3492E-03
  2.4600E+02  2.3824E-03
  2.4700E+02  2.4160E-03
  2.4800E+02  2.4502E-03
  2.4900E+02  2.4849E-03
  2.5000E+02  2.5217E-03
  2.5100E+02  2.5621E-03
  2.5200E+02  2.6035E-03
  2.5300E+02  2.6457E-03
  2.5400E+02  2.6887E-03
  2.5500E+02  2.7341E-03
  2.5600E+02  2.7820E-03
  2.5700E+02  2.8318E-03
  2.5800E+02  2.8834E-03
  2.5900E+02  2.9368E-03
  2.6000E+02  2.9921E-03
  2.6100E+02  3.0491E-03
  2.6200E+02  3.1048E-03
  2.6300E+02  3.1578E-03
  2.6400E+02  3.2081E-03
  2.6500E+02  3.2557E-03
  2.6600E+02  3.3005E-03
  2.6700E+02  3.3427E-03
  2.6800E+02  3.3829E-03
  2.6900E+02  3.4275E-03
  2.7000E+02  3.4775E-03
  2.7100E+02  3.5335E-03
  2.7200E+02  3.5956E-03
  2.7300E+02  3.6593E-03
  2.7400E+02  3.7201E-03
  2.7500E+02  3.7822E-03
  2.7600E+02  3.8453E-03
  2.7700E+02  3.9094E-03
  2.7800E+02  3.9749E-03
  2.7900E+02  4.0416E-03
  2.8000E+02  4.1097E-03
  2.8100E+02  4.1790E-03
  2.8200E+02  4.2496E-03
  2.8300E+02  4.3214E-03
  2.8400E+02  4.3976E-03
  2.8500E+02  4.4812E-03
  2.8600E+02  4.5720E-03
  2.8700E+02  4.6701E-03
  2.8800E+02  4.7753E-03
  2.8900E+02  4.8738E-03
  2.9000E+02  4.9661E-03
  2.9100E+02  5.0520E-03
  2.9200E+02  5.1312E-03
  2.9300E+02  5.2057E-03
  2.9400E+02  5.2958E-03
  2.9500E+02  5.3865E-03
  2.9600E+02  5.4815E-03
  2.9700E+02  5.5825E-03
  2.9800E+02  5.6848E-03
  2.9900E+02  5.7899E-03
  3.0000E+02  5.8993E-03
  3.0100E+02  6.0099E-03
  3.0200E+02  6.1217E-03
  3.0300E+02  6.2345E-03
  3.0400E+02  6.3553E-03
  3.0500E+02  6.4834E-03
  3.0600E+02  6.6172E-03
  3.0700E+02  6.7568E-03
  3.0800E+02  6.9022E-03
  3.0900E+02  7.0545E-03
  3.1000E+02  7.2168E-03
  3.1100E+02  7.3908E-03
  3.1200E+02  7.5786E-03
  3.1300E+02  7.7835E-03
  3.1400E+02  8.0042E-03
  3.1500E+02  8.1766E-03
  3.1600E+02  8.3920E-03
  3.1700E+02  8.6183E-03
  3.1800E+02  8.8556E-03
  3.1900E+02  9.1039E-03
  3.2000E+02  9.3632E-03
  3.2100E+02  9.6309E-03
  3.2200E+02  9.9219E-03
  3.2300E+02  1.0252E-02
  3.2400E+02  1.0626E-02
  3.2500E+02  1.1059E-02
  3.2600E+02  1.1551E-02
  3.2700E+02  1.2098E-02
  3.2800E+02  1.2701E-02
  3.2900E+02  1.3360E-02
  3.3000E+02  1.4076E-02
  3.3100E+02  1.4984E-02
  3.3200E+02  1.6745E-02
  3.3300E+02  1.8822E-02
  3.3400E+02  1.9266E-02
  3.3500E+02  1.7942E-02
  3.3600E+02  1.5661E-02
  3.3700E+02  1.4098E-02
  3.3800E+02  1.3078E-02
  3.3900E+02  1.2387E-02
  3.4000E+02  1.1760E-02
  3.4100E+02  1.1196E-02
  3.4200E+02  1.0697E-02
  3.4300E+02  1.0261E-02
  3.4400E+02  9.8839E-03
  3.4500E+02  9.5449E-03
  3.4600E+02  9.2309E-03
  3.4700E+02  8.9458E-03
  3.4800E+02  8.7054E-03
  3.4900E+02  8.4064E-03
  3.5000E+02  8.0642E-03
  3.5100E+02  7.5572E-03
  3.5200E+02  7.1888E-03
  3.5300E+02  6.8739E-03
  3.5400E+02  6.5671E-03
  3.5500E+02  6.2811E-03
  3.5600E+02  6.1146E-03
  3.5700E+02  5.8092E-03
  3.5800E+02  5.4024E-03
  3.5900E+02  5.0122E-03
  3.6000E+02  4.6386E-03
  3.6100E+02  4.2801E-03
  3.6200E+02  3.9379E-03
  3.6300E+02  3.6229E-03
  3.6400E+02  3.4790E-03
  3.6500E+02  3.3713E-03
  3.6600E+02  3.2911E-03
  3.6700E+02  3.2201E-03
  3.6800E+02  3.1600E-03
  3.6900E+02  3.1216E-03
  3.7000E+02  3.1061E-03
  3.7100E+02  3.1137E-03
  3.7200E+02  3.1443E-03
  3.7300E+02  3.1979E-03
  3.7400E+02  3.2746E-03
  3.7500E+02  3.3733E-03
  3.7600E+02  3.2702E-03
  3.7700E+02  3.3443E-03
  3.7800E+02  3.5187E-03
  3.7900E+02  3.7468E-03
  3.8000E+02  4.0246E-03
  3.8100E+02  4.3520E-03
  3.8200E+02  4.8776E-03
  3.8300E+02  5.5967E-03
  3.8400E+02  6.3539E-03
  3.8500E+02  6.9734E-03
  3.8600E+02  7.2464E-03
  3.8700E+02  7.5952E-03
  3.8800E+02  8.0913E-03
  3.8900E+02  8.6818E-03
  3.9000E+02  9.2121E-03
  3.9100E+02  9.4695E-03
  3.9200E+02  9.2341E-03
  3.9300E+02  9.3252E-03
  3.9400E+02  9.4635E-03
  3.9500E+02  9.6171E-03
  3.9600E+02  9.6742E-03
  3.9700E+02  9.7557E-03
  3.9800E+02  9.8897E-03
  3.9900E+02  9.9657E-03
  4.0000E+02  1.0145E-02
  4.0100E+02  1.0342E-02
  4.0200E+02  1.0531E-02
  4.0300E+02  1.0712E-02
  4.0400E+02  1.0887E-02
  4.0500E+02  1.1070E-02
  4.0600E+02  1.1326E-02
  4.0700E+02  1.1611E-02
  4.0800E+02  1.1651E-02
  4.0900E+02  1.1730E-02
  4.1000E+02  1.1809E-02
  4.1100E+02  1.2055E-02
  4.1200E+02  1.2418E-02
  4.1300E+02  1.1737E-02
  4.1400E+02  1.1684E-02
  4.1500E+02  1.1668E-02
  4.1600E+02  1.1688E-02
  4.1700E+02  1.1751E-02
  4.1800E+02  1.1884E-02
  4.1900E+02  1.1943E-02
  4.2000E+02  1.1975E-02
  4.2100E+02  1.1979E-02
  4.2200E+02  1.1958E-02
  4.2300E+02  1.1911E-02
  4.2400E+02  1.1929E-02
  4.2500E+02  1.2244E-02
  4.2600E+02  1.2367E-02
  4.2700E+02  1.2226E-02
  4.2800E+02  1.1931E-02
  4.2900E+02  1.1529E-02
  4.3000E+02  1.0472E-02
  4.3100E+02  1.0119E-02
  4.3200E+02  9.9614E-03
  4.3300E+02  9.8135E-03
  4.3400E+02  9.6664E-03
  4.3500E+02  9.5000E-03
  4.3600E+02  9.2913E-03
  4.3700E+02  9.1337E-03
  4.3800E+02  8.9802E-03
  4.3900E+02  8.8308E-03
  4.4000E+02  8.6855E-03
  4.4100E+02  8.5448E-03
  4.4200E+02  8.4111E-03
  4.4300E+02  8.2848E-03
  4.4400E+02  8.1661E-03
  4.4500E+02  8.0605E-03
  4.4600E+02  7.9837E-03
  4.4700E+02  7.9232E-03
  4.4800E+02  7.8729E-03
  4.4900E+02  7.8325E-03
  4.5000E+02  7.8036E-03
  4.5100E+02  7.7370E-03
  4.5200E+02  7.7223E-03
  4.5300E+02  7.7176E-03
  4.5400E+02  7.7100E-03
  4.5500E+02  7.6968E-03
  4.5600E+02  7.6259E-03
  4.5700E+02  7.4857E-03
  4.5800E+02  7.2761E-03
  4.5900E+02  7.1277E-03
  4.6000E+02  7.0161E-03
  4.6100E+02  6.9052E-03
  4.6200E+02  6.7948E-03
  4.6300E+02  6.6850E-03
  4.6400E+02  6.5762E-03
  4.6500E+02  6.4772E-03
  4.6600E+02  6.3957E-03
  4.6700E+02  6.3828E-03
  4.6800E+02  6.4042E-03
  4.6900E+02  6.4801E-03
  4.7000E+02  6.6767E-03
  4.7100E+02  6.5751E-03
  4.7200E+02  7.1386E-03
  4.7300E+02  6.8478E-03
  4.7400E+02  1.8116E-02
  4.7500E+02  5.7120E-02
  4.7600E+02  6.4844E-02
  4.7700E+02  6.9172E-02
  4.7800E+02  8.2003E-02
  4.7900E+02  8.2366E-02
  4.8000E+02  6.9404E-02
  4.8100E+02  6.9251E-02
  4.8200E+02  6.8860E-02
  4.8300E+02  7.0416E-02
  4.8400E+02  7.0441E-02
  4.8500E+02  6.9373E-02
  4.8600E+02  6.8017E-02
  4.8700E+02  6.7770E-02
  4.8800E+02  6.8298E-02
  4.8900E+02  7.0200E-02
  4.9000E+02  6.8786E-02
  4.9100E+02  6.7818E-02
  4.9200E+02  6.8094E-02
  4.9300E+02  6.8204E-02
  4.9400E+02  7.0606E-02
  4.9500E+02  7.2344E-02
  4.9600E+02  7.6461E-02
  4.9700E+02  8.4444E-02
  4.9800E+02  8.5171E-02
  4.9900E+02  7.6616E-02
  5.0000E+02  6.7887E-02
  5.0100E+02  4.3311E-02
  5.0200E+02  3.2525E-02
  5.0300E+02  2.7568E-02
  5.0400E+02  2.4963E-02
  5.0500E+02  1.9906E-02
  5.0600E+02  1.7241E-02
  5.0700E+02  1.5424E-02
  5.0800E+02  1.4059E-02
  5.0900E+02  1.2928E-02
  5.1000E+02  1.1964E-02
  5.1100E+02  1.1641E-02
  5.1200E+02  1.0169E-02
  5.1300E+02  8.7462E-03
  5.1400E+02  7.5778E-03
  5.1500E+02  6.6857E-03
  5.1600E+02  5.9075E-03
  5.1700E+02  6.5259E-03
  5.1800E+02  4.4530E-03
  5.1900E+02  3.3878E-03
  5.2000E+02  2.1495E-03
  5.2100E+02  2.3383E-03
  5.2200E+02  2.5851E-04
  5.2300E+02  0.0000E+00
