 -1.6947E-05  0.0000E+00
  9.9998E-01  1.8326E-07
  2.0000E+00  7.3304E-07
  3.0000E+00  1.6493E-06
  4.0000E+00  2.9321E-06
  5.0000E+00  4.5815E-06
  6.0000E+00  6.5973E-06
  7.0000E+00  8.9797E-06
  8.0000E+00  1.1729E-05
  9.0000E+00  1.4844E-05
  1.0000E+01  1.8326E-05
  1.1000E+01  2.2174E-05
  1.2000E+01  2.6389E-05
  1.3000E+01  3.0971E-05
  1.4000E+01  3.5919E-05
  1.5000E+01  4.1233E-05
  1.6000E+01  4.6914E-05
  1.7000E+01  5.2962E-05
  1.8000E+01  5.9376E-05
  1.9000E+01  6.6157E-05
  2.0000E+01  7.3304E-05
  2.1000E+01  8.0817E-05
  2.2000E+01  8.8698E-05
  2.3000E+01  9.6944E-05
  2.4000E+01  1.0556E-04
  2.5000E+01  1.1454E-04
  2.6000E+01  1.2388E-04
  2.7000E+01  1.3360E-04
  2.8000E+01  1.4368E-04
  2.9000E+01  1.5412E-04
  3.0000E+01  1.6493E-04
  3.1000E+01  1.7611E-04
  3.2000E+01  1.8766E-04
  3.3000E+01  1.9957E-04
  3.4000E+01  2.1185E-04
  3.5000E+01  2.2449E-04
  3.6000E+01  2.3750E-04
  3.7000E+01  2.5088E-04
  3.8000E+01  2.6463E-04
  3.9000E+01  2.7874E-04
  4.0000E+01  2.9321E-04
  4.1000E+01  3.0806E-04
  4.2000E+01  3.2327E-04
  4.3000E+01  3.3885E-04
  4.4000E+01  3.5479E-04
  4.5000E+01  3.7110E-04
  4.6000E+01  3.8778E-04
  4.7000E+01  4.0482E-04
  4.8000E+01  4.2223E-04
  4.9000E+01  4.4001E-04
  5.0000E+01  4.5815E-04
  5.1000E+01  4.7666E-04
  5.2000E+01  4.9553E-04
  5.3000E+01  5.1478E-04
  5.4000E+01  5.3438E-04
  5.5000E+01  5.5436E-04
  5.6000E+01  5.7470E-04
  5.7000E+01  5.9541E-04
  5.8000E+01  6.1648E-04
  5.9000E+01  6.3793E-04
  6.0000E+01  6.5973E-04
  6.1000E+01  6.8191E-04
  6.2000E+01  7.0445E-04
  6.3000E+01  7.2736E-04
  6.4000E+01  7.5063E-04
  6.5000E+01  7.7427E-04
  6.6000E+01  7.9828E-04
  6.7000E+01  8.2265E-04
  6.8000E+01  8.4739E-04
  6.9000E+01  8.7250E-04
  7.0000E+01  8.9797E-04
  7.1000E+01  9.2381E-04
  7.2000E+01  9.5002E-04
  7.3000E+01  9.7659E-04
  7.4000E+01  1.0035E-03
  7.5000E+01  1.0308E-03
  7.6000E+01  1.0585E-03
  7.7000E+01  1.0865E-03
  7.8000E+01  1.1150E-03
  7.9000E+01  1.1437E-03
  8.0000E+01  1.1729E-03
  8.1000E+01  1.2024E-03
  8.2000E+01  1.2322E-03
  8.3000E+01  1.5222E-03
  8.4000E+01  1.8379E-03
  8.5000E+01  2.1531E-03
  8.6000E+01  2.4676E-03
  8.7000E+01  2.7816E-03
  8.8000E+01  3.0951E-03
  8.9000E+01  3.4080E-03
  9.0000E+01  3.7203E-03
  9.1000E+01  4.0320E-03
  9.2000E+01  4.3432E-03
  9.3000E+01  4.6538E-03
  9.4000E+01  4.9638E-03
  9.5000E+01  5.2733E-03
  9.6000E+01  5.5822E-03
  9.7000E+01  5.8905E-03
  9.8000E+01  6.1982E-03
  9.9000E+01  6.5054E-03
  1.0000E+02  6.8121E-03
  1.0100E+02  7.1286E-03
  1.0200E+02  7.6084E-03
  1.0300E+02  8.0859E-03
  1.0400E+02  8.5611E-03
  1.0500E+02  9.0338E-03
  1.0600E+02  9.5043E-03
  1.0700E+02  9.9724E-03
  1.0800E+02  1.0438E-02
  1.0900E+02  1.0902E-02
  1.1000E+02  1.1363E-02
  1.1100E+02  1.1817E-02
  1.1200E+02  1.2273E-02
  1.1300E+02  1.2746E-02
  1.1400E+02  1.3236E-02
  1.1500E+02  1.3743E-02
  1.1600E+02  1.4267E-02
  1.1700E+02  1.4808E-02
  1.1800E+02  1.5366E-02
  1.1900E+02  1.5940E-02
  1.2000E+02  1.6532E-02
  1.2100E+02  1.7140E-02
  1.2200E+02  1.8797E-02
  1.2300E+02  2.1176E-02
  1.2400E+02  2.3306E-02
  1.2500E+02  2.5187E-02
  1.2600E+02  2.6820E-02
  1.2700E+02  2.8204E-02
  1.2800E+02  2.9261E-02
  1.2900E+02  3.0253E-02
  1.3000E+02  3.1211E-02
  1.3100E+02  3.2134E-02
  1.3200E+02  3.3023E-02
  1.3300E+02  2.9770E-02
  1.3400E+02  2.8900E-02
  1.3500E+02  2.7834E-02
  1.3600E+02  2.5788E-02
  1.3700E+02  2.3786E-02
  1.3800E+02  2.2128E-02
  1.3900E+02  2.1422E-02
  1.4000E+02  2.1230E-02
  1.4100E+02  2.1045E-02
  1.4200E+02  2.0865E-02
  1.4300E+02  2.0691E-02
  1.4400E+02  2.0523E-02
  1.4500E+02  2.0361E-02
  1.4600E+02  2.0205E-02
  1.4700E+02  2.0055E-02
  1.4800E+02  1.9912E-02
  1.4900E+02  1.9774E-02
  1.5000E+02  1.9642E-02
  1.5100E+02  1.9516E-02
  1.5200E+02  1.9396E-02
  1.5300E+02  1.9282E-02
  1.5400E+02  1.9174E-02
  1.5500E+02  1.9072E-02
  1.5600E+02  1.8976E-02
  1.5700E+02  1.8886E-02
  1.5800E+02  1.8802E-02
  1.5900E+02  1.8723E-02
  1.6000E+02  1.8651E-02
  1.6100E+02  1.8585E-02
  1.6200E+02  1.8525E-02
  1.6300E+02  1.8471E-02
  1.6400E+02  1.8423E-02
  1.6500E+02  1.8380E-02
  1.6600E+02  1.8705E-02
  1.6700E+02  2.0923E-02
  1.6800E+02  2.1970E-02
  1.6900E+02  2.1848E-02
  1.7000E+02  2.0555E-02
  1.7100E+02  1.9339E-02
  1.7200E+02  1.9343E-02
  1.7300E+02  1.9354E-02
  1.7400E+02  1.9373E-02
  1.7500E+02  1.9399E-02
  1.7600E+02  1.9434E-02
  1.7700E+02  1.7394E-02
  1.7800E+02  1.7859E-02
  1.7900E+02  1.8335E-02
  1.8000E+02  1.8821E-02
  1.8100E+02  1.9317E-02
  1.8200E+02  1.9824E-02
  1.8300E+02  2.0340E-02
  1.8400E+02  2.0867E-02
  1.8500E+02  2.1405E-02
  1.8600E+02  2.1952E-02
  1.8700E+02  2.2510E-02
  1.8800E+02  2.5293E-02
  1.8900E+02  2.6497E-02
  1.9000E+02  2.7647E-02
  1.9100E+02  2.8742E-02
  1.9200E+02  2.9884E-02
  1.9300E+02  3.1579E-02
  1.9400E+02  3.3065E-02
  1.9500E+02  3.9744E-02
  1.9600E+02  2.3762E-03
  1.9700E+02  2.4704E-03
  1.9800E+02  2.4097E-03
  1.9900E+02  2.1940E-03
  2.0000E+02  1.8233E-03
  2.0100E+02  1.2977E-03
  2.0200E+02  1.2072E-03
  2.0300E+02  1.2342E-03
  2.0400E+02  1.2614E-03
  2.0500E+02  1.2888E-03
  2.0600E+02  1.3163E-03
  2.0700E+02  1.3440E-03
  2.0800E+02  1.3720E-03
  2.0900E+02  1.4001E-03
  2.1000E+02  1.4284E-03
  2.1100E+02  1.4569E-03
  2.1200E+02  1.4855E-03
  2.1300E+02  1.5144E-03
  2.1400E+02  1.5434E-03
  2.1500E+02  1.5727E-03
  2.1600E+02  1.6021E-03
  2.1700E+02  1.6317E-03
  2.1800E+02  1.6615E-03
  2.1900E+02  1.6915E-03
  2.2000E+02  1.7217E-03
  2.2100E+02  1.7521E-03
  2.2200E+02  1.7826E-03
  2.2300E+02  1.8134E-03
  2.2400E+02  1.8443E-03
  2.2500E+02  1.8754E-03
  2.2600E+02  1.9067E-03
  2.2700E+02  1.9382E-03
  2.2800E+02  1.9699E-03
  2.2900E+02  2.0018E-03
  2.3000E+02  2.0338E-03
  2.3100E+02  2.0661E-03
  2.3200E+02  2.0985E-03
  2.3300E+02  2.1311E-03
  2.3400E+02  2.1639E-03
  2.3500E+02  2.1969E-03
  2.3600E+02  2.2301E-03
  2.3700E+02  2.2635E-03
  2.3800E+02  2.2971E-03
  2.3900E+02  2.3308E-03
  2.4000E+02  2.3648E-03
  2.4100E+02  2.3989E-03
  2.4200E+02  2.4332E-03
  2.4300E+02  2.4677E-03
  2.4400E+02  2.5024E-03
  2.4500E+02  2.5373E-03
  2.4600E+02  2.5724E-03
  2.4700E+02  2.6076E-03
  2.4800E+02  2.6431E-03
  2.4900E+02  2.6787E-03
  2.5000E+02  2.7274E-03
  2.5100E+02  2.7775E-03
  2.5200E+02  2.8281E-03
  2.5300E+02  2.8792E-03
  2.5400E+02  2.9308E-03
  2.5500E+02  2.9830E-03
  2.5600E+02  3.0356E-03
  2.5700E+02  3.0888E-03
  2.5800E+02  3.1425E-03
  2.5900E+02  3.1967E-03
  2.6000E+02  3.2515E-03
  2.6100E+02  3.3067E-03
  2.6200E+02  3.3625E-03
  2.6300E+02  3.4187E-03
  2.6400E+02  3.4755E-03
  2.6500E+02  3.5328E-03
  2.6600E+02  3.5906E-03
  2.6700E+02  3.6490E-03
  2.6800E+02  3.7078E-03
  2.6900E+02  3.7672E-03
  2.7000E+02  3.8270E-03
  2.7100E+02  3.8874E-03
  2.7200E+02  3.9483E-03
  2.7300E+02  4.0098E-03
  2.7400E+02  4.0717E-03
  2.7500E+02  4.1342E-03
  2.7600E+02  4.1971E-03
  2.7700E+02  4.2606E-03
  2.7800E+02  4.3246E-03
  2.7900E+02  4.3891E-03
  2.8000E+02  4.4541E-03
  2.8100E+02  4.5197E-03
  2.8200E+02  4.5857E-03
  2.8300E+02  4.6523E-03
  2.8400E+02  4.7194E-03
  2.8500E+02  4.7870E-03
  2.8600E+02  4.8551E-03
  2.8700E+02  4.9358E-03
  2.8800E+02  5.0718E-03
  2.8900E+02  5.2118E-03
  2.9000E+02  5.3559E-03
  2.9100E+02  5.5040E-03
  2.9200E+02  5.6562E-03
  2.9300E+02  5.8124E-03
  2.9400E+02  5.9726E-03
  2.9500E+02  6.1368E-03
  2.9600E+02  6.3051E-03
  2.9700E+02  6.4774E-03
  2.9800E+02  6.6538E-03
  2.9900E+02  6.8342E-03
  3.0000E+02  7.0186E-03
  3.0100E+02  7.2071E-03
  3.0200E+02  7.3996E-03
  3.0300E+02  7.5962E-03
  3.0400E+02  7.7967E-03
  3.0500E+02  8.0014E-03
  3.0600E+02  8.2100E-03
  3.0700E+02  8.4227E-03
  3.0800E+02  8.6394E-03
  3.0900E+02  8.8602E-03
  3.1000E+02  9.0850E-03
  3.1100E+02  9.3138E-03
  3.1200E+02  9.5467E-03
  3.1300E+02  9.7836E-03
  3.1400E+02  1.0024E-02
  3.1500E+02  1.0269E-02
  3.1600E+02  1.0518E-02
  3.1700E+02  1.0772E-02
  3.1800E+02  1.1029E-02
  3.1900E+02  1.1290E-02
  3.2000E+02  1.1555E-02
  3.2100E+02  1.1824E-02
  3.2200E+02  1.2097E-02
  3.2300E+02  1.2375E-02
  3.2400E+02  1.2656E-02
  3.2500E+02  1.2941E-02
  3.2600E+02  1.3231E-02
  3.2700E+02  1.9293E-02
  3.2800E+02  1.9083E-02
  3.2900E+02  1.8843E-02
  3.3000E+02  1.8574E-02
  3.3100E+02  1.8274E-02
  3.3200E+02  1.7946E-02
  3.3300E+02  1.7587E-02
  3.3400E+02  1.7199E-02
  3.3500E+02  1.5780E-02
  3.3600E+02  1.3385E-02
  3.3700E+02  1.1384E-02
  3.3800E+02  9.7782E-03
  3.3900E+02  8.5664E-03
  3.4000E+02  8.0582E-03
  3.4100E+02  7.8901E-03
  3.4200E+02  7.7205E-03
  3.4300E+02  7.5493E-03
  3.4400E+02  7.3766E-03
  3.4500E+02  7.2024E-03
  3.4600E+02  7.0266E-03
  3.4700E+02  6.8492E-03
  3.4800E+02  6.6703E-03
  3.4900E+02  6.4899E-03
  3.5000E+02  6.3079E-03
  3.5100E+02  6.1244E-03
  3.5200E+02  5.9393E-03
  3.5300E+02  5.7526E-03
  3.5400E+02  5.5644E-03
  3.5500E+02  5.3747E-03
  3.5600E+02  5.1834E-03
  3.5700E+02  4.9905E-03
  3.5800E+02  4.7962E-03
  3.5900E+02  4.6002E-03
  3.6000E+02  4.3981E-03
  3.6100E+02  4.1845E-03
  3.6200E+02  3.9738E-03
  3.6300E+02  3.7659E-03
  3.6400E+02  3.5608E-03
  3.6500E+02  3.3585E-03
  3.6600E+02  3.1590E-03
  3.6700E+02  2.9623E-03
  3.6800E+02  2.7684E-03
  3.6900E+02  2.5774E-03
  3.7000E+02  2.3891E-03
  3.7100E+02  2.2036E-03
  3.7200E+02  2.0210E-03
  3.7300E+02  1.8411E-03
  3.7400E+02  1.6641E-03
  3.7500E+02  1.4898E-03
  3.7600E+02  1.3184E-03
  3.7700E+02  1.1498E-03
  3.7800E+02  9.8394E-04
  3.7900E+02  8.2093E-04
  3.8000E+02  6.6072E-04
  3.8100E+02  5.0331E-04
  3.8200E+02  3.4872E-04
  3.8300E+02  1.9693E-04
  3.8400E+02  4.7940E-05
  3.8500E+02  0.0000E+00
  3.8600E+02  3.0651E-04
  3.8700E+02  1.0067E-03
  3.8800E+02  1.7357E-03
  3.8900E+02  2.4935E-03
  3.9000E+02  3.2800E-03
  3.9100E+02  4.0953E-03
  3.9200E+02  4.9394E-03
  3.9300E+02  5.8122E-03
  3.9400E+02  6.7138E-03
  3.9500E+02  7.6442E-03
  3.9600E+02  8.6034E-03
  3.9700E+02  9.5913E-03
  3.9800E+02  1.0608E-02
  3.9900E+02  1.1653E-02
  4.0000E+02  1.2728E-02
  4.0100E+02  1.8921E-02
  4.0200E+02  1.8183E-02
  4.0300E+02  1.7480E-02
  4.0400E+02  1.6815E-02
  4.0500E+02  1.6185E-02
  4.0600E+02  1.5592E-02
  4.0700E+02  1.5035E-02
  4.0800E+02  1.4515E-02
  4.0900E+02  1.2928E-02
  4.1000E+02  1.2890E-02
  4.1100E+02  1.2851E-02
  4.1200E+02  1.2809E-02
  4.1300E+02  1.2764E-02
  4.1400E+02  1.2718E-02
  4.1500E+02  1.2669E-02
  4.1600E+02  1.2619E-02
  4.1700E+02  1.2566E-02
  4.1800E+02  1.2511E-02
  4.1900E+02  1.2453E-02
  4.2000E+02  1.2394E-02
  4.2100E+02  1.2332E-02
  4.2200E+02  1.2268E-02
  4.2300E+02  1.2202E-02
  4.2400E+02  1.2134E-02
  4.2500E+02  1.2064E-02
  4.2600E+02  1.1991E-02
  4.2700E+02  1.1917E-02
  4.2800E+02  1.1840E-02
  4.2900E+02  1.1761E-02
  4.3000E+02  1.1680E-02
  4.3100E+02  1.1596E-02
  4.3200E+02  1.1511E-02
  4.3300E+02  1.1423E-02
  4.3400E+02  1.1333E-02
  4.3500E+02  1.1241E-02
  4.3600E+02  1.1146E-02
  4.3700E+02  1.1050E-02
  4.3800E+02  1.0951E-02
  4.3900E+02  1.0851E-02
  4.4000E+02  1.0748E-02
  4.4100E+02  1.0642E-02
  4.4200E+02  1.0535E-02
  4.4300E+02  1.0426E-02
  4.4400E+02  1.0314E-02
  4.4500E+02  1.0200E-02
  4.4600E+02  1.0084E-02
  4.4700E+02  9.9658E-03
  4.4800E+02  9.8454E-03
  4.4900E+02  9.7228E-03
  4.5000E+02  9.6978E-03
  4.5100E+02  1.0733E-02
  4.5200E+02  1.1283E-02
  4.5300E+02  1.1348E-02
  4.5400E+02  1.0928E-02
  4.5500E+02  1.4239E-02
  4.5600E+02  1.6230E-02
  4.5700E+02  1.3187E-02
  4.5800E+02  8.3201E-03
  4.5900E+02  6.7445E-03
  4.6000E+02  6.0446E-03
  4.6100E+02  5.9204E-03
  4.6200E+02  5.8063E-03
  4.6300E+02  5.6932E-03
  4.6400E+02  5.5813E-03
  4.6500E+02  5.4705E-03
  4.6600E+02  5.3608E-03
  4.6700E+02  5.2522E-03
  4.6800E+02  5.1447E-03
  4.6900E+02  5.0384E-03
  4.7000E+02  4.9332E-03
  4.7100E+02  4.8290E-03
  4.7200E+02  4.7260E-03
  4.7300E+02  4.6241E-03
  4.7400E+02  4.5233E-03
  4.7500E+02  2.4607E-02
  4.7600E+02  3.3935E-02
  4.7700E+02  4.2757E-02
  4.7800E+02  5.1074E-02
  4.7900E+02  5.8886E-02
  4.8000E+02  8.0780E-02
  4.8100E+02  8.3672E-02
  4.8200E+02  8.4086E-02
  4.8300E+02  8.2022E-02
  4.8400E+02  6.9790E-02
  4.8500E+02  8.8838E-02
  4.8600E+02  9.4020E-02
  4.8700E+02  8.3268E-02
  4.8800E+02  8.1045E-02
  4.8900E+02  7.8827E-02
  4.9000E+02  7.6613E-02
  4.9100E+02  7.4404E-02
  4.9200E+02  7.2198E-02
  4.9300E+02  7.0042E-02
  4.9400E+02  6.8341E-02
  4.9500E+02  6.9035E-02
  4.9600E+02  7.1839E-02
  4.9700E+02  7.4104E-02
  4.9800E+02  7.5831E-02
  4.9900E+02  7.3823E-02
  5.0000E+02  6.0212E-02
  5.0100E+02  4.6021E-02
  5.0200E+02  3.5560E-02
  5.0300E+02  3.0907E-02
  5.0400E+02  2.7109E-02
  5.0500E+02  2.3584E-02
  5.0600E+02  2.0520E-02
  5.0700E+02  1.7691E-02
  5.0800E+02  1.5097E-02
  5.0900E+02  1.9621E-02
  5.1000E+02  6.0011E-03
  5.1100E+02  5.1124E-03
  5.1200E+02  4.2950E-03
  5.1300E+02  3.5487E-03
  5.1400E+02  2.8735E-03
  5.1500E+02  2.2695E-03
  5.1600E+02  1.7368E-03
  5.1700E+02  1.2751E-03
  5.1800E+02  8.8468E-04
  5.1900E+02  5.6540E-04
  5.2000E+02  3.1730E-04
  5.2100E+02  1.4036E-04
  5.2200E+02  3.4598E-05
  5.2300E+02  0.0000E+00
