 -1.6947E-05  0.0000E+00
  9.9998E-01  8.1742E-08
  2.0000E+00  3.2697E-07
  3.0000E+00  7.3568E-07
  4.0000E+00  1.3079E-06
  5.0000E+00  2.0436E-06
  6.0000E+00  2.9427E-06
  7.0000E+00  4.0054E-06
  8.0000E+00  5.2315E-06
  9.0000E+00  6.6211E-06
  1.0000E+01  8.1742E-06
  1.1000E+01  9.8908E-06
  1.2000E+01  1.1771E-05
  1.3000E+01  1.3814E-05
  1.4000E+01  1.6022E-05
  1.5000E+01  1.8392E-05
  1.6000E+01  2.0926E-05
  1.7000E+01  2.3624E-05
  1.8000E+01  2.6485E-05
  1.9000E+01  2.9509E-05
  2.0000E+01  3.2697E-05
  2.1000E+01  3.6048E-05
  2.2000E+01  3.9563E-05
  2.3000E+01  4.3242E-05
  2.4000E+01  4.7084E-05
  2.5000E+01  5.1089E-05
  2.6000E+01  5.5258E-05
  2.7000E+01  5.9590E-05
  2.8000E+01  6.4086E-05
  2.9000E+01  6.8745E-05
  3.0000E+01  7.3568E-05
  3.1000E+01  7.8554E-05
  3.2000E+01  8.3704E-05
  3.3000E+01  8.9017E-05
  3.4000E+01  9.4494E-05
  3.5000E+01  1.0013E-04
  3.6000E+01  1.0594E-04
  3.7000E+01  1.1191E-04
  3.8000E+01  1.1804E-04
  3.9000E+01  1.2433E-04
  4.0000E+01  1.3079E-04
  4.1000E+01  1.3741E-04
  4.2000E+01  1.4419E-04
  4.3000E+01  1.5114E-04
  4.4000E+01  1.5825E-04
  4.5000E+01  1.6553E-04
  4.6000E+01  1.7297E-04
  4.7000E+01  2.3824E-04
  4.8000E+01  3.2763E-04
  4.9000E+01  4.0812E-04
  5.0000E+01  4.7972E-04
  5.1000E+01  5.4242E-04
  5.2000E+01  5.9623E-04
  5.3000E+01  6.4115E-04
  5.4000E+01  6.7717E-04
  5.5000E+01  7.0430E-04
  5.6000E+01  7.2254E-04
  5.7000E+01  7.3188E-04
  5.8000E+01  7.3788E-04
  5.9000E+01  7.7494E-04
  6.0000E+01  8.1254E-04
  6.1000E+01  8.5066E-04
  6.2000E+01  8.8932E-04
  6.3000E+01  9.2851E-04
  6.4000E+01  9.6823E-04
  6.5000E+01  1.0085E-03
  6.6000E+01  1.0504E-03
  6.7000E+01  1.0951E-03
  6.8000E+01  1.1421E-03
  6.9000E+01  1.1916E-03
  7.0000E+01  1.2434E-03
  7.1000E+01  1.2977E-03
  7.2000E+01  1.3543E-03
  7.3000E+01  1.4134E-03
  7.4000E+01  1.4748E-03
  7.5000E+01  1.5400E-03
  7.6000E+01  1.6139E-03
  7.7000E+01  1.6972E-03
  7.8000E+01  1.7897E-03
  7.9000E+01  1.8916E-03
  8.0000E+01  2.0029E-03
  8.1000E+01  2.1234E-03
  8.2000E+01  2.3286E-03
  8.3000E+01  2.5701E-03
  8.4000E+01  2.7270E-03
  8.5000E+01  2.8052E-03
  8.6000E+01  3.0961E-03
  8.7000E+01  3.2545E-03
  8.8000E+01  3.1996E-03
  8.9000E+01  3.1657E-03
  9.0000E+01  3.2819E-03
  9.1000E+01  3.4516E-03
  9.2000E+01  3.6637E-03
  9.3000E+01  3.8805E-03
  9.4000E+01  4.0994E-03
  9.5000E+01  4.3202E-03
  9.6000E+01  4.5431E-03
  9.7000E+01  4.7681E-03
  9.8000E+01  4.9950E-03
  9.9000E+01  5.2251E-03
  1.0000E+02  5.4830E-03
  1.0100E+02  5.8333E-03
  1.0200E+02  6.2780E-03
  1.0300E+02  6.8111E-03
  1.0400E+02  7.4278E-03
  1.0500E+02  8.0723E-03
  1.0600E+02  9.0389E-03
  1.0700E+02  9.7109E-03
  1.0800E+02  1.0192E-02
  1.0900E+02  1.1235E-02
  1.1000E+02  1.1649E-02
  1.1100E+02  1.2381E-02
  1.1200E+02  1.4005E-02
  1.1300E+02  1.6128E-02
  1.1400E+02  1.3308E-02
  1.1500E+02  1.3716E-02
  1.1600E+02  1.4125E-02
  1.1700E+02  1.4532E-02
  1.1800E+02  1.4934E-02
  1.1900E+02  1.5341E-02
  1.2000E+02  1.5760E-02
  1.2100E+02  1.6203E-02
  1.2200E+02  1.6863E-02
  1.2300E+02  1.7348E-02
  1.2400E+02  1.7673E-02
  1.2500E+02  1.8350E-02
  1.2600E+02  1.9038E-02
  1.2700E+02  1.9780E-02
  1.2800E+02  2.2311E-02
  1.2900E+02  2.1297E-02
  1.3000E+02  2.2463E-02
  1.3100E+02  2.1945E-02
  1.3200E+02  2.2152E-02
  1.3300E+02  2.2448E-02
  1.3400E+02  2.2888E-02
  1.3500E+02  2.4597E-02
  1.3600E+02  2.8132E-02
  1.3700E+02  2.8108E-02
  1.3800E+02  2.9558E-02
  1.3900E+02  3.0849E-02
  1.4000E+02  3.1927E-02
  1.4100E+02  3.1977E-02
  1.4200E+02  3.1740E-02
  1.4300E+02  3.1358E-02
  1.4400E+02  3.0792E-02
  1.4500E+02  3.0187E-02
  1.4600E+02  2.9507E-02
  1.4700E+02  2.8865E-02
  1.4800E+02  2.8235E-02
  1.4900E+02  2.7610E-02
  1.5000E+02  2.6990E-02
  1.5100E+02  2.6852E-02
  1.5200E+02  2.5991E-02
  1.5300E+02  2.8166E-02
  1.5400E+02  2.2703E-02
  1.5500E+02  2.1045E-02
  1.5600E+02  1.9963E-02
  1.5700E+02  1.9642E-02
  1.5800E+02  1.9367E-02
  1.5900E+02  1.9185E-02
  1.6000E+02  1.8877E-02
  1.6100E+02  1.8574E-02
  1.6200E+02  1.8277E-02
  1.6300E+02  1.7987E-02
  1.6400E+02  1.7732E-02
  1.6500E+02  1.7521E-02
  1.6600E+02  1.7301E-02
  1.6700E+02  1.7058E-02
  1.6800E+02  1.6859E-02
  1.6900E+02  1.6601E-02
  1.7000E+02  1.6368E-02
  1.7100E+02  1.6170E-02
  1.7200E+02  1.5985E-02
  1.7300E+02  1.5816E-02
  1.7400E+02  1.5652E-02
  1.7500E+02  1.5492E-02
  1.7600E+02  1.5337E-02
  1.7700E+02  1.5209E-02
  1.7800E+02  1.5133E-02
  1.7900E+02  1.6259E-02
  1.8000E+02  1.6372E-02
  1.8100E+02  1.5359E-02
  1.8200E+02  1.4843E-02
  1.8300E+02  2.0084E-02
  1.8400E+02  1.4871E-02
  1.8500E+02  1.4541E-02
  1.8600E+02  1.4493E-02
  1.8700E+02  1.4439E-02
  1.8800E+02  1.4381E-02
  1.8900E+02  1.4333E-02
  1.9000E+02  1.4284E-02
  1.9100E+02  1.4717E-02
  1.9200E+02  1.4834E-02
  1.9300E+02  1.4932E-02
  1.9400E+02  1.5011E-02
  1.9500E+02  1.5071E-02
  1.9600E+02  1.5112E-02
  1.9700E+02  1.5132E-02
  1.9800E+02  1.5333E-02
  1.9900E+02  1.5685E-02
  2.0000E+02  1.6154E-02
  2.0100E+02  1.6739E-02
  2.0200E+02  1.7735E-02
  2.0300E+02  1.8146E-02
  2.0400E+02  1.7575E-02
  2.0500E+02  1.6243E-02
  2.0600E+02  1.3956E-02
  2.0700E+02  1.0415E-02
  2.0800E+02  7.6003E-03
  2.0900E+02  5.3892E-03
  2.1000E+02  3.7819E-03
  2.1100E+02  2.8309E-03
  2.1200E+02  2.1598E-03
  2.1300E+02  1.7173E-03
  2.1400E+02  1.4995E-03
  2.1500E+02  1.4887E-03
  2.1600E+02  1.5165E-03
  2.1700E+02  1.5447E-03
  2.1800E+02  1.5731E-03
  2.1900E+02  1.6018E-03
  2.2000E+02  1.6307E-03
  2.2100E+02  1.6590E-03
  2.2200E+02  1.6868E-03
  2.2300E+02  1.7140E-03
  2.2400E+02  1.7405E-03
  2.2500E+02  1.7666E-03
  2.2600E+02  1.7920E-03
  2.2700E+02  1.8168E-03
  2.2800E+02  1.8411E-03
  2.2900E+02  1.8648E-03
  2.3000E+02  1.8879E-03
  2.3100E+02  1.9104E-03
  2.3200E+02  1.9323E-03
  2.3300E+02  1.9577E-03
  2.3400E+02  1.9842E-03
  2.3500E+02  2.0115E-03
  2.3600E+02  2.0397E-03
  2.3700E+02  2.0688E-03
  2.3800E+02  2.0988E-03
  2.3900E+02  2.1297E-03
  2.4000E+02  2.1615E-03
  2.4100E+02  2.1942E-03
  2.4200E+02  2.2278E-03
  2.4300E+02  2.2623E-03
  2.4400E+02  2.2977E-03
  2.4500E+02  2.3340E-03
  2.4600E+02  2.3712E-03
  2.4700E+02  2.4090E-03
  2.4800E+02  2.4474E-03
  2.4900E+02  2.4865E-03
  2.5000E+02  2.5262E-03
  2.5100E+02  2.5666E-03
  2.5200E+02  2.6079E-03
  2.5300E+02  2.6512E-03
  2.5400E+02  2.6967E-03
  2.5500E+02  2.7445E-03
  2.5600E+02  2.7953E-03
  2.5700E+02  2.8494E-03
  2.5800E+02  2.9067E-03
  2.5900E+02  2.9653E-03
  2.6000E+02  3.0159E-03
  2.6100E+02  3.0620E-03
  2.6200E+02  3.1033E-03
  2.6300E+02  3.1399E-03
  2.6400E+02  3.1718E-03
  2.6500E+02  3.2139E-03
  2.6600E+02  3.2667E-03
  2.6700E+02  3.3197E-03
  2.6800E+02  3.3729E-03
  2.6900E+02  3.4264E-03
  2.7000E+02  3.4802E-03
  2.7100E+02  3.5342E-03
  2.7200E+02  3.5882E-03
  2.7300E+02  3.6425E-03
  2.7400E+02  3.6982E-03
  2.7500E+02  3.7552E-03
  2.7600E+02  3.8136E-03
  2.7700E+02  3.8745E-03
  2.7800E+02  3.9442E-03
  2.7900E+02  4.0176E-03
  2.8000E+02  4.0918E-03
  2.8100E+02  4.1663E-03
  2.8200E+02  4.2413E-03
  2.8300E+02  4.3225E-03
  2.8400E+02  4.4110E-03
  2.8500E+02  4.5045E-03
  2.8600E+02  4.6031E-03
  2.8700E+02  4.7066E-03
  2.8800E+02  4.8151E-03
  2.8900E+02  4.9242E-03
  2.9000E+02  5.0235E-03
  2.9100E+02  5.1124E-03
  2.9200E+02  5.1909E-03
  2.9300E+02  5.2591E-03
  2.9400E+02  5.3215E-03
  2.9500E+02  5.3959E-03
  2.9600E+02  5.4826E-03
  2.9700E+02  5.5809E-03
  2.9800E+02  5.6854E-03
  2.9900E+02  5.7930E-03
  3.0000E+02  5.9038E-03
  3.0100E+02  6.0176E-03
  3.0200E+02  6.1346E-03
  3.0300E+02  6.2546E-03
  3.0400E+02  6.3777E-03
  3.0500E+02  6.5039E-03
  3.0600E+02  6.6335E-03
  3.0700E+02  6.7667E-03
  3.0800E+02  6.8987E-03
  3.0900E+02  7.0320E-03
  3.1000E+02  7.1797E-03
  3.1100E+02  7.3432E-03
  3.1200E+02  7.5242E-03
  3.1300E+02  7.7228E-03
  3.1400E+02  7.9388E-03
  3.1500E+02  8.1723E-03
  3.1600E+02  8.4219E-03
  3.1700E+02  8.6809E-03
  3.1800E+02  8.9496E-03
  3.1900E+02  9.2277E-03
  3.2000E+02  9.5155E-03
  3.2100E+02  9.8351E-03
  3.2200E+02  1.0218E-02
  3.2300E+02  1.0653E-02
  3.2400E+02  1.1144E-02
  3.2500E+02  1.1791E-02
  3.2600E+02  1.2840E-02
  3.2700E+02  1.3579E-02
  3.2800E+02  1.4240E-02
  3.2900E+02  1.4823E-02
  3.3000E+02  1.5327E-02
  3.3100E+02  1.5753E-02
  3.3200E+02  1.5614E-02
  3.3300E+02  1.5675E-02
  3.3400E+02  1.5651E-02
  3.3500E+02  1.5514E-02
  3.3600E+02  1.5218E-02
  3.3700E+02  1.4762E-02
  3.3800E+02  1.4141E-02
  3.3900E+02  1.4762E-02
  3.4000E+02  1.2867E-02
  3.4100E+02  1.2041E-02
  3.4200E+02  1.1290E-02
  3.4300E+02  1.0613E-02
  3.4400E+02  1.0011E-02
  3.4500E+02  9.4834E-03
  3.4600E+02  9.0371E-03
  3.4700E+02  8.6597E-03
  3.4800E+02  8.3279E-03
  3.4900E+02  8.0281E-03
  3.5000E+02  7.8632E-03
  3.5100E+02  7.7199E-03
  3.5200E+02  7.3360E-03
  3.5300E+02  6.9587E-03
  3.5400E+02  6.5882E-03
  3.5500E+02  6.2243E-03
  3.5600E+02  5.8672E-03
  3.5700E+02  5.5168E-03
  3.5800E+02  5.1722E-03
  3.5900E+02  4.8035E-03
  3.6000E+02  4.5735E-03
  3.6100E+02  4.3607E-03
  3.6200E+02  4.1651E-03
  3.6300E+02  3.9867E-03
  3.6400E+02  3.8256E-03
  3.6500E+02  3.6817E-03
  3.6600E+02  3.3215E-03
  3.6700E+02  3.1423E-03
  3.6800E+02  2.9384E-03
  3.6900E+02  2.7702E-03
  3.7000E+02  2.6379E-03
  3.7100E+02  2.5415E-03
  3.7200E+02  2.4817E-03
  3.7300E+02  2.4584E-03
  3.7400E+02  2.4743E-03
  3.7500E+02  2.5586E-03
  3.7600E+02  2.7190E-03
  3.7700E+02  2.9534E-03
  3.7800E+02  3.2607E-03
  3.7900E+02  3.6407E-03
  3.8000E+02  4.1514E-03
  3.8100E+02  5.0087E-03
  3.8200E+02  5.6334E-03
  3.8300E+02  5.8524E-03
  3.8400E+02  5.7273E-03
  3.8500E+02  6.0874E-03
  3.8600E+02  6.4418E-03
  3.8700E+02  6.7905E-03
  3.8800E+02  7.1513E-03
  3.8900E+02  7.5042E-03
  3.9000E+02  8.0575E-03
  3.9100E+02  8.7459E-03
  3.9200E+02  9.1514E-03
  3.9300E+02  9.3349E-03
  3.9400E+02  9.6014E-03
  3.9500E+02  9.7766E-03
  3.9600E+02  9.9314E-03
  3.9700E+02  1.0083E-02
  3.9800E+02  1.0233E-02
  3.9900E+02  1.0379E-02
  4.0000E+02  1.0522E-02
  4.0100E+02  1.0663E-02
  4.0200E+02  1.0941E-02
  4.0300E+02  1.1336E-02
  4.0400E+02  1.1601E-02
  4.0500E+02  1.1383E-02
  4.0600E+02  1.1787E-02
  4.0700E+02  1.2298E-02
  4.0800E+02  1.2797E-02
  4.0900E+02  1.1527E-02
  4.1000E+02  1.1470E-02
  4.1100E+02  1.1449E-02
  4.1200E+02  1.1463E-02
  4.1300E+02  1.1512E-02
  4.1400E+02  1.1597E-02
  4.1500E+02  1.1720E-02
  4.1600E+02  1.1845E-02
  4.1700E+02  1.1914E-02
  4.1800E+02  1.1967E-02
  4.1900E+02  1.2006E-02
  4.2000E+02  1.2028E-02
  4.2100E+02  1.2036E-02
  4.2200E+02  1.2028E-02
  4.2300E+02  1.2004E-02
  4.2400E+02  1.2134E-02
  4.2500E+02  1.2690E-02
  4.2600E+02  1.2805E-02
  4.2700E+02  1.2715E-02
  4.2800E+02  1.2502E-02
  4.2900E+02  1.2142E-02
  4.3000E+02  1.1274E-02
  4.3100E+02  1.0319E-02
  4.3200E+02  1.0146E-02
  4.3300E+02  9.9774E-03
  4.3400E+02  9.8041E-03
  4.3500E+02  9.6037E-03
  4.3600E+02  9.3810E-03
  4.3700E+02  9.2138E-03
  4.3800E+02  9.0646E-03
  4.3900E+02  8.9183E-03
  4.4000E+02  8.7751E-03
  4.4100E+02  8.6349E-03
  4.4200E+02  8.4976E-03
  4.4300E+02  8.3634E-03
  4.4400E+02  8.2323E-03
  4.4500E+02  8.1053E-03
  4.4600E+02  7.9878E-03
  4.4700E+02  7.8803E-03
  4.4800E+02  7.7829E-03
  4.4900E+02  7.7071E-03
  4.5000E+02  7.6599E-03
  4.5100E+02  7.6284E-03
  4.5200E+02  7.6129E-03
  4.5300E+02  7.6243E-03
  4.5400E+02  7.6808E-03
  4.5500E+02  7.6324E-03
  4.5600E+02  7.5915E-03
  4.5700E+02  7.6427E-03
  4.5800E+02  7.7307E-03
  4.5900E+02  7.5876E-03
  4.6000E+02  7.1935E-03
  4.6100E+02  6.9902E-03
  4.6200E+02  6.8770E-03
  4.6300E+02  6.7643E-03
  4.6400E+02  6.6521E-03
  4.6500E+02  6.5404E-03
  4.6600E+02  6.4292E-03
  4.6700E+02  6.3185E-03
  4.6800E+02  6.2083E-03
  4.6900E+02  6.0985E-03
  4.7000E+02  5.9893E-03
  4.7100E+02  5.8806E-03
  4.7200E+02  5.7943E-03
  4.7300E+02  6.2917E-03
  4.7400E+02  1.6867E-02
  4.7500E+02  4.1501E-02
  4.7600E+02  5.7789E-02
  4.7700E+02  6.6114E-02
  4.7800E+02  1.2366E-01
  4.7900E+02  8.0801E-02
  4.8000E+02  7.1621E-02
  4.8100E+02  6.5695E-02
  4.8200E+02  6.8046E-02
  4.8300E+02  7.1070E-02
  4.8400E+02  7.1806E-02
  4.8500E+02  7.3927E-02
  4.8600E+02  6.9355E-02
  4.8700E+02  6.8401E-02
  4.8800E+02  6.7902E-02
  4.8900E+02  6.7818E-02
  4.9000E+02  6.8553E-02
  4.9100E+02  6.8764E-02
  4.9200E+02  6.9309E-02
  4.9300E+02  7.0654E-02
  4.9400E+02  7.3525E-02
  4.9500E+02  7.6007E-02
  4.9600E+02  8.4334E-02
  4.9700E+02  8.5207E-02
  4.9800E+02  7.8394E-02
  4.9900E+02  7.2325E-02
  5.0000E+02  6.5338E-02
  5.0100E+02  4.2278E-02
  5.0200E+02  3.4023E-02
  5.0300E+02  2.5701E-02
  5.0400E+02  2.2566E-02
  5.0500E+02  2.0325E-02
  5.0600E+02  1.8693E-02
  5.0700E+02  1.7353E-02
  5.0800E+02  1.6040E-02
  5.0900E+02  1.3170E-02
  5.1000E+02  1.1304E-02
  5.1100E+02  1.0028E-02
  5.1200E+02  9.0015E-03
  5.1300E+02  8.1127E-03
  5.1400E+02  7.3420E-03
  5.1500E+02  7.5521E-03
  5.1600E+02  5.9362E-03
  5.1700E+02  4.9963E-03
  5.1800E+02  3.8940E-03
  5.1900E+02  2.7208E-03
  5.2000E+02  2.4875E-03
  5.2100E+02  6.9630E-04
  5.2200E+02  1.7163E-04
  5.2300E+02  0.0000E+00
