  0.0000E+00  0.0000E+00
  1.0000E+00  2.5812E-07
  2.0000E+00  1.0325E-06
  3.0000E+00  2.3232E-06
  4.0000E+00  4.1301E-06
  5.0000E+00  6.4533E-06
  6.0000E+00  9.2927E-06
  7.0000E+00  1.2648E-05
  8.0000E+00  1.6520E-05
  9.0000E+00  2.0909E-05
  1.0000E+01  2.5813E-05
  1.1000E+01  3.1234E-05
  1.2000E+01  3.7171E-05
  1.3000E+01  4.3624E-05
  1.4000E+01  5.0594E-05
  1.5000E+01  5.8080E-05
  1.6000E+01  6.6082E-05
  1.7000E+01  7.4600E-05
  1.8000E+01  8.3635E-05
  1.9000E+01  9.3186E-05
  2.0000E+01  1.0325E-04
  2.1000E+01  1.1384E-04
  2.2000E+01  1.2494E-04
  2.3000E+01  1.3655E-04
  2.4000E+01  1.4868E-04
  2.5000E+01  1.6133E-04
  2.6000E+01  1.7450E-04
  2.7000E+01  1.8818E-04
  2.8000E+01  2.0238E-04
  2.9000E+01  2.1709E-04
  3.0000E+01  2.3232E-04
  3.1000E+01  2.4807E-04
  3.2000E+01  2.6433E-04
  3.3000E+01  2.8111E-04
  3.4000E+01  2.9840E-04
  3.5000E+01  3.1621E-04
  3.6000E+01  3.3454E-04
  3.7000E+01  3.5338E-04
  3.8000E+01  3.7274E-04
  3.9000E+01  3.9262E-04
  4.0000E+01  4.1301E-04
  4.1000E+01  4.3392E-04
  4.2000E+01  4.5535E-04
  4.3000E+01  4.7729E-04
  4.4000E+01  4.9974E-04
  4.5000E+01  5.2272E-04
  4.6000E+01  5.4621E-04
  4.7000E+01  5.7021E-04
  4.8000E+01  5.9474E-04
  4.9000E+01  6.1978E-04
  5.0000E+01  6.4533E-04
  5.1000E+01  6.7140E-04
  5.2000E+01  6.9799E-04
  5.3000E+01  7.2509E-04
  5.4000E+01  7.5271E-04
  5.5000E+01  7.8085E-04
  5.6000E+01  8.0950E-04
  5.7000E+01  8.3867E-04
  5.8000E+01  8.6836E-04
  5.9000E+01  8.9856E-04
  6.0000E+01  9.2928E-04
  6.1000E+01  9.6051E-04
  6.2000E+01  9.9226E-04
  6.3000E+01  1.0245E-03
  6.4000E+01  1.0573E-03
  6.5000E+01  1.0906E-03
  6.6000E+01  1.1244E-03
  6.7000E+01  1.1588E-03
  6.8000E+01  1.1936E-03
  6.9000E+01  1.2290E-03
  7.0000E+01  1.2648E-03
  7.1000E+01  1.3012E-03
  7.2000E+01  1.3382E-03
  7.3000E+01  1.3756E-03
  7.4000E+01  1.4135E-03
  7.5000E+01  1.4520E-03
  7.6000E+01  1.4910E-03
  7.7000E+01  1.5305E-03
  7.8000E+01  1.5705E-03
  7.9000E+01  1.6110E-03
  8.0000E+01  1.6520E-03
  8.1000E+01  1.6936E-03
  8.2000E+01  1.7357E-03
  8.3000E+01  1.7783E-03
  8.4000E+01  1.8214E-03
  8.5000E+01  1.8650E-03
  8.6000E+01  1.9091E-03
  8.7000E+01  1.9538E-03
  8.8000E+01  1.9990E-03
  8.9000E+01  2.0447E-03
  9.0000E+01  2.0909E-03
  9.1000E+01  2.1376E-03
  9.2000E+01  2.5820E-03
  9.3000E+01  3.2164E-03
  9.4000E+01  3.8511E-03
  9.5000E+01  4.4861E-03
  9.6000E+01  5.1215E-03
  9.7000E+01  5.7573E-03
  9.8000E+01  6.3934E-03
  9.9000E+01  7.0298E-03
  1.0000E+02  7.6666E-03
  1.0100E+02  8.3037E-03
  1.0200E+02  8.9412E-03
  1.0300E+02  9.5790E-03
  1.0400E+02  1.0217E-02
  1.0500E+02  1.0849E-02
  1.0600E+02  1.1474E-02
  1.0700E+02  1.2093E-02
  1.0800E+02  1.2705E-02
  1.0900E+02  1.3311E-02
  1.1000E+02  1.3910E-02
  1.1100E+02  1.4502E-02
  1.1200E+02  1.5088E-02
  1.1300E+02  1.5667E-02
  1.1400E+02  1.6240E-02
  1.1500E+02  1.6806E-02
  1.1600E+02  1.7365E-02
  1.1700E+02  1.7918E-02
  1.1800E+02  1.8464E-02
  1.1900E+02  1.9003E-02
  1.2000E+02  1.9536E-02
  1.2100E+02  2.0062E-02
  1.2200E+02  2.0582E-02
  1.2300E+02  2.1095E-02
  1.2400E+02  2.1513E-02
  1.2500E+02  2.2045E-02
  1.2600E+02  2.2705E-02
  1.2700E+02  2.3491E-02
  1.2800E+02  2.4404E-02
  1.2900E+02  2.5444E-02
  1.3000E+02  2.6612E-02
  1.3100E+02  2.7906E-02
  1.3200E+02  2.9328E-02
  1.3300E+02  3.0876E-02
  1.3400E+02  3.3982E-01
  1.3500E+02  1.6548E-02
  1.3600E+02  1.6350E-02
  1.3700E+02  1.6160E-02
  1.3800E+02  1.5977E-02
  1.3900E+02  1.5802E-02
  1.4000E+02  1.5634E-02
  1.4100E+02  1.5473E-02
  1.4200E+02  1.5320E-02
  1.4300E+02  1.5175E-02
  1.4400E+02  1.5037E-02
  1.4500E+02  1.4906E-02
  1.4600E+02  1.4783E-02
  1.4700E+02  1.4667E-02
  1.4800E+02  1.4559E-02
  1.4900E+02  1.4458E-02
  1.5000E+02  1.4365E-02
  1.5100E+02  1.4279E-02
  1.5200E+02  1.4200E-02
  1.5300E+02  1.4129E-02
  1.5400E+02  1.4066E-02
  1.5500E+02  1.4010E-02
  1.5600E+02  1.3961E-02
  1.5700E+02  1.3920E-02
  1.5800E+02  1.3886E-02
  1.5900E+02  1.3860E-02
  1.6000E+02  1.3841E-02
  1.6100E+02  1.3830E-02
  1.6200E+02  1.3826E-02
  1.6300E+02  1.3830E-02
  1.6400E+02  1.3841E-02
  1.6500E+02  1.3859E-02
  1.6600E+02  1.3885E-02
  1.6700E+02  1.3919E-02
  1.6800E+02  1.3960E-02
  1.6900E+02  1.4008E-02
  1.7000E+02  1.4064E-02
  1.7100E+02  1.4127E-02
  1.7200E+02  1.4198E-02
  1.7300E+02  1.4276E-02
  1.7400E+02  1.4361E-02
  1.7500E+02  1.4454E-02
  1.7600E+02  1.4555E-02
  1.7700E+02  1.4663E-02
  1.7800E+02  1.4778E-02
  1.7900E+02  1.4901E-02
  1.8000E+02  1.5031E-02
  1.8100E+02  1.5169E-02
  1.8200E+02  1.5315E-02
  1.8300E+02  1.5467E-02
  1.8400E+02  1.5627E-02
  1.8500E+02  1.5795E-02
  1.8600E+02  1.5970E-02
  1.8700E+02  1.6153E-02
  1.8800E+02  1.6343E-02
  1.8900E+02  1.6540E-02
  1.9000E+02  1.6745E-02
  1.9100E+02  1.6957E-02
  1.9200E+02  1.7177E-02
  1.9300E+02  7.7518E-02
  1.9400E+02  7.3316E-02
  1.9500E+02  4.2841E-02
  1.9600E+02  3.1177E-02
  1.9700E+02  8.1399E-03
  1.9800E+02  4.2380E-04
  1.9900E+02  4.2809E-04
  2.0000E+02  4.3241E-04
  2.0100E+02  4.3674E-04
  2.0200E+02  4.4110E-04
  2.0300E+02  4.4548E-04
  2.0400E+02  4.4988E-04
  2.0500E+02  4.5430E-04
  2.0600E+02  4.5874E-04
  2.0700E+02  4.6320E-04
  2.0800E+02  4.6769E-04
  2.0900E+02  4.7220E-04
  2.1000E+02  4.7673E-04
  2.1100E+02  4.8128E-04
  2.1200E+02  4.8585E-04
  2.1300E+02  4.9045E-04
  2.1400E+02  4.9506E-04
  2.1500E+02  4.9970E-04
  2.1600E+02  5.0436E-04
  2.1700E+02  5.0904E-04
  2.1800E+02  5.1374E-04
  2.1900E+02  5.1847E-04
  2.2000E+02  5.2321E-04
  2.2100E+02  5.2798E-04
  2.2200E+02  5.3277E-04
  2.2300E+02  5.3758E-04
  2.2400E+02  5.4241E-04
  2.2500E+02  5.4726E-04
  2.2600E+02  5.5214E-04
  2.2700E+02  5.5704E-04
  2.2800E+02  5.6195E-04
  2.2900E+02  5.6690E-04
  2.3000E+02  5.7186E-04
  2.3100E+02  5.7684E-04
  2.3200E+02  5.8185E-04
  2.3300E+02  5.8687E-04
  2.3400E+02  6.0060E-04
  2.3500E+02  1.5289E-03
  2.3600E+02  2.3181E-03
  2.3700E+02  2.9683E-03
  2.3800E+02  3.4795E-03
  2.3900E+02  3.8515E-03
  2.4000E+02  4.0845E-03
  2.4100E+02  4.1785E-03
  2.4200E+02  4.1334E-03
  2.4300E+02  3.9492E-03
  2.4400E+02  3.6260E-03
  2.4500E+02  3.1638E-03
  2.4600E+02  2.5884E-03
  2.4700E+02  2.6619E-03
  2.4800E+02  2.7363E-03
  2.4900E+02  2.8117E-03
  2.5000E+02  2.8881E-03
  2.5100E+02  2.9655E-03
  2.5200E+02  3.0439E-03
  2.5300E+02  3.1233E-03
  2.5400E+02  3.2037E-03
  2.5500E+02  3.2850E-03
  2.5600E+02  3.3673E-03
  2.5700E+02  3.4507E-03
  2.5800E+02  3.5350E-03
  2.5900E+02  3.6203E-03
  2.6000E+02  3.7065E-03
  2.6100E+02  3.7938E-03
  2.6200E+02  3.8821E-03
  2.6300E+02  3.9713E-03
  2.6400E+02  4.0615E-03
  2.6500E+02  4.1527E-03
  2.6600E+02  4.2449E-03
  2.6700E+02  4.3381E-03
  2.6800E+02  4.4323E-03
  2.6900E+02  4.5274E-03
  2.7000E+02  4.6236E-03
  2.7100E+02  4.7207E-03
  2.7200E+02  4.8188E-03
  2.7300E+02  4.9179E-03
  2.7400E+02  5.0180E-03
  2.7500E+02  5.1191E-03
  2.7600E+02  5.2212E-03
  2.7700E+02  5.3242E-03
  2.7800E+02  5.4283E-03
  2.7900E+02  5.5333E-03
  2.8000E+02  5.6393E-03
  2.8100E+02  5.7463E-03
  2.8200E+02  5.8543E-03
  2.8300E+02  5.9633E-03
  2.8400E+02  6.0732E-03
  2.8500E+02  6.1842E-03
  2.8600E+02  6.2961E-03
  2.8700E+02  6.4090E-03
  2.8800E+02  6.5229E-03
  2.8900E+02  6.8322E-03
  2.9000E+02  7.1877E-03
  2.9100E+02  7.5293E-03
  2.9200E+02  7.8571E-03
  2.9300E+02  8.1709E-03
  2.9400E+02  8.4708E-03
  2.9500E+02  8.7568E-03
  2.9600E+02  9.0290E-03
  2.9700E+02  9.2872E-03
  2.9800E+02  9.5315E-03
  2.9900E+02  9.7620E-03
  3.0000E+02  9.9785E-03
  3.0100E+02  1.0181E-02
  3.0200E+02  1.0370E-02
  3.0300E+02  1.0545E-02
  3.0400E+02  1.0706E-02
  3.0500E+02  1.0853E-02
  3.0600E+02  1.0986E-02
  3.0700E+02  1.1105E-02
  3.0800E+02  1.1211E-02
  3.0900E+02  1.1302E-02
  3.1000E+02  1.1380E-02
  3.1100E+02  1.1443E-02
  3.1200E+02  1.1493E-02
  3.1300E+02  1.1529E-02
  3.1400E+02  1.1551E-02
  3.1500E+02  1.1559E-02
  3.1600E+02  1.1553E-02
  3.1700E+02  1.1534E-02
  3.1800E+02  1.1500E-02
  3.1900E+02  1.1452E-02
  3.2000E+02  1.1391E-02
  3.2100E+02  1.1316E-02
  3.2200E+02  1.1227E-02
  3.2300E+02  1.1123E-02
  3.2400E+02  1.1006E-02
  3.2500E+02  1.0962E-02
  3.2600E+02  1.0984E-02
  3.2700E+02  1.0992E-02
  3.2800E+02  1.0988E-02
  3.2900E+02  1.0969E-02
  3.3000E+02  1.0937E-02
  3.3100E+02  1.0892E-02
  3.3200E+02  1.0833E-02
  3.3300E+02  1.0761E-02
  3.3400E+02  1.0675E-02
  3.3500E+02  1.0575E-02
  3.3600E+02  1.0462E-02
  3.3700E+02  1.0336E-02
  3.3800E+02  1.0196E-02
  3.3900E+02  1.0042E-02
  3.4000E+02  9.8752E-03
  3.4100E+02  9.6947E-03
  3.4200E+02  9.5006E-03
  3.4300E+02  9.2931E-03
  3.4400E+02  9.0720E-03
  3.4500E+02  8.8374E-03
  3.4600E+02  8.5893E-03
  3.4700E+02  8.3276E-03
  3.4800E+02  8.0525E-03
  3.4900E+02  7.7638E-03
  3.5000E+02  7.4616E-03
  3.5100E+02  7.1459E-03
  3.5200E+02  6.8167E-03
  3.5300E+02  6.4740E-03
  3.5400E+02  6.1178E-03
  3.5500E+02  5.7480E-03
  3.5600E+02  5.3648E-03
  3.5700E+02  4.9680E-03
  3.5800E+02  4.5577E-03
  3.5900E+02  4.1339E-03
  3.6000E+02  3.6965E-03
  3.6100E+02  3.3237E-03
  3.6200E+02  3.1387E-03
  3.6300E+02  2.9710E-03
  3.6400E+02  2.8208E-03
  3.6500E+02  2.6878E-03
  3.6600E+02  2.5723E-03
  3.6700E+02  2.4741E-03
  3.6800E+02  2.3933E-03
  3.6900E+02  2.3299E-03
  3.7000E+02  2.2838E-03
  3.7100E+02  2.2551E-03
  3.7200E+02  2.2438E-03
  3.7300E+02  2.2498E-03
  3.7400E+02  2.2732E-03
  3.7500E+02  2.3140E-03
  3.7600E+02  2.3720E-03
  3.7700E+02  2.4393E-03
  3.7800E+02  2.5112E-03
  3.7900E+02  2.5876E-03
  3.8000E+02  2.6686E-03
  3.8100E+02  2.7541E-03
  3.8200E+02  2.8442E-03
  3.8300E+02  2.9389E-03
  3.8400E+02  3.0381E-03
  3.8500E+02  3.1419E-03
  3.8600E+02  3.2502E-03
  3.8700E+02  3.3631E-03
  3.8800E+02  3.4805E-03
  3.8900E+02  3.6026E-03
  3.9000E+02  3.7291E-03
  3.9100E+02  3.8603E-03
  3.9200E+02  3.9959E-03
  3.9300E+02  4.1362E-03
  3.9400E+02  4.2810E-03
  3.9500E+02  4.4304E-03
  3.9600E+02  4.5843E-03
  3.9700E+02  4.7428E-03
  3.9800E+02  4.9058E-03
  3.9900E+02  5.0734E-03
  4.0000E+02  5.2455E-03
  4.0100E+02  5.4223E-03
  4.0200E+02  5.6035E-03
  4.0300E+02  5.7894E-03
  4.0400E+02  5.9797E-03
  4.0500E+02  6.1747E-03
  4.0600E+02  6.3742E-03
  4.0700E+02  6.5783E-03
  4.0800E+02  6.7869E-03
  4.0900E+02  7.0001E-03
  4.1000E+02  7.2178E-03
  4.1100E+02  7.4401E-03
  4.1200E+02  7.6670E-03
  4.1300E+02  7.8984E-03
  4.1400E+02  8.1343E-03
  4.1500E+02  8.3749E-03
  4.1600E+02  8.6200E-03
  4.1700E+02  9.0917E-03
  4.1800E+02  1.0441E-02
  4.1900E+02  1.2710E-02
  4.2000E+02  1.5899E-02
  4.2100E+02  2.0007E-02
  4.2200E+02  2.5035E-02
  4.2300E+02  3.0983E-02
  4.2400E+02  4.6084E-02
  4.2500E+02  5.1142E-02
  4.2600E+02  4.6055E-02
  4.2700E+02  3.9048E-02
  4.2800E+02  3.0493E-02
  4.2900E+02  2.0392E-02
  4.3000E+02  1.0935E-02
  4.3100E+02  1.0761E-02
  4.3200E+02  1.0589E-02
  4.3300E+02  1.0418E-02
  4.3400E+02  1.0248E-02
  4.3500E+02  1.0080E-02
  4.3600E+02  9.9136E-03
  4.3700E+02  9.7486E-03
  4.3800E+02  9.5850E-03
  4.3900E+02  9.4230E-03
  4.4000E+02  9.2624E-03
  4.4100E+02  9.1034E-03
  4.4200E+02  8.9458E-03
  4.4300E+02  8.7897E-03
  4.4400E+02  8.6352E-03
  4.4500E+02  8.4821E-03
  4.4600E+02  8.3305E-03
  4.4700E+02  8.1804E-03
  4.4800E+02  8.0318E-03
  4.4900E+02  7.8847E-03
  4.5000E+02  7.7391E-03
  4.5100E+02  7.5950E-03
  4.5200E+02  7.4524E-03
  4.5300E+02  7.3112E-03
  4.5400E+02  7.1716E-03
  4.5500E+02  7.0335E-03
  4.5600E+02  6.8968E-03
  4.5700E+02  6.7617E-03
  4.5800E+02  6.6280E-03
  4.5900E+02  6.4958E-03
  4.6000E+02  6.3652E-03
  4.6100E+02  6.2360E-03
  4.6200E+02  6.1083E-03
  4.6300E+02  5.9821E-03
  4.6400E+02  5.8574E-03
  4.6500E+02  5.7342E-03
  4.6600E+02  5.6125E-03
  4.6700E+02  5.4923E-03
  4.6800E+02  5.3736E-03
  4.6900E+02  5.2564E-03
  4.7000E+02  5.1406E-03
  4.7100E+02  5.0264E-03
  4.7200E+02  4.9137E-03
  4.7300E+02  4.9271E-03
  4.7400E+02  6.8302E-03
  4.7500E+02  1.1195E-02
  4.7600E+02  1.8020E-02
  4.7700E+02  2.7307E-02
  4.7800E+02  3.9055E-02
  4.7900E+02  5.3265E-02
  4.8000E+02  1.1066E-01
  4.8100E+02  1.0402E-01
  4.8200E+02  9.5763E-02
  4.8300E+02  8.5906E-02
  4.8400E+02  7.4443E-02
  4.8500E+02  6.1753E-02
  4.8600E+02  6.2968E-02
  4.8700E+02  6.5117E-02
  4.8800E+02  6.7093E-02
  4.8900E+02  6.8897E-02
  4.9000E+02  7.0527E-02
  4.9100E+02  7.1984E-02
  4.9200E+02  7.3268E-02
  4.9300E+02  7.7677E-02
  4.9400E+02  8.0805E-02
  4.9500E+02  8.2926E-02
  4.9600E+02  8.3432E-02
  4.9700E+02  8.2063E-02
  4.9800E+02  7.8819E-02
  4.9900E+02  7.3701E-02
  5.0000E+02  6.6708E-02
  5.0100E+02  5.7443E-02
  5.0200E+02  4.9816E-02
  5.0300E+02  4.1814E-02
  5.0400E+02  3.1244E-02
  5.0500E+02  1.8104E-02
  5.0600E+02  1.0161E-02
  5.0700E+02  9.0001E-03
  5.0800E+02  7.9093E-03
  5.0900E+02  6.8890E-03
  5.1000E+02  5.9391E-03
  5.1100E+02  5.0596E-03
  5.1200E+02  4.2506E-03
  5.1300E+02  3.5120E-03
  5.1400E+02  2.8438E-03
  5.1500E+02  2.2461E-03
  5.1600E+02  1.7188E-03
  5.1700E+02  1.2620E-03
  5.1800E+02  8.7554E-04
  5.1900E+02  5.5956E-04
  5.2000E+02  3.1401E-04
  5.2100E+02  1.3891E-04
  5.2200E+02  3.4240E-05
  5.2300E+02  0.0000E+00
