  0.0000E+00  0.0000E+00
  1.0000E+00  1.1322E-07
  2.0000E+00  4.5287E-07
  3.0000E+00  1.0190E-06
  4.0000E+00  1.8115E-06
  5.0000E+00  2.8305E-06
  6.0000E+00  4.0759E-06
  7.0000E+00  5.5477E-06
  8.0000E+00  7.2460E-06
  9.0000E+00  9.1707E-06
  1.0000E+01  1.1322E-05
  1.1000E+01  1.3699E-05
  1.2000E+01  1.6303E-05
  1.3000E+01  1.9134E-05
  1.4000E+01  2.2191E-05
  1.5000E+01  2.5474E-05
  1.6000E+01  2.8984E-05
  1.7000E+01  3.2720E-05
  1.8000E+01  3.6683E-05
  1.9000E+01  4.0872E-05
  2.0000E+01  4.5287E-05
  2.1000E+01  4.9929E-05
  2.2000E+01  5.4798E-05
  2.3000E+01  5.9893E-05
  2.4000E+01  6.5214E-05
  2.5000E+01  7.0762E-05
  2.6000E+01  7.6536E-05
  2.7000E+01  8.2536E-05
  2.8000E+01  8.8763E-05
  2.9000E+01  9.5217E-05
  3.0000E+01  1.0190E-04
  3.1000E+01  1.0880E-04
  3.2000E+01  1.1594E-04
  3.3000E+01  1.2330E-04
  3.4000E+01  1.3088E-04
  3.5000E+01  1.3869E-04
  3.6000E+01  1.4673E-04
  3.7000E+01  1.5500E-04
  3.8000E+01  1.6349E-04
  3.9000E+01  1.7221E-04
  4.0000E+01  1.8115E-04
  4.1000E+01  1.9032E-04
  4.2000E+01  1.9972E-04
  4.3000E+01  2.0934E-04
  4.4000E+01  2.1919E-04
  4.5000E+01  2.2927E-04
  4.6000E+01  2.3957E-04
  4.7000E+01  2.5010E-04
  4.8000E+01  2.6086E-04
  4.9000E+01  2.7184E-04
  5.0000E+01  2.8305E-04
  5.1000E+01  2.9448E-04
  5.2000E+01  3.0614E-04
  5.3000E+01  3.1803E-04
  5.4000E+01  3.3015E-04
  5.5000E+01  3.4249E-04
  5.6000E+01  3.5505E-04
  5.7000E+01  3.6785E-04
  5.8000E+01  3.8087E-04
  5.9000E+01  3.9411E-04
  6.0000E+01  4.0759E-04
  6.1000E+01  4.2611E-04
  6.2000E+01  5.6147E-04
  6.3000E+01  6.9173E-04
  6.4000E+01  8.1689E-04
  6.5000E+01  9.3694E-04
  6.6000E+01  1.0519E-03
  6.7000E+01  1.1617E-03
  6.8000E+01  1.2665E-03
  6.9000E+01  1.3661E-03
  7.0000E+01  1.4607E-03
  7.1000E+01  1.5501E-03
  7.2000E+01  1.6345E-03
  7.3000E+01  1.7137E-03
  7.4000E+01  1.7879E-03
  7.5000E+01  1.8569E-03
  7.6000E+01  1.9208E-03
  7.7000E+01  1.9797E-03
  7.8000E+01  2.0334E-03
  7.9000E+01  2.0820E-03
  8.0000E+01  2.1386E-03
  8.1000E+01  2.2193E-03
  8.2000E+01  2.3016E-03
  8.3000E+01  2.3856E-03
  8.4000E+01  2.4713E-03
  8.5000E+01  2.5586E-03
  8.6000E+01  2.6476E-03
  8.7000E+01  2.7383E-03
  8.8000E+01  2.8306E-03
  8.9000E+01  2.9246E-03
  9.0000E+01  3.0464E-03
  9.1000E+01  3.2221E-03
  9.2000E+01  3.4361E-03
  9.3000E+01  3.6617E-03
  9.4000E+01  3.8968E-03
  9.5000E+01  4.1415E-03
  9.6000E+01  4.3958E-03
  9.7000E+01  4.6597E-03
  9.8000E+01  4.9331E-03
  9.9000E+01  5.2161E-03
  1.0000E+02  5.5087E-03
  1.0100E+02  5.8140E-03
  1.0200E+02  6.1816E-03
  1.0300E+02  6.6285E-03
  1.0400E+02  7.1480E-03
  1.0500E+02  7.6833E-03
  1.0600E+02  8.2017E-03
  1.0700E+02  8.7130E-03
  1.0800E+02  9.2362E-03
  1.0900E+02  9.7711E-03
  1.1000E+02  1.0318E-02
  1.1100E+02  1.0876E-02
  1.1200E+02  1.1447E-02
  1.1300E+02  1.2029E-02
  1.1400E+02  1.2764E-02
  1.1500E+02  1.5127E-02
  1.1600E+02  1.5371E-02
  1.1700E+02  1.6227E-02
  1.1800E+02  1.6997E-02
  1.1900E+02  1.7777E-02
  1.2000E+02  2.1836E-02
  1.2100E+02  1.6944E-02
  1.2200E+02  1.7000E-02
  1.2300E+02  1.7216E-02
  1.2400E+02  1.7751E-02
  1.2500E+02  1.8454E-02
  1.2600E+02  1.8959E-02
  1.2700E+02  1.9264E-02
  1.2800E+02  1.9372E-02
  1.2900E+02  1.9317E-02
  1.3000E+02  1.9650E-02
  1.3100E+02  1.9986E-02
  1.3200E+02  2.3047E-02
  1.3300E+02  2.5485E-02
  1.3400E+02  2.6553E-02
  1.3500E+02  2.6744E-02
  1.3600E+02  2.7378E-02
  1.3700E+02  2.8061E-02
  1.3800E+02  2.8869E-02
  1.3900E+02  2.9284E-02
  1.4000E+02  2.9148E-02
  1.4100E+02  2.8891E-02
  1.4200E+02  2.8633E-02
  1.4300E+02  2.9089E-02
  1.4400E+02  2.9552E-02
  1.4500E+02  2.9503E-02
  1.4600E+02  2.9295E-02
  1.4700E+02  2.8750E-02
  1.4800E+02  2.7862E-02
  1.4900E+02  2.7408E-02
  1.5000E+02  3.0849E-02
  1.5100E+02  2.8550E-02
  1.5200E+02  2.5859E-02
  1.5300E+02  2.5500E-02
  1.5400E+02  2.5219E-02
  1.5500E+02  2.4910E-02
  1.5600E+02  2.4516E-02
  1.5700E+02  2.4037E-02
  1.5800E+02  2.3473E-02
  1.5900E+02  2.2888E-02
  1.6000E+02  2.2553E-02
  1.6100E+02  2.2215E-02
  1.6200E+02  2.1886E-02
  1.6300E+02  2.1594E-02
  1.6400E+02  2.1340E-02
  1.6500E+02  2.1123E-02
  1.6600E+02  2.7989E-02
  1.6700E+02  2.2462E-02
  1.6800E+02  1.7024E-02
  1.6900E+02  1.4957E-02
  1.7000E+02  1.4846E-02
  1.7100E+02  1.4744E-02
  1.7200E+02  1.4652E-02
  1.7300E+02  1.4570E-02
  1.7400E+02  1.4497E-02
  1.7500E+02  1.4434E-02
  1.7600E+02  1.4381E-02
  1.7700E+02  1.4342E-02
  1.7800E+02  1.4316E-02
  1.7900E+02  1.4299E-02
  1.8000E+02  1.4291E-02
  1.8100E+02  1.4317E-02
  1.8200E+02  1.4371E-02
  1.8300E+02  1.4424E-02
  1.8400E+02  1.4476E-02
  1.8500E+02  1.4529E-02
  1.8600E+02  1.4581E-02
  1.8700E+02  1.4633E-02
  1.8800E+02  1.4665E-02
  1.8900E+02  1.4670E-02
  1.9000E+02  1.4689E-02
  1.9100E+02  1.4721E-02
  1.9200E+02  1.4767E-02
  1.9300E+02  1.4828E-02
  1.9400E+02  1.4908E-02
  1.9500E+02  1.5011E-02
  1.9600E+02  1.5164E-02
  1.9700E+02  1.5369E-02
  1.9800E+02  1.5655E-02
  1.9900E+02  1.6093E-02
  2.0000E+02  1.6687E-02
  2.0100E+02  1.7437E-02
  2.0200E+02  1.8342E-02
  2.0300E+02  1.7607E-02
  2.0400E+02  1.5509E-02
  2.0500E+02  1.2364E-02
  2.0600E+02  7.7853E-03
  2.0700E+02  2.2672E-03
  2.0800E+02  1.2805E-03
  2.0900E+02  1.2999E-03
  2.1000E+02  1.3199E-03
  2.1100E+02  1.3403E-03
  2.1200E+02  1.3612E-03
  2.1300E+02  1.3827E-03
  2.1400E+02  1.4046E-03
  2.1500E+02  1.4271E-03
  2.1600E+02  1.4501E-03
  2.1700E+02  1.4735E-03
  2.1800E+02  1.4975E-03
  2.1900E+02  1.5220E-03
  2.2000E+02  1.5470E-03
  2.2100E+02  1.5725E-03
  2.2200E+02  1.5985E-03
  2.2300E+02  1.6251E-03
  2.2400E+02  1.6521E-03
  2.2500E+02  1.6796E-03
  2.2600E+02  1.7077E-03
  2.2700E+02  1.7362E-03
  2.2800E+02  1.7653E-03
  2.2900E+02  1.7948E-03
  2.3000E+02  1.8249E-03
  2.3100E+02  1.8555E-03
  2.3200E+02  1.8865E-03
  2.3300E+02  1.9181E-03
  2.3400E+02  1.9502E-03
  2.3500E+02  1.9832E-03
  2.3600E+02  2.0173E-03
  2.3700E+02  2.0527E-03
  2.3800E+02  2.0892E-03
  2.3900E+02  2.1270E-03
  2.4000E+02  2.1659E-03
  2.4100E+02  2.2061E-03
  2.4200E+02  2.2475E-03
  2.4300E+02  2.2900E-03
  2.4400E+02  2.3338E-03
  2.4500E+02  2.3787E-03
  2.4600E+02  2.4249E-03
  2.4700E+02  2.4721E-03
  2.4800E+02  2.5204E-03
  2.4900E+02  2.5698E-03
  2.5000E+02  2.6137E-03
  2.5100E+02  2.6532E-03
  2.5200E+02  2.6887E-03
  2.5300E+02  2.7203E-03
  2.5400E+02  2.7478E-03
  2.5500E+02  2.7714E-03
  2.5600E+02  2.7910E-03
  2.5700E+02  2.8066E-03
  2.5800E+02  2.8389E-03
  2.5900E+02  2.8880E-03
  2.6000E+02  2.9377E-03
  2.6100E+02  2.9881E-03
  2.6200E+02  3.0391E-03
  2.6300E+02  3.0908E-03
  2.6400E+02  3.1431E-03
  2.6500E+02  3.1961E-03
  2.6600E+02  3.2497E-03
  2.6700E+02  3.3039E-03
  2.6800E+02  3.3588E-03
  2.6900E+02  3.4143E-03
  2.7000E+02  3.4705E-03
  2.7100E+02  3.5273E-03
  2.7200E+02  3.5848E-03
  2.7300E+02  3.6429E-03
  2.7400E+02  3.7017E-03
  2.7500E+02  3.7611E-03
  2.7600E+02  3.8211E-03
  2.7700E+02  3.8818E-03
  2.7800E+02  3.9431E-03
  2.7900E+02  4.0051E-03
  2.8000E+02  4.0677E-03
  2.8100E+02  4.1310E-03
  2.8200E+02  4.1949E-03
  2.8300E+02  4.2594E-03
  2.8400E+02  4.3246E-03
  2.8500E+02  4.3903E-03
  2.8600E+02  4.4745E-03
  2.8700E+02  4.5946E-03
  2.8800E+02  4.7505E-03
  2.8900E+02  4.9257E-03
  2.9000E+02  5.0823E-03
  2.9100E+02  5.2183E-03
  2.9200E+02  5.3349E-03
  2.9300E+02  5.4493E-03
  2.9400E+02  5.5614E-03
  2.9500E+02  5.6713E-03
  2.9600E+02  5.7788E-03
  2.9700E+02  5.8841E-03
  2.9800E+02  5.9871E-03
  2.9900E+02  6.0879E-03
  3.0000E+02  6.1914E-03
  3.0100E+02  6.3097E-03
  3.0200E+02  6.4357E-03
  3.0300E+02  6.5695E-03
  3.0400E+02  6.7111E-03
  3.0500E+02  6.8604E-03
  3.0600E+02  7.0174E-03
  3.0700E+02  7.1822E-03
  3.0800E+02  7.3548E-03
  3.0900E+02  7.5350E-03
  3.1000E+02  7.7231E-03
  3.1100E+02  7.9188E-03
  3.1200E+02  8.1224E-03
  3.1300E+02  8.3336E-03
  3.1400E+02  8.5526E-03
  3.1500E+02  8.7794E-03
  3.1600E+02  9.0139E-03
  3.1700E+02  9.2561E-03
  3.1800E+02  9.5061E-03
  3.1900E+02  9.7638E-03
  3.2000E+02  1.0029E-02
  3.2100E+02  1.0303E-02
  3.2200E+02  1.0584E-02
  3.2300E+02  1.0872E-02
  3.2400E+02  1.1174E-02
  3.2500E+02  1.1526E-02
  3.2600E+02  1.2080E-02
  3.2700E+02  1.2850E-02
  3.2800E+02  1.4018E-02
  3.2900E+02  1.5300E-02
  3.3000E+02  1.6606E-02
  3.3100E+02  1.7775E-02
  3.3200E+02  1.8425E-02
  3.3300E+02  1.8550E-02
  3.3400E+02  1.8709E-02
  3.3500E+02  1.7766E-02
  3.3600E+02  1.6815E-02
  3.3700E+02  1.5857E-02
  3.3800E+02  1.4891E-02
  3.3900E+02  1.3918E-02
  3.4000E+02  1.2938E-02
  3.4100E+02  1.1949E-02
  3.4200E+02  1.0954E-02
  3.4300E+02  9.9508E-03
  3.4400E+02  9.0128E-03
  3.4500E+02  8.4996E-03
  3.4600E+02  8.1652E-03
  3.4700E+02  7.8403E-03
  3.4800E+02  7.5247E-03
  3.4900E+02  7.2185E-03
  3.5000E+02  6.9217E-03
  3.5100E+02  6.6342E-03
  3.5200E+02  6.3562E-03
  3.5300E+02  6.0875E-03
  3.5400E+02  5.8282E-03
  3.5500E+02  5.5783E-03
  3.5600E+02  5.3378E-03
  3.5700E+02  5.1066E-03
  3.5800E+02  4.8849E-03
  3.5900E+02  4.6725E-03
  3.6000E+02  4.4695E-03
  3.6100E+02  4.2757E-03
  3.6200E+02  4.0883E-03
  3.6300E+02  3.9064E-03
  3.6400E+02  3.7299E-03
  3.6500E+02  3.5588E-03
  3.6600E+02  3.3932E-03
  3.6700E+02  3.2330E-03
  3.6800E+02  3.0783E-03
  3.6900E+02  2.9904E-03
  3.7000E+02  2.9484E-03
  3.7100E+02  2.8433E-03
  3.7200E+02  2.7378E-03
  3.7300E+02  2.6456E-03
  3.7400E+02  2.5665E-03
  3.7500E+02  2.5007E-03
  3.7600E+02  2.4480E-03
  3.7700E+02  2.4072E-03
  3.7800E+02  2.3773E-03
  3.7900E+02  2.3583E-03
  3.8000E+02  2.3503E-03
  3.8100E+02  2.3532E-03
  3.8200E+02  2.3671E-03
  3.8300E+02  2.4055E-03
  3.8400E+02  2.5387E-03
  3.8500E+02  2.7766E-03
  3.8600E+02  3.1192E-03
  3.8700E+02  3.5665E-03
  3.8800E+02  4.2601E-03
  3.8900E+02  5.2659E-03
  3.9000E+02  6.5476E-03
  3.9100E+02  8.1053E-03
  3.9200E+02  9.9388E-03
  3.9300E+02  1.2107E-02
  3.9400E+02  1.2998E-02
  3.9500E+02  1.1543E-02
  3.9600E+02  1.0903E-02
  3.9700E+02  1.0738E-02
  3.9800E+02  1.0646E-02
  3.9900E+02  1.0629E-02
  4.0000E+02  1.0686E-02
  4.0100E+02  1.0742E-02
  4.0200E+02  1.0770E-02
  4.0300E+02  1.0843E-02
  4.0400E+02  1.0961E-02
  4.0500E+02  1.1125E-02
  4.0600E+02  1.1249E-02
  4.0700E+02  1.1364E-02
  4.0800E+02  1.1473E-02
  4.0900E+02  1.1576E-02
  4.1000E+02  1.1673E-02
  4.1100E+02  1.1764E-02
  4.1200E+02  1.1849E-02
  4.1300E+02  1.1927E-02
  4.1400E+02  1.2000E-02
  4.1500E+02  1.2067E-02
  4.1600E+02  1.2127E-02
  4.1700E+02  1.2184E-02
  4.1800E+02  1.2241E-02
  4.1900E+02  1.2300E-02
  4.2000E+02  1.2361E-02
  4.2100E+02  1.2424E-02
  4.2200E+02  1.2488E-02
  4.2300E+02  1.2554E-02
  4.2400E+02  1.4026E-02
  4.2500E+02  1.5279E-02
  4.2600E+02  1.5564E-02
  4.2700E+02  1.5650E-02
  4.2800E+02  1.5528E-02
  4.2900E+02  1.5083E-02
  4.3000E+02  1.4445E-02
  4.3100E+02  1.2075E-02
  4.3200E+02  1.0936E-02
  4.3300E+02  1.0528E-02
  4.3400E+02  1.0094E-02
  4.3500E+02  9.6540E-03
  4.3600E+02  9.5126E-03
  4.3700E+02  9.3729E-03
  4.3800E+02  9.2347E-03
  4.3900E+02  9.0981E-03
  4.4000E+02  8.9630E-03
  4.4100E+02  8.8296E-03
  4.4200E+02  8.6977E-03
  4.4300E+02  8.5674E-03
  4.4400E+02  8.4387E-03
  4.4500E+02  8.3115E-03
  4.4600E+02  8.1859E-03
  4.4700E+02  8.0619E-03
  4.4800E+02  7.9395E-03
  4.4900E+02  7.8186E-03
  4.5000E+02  7.6993E-03
  4.5100E+02  7.5816E-03
  4.5200E+02  7.4655E-03
  4.5300E+02  7.3509E-03
  4.5400E+02  7.2379E-03
  4.5500E+02  7.1265E-03
  4.5600E+02  7.0167E-03
  4.5700E+02  6.9084E-03
  4.5800E+02  6.8017E-03
  4.5900E+02  6.7283E-03
  4.6000E+02  6.7795E-03
  4.6100E+02  6.8852E-03
  4.6200E+02  6.8759E-03
  4.6300E+02  6.9345E-03
  4.6400E+02  7.0609E-03
  4.6500E+02  7.9354E-03
  4.6600E+02  1.0784E-02
  4.6700E+02  7.0542E-03
  4.6800E+02  6.3098E-03
  4.6900E+02  5.9939E-03
  4.7000E+02  5.8687E-03
  4.7100E+02  5.7448E-03
  4.7200E+02  5.6222E-03
  4.7300E+02  6.0228E-03
  4.7400E+02  1.4332E-02
  4.7500E+02  2.7765E-02
  4.7600E+02  4.0408E-02
  4.7700E+02  5.5010E-02
  4.7800E+02  1.0447E-01
  4.7900E+02  8.6973E-02
  4.8000E+02  6.9400E-02
  4.8100E+02  6.8820E-02
  4.8200E+02  6.9416E-02
  4.8300E+02  7.0243E-02
  4.8400E+02  7.0827E-02
  4.8500E+02  7.1779E-02
  4.8600E+02  7.0940E-02
  4.8700E+02  7.1957E-02
  4.8800E+02  7.2784E-02
  4.8900E+02  7.3420E-02
  4.9000E+02  7.3955E-02
  4.9100E+02  7.6354E-02
  4.9200E+02  9.0474E-02
  4.9300E+02  8.6850E-02
  4.9400E+02  8.2229E-02
  4.9500E+02  7.7290E-02
  4.9600E+02  7.3212E-02
  4.9700E+02  6.8698E-02
  4.9800E+02  6.4868E-02
  4.9900E+02  7.4981E-02
  5.0000E+02  6.0796E-02
  5.0100E+02  4.0206E-02
  5.0200E+02  3.0905E-02
  5.0300E+02  2.6585E-02
  5.0400E+02  2.3554E-02
  5.0500E+02  2.1043E-02
  5.0600E+02  1.9039E-02
  5.0700E+02  1.7483E-02
  5.0800E+02  1.6084E-02
  5.0900E+02  1.2491E-02
  5.1000E+02  1.1374E-02
  5.1100E+02  1.0239E-02
  5.1200E+02  9.0856E-03
  5.1300E+02  7.9135E-03
  5.1400E+02  6.7228E-03
  5.1500E+02  5.5136E-03
  5.1600E+02  4.5182E-03
  5.1700E+02  4.9646E-03
  5.1800E+02  3.5597E-03
  5.1900E+02  1.2077E-03
  5.2000E+02  6.7773E-04
  5.2100E+02  2.9980E-04
  5.2200E+02  7.3899E-05
  5.2300E+02  0.0000E+00
