  0.0000E+00  0.0000E+00
  1.0000E+00  2.5657E-07
  2.0000E+00  1.0263E-06
  3.0000E+00  2.3091E-06
  4.0000E+00  4.1052E-06
  5.0000E+00  6.4143E-06
  6.0000E+00  9.2366E-06
  7.0000E+00  1.2572E-05
  8.0000E+00  1.6421E-05
  9.0000E+00  2.0782E-05
  1.0000E+01  2.5657E-05
  1.1000E+01  3.1045E-05
  1.2000E+01  3.6947E-05
  1.3000E+01  4.3361E-05
  1.4000E+01  5.0288E-05
  1.5000E+01  5.7729E-05
  1.6000E+01  6.5683E-05
  1.7000E+01  7.4150E-05
  1.8000E+01  8.3130E-05
  1.9000E+01  9.2623E-05
  2.0000E+01  1.0263E-04
  2.1000E+01  1.1315E-04
  2.2000E+01  1.2418E-04
  2.3000E+01  1.3573E-04
  2.4000E+01  1.4779E-04
  2.5000E+01  1.6036E-04
  2.6000E+01  1.7344E-04
  2.7000E+01  1.8704E-04
  2.8000E+01  2.0115E-04
  2.9000E+01  2.1578E-04
  3.0000E+01  2.3092E-04
  3.1000E+01  2.4657E-04
  3.2000E+01  2.6273E-04
  3.3000E+01  2.7941E-04
  3.4000E+01  2.9660E-04
  3.5000E+01  3.1430E-04
  3.6000E+01  3.3252E-04
  3.7000E+01  3.5125E-04
  3.8000E+01  3.7049E-04
  3.9000E+01  3.9025E-04
  4.0000E+01  4.1052E-04
  4.1000E+01  4.3130E-04
  4.2000E+01  4.5260E-04
  4.3000E+01  4.7440E-04
  4.4000E+01  4.9673E-04
  4.5000E+01  5.1956E-04
  4.6000E+01  5.4291E-04
  4.7000E+01  5.6677E-04
  4.8000E+01  5.9115E-04
  4.9000E+01  6.1603E-04
  5.0000E+01  6.4143E-04
  5.1000E+01  6.6735E-04
  5.2000E+01  6.9378E-04
  5.3000E+01  7.2072E-04
  5.4000E+01  7.4817E-04
  5.5000E+01  7.7614E-04
  5.6000E+01  8.0462E-04
  5.7000E+01  8.3361E-04
  5.8000E+01  8.6311E-04
  5.9000E+01  8.9313E-04
  6.0000E+01  9.2367E-04
  6.1000E+01  9.5471E-04
  6.2000E+01  9.8627E-04
  6.3000E+01  1.0183E-03
  6.4000E+01  1.0509E-03
  6.5000E+01  1.0840E-03
  6.6000E+01  1.1176E-03
  6.7000E+01  1.1518E-03
  6.8000E+01  1.1864E-03
  6.9000E+01  1.2215E-03
  7.0000E+01  1.2572E-03
  7.1000E+01  1.2934E-03
  7.2000E+01  1.3301E-03
  7.3000E+01  1.3673E-03
  7.4000E+01  1.4050E-03
  7.5000E+01  1.4432E-03
  7.6000E+01  1.4820E-03
  7.7000E+01  1.5212E-03
  7.8000E+01  1.5610E-03
  7.9000E+01  1.6013E-03
  8.0000E+01  1.6421E-03
  8.1000E+01  1.6834E-03
  8.2000E+01  1.7252E-03
  8.3000E+01  1.7675E-03
  8.4000E+01  1.8104E-03
  8.5000E+01  1.8537E-03
  8.6000E+01  1.8976E-03
  8.7000E+01  1.9420E-03
  8.8000E+01  1.9869E-03
  8.9000E+01  2.0323E-03
  9.0000E+01  2.0782E-03
  9.1000E+01  2.1247E-03
  9.2000E+01  2.4272E-03
  9.3000E+01  3.1477E-03
  9.4000E+01  3.8598E-03
  9.5000E+01  4.5635E-03
  9.6000E+01  5.2589E-03
  9.7000E+01  5.9459E-03
  9.8000E+01  6.6245E-03
  9.9000E+01  7.2948E-03
  1.0000E+02  7.9567E-03
  1.0100E+02  8.6102E-03
  1.0200E+02  9.2555E-03
  1.0300E+02  9.8927E-03
  1.0400E+02  1.0522E-02
  1.0500E+02  1.1143E-02
  1.0600E+02  1.1756E-02
  1.0700E+02  1.2362E-02
  1.0800E+02  1.2959E-02
  1.0900E+02  1.3548E-02
  1.1000E+02  1.4129E-02
  1.1100E+02  1.4702E-02
  1.1200E+02  1.5267E-02
  1.1300E+02  1.5824E-02
  1.1400E+02  1.6374E-02
  1.1500E+02  1.6915E-02
  1.1600E+02  1.7448E-02
  1.1700E+02  1.7973E-02
  1.1800E+02  1.8490E-02
  1.1900E+02  1.8999E-02
  1.2000E+02  1.9500E-02
  1.2100E+02  1.9993E-02
  1.2200E+02  2.0478E-02
  1.2300E+02  2.0955E-02
  1.2400E+02  2.1342E-02
  1.2500E+02  2.1836E-02
  1.2600E+02  2.2460E-02
  1.2700E+02  2.3213E-02
  1.2800E+02  2.4096E-02
  1.2900E+02  2.5107E-02
  1.3000E+02  2.6248E-02
  1.3100E+02  2.7518E-02
  1.3200E+02  2.8918E-02
  1.3300E+02  3.0446E-02
  1.3400E+02  2.8109E-01
  1.3500E+02  1.6519E-02
  1.3600E+02  1.6322E-02
  1.3700E+02  1.6133E-02
  1.3800E+02  1.5951E-02
  1.3900E+02  1.5776E-02
  1.4000E+02  1.5609E-02
  1.4100E+02  1.5449E-02
  1.4200E+02  1.5296E-02
  1.4300E+02  1.5151E-02
  1.4400E+02  1.5013E-02
  1.4500E+02  1.4882E-02
  1.4600E+02  1.4759E-02
  1.4700E+02  1.4643E-02
  1.4800E+02  1.4534E-02
  1.4900E+02  1.4433E-02
  1.5000E+02  1.4339E-02
  1.5100E+02  1.4252E-02
  1.5200E+02  1.4173E-02
  1.5300E+02  1.4101E-02
  1.5400E+02  1.4036E-02
  1.5500E+02  1.3979E-02
  1.5600E+02  1.3929E-02
  1.5700E+02  1.3886E-02
  1.5800E+02  1.3851E-02
  1.5900E+02  1.3823E-02
  1.6000E+02  1.3802E-02
  1.6100E+02  1.3789E-02
  1.6200E+02  1.3783E-02
  1.6300E+02  1.3784E-02
  1.6400E+02  1.3793E-02
  1.6500E+02  1.3809E-02
  1.6600E+02  1.3832E-02
  1.6700E+02  1.3862E-02
  1.6800E+02  1.3900E-02
  1.6900E+02  1.3946E-02
  1.7000E+02  1.3998E-02
  1.7100E+02  1.4058E-02
  1.7200E+02  1.4126E-02
  1.7300E+02  1.4200E-02
  1.7400E+02  1.4282E-02
  1.7500E+02  1.4372E-02
  1.7600E+02  1.4468E-02
  1.7700E+02  1.4572E-02
  1.7800E+02  1.4683E-02
  1.7900E+02  1.4802E-02
  1.8000E+02  1.4928E-02
  1.8100E+02  1.5061E-02
  1.8200E+02  1.5202E-02
  1.8300E+02  1.5350E-02
  1.8400E+02  1.5505E-02
  1.8500E+02  1.5668E-02
  1.8600E+02  1.5838E-02
  1.8700E+02  1.6015E-02
  1.8800E+02  1.6200E-02
  1.8900E+02  1.6392E-02
  1.9000E+02  1.6591E-02
  1.9100E+02  1.6797E-02
  1.9200E+02  1.7011E-02
  1.9300E+02  7.0638E-02
  1.9400E+02  7.9176E-02
  1.9500E+02  4.4365E-02
  1.9600E+02  3.3885E-02
  1.9700E+02  1.0407E-02
  1.9800E+02  4.2189E-04
  1.9900E+02  4.2616E-04
  2.0000E+02  4.3045E-04
  2.0100E+02  4.3477E-04
  2.0200E+02  4.3910E-04
  2.0300E+02  4.4346E-04
  2.0400E+02  4.4784E-04
  2.0500E+02  4.5224E-04
  2.0600E+02  4.5667E-04
  2.0700E+02  4.6111E-04
  2.0800E+02  4.6558E-04
  2.0900E+02  4.7006E-04
  2.1000E+02  4.7457E-04
  2.1100E+02  4.7910E-04
  2.1200E+02  4.8366E-04
  2.1300E+02  4.8823E-04
  2.1400E+02  4.9282E-04
  2.1500E+02  4.9744E-04
  2.1600E+02  5.0208E-04
  2.1700E+02  5.0674E-04
  2.1800E+02  5.1142E-04
  2.1900E+02  5.1612E-04
  2.2000E+02  5.2085E-04
  2.2100E+02  5.2559E-04
  2.2200E+02  5.3036E-04
  2.2300E+02  5.3515E-04
  2.2400E+02  5.3996E-04
  2.2500E+02  5.4479E-04
  2.2600E+02  5.4964E-04
  2.2700E+02  5.5452E-04
  2.2800E+02  5.5942E-04
  2.2900E+02  5.6433E-04
  2.3000E+02  5.6927E-04
  2.3100E+02  5.7423E-04
  2.3200E+02  5.7922E-04
  2.3300E+02  5.8422E-04
  2.3400E+02  5.8925E-04
  2.3500E+02  1.0791E-03
  2.3600E+02  1.9428E-03
  2.3700E+02  2.6666E-03
  2.3800E+02  3.2504E-03
  2.3900E+02  3.6943E-03
  2.4000E+02  3.9983E-03
  2.4100E+02  4.1624E-03
  2.4200E+02  4.1865E-03
  2.4300E+02  4.0708E-03
  2.4400E+02  3.8151E-03
  2.4500E+02  3.4195E-03
  2.4600E+02  2.8839E-03
  2.4700E+02  2.6406E-03
  2.4800E+02  2.7154E-03
  2.4900E+02  2.7912E-03
  2.5000E+02  2.8680E-03
  2.5100E+02  2.9457E-03
  2.5200E+02  3.0245E-03
  2.5300E+02  3.1042E-03
  2.5400E+02  3.1850E-03
  2.5500E+02  3.2667E-03
  2.5600E+02  3.3495E-03
  2.5700E+02  3.4332E-03
  2.5800E+02  3.5180E-03
  2.5900E+02  3.6037E-03
  2.6000E+02  3.6904E-03
  2.6100E+02  3.7782E-03
  2.6200E+02  3.8669E-03
  2.6300E+02  3.9566E-03
  2.6400E+02  4.0473E-03
  2.6500E+02  4.1391E-03
  2.6600E+02  4.2318E-03
  2.6700E+02  4.3255E-03
  2.6800E+02  4.4202E-03
  2.6900E+02  4.5159E-03
  2.7000E+02  4.6126E-03
  2.7100E+02  4.7103E-03
  2.7200E+02  4.8090E-03
  2.7300E+02  4.9087E-03
  2.7400E+02  5.0093E-03
  2.7500E+02  5.1110E-03
  2.7600E+02  5.2137E-03
  2.7700E+02  5.3174E-03
  2.7800E+02  5.4221E-03
  2.7900E+02  5.5277E-03
  2.8000E+02  5.6344E-03
  2.8100E+02  5.7421E-03
  2.8200E+02  5.8507E-03
  2.8300E+02  5.9604E-03
  2.8400E+02  6.0710E-03
  2.8500E+02  6.1827E-03
  2.8600E+02  6.2953E-03
  2.8700E+02  6.4090E-03
  2.8800E+02  6.5236E-03
  2.8900E+02  6.8140E-03
  2.9000E+02  7.1681E-03
  2.9100E+02  7.5085E-03
  2.9200E+02  7.8352E-03
  2.9300E+02  8.1481E-03
  2.9400E+02  8.4473E-03
  2.9500E+02  8.7327E-03
  2.9600E+02  9.0043E-03
  2.9700E+02  9.2622E-03
  2.9800E+02  9.5064E-03
  2.9900E+02  9.7367E-03
  3.0000E+02  9.9534E-03
  3.0100E+02  1.0156E-02
  3.0200E+02  1.0345E-02
  3.0300E+02  1.0521E-02
  3.0400E+02  1.0682E-02
  3.0500E+02  1.0830E-02
  3.0600E+02  1.0964E-02
  3.0700E+02  1.1085E-02
  3.0800E+02  1.1191E-02
  3.0900E+02  1.1284E-02
  3.1000E+02  1.1363E-02
  3.1100E+02  1.1429E-02
  3.1200E+02  1.1480E-02
  3.1300E+02  1.1518E-02
  3.1400E+02  1.1542E-02
  3.1500E+02  1.1553E-02
  3.1600E+02  1.1549E-02
  3.1700E+02  1.1532E-02
  3.1800E+02  1.1501E-02
  3.1900E+02  1.1456E-02
  3.2000E+02  1.1398E-02
  3.2100E+02  1.1326E-02
  3.2200E+02  1.1240E-02
  3.2300E+02  1.1140E-02
  3.2400E+02  1.1027E-02
  3.2500E+02  1.0954E-02
  3.2600E+02  1.0979E-02
  3.2700E+02  1.0990E-02
  3.2800E+02  1.0988E-02
  3.2900E+02  1.0972E-02
  3.3000E+02  1.0943E-02
  3.3100E+02  1.0900E-02
  3.3200E+02  1.0843E-02
  3.3300E+02  1.0773E-02
  3.3400E+02  1.0690E-02
  3.3500E+02  1.0593E-02
  3.3600E+02  1.0483E-02
  3.3700E+02  1.0359E-02
  3.3800E+02  1.0221E-02
  3.3900E+02  1.0070E-02
  3.4000E+02  9.9057E-03
  3.4100E+02  9.7276E-03
  3.4200E+02  9.5361E-03
  3.4300E+02  9.3311E-03
  3.4400E+02  9.1125E-03
  3.4500E+02  8.8804E-03
  3.4600E+02  8.6348E-03
  3.4700E+02  8.3757E-03
  3.4800E+02  8.1031E-03
  3.4900E+02  7.8169E-03
  3.5000E+02  7.5173E-03
  3.5100E+02  7.2041E-03
  3.5200E+02  6.8774E-03
  3.5300E+02  6.5372E-03
  3.5400E+02  6.1835E-03
  3.5500E+02  5.8162E-03
  3.5600E+02  5.4355E-03
  3.5700E+02  5.0412E-03
  3.5800E+02  4.6335E-03
  3.5900E+02  4.2122E-03
  3.6000E+02  3.7774E-03
  3.6100E+02  3.3545E-03
  3.6200E+02  3.1661E-03
  3.6300E+02  2.9953E-03
  3.6400E+02  2.8420E-03
  3.6500E+02  2.7063E-03
  3.6600E+02  2.5882E-03
  3.6700E+02  2.4876E-03
  3.6800E+02  2.4046E-03
  3.6900E+02  2.3391E-03
  3.7000E+02  2.2912E-03
  3.7100E+02  2.2608E-03
  3.7200E+02  2.2480E-03
  3.7300E+02  2.2528E-03
  3.7400E+02  2.2751E-03
  3.7500E+02  2.3150E-03
  3.7600E+02  2.3723E-03
  3.7700E+02  2.4398E-03
  3.7800E+02  2.5119E-03
  3.7900E+02  2.5885E-03
  3.8000E+02  2.6697E-03
  3.8100E+02  2.7555E-03
  3.8200E+02  2.8459E-03
  3.8300E+02  2.9408E-03
  3.8400E+02  3.0404E-03
  3.8500E+02  3.1445E-03
  3.8600E+02  3.2532E-03
  3.8700E+02  3.3665E-03
  3.8800E+02  3.4843E-03
  3.8900E+02  3.6068E-03
  3.9000E+02  3.7338E-03
  3.9100E+02  3.8654E-03
  3.9200E+02  4.0016E-03
  3.9300E+02  4.1424E-03
  3.9400E+02  4.2877E-03
  3.9500E+02  4.4377E-03
  3.9600E+02  4.5922E-03
  3.9700E+02  4.7513E-03
  3.9800E+02  4.9150E-03
  3.9900E+02  5.0832E-03
  4.0000E+02  5.2561E-03
  4.0100E+02  5.4335E-03
  4.0200E+02  5.6155E-03
  4.0300E+02  5.8021E-03
  4.0400E+02  5.9933E-03
  4.0500E+02  6.1890E-03
  4.0600E+02  6.3894E-03
  4.0700E+02  6.5943E-03
  4.0800E+02  6.8038E-03
  4.0900E+02  7.0179E-03
  4.1000E+02  7.2365E-03
  4.1100E+02  7.4598E-03
  4.1200E+02  7.6876E-03
  4.1300E+02  7.9200E-03
  4.1400E+02  8.1570E-03
  4.1500E+02  8.3986E-03
  4.1600E+02  8.6447E-03
  4.1700E+02  8.9249E-03
  4.1800E+02  9.9931E-03
  4.1900E+02  1.2180E-02
  4.2000E+02  1.5485E-02
  4.2100E+02  1.9909E-02
  4.2200E+02  2.5451E-02
  4.2300E+02  3.2112E-02
  4.2400E+02  4.9100E-02
  4.2500E+02  5.2854E-02
  4.2600E+02  4.6845E-02
  4.2700E+02  3.9029E-02
  4.2800E+02  2.9407E-02
  4.2900E+02  1.7978E-02
  4.3000E+02  1.0952E-02
  4.3100E+02  1.0777E-02
  4.3200E+02  1.0603E-02
  4.3300E+02  1.0431E-02
  4.3400E+02  1.0261E-02
  4.3500E+02  1.0092E-02
  4.3600E+02  9.9241E-03
  4.3700E+02  9.7582E-03
  4.3800E+02  9.5937E-03
  4.3900E+02  9.4308E-03
  4.4000E+02  9.2693E-03
  4.4100E+02  9.1094E-03
  4.4200E+02  8.9510E-03
  4.4300E+02  8.7941E-03
  4.4400E+02  8.6387E-03
  4.4500E+02  8.4848E-03
  4.4600E+02  8.3324E-03
  4.4700E+02  8.1815E-03
  4.4800E+02  8.0321E-03
  4.4900E+02  7.8843E-03
  4.5000E+02  7.7379E-03
  4.5100E+02  7.5931E-03
  4.5200E+02  7.4497E-03
  4.5300E+02  7.3079E-03
  4.5400E+02  7.1676E-03
  4.5500E+02  7.0288E-03
  4.5600E+02  6.8914E-03
  4.5700E+02  6.7556E-03
  4.5800E+02  6.6214E-03
  4.5900E+02  6.4886E-03
  4.6000E+02  6.3573E-03
  4.6100E+02  6.2275E-03
  4.6200E+02  6.0992E-03
  4.6300E+02  5.9725E-03
  4.6400E+02  5.8472E-03
  4.6500E+02  5.7235E-03
  4.6600E+02  5.6013E-03
  4.6700E+02  5.4805E-03
  4.6800E+02  5.3613E-03
  4.6900E+02  5.2436E-03
  4.7000E+02  5.1274E-03
  4.7100E+02  5.0127E-03
  4.7200E+02  4.8995E-03
  4.7300E+02  4.7878E-03
  4.7400E+02  5.7465E-03
  4.7500E+02  9.5239E-03
  4.7600E+02  1.6145E-02
  4.7700E+02  2.5610E-02
  4.7800E+02  3.7919E-02
  4.7900E+02  5.3071E-02
  4.8000E+02  1.1322E-01
  4.8100E+02  1.0698E-01
  4.8200E+02  9.8520E-02
  4.8300E+02  8.7837E-02
  4.8400E+02  7.4930E-02
  4.8500E+02  6.1181E-02
  4.8600E+02  6.3558E-02
  4.8700E+02  6.5737E-02
  4.8800E+02  6.7720E-02
  4.8900E+02  6.9506E-02
  4.9000E+02  7.1095E-02
  4.9100E+02  7.2487E-02
  4.9200E+02  7.3683E-02
  4.9300E+02  7.8553E-02
  4.9400E+02  8.1922E-02
  4.9500E+02  8.4279E-02
  4.9600E+02  8.4590E-02
  4.9700E+02  8.2853E-02
  4.9800E+02  7.9071E-02
  4.9900E+02  7.3241E-02
  5.0000E+02  6.5364E-02
  5.0100E+02  5.6473E-02
  5.0200E+02  4.8705E-02
  5.0300E+02  3.9490E-02
  5.0400E+02  2.8829E-02
  5.0500E+02  1.6720E-02
  5.0600E+02  9.9977E-03
  5.0700E+02  8.8552E-03
  5.0800E+02  7.7820E-03
  5.0900E+02  6.7781E-03
  5.1000E+02  5.8435E-03
  5.1100E+02  4.9782E-03
  5.1200E+02  4.1821E-03
  5.1300E+02  3.4554E-03
  5.1400E+02  2.7980E-03
  5.1500E+02  2.2099E-03
  5.1600E+02  1.6911E-03
  5.1700E+02  1.2416E-03
  5.1800E+02  8.6144E-04
  5.1900E+02  5.5055E-04
  5.2000E+02  3.0896E-04
  5.2100E+02  1.3667E-04
  5.2200E+02  3.3689E-05
  5.2300E+02  0.0000E+00
