 -9.0571E-06  0.0000E+00
  9.9999E-01  1.0271E-07
  2.0000E+00  4.1083E-07
  3.0000E+00  9.2436E-07
  4.0000E+00  1.6433E-06
  5.0000E+00  2.5677E-06
  6.0000E+00  3.6975E-06
  7.0000E+00  5.0326E-06
  8.0000E+00  6.5733E-06
  9.0000E+00  8.3193E-06
  1.0000E+01  1.0271E-05
  1.1000E+01  1.2428E-05
  1.2000E+01  1.4790E-05
  1.3000E+01  1.7358E-05
  1.4000E+01  2.0131E-05
  1.5000E+01  2.3109E-05
  1.6000E+01  2.6293E-05
  1.7000E+01  2.9682E-05
  1.8000E+01  3.3277E-05
  1.9000E+01  3.7077E-05
  2.0000E+01  4.1083E-05
  2.1000E+01  4.5294E-05
  2.2000E+01  4.9710E-05
  2.3000E+01  5.4332E-05
  2.4000E+01  5.9159E-05
  2.5000E+01  6.4192E-05
  2.6000E+01  6.9430E-05
  2.7000E+01  7.4873E-05
  2.8000E+01  8.0522E-05
  2.9000E+01  8.6377E-05
  3.0000E+01  9.2436E-05
  3.1000E+01  9.8702E-05
  3.2000E+01  1.0517E-04
  3.3000E+01  1.1185E-04
  3.4000E+01  1.1873E-04
  3.5000E+01  1.2582E-04
  3.6000E+01  1.3311E-04
  3.7000E+01  1.4061E-04
  3.8000E+01  1.4831E-04
  3.9000E+01  1.5622E-04
  4.0000E+01  1.6433E-04
  4.1000E+01  1.7265E-04
  4.2000E+01  1.8118E-04
  4.3000E+01  1.8991E-04
  4.4000E+01  1.9884E-04
  4.5000E+01  2.0798E-04
  4.6000E+01  2.6788E-04
  4.7000E+01  3.4607E-04
  4.8000E+01  4.1881E-04
  4.9000E+01  4.8611E-04
  5.0000E+01  5.4796E-04
  5.1000E+01  6.0436E-04
  5.2000E+01  6.5532E-04
  5.3000E+01  7.0084E-04
  5.4000E+01  7.4090E-04
  5.5000E+01  7.7553E-04
  5.6000E+01  8.0470E-04
  5.7000E+01  8.2843E-04
  5.8000E+01  8.4671E-04
  5.9000E+01  8.5955E-04
  6.0000E+01  8.7976E-04
  6.1000E+01  9.1702E-04
  6.2000E+01  9.5492E-04
  6.3000E+01  9.9346E-04
  6.4000E+01  1.0326E-03
  6.5000E+01  1.0725E-03
  6.6000E+01  1.1129E-03
  6.7000E+01  1.1540E-03
  6.8000E+01  1.1966E-03
  6.9000E+01  1.2433E-03
  7.0000E+01  1.2925E-03
  7.1000E+01  1.3443E-03
  7.2000E+01  1.3986E-03
  7.3000E+01  1.4555E-03
  7.4000E+01  1.5149E-03
  7.5000E+01  1.5768E-03
  7.6000E+01  1.6413E-03
  7.7000E+01  1.7084E-03
  7.8000E+01  1.7780E-03
  7.9000E+01  1.8504E-03
  8.0000E+01  1.9321E-03
  8.1000E+01  2.0263E-03
  8.2000E+01  2.1327E-03
  8.3000E+01  2.2516E-03
  8.4000E+01  2.3828E-03
  8.5000E+01  2.5263E-03
  8.6000E+01  2.6822E-03
  8.7000E+01  2.8845E-03
  8.8000E+01  3.2800E-03
  8.9000E+01  3.5087E-03
  9.0000E+01  3.5707E-03
  9.1000E+01  3.6921E-03
  9.2000E+01  3.9674E-03
  9.3000E+01  4.1255E-03
  9.4000E+01  4.1663E-03
  9.5000E+01  4.1750E-03
  9.6000E+01  4.5223E-03
  9.7000E+01  4.8693E-03
  9.8000E+01  5.2147E-03
  9.9000E+01  5.5585E-03
  1.0000E+02  5.9007E-03
  1.0100E+02  6.2487E-03
  1.0200E+02  6.6699E-03
  1.0300E+02  7.1857E-03
  1.0400E+02  7.9054E-03
  1.0500E+02  8.6680E-03
  1.0600E+02  9.4475E-03
  1.0700E+02  1.0244E-02
  1.0800E+02  1.1583E-02
  1.0900E+02  1.2097E-02
  1.1000E+02  1.2690E-02
  1.1100E+02  1.3416E-02
  1.1200E+02  1.5502E-02
  1.1300E+02  1.2842E-02
  1.1400E+02  1.3199E-02
  1.1500E+02  1.3993E-02
  1.1600E+02  1.4363E-02
  1.1700E+02  1.4560E-02
  1.1800E+02  1.4932E-02
  1.1900E+02  1.5307E-02
  1.2000E+02  1.5691E-02
  1.2100E+02  1.6083E-02
  1.2200E+02  1.6484E-02
  1.2300E+02  1.6893E-02
  1.2400E+02  1.7467E-02
  1.2500E+02  1.8105E-02
  1.2600E+02  1.8673E-02
  1.2700E+02  1.9170E-02
  1.2800E+02  1.9725E-02
  1.2900E+02  2.1941E-02
  1.3000E+02  2.4394E-02
  1.3100E+02  2.2677E-02
  1.3200E+02  2.1305E-02
  1.3300E+02  2.2092E-02
  1.3400E+02  2.4020E-02
  1.3500E+02  2.8882E-02
  1.3600E+02  2.8039E-02
  1.3700E+02  2.8988E-02
  1.3800E+02  2.9821E-02
  1.3900E+02  3.0567E-02
  1.4000E+02  3.1500E-02
  1.4100E+02  3.1452E-02
  1.4200E+02  3.1381E-02
  1.4300E+02  3.1281E-02
  1.4400E+02  3.1240E-02
  1.4500E+02  3.1448E-02
  1.4600E+02  3.1544E-02
  1.4700E+02  3.1170E-02
  1.4800E+02  3.0407E-02
  1.4900E+02  2.9830E-02
  1.5000E+02  2.8904E-02
  1.5100E+02  2.7662E-02
  1.5200E+02  2.6454E-02
  1.5300E+02  2.5601E-02
  1.5400E+02  2.4975E-02
  1.5500E+02  2.1855E-02
  1.5600E+02  1.8926E-02
  1.5700E+02  1.8568E-02
  1.5800E+02  1.8220E-02
  1.5900E+02  1.7881E-02
  1.6000E+02  1.7574E-02
  1.6100E+02  1.7337E-02
  1.6200E+02  1.7112E-02
  1.6300E+02  1.6897E-02
  1.6400E+02  1.6690E-02
  1.6500E+02  1.6579E-02
  1.6600E+02  1.6360E-02
  1.6700E+02  1.6141E-02
  1.6800E+02  1.5924E-02
  1.6900E+02  1.5709E-02
  1.7000E+02  1.5498E-02
  1.7100E+02  1.5293E-02
  1.7200E+02  1.5093E-02
  1.7300E+02  1.4949E-02
  1.7400E+02  1.4832E-02
  1.7500E+02  1.4829E-02
  1.7600E+02  1.4724E-02
  1.7700E+02  1.4605E-02
  1.7800E+02  1.4459E-02
  1.7900E+02  1.4331E-02
  1.8000E+02  1.4227E-02
  1.8100E+02  1.4152E-02
  1.8200E+02  1.4074E-02
  1.8300E+02  1.4039E-02
  1.8400E+02  1.3714E-02
  1.8500E+02  1.2414E-02
  1.8600E+02  1.2533E-02
  1.8700E+02  1.2929E-02
  1.8800E+02  1.3554E-02
  1.8900E+02  1.4404E-02
  1.9000E+02  1.5465E-02
  1.9100E+02  1.4796E-02
  1.9200E+02  1.4976E-02
  1.9300E+02  1.5205E-02
  1.9400E+02  1.5423E-02
  1.9500E+02  1.5599E-02
  1.9600E+02  1.5736E-02
  1.9700E+02  1.5840E-02
  1.9800E+02  1.5910E-02
  1.9900E+02  1.5963E-02
  2.0000E+02  1.5959E-02
  2.0100E+02  1.5898E-02
  2.0200E+02  1.5779E-02
  2.0300E+02  1.5616E-02
  2.0400E+02  1.5953E-02
  2.0500E+02  1.5872E-02
  2.0600E+02  1.4752E-02
  2.0700E+02  1.2579E-02
  2.0800E+02  1.0372E-02
  2.0900E+02  8.6978E-03
  2.1000E+02  6.6034E-03
  2.1100E+02  3.4225E-03
  2.1200E+02  1.3988E-03
  2.1300E+02  1.4201E-03
  2.1400E+02  1.4415E-03
  2.1500E+02  1.4631E-03
  2.1600E+02  1.4849E-03
  2.1700E+02  1.5067E-03
  2.1800E+02  1.5287E-03
  2.1900E+02  1.5509E-03
  2.2000E+02  1.5732E-03
  2.2100E+02  1.5956E-03
  2.2200E+02  1.6181E-03
  2.2300E+02  1.6408E-03
  2.2400E+02  1.6636E-03
  2.2500E+02  1.6865E-03
  2.2600E+02  1.7096E-03
  2.2700E+02  1.7328E-03
  2.2800E+02  1.7678E-03
  2.2900E+02  1.8092E-03
  2.3000E+02  1.8469E-03
  2.3100E+02  1.8845E-03
  2.3200E+02  1.9218E-03
  2.3300E+02  1.9590E-03
  2.3400E+02  1.9958E-03
  2.3500E+02  2.0321E-03
  2.3600E+02  2.0678E-03
  2.3700E+02  2.1028E-03
  2.3800E+02  2.1373E-03
  2.3900E+02  2.1712E-03
  2.4000E+02  2.2044E-03
  2.4100E+02  2.2371E-03
  2.4200E+02  2.2691E-03
  2.4300E+02  2.3005E-03
  2.4400E+02  2.3314E-03
  2.4500E+02  2.3616E-03
  2.4600E+02  2.3913E-03
  2.4700E+02  2.4203E-03
  2.4800E+02  2.4515E-03
  2.4900E+02  2.4857E-03
  2.5000E+02  2.5211E-03
  2.5100E+02  2.5578E-03
  2.5200E+02  2.5956E-03
  2.5300E+02  2.6347E-03
  2.5400E+02  2.6749E-03
  2.5500E+02  2.7165E-03
  2.5600E+02  2.7592E-03
  2.5700E+02  2.8033E-03
  2.5800E+02  2.8486E-03
  2.5900E+02  2.8951E-03
  2.6000E+02  2.9429E-03
  2.6100E+02  2.9919E-03
  2.6200E+02  3.0422E-03
  2.6300E+02  3.0938E-03
  2.6400E+02  3.1464E-03
  2.6500E+02  3.2001E-03
  2.6600E+02  3.2548E-03
  2.6700E+02  3.3106E-03
  2.6800E+02  3.3674E-03
  2.6900E+02  3.4253E-03
  2.7000E+02  3.4844E-03
  2.7100E+02  3.5512E-03
  2.7200E+02  3.6287E-03
  2.7300E+02  3.7172E-03
  2.7400E+02  3.8024E-03
  2.7500E+02  3.8791E-03
  2.7600E+02  3.9485E-03
  2.7700E+02  4.0105E-03
  2.7800E+02  4.0651E-03
  2.7900E+02  4.1124E-03
  2.8000E+02  4.1523E-03
  2.8100E+02  4.2239E-03
  2.8200E+02  4.2970E-03
  2.8300E+02  4.3707E-03
  2.8400E+02  4.4450E-03
  2.8500E+02  4.5199E-03
  2.8600E+02  4.5954E-03
  2.8700E+02  4.6715E-03
  2.8800E+02  4.7482E-03
  2.8900E+02  4.8255E-03
  2.9000E+02  4.9034E-03
  2.9100E+02  4.9845E-03
  2.9200E+02  5.0789E-03
  2.9300E+02  5.1774E-03
  2.9400E+02  5.2781E-03
  2.9500E+02  5.3809E-03
  2.9600E+02  5.4860E-03
  2.9700E+02  5.5932E-03
  2.9800E+02  5.7020E-03
  2.9900E+02  5.8270E-03
  3.0000E+02  5.9648E-03
  3.0100E+02  6.1140E-03
  3.0200E+02  6.2746E-03
  3.0300E+02  6.4466E-03
  3.0400E+02  6.6294E-03
  3.0500E+02  6.8017E-03
  3.0600E+02  6.9521E-03
  3.0700E+02  7.0807E-03
  3.0800E+02  7.1885E-03
  3.0900E+02  7.3182E-03
  3.1000E+02  7.4730E-03
  3.1100E+02  7.6499E-03
  3.1200E+02  7.8411E-03
  3.1300E+02  8.0414E-03
  3.1400E+02  8.2508E-03
  3.1500E+02  8.4693E-03
  3.1600E+02  8.6969E-03
  3.1700E+02  8.9336E-03
  3.1800E+02  9.1796E-03
  3.1900E+02  9.4367E-03
  3.2000E+02  9.7176E-03
  3.2100E+02  1.0054E-02
  3.2200E+02  1.0432E-02
  3.2300E+02  1.0852E-02
  3.2400E+02  1.1312E-02
  3.2500E+02  1.1814E-02
  3.2600E+02  1.2357E-02
  3.2700E+02  1.2933E-02
  3.2800E+02  1.3527E-02
  3.2900E+02  1.4139E-02
  3.3000E+02  1.4770E-02
  3.3100E+02  1.5418E-02
  3.3200E+02  1.6085E-02
  3.3300E+02  1.8481E-02
  3.3400E+02  1.8118E-02
  3.3500E+02  1.7138E-02
  3.3600E+02  1.5885E-02
  3.3700E+02  1.5226E-02
  3.3800E+02  1.2997E-02
  3.3900E+02  1.2143E-02
  3.4000E+02  1.1442E-02
  3.4100E+02  1.0905E-02
  3.4200E+02  1.0544E-02
  3.4300E+02  1.0215E-02
  3.4400E+02  9.9134E-03
  3.4500E+02  9.6399E-03
  3.4600E+02  9.3943E-03
  3.4700E+02  9.1766E-03
  3.4800E+02  8.9868E-03
  3.4900E+02  8.8250E-03
  3.5000E+02  9.0919E-03
  3.5100E+02  8.4707E-03
  3.5200E+02  6.2035E-03
  3.5300E+02  5.9592E-03
  3.5400E+02  5.7187E-03
  3.5500E+02  5.4820E-03
  3.5600E+02  5.2490E-03
  3.5700E+02  5.0198E-03
  3.5800E+02  4.7943E-03
  3.5900E+02  4.5737E-03
  3.6000E+02  4.3612E-03
  3.6100E+02  4.1570E-03
  3.6200E+02  3.9290E-03
  3.6300E+02  3.5732E-03
  3.6400E+02  3.2764E-03
  3.6500E+02  3.0392E-03
  3.6600E+02  2.8728E-03
  3.6700E+02  2.7867E-03
  3.6800E+02  2.7156E-03
  3.6900E+02  2.6428E-03
  3.7000E+02  2.7332E-03
  3.7100E+02  2.8411E-03
  3.7200E+02  2.9534E-03
  3.7300E+02  3.0700E-03
  3.7400E+02  3.1909E-03
  3.7500E+02  3.3162E-03
  3.7600E+02  3.4459E-03
  3.7700E+02  3.5694E-03
  3.7800E+02  3.6428E-03
  3.7900E+02  3.7155E-03
  3.8000E+02  3.7875E-03
  3.8100E+02  3.8587E-03
  3.8200E+02  3.9461E-03
  3.8300E+02  4.4562E-03
  3.8400E+02  5.1611E-03
  3.8500E+02  5.8767E-03
  3.8600E+02  6.6028E-03
  3.8700E+02  7.3394E-03
  3.8800E+02  8.0268E-03
  3.8900E+02  8.6769E-03
  3.9000E+02  9.1779E-03
  3.9100E+02  9.5336E-03
  3.9200E+02  9.6741E-03
  3.9300E+02  9.1751E-03
  3.9400E+02  9.2252E-03
  3.9500E+02  9.3027E-03
  3.9600E+02  9.4118E-03
  3.9700E+02  9.5526E-03
  3.9800E+02  9.6562E-03
  3.9900E+02  9.7459E-03
  4.0000E+02  9.8586E-03
  4.0100E+02  9.9943E-03
  4.0200E+02  1.0156E-02
  4.0300E+02  1.0327E-02
  4.0400E+02  1.0482E-02
  4.0500E+02  1.0622E-02
  4.0600E+02  1.0745E-02
  4.0700E+02  1.0879E-02
  4.0800E+02  1.0960E-02
  4.0900E+02  1.1460E-02
  4.1000E+02  1.1672E-02
  4.1100E+02  1.1881E-02
  4.1200E+02  1.2089E-02
  4.1300E+02  1.2294E-02
  4.1400E+02  1.2561E-02
  4.1500E+02  1.2955E-02
  4.1600E+02  1.3372E-02
  4.1700E+02  1.3671E-02
  4.1800E+02  1.3870E-02
  4.1900E+02  1.3916E-02
  4.2000E+02  1.2867E-02
  4.2100E+02  1.2449E-02
  4.2200E+02  1.2441E-02
  4.2300E+02  1.2146E-02
  4.2400E+02  1.2019E-02
  4.2500E+02  1.1885E-02
  4.2600E+02  1.1744E-02
  4.2700E+02  1.1596E-02
  4.2800E+02  1.1441E-02
  4.2900E+02  1.1280E-02
  4.3000E+02  1.1112E-02
  4.3100E+02  1.0937E-02
  4.3200E+02  1.0755E-02
  4.3300E+02  1.0575E-02
  4.3400E+02  1.0399E-02
  4.3500E+02  1.0163E-02
  4.3600E+02  9.8666E-03
  4.3700E+02  9.5777E-03
  4.3800E+02  9.4205E-03
  4.3900E+02  9.2775E-03
  4.4000E+02  9.1577E-03
  4.4100E+02  9.0488E-03
  4.4200E+02  8.9928E-03
  4.4300E+02  8.9932E-03
  4.4400E+02  8.6469E-03
  4.4500E+02  8.5151E-03
  4.4600E+02  8.4478E-03
  4.4700E+02  8.3670E-03
  4.4800E+02  8.2487E-03
  4.4900E+02  8.0928E-03
  4.5000E+02  7.8994E-03
  4.5100E+02  7.6967E-03
  4.5200E+02  7.5876E-03
  4.5300E+02  7.4793E-03
  4.5400E+02  7.3717E-03
  4.5500E+02  7.2648E-03
  4.5600E+02  7.1587E-03
  4.5700E+02  7.0534E-03
  4.5800E+02  6.9487E-03
  4.5900E+02  6.8448E-03
  4.6000E+02  6.7417E-03
  4.6100E+02  6.6393E-03
  4.6200E+02  6.5377E-03
  4.6300E+02  6.4593E-03
  4.6400E+02  6.4205E-03
  4.6500E+02  6.5351E-03
  4.6600E+02  6.7225E-03
  4.6700E+02  7.0032E-03
  4.6800E+02  7.0668E-03
  4.6900E+02  9.6094E-03
  4.7000E+02  6.5580E-03
  4.7100E+02  6.0575E-03
  4.7200E+02  5.7949E-03
  4.7300E+02  5.6505E-03
  4.7400E+02  1.7320E-02
  4.7500E+02  3.3632E-02
  4.7600E+02  5.2485E-02
  4.7700E+02  7.6425E-02
  4.7800E+02  9.3223E-02
  4.7900E+02  8.4013E-02
  4.8000E+02  7.0566E-02
  4.8100E+02  7.0887E-02
  4.8200E+02  7.2259E-02
  4.8300E+02  7.0382E-02
  4.8400E+02  7.0057E-02
  4.8500E+02  6.8313E-02
  4.8600E+02  6.7835E-02
  4.8700E+02  6.7442E-02
  4.8800E+02  6.6462E-02
  4.8900E+02  6.6436E-02
  4.9000E+02  6.6872E-02
  4.9100E+02  6.7289E-02
  4.9200E+02  6.8219E-02
  4.9300E+02  6.9807E-02
  4.9400E+02  7.1836E-02
  4.9500E+02  7.3314E-02
  4.9600E+02  7.9114E-02
  4.9700E+02  8.4741E-02
  4.9800E+02  7.9418E-02
  4.9900E+02  7.3704E-02
  5.0000E+02  6.5893E-02
  5.0100E+02  4.5137E-02
  5.0200E+02  3.3729E-02
  5.0300E+02  2.8579E-02
  5.0400E+02  2.5412E-02
  5.0500E+02  2.2719E-02
  5.0600E+02  1.7348E-02
  5.0700E+02  1.5705E-02
  5.0800E+02  1.4077E-02
  5.0900E+02  1.2592E-02
  5.1000E+02  1.1286E-02
  5.1100E+02  1.0153E-02
  5.1200E+02  9.1946E-03
  5.1300E+02  8.7523E-03
  5.1400E+02  7.1829E-03
  5.1500E+02  6.3316E-03
  5.1600E+02  5.8793E-03
  5.1700E+02  5.1382E-03
  5.1800E+02  4.0318E-03
  5.1900E+02  2.7877E-03
  5.2000E+02  2.8188E-03
  5.2100E+02  7.2582E-04
  5.2200E+02  1.7891E-04
  5.2300E+02  0.0000E+00
