  0.0000E+00  0.0000E+00
  1.0000E+00  9.0786E-08
  2.0000E+00  3.6315E-07
  3.0000E+00  8.1709E-07
  4.0000E+00  1.4526E-06
  5.0000E+00  2.2697E-06
  6.0000E+00  3.2684E-06
  7.0000E+00  4.4486E-06
  8.0000E+00  5.8104E-06
  9.0000E+00  7.3538E-06
  1.0000E+01  9.0788E-06
  1.1000E+01  1.0985E-05
  1.2000E+01  1.3073E-05
  1.3000E+01  1.5343E-05
  1.4000E+01  1.7794E-05
  1.5000E+01  2.0427E-05
  1.6000E+01  2.3242E-05
  1.7000E+01  2.6238E-05
  1.8000E+01  2.9415E-05
  1.9000E+01  3.2774E-05
  2.0000E+01  3.6315E-05
  2.1000E+01  4.0038E-05
  2.2000E+01  4.3941E-05
  2.3000E+01  4.8027E-05
  2.4000E+01  5.2294E-05
  2.5000E+01  5.6743E-05
  2.6000E+01  6.1373E-05
  2.7000E+01  6.6185E-05
  2.8000E+01  7.1178E-05
  2.9000E+01  7.6353E-05
  3.0000E+01  8.1709E-05
  3.1000E+01  8.7247E-05
  3.2000E+01  9.2967E-05
  3.3000E+01  9.8868E-05
  3.4000E+01  1.0495E-04
  3.5000E+01  1.1122E-04
  3.6000E+01  1.1766E-04
  3.7000E+01  1.2429E-04
  3.8000E+01  1.3110E-04
  3.9000E+01  1.3809E-04
  4.0000E+01  1.4526E-04
  4.1000E+01  1.5261E-04
  4.2000E+01  1.6015E-04
  4.3000E+01  1.6787E-04
  4.4000E+01  1.7577E-04
  4.5000E+01  1.8385E-04
  4.6000E+01  1.9211E-04
  4.7000E+01  2.0055E-04
  4.8000E+01  2.0918E-04
  4.9000E+01  2.1798E-04
  5.0000E+01  2.2697E-04
  5.1000E+01  2.3614E-04
  5.2000E+01  2.4549E-04
  5.3000E+01  2.5502E-04
  5.4000E+01  3.2910E-04
  5.5000E+01  4.3964E-04
  5.6000E+01  5.4239E-04
  5.7000E+01  6.3736E-04
  5.8000E+01  7.2453E-04
  5.9000E+01  8.0391E-04
  6.0000E+01  8.7551E-04
  6.1000E+01  9.3931E-04
  6.2000E+01  9.9532E-04
  6.3000E+01  1.0435E-03
  6.4000E+01  1.0840E-03
  6.5000E+01  1.1166E-03
  6.6000E+01  1.1415E-03
  6.7000E+01  1.1585E-03
  6.8000E+01  1.1916E-03
  6.9000E+01  1.2442E-03
  7.0000E+01  1.2975E-03
  7.1000E+01  1.3516E-03
  7.2000E+01  1.4063E-03
  7.3000E+01  1.4618E-03
  7.4000E+01  1.5180E-03
  7.5000E+01  1.5750E-03
  7.6000E+01  1.6336E-03
  7.7000E+01  1.7000E-03
  7.8000E+01  1.7719E-03
  7.9000E+01  1.8493E-03
  8.0000E+01  1.9321E-03
  8.1000E+01  2.0203E-03
  8.2000E+01  2.1140E-03
  8.3000E+01  2.2140E-03
  8.4000E+01  2.3212E-03
  8.5000E+01  2.4357E-03
  8.6000E+01  2.5574E-03
  8.7000E+01  2.6863E-03
  8.8000E+01  2.8224E-03
  8.9000E+01  2.9658E-03
  9.0000E+01  3.1164E-03
  9.1000E+01  3.2743E-03
  9.2000E+01  3.4394E-03
  9.3000E+01  3.6117E-03
  9.4000E+01  3.7864E-03
  9.5000E+01  3.9612E-03
  9.6000E+01  4.1899E-03
  9.7000E+01  4.5651E-03
  9.8000E+01  4.8792E-03
  9.9000E+01  5.1935E-03
  1.0000E+02  5.5129E-03
  1.0100E+02  5.8375E-03
  1.0200E+02  6.7315E-03
  1.0300E+02  7.5485E-03
  1.0400E+02  8.1116E-03
  1.0500E+02  8.4209E-03
  1.0600E+02  8.8480E-03
  1.0700E+02  9.3576E-03
  1.0800E+02  9.8528E-03
  1.0900E+02  1.0366E-02
  1.1000E+02  1.0891E-02
  1.1100E+02  1.1428E-02
  1.1200E+02  1.1975E-02
  1.1300E+02  1.2533E-02
  1.1400E+02  1.4710E-02
  1.1500E+02  1.4714E-02
  1.1600E+02  1.7584E-02
  1.1700E+02  1.4319E-02
  1.1800E+02  1.4730E-02
  1.1900E+02  1.5136E-02
  1.2000E+02  1.5537E-02
  1.2100E+02  1.5934E-02
  1.2200E+02  1.6325E-02
  1.2300E+02  1.6712E-02
  1.2400E+02  1.7433E-02
  1.2500E+02  1.8164E-02
  1.2600E+02  1.8279E-02
  1.2700E+02  1.8710E-02
  1.2800E+02  1.9213E-02
  1.2900E+02  1.9867E-02
  1.3000E+02  2.0674E-02
  1.3100E+02  2.1547E-02
  1.3200E+02  2.2554E-02
  1.3300E+02  2.3953E-02
  1.3400E+02  2.5244E-02
  1.3500E+02  3.0827E-02
  1.3600E+02  3.2913E-02
  1.3700E+02  3.0410E-02
  1.3800E+02  3.1553E-02
  1.3900E+02  3.0682E-02
  1.4000E+02  2.9590E-02
  1.4100E+02  2.9277E-02
  1.4200E+02  2.9016E-02
  1.4300E+02  2.8749E-02
  1.4400E+02  2.8473E-02
  1.4500E+02  2.8191E-02
  1.4600E+02  2.7923E-02
  1.4700E+02  2.7665E-02
  1.4800E+02  2.7404E-02
  1.4900E+02  2.7142E-02
  1.5000E+02  2.6897E-02
  1.5100E+02  2.6801E-02
  1.5200E+02  2.6859E-02
  1.5300E+02  2.6823E-02
  1.5400E+02  2.6771E-02
  1.5500E+02  2.6440E-02
  1.5600E+02  2.5162E-02
  1.5700E+02  2.4314E-02
  1.5800E+02  2.3571E-02
  1.5900E+02  2.2925E-02
  1.6000E+02  2.0958E-02
  1.6100E+02  1.8513E-02
  1.6200E+02  1.8213E-02
  1.6300E+02  1.7938E-02
  1.6400E+02  1.7656E-02
  1.6500E+02  1.7369E-02
  1.6600E+02  1.7075E-02
  1.6700E+02  1.6783E-02
  1.6800E+02  1.6499E-02
  1.6900E+02  1.6224E-02
  1.7000E+02  1.6075E-02
  1.7100E+02  1.6015E-02
  1.7200E+02  1.5938E-02
  1.7300E+02  1.5778E-02
  1.7400E+02  1.5618E-02
  1.7500E+02  1.5456E-02
  1.7600E+02  1.5293E-02
  1.7700E+02  1.5131E-02
  1.7800E+02  1.4983E-02
  1.7900E+02  1.4858E-02
  1.8000E+02  1.4754E-02
  1.8100E+02  1.4672E-02
  1.8200E+02  1.4542E-02
  1.8300E+02  1.4285E-02
  1.8400E+02  1.4256E-02
  1.8500E+02  1.4279E-02
  1.8600E+02  1.4275E-02
  1.8700E+02  1.4238E-02
  1.8800E+02  1.4210E-02
  1.8900E+02  1.4284E-02
  1.9000E+02  1.4367E-02
  1.9100E+02  1.4508E-02
  1.9200E+02  1.5499E-02
  1.9300E+02  1.7957E-02
  1.9400E+02  1.7310E-02
  1.9500E+02  1.7414E-02
  1.9600E+02  1.7583E-02
  1.9700E+02  1.7679E-02
  1.9800E+02  1.7696E-02
  1.9900E+02  1.7632E-02
  2.0000E+02  1.7488E-02
  2.0100E+02  1.6605E-02
  2.0200E+02  1.5165E-02
  2.0300E+02  1.4095E-02
  2.0400E+02  1.2856E-02
  2.0500E+02  1.1450E-02
  2.0600E+02  9.8496E-03
  2.0700E+02  8.2965E-03
  2.0800E+02  6.8428E-03
  2.0900E+02  5.4884E-03
  2.1000E+02  4.2334E-03
  2.1100E+02  2.3471E-03
  2.1200E+02  1.4567E-03
  2.1300E+02  1.4769E-03
  2.1400E+02  1.4943E-03
  2.1500E+02  1.5088E-03
  2.1600E+02  1.5205E-03
  2.1700E+02  1.5293E-03
  2.1800E+02  1.5413E-03
  2.1900E+02  1.5661E-03
  2.2000E+02  1.5912E-03
  2.2100E+02  1.6165E-03
  2.2200E+02  1.6420E-03
  2.2300E+02  1.6676E-03
  2.2400E+02  1.6935E-03
  2.2500E+02  1.7196E-03
  2.2600E+02  1.7458E-03
  2.2700E+02  1.7723E-03
  2.2800E+02  1.7990E-03
  2.2900E+02  1.8258E-03
  2.3000E+02  1.8529E-03
  2.3100E+02  1.8802E-03
  2.3200E+02  1.9076E-03
  2.3300E+02  1.9353E-03
  2.3400E+02  1.9632E-03
  2.3500E+02  1.9912E-03
  2.3600E+02  2.0195E-03
  2.3700E+02  2.0480E-03
  2.3800E+02  2.0766E-03
  2.3900E+02  2.1055E-03
  2.4000E+02  2.1346E-03
  2.4100E+02  2.1639E-03
  2.4200E+02  2.1933E-03
  2.4300E+02  2.2230E-03
  2.4400E+02  2.2564E-03
  2.4500E+02  2.3008E-03
  2.4600E+02  2.3567E-03
  2.4700E+02  2.4138E-03
  2.4800E+02  2.4673E-03
  2.4900E+02  2.5190E-03
  2.5000E+02  2.5689E-03
  2.5100E+02  2.6177E-03
  2.5200E+02  2.6655E-03
  2.5300E+02  2.7123E-03
  2.5400E+02  2.7581E-03
  2.5500E+02  2.8029E-03
  2.5600E+02  2.8467E-03
  2.5700E+02  2.8894E-03
  2.5800E+02  2.9312E-03
  2.5900E+02  2.9720E-03
  2.6000E+02  3.0118E-03
  2.6100E+02  3.0506E-03
  2.6200E+02  3.0884E-03
  2.6300E+02  3.1260E-03
  2.6400E+02  3.1691E-03
  2.6500E+02  3.2138E-03
  2.6600E+02  3.2601E-03
  2.6700E+02  3.3080E-03
  2.6800E+02  3.3574E-03
  2.6900E+02  3.4084E-03
  2.7000E+02  3.4610E-03
  2.7100E+02  3.5151E-03
  2.7200E+02  3.5708E-03
  2.7300E+02  3.6280E-03
  2.7400E+02  3.6868E-03
  2.7500E+02  3.7473E-03
  2.7600E+02  3.8094E-03
  2.7700E+02  3.8731E-03
  2.7800E+02  3.9385E-03
  2.7900E+02  4.0056E-03
  2.8000E+02  4.0742E-03
  2.8100E+02  4.1449E-03
  2.8200E+02  4.2172E-03
  2.8300E+02  4.2911E-03
  2.8400E+02  4.3666E-03
  2.8500E+02  4.4438E-03
  2.8600E+02  4.5225E-03
  2.8700E+02  4.6029E-03
  2.8800E+02  4.6889E-03
  2.8900E+02  4.8075E-03
  2.9000E+02  4.9375E-03
  2.9100E+02  5.0589E-03
  2.9200E+02  5.1724E-03
  2.9300E+02  5.2779E-03
  2.9400E+02  5.3755E-03
  2.9500E+02  5.4651E-03
  2.9600E+02  5.5468E-03
  2.9700E+02  5.6212E-03
  2.9800E+02  5.7367E-03
  2.9900E+02  5.8539E-03
  3.0000E+02  5.9727E-03
  3.0100E+02  6.0931E-03
  3.0200E+02  6.2153E-03
  3.0300E+02  6.3390E-03
  3.0400E+02  6.4644E-03
  3.0500E+02  6.5915E-03
  3.0600E+02  6.7202E-03
  3.0700E+02  6.8506E-03
  3.0800E+02  6.9826E-03
  3.0900E+02  7.1910E-03
  3.1000E+02  7.3836E-03
  3.1100E+02  7.5586E-03
  3.1200E+02  7.7159E-03
  3.1300E+02  7.8623E-03
  3.1400E+02  8.0940E-03
  3.1500E+02  8.3533E-03
  3.1600E+02  8.6402E-03
  3.1700E+02  8.9547E-03
  3.1800E+02  9.2967E-03
  3.1900E+02  9.6661E-03
  3.2000E+02  1.0063E-02
  3.2100E+02  1.0488E-02
  3.2200E+02  1.0940E-02
  3.2300E+02  1.1421E-02
  3.2400E+02  1.2514E-02
  3.2500E+02  1.3352E-02
  3.2600E+02  1.3949E-02
  3.2700E+02  1.4340E-02
  3.2800E+02  1.4565E-02
  3.2900E+02  1.4701E-02
  3.3000E+02  1.4751E-02
  3.3100E+02  1.4713E-02
  3.3200E+02  1.4589E-02
  3.3300E+02  1.4535E-02
  3.3400E+02  1.4507E-02
  3.3500E+02  1.4495E-02
  3.3600E+02  1.4412E-02
  3.3700E+02  1.4231E-02
  3.3800E+02  1.3941E-02
  3.3900E+02  1.3536E-02
  3.4000E+02  1.3117E-02
  3.4100E+02  1.2850E-02
  3.4200E+02  1.2697E-02
  3.4300E+02  1.2361E-02
  3.4400E+02  1.1773E-02
  3.4500E+02  1.1168E-02
  3.4600E+02  1.0546E-02
  3.4700E+02  9.9088E-03
  3.4800E+02  9.1597E-03
  3.4900E+02  8.5187E-03
  3.5000E+02  7.9897E-03
  3.5100E+02  7.3131E-03
  3.5200E+02  6.6937E-03
  3.5300E+02  6.1403E-03
  3.5400E+02  5.7987E-03
  3.5500E+02  5.5030E-03
  3.5600E+02  5.2190E-03
  3.5700E+02  4.8850E-03
  3.5800E+02  4.5715E-03
  3.5900E+02  4.2784E-03
  3.6000E+02  4.0060E-03
  3.6100E+02  3.7546E-03
  3.6200E+02  3.5245E-03
  3.6300E+02  3.3157E-03
  3.6400E+02  3.1281E-03
  3.6500E+02  2.9618E-03
  3.6600E+02  2.8266E-03
  3.6700E+02  2.7539E-03
  3.6800E+02  2.7023E-03
  3.6900E+02  2.6718E-03
  3.7000E+02  2.6624E-03
  3.7100E+02  2.6742E-03
  3.7200E+02  2.7070E-03
  3.7300E+02  2.7610E-03
  3.7400E+02  2.8361E-03
  3.7500E+02  2.9323E-03
  3.7600E+02  3.0496E-03
  3.7700E+02  3.1865E-03
  3.7800E+02  3.3420E-03
  3.7900E+02  3.5159E-03
  3.8000E+02  3.7088E-03
  3.8100E+02  3.8210E-03
  3.8200E+02  4.1738E-03
  3.8300E+02  4.5706E-03
  3.8400E+02  4.9397E-03
  3.8500E+02  5.2827E-03
  3.8600E+02  5.6136E-03
  3.8700E+02  5.9637E-03
  3.8800E+02  6.3486E-03
  3.8900E+02  6.7683E-03
  3.9000E+02  7.2228E-03
  3.9100E+02  7.7121E-03
  3.9200E+02  8.2362E-03
  3.9300E+02  8.7802E-03
  3.9400E+02  9.2447E-03
  3.9500E+02  9.6373E-03
  3.9600E+02  9.9911E-03
  3.9700E+02  1.0479E-02
  3.9800E+02  1.1040E-02
  3.9900E+02  1.1431E-02
  4.0000E+02  1.1344E-02
  4.0100E+02  1.2206E-02
  4.0200E+02  1.3761E-02
  4.0300E+02  1.3085E-02
  4.0400E+02  1.1179E-02
  4.0500E+02  1.1115E-02
  4.0600E+02  1.1090E-02
  4.0700E+02  1.1104E-02
  4.0800E+02  1.1157E-02
  4.0900E+02  1.1247E-02
  4.1000E+02  1.1365E-02
  4.1100E+02  1.1508E-02
  4.1200E+02  1.1667E-02
  4.1300E+02  1.1764E-02
  4.1400E+02  1.1851E-02
  4.1500E+02  1.1928E-02
  4.1600E+02  1.1994E-02
  4.1700E+02  1.2051E-02
  4.1800E+02  1.2100E-02
  4.1900E+02  1.2142E-02
  4.2000E+02  1.2177E-02
  4.2100E+02  1.2206E-02
  4.2200E+02  1.2227E-02
  4.2300E+02  1.2272E-02
  4.2400E+02  1.2617E-02
  4.2500E+02  1.3611E-02
  4.2600E+02  1.3733E-02
  4.2700E+02  1.3718E-02
  4.2800E+02  1.3568E-02
  4.2900E+02  1.3196E-02
  4.3000E+02  1.2650E-02
  4.3100E+02  1.0789E-02
  4.3200E+02  1.0447E-02
  4.3300E+02  1.0200E-02
  4.3400E+02  9.9583E-03
  4.3500E+02  9.6959E-03
  4.3600E+02  9.4450E-03
  4.3700E+02  9.2994E-03
  4.3800E+02  9.1558E-03
  4.3900E+02  9.0144E-03
  4.4000E+02  8.8750E-03
  4.4100E+02  8.7376E-03
  4.4200E+02  8.6024E-03
  4.4300E+02  8.4692E-03
  4.4400E+02  8.3380E-03
  4.4500E+02  8.2090E-03
  4.4600E+02  8.0820E-03
  4.4700E+02  7.9571E-03
  4.4800E+02  7.8342E-03
  4.4900E+02  7.7134E-03
  4.5000E+02  7.5947E-03
  4.5100E+02  7.4876E-03
  4.5200E+02  7.4134E-03
  4.5300E+02  7.3731E-03
  4.5400E+02  7.3056E-03
  4.5500E+02  7.2878E-03
  4.5600E+02  7.3117E-03
  4.5700E+02  7.3737E-03
  4.5800E+02  7.4739E-03
  4.5900E+02  7.6698E-03
  4.6000E+02  7.2904E-03
  4.6100E+02  9.0355E-03
  4.6200E+02  7.5170E-03
  4.6300E+02  6.7743E-03
  4.6400E+02  6.6555E-03
  4.6500E+02  6.5374E-03
  4.6600E+02  6.4200E-03
  4.6700E+02  6.3033E-03
  4.6800E+02  6.1873E-03
  4.6900E+02  6.0720E-03
  4.7000E+02  5.9574E-03
  4.7100E+02  5.8435E-03
  4.7200E+02  5.7303E-03
  4.7300E+02  5.6178E-03
  4.7400E+02  1.3902E-02
  4.7500E+02  3.2667E-02
  4.7600E+02  5.0521E-02
  4.7700E+02  6.9439E-02
  4.7800E+02  8.0130E-02
  4.7900E+02  8.7017E-02
  4.8000E+02  7.9989E-02
  4.8100E+02  6.7887E-02
  4.8200E+02  6.8285E-02
  4.8300E+02  6.9292E-02
  4.8400E+02  7.0675E-02
  4.8500E+02  7.1102E-02
  4.8600E+02  7.0616E-02
  4.8700E+02  7.0336E-02
  4.8800E+02  7.1694E-02
  4.8900E+02  6.9240E-02
  4.9000E+02  6.9722E-02
  4.9100E+02  7.1391E-02
  4.9200E+02  7.3275E-02
  4.9300E+02  7.4993E-02
  4.9400E+02  7.7117E-02
  4.9500E+02  8.7560E-02
  4.9600E+02  8.1356E-02
  4.9700E+02  7.5814E-02
  4.9800E+02  7.0918E-02
  4.9900E+02  6.6095E-02
  5.0000E+02  6.3246E-02
  5.0100E+02  3.9306E-02
  5.0200E+02  3.4148E-02
  5.0300E+02  2.9247E-02
  5.0400E+02  2.3804E-02
  5.0500E+02  1.9171E-02
  5.0600E+02  1.6996E-02
  5.0700E+02  1.5183E-02
  5.0800E+02  1.3646E-02
  5.0900E+02  1.2384E-02
  5.1000E+02  1.1311E-02
  5.1100E+02  1.0624E-02
  5.1200E+02  1.0676E-02
  5.1300E+02  8.2520E-03
  5.1400E+02  7.2972E-03
  5.1500E+02  6.2862E-03
  5.1600E+02  5.2189E-03
  5.1700E+02  4.0953E-03
  5.1800E+02  3.1426E-03
  5.1900E+02  3.5983E-03
  5.2000E+02  9.9194E-04
  5.2100E+02  4.3880E-04
  5.2200E+02  1.0816E-04
  5.2300E+02  0.0000E+00
