 -2.8871E-05  0.0000E+00
  9.9997E-01  1.4436E-07
  2.0000E+00  5.7742E-07
  3.0000E+00  1.2992E-06
  4.0000E+00  2.3097E-06
  5.0000E+00  3.6089E-06
  6.0000E+00  5.1968E-06
  7.0000E+00  7.0734E-06
  8.0000E+00  9.2388E-06
  9.0000E+00  1.1693E-05
  1.0000E+01  1.4436E-05
  1.1000E+01  1.7467E-05
  1.2000E+01  2.0787E-05
  1.3000E+01  2.4396E-05
  1.4000E+01  2.8294E-05
  1.5000E+01  3.2480E-05
  1.6000E+01  3.6955E-05
  1.7000E+01  4.1719E-05
  1.8000E+01  4.6771E-05
  1.9000E+01  5.2112E-05
  2.0000E+01  5.7742E-05
  2.1000E+01  6.3661E-05
  2.2000E+01  6.9868E-05
  2.3000E+01  7.6364E-05
  2.4000E+01  8.3149E-05
  2.5000E+01  9.0222E-05
  2.6000E+01  9.7584E-05
  2.7000E+01  1.0524E-04
  2.8000E+01  1.1317E-04
  2.9000E+01  1.2140E-04
  3.0000E+01  1.2992E-04
  3.1000E+01  1.3873E-04
  3.2000E+01  1.4782E-04
  3.3000E+01  1.5720E-04
  3.4000E+01  1.6688E-04
  3.5000E+01  1.7684E-04
  3.6000E+01  1.8709E-04
  3.7000E+01  1.9762E-04
  3.8000E+01  2.0845E-04
  3.9000E+01  2.1957E-04
  4.0000E+01  2.3097E-04
  4.1000E+01  2.4266E-04
  4.2000E+01  2.5464E-04
  4.3000E+01  2.6691E-04
  4.4000E+01  2.7947E-04
  4.5000E+01  2.9232E-04
  4.6000E+01  3.0546E-04
  4.7000E+01  3.1888E-04
  4.8000E+01  3.3260E-04
  4.9000E+01  3.4660E-04
  5.0000E+01  3.6089E-04
  5.1000E+01  3.7547E-04
  5.2000E+01  3.9034E-04
  5.3000E+01  4.0550E-04
  5.4000E+01  4.2094E-04
  5.5000E+01  4.3668E-04
  5.6000E+01  4.5270E-04
  5.7000E+01  4.6901E-04
  5.8000E+01  4.8561E-04
  5.9000E+01  5.0250E-04
  6.0000E+01  5.1968E-04
  6.1000E+01  5.3715E-04
  6.2000E+01  5.5490E-04
  6.3000E+01  5.7295E-04
  6.4000E+01  5.9128E-04
  6.5000E+01  6.0990E-04
  6.6000E+01  6.2881E-04
  6.7000E+01  6.4801E-04
  6.8000E+01  6.6750E-04
  6.9000E+01  6.8728E-04
  7.0000E+01  7.0734E-04
  7.1000E+01  7.2770E-04
  7.2000E+01  7.4834E-04
  7.3000E+01  7.6927E-04
  7.4000E+01  7.9049E-04
  7.5000E+01  9.1185E-04
  7.6000E+01  1.1240E-03
  7.7000E+01  1.3331E-03
  7.8000E+01  1.5394E-03
  7.9000E+01  1.7427E-03
  8.0000E+01  1.9430E-03
  8.1000E+01  2.1405E-03
  8.2000E+01  2.3350E-03
  8.3000E+01  2.5265E-03
  8.4000E+01  2.7152E-03
  8.5000E+01  2.9009E-03
  8.6000E+01  3.0836E-03
  8.7000E+01  3.2635E-03
  8.8000E+01  3.4404E-03
  8.9000E+01  3.6143E-03
  9.0000E+01  3.7853E-03
  9.1000E+01  3.9534E-03
  9.2000E+01  4.1186E-03
  9.3000E+01  4.2808E-03
  9.4000E+01  4.4401E-03
  9.5000E+01  4.5965E-03
  9.6000E+01  4.7499E-03
  9.7000E+01  4.9004E-03
  9.8000E+01  5.0479E-03
  9.9000E+01  5.1932E-03
  1.0000E+02  5.3883E-03
  1.0100E+02  5.6610E-03
  1.0200E+02  6.0132E-03
  1.0300E+02  6.4451E-03
  1.0400E+02  6.9499E-03
  1.0500E+02  7.4718E-03
  1.0600E+02  7.9980E-03
  1.0700E+02  8.5285E-03
  1.0800E+02  9.0633E-03
  1.0900E+02  9.6024E-03
  1.1000E+02  1.0165E-02
  1.1100E+02  1.0960E-02
  1.1200E+02  1.1736E-02
  1.1300E+02  1.2495E-02
  1.1400E+02  1.3237E-02
  1.1500E+02  1.3960E-02
  1.1600E+02  1.4665E-02
  1.1700E+02  1.5353E-02
  1.1800E+02  1.6022E-02
  1.1900E+02  1.6674E-02
  1.2000E+02  1.7308E-02
  1.2100E+02  1.7838E-02
  1.2200E+02  1.8255E-02
  1.2300E+02  1.8712E-02
  1.2400E+02  1.9210E-02
  1.2500E+02  1.9749E-02
  1.2600E+02  2.0329E-02
  1.2700E+02  3.0748E-02
  1.2800E+02  2.1563E-02
  1.2900E+02  2.1682E-02
  1.3000E+02  2.1773E-02
  1.3100E+02  2.1838E-02
  1.3200E+02  2.1877E-02
  1.3300E+02  2.1888E-02
  1.3400E+02  2.2166E-02
  1.3500E+02  2.3059E-02
  1.3600E+02  2.4522E-02
  1.3700E+02  2.6546E-02
  1.3800E+02  2.5823E-02
  1.3900E+02  2.5267E-02
  1.4000E+02  2.4918E-02
  1.4100E+02  2.4777E-02
  1.4200E+02  2.4759E-02
  1.4300E+02  2.4759E-02
  1.4400E+02  2.4778E-02
  1.4500E+02  2.4815E-02
  1.4600E+02  2.5352E-02
  1.4700E+02  2.6130E-02
  1.4800E+02  2.6423E-02
  1.4900E+02  2.6228E-02
  1.5000E+02  2.5548E-02
  1.5100E+02  2.4381E-02
  1.5200E+02  2.4004E-02
  1.5300E+02  2.3756E-02
  1.5400E+02  2.3505E-02
  1.5500E+02  2.3252E-02
  1.5600E+02  2.2995E-02
  1.5700E+02  2.2735E-02
  1.5800E+02  2.2473E-02
  1.5900E+02  2.2207E-02
  1.6000E+02  2.1939E-02
  1.6100E+02  2.1635E-02
  1.6200E+02  2.1235E-02
  1.6300E+02  2.0915E-02
  1.6400E+02  2.1200E-02
  1.6500E+02  2.1306E-02
  1.6600E+02  2.1234E-02
  1.6700E+02  2.0984E-02
  1.6800E+02  2.0555E-02
  1.6900E+02  1.9938E-02
  1.7000E+02  1.8944E-02
  1.7100E+02  2.7514E-02
  1.7200E+02  2.8337E-02
  1.7300E+02  2.2309E-02
  1.7400E+02  2.2057E-02
  1.7500E+02  2.1832E-02
  1.7600E+02  2.1636E-02
  1.7700E+02  2.1467E-02
  1.7800E+02  2.1325E-02
  1.7900E+02  2.1212E-02
  1.8000E+02  2.1126E-02
  1.8100E+02  2.3465E-02
  1.8200E+02  2.5081E-02
  1.8300E+02  2.3733E-02
  1.8400E+02  1.9206E-02
  1.8500E+02  1.8585E-02
  1.8600E+02  1.7964E-02
  1.8700E+02  1.7344E-02
  1.8800E+02  1.6722E-02
  1.8900E+02  1.6101E-02
  1.9000E+02  1.5480E-02
  1.9100E+02  1.4858E-02
  1.9200E+02  1.4236E-02
  1.9300E+02  1.3614E-02
  1.9400E+02  1.2991E-02
  1.9500E+02  1.2369E-02
  1.9600E+02  1.1746E-02
  1.9700E+02  1.1123E-02
  1.9800E+02  1.0500E-02
  1.9900E+02  9.8762E-03
  2.0000E+02  9.2525E-03
  2.0100E+02  8.6286E-03
  2.0200E+02  8.0045E-03
  2.0300E+02  7.3802E-03
  2.0400E+02  6.4707E-03
  2.0500E+02  5.5493E-03
  2.0600E+02  4.7218E-03
  2.0700E+02  3.9882E-03
  2.0800E+02  3.3485E-03
  2.0900E+02  2.8027E-03
  2.1000E+02  2.3509E-03
  2.1100E+02  1.9929E-03
  2.1200E+02  1.7289E-03
  2.1300E+02  1.5587E-03
  2.1400E+02  1.4825E-03
  2.1500E+02  1.4897E-03
  2.1600E+02  1.5101E-03
  2.1700E+02  1.5306E-03
  2.1800E+02  1.5512E-03
  2.1900E+02  1.5719E-03
  2.2000E+02  1.5927E-03
  2.2100E+02  1.6208E-03
  2.2200E+02  1.6516E-03
  2.2300E+02  1.6824E-03
  2.2400E+02  1.7130E-03
  2.2500E+02  1.7436E-03
  2.2600E+02  1.7740E-03
  2.2700E+02  1.8045E-03
  2.2800E+02  1.8348E-03
  2.2900E+02  1.8650E-03
  2.3000E+02  1.8952E-03
  2.3100E+02  1.9252E-03
  2.3200E+02  1.9552E-03
  2.3300E+02  1.9852E-03
  2.3400E+02  2.0150E-03
  2.3500E+02  2.0447E-03
  2.3600E+02  2.0744E-03
  2.3700E+02  2.1040E-03
  2.3800E+02  2.1335E-03
  2.3900E+02  2.1629E-03
  2.4000E+02  2.1923E-03
  2.4100E+02  2.2216E-03
  2.4200E+02  2.2507E-03
  2.4300E+02  2.2798E-03
  2.4400E+02  2.3089E-03
  2.4500E+02  2.3378E-03
  2.4600E+02  2.3667E-03
  2.4700E+02  2.3955E-03
  2.4800E+02  2.4241E-03
  2.4900E+02  2.4528E-03
  2.5000E+02  2.4813E-03
  2.5100E+02  2.5098E-03
  2.5200E+02  2.5381E-03
  2.5300E+02  2.5664E-03
  2.5400E+02  2.5946E-03
  2.5500E+02  2.6228E-03
  2.5600E+02  2.6546E-03
  2.5700E+02  2.6975E-03
  2.5800E+02  2.7420E-03
  2.5900E+02  2.7880E-03
  2.6000E+02  2.8355E-03
  2.6100E+02  2.8846E-03
  2.6200E+02  2.9352E-03
  2.6300E+02  2.9874E-03
  2.6400E+02  3.0412E-03
  2.6500E+02  3.0965E-03
  2.6600E+02  3.1533E-03
  2.6700E+02  3.2117E-03
  2.6800E+02  3.2716E-03
  2.6900E+02  3.3331E-03
  2.7000E+02  3.3961E-03
  2.7100E+02  3.4607E-03
  2.7200E+02  3.5268E-03
  2.7300E+02  3.5945E-03
  2.7400E+02  3.6637E-03
  2.7500E+02  3.7344E-03
  2.7600E+02  3.8068E-03
  2.7700E+02  3.8806E-03
  2.7800E+02  3.9560E-03
  2.7900E+02  4.0330E-03
  2.8000E+02  4.1115E-03
  2.8100E+02  4.1915E-03
  2.8200E+02  4.2731E-03
  2.8300E+02  4.3563E-03
  2.8400E+02  4.4410E-03
  2.8500E+02  4.5272E-03
  2.8600E+02  4.6150E-03
  2.8700E+02  4.7044E-03
  2.8800E+02  4.7953E-03
  2.8900E+02  4.8877E-03
  2.9000E+02  4.9817E-03
  2.9100E+02  5.0772E-03
  2.9200E+02  5.1743E-03
  2.9300E+02  5.2729E-03
  2.9400E+02  5.3731E-03
  2.9500E+02  5.4748E-03
  2.9600E+02  5.5781E-03
  2.9700E+02  5.6832E-03
  2.9800E+02  5.9178E-03
  2.9900E+02  6.1973E-03
  3.0000E+02  6.4838E-03
  3.0100E+02  6.7772E-03
  3.0200E+02  7.0774E-03
  3.0300E+02  7.3846E-03
  3.0400E+02  7.6987E-03
  3.0500E+02  8.0197E-03
  3.0600E+02  8.3477E-03
  3.0700E+02  8.6825E-03
  3.0800E+02  9.0242E-03
  3.0900E+02  9.3729E-03
  3.1000E+02  9.7095E-03
  3.1100E+02  9.9783E-03
  3.1200E+02  1.0238E-02
  3.1300E+02  1.0488E-02
  3.1400E+02  1.0730E-02
  3.1500E+02  1.0962E-02
  3.1600E+02  1.1184E-02
  3.1700E+02  1.1398E-02
  3.1800E+02  1.1602E-02
  3.1900E+02  1.1796E-02
  3.2000E+02  1.1981E-02
  3.2100E+02  1.2157E-02
  3.2200E+02  1.2324E-02
  3.2300E+02  1.2481E-02
  3.2400E+02  1.2629E-02
  3.2500E+02  1.2768E-02
  3.2600E+02  1.2897E-02
  3.2700E+02  1.3017E-02
  3.2800E+02  1.3128E-02
  3.2900E+02  1.3229E-02
  3.3000E+02  1.3321E-02
  3.3100E+02  1.3404E-02
  3.3200E+02  1.4628E-02
  3.3300E+02  1.5474E-02
  3.3400E+02  1.5015E-02
  3.3500E+02  1.4484E-02
  3.3600E+02  1.4123E-02
  3.3700E+02  1.3744E-02
  3.3800E+02  1.3350E-02
  3.3900E+02  1.2938E-02
  3.4000E+02  1.2510E-02
  3.4100E+02  1.2065E-02
  3.4200E+02  1.1604E-02
  3.4300E+02  1.1126E-02
  3.4400E+02  1.0631E-02
  3.4500E+02  1.0125E-02
  3.4600E+02  9.6573E-03
  3.4700E+02  9.2402E-03
  3.4800E+02  8.8738E-03
  3.4900E+02  8.5579E-03
  3.5000E+02  8.2638E-03
  3.5100E+02  7.8255E-03
  3.5200E+02  7.3980E-03
  3.5300E+02  6.9814E-03
  3.5400E+02  6.5757E-03
  3.5500E+02  6.1809E-03
  3.5600E+02  5.7970E-03
  3.5700E+02  5.4240E-03
  3.5800E+02  5.0619E-03
  3.5900E+02  4.7106E-03
  3.6000E+02  4.3703E-03
  3.6100E+02  4.0409E-03
  3.6200E+02  3.7223E-03
  3.6300E+02  3.4147E-03
  3.6400E+02  3.1180E-03
  3.6500E+02  2.8321E-03
  3.6600E+02  2.5572E-03
  3.6700E+02  2.2931E-03
  3.6800E+02  2.0399E-03
  3.6900E+02  1.7977E-03
  3.7000E+02  1.5663E-03
  3.7100E+02  1.3458E-03
  3.7200E+02  1.1362E-03
  3.7300E+02  9.3754E-04
  3.7400E+02  7.8232E-04
  3.7500E+02  8.6067E-04
  3.7600E+02  9.8251E-04
  3.7700E+02  1.1461E-03
  3.7800E+02  1.3505E-03
  3.7900E+02  1.5957E-03
  3.8000E+02  1.8816E-03
  3.8100E+02  2.2083E-03
  3.8200E+02  2.5758E-03
  3.8300E+02  2.9840E-03
  3.8400E+02  3.4330E-03
  3.8500E+02  3.9228E-03
  3.8600E+02  4.4533E-03
  3.8700E+02  5.0246E-03
  3.8800E+02  5.6366E-03
  3.8900E+02  6.1983E-03
  3.9000E+02  6.6316E-03
  3.9100E+02  6.9366E-03
  3.9200E+02  7.1523E-03
  3.9300E+02  7.4633E-03
  3.9400E+02  7.7660E-03
  3.9500E+02  8.0604E-03
  3.9600E+02  8.3465E-03
  3.9700E+02  8.6244E-03
  3.9800E+02  8.8940E-03
  3.9900E+02  9.1553E-03
  4.0000E+02  9.4083E-03
  4.0100E+02  9.6530E-03
  4.0200E+02  9.8895E-03
  4.0300E+02  1.0118E-02
  4.0400E+02  1.0338E-02
  4.0500E+02  1.0549E-02
  4.0600E+02  1.0753E-02
  4.0700E+02  1.0948E-02
  4.0800E+02  1.1135E-02
  4.0900E+02  1.1313E-02
  4.1000E+02  1.1483E-02
  4.1100E+02  1.1645E-02
  4.1200E+02  1.1799E-02
  4.1300E+02  1.1944E-02
  4.1400E+02  1.2082E-02
  4.1500E+02  1.2210E-02
  4.1600E+02  1.2331E-02
  4.1700E+02  1.2451E-02
  4.1800E+02  1.2593E-02
  4.1900E+02  1.2758E-02
  4.2000E+02  1.2947E-02
  4.2100E+02  1.3158E-02
  4.2200E+02  1.3393E-02
  4.2300E+02  1.3651E-02
  4.2400E+02  1.7570E-02
  4.2500E+02  2.0297E-02
  4.2600E+02  2.1500E-02
  4.2700E+02  2.1564E-02
  4.2800E+02  2.0985E-02
  4.2900E+02  1.9923E-02
  4.3000E+02  1.8380E-02
  4.3100E+02  1.4875E-02
  4.3200E+02  1.0613E-02
  4.3300E+02  1.0033E-02
  4.3400E+02  9.8887E-03
  4.3500E+02  9.7453E-03
  4.3600E+02  9.6031E-03
  4.3700E+02  9.4623E-03
  4.3800E+02  9.3228E-03
  4.3900E+02  9.1846E-03
  4.4000E+02  9.0476E-03
  4.4100E+02  8.9120E-03
  4.4200E+02  8.7777E-03
  4.4300E+02  8.6447E-03
  4.4400E+02  8.5130E-03
  4.4500E+02  8.3826E-03
  4.4600E+02  8.2535E-03
  4.4700E+02  8.1257E-03
  4.4800E+02  7.9993E-03
  4.4900E+02  7.8741E-03
  4.5000E+02  7.7502E-03
  4.5100E+02  7.6276E-03
  4.5200E+02  7.5064E-03
  4.5300E+02  7.3864E-03
  4.5400E+02  7.2678E-03
  4.5500E+02  7.1504E-03
  4.5600E+02  7.0344E-03
  4.5700E+02  6.9197E-03
  4.5800E+02  6.8062E-03
  4.5900E+02  6.6941E-03
  4.6000E+02  6.5833E-03
  4.6100E+02  6.4737E-03
  4.6200E+02  6.3655E-03
  4.6300E+02  6.2586E-03
  4.6400E+02  6.1530E-03
  4.6500E+02  6.0487E-03
  4.6600E+02  5.9457E-03
  4.6700E+02  5.8440E-03
  4.6800E+02  5.7436E-03
  4.6900E+02  5.6446E-03
  4.7000E+02  5.5468E-03
  4.7100E+02  5.4503E-03
  4.7200E+02  5.9671E-03
  4.7300E+02  1.1020E-02
  4.7400E+02  1.5783E-02
  4.7500E+02  2.0915E-02
  4.7600E+02  3.7748E-02
  4.7700E+02  5.6420E-02
  4.7800E+02  7.2689E-02
  4.7900E+02  7.3431E-02
  4.8000E+02  6.9958E-02
  4.8100E+02  7.0891E-02
  4.8200E+02  7.3704E-02
  4.8300E+02  7.7089E-02
  4.8400E+02  8.0512E-02
  4.8500E+02  8.3082E-02
  4.8600E+02  8.6783E-02
  4.8700E+02  9.6220E-02
  4.8800E+02  9.6602E-02
  4.8900E+02  8.2647E-02
  4.9000E+02  7.9573E-02
  4.9100E+02  7.6723E-02
  4.9200E+02  7.4098E-02
  4.9300E+02  7.1696E-02
  4.9400E+02  6.9519E-02
  4.9500E+02  6.7566E-02
  4.9600E+02  6.5837E-02
  4.9700E+02  6.7097E-02
  4.9800E+02  7.7973E-02
  4.9900E+02  7.4763E-02
  5.0000E+02  5.8746E-02
  5.0100E+02  4.3086E-02
  5.0200E+02  3.2277E-02
  5.0300E+02  2.5666E-02
  5.0400E+02  2.1955E-02
  5.0500E+02  1.9842E-02
  5.0600E+02  1.7806E-02
  5.0700E+02  1.5847E-02
  5.0800E+02  1.3965E-02
  5.0900E+02  1.2160E-02
  5.1000E+02  1.0433E-02
  5.1100E+02  8.9426E-03
  5.1200E+02  9.7355E-03
  5.1300E+02  8.6932E-03
  5.1400E+02  3.2273E-03
  5.1500E+02  2.5490E-03
  5.1600E+02  1.9506E-03
  5.1700E+02  1.4321E-03
  5.1800E+02  9.9362E-04
  5.1900E+02  6.3502E-04
  5.2000E+02  3.5637E-04
  5.2100E+02  1.5765E-04
  5.2200E+02  3.8859E-05
  5.2300E+02  0.0000E+00
