 -1.3167E-05  0.0000E+00
  9.9999E-01  1.2785E-07
  2.0000E+00  5.1141E-07
  3.0000E+00  1.1507E-06
  4.0000E+00  2.0456E-06
  5.0000E+00  3.1963E-06
  6.0000E+00  4.6027E-06
  7.0000E+00  6.2648E-06
  8.0000E+00  8.1826E-06
  9.0000E+00  1.0356E-05
  1.0000E+01  1.2785E-05
  1.1000E+01  1.5470E-05
  1.2000E+01  1.8411E-05
  1.3000E+01  2.1607E-05
  1.4000E+01  2.5059E-05
  1.5000E+01  2.8767E-05
  1.6000E+01  3.2730E-05
  1.7000E+01  3.6950E-05
  1.8000E+01  4.1424E-05
  1.9000E+01  4.6155E-05
  2.0000E+01  5.1141E-05
  2.1000E+01  5.6383E-05
  2.2000E+01  6.1881E-05
  2.3000E+01  6.7634E-05
  2.4000E+01  7.3643E-05
  2.5000E+01  7.9908E-05
  2.6000E+01  8.6429E-05
  2.7000E+01  9.3205E-05
  2.8000E+01  1.0024E-04
  2.9000E+01  1.0752E-04
  3.0000E+01  1.1507E-04
  3.1000E+01  1.2287E-04
  3.2000E+01  1.3092E-04
  3.3000E+01  1.3923E-04
  3.4000E+01  1.4780E-04
  3.5000E+01  1.5662E-04
  3.6000E+01  1.6570E-04
  3.7000E+01  1.7503E-04
  3.8000E+01  1.8462E-04
  3.9000E+01  1.9446E-04
  4.0000E+01  2.0457E-04
  4.1000E+01  2.1492E-04
  4.2000E+01  2.2553E-04
  4.3000E+01  2.3640E-04
  4.4000E+01  2.4752E-04
  4.5000E+01  2.5890E-04
  4.6000E+01  2.7054E-04
  4.7000E+01  2.8243E-04
  4.8000E+01  2.9457E-04
  4.9000E+01  3.0698E-04
  5.0000E+01  3.1963E-04
  5.1000E+01  3.3255E-04
  5.2000E+01  3.4572E-04
  5.3000E+01  3.5914E-04
  5.4000E+01  3.7282E-04
  5.5000E+01  3.8676E-04
  5.6000E+01  4.0095E-04
  5.7000E+01  4.1540E-04
  5.8000E+01  4.3010E-04
  5.9000E+01  4.4506E-04
  6.0000E+01  4.6027E-04
  6.1000E+01  4.7574E-04
  6.2000E+01  4.9147E-04
  6.3000E+01  5.0745E-04
  6.4000E+01  5.2369E-04
  6.5000E+01  5.4018E-04
  6.6000E+01  5.5693E-04
  6.7000E+01  6.4010E-04
  6.8000E+01  7.8715E-04
  6.9000E+01  9.3188E-04
  7.0000E+01  1.0743E-03
  7.1000E+01  1.2144E-03
  7.2000E+01  1.3522E-03
  7.3000E+01  1.4877E-03
  7.4000E+01  1.6208E-03
  7.5000E+01  1.7517E-03
  7.6000E+01  1.8802E-03
  7.7000E+01  2.0064E-03
  7.8000E+01  2.1303E-03
  7.9000E+01  2.2519E-03
  8.0000E+01  2.3711E-03
  8.1000E+01  2.4881E-03
  8.2000E+01  2.6027E-03
  8.3000E+01  2.7151E-03
  8.4000E+01  2.8251E-03
  8.5000E+01  2.9327E-03
  8.6000E+01  3.0381E-03
  8.7000E+01  3.1412E-03
  8.8000E+01  3.2419E-03
  8.9000E+01  3.3404E-03
  9.0000E+01  3.4512E-03
  9.1000E+01  3.5727E-03
  9.2000E+01  3.6995E-03
  9.3000E+01  3.8316E-03
  9.4000E+01  3.9689E-03
  9.5000E+01  4.1126E-03
  9.6000E+01  4.3029E-03
  9.7000E+01  4.5603E-03
  9.8000E+01  4.8848E-03
  9.9000E+01  5.2793E-03
  1.0000E+02  5.8037E-03
  1.0100E+02  6.3140E-03
  1.0200E+02  6.8101E-03
  1.0300E+02  7.3759E-03
  1.0400E+02  7.9590E-03
  1.0500E+02  8.5285E-03
  1.0600E+02  9.0844E-03
  1.0700E+02  9.6269E-03
  1.0800E+02  1.0156E-02
  1.0900E+02  1.0671E-02
  1.1000E+02  1.1173E-02
  1.1100E+02  1.1661E-02
  1.1200E+02  1.2132E-02
  1.1300E+02  1.2605E-02
  1.1400E+02  1.3083E-02
  1.1500E+02  1.3567E-02
  1.1600E+02  1.4057E-02
  1.1700E+02  1.4551E-02
  1.1800E+02  1.5051E-02
  1.1900E+02  1.5557E-02
  1.2000E+02  1.6984E-02
  1.2100E+02  2.0050E-02
  1.2200E+02  2.0258E-02
  1.2300E+02  2.1173E-02
  1.2400E+02  2.2261E-02
  1.2500E+02  1.9118E-02
  1.2600E+02  1.9652E-02
  1.2700E+02  2.1131E-02
  1.2800E+02  2.2224E-02
  1.2900E+02  2.2809E-02
  1.3000E+02  2.2886E-02
  1.3100E+02  2.2455E-02
  1.3200E+02  2.2080E-02
  1.3300E+02  2.2334E-02
  1.3400E+02  2.2968E-02
  1.3500E+02  2.5784E-02
  1.3600E+02  2.8575E-02
  1.3700E+02  3.0066E-02
  1.3800E+02  3.1483E-02
  1.3900E+02  2.9970E-02
  1.4000E+02  2.9090E-02
  1.4100E+02  2.8336E-02
  1.4200E+02  2.8178E-02
  1.4300E+02  2.7986E-02
  1.4400E+02  2.7719E-02
  1.4500E+02  2.7283E-02
  1.4600E+02  2.6676E-02
  1.4700E+02  2.5900E-02
  1.4800E+02  2.5343E-02
  1.4900E+02  2.4963E-02
  1.5000E+02  2.4590E-02
  1.5100E+02  2.4226E-02
  1.5200E+02  2.3868E-02
  1.5300E+02  2.3519E-02
  1.5400E+02  2.4094E-02
  1.5500E+02  2.3995E-02
  1.5600E+02  2.4680E-02
  1.5700E+02  2.5087E-02
  1.5800E+02  2.5329E-02
  1.5900E+02  2.5852E-02
  1.6000E+02  2.3660E-02
  1.6100E+02  2.3317E-02
  1.6200E+02  2.2964E-02
  1.6300E+02  2.2602E-02
  1.6400E+02  2.2231E-02
  1.6500E+02  2.1851E-02
  1.6600E+02  2.2350E-02
  1.6700E+02  2.1380E-02
  1.6800E+02  2.0006E-02
  1.6900E+02  1.9777E-02
  1.7000E+02  1.9550E-02
  1.7100E+02  1.9646E-02
  1.7200E+02  1.9542E-02
  1.7300E+02  1.6641E-02
  1.7400E+02  1.4980E-02
  1.7500E+02  1.7069E-02
  1.7600E+02  1.3474E-02
  1.7700E+02  1.3553E-02
  1.7800E+02  1.3626E-02
  1.7900E+02  1.3693E-02
  1.8000E+02  1.3753E-02
  1.8100E+02  1.3806E-02
  1.8200E+02  1.3853E-02
  1.8300E+02  1.3893E-02
  1.8400E+02  1.3927E-02
  1.8500E+02  1.3955E-02
  1.8600E+02  1.3976E-02
  1.8700E+02  1.3990E-02
  1.8800E+02  1.3998E-02
  1.8900E+02  1.4000E-02
  1.9000E+02  1.3995E-02
  1.9100E+02  1.3984E-02
  1.9200E+02  1.3966E-02
  1.9300E+02  1.3942E-02
  1.9400E+02  1.3911E-02
  1.9500E+02  1.4842E-02
  1.9600E+02  1.4644E-02
  1.9700E+02  1.4376E-02
  1.9800E+02  1.4037E-02
  1.9900E+02  1.3628E-02
  2.0000E+02  1.3157E-02
  2.0100E+02  1.2615E-02
  2.0200E+02  1.2002E-02
  2.0300E+02  1.1319E-02
  2.0400E+02  1.0564E-02
  2.0500E+02  9.7440E-03
  2.0600E+02  8.9001E-03
  2.0700E+02  8.0410E-03
  2.0800E+02  7.1664E-03
  2.0900E+02  6.6593E-03
  2.1000E+02  5.1001E-03
  2.1100E+02  1.3540E-03
  2.1200E+02  1.3759E-03
  2.1300E+02  1.3976E-03
  2.1400E+02  1.4192E-03
  2.1500E+02  1.4405E-03
  2.1600E+02  1.4617E-03
  2.1700E+02  1.4827E-03
  2.1800E+02  1.5035E-03
  2.1900E+02  1.5242E-03
  2.2000E+02  1.5447E-03
  2.2100E+02  1.5650E-03
  2.2200E+02  1.5851E-03
  2.2300E+02  1.6051E-03
  2.2400E+02  1.6248E-03
  2.2500E+02  1.6444E-03
  2.2600E+02  1.6639E-03
  2.2700E+02  1.6831E-03
  2.2800E+02  1.7022E-03
  2.2900E+02  1.7211E-03
  2.3000E+02  1.7398E-03
  2.3100E+02  1.7643E-03
  2.3200E+02  1.7921E-03
  2.3300E+02  1.8206E-03
  2.3400E+02  1.8499E-03
  2.3500E+02  1.8799E-03
  2.3600E+02  1.9107E-03
  2.3700E+02  1.9422E-03
  2.3800E+02  1.9745E-03
  2.3900E+02  2.0076E-03
  2.4000E+02  2.0414E-03
  2.4100E+02  2.0760E-03
  2.4200E+02  2.1113E-03
  2.4300E+02  2.1474E-03
  2.4400E+02  2.1842E-03
  2.4500E+02  2.2218E-03
  2.4600E+02  2.2602E-03
  2.4700E+02  2.2993E-03
  2.4800E+02  2.3392E-03
  2.4900E+02  2.3798E-03
  2.5000E+02  2.4212E-03
  2.5100E+02  2.4634E-03
  2.5200E+02  2.5063E-03
  2.5300E+02  2.5499E-03
  2.5400E+02  2.5944E-03
  2.5500E+02  2.6395E-03
  2.5600E+02  2.6855E-03
  2.5700E+02  2.7322E-03
  2.5800E+02  2.7796E-03
  2.5900E+02  2.8279E-03
  2.6000E+02  2.8768E-03
  2.6100E+02  2.9266E-03
  2.6200E+02  2.9770E-03
  2.6300E+02  3.0291E-03
  2.6400E+02  3.0839E-03
  2.6500E+02  3.1415E-03
  2.6600E+02  3.2020E-03
  2.6700E+02  3.2653E-03
  2.6800E+02  3.3315E-03
  2.6900E+02  3.4005E-03
  2.7000E+02  3.4723E-03
  2.7100E+02  3.5469E-03
  2.7200E+02  3.6244E-03
  2.7300E+02  3.7047E-03
  2.7400E+02  3.7858E-03
  2.7500E+02  3.8608E-03
  2.7600E+02  3.9315E-03
  2.7700E+02  3.9977E-03
  2.7800E+02  4.0597E-03
  2.7900E+02  4.1173E-03
  2.8000E+02  4.1706E-03
  2.8100E+02  4.2196E-03
  2.8200E+02  4.2643E-03
  2.8300E+02  4.3046E-03
  2.8400E+02  4.3583E-03
  2.8500E+02  4.4496E-03
  2.8600E+02  4.5433E-03
  2.8700E+02  4.6394E-03
  2.8800E+02  4.7380E-03
  2.8900E+02  4.8389E-03
  2.9000E+02  4.9423E-03
  2.9100E+02  5.0482E-03
  2.9200E+02  5.1564E-03
  2.9300E+02  5.2671E-03
  2.9400E+02  5.3802E-03
  2.9500E+02  5.4958E-03
  2.9600E+02  5.6137E-03
  2.9700E+02  5.7341E-03
  2.9800E+02  5.8570E-03
  2.9900E+02  5.9822E-03
  3.0000E+02  6.1099E-03
  3.0100E+02  6.2400E-03
  3.0200E+02  6.3725E-03
  3.0300E+02  6.5075E-03
  3.0400E+02  6.6448E-03
  3.0500E+02  6.7846E-03
  3.0600E+02  6.9269E-03
  3.0700E+02  7.0715E-03
  3.0800E+02  7.2186E-03
  3.0900E+02  7.3681E-03
  3.1000E+02  7.5201E-03
  3.1100E+02  7.8020E-03
  3.1200E+02  8.5300E-03
  3.1300E+02  9.2559E-03
  3.1400E+02  9.9656E-03
  3.1500E+02  1.0659E-02
  3.1600E+02  1.1336E-02
  3.1700E+02  1.1998E-02
  3.1800E+02  1.2643E-02
  3.1900E+02  1.3266E-02
  3.2000E+02  1.3541E-02
  3.2100E+02  1.2508E-02
  3.2200E+02  1.2643E-02
  3.2300E+02  1.2771E-02
  3.2400E+02  1.2893E-02
  3.2500E+02  1.3007E-02
  3.2600E+02  1.3114E-02
  3.2700E+02  1.3214E-02
  3.2800E+02  1.3308E-02
  3.2900E+02  1.3394E-02
  3.3000E+02  1.3473E-02
  3.3100E+02  1.3546E-02
  3.3200E+02  1.3611E-02
  3.3300E+02  1.3669E-02
  3.3400E+02  1.3721E-02
  3.3500E+02  1.3765E-02
  3.3600E+02  1.3803E-02
  3.3700E+02  1.3833E-02
  3.3800E+02  1.3857E-02
  3.3900E+02  1.3873E-02
  3.4000E+02  1.3883E-02
  3.4100E+02  1.3950E-02
  3.4200E+02  1.4016E-02
  3.4300E+02  1.4033E-02
  3.4400E+02  1.4000E-02
  3.4500E+02  1.3919E-02
  3.4600E+02  1.3787E-02
  3.4700E+02  1.3607E-02
  3.4800E+02  1.3377E-02
  3.4900E+02  1.3225E-02
  3.5000E+02  5.4188E-03
  3.5100E+02  4.7960E-03
  3.5200E+02  4.2729E-03
  3.5300E+02  3.8494E-03
  3.5400E+02  3.5257E-03
  3.5500E+02  3.3246E-03
  3.5600E+02  3.2413E-03
  3.5700E+02  3.1582E-03
  3.5800E+02  3.0750E-03
  3.5900E+02  2.9919E-03
  3.6000E+02  2.9088E-03
  3.6100E+02  2.8257E-03
  3.6200E+02  2.7427E-03
  3.6300E+02  2.6597E-03
  3.6400E+02  2.5767E-03
  3.6500E+02  2.4938E-03
  3.6600E+02  2.4109E-03
  3.6700E+02  2.3280E-03
  3.6800E+02  2.2451E-03
  3.6900E+02  2.1623E-03
  3.7000E+02  2.0795E-03
  3.7100E+02  1.9968E-03
  3.7200E+02  1.9141E-03
  3.7300E+02  1.8314E-03
  3.7400E+02  1.7487E-03
  3.7500E+02  2.3037E-03
  3.7600E+02  2.4940E-03
  3.7700E+02  2.6858E-03
  3.7800E+02  2.8729E-03
  3.7900E+02  3.0597E-03
  3.8000E+02  3.2499E-03
  3.8100E+02  3.4434E-03
  3.8200E+02  3.6402E-03
  3.8300E+02  3.8404E-03
  3.8400E+02  4.0439E-03
  3.8500E+02  4.2507E-03
  3.8600E+02  4.4608E-03
  3.8700E+02  4.6743E-03
  3.8800E+02  4.8910E-03
  3.8900E+02  5.1111E-03
  3.9000E+02  5.3346E-03
  3.9100E+02  5.5613E-03
  3.9200E+02  5.7914E-03
  3.9300E+02  6.0248E-03
  3.9400E+02  6.2615E-03
  3.9500E+02  6.5016E-03
  3.9600E+02  6.7449E-03
  3.9700E+02  6.9916E-03
  3.9800E+02  7.2927E-03
  3.9900E+02  8.1265E-03
  4.0000E+02  9.7649E-03
  4.0100E+02  1.0809E-02
  4.0200E+02  1.1784E-02
  4.0300E+02  1.2690E-02
  4.0400E+02  1.3527E-02
  4.0500E+02  1.4295E-02
  4.0600E+02  1.4994E-02
  4.0700E+02  1.5677E-02
  4.0800E+02  1.6568E-02
  4.0900E+02  1.7695E-02
  4.1000E+02  1.9056E-02
  4.1100E+02  1.6682E-02
  4.1200E+02  1.3849E-02
  4.1300E+02  1.2726E-02
  4.1400E+02  1.2495E-02
  4.1500E+02  1.2372E-02
  4.1600E+02  1.2355E-02
  4.1700E+02  1.2446E-02
  4.1800E+02  1.2274E-02
  4.1900E+02  1.2215E-02
  4.2000E+02  1.2153E-02
  4.2100E+02  1.2087E-02
  4.2200E+02  1.2017E-02
  4.2300E+02  1.1944E-02
  4.2400E+02  1.1867E-02
  4.2500E+02  1.1787E-02
  4.2600E+02  1.1703E-02
  4.2700E+02  1.1615E-02
  4.2800E+02  1.1524E-02
  4.2900E+02  1.1430E-02
  4.3000E+02  1.1332E-02
  4.3100E+02  1.1230E-02
  4.3200E+02  1.1125E-02
  4.3300E+02  1.1016E-02
  4.3400E+02  1.0904E-02
  4.3500E+02  1.0788E-02
  4.3600E+02  1.0668E-02
  4.3700E+02  1.0545E-02
  4.3800E+02  1.0419E-02
  4.3900E+02  1.0289E-02
  4.4000E+02  1.0155E-02
  4.4100E+02  1.0018E-02
  4.4200E+02  1.0227E-02
  4.4300E+02  1.0215E-02
  4.4400E+02  9.9619E-03
  4.4500E+02  9.4836E-03
  4.4600E+02  9.2868E-03
  4.4700E+02  9.1494E-03
  4.4800E+02  9.0713E-03
  4.4900E+02  9.0524E-03
  4.5000E+02  1.0421E-02
  4.5100E+02  1.4501E-02
  4.5200E+02  7.3659E-03
  4.5300E+02  7.2442E-03
  4.5400E+02  7.1235E-03
  4.5500E+02  7.0039E-03
  4.5600E+02  6.8853E-03
  4.5700E+02  6.7678E-03
  4.5800E+02  6.6512E-03
  4.5900E+02  6.5357E-03
  4.6000E+02  6.4213E-03
  4.6100E+02  6.3079E-03
  4.6200E+02  6.1955E-03
  4.6300E+02  6.0842E-03
  4.6400E+02  5.9738E-03
  4.6500E+02  5.8646E-03
  4.6600E+02  5.7563E-03
  4.6700E+02  5.6491E-03
  4.6800E+02  5.5429E-03
  4.6900E+02  5.4378E-03
  4.7000E+02  5.3337E-03
  4.7100E+02  5.2306E-03
  4.7200E+02  5.1286E-03
  4.7300E+02  5.0276E-03
  4.7400E+02  4.9277E-03
  4.7500E+02  2.5110E-02
  4.7600E+02  5.8189E-02
  4.7700E+02  7.7264E-02
  4.7800E+02  7.8632E-02
  4.7900E+02  7.4509E-02
  4.8000E+02  6.7968E-02
  4.8100E+02  6.8601E-02
  4.8200E+02  6.2204E-02
  4.8300E+02  6.4597E-02
  4.8400E+02  6.6975E-02
  4.8500E+02  6.9454E-02
  4.8600E+02  7.2427E-02
  4.8700E+02  7.4768E-02
  4.8800E+02  7.7008E-02
  4.8900E+02  7.8698E-02
  4.9000E+02  8.1961E-02
  4.9100E+02  9.3075E-02
  4.9200E+02  9.5063E-02
  4.9300E+02  8.0450E-02
  4.9400E+02  7.6743E-02
  4.9500E+02  7.3932E-02
  4.9600E+02  7.1038E-02
  4.9700E+02  6.8060E-02
  4.9800E+02  6.9812E-02
  4.9900E+02  7.6880E-02
  5.0000E+02  6.0563E-02
  5.0100E+02  4.3503E-02
  5.0200E+02  3.6157E-02
  5.0300E+02  3.0426E-02
  5.0400E+02  2.2057E-02
  5.0500E+02  1.6853E-02
  5.0600E+02  1.5650E-02
  5.0700E+02  1.4577E-02
  5.0800E+02  1.3458E-02
  5.0900E+02  1.2293E-02
  5.1000E+02  1.1081E-02
  5.1100E+02  9.8232E-03
  5.1200E+02  8.5189E-03
  5.1300E+02  7.1682E-03
  5.1400E+02  5.8552E-03
  5.1500E+02  6.4546E-03
  5.1600E+02  4.9821E-03
  5.1700E+02  1.9706E-03
  5.1800E+02  1.3672E-03
  5.1900E+02  8.7378E-04
  5.2000E+02  4.9035E-04
  5.2100E+02  2.1692E-04
  5.2200E+02  5.3468E-05
  5.2300E+02  0.0000E+00
