#  E (eV)   dos(E)     Int dos(E) EFermi =   2.570 eV
 -17.792  0.8181E-05  0.8181E-07
 -17.782  0.9877E-05  0.1806E-06
 -17.772  0.1191E-04  0.2996E-06
 -17.762  0.1433E-04  0.4429E-06
 -17.752  0.1722E-04  0.6151E-06
 -17.742  0.2066E-04  0.8217E-06
 -17.732  0.2474E-04  0.1069E-05
 -17.722  0.2959E-04  0.1365E-05
 -17.712  0.3533E-04  0.1718E-05
 -17.702  0.4212E-04  0.2139E-05
 -17.692  0.5014E-04  0.2641E-05
 -17.682  0.5959E-04  0.3237E-05
 -17.672  0.7071E-04  0.3944E-05
 -17.662  0.8377E-04  0.4782E-05
 -17.652  0.9910E-04  0.5773E-05
 -17.642  0.1170E-03  0.6943E-05
 -17.632  0.1380E-03  0.8323E-05
 -17.622  0.1625E-03  0.9948E-05
 -17.612  0.1910E-03  0.1186E-04
 -17.602  0.2242E-03  0.1410E-04
 -17.592  0.2628E-03  0.1673E-04
 -17.582  0.3075E-03  0.1980E-04
 -17.572  0.3593E-03  0.2340E-04
 -17.562  0.4191E-03  0.2759E-04
 -17.552  0.4882E-03  0.3247E-04
 -17.542  0.5677E-03  0.3815E-04
 -17.532  0.6592E-03  0.4474E-04
 -17.522  0.7643E-03  0.5238E-04
 -17.512  0.8848E-03  0.6123E-04
 -17.502  0.1023E-02  0.7146E-04
 -17.492  0.1180E-02  0.8326E-04
 -17.482  0.1360E-02  0.9686E-04
 -17.472  0.1565E-02  0.1125E-03
 -17.462  0.1798E-02  0.1305E-03
 -17.452  0.2062E-02  0.1511E-03
 -17.442  0.2362E-02  0.1747E-03
 -17.432  0.2701E-02  0.2017E-03
 -17.422  0.3085E-02  0.2326E-03
 -17.412  0.3518E-02  0.2678E-03
 -17.402  0.4005E-02  0.3078E-03
 -17.392  0.4553E-02  0.3533E-03
 -17.382  0.5168E-02  0.4050E-03
 -17.372  0.5858E-02  0.4636E-03
 -17.362  0.6630E-02  0.5299E-03
 -17.352  0.7492E-02  0.6048E-03
 -17.342  0.8455E-02  0.6894E-03
 -17.332  0.9527E-02  0.7846E-03
 -17.322  0.1072E-01  0.8918E-03
 -17.312  0.1204E-01  0.1012E-02
 -17.302  0.1351E-01  0.1147E-02
 -17.292  0.1514E-01  0.1299E-02
 -17.282  0.1693E-01  0.1468E-02
 -17.272  0.1891E-01  0.1657E-02
 -17.262  0.2110E-01  0.1868E-02
 -17.252  0.2350E-01  0.2103E-02
 -17.242  0.2614E-01  0.2365E-02
 -17.232  0.2903E-01  0.2655E-02
 -17.222  0.3220E-01  0.2977E-02
 -17.212  0.3567E-01  0.3334E-02
 -17.202  0.3945E-01  0.3728E-02
 -17.192  0.4358E-01  0.4164E-02
 -17.182  0.4807E-01  0.4645E-02
 -17.172  0.5295E-01  0.5174E-02
 -17.162  0.5825E-01  0.5757E-02
 -17.152  0.6399E-01  0.6396E-02
 -17.142  0.7020E-01  0.7098E-02
 -17.132  0.7691E-01  0.7868E-02
 -17.122  0.8416E-01  0.8709E-02
 -17.112  0.9196E-01  0.9629E-02
 -17.102  0.1004E+00  0.1063E-01
 -17.092  0.1094E+00  0.1173E-01
 -17.082  0.1191E+00  0.1292E-01
 -17.072  0.1294E+00  0.1421E-01
 -17.062  0.1405E+00  0.1562E-01
 -17.052  0.1524E+00  0.1714E-01
 -17.042  0.1650E+00  0.1879E-01
 -17.032  0.1785E+00  0.2058E-01
 -17.022  0.1928E+00  0.2250E-01
 -17.012  0.2081E+00  0.2458E-01
 -17.002  0.2243E+00  0.2683E-01
 -16.992  0.2414E+00  0.2924E-01
 -16.982  0.2595E+00  0.3184E-01
 -16.972  0.2787E+00  0.3462E-01
 -16.962  0.2990E+00  0.3761E-01
 -16.952  0.3203E+00  0.4082E-01
 -16.942  0.3428E+00  0.4424E-01
 -16.932  0.3664E+00  0.4791E-01
 -16.922  0.3912E+00  0.5182E-01
 -16.912  0.4173E+00  0.5599E-01
 -16.902  0.4446E+00  0.6044E-01
 -16.892  0.4731E+00  0.6517E-01
 -16.882  0.5030E+00  0.7020E-01
 -16.872  0.5341E+00  0.7554E-01
 -16.862  0.5666E+00  0.8121E-01
 -16.852  0.6004E+00  0.8721E-01
 -16.842  0.6356E+00  0.9357E-01
 -16.832  0.6721E+00  0.1003E+00
 -16.822  0.7100E+00  0.1074E+00
 -16.812  0.7493E+00  0.1149E+00
 -16.802  0.7899E+00  0.1228E+00
 -16.792  0.8320E+00  0.1311E+00
 -16.782  0.8753E+00  0.1399E+00
 -16.772  0.9200E+00  0.1491E+00
 -16.762  0.9661E+00  0.1587E+00
 -16.752  0.1013E+01  0.1689E+00
 -16.742  0.1062E+01  0.1795E+00
 -16.732  0.1112E+01  0.1906E+00
 -16.722  0.1163E+01  0.2022E+00
 -16.712  0.1215E+01  0.2144E+00
 -16.702  0.1269E+01  0.2271E+00
 -16.692  0.1323E+01  0.2403E+00
 -16.682  0.1379E+01  0.2541E+00
 -16.672  0.1436E+01  0.2684E+00
 -16.662  0.1493E+01  0.2834E+00
 -16.652  0.1551E+01  0.2989E+00
 -16.642  0.1610E+01  0.3150E+00
 -16.632  0.1670E+01  0.3317E+00
 -16.622  0.1730E+01  0.3490E+00
 -16.612  0.1791E+01  0.3669E+00
 -16.602  0.1852E+01  0.3854E+00
 -16.592  0.1914E+01  0.4046E+00
 -16.582  0.1976E+01  0.4243E+00
 -16.572  0.2038E+01  0.4447E+00
 -16.562  0.2099E+01  0.4657E+00
 -16.552  0.2161E+01  0.4873E+00
 -16.542  0.2223E+01  0.5095E+00
 -16.532  0.2284E+01  0.5324E+00
 -16.522  0.2344E+01  0.5558E+00
 -16.512  0.2404E+01  0.5799E+00
 -16.502  0.2464E+01  0.6045E+00
 -16.492  0.2522E+01  0.6297E+00
 -16.482  0.2580E+01  0.6555E+00
 -16.472  0.2636E+01  0.6819E+00
 -16.462  0.2691E+01  0.7088E+00
 -16.452  0.2745E+01  0.7362E+00
 -16.442  0.2798E+01  0.7642E+00
 -16.432  0.2849E+01  0.7927E+00
 -16.422  0.2898E+01  0.8217E+00
 -16.412  0.2946E+01  0.8511E+00
 -16.402  0.2992E+01  0.8811E+00
 -16.392  0.3036E+01  0.9114E+00
 -16.382  0.3078E+01  0.9422E+00
 -16.372  0.3118E+01  0.9734E+00
 -16.362  0.3156E+01  0.1005E+01
 -16.352  0.3192E+01  0.1037E+01
 -16.342  0.3226E+01  0.1069E+01
 -16.332  0.3257E+01  0.1102E+01
 -16.322  0.3287E+01  0.1135E+01
 -16.312  0.3314E+01  0.1168E+01
 -16.302  0.3340E+01  0.1201E+01
 -16.292  0.3363E+01  0.1235E+01
 -16.282  0.3384E+01  0.1269E+01
 -16.272  0.3403E+01  0.1303E+01
 -16.262  0.3420E+01  0.1337E+01
 -16.252  0.3435E+01  0.1371E+01
 -16.242  0.3449E+01  0.1406E+01
 -16.232  0.3461E+01  0.1440E+01
 -16.222  0.3471E+01  0.1475E+01
 -16.212  0.3479E+01  0.1510E+01
 -16.202  0.3486E+01  0.1545E+01
 -16.192  0.3491E+01  0.1579E+01
 -16.182  0.3496E+01  0.1614E+01
 -16.172  0.3499E+01  0.1649E+01
 -16.162  0.3501E+01  0.1684E+01
 -16.152  0.3502E+01  0.1719E+01
 -16.142  0.3502E+01  0.1754E+01
 -16.132  0.3502E+01  0.1789E+01
 -16.122  0.3500E+01  0.1825E+01
 -16.112  0.3499E+01  0.1859E+01
 -16.102  0.3497E+01  0.1894E+01
 -16.092  0.3494E+01  0.1929E+01
 -16.082  0.3492E+01  0.1964E+01
 -16.072  0.3489E+01  0.1999E+01
 -16.062  0.3486E+01  0.2034E+01
 -16.052  0.3482E+01  0.2069E+01
 -16.042  0.3479E+01  0.2104E+01
 -16.032  0.3476E+01  0.2138E+01
 -16.022  0.3473E+01  0.2173E+01
 -16.012  0.3470E+01  0.2208E+01
 -16.002  0.3467E+01  0.2243E+01
 -15.992  0.3464E+01  0.2277E+01
 -15.982  0.3461E+01  0.2312E+01
 -15.972  0.3458E+01  0.2346E+01
 -15.962  0.3455E+01  0.2381E+01
 -15.952  0.3452E+01  0.2415E+01
 -15.942  0.3449E+01  0.2450E+01
 -15.932  0.3446E+01  0.2484E+01
 -15.922  0.3443E+01  0.2519E+01
 -15.912  0.3439E+01  0.2553E+01
 -15.902  0.3436E+01  0.2588E+01
 -15.892  0.3431E+01  0.2622E+01
 -15.882  0.3427E+01  0.2656E+01
 -15.872  0.3422E+01  0.2690E+01
 -15.862  0.3416E+01  0.2725E+01
 -15.852  0.3410E+01  0.2759E+01
 -15.842  0.3403E+01  0.2793E+01
 -15.832  0.3395E+01  0.2827E+01
 -15.822  0.3387E+01  0.2860E+01
 -15.812  0.3378E+01  0.2894E+01
 -15.802  0.3368E+01  0.2928E+01
 -15.792  0.3358E+01  0.2962E+01
 -15.782  0.3346E+01  0.2995E+01
 -15.772  0.3334E+01  0.3028E+01
 -15.762  0.3321E+01  0.3062E+01
 -15.752  0.3307E+01  0.3095E+01
 -15.742  0.3293E+01  0.3128E+01
 -15.732  0.3278E+01  0.3160E+01
 -15.722  0.3263E+01  0.3193E+01
 -15.712  0.3246E+01  0.3225E+01
 -15.702  0.3230E+01  0.3258E+01
 -15.692  0.3213E+01  0.3290E+01
 -15.682  0.3196E+01  0.3322E+01
 -15.672  0.3179E+01  0.3354E+01
 -15.662  0.3161E+01  0.3385E+01
 -15.652  0.3144E+01  0.3417E+01
 -15.642  0.3127E+01  0.3448E+01
 -15.632  0.3111E+01  0.3479E+01
 -15.622  0.3095E+01  0.3510E+01
 -15.612  0.3079E+01  0.3541E+01
 -15.602  0.3065E+01  0.3571E+01
 -15.592  0.3051E+01  0.3602E+01
 -15.582  0.3038E+01  0.3632E+01
 -15.572  0.3026E+01  0.3663E+01
 -15.562  0.3015E+01  0.3693E+01
 -15.552  0.3006E+01  0.3723E+01
 -15.542  0.2998E+01  0.3753E+01
 -15.532  0.2991E+01  0.3783E+01
 -15.522  0.2986E+01  0.3813E+01
 -15.512  0.2983E+01  0.3842E+01
 -15.502  0.2981E+01  0.3872E+01
 -15.492  0.2981E+01  0.3902E+01
 -15.482  0.2983E+01  0.3932E+01
 -15.472  0.2986E+01  0.3962E+01
 -15.462  0.2991E+01  0.3992E+01
 -15.452  0.2998E+01  0.4022E+01
 -15.442  0.3007E+01  0.4052E+01
 -15.432  0.3017E+01  0.4082E+01
 -15.422  0.3028E+01  0.4112E+01
 -15.412  0.3041E+01  0.4143E+01
 -15.402  0.3056E+01  0.4173E+01
 -15.392  0.3072E+01  0.4204E+01
 -15.382  0.3090E+01  0.4235E+01
 -15.372  0.3108E+01  0.4266E+01
 -15.362  0.3128E+01  0.4297E+01
 -15.352  0.3149E+01  0.4329E+01
 -15.342  0.3171E+01  0.4360E+01
 -15.332  0.3194E+01  0.4392E+01
 -15.322  0.3218E+01  0.4424E+01
 -15.312  0.3243E+01  0.4457E+01
 -15.302  0.3269E+01  0.4490E+01
 -15.292  0.3296E+01  0.4522E+01
 -15.282  0.3323E+01  0.4556E+01
 -15.272  0.3351E+01  0.4589E+01
 -15.262  0.3380E+01  0.4623E+01
 -15.252  0.3410E+01  0.4657E+01
 -15.242  0.3441E+01  0.4692E+01
 -15.232  0.3473E+01  0.4726E+01
 -15.222  0.3506E+01  0.4761E+01
 -15.212  0.3541E+01  0.4797E+01
 -15.202  0.3576E+01  0.4832E+01
 -15.192  0.3614E+01  0.4869E+01
 -15.182  0.3653E+01  0.4905E+01
 -15.172  0.3694E+01  0.4942E+01
 -15.162  0.3737E+01  0.4979E+01
 -15.152  0.3782E+01  0.5017E+01
 -15.142  0.3830E+01  0.5056E+01
 -15.132  0.3882E+01  0.5094E+01
 -15.122  0.3936E+01  0.5134E+01
 -15.112  0.3994E+01  0.5174E+01
 -15.102  0.4055E+01  0.5214E+01
 -15.092  0.4121E+01  0.5255E+01
 -15.082  0.4191E+01  0.5297E+01
 -15.072  0.4265E+01  0.5340E+01
 -15.062  0.4344E+01  0.5383E+01
 -15.052  0.4429E+01  0.5428E+01
 -15.042  0.4519E+01  0.5473E+01
 -15.032  0.4614E+01  0.5519E+01
 -15.022  0.4716E+01  0.5566E+01
 -15.012  0.4823E+01  0.5614E+01
 -15.002  0.4936E+01  0.5664E+01
 -14.992  0.5056E+01  0.5714E+01
 -14.982  0.5182E+01  0.5766E+01
 -14.972  0.5314E+01  0.5819E+01
 -14.962  0.5452E+01  0.5874E+01
 -14.952  0.5597E+01  0.5930E+01
 -14.942  0.5747E+01  0.5987E+01
 -14.932  0.5903E+01  0.6046E+01
 -14.922  0.6065E+01  0.6107E+01
 -14.912  0.6232E+01  0.6169E+01
 -14.902  0.6404E+01  0.6233E+01
 -14.892  0.6580E+01  0.6299E+01
 -14.882  0.6761E+01  0.6367E+01
 -14.872  0.6944E+01  0.6436E+01
 -14.862  0.7131E+01  0.6508E+01
 -14.852  0.7320E+01  0.6581E+01
 -14.842  0.7510E+01  0.6656E+01
 -14.832  0.7702E+01  0.6733E+01
 -14.822  0.7893E+01  0.6812E+01
 -14.812  0.8084E+01  0.6893E+01
 -14.802  0.8273E+01  0.6975E+01
 -14.792  0.8459E+01  0.7060E+01
 -14.782  0.8642E+01  0.7146E+01
 -14.772  0.8821E+01  0.7235E+01
 -14.762  0.8995E+01  0.7325E+01
 -14.752  0.9162E+01  0.7416E+01
 -14.742  0.9323E+01  0.7509E+01
 -14.732  0.9476E+01  0.7604E+01
 -14.722  0.9620E+01  0.7700E+01
 -14.712  0.9754E+01  0.7798E+01
 -14.702  0.9878E+01  0.7897E+01
 -14.692  0.9990E+01  0.7997E+01
 -14.682  0.1009E+02  0.8097E+01
 -14.672  0.1018E+02  0.8199E+01
 -14.662  0.1025E+02  0.8302E+01
 -14.652  0.1031E+02  0.8405E+01
 -14.642  0.1036E+02  0.8509E+01
 -14.632  0.1039E+02  0.8612E+01
 -14.622  0.1041E+02  0.8717E+01
 -14.612  0.1041E+02  0.8821E+01
 -14.602  0.1040E+02  0.8925E+01
 -14.592  0.1037E+02  0.9028E+01
 -14.582  0.1032E+02  0.9132E+01
 -14.572  0.1026E+02  0.9234E+01
 -14.562  0.1019E+02  0.9336E+01
 -14.552  0.1010E+02  0.9437E+01
 -14.542  0.9991E+01  0.9537E+01
 -14.532  0.9871E+01  0.9636E+01
 -14.522  0.9736E+01  0.9733E+01
 -14.512  0.9589E+01  0.9829E+01
 -14.502  0.9428E+01  0.9923E+01
 -14.492  0.9255E+01  0.1002E+02
 -14.482  0.9071E+01  0.1011E+02
 -14.472  0.8877E+01  0.1020E+02
 -14.462  0.8672E+01  0.1028E+02
 -14.452  0.8458E+01  0.1037E+02
 -14.442  0.8236E+01  0.1045E+02
 -14.432  0.8007E+01  0.1053E+02
 -14.422  0.7771E+01  0.1061E+02
 -14.412  0.7530E+01  0.1068E+02
 -14.402  0.7285E+01  0.1075E+02
 -14.392  0.7036E+01  0.1083E+02
 -14.382  0.6784E+01  0.1089E+02
 -14.372  0.6530E+01  0.1096E+02
 -14.362  0.6276E+01  0.1102E+02
 -14.352  0.6021E+01  0.1108E+02
 -14.342  0.5767E+01  0.1114E+02
 -14.332  0.5515E+01  0.1119E+02
 -14.322  0.5265E+01  0.1125E+02
 -14.312  0.5018E+01  0.1130E+02
 -14.302  0.4774E+01  0.1134E+02
 -14.292  0.4535E+01  0.1139E+02
 -14.282  0.4300E+01  0.1143E+02
 -14.272  0.4071E+01  0.1147E+02
 -14.262  0.3848E+01  0.1151E+02
 -14.252  0.3631E+01  0.1155E+02
 -14.242  0.3420E+01  0.1158E+02
 -14.232  0.3216E+01  0.1161E+02
 -14.222  0.3019E+01  0.1165E+02
 -14.212  0.2830E+01  0.1167E+02
 -14.202  0.2648E+01  0.1170E+02
 -14.192  0.2473E+01  0.1172E+02
 -14.182  0.2306E+01  0.1175E+02
 -14.172  0.2147E+01  0.1177E+02
 -14.162  0.1995E+01  0.1179E+02
 -14.152  0.1851E+01  0.1181E+02
 -14.142  0.1715E+01  0.1182E+02
 -14.132  0.1586E+01  0.1184E+02
 -14.122  0.1464E+01  0.1186E+02
 -14.112  0.1349E+01  0.1187E+02
 -14.102  0.1241E+01  0.1188E+02
 -14.092  0.1140E+01  0.1189E+02
 -14.082  0.1045E+01  0.1190E+02
 -14.072  0.9568E+00  0.1191E+02
 -14.062  0.8743E+00  0.1192E+02
 -14.052  0.7976E+00  0.1193E+02
 -14.042  0.7264E+00  0.1194E+02
 -14.032  0.6605E+00  0.1194E+02
 -14.022  0.5995E+00  0.1195E+02
 -14.012  0.5433E+00  0.1195E+02
 -14.002  0.4914E+00  0.1196E+02
 -13.992  0.4438E+00  0.1196E+02
 -13.982  0.4001E+00  0.1197E+02
 -13.972  0.3601E+00  0.1197E+02
 -13.962  0.3236E+00  0.1197E+02
 -13.952  0.2902E+00  0.1198E+02
 -13.942  0.2599E+00  0.1198E+02
 -13.932  0.2323E+00  0.1198E+02
 -13.922  0.2074E+00  0.1198E+02
 -13.912  0.1847E+00  0.1199E+02
 -13.902  0.1643E+00  0.1199E+02
 -13.892  0.1459E+00  0.1199E+02
 -13.882  0.1293E+00  0.1199E+02
 -13.872  0.1144E+00  0.1199E+02
 -13.862  0.1011E+00  0.1199E+02
 -13.852  0.8916E-01  0.1199E+02
 -13.842  0.7850E-01  0.1199E+02
 -13.832  0.6900E-01  0.1200E+02
 -13.822  0.6054E-01  0.1200E+02
 -13.812  0.5303E-01  0.1200E+02
 -13.802  0.4638E-01  0.1200E+02
 -13.792  0.4049E-01  0.1200E+02
 -13.782  0.3529E-01  0.1200E+02
 -13.772  0.3070E-01  0.1200E+02
 -13.762  0.2666E-01  0.1200E+02
 -13.752  0.2312E-01  0.1200E+02
 -13.742  0.2001E-01  0.1200E+02
 -13.732  0.1730E-01  0.1200E+02
 -13.722  0.1492E-01  0.1200E+02
 -13.712  0.1285E-01  0.1200E+02
 -13.702  0.1105E-01  0.1200E+02
 -13.692  0.9482E-02  0.1200E+02
 -13.682  0.8125E-02  0.1200E+02
 -13.672  0.6950E-02  0.1200E+02
 -13.662  0.5935E-02  0.1200E+02
 -13.652  0.5060E-02  0.1200E+02
 -13.642  0.4306E-02  0.1200E+02
 -13.632  0.3658E-02  0.1200E+02
 -13.622  0.3103E-02  0.1200E+02
 -13.612  0.2627E-02  0.1200E+02
 -13.602  0.2221E-02  0.1200E+02
 -13.592  0.1874E-02  0.1200E+02
 -13.582  0.1579E-02  0.1200E+02
 -13.572  0.1328E-02  0.1200E+02
 -13.562  0.1115E-02  0.1200E+02
 -13.552  0.9342E-03  0.1200E+02
 -13.542  0.7817E-03  0.1200E+02
 -13.532  0.6529E-03  0.1200E+02
 -13.522  0.5445E-03  0.1200E+02
 -13.512  0.4532E-03  0.1200E+02
 -13.502  0.3767E-03  0.1200E+02
 -13.492  0.3125E-03  0.1200E+02
 -13.482  0.2588E-03  0.1200E+02
 -13.472  0.2140E-03  0.1200E+02
 -13.462  0.1766E-03  0.1200E+02
 -13.452  0.1455E-03  0.1200E+02
 -13.442  0.1197E-03  0.1200E+02
 -13.432  0.9832E-04  0.1200E+02
 -13.422  0.8060E-04  0.1200E+02
 -13.412  0.6596E-04  0.1200E+02
 -13.402  0.5389E-04  0.1200E+02
 -13.392  0.4396E-04  0.1200E+02
 -13.382  0.3579E-04  0.1200E+02
 -13.372  0.2909E-04  0.1200E+02
 -13.362  0.2361E-04  0.1200E+02
 -13.352  0.1913E-04  0.1200E+02
 -13.342  0.1547E-04  0.1200E+02
 -13.332  0.1249E-04  0.1200E+02
 -13.322  0.1007E-04  0.1200E+02
 -13.312  0.8098E-05  0.1200E+02
 -13.302  0.6505E-05  0.1200E+02
 -13.292  0.5216E-05  0.1200E+02
 -13.282  0.4175E-05  0.1200E+02
 -13.272  0.3337E-05  0.1200E+02
 -13.262  0.2662E-05  0.1200E+02
 -13.252  0.2120E-05  0.1200E+02
 -13.242  0.1686E-05  0.1200E+02
 -13.232  0.1338E-05  0.1200E+02
 -13.222  0.1060E-05  0.1200E+02
 -13.212  0.8386E-06  0.1200E+02
 -13.202  0.6622E-06  0.1200E+02
 -13.192  0.5220E-06  0.1200E+02
 -13.182  0.4108E-06  0.1200E+02
 -13.172  0.3228E-06  0.1200E+02
 -13.162  0.2532E-06  0.1200E+02
 -13.152  0.1982E-06  0.1200E+02
 -13.142  0.1549E-06  0.1200E+02
 -13.132  0.1209E-06  0.1200E+02
 -13.122  0.9417E-07  0.1200E+02
 -13.112  0.7324E-07  0.1200E+02
 -13.102  0.5685E-07  0.1200E+02
 -13.092  0.4406E-07  0.1200E+02
 -13.082  0.3409E-07  0.1200E+02
 -13.072  0.2633E-07  0.1200E+02
 -13.062  0.2030E-07  0.1200E+02
 -13.052  0.1563E-07  0.1200E+02
 -13.042  0.1201E-07  0.1200E+02
 -13.032  0.9212E-08  0.1200E+02
 -13.022  0.7055E-08  0.1200E+02
 -13.012  0.5394E-08  0.1200E+02
 -13.002  0.4116E-08  0.1200E+02
 -12.992  0.3136E-08  0.1200E+02
 -12.982  0.2386E-08  0.1200E+02
 -12.972  0.1811E-08  0.1200E+02
 -12.962  0.1373E-08  0.1200E+02
 -12.952  0.1039E-08  0.1200E+02
 -12.942  0.7849E-09  0.1200E+02
 -12.932  0.5919E-09  0.1200E+02
 -12.922  0.4457E-09  0.1200E+02
 -12.912  0.3349E-09  0.1200E+02
 -12.902  0.2513E-09  0.1200E+02
 -12.892  0.1882E-09  0.1200E+02
 -12.882  0.1408E-09  0.1200E+02
 -12.872  0.1051E-09  0.1200E+02
 -12.862  0.7830E-10  0.1200E+02
 -12.852  0.5825E-10  0.1200E+02
 -12.842  0.4326E-10  0.1200E+02
 -12.832  0.3207E-10  0.1200E+02
 -12.822  0.2374E-10  0.1200E+02
 -12.812  0.1754E-10  0.1200E+02
 -12.802  0.1294E-10  0.1200E+02
 -12.792  0.9526E-11  0.1200E+02
 -12.782  0.7002E-11  0.1200E+02
 -12.772  0.5139E-11  0.1200E+02
 -12.762  0.3764E-11  0.1200E+02
 -12.752  0.2753E-11  0.1200E+02
 -12.742  0.2010E-11  0.1200E+02
 -12.732  0.1465E-11  0.1200E+02
 -12.722  0.1066E-11  0.1200E+02
 -12.712  0.7742E-12  0.1200E+02
 -12.702  0.5614E-12  0.1200E+02
 -12.692  0.4064E-12  0.1200E+02
 -12.682  0.2937E-12  0.1200E+02
 -12.672  0.2119E-12  0.1200E+02
 -12.662  0.1526E-12  0.1200E+02
 -12.652  0.1097E-12  0.1200E+02
 -12.642  0.7874E-13  0.1200E+02
 -12.632  0.5642E-13  0.1200E+02
 -12.622  0.4035E-13  0.1200E+02
 -12.612  0.2881E-13  0.1200E+02
 -12.602  0.2054E-13  0.1200E+02
 -12.592  0.1462E-13  0.1200E+02
 -12.582  0.1038E-13  0.1200E+02
 -12.572  0.7364E-14  0.1200E+02
 -12.562  0.5214E-14  0.1200E+02
 -12.552  0.3685E-14  0.1200E+02
 -12.542  0.2600E-14  0.1200E+02
 -12.532  0.1831E-14  0.1200E+02
 -12.522  0.1288E-14  0.1200E+02
 -12.512  0.9040E-15  0.1200E+02
 -12.502  0.6335E-15  0.1200E+02
 -12.492  0.4432E-15  0.1200E+02
 -12.482  0.3095E-15  0.1200E+02
 -12.472  0.2158E-15  0.1200E+02
 -12.462  0.1502E-15  0.1200E+02
 -12.452  0.1043E-15  0.1200E+02
 -12.442  0.7238E-16  0.1200E+02
 -12.432  0.5012E-16  0.1200E+02
 -12.422  0.3464E-16  0.1200E+02
 -12.412  0.2391E-16  0.1200E+02
 -12.402  0.1647E-16  0.1200E+02
 -12.392  0.1133E-16  0.1200E+02
 -12.382  0.7776E-17  0.1200E+02
 -12.372  0.5329E-17  0.1200E+02
 -12.362  0.3646E-17  0.1200E+02
 -12.352  0.2491E-17  0.1200E+02
 -12.342  0.1698E-17  0.1200E+02
 -12.332  0.1156E-17  0.1200E+02
 -12.322  0.7855E-18  0.1200E+02
 -12.312  0.5329E-18  0.1200E+02
 -12.302  0.3609E-18  0.1200E+02
 -12.292  0.2440E-18  0.1200E+02
 -12.282  0.1647E-18  0.1200E+02
 -12.272  0.1109E-18  0.1200E+02
 -12.262  0.7462E-19  0.1200E+02
 -12.252  0.5010E-19  0.1200E+02
 -12.242  0.3358E-19  0.1200E+02
 -12.232  0.2247E-19  0.1200E+02
 -12.222  0.1501E-19  0.1200E+02
 -12.212  0.1001E-19  0.1200E+02
 -12.202  0.6665E-20  0.1200E+02
 -12.192  0.4429E-20  0.1200E+02
 -12.182  0.2939E-20  0.1200E+02
 -12.172  0.1946E-20  0.1200E+02
 -12.162  0.1287E-20  0.1200E+02
 -12.152  0.8494E-21  0.1200E+02
 -12.142  0.5597E-21  0.1200E+02
 -12.132  0.3682E-21  0.1200E+02
 -12.122  0.2418E-21  0.1200E+02
 -12.112  0.1585E-21  0.1200E+02
 -12.102  0.1037E-21  0.1200E+02
 -12.092  0.6777E-22  0.1200E+02
 -12.082  0.4420E-22  0.1200E+02
 -12.072  0.2878E-22  0.1200E+02
 -12.062  0.1871E-22  0.1200E+02
 -12.052  0.1214E-22  0.1200E+02
 -12.042  0.7862E-23  0.1200E+02
 -12.032  0.5084E-23  0.1200E+02
 -12.022  0.3282E-23  0.1200E+02
 -12.012  0.2115E-23  0.1200E+02
 -12.002  0.1361E-23  0.1200E+02
 -11.992  0.8738E-24  0.1200E+02
 -11.982  0.5603E-24  0.1200E+02
 -11.972  0.3586E-24  0.1200E+02
 -11.962  0.2291E-24  0.1200E+02
 -11.952  0.1461E-24  0.1200E+02
 -11.942  0.9306E-25  0.1200E+02
 -11.932  0.5916E-25  0.1200E+02
 -11.922  0.3754E-25  0.1200E+02
 -11.912  0.2378E-25  0.1200E+02
 -11.902  0.1504E-25  0.1200E+02
 -11.892  0.9495E-26  0.1200E+02
 -11.882  0.5984E-26  0.1200E+02
 -11.872  0.3765E-26  0.1200E+02
 -11.862  0.2365E-26  0.1200E+02
 -11.852  0.1483E-26  0.1200E+02
 -11.842  0.9282E-27  0.1200E+02
 -11.832  0.5800E-27  0.1200E+02
 -11.822  0.3618E-27  0.1200E+02
 -11.812  0.2253E-27  0.1200E+02
 -11.802  0.1401E-27  0.1200E+02
 -11.792  0.8694E-28  0.1200E+02
 -11.782  0.5386E-28  0.1200E+02
 -11.772  0.3331E-28  0.1200E+02
 -11.762  0.2057E-28  0.1200E+02
 -11.752  0.1268E-28  0.1200E+02
 -11.742  0.7802E-29  0.1200E+02
 -11.732  0.4792E-29  0.1200E+02
 -11.722  0.2939E-29  0.1200E+02
 -11.712  0.1799E-29  0.1200E+02
 -11.702  0.1099E-29  0.1200E+02
 -11.692  0.6708E-30  0.1200E+02
 -11.682  0.4085E-30  0.1200E+02
 -11.672  0.2484E-30  0.1200E+02
 -11.662  0.1508E-30  0.1200E+02
 -11.652  0.9134E-31  0.1200E+02
 -11.642  0.5525E-31  0.1200E+02
 -11.632  0.3336E-31  0.1200E+02
 -11.622  0.2011E-31  0.1200E+02
 -11.612  0.1210E-31  0.1200E+02
 -11.602  0.7271E-32  0.1200E+02
 -11.592  0.4360E-32  0.1200E+02
 -11.582  0.2611E-32  0.1200E+02
 -11.572  0.1560E-32  0.1200E+02
 -11.562  0.9309E-33  0.1200E+02
 -11.552  0.5545E-33  0.1200E+02
 -11.542  0.3297E-33  0.1200E+02
 -11.532  0.1957E-33  0.1200E+02
 -11.522  0.1160E-33  0.1200E+02
 -11.512  0.6860E-34  0.1200E+02
 -11.502  0.4051E-34  0.1200E+02
 -11.492  0.2388E-34  0.1200E+02
 -11.482  0.1406E-34  0.1200E+02
 -11.472  0.8258E-35  0.1200E+02
 -11.462  0.4843E-35  0.1200E+02
 -11.452  0.2836E-35  0.1200E+02
 -11.442  0.1658E-35  0.1200E+02
 -11.432  0.9672E-36  0.1200E+02
 -11.422  0.5634E-36  0.1200E+02
 -11.412  0.3276E-36  0.1200E+02
 -11.402  0.1902E-36  0.1200E+02
 -11.392  0.1102E-36  0.1200E+02
 -11.382  0.6376E-37  0.1200E+02
 -11.372  0.3682E-37  0.1200E+02
 -11.362  0.2123E-37  0.1200E+02
 -11.352  0.1222E-37  0.1200E+02
 -11.342  0.7021E-38  0.1200E+02
 -11.332  0.4027E-38  0.1200E+02
 -11.322  0.2306E-38  0.1200E+02
 -11.312  0.1318E-38  0.1200E+02
 -11.302  0.7522E-39  0.1200E+02
 -11.292  0.4285E-39  0.1200E+02
 -11.282  0.2437E-39  0.1200E+02
 -11.272  0.1383E-39  0.1200E+02
 -11.262  0.7841E-40  0.1200E+02
 -11.252  0.4436E-40  0.1200E+02
 -11.242  0.2505E-40  0.1200E+02
 -11.232  0.1413E-40  0.1200E+02
 -11.222  0.7952E-41  0.1200E+02
 -11.212  0.4468E-41  0.1200E+02
 -11.202  0.2506E-41  0.1200E+02
 -11.192  0.1404E-41  0.1200E+02
 -11.182  0.7846E-42  0.1200E+02
 -11.172  0.4379E-42  0.1200E+02
 -11.162  0.2439E-42  0.1200E+02
 -11.152  0.1357E-42  0.1200E+02
 -11.142  0.7532E-43  0.1200E+02
 -11.132  0.4175E-43  0.1200E+02
 -11.122  0.2310E-43  0.1200E+02
 -11.112  0.1276E-43  0.1200E+02
 -11.102  0.7036E-44  0.1200E+02
 -11.092  0.3873E-44  0.1200E+02
 -11.082  0.2128E-44  0.1200E+02
 -11.072  0.1167E-44  0.1200E+02
 -11.062  0.6394E-45  0.1200E+02
 -11.052  0.3495E-45  0.1200E+02
 -11.042  0.1908E-45  0.1200E+02
 -11.032  0.1039E-45  0.1200E+02
 -11.022  0.5653E-46  0.1200E+02
 -11.012  0.3069E-46  0.1200E+02
 -11.002  0.1664E-46  0.1200E+02
 -10.992  0.9003E-47  0.1200E+02
 -10.982  0.4863E-47  0.1200E+02
 -10.972  0.2622E-47  0.1200E+02
 -10.962  0.1412E-47  0.1200E+02
 -10.952  0.7587E-48  0.1200E+02
 -10.942  0.4070E-48  0.1200E+02
 -10.932  0.2180E-48  0.1200E+02
 -10.922  0.1165E-48  0.1200E+02
 -10.912  0.6220E-49  0.1200E+02
 -10.902  0.3314E-49  0.1200E+02
 -10.892  0.1763E-49  0.1200E+02
 -10.882  0.9361E-50  0.1200E+02
 -10.872  0.4962E-50  0.1200E+02
 -10.862  0.2626E-50  0.1200E+02
 -10.852  0.1387E-50  0.1200E+02
 -10.842  0.7315E-51  0.1200E+02
 -10.832  0.3851E-51  0.1200E+02
 -10.822  0.2024E-51  0.1200E+02
 -10.812  0.1062E-51  0.1200E+02
 -10.802  0.5561E-52  0.1200E+02
 -10.792  0.2908E-52  0.1200E+02
 -10.782  0.1518E-52  0.1200E+02
 -10.772  0.7909E-53  0.1200E+02
 -10.762  0.4114E-53  0.1200E+02
 -10.752  0.2136E-53  0.1200E+02
 -10.742  0.1107E-53  0.1200E+02
 -10.732  0.5731E-54  0.1200E+02
 -10.722  0.2961E-54  0.1200E+02
 -10.712  0.1527E-54  0.1200E+02
 -10.702  0.7861E-55  0.1200E+02
 -10.692  0.4040E-55  0.1200E+02
 -10.682  0.2073E-55  0.1200E+02
 -10.672  0.1062E-55  0.1200E+02
 -10.662  0.5435E-56  0.1200E+02
 -10.652  0.2782E-56  0.1200E+02
 -10.642  0.1433E-56  0.1200E+02
 -10.632  0.7595E-57  0.1200E+02
 -10.622  0.4454E-57  0.1200E+02
 -10.612  0.3427E-57  0.1200E+02
 -10.602  0.4019E-57  0.1200E+02
 -10.592  0.6487E-57  0.1200E+02
 -10.582  0.1195E-56  0.1200E+02
 -10.572  0.2289E-56  0.1200E+02
 -10.562  0.4425E-56  0.1200E+02
 -10.552  0.8563E-56  0.1200E+02
 -10.542  0.1656E-55  0.1200E+02
 -10.532  0.3196E-55  0.1200E+02
 -10.522  0.6160E-55  0.1200E+02
 -10.512  0.1185E-54  0.1200E+02
 -10.502  0.2276E-54  0.1200E+02
 -10.492  0.4365E-54  0.1200E+02
 -10.482  0.8354E-54  0.1200E+02
 -10.472  0.1596E-53  0.1200E+02
 -10.462  0.3045E-53  0.1200E+02
 -10.452  0.5797E-53  0.1200E+02
 -10.442  0.1102E-52  0.1200E+02
 -10.432  0.2091E-52  0.1200E+02
 -10.422  0.3961E-52  0.1200E+02
 -10.412  0.7490E-52  0.1200E+02
 -10.402  0.1414E-51  0.1200E+02
 -10.392  0.2665E-51  0.1200E+02
 -10.382  0.5013E-51  0.1200E+02
 -10.372  0.9414E-51  0.1200E+02
 -10.362  0.1765E-50  0.1200E+02
 -10.352  0.3303E-50  0.1200E+02
 -10.342  0.6171E-50  0.1200E+02
 -10.332  0.1151E-49  0.1200E+02
 -10.322  0.2143E-49  0.1200E+02
 -10.312  0.3982E-49  0.1200E+02
 -10.302  0.7389E-49  0.1200E+02
 -10.292  0.1369E-48  0.1200E+02
 -10.282  0.2530E-48  0.1200E+02
 -10.272  0.4671E-48  0.1200E+02
 -10.262  0.8606E-48  0.1200E+02
 -10.252  0.1583E-47  0.1200E+02
 -10.242  0.2907E-47  0.1200E+02
 -10.232  0.5328E-47  0.1200E+02
 -10.222  0.9751E-47  0.1200E+02
 -10.212  0.1781E-46  0.1200E+02
 -10.202  0.3248E-46  0.1200E+02
 -10.192  0.5913E-46  0.1200E+02
 -10.182  0.1075E-45  0.1200E+02
 -10.172  0.1949E-45  0.1200E+02
 -10.162  0.3531E-45  0.1200E+02
 -10.152  0.6383E-45  0.1200E+02
 -10.142  0.1152E-44  0.1200E+02
 -10.132  0.2075E-44  0.1200E+02
 -10.122  0.3733E-44  0.1200E+02
 -10.112  0.6702E-44  0.1200E+02
 -10.102  0.1201E-43  0.1200E+02
 -10.092  0.2149E-43  0.1200E+02
 -10.082  0.3839E-43  0.1200E+02
 -10.072  0.6845E-43  0.1200E+02
 -10.062  0.1218E-42  0.1200E+02
 -10.052  0.2165E-42  0.1200E+02
 -10.042  0.3840E-42  0.1200E+02
 -10.032  0.6800E-42  0.1200E+02
 -10.022  0.1202E-41  0.1200E+02
 -10.012  0.2121E-41  0.1200E+02
 -10.002  0.3737E-41  0.1200E+02
  -9.992  0.6572E-41  0.1200E+02
  -9.982  0.1154E-40  0.1200E+02
  -9.972  0.2022E-40  0.1200E+02
  -9.962  0.3537E-40  0.1200E+02
  -9.952  0.6178E-40  0.1200E+02
  -9.942  0.1077E-39  0.1200E+02
  -9.932  0.1875E-39  0.1200E+02
  -9.922  0.3257E-39  0.1200E+02
  -9.912  0.5649E-39  0.1200E+02
  -9.902  0.9781E-39  0.1200E+02
  -9.892  0.1691E-38  0.1200E+02
  -9.882  0.2917E-38  0.1200E+02
  -9.872  0.5024E-38  0.1200E+02
  -9.862  0.8639E-38  0.1200E+02
  -9.852  0.1483E-37  0.1200E+02
  -9.842  0.2541E-37  0.1200E+02
  -9.832  0.4347E-37  0.1200E+02
  -9.822  0.7423E-37  0.1200E+02
  -9.812  0.1265E-36  0.1200E+02
  -9.802  0.2153E-36  0.1200E+02
  -9.792  0.3658E-36  0.1200E+02
  -9.782  0.6204E-36  0.1200E+02
  -9.772  0.1050E-35  0.1200E+02
  -9.762  0.1775E-35  0.1200E+02
  -9.752  0.2995E-35  0.1200E+02
  -9.742  0.5044E-35  0.1200E+02
  -9.732  0.8480E-35  0.1200E+02
  -9.722  0.1423E-34  0.1200E+02
  -9.712  0.2385E-34  0.1200E+02
  -9.702  0.3988E-34  0.1200E+02
  -9.692  0.6660E-34  0.1200E+02
  -9.682  0.1110E-33  0.1200E+02
  -9.672  0.1847E-33  0.1200E+02
  -9.662  0.3068E-33  0.1200E+02
  -9.652  0.5087E-33  0.1200E+02
  -9.642  0.8421E-33  0.1200E+02
  -9.632  0.1392E-32  0.1200E+02
  -9.622  0.2296E-32  0.1200E+02
  -9.612  0.3780E-32  0.1200E+02
  -9.602  0.6215E-32  0.1200E+02
  -9.592  0.1020E-31  0.1200E+02
  -9.582  0.1671E-31  0.1200E+02
  -9.572  0.2733E-31  0.1200E+02
  -9.562  0.4461E-31  0.1200E+02
  -9.552  0.7271E-31  0.1200E+02
  -9.542  0.1183E-30  0.1200E+02
  -9.532  0.1921E-30  0.1200E+02
  -9.522  0.3115E-30  0.1200E+02
  -9.512  0.5042E-30  0.1200E+02
  -9.502  0.8146E-30  0.1200E+02
  -9.492  0.1314E-29  0.1200E+02
  -9.482  0.2116E-29  0.1200E+02
  -9.472  0.3401E-29  0.1200E+02
  -9.462  0.5457E-29  0.1200E+02
  -9.452  0.8741E-29  0.1200E+02
  -9.442  0.1398E-28  0.1200E+02
  -9.432  0.2231E-28  0.1200E+02
  -9.422  0.3556E-28  0.1200E+02
  -9.412  0.5657E-28  0.1200E+02
  -9.402  0.8983E-28  0.1200E+02
  -9.392  0.1424E-27  0.1200E+02
  -9.382  0.2254E-27  0.1200E+02
  -9.372  0.3561E-27  0.1200E+02
  -9.362  0.5615E-27  0.1200E+02
  -9.352  0.8841E-27  0.1200E+02
  -9.342  0.1390E-26  0.1200E+02
  -9.332  0.2180E-26  0.1200E+02
  -9.322  0.3415E-26  0.1200E+02
  -9.312  0.5339E-26  0.1200E+02
  -9.302  0.8333E-26  0.1200E+02
  -9.292  0.1298E-25  0.1200E+02
  -9.282  0.2020E-25  0.1200E+02
  -9.272  0.3136E-25  0.1200E+02
  -9.262  0.4861E-25  0.1200E+02
  -9.252  0.7522E-25  0.1200E+02
  -9.242  0.1162E-24  0.1200E+02
  -9.232  0.1792E-24  0.1200E+02
  -9.222  0.2758E-24  0.1200E+02
  -9.212  0.4239E-24  0.1200E+02
  -9.202  0.6503E-24  0.1200E+02
  -9.192  0.9959E-24  0.1200E+02
  -9.182  0.1523E-23  0.1200E+02
  -9.172  0.2324E-23  0.1200E+02
  -9.162  0.3540E-23  0.1200E+02
  -9.152  0.5384E-23  0.1200E+02
  -9.142  0.8175E-23  0.1200E+02
  -9.132  0.1239E-22  0.1200E+02
  -9.122  0.1875E-22  0.1200E+02
  -9.112  0.2832E-22  0.1200E+02
  -9.102  0.4269E-22  0.1200E+02
  -9.092  0.6426E-22  0.1200E+02
  -9.082  0.9656E-22  0.1200E+02
  -9.072  0.1448E-21  0.1200E+02
  -9.062  0.2169E-21  0.1200E+02
  -9.052  0.3242E-21  0.1200E+02
  -9.042  0.4838E-21  0.1200E+02
  -9.032  0.7207E-21  0.1200E+02
  -9.022  0.1072E-20  0.1200E+02
  -9.012  0.1591E-20  0.1200E+02
  -9.002  0.2358E-20  0.1200E+02
  -8.992  0.3488E-20  0.1200E+02
  -8.982  0.5152E-20  0.1200E+02
  -8.972  0.7595E-20  0.1200E+02
  -8.962  0.1118E-19  0.1200E+02
  -8.952  0.1642E-19  0.1200E+02
  -8.942  0.2409E-19  0.1200E+02
  -8.932  0.3527E-19  0.1200E+02
  -8.922  0.5155E-19  0.1200E+02
  -8.912  0.7521E-19  0.1200E+02
  -8.902  0.1096E-18  0.1200E+02
  -8.892  0.1593E-18  0.1200E+02
  -8.882  0.2312E-18  0.1200E+02
  -8.872  0.3351E-18  0.1200E+02
  -8.862  0.4847E-18  0.1200E+02
  -8.852  0.6999E-18  0.1200E+02
  -8.842  0.1009E-17  0.1200E+02
  -8.832  0.1452E-17  0.1200E+02
  -8.822  0.2086E-17  0.1200E+02
  -8.812  0.2991E-17  0.1200E+02
  -8.802  0.4282E-17  0.1200E+02
  -8.792  0.6120E-17  0.1200E+02
  -8.782  0.8731E-17  0.1200E+02
  -8.772  0.1244E-16  0.1200E+02
  -8.762  0.1768E-16  0.1200E+02
  -8.752  0.2509E-16  0.1200E+02
  -8.742  0.3555E-16  0.1200E+02
  -8.732  0.5028E-16  0.1200E+02
  -8.722  0.7100E-16  0.1200E+02
  -8.712  0.1001E-15  0.1200E+02
  -8.702  0.1408E-15  0.1200E+02
  -8.692  0.1978E-15  0.1200E+02
  -8.682  0.2774E-15  0.1200E+02
  -8.672  0.3882E-15  0.1200E+02
  -8.662  0.5425E-15  0.1200E+02
  -8.652  0.7568E-15  0.1200E+02
  -8.642  0.1054E-14  0.1200E+02
  -8.632  0.1465E-14  0.1200E+02
  -8.622  0.2033E-14  0.1200E+02
  -8.612  0.2817E-14  0.1200E+02
  -8.602  0.3896E-14  0.1200E+02
  -8.592  0.5378E-14  0.1200E+02
  -8.582  0.7412E-14  0.1200E+02
  -8.572  0.1020E-13  0.1200E+02
  -8.562  0.1401E-13  0.1200E+02
  -8.552  0.1920E-13  0.1200E+02
  -8.542  0.2628E-13  0.1200E+02
  -8.532  0.3591E-13  0.1200E+02
  -8.522  0.4899E-13  0.1200E+02
  -8.512  0.6670E-13  0.1200E+02
  -8.502  0.9067E-13  0.1200E+02
  -8.492  0.1230E-12  0.1200E+02
  -8.482  0.1667E-12  0.1200E+02
  -8.472  0.2254E-12  0.1200E+02
  -8.462  0.3042E-12  0.1200E+02
  -8.452  0.4100E-12  0.1200E+02
  -8.442  0.5515E-12  0.1200E+02
  -8.432  0.7407E-12  0.1200E+02
  -8.422  0.9930E-12  0.1200E+02
  -8.412  0.1329E-11  0.1200E+02
  -8.402  0.1776E-11  0.1200E+02
  -8.392  0.2368E-11  0.1200E+02
  -8.382  0.3153E-11  0.1200E+02
  -8.372  0.4191E-11  0.1200E+02
  -8.362  0.5560E-11  0.1200E+02
  -8.352  0.7365E-11  0.1200E+02
  -8.342  0.9738E-11  0.1200E+02
  -8.332  0.1285E-10  0.1200E+02
  -8.322  0.1694E-10  0.1200E+02
  -8.312  0.2228E-10  0.1200E+02
  -8.302  0.2926E-10  0.1200E+02
  -8.292  0.3835E-10  0.1200E+02
  -8.282  0.5019E-10  0.1200E+02
  -8.272  0.6557E-10  0.1200E+02
  -8.262  0.8551E-10  0.1200E+02
  -8.252  0.1113E-09  0.1200E+02
  -8.242  0.1447E-09  0.1200E+02
  -8.232  0.1877E-09  0.1200E+02
  -8.222  0.2431E-09  0.1200E+02
  -8.212  0.3143E-09  0.1200E+02
  -8.202  0.4057E-09  0.1200E+02
  -8.192  0.5227E-09  0.1200E+02
  -8.182  0.6724E-09  0.1200E+02
  -8.172  0.8634E-09  0.1200E+02
  -8.162  0.1107E-08  0.1200E+02
  -8.152  0.1416E-08  0.1200E+02
  -8.142  0.1809E-08  0.1200E+02
  -8.132  0.2307E-08  0.1200E+02
  -8.122  0.2937E-08  0.1200E+02
  -8.112  0.3733E-08  0.1200E+02
  -8.102  0.4735E-08  0.1200E+02
  -8.092  0.5997E-08  0.1200E+02
  -8.082  0.7583E-08  0.1200E+02
  -8.072  0.9571E-08  0.1200E+02
  -8.062  0.1206E-07  0.1200E+02
  -8.052  0.1517E-07  0.1200E+02
  -8.042  0.1905E-07  0.1200E+02
  -8.032  0.2387E-07  0.1200E+02
  -8.022  0.2988E-07  0.1200E+02
  -8.012  0.3732E-07  0.1200E+02
  -8.002  0.4654E-07  0.1200E+02
  -7.992  0.5794E-07  0.1200E+02
  -7.982  0.7202E-07  0.1200E+02
  -7.972  0.8935E-07  0.1200E+02
  -7.962  0.1107E-06  0.1200E+02
  -7.952  0.1368E-06  0.1200E+02
  -7.942  0.1689E-06  0.1200E+02
  -7.932  0.2081E-06  0.1200E+02
  -7.922  0.2560E-06  0.1200E+02
  -7.912  0.3144E-06  0.1200E+02
  -7.902  0.3854E-06  0.1200E+02
  -7.892  0.4717E-06  0.1200E+02
  -7.882  0.5764E-06  0.1200E+02
  -7.872  0.7030E-06  0.1200E+02
  -7.862  0.8560E-06  0.1200E+02
  -7.852  0.1040E-05  0.1200E+02
  -7.842  0.1263E-05  0.1200E+02
  -7.832  0.1530E-05  0.1200E+02
  -7.822  0.1850E-05  0.1200E+02
  -7.812  0.2234E-05  0.1200E+02
  -7.802  0.2692E-05  0.1200E+02
  -7.792  0.3239E-05  0.1200E+02
  -7.782  0.3891E-05  0.1200E+02
  -7.772  0.4667E-05  0.1200E+02
  -7.762  0.5587E-05  0.1200E+02
  -7.752  0.6677E-05  0.1200E+02
  -7.742  0.7967E-05  0.1200E+02
  -7.732  0.9491E-05  0.1200E+02
  -7.722  0.1129E-04  0.1200E+02
  -7.712  0.1340E-04  0.1200E+02
  -7.702  0.1588E-04  0.1200E+02
  -7.692  0.1879E-04  0.1200E+02
  -7.682  0.2220E-04  0.1200E+02
  -7.672  0.2618E-04  0.1200E+02
  -7.662  0.3083E-04  0.1200E+02
  -7.652  0.3623E-04  0.1200E+02
  -7.642  0.4252E-04  0.1200E+02
  -7.632  0.4982E-04  0.1200E+02
  -7.622  0.5827E-04  0.1200E+02
  -7.612  0.6805E-04  0.1200E+02
  -7.602  0.7933E-04  0.1200E+02
  -7.592  0.9234E-04  0.1200E+02
  -7.582  0.1073E-03  0.1200E+02
  -7.572  0.1245E-03  0.1200E+02
  -7.562  0.1442E-03  0.1200E+02
  -7.552  0.1668E-03  0.1200E+02
  -7.542  0.1925E-03  0.1200E+02
  -7.532  0.2220E-03  0.1200E+02
  -7.522  0.2555E-03  0.1200E+02
  -7.512  0.2935E-03  0.1200E+02
  -7.502  0.3368E-03  0.1200E+02
  -7.492  0.3858E-03  0.1200E+02
  -7.482  0.4412E-03  0.1200E+02
  -7.472  0.5038E-03  0.1200E+02
  -7.462  0.5745E-03  0.1200E+02
  -7.452  0.6540E-03  0.1200E+02
  -7.442  0.7433E-03  0.1200E+02
  -7.432  0.8436E-03  0.1200E+02
  -7.422  0.9559E-03  0.1200E+02
  -7.412  0.1082E-02  0.1200E+02
  -7.402  0.1222E-02  0.1200E+02
  -7.392  0.1379E-02  0.1200E+02
  -7.382  0.1553E-02  0.1200E+02
  -7.372  0.1747E-02  0.1200E+02
  -7.362  0.1962E-02  0.1200E+02
  -7.352  0.2200E-02  0.1200E+02
  -7.342  0.2464E-02  0.1200E+02
  -7.332  0.2755E-02  0.1200E+02
  -7.322  0.3076E-02  0.1200E+02
  -7.312  0.3431E-02  0.1200E+02
  -7.302  0.3820E-02  0.1200E+02
  -7.292  0.4248E-02  0.1200E+02
  -7.282  0.4717E-02  0.1200E+02
  -7.272  0.5232E-02  0.1200E+02
  -7.262  0.5794E-02  0.1200E+02
  -7.252  0.6408E-02  0.1200E+02
  -7.242  0.7078E-02  0.1200E+02
  -7.232  0.7808E-02  0.1200E+02
  -7.222  0.8601E-02  0.1200E+02
  -7.212  0.9464E-02  0.1200E+02
  -7.202  0.1040E-01  0.1200E+02
  -7.192  0.1141E-01  0.1200E+02
  -7.182  0.1251E-01  0.1200E+02
  -7.172  0.1369E-01  0.1200E+02
  -7.162  0.1497E-01  0.1200E+02
  -7.152  0.1635E-01  0.1200E+02
  -7.142  0.1784E-01  0.1200E+02
  -7.132  0.1943E-01  0.1200E+02
  -7.122  0.2115E-01  0.1200E+02
  -7.112  0.2299E-01  0.1200E+02
  -7.102  0.2496E-01  0.1200E+02
  -7.092  0.2706E-01  0.1200E+02
  -7.082  0.2932E-01  0.1200E+02
  -7.072  0.3172E-01  0.1200E+02
  -7.062  0.3429E-01  0.1200E+02
  -7.052  0.3702E-01  0.1200E+02
  -7.042  0.3993E-01  0.1200E+02
  -7.032  0.4302E-01  0.1201E+02
  -7.022  0.4630E-01  0.1201E+02
  -7.012  0.4978E-01  0.1201E+02
  -7.002  0.5346E-01  0.1201E+02
  -6.992  0.5735E-01  0.1201E+02
  -6.982  0.6147E-01  0.1201E+02
  -6.972  0.6581E-01  0.1201E+02
  -6.962  0.7039E-01  0.1201E+02
  -6.952  0.7521E-01  0.1201E+02
  -6.942  0.8028E-01  0.1201E+02
  -6.932  0.8561E-01  0.1201E+02
  -6.922  0.9120E-01  0.1201E+02
  -6.912  0.9706E-01  0.1201E+02
  -6.902  0.1032E+00  0.1201E+02
  -6.892  0.1096E+00  0.1202E+02
  -6.882  0.1163E+00  0.1202E+02
  -6.872  0.1233E+00  0.1202E+02
  -6.862  0.1306E+00  0.1202E+02
  -6.852  0.1382E+00  0.1202E+02
  -6.842  0.1460E+00  0.1202E+02
  -6.832  0.1542E+00  0.1202E+02
  -6.822  0.1627E+00  0.1203E+02
  -6.812  0.1715E+00  0.1203E+02
  -6.802  0.1806E+00  0.1203E+02
  -6.792  0.1900E+00  0.1203E+02
  -6.782  0.1997E+00  0.1203E+02
  -6.772  0.2097E+00  0.1203E+02
  -6.762  0.2200E+00  0.1204E+02
  -6.752  0.2306E+00  0.1204E+02
  -6.742  0.2415E+00  0.1204E+02
  -6.732  0.2526E+00  0.1204E+02
  -6.722  0.2641E+00  0.1205E+02
  -6.712  0.2758E+00  0.1205E+02
  -6.702  0.2878E+00  0.1205E+02
  -6.692  0.3001E+00  0.1206E+02
  -6.682  0.3126E+00  0.1206E+02
  -6.672  0.3254E+00  0.1206E+02
  -6.662  0.3384E+00  0.1207E+02
  -6.652  0.3517E+00  0.1207E+02
  -6.642  0.3652E+00  0.1207E+02
  -6.632  0.3789E+00  0.1208E+02
  -6.622  0.3929E+00  0.1208E+02
  -6.612  0.4071E+00  0.1208E+02
  -6.602  0.4215E+00  0.1209E+02
  -6.592  0.4362E+00  0.1209E+02
  -6.582  0.4511E+00  0.1210E+02
  -6.572  0.4662E+00  0.1210E+02
  -6.562  0.4816E+00  0.1211E+02
  -6.552  0.4972E+00  0.1211E+02
  -6.542  0.5130E+00  0.1212E+02
  -6.532  0.5291E+00  0.1212E+02
  -6.522  0.5455E+00  0.1213E+02
  -6.512  0.5622E+00  0.1213E+02
  -6.502  0.5792E+00  0.1214E+02
  -6.492  0.5965E+00  0.1215E+02
  -6.482  0.6141E+00  0.1215E+02
  -6.472  0.6322E+00  0.1216E+02
  -6.462  0.6506E+00  0.1216E+02
  -6.452  0.6694E+00  0.1217E+02
  -6.442  0.6887E+00  0.1218E+02
  -6.432  0.7085E+00  0.1218E+02
  -6.422  0.7288E+00  0.1219E+02
  -6.412  0.7496E+00  0.1220E+02
  -6.402  0.7710E+00  0.1221E+02
  -6.392  0.7931E+00  0.1222E+02
  -6.382  0.8158E+00  0.1222E+02
  -6.372  0.8392E+00  0.1223E+02
  -6.362  0.8633E+00  0.1224E+02
  -6.352  0.8882E+00  0.1225E+02
  -6.342  0.9139E+00  0.1226E+02
  -6.332  0.9404E+00  0.1227E+02
  -6.322  0.9678E+00  0.1228E+02
  -6.312  0.9960E+00  0.1229E+02
  -6.302  0.1025E+01  0.1230E+02
  -6.292  0.1055E+01  0.1231E+02
  -6.282  0.1086E+01  0.1232E+02
  -6.272  0.1118E+01  0.1233E+02
  -6.262  0.1151E+01  0.1234E+02
  -6.252  0.1185E+01  0.1235E+02
  -6.242  0.1220E+01  0.1237E+02
  -6.232  0.1256E+01  0.1238E+02
  -6.222  0.1292E+01  0.1239E+02
  -6.212  0.1330E+01  0.1240E+02
  -6.202  0.1368E+01  0.1242E+02
  -6.192  0.1408E+01  0.1243E+02
  -6.182  0.1448E+01  0.1245E+02
  -6.172  0.1488E+01  0.1246E+02
  -6.162  0.1530E+01  0.1248E+02
  -6.152  0.1571E+01  0.1249E+02
  -6.142  0.1614E+01  0.1251E+02
  -6.132  0.1657E+01  0.1253E+02
  -6.122  0.1700E+01  0.1254E+02
  -6.112  0.1743E+01  0.1256E+02
  -6.102  0.1786E+01  0.1258E+02
  -6.092  0.1829E+01  0.1260E+02
  -6.082  0.1872E+01  0.1261E+02
  -6.072  0.1915E+01  0.1263E+02
  -6.062  0.1957E+01  0.1265E+02
  -6.052  0.1999E+01  0.1267E+02
  -6.042  0.2040E+01  0.1269E+02
  -6.032  0.2080E+01  0.1271E+02
  -6.022  0.2120E+01  0.1274E+02
  -6.012  0.2158E+01  0.1276E+02
  -6.002  0.2194E+01  0.1278E+02
  -5.992  0.2230E+01  0.1280E+02
  -5.982  0.2263E+01  0.1282E+02
  -5.972  0.2295E+01  0.1285E+02
  -5.962  0.2326E+01  0.1287E+02
  -5.952  0.2354E+01  0.1289E+02
  -5.942  0.2380E+01  0.1292E+02
  -5.932  0.2404E+01  0.1294E+02
  -5.922  0.2425E+01  0.1297E+02
  -5.912  0.2445E+01  0.1299E+02
  -5.902  0.2461E+01  0.1302E+02
  -5.892  0.2475E+01  0.1304E+02
  -5.882  0.2487E+01  0.1306E+02
  -5.872  0.2496E+01  0.1309E+02
  -5.862  0.2502E+01  0.1311E+02
  -5.852  0.2505E+01  0.1314E+02
  -5.842  0.2506E+01  0.1316E+02
  -5.832  0.2503E+01  0.1319E+02
  -5.822  0.2498E+01  0.1321E+02
  -5.812  0.2490E+01  0.1324E+02
  -5.802  0.2480E+01  0.1326E+02
  -5.792  0.2466E+01  0.1329E+02
  -5.782  0.2450E+01  0.1331E+02
  -5.772  0.2432E+01  0.1334E+02
  -5.762  0.2411E+01  0.1336E+02
  -5.752  0.2387E+01  0.1339E+02
  -5.742  0.2362E+01  0.1341E+02
  -5.732  0.2334E+01  0.1343E+02
  -5.722  0.2303E+01  0.1346E+02
  -5.712  0.2271E+01  0.1348E+02
  -5.702  0.2237E+01  0.1350E+02
  -5.692  0.2202E+01  0.1352E+02
  -5.682  0.2164E+01  0.1354E+02
  -5.672  0.2125E+01  0.1357E+02
  -5.662  0.2085E+01  0.1359E+02
  -5.652  0.2044E+01  0.1361E+02
  -5.642  0.2002E+01  0.1363E+02
  -5.632  0.1959E+01  0.1365E+02
  -5.622  0.1915E+01  0.1367E+02
  -5.612  0.1870E+01  0.1368E+02
  -5.602  0.1825E+01  0.1370E+02
  -5.592  0.1780E+01  0.1372E+02
  -5.582  0.1735E+01  0.1374E+02
  -5.572  0.1689E+01  0.1376E+02
  -5.562  0.1644E+01  0.1377E+02
  -5.552  0.1599E+01  0.1379E+02
  -5.542  0.1555E+01  0.1380E+02
  -5.532  0.1511E+01  0.1382E+02
  -5.522  0.1467E+01  0.1383E+02
  -5.512  0.1425E+01  0.1385E+02
  -5.502  0.1383E+01  0.1386E+02
  -5.492  0.1342E+01  0.1387E+02
  -5.482  0.1303E+01  0.1389E+02
  -5.472  0.1265E+01  0.1390E+02
  -5.462  0.1228E+01  0.1391E+02
  -5.452  0.1192E+01  0.1392E+02
  -5.442  0.1158E+01  0.1394E+02
  -5.432  0.1126E+01  0.1395E+02
  -5.422  0.1095E+01  0.1396E+02
  -5.412  0.1066E+01  0.1397E+02
  -5.402  0.1038E+01  0.1398E+02
  -5.392  0.1013E+01  0.1399E+02
  -5.382  0.9896E+00  0.1400E+02
  -5.372  0.9682E+00  0.1401E+02
  -5.362  0.9489E+00  0.1402E+02
  -5.352  0.9316E+00  0.1403E+02
  -5.342  0.9166E+00  0.1404E+02
  -5.332  0.9037E+00  0.1405E+02
  -5.322  0.8930E+00  0.1405E+02
  -5.312  0.8847E+00  0.1406E+02
  -5.302  0.8786E+00  0.1407E+02
  -5.292  0.8748E+00  0.1408E+02
  -5.282  0.8734E+00  0.1409E+02
  -5.272  0.8742E+00  0.1410E+02
  -5.262  0.8775E+00  0.1411E+02
  -5.252  0.8830E+00  0.1412E+02
  -5.242  0.8909E+00  0.1413E+02
  -5.232  0.9011E+00  0.1413E+02
  -5.222  0.9136E+00  0.1414E+02
  -5.212  0.9283E+00  0.1415E+02
  -5.202  0.9452E+00  0.1416E+02
  -5.192  0.9643E+00  0.1417E+02
  -5.182  0.9855E+00  0.1418E+02
  -5.172  0.1009E+01  0.1419E+02
  -5.162  0.1034E+01  0.1420E+02
  -5.152  0.1061E+01  0.1421E+02
  -5.142  0.1090E+01  0.1422E+02
  -5.132  0.1121E+01  0.1423E+02
  -5.122  0.1153E+01  0.1425E+02
  -5.112  0.1187E+01  0.1426E+02
  -5.102  0.1223E+01  0.1427E+02
  -5.092  0.1259E+01  0.1428E+02
  -5.082  0.1297E+01  0.1430E+02
  -5.072  0.1336E+01  0.1431E+02
  -5.062  0.1376E+01  0.1432E+02
  -5.052  0.1416E+01  0.1434E+02
  -5.042  0.1457E+01  0.1435E+02
  -5.032  0.1499E+01  0.1437E+02
  -5.022  0.1541E+01  0.1438E+02
  -5.012  0.1583E+01  0.1440E+02
  -5.002  0.1626E+01  0.1441E+02
  -4.992  0.1668E+01  0.1443E+02
  -4.982  0.1710E+01  0.1445E+02
  -4.972  0.1751E+01  0.1447E+02
  -4.962  0.1792E+01  0.1448E+02
  -4.952  0.1832E+01  0.1450E+02
  -4.942  0.1871E+01  0.1452E+02
  -4.932  0.1910E+01  0.1454E+02
  -4.922  0.1947E+01  0.1456E+02
  -4.912  0.1983E+01  0.1458E+02
  -4.902  0.2018E+01  0.1460E+02
  -4.892  0.2051E+01  0.1462E+02
  -4.882  0.2082E+01  0.1464E+02
  -4.872  0.2112E+01  0.1466E+02
  -4.862  0.2140E+01  0.1468E+02
  -4.852  0.2166E+01  0.1470E+02
  -4.842  0.2190E+01  0.1473E+02
  -4.832  0.2212E+01  0.1475E+02
  -4.822  0.2232E+01  0.1477E+02
  -4.812  0.2249E+01  0.1479E+02
  -4.802  0.2265E+01  0.1482E+02
  -4.792  0.2278E+01  0.1484E+02
  -4.782  0.2289E+01  0.1486E+02
  -4.772  0.2298E+01  0.1488E+02
  -4.762  0.2304E+01  0.1491E+02
  -4.752  0.2309E+01  0.1493E+02
  -4.742  0.2311E+01  0.1495E+02
  -4.732  0.2310E+01  0.1498E+02
  -4.722  0.2308E+01  0.1500E+02
  -4.712  0.2303E+01  0.1502E+02
  -4.702  0.2296E+01  0.1505E+02
  -4.692  0.2288E+01  0.1507E+02
  -4.682  0.2277E+01  0.1509E+02
  -4.672  0.2264E+01  0.1511E+02
  -4.662  0.2249E+01  0.1514E+02
  -4.652  0.2233E+01  0.1516E+02
  -4.642  0.2215E+01  0.1518E+02
  -4.632  0.2195E+01  0.1520E+02
  -4.622  0.2174E+01  0.1522E+02
  -4.612  0.2152E+01  0.1525E+02
  -4.602  0.2128E+01  0.1527E+02
  -4.592  0.2103E+01  0.1529E+02
  -4.582  0.2077E+01  0.1531E+02
  -4.572  0.2050E+01  0.1533E+02
  -4.562  0.2022E+01  0.1535E+02
  -4.552  0.1993E+01  0.1537E+02
  -4.542  0.1964E+01  0.1539E+02
  -4.532  0.1934E+01  0.1541E+02
  -4.522  0.1904E+01  0.1543E+02
  -4.512  0.1874E+01  0.1545E+02
  -4.502  0.1843E+01  0.1547E+02
  -4.492  0.1812E+01  0.1548E+02
  -4.482  0.1782E+01  0.1550E+02
  -4.472  0.1751E+01  0.1552E+02
  -4.462  0.1721E+01  0.1554E+02
  -4.452  0.1692E+01  0.1555E+02
  -4.442  0.1663E+01  0.1557E+02
  -4.432  0.1634E+01  0.1559E+02
  -4.422  0.1606E+01  0.1560E+02
  -4.412  0.1579E+01  0.1562E+02
  -4.402  0.1553E+01  0.1563E+02
  -4.392  0.1528E+01  0.1565E+02
  -4.382  0.1504E+01  0.1566E+02
  -4.372  0.1482E+01  0.1568E+02
  -4.362  0.1460E+01  0.1569E+02
  -4.352  0.1440E+01  0.1571E+02
  -4.342  0.1421E+01  0.1572E+02
  -4.332  0.1404E+01  0.1574E+02
  -4.322  0.1388E+01  0.1575E+02
  -4.312  0.1374E+01  0.1576E+02
  -4.302  0.1361E+01  0.1578E+02
  -4.292  0.1350E+01  0.1579E+02
  -4.282  0.1341E+01  0.1580E+02
  -4.272  0.1333E+01  0.1582E+02
  -4.262  0.1327E+01  0.1583E+02
  -4.252  0.1323E+01  0.1584E+02
  -4.242  0.1321E+01  0.1586E+02
  -4.232  0.1320E+01  0.1587E+02
  -4.222  0.1322E+01  0.1588E+02
  -4.212  0.1324E+01  0.1590E+02
  -4.202  0.1329E+01  0.1591E+02
  -4.192  0.1336E+01  0.1592E+02
  -4.182  0.1344E+01  0.1594E+02
  -4.172  0.1354E+01  0.1595E+02
  -4.162  0.1365E+01  0.1596E+02
  -4.152  0.1378E+01  0.1598E+02
  -4.142  0.1393E+01  0.1599E+02
  -4.132  0.1409E+01  0.1601E+02
  -4.122  0.1426E+01  0.1602E+02
  -4.112  0.1445E+01  0.1603E+02
  -4.102  0.1464E+01  0.1605E+02
  -4.092  0.1486E+01  0.1606E+02
  -4.082  0.1508E+01  0.1608E+02
  -4.072  0.1531E+01  0.1609E+02
  -4.062  0.1555E+01  0.1611E+02
  -4.052  0.1580E+01  0.1613E+02
  -4.042  0.1605E+01  0.1614E+02
  -4.032  0.1632E+01  0.1616E+02
  -4.022  0.1658E+01  0.1617E+02
  -4.012  0.1685E+01  0.1619E+02
  -4.002  0.1713E+01  0.1621E+02
  -3.992  0.1740E+01  0.1623E+02
  -3.982  0.1768E+01  0.1624E+02
  -3.972  0.1795E+01  0.1626E+02
  -3.962  0.1823E+01  0.1628E+02
  -3.952  0.1850E+01  0.1630E+02
  -3.942  0.1877E+01  0.1632E+02
  -3.932  0.1903E+01  0.1634E+02
  -3.922  0.1929E+01  0.1636E+02
  -3.912  0.1954E+01  0.1637E+02
  -3.902  0.1978E+01  0.1639E+02
  -3.892  0.2002E+01  0.1641E+02
  -3.882  0.2025E+01  0.1643E+02
  -3.872  0.2046E+01  0.1646E+02
  -3.862  0.2067E+01  0.1648E+02
  -3.852  0.2087E+01  0.1650E+02
  -3.842  0.2105E+01  0.1652E+02
  -3.832  0.2122E+01  0.1654E+02
  -3.822  0.2138E+01  0.1656E+02
  -3.812  0.2153E+01  0.1658E+02
  -3.802  0.2167E+01  0.1660E+02
  -3.792  0.2179E+01  0.1663E+02
  -3.782  0.2190E+01  0.1665E+02
  -3.772  0.2199E+01  0.1667E+02
  -3.762  0.2207E+01  0.1669E+02
  -3.752  0.2214E+01  0.1671E+02
  -3.742  0.2220E+01  0.1674E+02
  -3.732  0.2224E+01  0.1676E+02
  -3.722  0.2227E+01  0.1678E+02
  -3.712  0.2228E+01  0.1680E+02
  -3.702  0.2229E+01  0.1682E+02
  -3.692  0.2228E+01  0.1685E+02
  -3.682  0.2227E+01  0.1687E+02
  -3.672  0.2224E+01  0.1689E+02
  -3.662  0.2221E+01  0.1691E+02
  -3.652  0.2216E+01  0.1694E+02
  -3.642  0.2211E+01  0.1696E+02
  -3.632  0.2205E+01  0.1698E+02
  -3.622  0.2198E+01  0.1700E+02
  -3.612  0.2191E+01  0.1702E+02
  -3.602  0.2184E+01  0.1705E+02
  -3.592  0.2176E+01  0.1707E+02
  -3.582  0.2168E+01  0.1709E+02
  -3.572  0.2160E+01  0.1711E+02
  -3.562  0.2152E+01  0.1713E+02
  -3.552  0.2144E+01  0.1715E+02
  -3.542  0.2137E+01  0.1718E+02
  -3.532  0.2130E+01  0.1720E+02
  -3.522  0.2123E+01  0.1722E+02
  -3.512  0.2117E+01  0.1724E+02
  -3.502  0.2112E+01  0.1726E+02
  -3.492  0.2108E+01  0.1728E+02
  -3.482  0.2105E+01  0.1730E+02
  -3.472  0.2104E+01  0.1732E+02
  -3.462  0.2104E+01  0.1734E+02
  -3.452  0.2105E+01  0.1737E+02
  -3.442  0.2108E+01  0.1739E+02
  -3.432  0.2113E+01  0.1741E+02
  -3.422  0.2120E+01  0.1743E+02
  -3.412  0.2129E+01  0.1745E+02
  -3.402  0.2140E+01  0.1747E+02
  -3.392  0.2154E+01  0.1749E+02
  -3.382  0.2171E+01  0.1751E+02
  -3.372  0.2190E+01  0.1754E+02
  -3.362  0.2212E+01  0.1756E+02
  -3.352  0.2237E+01  0.1758E+02
  -3.342  0.2265E+01  0.1760E+02
  -3.332  0.2296E+01  0.1763E+02
  -3.322  0.2331E+01  0.1765E+02
  -3.312  0.2369E+01  0.1767E+02
  -3.302  0.2411E+01  0.1770E+02
  -3.292  0.2456E+01  0.1772E+02
  -3.282  0.2505E+01  0.1775E+02
  -3.272  0.2558E+01  0.1777E+02
  -3.262  0.2615E+01  0.1780E+02
  -3.252  0.2675E+01  0.1783E+02
  -3.242  0.2739E+01  0.1785E+02
  -3.232  0.2807E+01  0.1788E+02
  -3.222  0.2878E+01  0.1791E+02
  -3.212  0.2953E+01  0.1794E+02
  -3.202  0.3032E+01  0.1797E+02
  -3.192  0.3114E+01  0.1800E+02
  -3.182  0.3200E+01  0.1803E+02
  -3.172  0.3289E+01  0.1807E+02
  -3.162  0.3381E+01  0.1810E+02
  -3.152  0.3476E+01  0.1813E+02
  -3.142  0.3574E+01  0.1817E+02
  -3.132  0.3675E+01  0.1821E+02
  -3.122  0.3778E+01  0.1825E+02
  -3.112  0.3883E+01  0.1828E+02
  -3.102  0.3990E+01  0.1832E+02
  -3.092  0.4098E+01  0.1836E+02
  -3.082  0.4208E+01  0.1841E+02
  -3.072  0.4319E+01  0.1845E+02
  -3.062  0.4431E+01  0.1849E+02
  -3.052  0.4543E+01  0.1854E+02
  -3.042  0.4656E+01  0.1859E+02
  -3.032  0.4768E+01  0.1863E+02
  -3.022  0.4880E+01  0.1868E+02
  -3.012  0.4991E+01  0.1873E+02
  -3.002  0.5100E+01  0.1878E+02
  -2.992  0.5209E+01  0.1884E+02
  -2.982  0.5315E+01  0.1889E+02
  -2.972  0.5419E+01  0.1894E+02
  -2.962  0.5521E+01  0.1900E+02
  -2.952  0.5620E+01  0.1905E+02
  -2.942  0.5717E+01  0.1911E+02
  -2.932  0.5809E+01  0.1917E+02
  -2.922  0.5899E+01  0.1923E+02
  -2.912  0.5985E+01  0.1929E+02
  -2.902  0.6066E+01  0.1935E+02
  -2.892  0.6144E+01  0.1941E+02
  -2.882  0.6217E+01  0.1947E+02
  -2.872  0.6286E+01  0.1954E+02
  -2.862  0.6350E+01  0.1960E+02
  -2.852  0.6409E+01  0.1966E+02
  -2.842  0.6464E+01  0.1973E+02
  -2.832  0.6514E+01  0.1979E+02
  -2.822  0.6558E+01  0.1986E+02
  -2.812  0.6598E+01  0.1992E+02
  -2.802  0.6633E+01  0.1999E+02
  -2.792  0.6663E+01  0.2006E+02
  -2.782  0.6688E+01  0.2012E+02
  -2.772  0.6708E+01  0.2019E+02
  -2.762  0.6723E+01  0.2026E+02
  -2.752  0.6734E+01  0.2033E+02
  -2.742  0.6740E+01  0.2039E+02
  -2.732  0.6741E+01  0.2046E+02
  -2.722  0.6738E+01  0.2053E+02
  -2.712  0.6731E+01  0.2060E+02
  -2.702  0.6719E+01  0.2066E+02
  -2.692  0.6704E+01  0.2073E+02
  -2.682  0.6685E+01  0.2080E+02
  -2.672  0.6662E+01  0.2086E+02
  -2.662  0.6636E+01  0.2093E+02
  -2.652  0.6606E+01  0.2100E+02
  -2.642  0.6573E+01  0.2106E+02
  -2.632  0.6537E+01  0.2113E+02
  -2.622  0.6498E+01  0.2119E+02
  -2.612  0.6456E+01  0.2126E+02
  -2.602  0.6412E+01  0.2132E+02
  -2.592  0.6365E+01  0.2138E+02
  -2.582  0.6315E+01  0.2145E+02
  -2.572  0.6263E+01  0.2151E+02
  -2.562  0.6210E+01  0.2157E+02
  -2.552  0.6154E+01  0.2163E+02
  -2.542  0.6096E+01  0.2169E+02
  -2.532  0.6036E+01  0.2175E+02
  -2.522  0.5974E+01  0.2181E+02
  -2.512  0.5911E+01  0.2187E+02
  -2.502  0.5846E+01  0.2193E+02
  -2.492  0.5779E+01  0.2199E+02
  -2.482  0.5711E+01  0.2205E+02
  -2.472  0.5641E+01  0.2210E+02
  -2.462  0.5570E+01  0.2216E+02
  -2.452  0.5497E+01  0.2221E+02
  -2.442  0.5423E+01  0.2227E+02
  -2.432  0.5347E+01  0.2232E+02
  -2.422  0.5270E+01  0.2237E+02
  -2.412  0.5192E+01  0.2243E+02
  -2.402  0.5112E+01  0.2248E+02
  -2.392  0.5031E+01  0.2253E+02
  -2.382  0.4948E+01  0.2258E+02
  -2.372  0.4865E+01  0.2263E+02
  -2.362  0.4780E+01  0.2267E+02
  -2.352  0.4694E+01  0.2272E+02
  -2.342  0.4606E+01  0.2277E+02
  -2.332  0.4518E+01  0.2281E+02
  -2.322  0.4428E+01  0.2286E+02
  -2.312  0.4338E+01  0.2290E+02
  -2.302  0.4247E+01  0.2294E+02
  -2.292  0.4154E+01  0.2298E+02
  -2.282  0.4061E+01  0.2302E+02
  -2.272  0.3967E+01  0.2306E+02
  -2.262  0.3872E+01  0.2310E+02
  -2.252  0.3777E+01  0.2314E+02
  -2.242  0.3681E+01  0.2318E+02
  -2.232  0.3585E+01  0.2321E+02
  -2.222  0.3488E+01  0.2325E+02
  -2.212  0.3391E+01  0.2328E+02
  -2.202  0.3294E+01  0.2331E+02
  -2.192  0.3197E+01  0.2335E+02
  -2.182  0.3100E+01  0.2338E+02
  -2.172  0.3004E+01  0.2341E+02
  -2.162  0.2907E+01  0.2344E+02
  -2.152  0.2812E+01  0.2347E+02
  -2.142  0.2716E+01  0.2349E+02
  -2.132  0.2622E+01  0.2352E+02
  -2.122  0.2528E+01  0.2354E+02
  -2.112  0.2435E+01  0.2357E+02
  -2.102  0.2343E+01  0.2359E+02
  -2.092  0.2252E+01  0.2361E+02
  -2.082  0.2163E+01  0.2364E+02
  -2.072  0.2075E+01  0.2366E+02
  -2.062  0.1988E+01  0.2368E+02
  -2.052  0.1903E+01  0.2370E+02
  -2.042  0.1820E+01  0.2371E+02
  -2.032  0.1738E+01  0.2373E+02
  -2.022  0.1658E+01  0.2375E+02
  -2.012  0.1580E+01  0.2376E+02
  -2.002  0.1504E+01  0.2378E+02
  -1.992  0.1430E+01  0.2379E+02
  -1.982  0.1358E+01  0.2381E+02
  -1.972  0.1288E+01  0.2382E+02
  -1.962  0.1221E+01  0.2383E+02
  -1.952  0.1155E+01  0.2384E+02
  -1.942  0.1092E+01  0.2385E+02
  -1.932  0.1031E+01  0.2386E+02
  -1.922  0.9721E+00  0.2387E+02
  -1.912  0.9155E+00  0.2388E+02
  -1.902  0.8612E+00  0.2389E+02
  -1.892  0.8091E+00  0.2390E+02
  -1.882  0.7592E+00  0.2391E+02
  -1.872  0.7115E+00  0.2391E+02
  -1.862  0.6659E+00  0.2392E+02
  -1.852  0.6225E+00  0.2393E+02
  -1.842  0.5812E+00  0.2393E+02
  -1.832  0.5419E+00  0.2394E+02
  -1.822  0.5046E+00  0.2394E+02
  -1.812  0.4693E+00  0.2395E+02
  -1.802  0.4359E+00  0.2395E+02
  -1.792  0.4044E+00  0.2396E+02
  -1.782  0.3746E+00  0.2396E+02
  -1.772  0.3466E+00  0.2396E+02
  -1.762  0.3203E+00  0.2397E+02
  -1.752  0.2955E+00  0.2397E+02
  -1.742  0.2723E+00  0.2397E+02
  -1.732  0.2507E+00  0.2398E+02
  -1.722  0.2304E+00  0.2398E+02
  -1.712  0.2115E+00  0.2398E+02
  -1.702  0.1939E+00  0.2398E+02
  -1.692  0.1775E+00  0.2398E+02
  -1.682  0.1623E+00  0.2399E+02
  -1.672  0.1482E+00  0.2399E+02
  -1.662  0.1351E+00  0.2399E+02
  -1.652  0.1230E+00  0.2399E+02
  -1.642  0.1119E+00  0.2399E+02
  -1.632  0.1017E+00  0.2399E+02
  -1.622  0.9223E-01  0.2399E+02
  -1.612  0.8358E-01  0.2399E+02
  -1.602  0.7566E-01  0.2399E+02
  -1.592  0.6842E-01  0.2399E+02
  -1.582  0.6182E-01  0.2400E+02
  -1.572  0.5581E-01  0.2400E+02
  -1.562  0.5036E-01  0.2400E+02
  -1.552  0.4542E-01  0.2400E+02
  -1.542  0.4097E-01  0.2400E+02
  -1.532  0.3697E-01  0.2400E+02
  -1.522  0.3339E-01  0.2400E+02
  -1.512  0.3020E-01  0.2400E+02
  -1.502  0.2739E-01  0.2400E+02
  -1.492  0.2492E-01  0.2400E+02
  -1.482  0.2279E-01  0.2400E+02
  -1.472  0.2096E-01  0.2400E+02
  -1.462  0.1943E-01  0.2400E+02
  -1.452  0.1819E-01  0.2400E+02
  -1.442  0.1722E-01  0.2400E+02
  -1.432  0.1653E-01  0.2400E+02
  -1.422  0.1610E-01  0.2400E+02
  -1.412  0.1593E-01  0.2400E+02
  -1.402  0.1603E-01  0.2400E+02
  -1.392  0.1640E-01  0.2400E+02
  -1.382  0.1706E-01  0.2400E+02
  -1.372  0.1800E-01  0.2400E+02
  -1.362  0.1924E-01  0.2400E+02
  -1.352  0.2080E-01  0.2400E+02
  -1.342  0.2270E-01  0.2400E+02
  -1.332  0.2496E-01  0.2400E+02
  -1.322  0.2761E-01  0.2400E+02
  -1.312  0.3067E-01  0.2400E+02
  -1.302  0.3418E-01  0.2400E+02
  -1.292  0.3818E-01  0.2400E+02
  -1.282  0.4271E-01  0.2400E+02
  -1.272  0.4781E-01  0.2400E+02
  -1.262  0.5353E-01  0.2400E+02
  -1.252  0.5992E-01  0.2400E+02
  -1.242  0.6704E-01  0.2401E+02
  -1.232  0.7495E-01  0.2401E+02
  -1.222  0.8371E-01  0.2401E+02
  -1.212  0.9339E-01  0.2401E+02
  -1.202  0.1041E+00  0.2401E+02
  -1.192  0.1158E+00  0.2401E+02
  -1.182  0.1287E+00  0.2401E+02
  -1.172  0.1428E+00  0.2401E+02
  -1.162  0.1583E+00  0.2401E+02
  -1.152  0.1752E+00  0.2402E+02
  -1.142  0.1935E+00  0.2402E+02
  -1.132  0.2135E+00  0.2402E+02
  -1.122  0.2352E+00  0.2402E+02
  -1.112  0.2587E+00  0.2403E+02
  -1.102  0.2841E+00  0.2403E+02
  -1.092  0.3115E+00  0.2403E+02
  -1.082  0.3411E+00  0.2403E+02
  -1.072  0.3728E+00  0.2404E+02
  -1.062  0.4069E+00  0.2404E+02
  -1.052  0.4435E+00  0.2405E+02
  -1.042  0.4825E+00  0.2405E+02
  -1.032  0.5243E+00  0.2406E+02
  -1.022  0.5687E+00  0.2406E+02
  -1.012  0.6160E+00  0.2407E+02
  -1.002  0.6662E+00  0.2408E+02
  -0.992  0.7194E+00  0.2408E+02
  -0.982  0.7757E+00  0.2409E+02
  -0.972  0.8352E+00  0.2410E+02
  -0.962  0.8978E+00  0.2411E+02
  -0.952  0.9638E+00  0.2412E+02
  -0.942  0.1033E+01  0.2413E+02
  -0.932  0.1106E+01  0.2414E+02
  -0.922  0.1181E+01  0.2415E+02
  -0.912  0.1261E+01  0.2416E+02
  -0.902  0.1343E+01  0.2418E+02
  -0.892  0.1429E+01  0.2419E+02
  -0.882  0.1519E+01  0.2421E+02
  -0.872  0.1611E+01  0.2422E+02
  -0.862  0.1707E+01  0.2424E+02
  -0.852  0.1806E+01  0.2426E+02
  -0.842  0.1907E+01  0.2428E+02
  -0.832  0.2012E+01  0.2430E+02
  -0.822  0.2120E+01  0.2432E+02
  -0.812  0.2230E+01  0.2434E+02
  -0.802  0.2343E+01  0.2436E+02
  -0.792  0.2458E+01  0.2439E+02
  -0.782  0.2575E+01  0.2441E+02
  -0.772  0.2694E+01  0.2444E+02
  -0.762  0.2815E+01  0.2447E+02
  -0.752  0.2937E+01  0.2450E+02
  -0.742  0.3061E+01  0.2453E+02
  -0.732  0.3186E+01  0.2456E+02
  -0.722  0.3311E+01  0.2459E+02
  -0.712  0.3438E+01  0.2463E+02
  -0.702  0.3564E+01  0.2466E+02
  -0.692  0.3691E+01  0.2470E+02
  -0.682  0.3817E+01  0.2474E+02
  -0.672  0.3943E+01  0.2478E+02
  -0.662  0.4069E+01  0.2482E+02
  -0.652  0.4193E+01  0.2486E+02
  -0.642  0.4316E+01  0.2490E+02
  -0.632  0.4438E+01  0.2495E+02
  -0.622  0.4558E+01  0.2499E+02
  -0.612  0.4676E+01  0.2504E+02
  -0.602  0.4792E+01  0.2509E+02
  -0.592  0.4905E+01  0.2514E+02
  -0.582  0.5016E+01  0.2519E+02
  -0.572  0.5124E+01  0.2524E+02
  -0.562  0.5230E+01  0.2529E+02
  -0.552  0.5332E+01  0.2534E+02
  -0.542  0.5431E+01  0.2540E+02
  -0.532  0.5527E+01  0.2545E+02
  -0.522  0.5619E+01  0.2551E+02
  -0.512  0.5708E+01  0.2557E+02
  -0.502  0.5793E+01  0.2563E+02
  -0.492  0.5874E+01  0.2568E+02
  -0.482  0.5952E+01  0.2574E+02
  -0.472  0.6026E+01  0.2580E+02
  -0.462  0.6096E+01  0.2587E+02
  -0.452  0.6163E+01  0.2593E+02
  -0.442  0.6226E+01  0.2599E+02
  -0.432  0.6285E+01  0.2605E+02
  -0.422  0.6340E+01  0.2612E+02
  -0.412  0.6392E+01  0.2618E+02
  -0.402  0.6440E+01  0.2624E+02
  -0.392  0.6485E+01  0.2631E+02
  -0.382  0.6526E+01  0.2637E+02
  -0.372  0.6564E+01  0.2644E+02
  -0.362  0.6599E+01  0.2651E+02
  -0.352  0.6631E+01  0.2657E+02
  -0.342  0.6660E+01  0.2664E+02
  -0.332  0.6686E+01  0.2671E+02
  -0.322  0.6709E+01  0.2677E+02
  -0.312  0.6730E+01  0.2684E+02
  -0.302  0.6748E+01  0.2691E+02
  -0.292  0.6763E+01  0.2697E+02
  -0.282  0.6776E+01  0.2704E+02
  -0.272  0.6787E+01  0.2711E+02
  -0.262  0.6796E+01  0.2718E+02
  -0.252  0.6803E+01  0.2725E+02
  -0.242  0.6809E+01  0.2731E+02
  -0.232  0.6812E+01  0.2738E+02
  -0.222  0.6814E+01  0.2745E+02
  -0.212  0.6814E+01  0.2752E+02
  -0.202  0.6813E+01  0.2759E+02
  -0.192  0.6810E+01  0.2765E+02
  -0.182  0.6806E+01  0.2772E+02
  -0.172  0.6801E+01  0.2779E+02
  -0.162  0.6795E+01  0.2786E+02
  -0.152  0.6788E+01  0.2793E+02
  -0.142  0.6780E+01  0.2799E+02
  -0.132  0.6771E+01  0.2806E+02
  -0.122  0.6762E+01  0.2813E+02
  -0.112  0.6752E+01  0.2820E+02
  -0.102  0.6741E+01  0.2826E+02
  -0.092  0.6730E+01  0.2833E+02
  -0.082  0.6719E+01  0.2840E+02
  -0.072  0.6707E+01  0.2847E+02
  -0.062  0.6695E+01  0.2853E+02
  -0.052  0.6683E+01  0.2860E+02
  -0.042  0.6671E+01  0.2867E+02
  -0.032  0.6659E+01  0.2873E+02
  -0.022  0.6647E+01  0.2880E+02
  -0.012  0.6635E+01  0.2887E+02
  -0.002  0.6624E+01  0.2893E+02
   0.008  0.6613E+01  0.2900E+02
   0.018  0.6602E+01  0.2906E+02
   0.028  0.6592E+01  0.2913E+02
   0.038  0.6583E+01  0.2920E+02
   0.048  0.6575E+01  0.2926E+02
   0.058  0.6567E+01  0.2933E+02
   0.068  0.6560E+01  0.2939E+02
   0.078  0.6554E+01  0.2946E+02
   0.088  0.6549E+01  0.2952E+02
   0.098  0.6545E+01  0.2959E+02
   0.108  0.6543E+01  0.2966E+02
   0.118  0.6541E+01  0.2972E+02
   0.128  0.6540E+01  0.2979E+02
   0.138  0.6541E+01  0.2985E+02
   0.148  0.6543E+01  0.2992E+02
   0.158  0.6546E+01  0.2998E+02
   0.168  0.6550E+01  0.3005E+02
   0.178  0.6556E+01  0.3011E+02
   0.188  0.6563E+01  0.3018E+02
   0.198  0.6571E+01  0.3024E+02
   0.208  0.6580E+01  0.3031E+02
   0.218  0.6590E+01  0.3038E+02
   0.228  0.6601E+01  0.3044E+02
   0.238  0.6613E+01  0.3051E+02
   0.248  0.6627E+01  0.3058E+02
   0.258  0.6641E+01  0.3064E+02
   0.268  0.6656E+01  0.3071E+02
   0.278  0.6671E+01  0.3077E+02
   0.288  0.6688E+01  0.3084E+02
   0.298  0.6704E+01  0.3091E+02
   0.308  0.6722E+01  0.3098E+02
   0.318  0.6739E+01  0.3104E+02
   0.328  0.6757E+01  0.3111E+02
   0.338  0.6775E+01  0.3118E+02
   0.348  0.6793E+01  0.3125E+02
   0.358  0.6811E+01  0.3131E+02
   0.368  0.6829E+01  0.3138E+02
   0.378  0.6847E+01  0.3145E+02
   0.388  0.6864E+01  0.3152E+02
   0.398  0.6881E+01  0.3159E+02
   0.408  0.6897E+01  0.3166E+02
   0.418  0.6913E+01  0.3173E+02
   0.428  0.6929E+01  0.3180E+02
   0.438  0.6943E+01  0.3187E+02
   0.448  0.6957E+01  0.3194E+02
   0.458  0.6970E+01  0.3200E+02
   0.468  0.6982E+01  0.3207E+02
   0.478  0.6993E+01  0.3214E+02
   0.488  0.7004E+01  0.3221E+02
   0.498  0.7013E+01  0.3228E+02
   0.508  0.7022E+01  0.3236E+02
   0.518  0.7030E+01  0.3243E+02
   0.528  0.7037E+01  0.3250E+02
   0.538  0.7044E+01  0.3257E+02
   0.548  0.7049E+01  0.3264E+02
   0.558  0.7055E+01  0.3271E+02
   0.568  0.7059E+01  0.3278E+02
   0.578  0.7063E+01  0.3285E+02
   0.588  0.7067E+01  0.3292E+02
   0.598  0.7070E+01  0.3299E+02
   0.608  0.7073E+01  0.3306E+02
   0.618  0.7076E+01  0.3313E+02
   0.628  0.7080E+01  0.3320E+02
   0.638  0.7083E+01  0.3327E+02
   0.648  0.7086E+01  0.3334E+02
   0.658  0.7090E+01  0.3341E+02
   0.668  0.7094E+01  0.3349E+02
   0.678  0.7099E+01  0.3356E+02
   0.688  0.7104E+01  0.3363E+02
   0.698  0.7110E+01  0.3370E+02
   0.708  0.7117E+01  0.3377E+02
   0.718  0.7125E+01  0.3384E+02
   0.728  0.7133E+01  0.3391E+02
   0.738  0.7143E+01  0.3398E+02
   0.748  0.7154E+01  0.3406E+02
   0.758  0.7166E+01  0.3413E+02
   0.768  0.7180E+01  0.3420E+02
   0.778  0.7194E+01  0.3427E+02
   0.788  0.7210E+01  0.3434E+02
   0.798  0.7227E+01  0.3442E+02
   0.808  0.7246E+01  0.3449E+02
   0.818  0.7265E+01  0.3456E+02
   0.828  0.7286E+01  0.3463E+02
   0.838  0.7308E+01  0.3471E+02
   0.848  0.7332E+01  0.3478E+02
   0.858  0.7356E+01  0.3485E+02
   0.868  0.7381E+01  0.3493E+02
   0.878  0.7407E+01  0.3500E+02
   0.888  0.7434E+01  0.3508E+02
   0.898  0.7462E+01  0.3515E+02
   0.908  0.7490E+01  0.3522E+02
   0.918  0.7519E+01  0.3530E+02
   0.928  0.7549E+01  0.3538E+02
   0.938  0.7578E+01  0.3545E+02
   0.948  0.7608E+01  0.3553E+02
   0.958  0.7638E+01  0.3560E+02
   0.968  0.7669E+01  0.3568E+02
   0.978  0.7699E+01  0.3576E+02
   0.988  0.7728E+01  0.3583E+02
   0.998  0.7758E+01  0.3591E+02
   1.008  0.7787E+01  0.3599E+02
   1.018  0.7816E+01  0.3607E+02
   1.028  0.7844E+01  0.3615E+02
   1.038  0.7871E+01  0.3623E+02
   1.048  0.7898E+01  0.3630E+02
   1.058  0.7924E+01  0.3638E+02
   1.068  0.7949E+01  0.3646E+02
   1.078  0.7974E+01  0.3654E+02
   1.088  0.7997E+01  0.3662E+02
   1.098  0.8019E+01  0.3670E+02
   1.108  0.8041E+01  0.3678E+02
   1.118  0.8062E+01  0.3686E+02
   1.128  0.8081E+01  0.3695E+02
   1.138  0.8100E+01  0.3703E+02
   1.148  0.8118E+01  0.3711E+02
   1.158  0.8135E+01  0.3719E+02
   1.168  0.8150E+01  0.3727E+02
   1.178  0.8165E+01  0.3735E+02
   1.188  0.8179E+01  0.3743E+02
   1.198  0.8193E+01  0.3752E+02
   1.208  0.8205E+01  0.3760E+02
   1.218  0.8217E+01  0.3768E+02
   1.228  0.8228E+01  0.3776E+02
   1.238  0.8238E+01  0.3784E+02
   1.248  0.8247E+01  0.3793E+02
   1.258  0.8256E+01  0.3801E+02
   1.268  0.8264E+01  0.3809E+02
   1.278  0.8272E+01  0.3817E+02
   1.288  0.8279E+01  0.3826E+02
   1.298  0.8285E+01  0.3834E+02
   1.308  0.8291E+01  0.3842E+02
   1.318  0.8296E+01  0.3851E+02
   1.328  0.8300E+01  0.3859E+02
   1.338  0.8304E+01  0.3867E+02
   1.348  0.8307E+01  0.3876E+02
   1.358  0.8310E+01  0.3884E+02
   1.368  0.8311E+01  0.3892E+02
   1.378  0.8312E+01  0.3900E+02
   1.388  0.8313E+01  0.3909E+02
   1.398  0.8312E+01  0.3917E+02
   1.408  0.8311E+01  0.3925E+02
   1.418  0.8308E+01  0.3934E+02
   1.428  0.8305E+01  0.3942E+02
   1.438  0.8301E+01  0.3950E+02
   1.448  0.8296E+01  0.3959E+02
   1.458  0.8289E+01  0.3967E+02
   1.468  0.8282E+01  0.3975E+02
   1.478  0.8273E+01  0.3983E+02
   1.488  0.8263E+01  0.3992E+02
   1.498  0.8252E+01  0.4000E+02
   1.508  0.8239E+01  0.4008E+02
   1.518  0.8225E+01  0.4016E+02
   1.528  0.8210E+01  0.4025E+02
   1.538  0.8193E+01  0.4033E+02
   1.548  0.8175E+01  0.4041E+02
   1.558  0.8155E+01  0.4049E+02
   1.568  0.8134E+01  0.4057E+02
   1.578  0.8111E+01  0.4065E+02
   1.588  0.8087E+01  0.4073E+02
   1.598  0.8062E+01  0.4082E+02
   1.608  0.8035E+01  0.4090E+02
   1.618  0.8006E+01  0.4098E+02
   1.628  0.7977E+01  0.4106E+02
   1.638  0.7946E+01  0.4114E+02
   1.648  0.7914E+01  0.4121E+02
   1.658  0.7881E+01  0.4129E+02
   1.668  0.7846E+01  0.4137E+02
   1.678  0.7811E+01  0.4145E+02
   1.688  0.7775E+01  0.4153E+02
   1.698  0.7738E+01  0.4160E+02
   1.708  0.7700E+01  0.4168E+02
   1.718  0.7662E+01  0.4176E+02
   1.728  0.7623E+01  0.4183E+02
   1.738  0.7584E+01  0.4191E+02
   1.748  0.7544E+01  0.4199E+02
   1.758  0.7504E+01  0.4206E+02
   1.768  0.7464E+01  0.4214E+02
   1.778  0.7425E+01  0.4221E+02
   1.788  0.7385E+01  0.4228E+02
   1.798  0.7346E+01  0.4236E+02
   1.808  0.7307E+01  0.4243E+02
   1.818  0.7269E+01  0.4250E+02
   1.828  0.7231E+01  0.4258E+02
   1.838  0.7194E+01  0.4265E+02
   1.848  0.7158E+01  0.4272E+02
   1.858  0.7123E+01  0.4279E+02
   1.868  0.7089E+01  0.4286E+02
   1.878  0.7056E+01  0.4293E+02
   1.888  0.7024E+01  0.4300E+02
   1.898  0.6994E+01  0.4307E+02
   1.908  0.6965E+01  0.4314E+02
   1.918  0.6938E+01  0.4321E+02
   1.928  0.6912E+01  0.4328E+02
   1.938  0.6887E+01  0.4335E+02
   1.948  0.6864E+01  0.4342E+02
   1.958  0.6843E+01  0.4349E+02
   1.968  0.6823E+01  0.4355E+02
   1.978  0.6805E+01  0.4362E+02
   1.988  0.6788E+01  0.4369E+02
   1.998  0.6773E+01  0.4376E+02
   2.008  0.6759E+01  0.4383E+02
   2.018  0.6747E+01  0.4389E+02
   2.028  0.6736E+01  0.4396E+02
   2.038  0.6726E+01  0.4403E+02
   2.048  0.6717E+01  0.4409E+02
   2.058  0.6710E+01  0.4416E+02
   2.068  0.6703E+01  0.4423E+02
   2.078  0.6698E+01  0.4430E+02
   2.088  0.6693E+01  0.4436E+02
   2.098  0.6688E+01  0.4443E+02
   2.108  0.6684E+01  0.4450E+02
   2.118  0.6680E+01  0.4456E+02
   2.128  0.6676E+01  0.4463E+02
   2.138  0.6672E+01  0.4470E+02
   2.148  0.6668E+01  0.4476E+02
   2.158  0.6663E+01  0.4483E+02
   2.168  0.6657E+01  0.4490E+02
   2.178  0.6650E+01  0.4496E+02
   2.188  0.6642E+01  0.4503E+02
   2.198  0.6633E+01  0.4510E+02
   2.208  0.6622E+01  0.4516E+02
   2.218  0.6609E+01  0.4523E+02
   2.228  0.6594E+01  0.4529E+02
   2.238  0.6577E+01  0.4536E+02
   2.248  0.6557E+01  0.4543E+02
   2.258  0.6534E+01  0.4549E+02
   2.268  0.6509E+01  0.4556E+02
   2.278  0.6481E+01  0.4562E+02
   2.288  0.6449E+01  0.4568E+02
   2.298  0.6415E+01  0.4575E+02
   2.308  0.6376E+01  0.4581E+02
   2.318  0.6334E+01  0.4588E+02
   2.328  0.6289E+01  0.4594E+02
   2.338  0.6239E+01  0.4600E+02
   2.348  0.6186E+01  0.4606E+02
   2.358  0.6128E+01  0.4612E+02
   2.368  0.6067E+01  0.4619E+02
   2.378  0.6001E+01  0.4625E+02
   2.388  0.5932E+01  0.4630E+02
   2.398  0.5858E+01  0.4636E+02
   2.408  0.5780E+01  0.4642E+02
   2.418  0.5699E+01  0.4648E+02
   2.428  0.5613E+01  0.4653E+02
   2.438  0.5524E+01  0.4659E+02
   2.448  0.5431E+01  0.4664E+02
   2.458  0.5334E+01  0.4670E+02
   2.468  0.5234E+01  0.4675E+02
   2.478  0.5131E+01  0.4680E+02
   2.488  0.5024E+01  0.4685E+02
   2.498  0.4915E+01  0.4690E+02
   2.508  0.4803E+01  0.4695E+02
   2.518  0.4688E+01  0.4699E+02
   2.528  0.4571E+01  0.4704E+02
   2.538  0.4452E+01  0.4709E+02
   2.548  0.4331E+01  0.4713E+02
   2.558  0.4209E+01  0.4717E+02
   2.568  0.4086E+01  0.4721E+02
   2.578  0.3961E+01  0.4725E+02
   2.588  0.3836E+01  0.4729E+02
   2.598  0.3710E+01  0.4733E+02
   2.608  0.3584E+01  0.4736E+02
   2.618  0.3458E+01  0.4740E+02
   2.628  0.3332E+01  0.4743E+02
   2.638  0.3207E+01  0.4746E+02
   2.648  0.3082E+01  0.4749E+02
   2.658  0.2959E+01  0.4752E+02
   2.668  0.2837E+01  0.4755E+02
   2.678  0.2716E+01  0.4758E+02
   2.688  0.2597E+01  0.4760E+02
   2.698  0.2481E+01  0.4763E+02
   2.708  0.2366E+01  0.4765E+02
   2.718  0.2253E+01  0.4768E+02
   2.728  0.2143E+01  0.4770E+02
   2.738  0.2036E+01  0.4772E+02
   2.748  0.1931E+01  0.4774E+02
   2.758  0.1829E+01  0.4775E+02
   2.768  0.1730E+01  0.4777E+02
   2.778  0.1635E+01  0.4779E+02
   2.788  0.1542E+01  0.4780E+02
   2.798  0.1452E+01  0.4782E+02
   2.808  0.1366E+01  0.4783E+02
   2.818  0.1283E+01  0.4784E+02
   2.828  0.1204E+01  0.4786E+02
   2.838  0.1128E+01  0.4787E+02
   2.848  0.1055E+01  0.4788E+02
   2.858  0.9848E+00  0.4789E+02
   2.868  0.9184E+00  0.4790E+02
   2.878  0.8552E+00  0.4791E+02
   2.888  0.7952E+00  0.4791E+02
   2.898  0.7383E+00  0.4792E+02
   2.908  0.6845E+00  0.4793E+02
   2.918  0.6336E+00  0.4793E+02
   2.928  0.5857E+00  0.4794E+02
   2.938  0.5405E+00  0.4795E+02
   2.948  0.4981E+00  0.4795E+02
   2.958  0.4583E+00  0.4796E+02
   2.968  0.4211E+00  0.4796E+02
   2.978  0.3863E+00  0.4796E+02
   2.988  0.3538E+00  0.4797E+02
   2.998  0.3236E+00  0.4797E+02
   3.008  0.2955E+00  0.4797E+02
   3.018  0.2694E+00  0.4798E+02
   3.028  0.2453E+00  0.4798E+02
   3.038  0.2230E+00  0.4798E+02
   3.048  0.2023E+00  0.4798E+02
   3.058  0.1833E+00  0.4798E+02
   3.068  0.1659E+00  0.4799E+02
   3.078  0.1498E+00  0.4799E+02
   3.088  0.1351E+00  0.4799E+02
   3.098  0.1217E+00  0.4799E+02
   3.108  0.1094E+00  0.4799E+02
   3.118  0.9821E-01  0.4799E+02
   3.128  0.8802E-01  0.4799E+02
   3.138  0.7876E-01  0.4799E+02
   3.148  0.7036E-01  0.4799E+02
   3.158  0.6276E-01  0.4800E+02
   3.168  0.5589E-01  0.4800E+02
   3.178  0.4970E-01  0.4800E+02
   3.188  0.4412E-01  0.4800E+02
   3.198  0.3910E-01  0.4800E+02
   3.208  0.3460E-01  0.4800E+02
   3.218  0.3057E-01  0.4800E+02
   3.228  0.2696E-01  0.4800E+02
   3.238  0.2374E-01  0.4800E+02
   3.248  0.2088E-01  0.4800E+02
   3.258  0.1833E-01  0.4800E+02
   3.268  0.1606E-01  0.4800E+02
