#  E (eV)   dos(E)     Int dos(E) EFermi =   2.573 eV
 -18.609  0.1163E-04  0.1163E-06
 -18.599  0.1293E-04  0.2456E-06
 -18.589  0.1437E-04  0.3893E-06
 -18.579  0.1595E-04  0.5488E-06
 -18.569  0.1771E-04  0.7259E-06
 -18.559  0.1965E-04  0.9224E-06
 -18.549  0.2179E-04  0.1140E-05
 -18.539  0.2415E-04  0.1382E-05
 -18.529  0.2676E-04  0.1649E-05
 -18.519  0.2963E-04  0.1946E-05
 -18.509  0.3279E-04  0.2274E-05
 -18.499  0.3627E-04  0.2636E-05
 -18.489  0.4011E-04  0.3037E-05
 -18.479  0.4432E-04  0.3481E-05
 -18.469  0.4896E-04  0.3970E-05
 -18.459  0.5405E-04  0.4511E-05
 -18.449  0.5965E-04  0.5107E-05
 -18.439  0.6579E-04  0.5765E-05
 -18.429  0.7253E-04  0.6491E-05
 -18.419  0.7992E-04  0.7290E-05
 -18.409  0.8803E-04  0.8170E-05
 -18.399  0.9690E-04  0.9139E-05
 -18.389  0.1066E-03  0.1021E-04
 -18.379  0.1173E-03  0.1138E-04
 -18.369  0.1289E-03  0.1267E-04
 -18.359  0.1416E-03  0.1408E-04
 -18.349  0.1555E-03  0.1564E-04
 -18.339  0.1707E-03  0.1735E-04
 -18.329  0.1873E-03  0.1922E-04
 -18.319  0.2054E-03  0.2127E-04
 -18.309  0.2251E-03  0.2352E-04
 -18.299  0.2466E-03  0.2599E-04
 -18.289  0.2700E-03  0.2869E-04
 -18.279  0.2955E-03  0.3164E-04
 -18.269  0.3233E-03  0.3488E-04
 -18.259  0.3535E-03  0.3841E-04
 -18.249  0.3863E-03  0.4228E-04
 -18.239  0.4220E-03  0.4650E-04
 -18.229  0.4608E-03  0.5110E-04
 -18.219  0.5029E-03  0.5613E-04
 -18.209  0.5485E-03  0.6162E-04
 -18.199  0.5980E-03  0.6760E-04
 -18.189  0.6517E-03  0.7412E-04
 -18.179  0.7099E-03  0.8121E-04
 -18.169  0.7729E-03  0.8894E-04
 -18.159  0.8410E-03  0.9735E-04
 -18.149  0.9148E-03  0.1065E-03
 -18.139  0.9945E-03  0.1164E-03
 -18.129  0.1081E-02  0.1273E-03
 -18.119  0.1174E-02  0.1390E-03
 -18.109  0.1274E-02  0.1517E-03
 -18.099  0.1383E-02  0.1656E-03
 -18.089  0.1500E-02  0.1806E-03
 -18.079  0.1626E-02  0.1968E-03
 -18.069  0.1762E-02  0.2144E-03
 -18.059  0.1908E-02  0.2335E-03
 -18.049  0.2065E-02  0.2542E-03
 -18.039  0.2235E-02  0.2765E-03
 -18.029  0.2417E-02  0.3007E-03
 -18.019  0.2613E-02  0.3268E-03
 -18.009  0.2823E-02  0.3551E-03
 -17.999  0.3049E-02  0.3855E-03
 -17.989  0.3292E-02  0.4185E-03
 -17.979  0.3552E-02  0.4540E-03
 -17.969  0.3830E-02  0.4923E-03
 -17.959  0.4129E-02  0.5336E-03
 -17.949  0.4449E-02  0.5781E-03
 -17.939  0.4792E-02  0.6260E-03
 -17.929  0.5158E-02  0.6776E-03
 -17.919  0.5550E-02  0.7331E-03
 -17.909  0.5969E-02  0.7928E-03
 -17.899  0.6417E-02  0.8569E-03
 -17.889  0.6895E-02  0.9259E-03
 -17.879  0.7405E-02  0.9999E-03
 -17.869  0.7949E-02  0.1079E-02
 -17.859  0.8529E-02  0.1165E-02
 -17.849  0.9147E-02  0.1256E-02
 -17.839  0.9806E-02  0.1354E-02
 -17.829  0.1051E-01  0.1459E-02
 -17.819  0.1125E-01  0.1572E-02
 -17.809  0.1205E-01  0.1692E-02
 -17.799  0.1289E-01  0.1821E-02
 -17.789  0.1379E-01  0.1959E-02
 -17.779  0.1474E-01  0.2106E-02
 -17.769  0.1575E-01  0.2264E-02
 -17.759  0.1682E-01  0.2432E-02
 -17.749  0.1796E-01  0.2612E-02
 -17.739  0.1916E-01  0.2803E-02
 -17.729  0.2044E-01  0.3008E-02
 -17.719  0.2179E-01  0.3226E-02
 -17.709  0.2322E-01  0.3458E-02
 -17.699  0.2474E-01  0.3705E-02
 -17.689  0.2634E-01  0.3969E-02
 -17.679  0.2803E-01  0.4249E-02
 -17.669  0.2981E-01  0.4547E-02
 -17.659  0.3170E-01  0.4864E-02
 -17.649  0.3369E-01  0.5201E-02
 -17.639  0.3579E-01  0.5559E-02
 -17.629  0.3800E-01  0.5939E-02
 -17.619  0.4033E-01  0.6342E-02
 -17.609  0.4278E-01  0.6770E-02
 -17.599  0.4536E-01  0.7224E-02
 -17.589  0.4808E-01  0.7705E-02
 -17.579  0.5094E-01  0.8214E-02
 -17.569  0.5394E-01  0.8753E-02
 -17.559  0.5710E-01  0.9324E-02
 -17.549  0.6041E-01  0.9928E-02
 -17.539  0.6388E-01  0.1057E-01
 -17.529  0.6753E-01  0.1124E-01
 -17.519  0.7135E-01  0.1196E-01
 -17.509  0.7535E-01  0.1271E-01
 -17.499  0.7955E-01  0.1350E-01
 -17.489  0.8394E-01  0.1434E-01
 -17.479  0.8853E-01  0.1523E-01
 -17.469  0.9333E-01  0.1616E-01
 -17.459  0.9835E-01  0.1715E-01
 -17.449  0.1036E+00  0.1818E-01
 -17.439  0.1091E+00  0.1927E-01
 -17.429  0.1148E+00  0.2042E-01
 -17.419  0.1208E+00  0.2163E-01
 -17.409  0.1270E+00  0.2290E-01
 -17.399  0.1334E+00  0.2423E-01
 -17.389  0.1402E+00  0.2563E-01
 -17.379  0.1472E+00  0.2711E-01
 -17.369  0.1545E+00  0.2865E-01
 -17.359  0.1621E+00  0.3027E-01
 -17.349  0.1700E+00  0.3197E-01
 -17.339  0.1782E+00  0.3376E-01
 -17.329  0.1868E+00  0.3562E-01
 -17.319  0.1956E+00  0.3758E-01
 -17.309  0.2048E+00  0.3963E-01
 -17.299  0.2143E+00  0.4177E-01
 -17.289  0.2242E+00  0.4401E-01
 -17.279  0.2344E+00  0.4636E-01
 -17.269  0.2450E+00  0.4881E-01
 -17.259  0.2559E+00  0.5136E-01
 -17.249  0.2672E+00  0.5404E-01
 -17.239  0.2789E+00  0.5683E-01
 -17.229  0.2910E+00  0.5974E-01
 -17.219  0.3035E+00  0.6277E-01
 -17.209  0.3164E+00  0.6593E-01
 -17.199  0.3296E+00  0.6923E-01
 -17.189  0.3433E+00  0.7266E-01
 -17.179  0.3575E+00  0.7624E-01
 -17.169  0.3720E+00  0.7996E-01
 -17.159  0.3870E+00  0.8383E-01
 -17.149  0.4024E+00  0.8785E-01
 -17.139  0.4182E+00  0.9203E-01
 -17.129  0.4345E+00  0.9638E-01
 -17.119  0.4513E+00  0.1009E+00
 -17.109  0.4684E+00  0.1056E+00
 -17.099  0.4861E+00  0.1104E+00
 -17.089  0.5041E+00  0.1155E+00
 -17.079  0.5227E+00  0.1207E+00
 -17.069  0.5417E+00  0.1261E+00
 -17.059  0.5612E+00  0.1317E+00
 -17.049  0.5811E+00  0.1375E+00
 -17.039  0.6015E+00  0.1436E+00
 -17.029  0.6223E+00  0.1498E+00
 -17.019  0.6436E+00  0.1562E+00
 -17.009  0.6653E+00  0.1629E+00
 -16.999  0.6876E+00  0.1697E+00
 -16.989  0.7102E+00  0.1768E+00
 -16.979  0.7333E+00  0.1842E+00
 -16.969  0.7569E+00  0.1918E+00
 -16.959  0.7809E+00  0.1996E+00
 -16.949  0.8054E+00  0.2076E+00
 -16.939  0.8302E+00  0.2159E+00
 -16.929  0.8555E+00  0.2245E+00
 -16.919  0.8813E+00  0.2333E+00
 -16.909  0.9074E+00  0.2424E+00
 -16.899  0.9339E+00  0.2517E+00
 -16.889  0.9609E+00  0.2613E+00
 -16.879  0.9882E+00  0.2712E+00
 -16.869  0.1016E+01  0.2813E+00
 -16.859  0.1044E+01  0.2918E+00
 -16.849  0.1072E+01  0.3025E+00
 -16.839  0.1101E+01  0.3135E+00
 -16.829  0.1130E+01  0.3248E+00
 -16.819  0.1160E+01  0.3364E+00
 -16.809  0.1190E+01  0.3483E+00
 -16.799  0.1220E+01  0.3605E+00
 -16.789  0.1250E+01  0.3730E+00
 -16.779  0.1281E+01  0.3858E+00
 -16.769  0.1311E+01  0.3989E+00
 -16.759  0.1342E+01  0.4124E+00
 -16.749  0.1374E+01  0.4261E+00
 -16.739  0.1405E+01  0.4402E+00
 -16.729  0.1437E+01  0.4545E+00
 -16.719  0.1469E+01  0.4692E+00
 -16.709  0.1501E+01  0.4842E+00
 -16.699  0.1533E+01  0.4996E+00
 -16.689  0.1566E+01  0.5152E+00
 -16.679  0.1598E+01  0.5312E+00
 -16.669  0.1630E+01  0.5475E+00
 -16.659  0.1663E+01  0.5641E+00
 -16.649  0.1696E+01  0.5811E+00
 -16.639  0.1728E+01  0.5984E+00
 -16.629  0.1761E+01  0.6160E+00
 -16.619  0.1794E+01  0.6339E+00
 -16.609  0.1826E+01  0.6522E+00
 -16.599  0.1859E+01  0.6708E+00
 -16.589  0.1891E+01  0.6897E+00
 -16.579  0.1924E+01  0.7089E+00
 -16.569  0.1956E+01  0.7285E+00
 -16.559  0.1988E+01  0.7484E+00
 -16.549  0.2020E+01  0.7686E+00
 -16.539  0.2052E+01  0.7891E+00
 -16.529  0.2084E+01  0.8099E+00
 -16.519  0.2115E+01  0.8311E+00
 -16.509  0.2146E+01  0.8525E+00
 -16.499  0.2177E+01  0.8743E+00
 -16.489  0.2208E+01  0.8964E+00
 -16.479  0.2239E+01  0.9188E+00
 -16.469  0.2269E+01  0.9415E+00
 -16.459  0.2299E+01  0.9644E+00
 -16.449  0.2328E+01  0.9877E+00
 -16.439  0.2358E+01  0.1011E+01
 -16.429  0.2387E+01  0.1035E+01
 -16.419  0.2415E+01  0.1059E+01
 -16.409  0.2443E+01  0.1084E+01
 -16.399  0.2471E+01  0.1108E+01
 -16.389  0.2498E+01  0.1133E+01
 -16.379  0.2525E+01  0.1159E+01
 -16.369  0.2552E+01  0.1184E+01
 -16.359  0.2578E+01  0.1210E+01
 -16.349  0.2603E+01  0.1236E+01
 -16.339  0.2628E+01  0.1262E+01
 -16.329  0.2653E+01  0.1289E+01
 -16.319  0.2677E+01  0.1316E+01
 -16.309  0.2701E+01  0.1343E+01
 -16.299  0.2724E+01  0.1370E+01
 -16.289  0.2746E+01  0.1397E+01
 -16.279  0.2769E+01  0.1425E+01
 -16.269  0.2790E+01  0.1453E+01
 -16.259  0.2811E+01  0.1481E+01
 -16.249  0.2832E+01  0.1509E+01
 -16.239  0.2852E+01  0.1538E+01
 -16.229  0.2871E+01  0.1567E+01
 -16.219  0.2890E+01  0.1595E+01
 -16.209  0.2909E+01  0.1625E+01
 -16.199  0.2927E+01  0.1654E+01
 -16.189  0.2944E+01  0.1683E+01
 -16.179  0.2961E+01  0.1713E+01
 -16.169  0.2977E+01  0.1743E+01
 -16.159  0.2993E+01  0.1773E+01
 -16.149  0.3009E+01  0.1803E+01
 -16.139  0.3024E+01  0.1833E+01
 -16.129  0.3038E+01  0.1863E+01
 -16.119  0.3052E+01  0.1894E+01
 -16.109  0.3065E+01  0.1924E+01
 -16.099  0.3078E+01  0.1955E+01
 -16.089  0.3090E+01  0.1986E+01
 -16.079  0.3102E+01  0.2017E+01
 -16.069  0.3114E+01  0.2048E+01
 -16.059  0.3125E+01  0.2080E+01
 -16.049  0.3136E+01  0.2111E+01
 -16.039  0.3146E+01  0.2142E+01
 -16.029  0.3156E+01  0.2174E+01
 -16.019  0.3165E+01  0.2206E+01
 -16.009  0.3174E+01  0.2237E+01
 -15.999  0.3183E+01  0.2269E+01
 -15.989  0.3192E+01  0.2301E+01
 -15.979  0.3200E+01  0.2333E+01
 -15.969  0.3208E+01  0.2365E+01
 -15.959  0.3215E+01  0.2397E+01
 -15.949  0.3222E+01  0.2430E+01
 -15.939  0.3229E+01  0.2462E+01
 -15.929  0.3236E+01  0.2494E+01
 -15.919  0.3243E+01  0.2527E+01
 -15.909  0.3249E+01  0.2559E+01
 -15.899  0.3256E+01  0.2592E+01
 -15.889  0.3262E+01  0.2624E+01
 -15.879  0.3268E+01  0.2657E+01
 -15.869  0.3274E+01  0.2690E+01
 -15.859  0.3279E+01  0.2722E+01
 -15.849  0.3285E+01  0.2755E+01
 -15.839  0.3291E+01  0.2788E+01
 -15.829  0.3297E+01  0.2821E+01
 -15.819  0.3302E+01  0.2854E+01
 -15.809  0.3308E+01  0.2887E+01
 -15.799  0.3314E+01  0.2920E+01
 -15.789  0.3320E+01  0.2954E+01
 -15.779  0.3326E+01  0.2987E+01
 -15.769  0.3332E+01  0.3020E+01
 -15.759  0.3339E+01  0.3054E+01
 -15.749  0.3346E+01  0.3087E+01
 -15.739  0.3352E+01  0.3121E+01
 -15.729  0.3360E+01  0.3154E+01
 -15.719  0.3367E+01  0.3188E+01
 -15.709  0.3375E+01  0.3222E+01
 -15.699  0.3383E+01  0.3255E+01
 -15.689  0.3391E+01  0.3289E+01
 -15.679  0.3400E+01  0.3323E+01
 -15.669  0.3409E+01  0.3357E+01
 -15.659  0.3419E+01  0.3392E+01
 -15.649  0.3429E+01  0.3426E+01
 -15.639  0.3440E+01  0.3460E+01
 -15.629  0.3451E+01  0.3495E+01
 -15.619  0.3462E+01  0.3529E+01
 -15.609  0.3475E+01  0.3564E+01
 -15.599  0.3488E+01  0.3599E+01
 -15.589  0.3501E+01  0.3634E+01
 -15.579  0.3515E+01  0.3669E+01
 -15.569  0.3530E+01  0.3705E+01
 -15.559  0.3545E+01  0.3740E+01
 -15.549  0.3562E+01  0.3776E+01
 -15.539  0.3579E+01  0.3811E+01
 -15.529  0.3596E+01  0.3847E+01
 -15.519  0.3615E+01  0.3884E+01
 -15.509  0.3634E+01  0.3920E+01
 -15.499  0.3654E+01  0.3956E+01
 -15.489  0.3675E+01  0.3993E+01
 -15.479  0.3697E+01  0.4030E+01
 -15.469  0.3720E+01  0.4067E+01
 -15.459  0.3743E+01  0.4105E+01
 -15.449  0.3768E+01  0.4142E+01
 -15.439  0.3793E+01  0.4180E+01
 -15.429  0.3819E+01  0.4219E+01
 -15.419  0.3846E+01  0.4257E+01
 -15.409  0.3875E+01  0.4296E+01
 -15.399  0.3904E+01  0.4335E+01
 -15.389  0.3934E+01  0.4374E+01
 -15.379  0.3965E+01  0.4414E+01
 -15.369  0.3996E+01  0.4454E+01
 -15.359  0.4029E+01  0.4494E+01
 -15.349  0.4063E+01  0.4535E+01
 -15.339  0.4098E+01  0.4576E+01
 -15.329  0.4134E+01  0.4617E+01
 -15.319  0.4170E+01  0.4659E+01
 -15.309  0.4208E+01  0.4701E+01
 -15.299  0.4246E+01  0.4743E+01
 -15.289  0.4286E+01  0.4786E+01
 -15.279  0.4326E+01  0.4829E+01
 -15.269  0.4367E+01  0.4873E+01
 -15.259  0.4409E+01  0.4917E+01
 -15.249  0.4452E+01  0.4962E+01
 -15.239  0.4496E+01  0.5007E+01
 -15.229  0.4540E+01  0.5052E+01
 -15.219  0.4585E+01  0.5098E+01
 -15.209  0.4631E+01  0.5144E+01
 -15.199  0.4678E+01  0.5191E+01
 -15.189  0.4725E+01  0.5238E+01
 -15.179  0.4773E+01  0.5286E+01
 -15.169  0.4821E+01  0.5334E+01
 -15.159  0.4870E+01  0.5383E+01
 -15.149  0.4919E+01  0.5432E+01
 -15.139  0.4969E+01  0.5482E+01
 -15.129  0.5019E+01  0.5532E+01
 -15.119  0.5069E+01  0.5583E+01
 -15.109  0.5120E+01  0.5634E+01
 -15.099  0.5171E+01  0.5685E+01
 -15.089  0.5222E+01  0.5738E+01
 -15.079  0.5273E+01  0.5790E+01
 -15.069  0.5324E+01  0.5844E+01
 -15.059  0.5376E+01  0.5897E+01
 -15.049  0.5427E+01  0.5952E+01
 -15.039  0.5478E+01  0.6006E+01
 -15.029  0.5528E+01  0.6062E+01
 -15.019  0.5579E+01  0.6118E+01
 -15.009  0.5629E+01  0.6174E+01
 -14.999  0.5678E+01  0.6231E+01
 -14.989  0.5727E+01  0.6288E+01
 -14.979  0.5775E+01  0.6346E+01
 -14.969  0.5823E+01  0.6404E+01
 -14.959  0.5870E+01  0.6463E+01
 -14.949  0.5916E+01  0.6522E+01
 -14.939  0.5961E+01  0.6581E+01
 -14.929  0.6006E+01  0.6641E+01
 -14.919  0.6049E+01  0.6702E+01
 -14.909  0.6091E+01  0.6763E+01
 -14.899  0.6131E+01  0.6824E+01
 -14.889  0.6171E+01  0.6886E+01
 -14.879  0.6209E+01  0.6948E+01
 -14.869  0.6245E+01  0.7010E+01
 -14.859  0.6281E+01  0.7073E+01
 -14.849  0.6314E+01  0.7136E+01
 -14.839  0.6346E+01  0.7200E+01
 -14.829  0.6376E+01  0.7264E+01
 -14.819  0.6404E+01  0.7328E+01
 -14.809  0.6431E+01  0.7392E+01
 -14.799  0.6455E+01  0.7456E+01
 -14.789  0.6477E+01  0.7521E+01
 -14.779  0.6498E+01  0.7586E+01
 -14.769  0.6516E+01  0.7651E+01
 -14.759  0.6532E+01  0.7717E+01
 -14.749  0.6546E+01  0.7782E+01
 -14.739  0.6557E+01  0.7848E+01
 -14.729  0.6566E+01  0.7913E+01
 -14.719  0.6573E+01  0.7979E+01
 -14.709  0.6578E+01  0.8045E+01
 -14.699  0.6579E+01  0.8111E+01
 -14.689  0.6579E+01  0.8176E+01
 -14.679  0.6576E+01  0.8242E+01
 -14.669  0.6570E+01  0.8308E+01
 -14.659  0.6562E+01  0.8373E+01
 -14.649  0.6551E+01  0.8439E+01
 -14.639  0.6538E+01  0.8504E+01
 -14.629  0.6522E+01  0.8570E+01
 -14.619  0.6503E+01  0.8635E+01
 -14.609  0.6482E+01  0.8699E+01
 -14.599  0.6458E+01  0.8764E+01
 -14.589  0.6432E+01  0.8828E+01
 -14.579  0.6403E+01  0.8892E+01
 -14.569  0.6371E+01  0.8956E+01
 -14.559  0.6337E+01  0.9019E+01
 -14.549  0.6301E+01  0.9082E+01
 -14.539  0.6261E+01  0.9145E+01
 -14.529  0.6220E+01  0.9207E+01
 -14.519  0.6176E+01  0.9269E+01
 -14.509  0.6129E+01  0.9330E+01
 -14.499  0.6081E+01  0.9391E+01
 -14.489  0.6029E+01  0.9451E+01
 -14.479  0.5976E+01  0.9511E+01
 -14.469  0.5920E+01  0.9570E+01
 -14.459  0.5863E+01  0.9629E+01
 -14.449  0.5803E+01  0.9687E+01
 -14.439  0.5741E+01  0.9744E+01
 -14.429  0.5677E+01  0.9801E+01
 -14.419  0.5612E+01  0.9857E+01
 -14.409  0.5544E+01  0.9913E+01
 -14.399  0.5475E+01  0.9968E+01
 -14.389  0.5404E+01  0.1002E+02
 -14.379  0.5331E+01  0.1007E+02
 -14.369  0.5257E+01  0.1013E+02
 -14.359  0.5182E+01  0.1018E+02
 -14.349  0.5105E+01  0.1023E+02
 -14.339  0.5027E+01  0.1028E+02
 -14.329  0.4948E+01  0.1033E+02
 -14.319  0.4867E+01  0.1038E+02
 -14.309  0.4786E+01  0.1043E+02
 -14.299  0.4704E+01  0.1047E+02
 -14.289  0.4621E+01  0.1052E+02
 -14.279  0.4537E+01  0.1057E+02
 -14.269  0.4453E+01  0.1061E+02
 -14.259  0.4368E+01  0.1065E+02
 -14.249  0.4282E+01  0.1070E+02
 -14.239  0.4196E+01  0.1074E+02
 -14.229  0.4110E+01  0.1078E+02
 -14.219  0.4024E+01  0.1082E+02
 -14.209  0.3937E+01  0.1086E+02
 -14.199  0.3851E+01  0.1090E+02
 -14.189  0.3764E+01  0.1094E+02
 -14.179  0.3678E+01  0.1097E+02
 -14.169  0.3591E+01  0.1101E+02
 -14.159  0.3505E+01  0.1104E+02
 -14.149  0.3420E+01  0.1108E+02
 -14.139  0.3335E+01  0.1111E+02
 -14.129  0.3250E+01  0.1114E+02
 -14.119  0.3166E+01  0.1117E+02
 -14.109  0.3082E+01  0.1121E+02
 -14.099  0.2999E+01  0.1124E+02
 -14.089  0.2917E+01  0.1126E+02
 -14.079  0.2836E+01  0.1129E+02
 -14.069  0.2756E+01  0.1132E+02
 -14.059  0.2676E+01  0.1135E+02
 -14.049  0.2598E+01  0.1137E+02
 -14.039  0.2520E+01  0.1140E+02
 -14.029  0.2444E+01  0.1142E+02
 -14.019  0.2369E+01  0.1145E+02
 -14.009  0.2295E+01  0.1147E+02
 -13.999  0.2222E+01  0.1149E+02
 -13.989  0.2150E+01  0.1151E+02
 -13.979  0.2079E+01  0.1153E+02
 -13.969  0.2010E+01  0.1155E+02
 -13.959  0.1942E+01  0.1157E+02
 -13.949  0.1876E+01  0.1159E+02
 -13.939  0.1810E+01  0.1161E+02
 -13.929  0.1747E+01  0.1163E+02
 -13.919  0.1684E+01  0.1164E+02
 -13.909  0.1623E+01  0.1166E+02
 -13.899  0.1563E+01  0.1168E+02
 -13.889  0.1505E+01  0.1169E+02
 -13.879  0.1448E+01  0.1171E+02
 -13.869  0.1393E+01  0.1172E+02
 -13.859  0.1339E+01  0.1173E+02
 -13.849  0.1287E+01  0.1175E+02
 -13.839  0.1235E+01  0.1176E+02
 -13.829  0.1186E+01  0.1177E+02
 -13.819  0.1137E+01  0.1178E+02
 -13.809  0.1091E+01  0.1179E+02
 -13.799  0.1045E+01  0.1180E+02
 -13.789  0.1001E+01  0.1181E+02
 -13.779  0.9582E+00  0.1182E+02
 -13.769  0.9168E+00  0.1183E+02
 -13.759  0.8767E+00  0.1184E+02
 -13.749  0.8379E+00  0.1185E+02
 -13.739  0.8005E+00  0.1186E+02
 -13.729  0.7643E+00  0.1186E+02
 -13.719  0.7294E+00  0.1187E+02
 -13.709  0.6957E+00  0.1188E+02
 -13.699  0.6632E+00  0.1189E+02
 -13.689  0.6319E+00  0.1189E+02
 -13.679  0.6018E+00  0.1190E+02
 -13.669  0.5728E+00  0.1190E+02
 -13.659  0.5449E+00  0.1191E+02
 -13.649  0.5181E+00  0.1191E+02
 -13.639  0.4924E+00  0.1192E+02
 -13.629  0.4676E+00  0.1192E+02
 -13.619  0.4440E+00  0.1193E+02
 -13.609  0.4212E+00  0.1193E+02
 -13.599  0.3995E+00  0.1194E+02
 -13.589  0.3786E+00  0.1194E+02
 -13.579  0.3587E+00  0.1194E+02
 -13.569  0.3396E+00  0.1195E+02
 -13.559  0.3214E+00  0.1195E+02
 -13.549  0.3040E+00  0.1195E+02
 -13.539  0.2874E+00  0.1196E+02
 -13.529  0.2716E+00  0.1196E+02
 -13.519  0.2565E+00  0.1196E+02
 -13.509  0.2421E+00  0.1196E+02
 -13.499  0.2284E+00  0.1197E+02
 -13.489  0.2153E+00  0.1197E+02
 -13.479  0.2029E+00  0.1197E+02
 -13.469  0.1911E+00  0.1197E+02
 -13.459  0.1799E+00  0.1197E+02
 -13.449  0.1693E+00  0.1198E+02
 -13.439  0.1592E+00  0.1198E+02
 -13.429  0.1496E+00  0.1198E+02
 -13.419  0.1406E+00  0.1198E+02
 -13.409  0.1320E+00  0.1198E+02
 -13.399  0.1239E+00  0.1198E+02
 -13.389  0.1162E+00  0.1198E+02
 -13.379  0.1089E+00  0.1199E+02
 -13.369  0.1020E+00  0.1199E+02
 -13.359  0.9555E-01  0.1199E+02
 -13.349  0.8943E-01  0.1199E+02
 -13.339  0.8366E-01  0.1199E+02
 -13.329  0.7822E-01  0.1199E+02
 -13.319  0.7310E-01  0.1199E+02
 -13.309  0.6827E-01  0.1199E+02
 -13.299  0.6373E-01  0.1199E+02
 -13.289  0.5946E-01  0.1199E+02
 -13.279  0.5545E-01  0.1199E+02
 -13.269  0.5168E-01  0.1199E+02
 -13.259  0.4814E-01  0.1199E+02
 -13.249  0.4482E-01  0.1199E+02
 -13.239  0.4171E-01  0.1199E+02
 -13.229  0.3879E-01  0.1200E+02
 -13.219  0.3606E-01  0.1200E+02
 -13.209  0.3350E-01  0.1200E+02
 -13.199  0.3111E-01  0.1200E+02
 -13.189  0.2888E-01  0.1200E+02
 -13.179  0.2679E-01  0.1200E+02
 -13.169  0.2483E-01  0.1200E+02
 -13.159  0.2301E-01  0.1200E+02
 -13.149  0.2131E-01  0.1200E+02
 -13.139  0.1973E-01  0.1200E+02
 -13.129  0.1825E-01  0.1200E+02
 -13.119  0.1688E-01  0.1200E+02
 -13.109  0.1560E-01  0.1200E+02
 -13.099  0.1441E-01  0.1200E+02
 -13.089  0.1330E-01  0.1200E+02
 -13.079  0.1227E-01  0.1200E+02
 -13.069  0.1132E-01  0.1200E+02
 -13.059  0.1043E-01  0.1200E+02
 -13.049  0.9611E-02  0.1200E+02
 -13.039  0.8850E-02  0.1200E+02
 -13.029  0.8145E-02  0.1200E+02
 -13.019  0.7491E-02  0.1200E+02
 -13.009  0.6887E-02  0.1200E+02
 -12.999  0.6328E-02  0.1200E+02
 -12.989  0.5811E-02  0.1200E+02
 -12.979  0.5334E-02  0.1200E+02
 -12.969  0.4893E-02  0.1200E+02
 -12.959  0.4487E-02  0.1200E+02
 -12.949  0.4112E-02  0.1200E+02
 -12.939  0.3766E-02  0.1200E+02
 -12.929  0.3447E-02  0.1200E+02
 -12.919  0.3154E-02  0.1200E+02
 -12.909  0.2884E-02  0.1200E+02
 -12.899  0.2636E-02  0.1200E+02
 -12.889  0.2408E-02  0.1200E+02
 -12.879  0.2199E-02  0.1200E+02
 -12.869  0.2007E-02  0.1200E+02
 -12.859  0.1830E-02  0.1200E+02
 -12.849  0.1668E-02  0.1200E+02
 -12.839  0.1520E-02  0.1200E+02
 -12.829  0.1384E-02  0.1200E+02
 -12.819  0.1260E-02  0.1200E+02
 -12.809  0.1146E-02  0.1200E+02
 -12.799  0.1042E-02  0.1200E+02
 -12.789  0.9466E-03  0.1200E+02
 -12.779  0.8597E-03  0.1200E+02
 -12.769  0.7804E-03  0.1200E+02
 -12.759  0.7080E-03  0.1200E+02
 -12.749  0.6420E-03  0.1200E+02
 -12.739  0.5818E-03  0.1200E+02
 -12.729  0.5270E-03  0.1200E+02
 -12.719  0.4771E-03  0.1200E+02
 -12.709  0.4317E-03  0.1200E+02
 -12.699  0.3904E-03  0.1200E+02
 -12.689  0.3529E-03  0.1200E+02
 -12.679  0.3188E-03  0.1200E+02
 -12.669  0.2879E-03  0.1200E+02
 -12.659  0.2598E-03  0.1200E+02
 -12.649  0.2343E-03  0.1200E+02
 -12.639  0.2112E-03  0.1200E+02
 -12.629  0.1903E-03  0.1200E+02
 -12.619  0.1714E-03  0.1200E+02
 -12.609  0.1543E-03  0.1200E+02
 -12.599  0.1388E-03  0.1200E+02
 -12.589  0.1248E-03  0.1200E+02
 -12.579  0.1121E-03  0.1200E+02
 -12.569  0.1007E-03  0.1200E+02
 -12.559  0.9040E-04  0.1200E+02
 -12.549  0.8111E-04  0.1200E+02
 -12.539  0.7273E-04  0.1200E+02
 -12.529  0.6519E-04  0.1200E+02
 -12.519  0.5839E-04  0.1200E+02
 -12.509  0.5228E-04  0.1200E+02
 -12.499  0.4678E-04  0.1200E+02
 -12.489  0.4184E-04  0.1200E+02
 -12.479  0.3740E-04  0.1200E+02
 -12.469  0.3341E-04  0.1200E+02
 -12.459  0.2984E-04  0.1200E+02
 -12.449  0.2663E-04  0.1200E+02
 -12.439  0.2375E-04  0.1200E+02
 -12.429  0.2118E-04  0.1200E+02
 -12.419  0.1887E-04  0.1200E+02
 -12.409  0.1680E-04  0.1200E+02
 -12.399  0.1496E-04  0.1200E+02
 -12.389  0.1331E-04  0.1200E+02
 -12.379  0.1183E-04  0.1200E+02
 -12.369  0.1051E-04  0.1200E+02
 -12.359  0.9339E-05  0.1200E+02
 -12.349  0.8291E-05  0.1200E+02
 -12.339  0.7356E-05  0.1200E+02
 -12.329  0.6523E-05  0.1200E+02
 -12.319  0.5782E-05  0.1200E+02
 -12.309  0.5122E-05  0.1200E+02
 -12.299  0.4535E-05  0.1200E+02
 -12.289  0.4013E-05  0.1200E+02
 -12.279  0.3549E-05  0.1200E+02
 -12.269  0.3138E-05  0.1200E+02
 -12.259  0.2772E-05  0.1200E+02
 -12.249  0.2448E-05  0.1200E+02
 -12.239  0.2161E-05  0.1200E+02
 -12.229  0.1906E-05  0.1200E+02
 -12.219  0.1680E-05  0.1200E+02
 -12.209  0.1481E-05  0.1200E+02
 -12.199  0.1304E-05  0.1200E+02
 -12.189  0.1148E-05  0.1200E+02
 -12.179  0.1010E-05  0.1200E+02
 -12.169  0.8880E-06  0.1200E+02
 -12.159  0.7804E-06  0.1200E+02
 -12.149  0.6855E-06  0.1200E+02
 -12.139  0.6018E-06  0.1200E+02
 -12.129  0.5281E-06  0.1200E+02
 -12.119  0.4631E-06  0.1200E+02
 -12.109  0.4059E-06  0.1200E+02
 -12.099  0.3556E-06  0.1200E+02
 -12.089  0.3114E-06  0.1200E+02
 -12.079  0.2725E-06  0.1200E+02
 -12.069  0.2383E-06  0.1200E+02
 -12.059  0.2084E-06  0.1200E+02
 -12.049  0.1821E-06  0.1200E+02
 -12.039  0.1590E-06  0.1200E+02
 -12.029  0.1388E-06  0.1200E+02
 -12.019  0.1210E-06  0.1200E+02
 -12.009  0.1055E-06  0.1200E+02
 -11.999  0.9197E-07  0.1200E+02
 -11.989  0.8010E-07  0.1200E+02
 -11.979  0.6973E-07  0.1200E+02
 -11.969  0.6067E-07  0.1200E+02
 -11.959  0.5276E-07  0.1200E+02
 -11.949  0.4585E-07  0.1200E+02
 -11.939  0.3983E-07  0.1200E+02
 -11.929  0.3458E-07  0.1200E+02
 -11.919  0.3001E-07  0.1200E+02
 -11.909  0.2602E-07  0.1200E+02
 -11.899  0.2256E-07  0.1200E+02
 -11.889  0.1954E-07  0.1200E+02
 -11.879  0.1692E-07  0.1200E+02
 -11.869  0.1464E-07  0.1200E+02
 -11.859  0.1267E-07  0.1200E+02
 -11.849  0.1095E-07  0.1200E+02
 -11.839  0.9462E-08  0.1200E+02
 -11.829  0.8172E-08  0.1200E+02
 -11.819  0.7053E-08  0.1200E+02
 -11.809  0.6085E-08  0.1200E+02
 -11.799  0.5247E-08  0.1200E+02
 -11.789  0.4521E-08  0.1200E+02
 -11.779  0.3894E-08  0.1200E+02
 -11.769  0.3352E-08  0.1200E+02
 -11.759  0.2884E-08  0.1200E+02
 -11.749  0.2480E-08  0.1200E+02
 -11.739  0.2132E-08  0.1200E+02
 -11.729  0.1831E-08  0.1200E+02
 -11.719  0.1572E-08  0.1200E+02
 -11.709  0.1349E-08  0.1200E+02
 -11.699  0.1157E-08  0.1200E+02
 -11.689  0.9920E-09  0.1200E+02
 -11.679  0.8499E-09  0.1200E+02
 -11.669  0.7278E-09  0.1200E+02
 -11.659  0.6229E-09  0.1200E+02
 -11.649  0.5328E-09  0.1200E+02
 -11.639  0.4555E-09  0.1200E+02
 -11.629  0.3892E-09  0.1200E+02
 -11.619  0.3324E-09  0.1200E+02
 -11.609  0.2837E-09  0.1200E+02
 -11.599  0.2421E-09  0.1200E+02
 -11.589  0.2064E-09  0.1200E+02
 -11.579  0.1759E-09  0.1200E+02
 -11.569  0.1498E-09  0.1200E+02
 -11.559  0.1276E-09  0.1200E+02
 -11.549  0.1085E-09  0.1200E+02
 -11.539  0.9230E-10  0.1200E+02
 -11.529  0.7845E-10  0.1200E+02
 -11.519  0.6665E-10  0.1200E+02
 -11.509  0.5659E-10  0.1200E+02
 -11.499  0.4802E-10  0.1200E+02
 -11.489  0.4073E-10  0.1200E+02
 -11.479  0.3453E-10  0.1200E+02
 -11.469  0.2925E-10  0.1200E+02
 -11.459  0.2477E-10  0.1200E+02
 -11.449  0.2097E-10  0.1200E+02
 -11.439  0.1774E-10  0.1200E+02
 -11.429  0.1499E-10  0.1200E+02
 -11.419  0.1267E-10  0.1200E+02
 -11.409  0.1070E-10  0.1200E+02
 -11.399  0.9033E-11  0.1200E+02
 -11.389  0.7621E-11  0.1200E+02
 -11.379  0.6426E-11  0.1200E+02
 -11.369  0.5416E-11  0.1200E+02
 -11.359  0.4562E-11  0.1200E+02
 -11.349  0.3841E-11  0.1200E+02
 -11.339  0.3232E-11  0.1200E+02
 -11.329  0.2718E-11  0.1200E+02
 -11.319  0.2285E-11  0.1200E+02
 -11.309  0.1919E-11  0.1200E+02
 -11.299  0.1612E-11  0.1200E+02
 -11.289  0.1352E-11  0.1200E+02
 -11.279  0.1134E-11  0.1200E+02
 -11.269  0.9509E-12  0.1200E+02
 -11.259  0.7968E-12  0.1200E+02
 -11.249  0.6672E-12  0.1200E+02
 -11.239  0.5585E-12  0.1200E+02
 -11.229  0.4672E-12  0.1200E+02
 -11.219  0.3906E-12  0.1200E+02
 -11.209  0.3264E-12  0.1200E+02
 -11.199  0.2726E-12  0.1200E+02
 -11.189  0.2276E-12  0.1200E+02
 -11.179  0.1899E-12  0.1200E+02
 -11.169  0.1583E-12  0.1200E+02
 -11.159  0.1320E-12  0.1200E+02
 -11.149  0.1099E-12  0.1200E+02
 -11.139  0.9152E-13  0.1200E+02
 -11.129  0.7615E-13  0.1200E+02
 -11.119  0.6333E-13  0.1200E+02
 -11.109  0.5265E-13  0.1200E+02
 -11.099  0.4374E-13  0.1200E+02
 -11.089  0.3632E-13  0.1200E+02
 -11.079  0.3014E-13  0.1200E+02
 -11.069  0.2500E-13  0.1200E+02
 -11.059  0.2073E-13  0.1200E+02
 -11.049  0.1717E-13  0.1200E+02
 -11.039  0.1422E-13  0.1200E+02
 -11.029  0.1177E-13  0.1200E+02
 -11.019  0.9738E-14  0.1200E+02
 -11.009  0.8052E-14  0.1200E+02
 -10.999  0.6654E-14  0.1200E+02
 -10.989  0.5496E-14  0.1200E+02
 -10.979  0.4537E-14  0.1200E+02
 -10.969  0.3743E-14  0.1200E+02
 -10.959  0.3087E-14  0.1200E+02
 -10.949  0.2544E-14  0.1200E+02
 -10.939  0.2096E-14  0.1200E+02
 -10.929  0.1726E-14  0.1200E+02
 -10.919  0.1420E-14  0.1200E+02
 -10.909  0.1168E-14  0.1200E+02
 -10.899  0.9600E-15  0.1200E+02
 -10.889  0.7887E-15  0.1200E+02
 -10.879  0.6476E-15  0.1200E+02
 -10.869  0.5315E-15  0.1200E+02
 -10.859  0.4360E-15  0.1200E+02
 -10.849  0.3574E-15  0.1200E+02
 -10.839  0.2929E-15  0.1200E+02
 -10.829  0.2399E-15  0.1200E+02
 -10.819  0.1963E-15  0.1200E+02
 -10.809  0.1606E-15  0.1200E+02
 -10.799  0.1313E-15  0.1200E+02
 -10.789  0.1073E-15  0.1200E+02
 -10.779  0.8767E-16  0.1200E+02
 -10.769  0.7157E-16  0.1200E+02
 -10.759  0.5840E-16  0.1200E+02
 -10.749  0.4763E-16  0.1200E+02
 -10.739  0.3882E-16  0.1200E+02
 -10.729  0.3163E-16  0.1200E+02
 -10.719  0.2575E-16  0.1200E+02
 -10.709  0.2096E-16  0.1200E+02
 -10.699  0.1705E-16  0.1200E+02
 -10.689  0.1387E-16  0.1200E+02
 -10.679  0.1127E-16  0.1200E+02
 -10.669  0.9163E-17  0.1200E+02
 -10.659  0.7448E-17  0.1200E+02
 -10.649  0.6054E-17  0.1200E+02
 -10.639  0.4924E-17  0.1200E+02
 -10.629  0.4010E-17  0.1200E+02
 -10.619  0.3272E-17  0.1200E+02
 -10.609  0.2678E-17  0.1200E+02
 -10.599  0.2203E-17  0.1200E+02
 -10.589  0.1827E-17  0.1200E+02
 -10.579  0.1532E-17  0.1200E+02
 -10.569  0.1305E-17  0.1200E+02
 -10.559  0.1137E-17  0.1200E+02
 -10.549  0.1020E-17  0.1200E+02
 -10.539  0.9483E-18  0.1200E+02
 -10.529  0.9184E-18  0.1200E+02
 -10.519  0.9285E-18  0.1200E+02
 -10.509  0.9786E-18  0.1200E+02
 -10.499  0.1070E-17  0.1200E+02
 -10.489  0.1207E-17  0.1200E+02
 -10.479  0.1393E-17  0.1200E+02
 -10.469  0.1635E-17  0.1200E+02
 -10.459  0.1944E-17  0.1200E+02
 -10.449  0.2330E-17  0.1200E+02
 -10.439  0.2808E-17  0.1200E+02
 -10.429  0.3397E-17  0.1200E+02
 -10.419  0.4118E-17  0.1200E+02
 -10.409  0.4998E-17  0.1200E+02
 -10.399  0.6070E-17  0.1200E+02
 -10.389  0.7375E-17  0.1200E+02
 -10.379  0.8960E-17  0.1200E+02
 -10.369  0.1088E-16  0.1200E+02
 -10.359  0.1322E-16  0.1200E+02
 -10.349  0.1604E-16  0.1200E+02
 -10.339  0.1947E-16  0.1200E+02
 -10.329  0.2361E-16  0.1200E+02
 -10.319  0.2862E-16  0.1200E+02
 -10.309  0.3468E-16  0.1200E+02
 -10.299  0.4200E-16  0.1200E+02
 -10.289  0.5084E-16  0.1200E+02
 -10.279  0.6151E-16  0.1200E+02
 -10.269  0.7437E-16  0.1200E+02
 -10.259  0.8989E-16  0.1200E+02
 -10.249  0.1086E-15  0.1200E+02
 -10.239  0.1311E-15  0.1200E+02
 -10.229  0.1582E-15  0.1200E+02
 -10.219  0.1908E-15  0.1200E+02
 -10.209  0.2300E-15  0.1200E+02
 -10.199  0.2771E-15  0.1200E+02
 -10.189  0.3337E-15  0.1200E+02
 -10.179  0.4016E-15  0.1200E+02
 -10.169  0.4831E-15  0.1200E+02
 -10.159  0.5809E-15  0.1200E+02
 -10.149  0.6981E-15  0.1200E+02
 -10.139  0.8385E-15  0.1200E+02
 -10.129  0.1007E-14  0.1200E+02
 -10.119  0.1208E-14  0.1200E+02
 -10.109  0.1448E-14  0.1200E+02
 -10.099  0.1736E-14  0.1200E+02
 -10.089  0.2080E-14  0.1200E+02
 -10.079  0.2490E-14  0.1200E+02
 -10.069  0.2980E-14  0.1200E+02
 -10.059  0.3565E-14  0.1200E+02
 -10.049  0.4262E-14  0.1200E+02
 -10.039  0.5093E-14  0.1200E+02
 -10.029  0.6082E-14  0.1200E+02
 -10.019  0.7260E-14  0.1200E+02
 -10.009  0.8662E-14  0.1200E+02
  -9.999  0.1033E-13  0.1200E+02
  -9.989  0.1231E-13  0.1200E+02
  -9.979  0.1466E-13  0.1200E+02
  -9.969  0.1746E-13  0.1200E+02
  -9.959  0.2078E-13  0.1200E+02
  -9.949  0.2471E-13  0.1200E+02
  -9.939  0.2938E-13  0.1200E+02
  -9.929  0.3490E-13  0.1200E+02
  -9.919  0.4145E-13  0.1200E+02
  -9.909  0.4920E-13  0.1200E+02
  -9.899  0.5836E-13  0.1200E+02
  -9.889  0.6920E-13  0.1200E+02
  -9.879  0.8201E-13  0.1200E+02
  -9.869  0.9714E-13  0.1200E+02
  -9.859  0.1150E-12  0.1200E+02
  -9.849  0.1361E-12  0.1200E+02
  -9.839  0.1609E-12  0.1200E+02
  -9.829  0.1902E-12  0.1200E+02
  -9.819  0.2247E-12  0.1200E+02
  -9.809  0.2654E-12  0.1200E+02
  -9.799  0.3132E-12  0.1200E+02
  -9.789  0.3695E-12  0.1200E+02
  -9.779  0.4356E-12  0.1200E+02
  -9.769  0.5133E-12  0.1200E+02
  -9.759  0.6046E-12  0.1200E+02
  -9.749  0.7118E-12  0.1200E+02
  -9.739  0.8374E-12  0.1200E+02
  -9.729  0.9848E-12  0.1200E+02
  -9.719  0.1158E-11  0.1200E+02
  -9.709  0.1360E-11  0.1200E+02
  -9.699  0.1597E-11  0.1200E+02
  -9.689  0.1874E-11  0.1200E+02
  -9.679  0.2198E-11  0.1200E+02
  -9.669  0.2577E-11  0.1200E+02
  -9.659  0.3020E-11  0.1200E+02
  -9.649  0.3536E-11  0.1200E+02
  -9.639  0.4140E-11  0.1200E+02
  -9.629  0.4843E-11  0.1200E+02
  -9.619  0.5664E-11  0.1200E+02
  -9.609  0.6620E-11  0.1200E+02
  -9.599  0.7733E-11  0.1200E+02
  -9.589  0.9029E-11  0.1200E+02
  -9.579  0.1054E-10  0.1200E+02
  -9.569  0.1229E-10  0.1200E+02
  -9.559  0.1433E-10  0.1200E+02
  -9.549  0.1669E-10  0.1200E+02
  -9.539  0.1944E-10  0.1200E+02
  -9.529  0.2263E-10  0.1200E+02
  -9.519  0.2633E-10  0.1200E+02
  -9.509  0.3061E-10  0.1200E+02
  -9.499  0.3558E-10  0.1200E+02
  -9.489  0.4133E-10  0.1200E+02
  -9.479  0.4799E-10  0.1200E+02
  -9.469  0.5569E-10  0.1200E+02
  -9.459  0.6459E-10  0.1200E+02
  -9.449  0.7488E-10  0.1200E+02
  -9.439  0.8676E-10  0.1200E+02
  -9.429  0.1005E-09  0.1200E+02
  -9.419  0.1163E-09  0.1200E+02
  -9.409  0.1345E-09  0.1200E+02
  -9.399  0.1556E-09  0.1200E+02
  -9.389  0.1798E-09  0.1200E+02
  -9.379  0.2077E-09  0.1200E+02
  -9.369  0.2398E-09  0.1200E+02
  -9.359  0.2767E-09  0.1200E+02
  -9.349  0.3191E-09  0.1200E+02
  -9.339  0.3679E-09  0.1200E+02
  -9.329  0.4239E-09  0.1200E+02
  -9.319  0.4881E-09  0.1200E+02
  -9.309  0.5618E-09  0.1200E+02
  -9.299  0.6464E-09  0.1200E+02
  -9.289  0.7432E-09  0.1200E+02
  -9.279  0.8542E-09  0.1200E+02
  -9.269  0.9812E-09  0.1200E+02
  -9.259  0.1126E-08  0.1200E+02
  -9.249  0.1293E-08  0.1200E+02
  -9.239  0.1483E-08  0.1200E+02
  -9.229  0.1700E-08  0.1200E+02
  -9.219  0.1947E-08  0.1200E+02
  -9.209  0.2230E-08  0.1200E+02
  -9.199  0.2553E-08  0.1200E+02
  -9.189  0.2920E-08  0.1200E+02
  -9.179  0.3339E-08  0.1200E+02
  -9.169  0.3816E-08  0.1200E+02
  -9.159  0.4359E-08  0.1200E+02
  -9.149  0.4977E-08  0.1200E+02
  -9.139  0.5679E-08  0.1200E+02
  -9.129  0.6478E-08  0.1200E+02
  -9.119  0.7384E-08  0.1200E+02
  -9.109  0.8414E-08  0.1200E+02
  -9.099  0.9582E-08  0.1200E+02
  -9.089  0.1091E-07  0.1200E+02
  -9.079  0.1241E-07  0.1200E+02
  -9.069  0.1411E-07  0.1200E+02
  -9.059  0.1604E-07  0.1200E+02
  -9.049  0.1822E-07  0.1200E+02
  -9.039  0.2068E-07  0.1200E+02
  -9.029  0.2347E-07  0.1200E+02
  -9.019  0.2662E-07  0.1200E+02
  -9.009  0.3018E-07  0.1200E+02
  -8.999  0.3420E-07  0.1200E+02
  -8.989  0.3873E-07  0.1200E+02
  -8.979  0.4384E-07  0.1200E+02
  -8.969  0.4960E-07  0.1200E+02
  -8.959  0.5609E-07  0.1200E+02
  -8.949  0.6340E-07  0.1200E+02
  -8.939  0.7162E-07  0.1200E+02
  -8.929  0.8086E-07  0.1200E+02
  -8.919  0.9126E-07  0.1200E+02
  -8.909  0.1029E-06  0.1200E+02
  -8.899  0.1161E-06  0.1200E+02
  -8.889  0.1308E-06  0.1200E+02
  -8.879  0.1473E-06  0.1200E+02
  -8.869  0.1658E-06  0.1200E+02
  -8.859  0.1866E-06  0.1200E+02
  -8.849  0.2098E-06  0.1200E+02
  -8.839  0.2358E-06  0.1200E+02
  -8.829  0.2650E-06  0.1200E+02
  -8.819  0.2975E-06  0.1200E+02
  -8.809  0.3339E-06  0.1200E+02
  -8.799  0.3746E-06  0.1200E+02
  -8.789  0.4200E-06  0.1200E+02
  -8.779  0.4707E-06  0.1200E+02
  -8.769  0.5272E-06  0.1200E+02
  -8.759  0.5902E-06  0.1200E+02
  -8.749  0.6605E-06  0.1200E+02
  -8.739  0.7387E-06  0.1200E+02
  -8.729  0.8258E-06  0.1200E+02
  -8.719  0.9227E-06  0.1200E+02
  -8.709  0.1030E-05  0.1200E+02
  -8.699  0.1150E-05  0.1200E+02
  -8.689  0.1283E-05  0.1200E+02
  -8.679  0.1431E-05  0.1200E+02
  -8.669  0.1595E-05  0.1200E+02
  -8.659  0.1777E-05  0.1200E+02
  -8.649  0.1978E-05  0.1200E+02
  -8.639  0.2201E-05  0.1200E+02
  -8.629  0.2449E-05  0.1200E+02
  -8.619  0.2723E-05  0.1200E+02
  -8.609  0.3025E-05  0.1200E+02
  -8.599  0.3360E-05  0.1200E+02
  -8.589  0.3730E-05  0.1200E+02
  -8.579  0.4139E-05  0.1200E+02
  -8.569  0.4591E-05  0.1200E+02
  -8.559  0.5089E-05  0.1200E+02
  -8.549  0.5638E-05  0.1200E+02
  -8.539  0.6244E-05  0.1200E+02
  -8.529  0.6911E-05  0.1200E+02
  -8.519  0.7646E-05  0.1200E+02
  -8.509  0.8454E-05  0.1200E+02
  -8.499  0.9344E-05  0.1200E+02
  -8.489  0.1032E-04  0.1200E+02
  -8.479  0.1140E-04  0.1200E+02
  -8.469  0.1258E-04  0.1200E+02
  -8.459  0.1387E-04  0.1200E+02
  -8.449  0.1530E-04  0.1200E+02
  -8.439  0.1686E-04  0.1200E+02
  -8.429  0.1857E-04  0.1200E+02
  -8.419  0.2044E-04  0.1200E+02
  -8.409  0.2249E-04  0.1200E+02
  -8.399  0.2474E-04  0.1200E+02
  -8.389  0.2720E-04  0.1200E+02
  -8.379  0.2988E-04  0.1200E+02
  -8.369  0.3282E-04  0.1200E+02
  -8.359  0.3602E-04  0.1200E+02
  -8.349  0.3953E-04  0.1200E+02
  -8.339  0.4335E-04  0.1200E+02
  -8.329  0.4751E-04  0.1200E+02
  -8.319  0.5205E-04  0.1200E+02
  -8.309  0.5700E-04  0.1200E+02
  -8.299  0.6239E-04  0.1200E+02
  -8.289  0.6825E-04  0.1200E+02
  -8.279  0.7463E-04  0.1200E+02
  -8.269  0.8157E-04  0.1200E+02
  -8.259  0.8911E-04  0.1200E+02
  -8.249  0.9729E-04  0.1200E+02
  -8.239  0.1062E-03  0.1200E+02
  -8.229  0.1158E-03  0.1200E+02
  -8.219  0.1263E-03  0.1200E+02
  -8.209  0.1376E-03  0.1200E+02
  -8.199  0.1499E-03  0.1200E+02
  -8.189  0.1632E-03  0.1200E+02
  -8.179  0.1776E-03  0.1200E+02
  -8.169  0.1932E-03  0.1200E+02
  -8.159  0.2101E-03  0.1200E+02
  -8.149  0.2283E-03  0.1200E+02
  -8.139  0.2480E-03  0.1200E+02
  -8.129  0.2692E-03  0.1200E+02
  -8.119  0.2921E-03  0.1200E+02
  -8.109  0.3169E-03  0.1200E+02
  -8.099  0.3435E-03  0.1200E+02
  -8.089  0.3722E-03  0.1200E+02
  -8.079  0.4032E-03  0.1200E+02
  -8.069  0.4365E-03  0.1200E+02
  -8.059  0.4723E-03  0.1200E+02
  -8.049  0.5108E-03  0.1200E+02
  -8.039  0.5523E-03  0.1200E+02
  -8.029  0.5968E-03  0.1200E+02
  -8.019  0.6446E-03  0.1200E+02
  -8.009  0.6959E-03  0.1200E+02
  -7.999  0.7509E-03  0.1200E+02
  -7.989  0.8099E-03  0.1200E+02
  -7.979  0.8731E-03  0.1200E+02
  -7.969  0.9409E-03  0.1200E+02
  -7.959  0.1013E-02  0.1200E+02
  -7.949  0.1091E-02  0.1200E+02
  -7.939  0.1174E-02  0.1200E+02
  -7.929  0.1263E-02  0.1200E+02
  -7.919  0.1358E-02  0.1200E+02
  -7.909  0.1459E-02  0.1200E+02
  -7.899  0.1567E-02  0.1200E+02
  -7.889  0.1683E-02  0.1200E+02
  -7.879  0.1806E-02  0.1200E+02
  -7.869  0.1937E-02  0.1200E+02
  -7.859  0.2077E-02  0.1200E+02
  -7.849  0.2226E-02  0.1200E+02
  -7.839  0.2384E-02  0.1200E+02
  -7.829  0.2553E-02  0.1200E+02
  -7.819  0.2733E-02  0.1200E+02
  -7.809  0.2923E-02  0.1200E+02
  -7.799  0.3126E-02  0.1200E+02
  -7.789  0.3341E-02  0.1200E+02
  -7.779  0.3570E-02  0.1200E+02
  -7.769  0.3812E-02  0.1200E+02
  -7.759  0.4070E-02  0.1200E+02
  -7.749  0.4342E-02  0.1200E+02
  -7.739  0.4631E-02  0.1200E+02
  -7.729  0.4937E-02  0.1200E+02
  -7.719  0.5261E-02  0.1200E+02
  -7.709  0.5603E-02  0.1200E+02
  -7.699  0.5966E-02  0.1200E+02
  -7.689  0.6349E-02  0.1200E+02
  -7.679  0.6754E-02  0.1200E+02
  -7.669  0.7181E-02  0.1200E+02
  -7.659  0.7633E-02  0.1200E+02
  -7.649  0.8109E-02  0.1200E+02
  -7.639  0.8611E-02  0.1200E+02
  -7.629  0.9141E-02  0.1200E+02
  -7.619  0.9699E-02  0.1200E+02
  -7.609  0.1029E-01  0.1200E+02
  -7.599  0.1091E-01  0.1200E+02
  -7.589  0.1156E-01  0.1200E+02
  -7.579  0.1224E-01  0.1200E+02
  -7.569  0.1296E-01  0.1200E+02
  -7.559  0.1372E-01  0.1200E+02
  -7.549  0.1452E-01  0.1200E+02
  -7.539  0.1535E-01  0.1200E+02
  -7.529  0.1623E-01  0.1200E+02
  -7.519  0.1715E-01  0.1200E+02
  -7.509  0.1812E-01  0.1200E+02
  -7.499  0.1913E-01  0.1200E+02
  -7.489  0.2019E-01  0.1200E+02
  -7.479  0.2130E-01  0.1200E+02
  -7.469  0.2246E-01  0.1200E+02
  -7.459  0.2368E-01  0.1200E+02
  -7.449  0.2495E-01  0.1200E+02
  -7.439  0.2629E-01  0.1200E+02
  -7.429  0.2768E-01  0.1200E+02
  -7.419  0.2913E-01  0.1201E+02
  -7.409  0.3065E-01  0.1201E+02
  -7.399  0.3224E-01  0.1201E+02
  -7.389  0.3390E-01  0.1201E+02
  -7.379  0.3562E-01  0.1201E+02
  -7.369  0.3743E-01  0.1201E+02
  -7.359  0.3930E-01  0.1201E+02
  -7.349  0.4126E-01  0.1201E+02
  -7.339  0.4330E-01  0.1201E+02
  -7.329  0.4542E-01  0.1201E+02
  -7.319  0.4763E-01  0.1201E+02
  -7.309  0.4993E-01  0.1201E+02
  -7.299  0.5232E-01  0.1201E+02
  -7.289  0.5481E-01  0.1201E+02
  -7.279  0.5739E-01  0.1201E+02
  -7.269  0.6007E-01  0.1201E+02
  -7.259  0.6286E-01  0.1201E+02
  -7.249  0.6575E-01  0.1201E+02
  -7.239  0.6876E-01  0.1201E+02
  -7.229  0.7187E-01  0.1201E+02
  -7.219  0.7510E-01  0.1202E+02
  -7.209  0.7845E-01  0.1202E+02
  -7.199  0.8192E-01  0.1202E+02
  -7.189  0.8551E-01  0.1202E+02
  -7.179  0.8924E-01  0.1202E+02
  -7.169  0.9309E-01  0.1202E+02
  -7.159  0.9708E-01  0.1202E+02
  -7.149  0.1012E+00  0.1202E+02
  -7.139  0.1055E+00  0.1202E+02
  -7.129  0.1099E+00  0.1202E+02
  -7.119  0.1144E+00  0.1202E+02
  -7.109  0.1191E+00  0.1203E+02
  -7.099  0.1240E+00  0.1203E+02
  -7.089  0.1290E+00  0.1203E+02
  -7.079  0.1342E+00  0.1203E+02
  -7.069  0.1395E+00  0.1203E+02
  -7.059  0.1451E+00  0.1203E+02
  -7.049  0.1507E+00  0.1203E+02
  -7.039  0.1566E+00  0.1204E+02
  -7.029  0.1626E+00  0.1204E+02
  -7.019  0.1688E+00  0.1204E+02
  -7.009  0.1752E+00  0.1204E+02
  -6.999  0.1818E+00  0.1204E+02
  -6.989  0.1886E+00  0.1204E+02
  -6.979  0.1956E+00  0.1205E+02
  -6.969  0.2027E+00  0.1205E+02
  -6.959  0.2101E+00  0.1205E+02
  -6.949  0.2177E+00  0.1205E+02
  -6.939  0.2255E+00  0.1206E+02
  -6.929  0.2335E+00  0.1206E+02
  -6.919  0.2417E+00  0.1206E+02
  -6.909  0.2501E+00  0.1206E+02
  -6.899  0.2587E+00  0.1206E+02
  -6.889  0.2676E+00  0.1207E+02
  -6.879  0.2767E+00  0.1207E+02
  -6.869  0.2860E+00  0.1207E+02
  -6.859  0.2955E+00  0.1208E+02
  -6.849  0.3053E+00  0.1208E+02
  -6.839  0.3153E+00  0.1208E+02
  -6.829  0.3255E+00  0.1209E+02
  -6.819  0.3360E+00  0.1209E+02
  -6.809  0.3467E+00  0.1209E+02
  -6.799  0.3576E+00  0.1210E+02
  -6.789  0.3688E+00  0.1210E+02
  -6.779  0.3803E+00  0.1210E+02
  -6.769  0.3920E+00  0.1211E+02
  -6.759  0.4039E+00  0.1211E+02
  -6.749  0.4161E+00  0.1212E+02
  -6.739  0.4285E+00  0.1212E+02
  -6.729  0.4412E+00  0.1212E+02
  -6.719  0.4541E+00  0.1213E+02
  -6.709  0.4672E+00  0.1213E+02
  -6.699  0.4807E+00  0.1214E+02
  -6.689  0.4943E+00  0.1214E+02
  -6.679  0.5082E+00  0.1215E+02
  -6.669  0.5224E+00  0.1215E+02
  -6.659  0.5367E+00  0.1216E+02
  -6.649  0.5514E+00  0.1216E+02
  -6.639  0.5662E+00  0.1217E+02
  -6.629  0.5813E+00  0.1218E+02
  -6.619  0.5967E+00  0.1218E+02
  -6.609  0.6122E+00  0.1219E+02
  -6.599  0.6280E+00  0.1219E+02
  -6.589  0.6440E+00  0.1220E+02
  -6.579  0.6603E+00  0.1221E+02
  -6.569  0.6767E+00  0.1221E+02
  -6.559  0.6934E+00  0.1222E+02
  -6.549  0.7102E+00  0.1223E+02
  -6.539  0.7273E+00  0.1224E+02
  -6.529  0.7445E+00  0.1224E+02
  -6.519  0.7620E+00  0.1225E+02
  -6.509  0.7796E+00  0.1226E+02
  -6.499  0.7974E+00  0.1227E+02
  -6.489  0.8153E+00  0.1227E+02
  -6.479  0.8334E+00  0.1228E+02
  -6.469  0.8516E+00  0.1229E+02
  -6.459  0.8700E+00  0.1230E+02
  -6.449  0.8885E+00  0.1231E+02
  -6.439  0.9071E+00  0.1232E+02
  -6.429  0.9259E+00  0.1233E+02
  -6.419  0.9447E+00  0.1234E+02
  -6.409  0.9636E+00  0.1235E+02
  -6.399  0.9826E+00  0.1236E+02
  -6.389  0.1002E+01  0.1237E+02
  -6.379  0.1021E+01  0.1238E+02
  -6.369  0.1040E+01  0.1239E+02
  -6.359  0.1059E+01  0.1240E+02
  -6.349  0.1078E+01  0.1241E+02
  -6.339  0.1097E+01  0.1242E+02
  -6.329  0.1117E+01  0.1243E+02
  -6.319  0.1136E+01  0.1244E+02
  -6.309  0.1155E+01  0.1245E+02
  -6.299  0.1174E+01  0.1246E+02
  -6.289  0.1193E+01  0.1248E+02
  -6.279  0.1212E+01  0.1249E+02
  -6.269  0.1230E+01  0.1250E+02
  -6.259  0.1249E+01  0.1251E+02
  -6.249  0.1268E+01  0.1253E+02
  -6.239  0.1286E+01  0.1254E+02
  -6.229  0.1304E+01  0.1255E+02
  -6.219  0.1322E+01  0.1257E+02
  -6.209  0.1340E+01  0.1258E+02
  -6.199  0.1357E+01  0.1259E+02
  -6.189  0.1375E+01  0.1261E+02
  -6.179  0.1392E+01  0.1262E+02
  -6.169  0.1409E+01  0.1263E+02
  -6.159  0.1425E+01  0.1265E+02
  -6.149  0.1442E+01  0.1266E+02
  -6.139  0.1458E+01  0.1268E+02
  -6.129  0.1473E+01  0.1269E+02
  -6.119  0.1489E+01  0.1271E+02
  -6.109  0.1504E+01  0.1272E+02
  -6.099  0.1518E+01  0.1274E+02
  -6.089  0.1533E+01  0.1275E+02
  -6.079  0.1547E+01  0.1277E+02
  -6.069  0.1560E+01  0.1278E+02
  -6.059  0.1573E+01  0.1280E+02
  -6.049  0.1586E+01  0.1282E+02
  -6.039  0.1598E+01  0.1283E+02
  -6.029  0.1610E+01  0.1285E+02
  -6.019  0.1621E+01  0.1286E+02
  -6.009  0.1632E+01  0.1288E+02
  -5.999  0.1643E+01  0.1290E+02
  -5.989  0.1652E+01  0.1291E+02
  -5.979  0.1662E+01  0.1293E+02
  -5.969  0.1671E+01  0.1295E+02
  -5.959  0.1679E+01  0.1296E+02
  -5.949  0.1687E+01  0.1298E+02
  -5.939  0.1695E+01  0.1300E+02
  -5.929  0.1702E+01  0.1301E+02
  -5.919  0.1708E+01  0.1303E+02
  -5.909  0.1714E+01  0.1305E+02
  -5.899  0.1720E+01  0.1307E+02
  -5.889  0.1725E+01  0.1308E+02
  -5.879  0.1729E+01  0.1310E+02
  -5.869  0.1733E+01  0.1312E+02
  -5.859  0.1736E+01  0.1313E+02
  -5.849  0.1739E+01  0.1315E+02
  -5.839  0.1742E+01  0.1317E+02
  -5.829  0.1744E+01  0.1319E+02
  -5.819  0.1745E+01  0.1320E+02
  -5.809  0.1746E+01  0.1322E+02
  -5.799  0.1747E+01  0.1324E+02
  -5.789  0.1747E+01  0.1326E+02
  -5.779  0.1747E+01  0.1327E+02
  -5.769  0.1746E+01  0.1329E+02
  -5.759  0.1745E+01  0.1331E+02
  -5.749  0.1743E+01  0.1333E+02
  -5.739  0.1741E+01  0.1334E+02
  -5.729  0.1739E+01  0.1336E+02
  -5.719  0.1736E+01  0.1338E+02
  -5.709  0.1733E+01  0.1340E+02
  -5.699  0.1730E+01  0.1341E+02
  -5.689  0.1726E+01  0.1343E+02
  -5.679  0.1722E+01  0.1345E+02
  -5.669  0.1718E+01  0.1346E+02
  -5.659  0.1714E+01  0.1348E+02
  -5.649  0.1709E+01  0.1350E+02
  -5.639  0.1704E+01  0.1352E+02
  -5.629  0.1699E+01  0.1353E+02
  -5.619  0.1694E+01  0.1355E+02
  -5.609  0.1688E+01  0.1357E+02
  -5.599  0.1683E+01  0.1358E+02
  -5.589  0.1677E+01  0.1360E+02
  -5.579  0.1671E+01  0.1362E+02
  -5.569  0.1665E+01  0.1363E+02
  -5.559  0.1659E+01  0.1365E+02
  -5.549  0.1653E+01  0.1367E+02
  -5.539  0.1647E+01  0.1368E+02
  -5.529  0.1641E+01  0.1370E+02
  -5.519  0.1635E+01  0.1372E+02
  -5.509  0.1629E+01  0.1373E+02
  -5.499  0.1623E+01  0.1375E+02
  -5.489  0.1618E+01  0.1377E+02
  -5.479  0.1612E+01  0.1378E+02
  -5.469  0.1606E+01  0.1380E+02
  -5.459  0.1601E+01  0.1381E+02
  -5.449  0.1596E+01  0.1383E+02
  -5.439  0.1590E+01  0.1385E+02
  -5.429  0.1586E+01  0.1386E+02
  -5.419  0.1581E+01  0.1388E+02
  -5.409  0.1576E+01  0.1389E+02
  -5.399  0.1572E+01  0.1391E+02
  -5.389  0.1568E+01  0.1392E+02
  -5.379  0.1564E+01  0.1394E+02
  -5.369  0.1560E+01  0.1396E+02
  -5.359  0.1557E+01  0.1397E+02
  -5.349  0.1554E+01  0.1399E+02
  -5.339  0.1551E+01  0.1400E+02
  -5.329  0.1549E+01  0.1402E+02
  -5.319  0.1547E+01  0.1403E+02
  -5.309  0.1545E+01  0.1405E+02
  -5.299  0.1543E+01  0.1406E+02
  -5.289  0.1542E+01  0.1408E+02
  -5.279  0.1541E+01  0.1409E+02
  -5.269  0.1541E+01  0.1411E+02
  -5.259  0.1540E+01  0.1413E+02
  -5.249  0.1540E+01  0.1414E+02
  -5.239  0.1541E+01  0.1416E+02
  -5.229  0.1541E+01  0.1417E+02
  -5.219  0.1542E+01  0.1419E+02
  -5.209  0.1544E+01  0.1420E+02
  -5.199  0.1545E+01  0.1422E+02
  -5.189  0.1547E+01  0.1423E+02
  -5.179  0.1550E+01  0.1425E+02
  -5.169  0.1552E+01  0.1426E+02
  -5.159  0.1555E+01  0.1428E+02
  -5.149  0.1558E+01  0.1430E+02
  -5.139  0.1561E+01  0.1431E+02
  -5.129  0.1565E+01  0.1433E+02
  -5.119  0.1569E+01  0.1434E+02
  -5.109  0.1573E+01  0.1436E+02
  -5.099  0.1577E+01  0.1437E+02
  -5.089  0.1581E+01  0.1439E+02
  -5.079  0.1586E+01  0.1441E+02
  -5.069  0.1591E+01  0.1442E+02
  -5.059  0.1596E+01  0.1444E+02
  -5.049  0.1601E+01  0.1445E+02
  -5.039  0.1606E+01  0.1447E+02
  -5.029  0.1612E+01  0.1449E+02
  -5.019  0.1617E+01  0.1450E+02
  -5.009  0.1623E+01  0.1452E+02
  -4.999  0.1629E+01  0.1453E+02
  -4.989  0.1634E+01  0.1455E+02
  -4.979  0.1640E+01  0.1457E+02
  -4.969  0.1646E+01  0.1458E+02
  -4.959  0.1652E+01  0.1460E+02
  -4.949  0.1658E+01  0.1462E+02
  -4.939  0.1664E+01  0.1463E+02
  -4.929  0.1669E+01  0.1465E+02
  -4.919  0.1675E+01  0.1467E+02
  -4.909  0.1681E+01  0.1468E+02
  -4.899  0.1687E+01  0.1470E+02
  -4.889  0.1692E+01  0.1472E+02
  -4.879  0.1698E+01  0.1473E+02
  -4.869  0.1703E+01  0.1475E+02
  -4.859  0.1708E+01  0.1477E+02
  -4.849  0.1713E+01  0.1479E+02
  -4.839  0.1719E+01  0.1480E+02
  -4.829  0.1723E+01  0.1482E+02
  -4.819  0.1728E+01  0.1484E+02
  -4.809  0.1733E+01  0.1485E+02
  -4.799  0.1737E+01  0.1487E+02
  -4.789  0.1741E+01  0.1489E+02
  -4.779  0.1745E+01  0.1491E+02
  -4.769  0.1749E+01  0.1492E+02
  -4.759  0.1753E+01  0.1494E+02
  -4.749  0.1756E+01  0.1496E+02
  -4.739  0.1759E+01  0.1498E+02
  -4.729  0.1762E+01  0.1499E+02
  -4.719  0.1765E+01  0.1501E+02
  -4.709  0.1767E+01  0.1503E+02
  -4.699  0.1770E+01  0.1505E+02
  -4.689  0.1772E+01  0.1507E+02
  -4.679  0.1774E+01  0.1508E+02
  -4.669  0.1775E+01  0.1510E+02
  -4.659  0.1777E+01  0.1512E+02
  -4.649  0.1778E+01  0.1514E+02
  -4.639  0.1779E+01  0.1515E+02
  -4.629  0.1780E+01  0.1517E+02
  -4.619  0.1781E+01  0.1519E+02
  -4.609  0.1782E+01  0.1521E+02
  -4.599  0.1782E+01  0.1523E+02
  -4.589  0.1782E+01  0.1524E+02
  -4.579  0.1782E+01  0.1526E+02
  -4.569  0.1782E+01  0.1528E+02
  -4.559  0.1782E+01  0.1530E+02
  -4.549  0.1781E+01  0.1531E+02
  -4.539  0.1781E+01  0.1533E+02
  -4.529  0.1780E+01  0.1535E+02
  -4.519  0.1779E+01  0.1537E+02
  -4.509  0.1778E+01  0.1539E+02
  -4.499  0.1778E+01  0.1540E+02
  -4.489  0.1777E+01  0.1542E+02
  -4.479  0.1775E+01  0.1544E+02
  -4.469  0.1774E+01  0.1546E+02
  -4.459  0.1773E+01  0.1547E+02
  -4.449  0.1772E+01  0.1549E+02
  -4.439  0.1771E+01  0.1551E+02
  -4.429  0.1770E+01  0.1553E+02
  -4.419  0.1769E+01  0.1555E+02
  -4.409  0.1767E+01  0.1556E+02
  -4.399  0.1766E+01  0.1558E+02
  -4.389  0.1765E+01  0.1560E+02
  -4.379  0.1764E+01  0.1562E+02
  -4.369  0.1763E+01  0.1563E+02
  -4.359  0.1763E+01  0.1565E+02
  -4.349  0.1762E+01  0.1567E+02
  -4.339  0.1761E+01  0.1569E+02
  -4.329  0.1761E+01  0.1570E+02
  -4.319  0.1761E+01  0.1572E+02
  -4.309  0.1760E+01  0.1574E+02
  -4.299  0.1760E+01  0.1576E+02
  -4.289  0.1761E+01  0.1577E+02
  -4.279  0.1761E+01  0.1579E+02
  -4.269  0.1761E+01  0.1581E+02
  -4.259  0.1762E+01  0.1583E+02
  -4.249  0.1763E+01  0.1584E+02
  -4.239  0.1764E+01  0.1586E+02
  -4.229  0.1765E+01  0.1588E+02
  -4.219  0.1767E+01  0.1590E+02
  -4.209  0.1769E+01  0.1592E+02
  -4.199  0.1771E+01  0.1593E+02
  -4.189  0.1773E+01  0.1595E+02
  -4.179  0.1775E+01  0.1597E+02
  -4.169  0.1778E+01  0.1599E+02
  -4.159  0.1781E+01  0.1600E+02
  -4.149  0.1784E+01  0.1602E+02
  -4.139  0.1788E+01  0.1604E+02
  -4.129  0.1791E+01  0.1606E+02
  -4.119  0.1796E+01  0.1608E+02
  -4.109  0.1800E+01  0.1609E+02
  -4.099  0.1804E+01  0.1611E+02
  -4.089  0.1809E+01  0.1613E+02
  -4.079  0.1814E+01  0.1615E+02
  -4.069  0.1820E+01  0.1617E+02
  -4.059  0.1825E+01  0.1618E+02
  -4.049  0.1831E+01  0.1620E+02
  -4.039  0.1838E+01  0.1622E+02
  -4.029  0.1844E+01  0.1624E+02
  -4.019  0.1851E+01  0.1626E+02
  -4.009  0.1858E+01  0.1628E+02
  -3.999  0.1866E+01  0.1630E+02
  -3.989  0.1873E+01  0.1631E+02
  -3.979  0.1881E+01  0.1633E+02
  -3.969  0.1890E+01  0.1635E+02
  -3.959  0.1898E+01  0.1637E+02
  -3.949  0.1907E+01  0.1639E+02
  -3.939  0.1916E+01  0.1641E+02
  -3.929  0.1926E+01  0.1643E+02
  -3.919  0.1936E+01  0.1645E+02
  -3.909  0.1946E+01  0.1647E+02
  -3.899  0.1956E+01  0.1649E+02
  -3.889  0.1967E+01  0.1651E+02
  -3.879  0.1978E+01  0.1653E+02
  -3.869  0.1989E+01  0.1655E+02
  -3.859  0.2001E+01  0.1657E+02
  -3.849  0.2013E+01  0.1659E+02
  -3.839  0.2025E+01  0.1661E+02
  -3.829  0.2038E+01  0.1663E+02
  -3.819  0.2051E+01  0.1665E+02
  -3.809  0.2064E+01  0.1667E+02
  -3.799  0.2077E+01  0.1669E+02
  -3.789  0.2091E+01  0.1671E+02
  -3.779  0.2106E+01  0.1673E+02
  -3.769  0.2121E+01  0.1675E+02
  -3.759  0.2136E+01  0.1677E+02
  -3.749  0.2151E+01  0.1679E+02
  -3.739  0.2167E+01  0.1682E+02
  -3.729  0.2183E+01  0.1684E+02
  -3.719  0.2200E+01  0.1686E+02
  -3.709  0.2217E+01  0.1688E+02
  -3.699  0.2234E+01  0.1690E+02
  -3.689  0.2252E+01  0.1693E+02
  -3.679  0.2271E+01  0.1695E+02
  -3.669  0.2289E+01  0.1697E+02
  -3.659  0.2309E+01  0.1700E+02
  -3.649  0.2328E+01  0.1702E+02
  -3.639  0.2348E+01  0.1704E+02
  -3.629  0.2369E+01  0.1707E+02
  -3.619  0.2390E+01  0.1709E+02
  -3.609  0.2412E+01  0.1711E+02
  -3.599  0.2434E+01  0.1714E+02
  -3.589  0.2456E+01  0.1716E+02
  -3.579  0.2480E+01  0.1719E+02
  -3.569  0.2503E+01  0.1721E+02
  -3.559  0.2527E+01  0.1724E+02
  -3.549  0.2552E+01  0.1726E+02
  -3.539  0.2577E+01  0.1729E+02
  -3.529  0.2603E+01  0.1732E+02
  -3.519  0.2629E+01  0.1734E+02
  -3.509  0.2656E+01  0.1737E+02
  -3.499  0.2684E+01  0.1740E+02
  -3.489  0.2712E+01  0.1742E+02
  -3.479  0.2741E+01  0.1745E+02
  -3.469  0.2770E+01  0.1748E+02
  -3.459  0.2799E+01  0.1751E+02
  -3.449  0.2830E+01  0.1753E+02
  -3.439  0.2861E+01  0.1756E+02
  -3.429  0.2892E+01  0.1759E+02
  -3.419  0.2924E+01  0.1762E+02
  -3.409  0.2957E+01  0.1765E+02
  -3.399  0.2990E+01  0.1768E+02
  -3.389  0.3023E+01  0.1771E+02
  -3.379  0.3057E+01  0.1774E+02
  -3.369  0.3092E+01  0.1777E+02
  -3.359  0.3127E+01  0.1780E+02
  -3.349  0.3163E+01  0.1783E+02
  -3.339  0.3199E+01  0.1787E+02
  -3.329  0.3235E+01  0.1790E+02
  -3.319  0.3272E+01  0.1793E+02
  -3.309  0.3310E+01  0.1797E+02
  -3.299  0.3348E+01  0.1800E+02
  -3.289  0.3386E+01  0.1803E+02
  -3.279  0.3424E+01  0.1807E+02
  -3.269  0.3463E+01  0.1810E+02
  -3.259  0.3503E+01  0.1814E+02
  -3.249  0.3542E+01  0.1817E+02
  -3.239  0.3582E+01  0.1821E+02
  -3.229  0.3622E+01  0.1824E+02
  -3.219  0.3662E+01  0.1828E+02
  -3.209  0.3703E+01  0.1832E+02
  -3.199  0.3743E+01  0.1835E+02
  -3.189  0.3784E+01  0.1839E+02
  -3.179  0.3824E+01  0.1843E+02
  -3.169  0.3865E+01  0.1847E+02
  -3.159  0.3906E+01  0.1851E+02
  -3.149  0.3946E+01  0.1855E+02
  -3.139  0.3987E+01  0.1859E+02
  -3.129  0.4028E+01  0.1863E+02
  -3.119  0.4068E+01  0.1867E+02
  -3.109  0.4108E+01  0.1871E+02
  -3.099  0.4148E+01  0.1875E+02
  -3.089  0.4187E+01  0.1879E+02
  -3.079  0.4227E+01  0.1884E+02
  -3.069  0.4265E+01  0.1888E+02
  -3.059  0.4304E+01  0.1892E+02
  -3.049  0.4342E+01  0.1896E+02
  -3.039  0.4379E+01  0.1901E+02
  -3.029  0.4416E+01  0.1905E+02
  -3.019  0.4453E+01  0.1910E+02
  -3.009  0.4488E+01  0.1914E+02
  -2.999  0.4523E+01  0.1919E+02
  -2.989  0.4558E+01  0.1923E+02
  -2.979  0.4591E+01  0.1928E+02
  -2.969  0.4624E+01  0.1933E+02
  -2.959  0.4656E+01  0.1937E+02
  -2.949  0.4687E+01  0.1942E+02
  -2.939  0.4717E+01  0.1947E+02
  -2.929  0.4746E+01  0.1951E+02
  -2.919  0.4774E+01  0.1956E+02
  -2.909  0.4801E+01  0.1961E+02
  -2.899  0.4827E+01  0.1966E+02
  -2.889  0.4852E+01  0.1971E+02
  -2.879  0.4875E+01  0.1975E+02
  -2.869  0.4898E+01  0.1980E+02
  -2.859  0.4919E+01  0.1985E+02
  -2.849  0.4939E+01  0.1990E+02
  -2.839  0.4957E+01  0.1995E+02
  -2.829  0.4975E+01  0.2000E+02
  -2.819  0.4991E+01  0.2005E+02
  -2.809  0.5005E+01  0.2010E+02
  -2.799  0.5018E+01  0.2015E+02
  -2.789  0.5030E+01  0.2020E+02
  -2.779  0.5040E+01  0.2025E+02
  -2.769  0.5049E+01  0.2030E+02
  -2.759  0.5056E+01  0.2035E+02
  -2.749  0.5062E+01  0.2040E+02
  -2.739  0.5066E+01  0.2045E+02
  -2.729  0.5069E+01  0.2051E+02
  -2.719  0.5070E+01  0.2056E+02
  -2.709  0.5069E+01  0.2061E+02
  -2.699  0.5067E+01  0.2066E+02
  -2.689  0.5064E+01  0.2071E+02
  -2.679  0.5059E+01  0.2076E+02
  -2.669  0.5052E+01  0.2081E+02
  -2.659  0.5044E+01  0.2086E+02
  -2.649  0.5034E+01  0.2091E+02
  -2.639  0.5022E+01  0.2096E+02
  -2.629  0.5009E+01  0.2101E+02
  -2.619  0.4995E+01  0.2106E+02
  -2.609  0.4978E+01  0.2111E+02
  -2.599  0.4961E+01  0.2116E+02
  -2.589  0.4941E+01  0.2121E+02
  -2.579  0.4921E+01  0.2126E+02
  -2.569  0.4898E+01  0.2131E+02
  -2.559  0.4874E+01  0.2136E+02
  -2.549  0.4849E+01  0.2140E+02
  -2.539  0.4822E+01  0.2145E+02
  -2.529  0.4794E+01  0.2150E+02
  -2.519  0.4765E+01  0.2155E+02
  -2.509  0.4734E+01  0.2160E+02
  -2.499  0.4701E+01  0.2164E+02
  -2.489  0.4668E+01  0.2169E+02
  -2.479  0.4633E+01  0.2174E+02
  -2.469  0.4597E+01  0.2178E+02
  -2.459  0.4559E+01  0.2183E+02
  -2.449  0.4520E+01  0.2187E+02
  -2.439  0.4480E+01  0.2192E+02
  -2.429  0.4439E+01  0.2196E+02
  -2.419  0.4397E+01  0.2201E+02
  -2.409  0.4354E+01  0.2205E+02
  -2.399  0.4310E+01  0.2209E+02
  -2.389  0.4265E+01  0.2213E+02
  -2.379  0.4218E+01  0.2218E+02
  -2.369  0.4171E+01  0.2222E+02
  -2.359  0.4123E+01  0.2226E+02
  -2.349  0.4074E+01  0.2230E+02
  -2.339  0.4025E+01  0.2234E+02
  -2.329  0.3974E+01  0.2238E+02
  -2.319  0.3923E+01  0.2242E+02
  -2.309  0.3871E+01  0.2246E+02
  -2.299  0.3819E+01  0.2250E+02
  -2.289  0.3766E+01  0.2253E+02
  -2.279  0.3712E+01  0.2257E+02
  -2.269  0.3658E+01  0.2261E+02
  -2.259  0.3604E+01  0.2264E+02
  -2.249  0.3549E+01  0.2268E+02
  -2.239  0.3493E+01  0.2271E+02
  -2.229  0.3438E+01  0.2275E+02
  -2.219  0.3382E+01  0.2278E+02
  -2.209  0.3326E+01  0.2282E+02
  -2.199  0.3269E+01  0.2285E+02
  -2.189  0.3213E+01  0.2288E+02
  -2.179  0.3156E+01  0.2291E+02
  -2.169  0.3099E+01  0.2294E+02
  -2.159  0.3042E+01  0.2297E+02
  -2.149  0.2985E+01  0.2300E+02
  -2.139  0.2928E+01  0.2303E+02
  -2.129  0.2872E+01  0.2306E+02
  -2.119  0.2815E+01  0.2309E+02
  -2.109  0.2758E+01  0.2312E+02
  -2.099  0.2702E+01  0.2314E+02
  -2.089  0.2646E+01  0.2317E+02
  -2.079  0.2590E+01  0.2320E+02
  -2.069  0.2535E+01  0.2322E+02
  -2.059  0.2479E+01  0.2325E+02
  -2.049  0.2425E+01  0.2327E+02
  -2.039  0.2370E+01  0.2329E+02
  -2.029  0.2316E+01  0.2332E+02
  -2.019  0.2263E+01  0.2334E+02
  -2.009  0.2209E+01  0.2336E+02
  -1.999  0.2157E+01  0.2338E+02
  -1.989  0.2105E+01  0.2341E+02
  -1.979  0.2053E+01  0.2343E+02
  -1.969  0.2003E+01  0.2345E+02
  -1.959  0.1952E+01  0.2347E+02
  -1.949  0.1903E+01  0.2348E+02
  -1.939  0.1854E+01  0.2350E+02
  -1.929  0.1806E+01  0.2352E+02
  -1.919  0.1758E+01  0.2354E+02
  -1.909  0.1711E+01  0.2356E+02
  -1.899  0.1665E+01  0.2357E+02
  -1.889  0.1620E+01  0.2359E+02
  -1.879  0.1576E+01  0.2360E+02
  -1.869  0.1532E+01  0.2362E+02
  -1.859  0.1489E+01  0.2363E+02
  -1.849  0.1448E+01  0.2365E+02
  -1.839  0.1407E+01  0.2366E+02
  -1.829  0.1366E+01  0.2368E+02
  -1.819  0.1327E+01  0.2369E+02
  -1.809  0.1289E+01  0.2370E+02
  -1.799  0.1251E+01  0.2372E+02
  -1.789  0.1215E+01  0.2373E+02
  -1.779  0.1179E+01  0.2374E+02
  -1.769  0.1145E+01  0.2375E+02
  -1.759  0.1111E+01  0.2376E+02
  -1.749  0.1079E+01  0.2377E+02
  -1.739  0.1047E+01  0.2378E+02
  -1.729  0.1017E+01  0.2379E+02
  -1.719  0.9869E+00  0.2380E+02
  -1.709  0.9583E+00  0.2381E+02
  -1.699  0.9308E+00  0.2382E+02
  -1.689  0.9042E+00  0.2383E+02
  -1.679  0.8787E+00  0.2384E+02
  -1.669  0.8542E+00  0.2385E+02
  -1.659  0.8308E+00  0.2386E+02
  -1.649  0.8084E+00  0.2386E+02
  -1.639  0.7871E+00  0.2387E+02
  -1.629  0.7669E+00  0.2388E+02
  -1.619  0.7477E+00  0.2389E+02
  -1.609  0.7296E+00  0.2390E+02
  -1.599  0.7125E+00  0.2390E+02
  -1.589  0.6965E+00  0.2391E+02
  -1.579  0.6817E+00  0.2392E+02
  -1.569  0.6679E+00  0.2392E+02
  -1.559  0.6552E+00  0.2393E+02
  -1.549  0.6435E+00  0.2394E+02
  -1.539  0.6330E+00  0.2394E+02
  -1.529  0.6236E+00  0.2395E+02
  -1.519  0.6153E+00  0.2395E+02
  -1.509  0.6081E+00  0.2396E+02
  -1.499  0.6020E+00  0.2397E+02
  -1.489  0.5970E+00  0.2397E+02
  -1.479  0.5931E+00  0.2398E+02
  -1.469  0.5904E+00  0.2398E+02
  -1.459  0.5888E+00  0.2399E+02
  -1.449  0.5883E+00  0.2400E+02
  -1.439  0.5889E+00  0.2400E+02
  -1.429  0.5906E+00  0.2401E+02
  -1.419  0.5935E+00  0.2401E+02
  -1.409  0.5976E+00  0.2402E+02
  -1.399  0.6027E+00  0.2403E+02
  -1.389  0.6091E+00  0.2403E+02
  -1.379  0.6165E+00  0.2404E+02
  -1.369  0.6251E+00  0.2404E+02
  -1.359  0.6349E+00  0.2405E+02
  -1.349  0.6458E+00  0.2406E+02
  -1.339  0.6579E+00  0.2406E+02
  -1.329  0.6711E+00  0.2407E+02
  -1.319  0.6855E+00  0.2408E+02
  -1.309  0.7011E+00  0.2408E+02
  -1.299  0.7178E+00  0.2409E+02
  -1.289  0.7357E+00  0.2410E+02
  -1.279  0.7548E+00  0.2411E+02
  -1.269  0.7750E+00  0.2411E+02
  -1.259  0.7964E+00  0.2412E+02
  -1.249  0.8189E+00  0.2413E+02
  -1.239  0.8427E+00  0.2414E+02
  -1.229  0.8675E+00  0.2415E+02
  -1.219  0.8936E+00  0.2416E+02
  -1.209  0.9208E+00  0.2417E+02
  -1.199  0.9492E+00  0.2417E+02
  -1.189  0.9787E+00  0.2418E+02
  -1.179  0.1009E+01  0.2419E+02
  -1.169  0.1041E+01  0.2421E+02
  -1.159  0.1074E+01  0.2422E+02
  -1.149  0.1108E+01  0.2423E+02
  -1.139  0.1144E+01  0.2424E+02
  -1.129  0.1180E+01  0.2425E+02
  -1.119  0.1217E+01  0.2426E+02
  -1.109  0.1256E+01  0.2428E+02
  -1.099  0.1296E+01  0.2429E+02
  -1.089  0.1336E+01  0.2430E+02
  -1.079  0.1378E+01  0.2432E+02
  -1.069  0.1421E+01  0.2433E+02
  -1.059  0.1465E+01  0.2434E+02
  -1.049  0.1510E+01  0.2436E+02
  -1.039  0.1556E+01  0.2437E+02
  -1.029  0.1603E+01  0.2439E+02
  -1.019  0.1651E+01  0.2441E+02
  -1.009  0.1700E+01  0.2442E+02
  -0.999  0.1750E+01  0.2444E+02
  -0.989  0.1800E+01  0.2446E+02
  -0.979  0.1852E+01  0.2448E+02
  -0.969  0.1905E+01  0.2450E+02
  -0.959  0.1958E+01  0.2452E+02
  -0.949  0.2012E+01  0.2454E+02
  -0.939  0.2067E+01  0.2456E+02
  -0.929  0.2123E+01  0.2458E+02
  -0.919  0.2180E+01  0.2460E+02
  -0.909  0.2237E+01  0.2462E+02
  -0.899  0.2295E+01  0.2465E+02
  -0.889  0.2354E+01  0.2467E+02
  -0.879  0.2413E+01  0.2469E+02
  -0.869  0.2473E+01  0.2472E+02
  -0.859  0.2533E+01  0.2474E+02
  -0.849  0.2594E+01  0.2477E+02
  -0.839  0.2656E+01  0.2480E+02
  -0.829  0.2718E+01  0.2482E+02
  -0.819  0.2780E+01  0.2485E+02
  -0.809  0.2843E+01  0.2488E+02
  -0.799  0.2906E+01  0.2491E+02
  -0.789  0.2969E+01  0.2494E+02
  -0.779  0.3033E+01  0.2497E+02
  -0.769  0.3097E+01  0.2500E+02
  -0.759  0.3161E+01  0.2503E+02
  -0.749  0.3225E+01  0.2506E+02
  -0.739  0.3290E+01  0.2510E+02
  -0.729  0.3354E+01  0.2513E+02
  -0.719  0.3419E+01  0.2516E+02
  -0.709  0.3483E+01  0.2520E+02
  -0.699  0.3548E+01  0.2523E+02
  -0.689  0.3612E+01  0.2527E+02
  -0.679  0.3677E+01  0.2531E+02
  -0.669  0.3741E+01  0.2534E+02
  -0.659  0.3805E+01  0.2538E+02
  -0.649  0.3868E+01  0.2542E+02
  -0.639  0.3932E+01  0.2546E+02
  -0.629  0.3995E+01  0.2550E+02
  -0.619  0.4058E+01  0.2554E+02
  -0.609  0.4120E+01  0.2558E+02
  -0.599  0.4183E+01  0.2562E+02
  -0.589  0.4244E+01  0.2567E+02
  -0.579  0.4305E+01  0.2571E+02
  -0.569  0.4366E+01  0.2575E+02
  -0.559  0.4426E+01  0.2580E+02
  -0.549  0.4486E+01  0.2584E+02
  -0.539  0.4544E+01  0.2589E+02
  -0.529  0.4603E+01  0.2593E+02
  -0.519  0.4660E+01  0.2598E+02
  -0.509  0.4717E+01  0.2603E+02
  -0.499  0.4774E+01  0.2608E+02
  -0.489  0.4829E+01  0.2612E+02
  -0.479  0.4884E+01  0.2617E+02
  -0.469  0.4938E+01  0.2622E+02
  -0.459  0.4991E+01  0.2627E+02
  -0.449  0.5043E+01  0.2632E+02
  -0.439  0.5095E+01  0.2637E+02
  -0.429  0.5145E+01  0.2642E+02
  -0.419  0.5195E+01  0.2648E+02
  -0.409  0.5244E+01  0.2653E+02
  -0.399  0.5292E+01  0.2658E+02
  -0.389  0.5339E+01  0.2664E+02
  -0.379  0.5385E+01  0.2669E+02
  -0.369  0.5431E+01  0.2674E+02
  -0.359  0.5475E+01  0.2680E+02
  -0.349  0.5518E+01  0.2685E+02
  -0.339  0.5561E+01  0.2691E+02
  -0.329  0.5602E+01  0.2697E+02
  -0.319  0.5643E+01  0.2702E+02
  -0.309  0.5682E+01  0.2708E+02
  -0.299  0.5721E+01  0.2714E+02
  -0.289  0.5759E+01  0.2719E+02
  -0.279  0.5796E+01  0.2725E+02
  -0.269  0.5831E+01  0.2731E+02
  -0.259  0.5866E+01  0.2737E+02
  -0.249  0.5900E+01  0.2743E+02
  -0.239  0.5933E+01  0.2749E+02
  -0.229  0.5966E+01  0.2755E+02
  -0.219  0.5997E+01  0.2761E+02
  -0.209  0.6027E+01  0.2767E+02
  -0.199  0.6057E+01  0.2773E+02
  -0.189  0.6085E+01  0.2779E+02
  -0.179  0.6113E+01  0.2785E+02
  -0.169  0.6140E+01  0.2791E+02
  -0.159  0.6167E+01  0.2797E+02
  -0.149  0.6192E+01  0.2803E+02
  -0.139  0.6217E+01  0.2810E+02
  -0.129  0.6241E+01  0.2816E+02
  -0.119  0.6264E+01  0.2822E+02
  -0.109  0.6286E+01  0.2828E+02
  -0.099  0.6308E+01  0.2835E+02
  -0.089  0.6329E+01  0.2841E+02
  -0.079  0.6349E+01  0.2847E+02
  -0.069  0.6369E+01  0.2854E+02
  -0.059  0.6388E+01  0.2860E+02
  -0.049  0.6407E+01  0.2867E+02
  -0.039  0.6425E+01  0.2873E+02
  -0.029  0.6442E+01  0.2879E+02
  -0.019  0.6459E+01  0.2886E+02
  -0.009  0.6475E+01  0.2892E+02
   0.001  0.6491E+01  0.2899E+02
   0.011  0.6506E+01  0.2905E+02
   0.021  0.6521E+01  0.2912E+02
   0.031  0.6536E+01  0.2918E+02
   0.041  0.6550E+01  0.2925E+02
   0.051  0.6563E+01  0.2932E+02
   0.061  0.6576E+01  0.2938E+02
   0.071  0.6589E+01  0.2945E+02
   0.081  0.6602E+01  0.2951E+02
   0.091  0.6614E+01  0.2958E+02
   0.101  0.6626E+01  0.2965E+02
   0.111  0.6638E+01  0.2971E+02
   0.121  0.6649E+01  0.2978E+02
   0.131  0.6661E+01  0.2984E+02
   0.141  0.6672E+01  0.2991E+02
   0.151  0.6682E+01  0.2998E+02
   0.161  0.6693E+01  0.3005E+02
   0.171  0.6704E+01  0.3011E+02
   0.181  0.6714E+01  0.3018E+02
   0.191  0.6724E+01  0.3025E+02
   0.201  0.6734E+01  0.3031E+02
   0.211  0.6744E+01  0.3038E+02
   0.221  0.6754E+01  0.3045E+02
   0.231  0.6764E+01  0.3052E+02
   0.241  0.6773E+01  0.3058E+02
   0.251  0.6783E+01  0.3065E+02
   0.261  0.6792E+01  0.3072E+02
   0.271  0.6802E+01  0.3079E+02
   0.281  0.6811E+01  0.3086E+02
   0.291  0.6821E+01  0.3092E+02
   0.301  0.6830E+01  0.3099E+02
   0.311  0.6840E+01  0.3106E+02
   0.321  0.6850E+01  0.3113E+02
   0.331  0.6859E+01  0.3120E+02
   0.341  0.6869E+01  0.3127E+02
   0.351  0.6878E+01  0.3134E+02
   0.361  0.6888E+01  0.3140E+02
   0.371  0.6898E+01  0.3147E+02
   0.381  0.6908E+01  0.3154E+02
   0.391  0.6917E+01  0.3161E+02
   0.401  0.6927E+01  0.3168E+02
   0.411  0.6937E+01  0.3175E+02
   0.421  0.6948E+01  0.3182E+02
   0.431  0.6958E+01  0.3189E+02
   0.441  0.6968E+01  0.3196E+02
   0.451  0.6978E+01  0.3203E+02
   0.461  0.6989E+01  0.3210E+02
   0.471  0.6999E+01  0.3217E+02
   0.481  0.7010E+01  0.3224E+02
   0.491  0.7021E+01  0.3231E+02
   0.501  0.7032E+01  0.3238E+02
   0.511  0.7043E+01  0.3245E+02
   0.521  0.7054E+01  0.3252E+02
   0.531  0.7065E+01  0.3259E+02
   0.541  0.7076E+01  0.3266E+02
   0.551  0.7088E+01  0.3273E+02
   0.561  0.7099E+01  0.3280E+02
   0.571  0.7111E+01  0.3287E+02
   0.581  0.7123E+01  0.3295E+02
   0.591  0.7135E+01  0.3302E+02
   0.601  0.7147E+01  0.3309E+02
   0.611  0.7159E+01  0.3316E+02
   0.621  0.7171E+01  0.3323E+02
   0.631  0.7183E+01  0.3330E+02
   0.641  0.7195E+01  0.3338E+02
   0.651  0.7208E+01  0.3345E+02
   0.661  0.7220E+01  0.3352E+02
   0.671  0.7233E+01  0.3359E+02
   0.681  0.7246E+01  0.3367E+02
   0.691  0.7258E+01  0.3374E+02
   0.701  0.7271E+01  0.3381E+02
   0.711  0.7284E+01  0.3388E+02
   0.721  0.7297E+01  0.3396E+02
   0.731  0.7310E+01  0.3403E+02
   0.741  0.7323E+01  0.3410E+02
   0.751  0.7336E+01  0.3418E+02
   0.761  0.7349E+01  0.3425E+02
   0.771  0.7363E+01  0.3432E+02
   0.781  0.7376E+01  0.3440E+02
   0.791  0.7389E+01  0.3447E+02
   0.801  0.7402E+01  0.3454E+02
   0.811  0.7415E+01  0.3462E+02
   0.821  0.7428E+01  0.3469E+02
   0.831  0.7442E+01  0.3477E+02
   0.841  0.7455E+01  0.3484E+02
   0.851  0.7468E+01  0.3492E+02
   0.861  0.7481E+01  0.3499E+02
   0.871  0.7494E+01  0.3507E+02
   0.881  0.7507E+01  0.3514E+02
   0.891  0.7520E+01  0.3522E+02
   0.901  0.7533E+01  0.3529E+02
   0.911  0.7545E+01  0.3537E+02
   0.921  0.7558E+01  0.3544E+02
   0.931  0.7570E+01  0.3552E+02
   0.941  0.7583E+01  0.3559E+02
   0.951  0.7595E+01  0.3567E+02
   0.961  0.7607E+01  0.3575E+02
   0.971  0.7619E+01  0.3582E+02
   0.981  0.7631E+01  0.3590E+02
   0.991  0.7642E+01  0.3598E+02
   1.001  0.7654E+01  0.3605E+02
   1.011  0.7665E+01  0.3613E+02
   1.021  0.7676E+01  0.3621E+02
   1.031  0.7687E+01  0.3628E+02
   1.041  0.7697E+01  0.3636E+02
   1.051  0.7707E+01  0.3644E+02
   1.061  0.7717E+01  0.3651E+02
   1.071  0.7727E+01  0.3659E+02
   1.081  0.7737E+01  0.3667E+02
   1.091  0.7746E+01  0.3675E+02
   1.101  0.7755E+01  0.3682E+02
   1.111  0.7763E+01  0.3690E+02
   1.121  0.7771E+01  0.3698E+02
   1.131  0.7779E+01  0.3706E+02
   1.141  0.7787E+01  0.3713E+02
   1.151  0.7794E+01  0.3721E+02
   1.161  0.7801E+01  0.3729E+02
   1.171  0.7807E+01  0.3737E+02
   1.181  0.7813E+01  0.3745E+02
   1.191  0.7819E+01  0.3752E+02
   1.201  0.7824E+01  0.3760E+02
   1.211  0.7829E+01  0.3768E+02
   1.221  0.7833E+01  0.3776E+02
   1.231  0.7837E+01  0.3784E+02
   1.241  0.7841E+01  0.3792E+02
   1.251  0.7844E+01  0.3799E+02
   1.261  0.7847E+01  0.3807E+02
   1.271  0.7849E+01  0.3815E+02
   1.281  0.7851E+01  0.3823E+02
   1.291  0.7852E+01  0.3831E+02
   1.301  0.7853E+01  0.3839E+02
   1.311  0.7853E+01  0.3847E+02
   1.321  0.7853E+01  0.3854E+02
   1.331  0.7852E+01  0.3862E+02
   1.341  0.7851E+01  0.3870E+02
   1.351  0.7850E+01  0.3878E+02
   1.361  0.7847E+01  0.3886E+02
   1.371  0.7845E+01  0.3894E+02
   1.381  0.7842E+01  0.3902E+02
   1.391  0.7838E+01  0.3909E+02
   1.401  0.7834E+01  0.3917E+02
   1.411  0.7829E+01  0.3925E+02
   1.421  0.7824E+01  0.3933E+02
   1.431  0.7818E+01  0.3941E+02
   1.441  0.7812E+01  0.3948E+02
   1.451  0.7805E+01  0.3956E+02
   1.461  0.7798E+01  0.3964E+02
   1.471  0.7790E+01  0.3972E+02
   1.481  0.7782E+01  0.3980E+02
   1.491  0.7773E+01  0.3987E+02
   1.501  0.7764E+01  0.3995E+02
   1.511  0.7754E+01  0.4003E+02
   1.521  0.7744E+01  0.4011E+02
   1.531  0.7733E+01  0.4018E+02
   1.541  0.7722E+01  0.4026E+02
   1.551  0.7710E+01  0.4034E+02
   1.561  0.7698E+01  0.4042E+02
   1.571  0.7685E+01  0.4049E+02
   1.581  0.7672E+01  0.4057E+02
   1.591  0.7658E+01  0.4065E+02
   1.601  0.7644E+01  0.4072E+02
   1.611  0.7629E+01  0.4080E+02
   1.621  0.7614E+01  0.4087E+02
   1.631  0.7599E+01  0.4095E+02
   1.641  0.7583E+01  0.4103E+02
   1.651  0.7566E+01  0.4110E+02
   1.661  0.7549E+01  0.4118E+02
   1.671  0.7532E+01  0.4125E+02
   1.681  0.7514E+01  0.4133E+02
   1.691  0.7495E+01  0.4140E+02
   1.701  0.7477E+01  0.4148E+02
   1.711  0.7457E+01  0.4155E+02
   1.721  0.7438E+01  0.4163E+02
   1.731  0.7417E+01  0.4170E+02
   1.741  0.7397E+01  0.4177E+02
   1.751  0.7376E+01  0.4185E+02
   1.761  0.7354E+01  0.4192E+02
   1.771  0.7332E+01  0.4200E+02
   1.781  0.7310E+01  0.4207E+02
   1.791  0.7287E+01  0.4214E+02
   1.801  0.7264E+01  0.4221E+02
   1.811  0.7240E+01  0.4229E+02
   1.821  0.7216E+01  0.4236E+02
   1.831  0.7191E+01  0.4243E+02
   1.841  0.7166E+01  0.4250E+02
   1.851  0.7141E+01  0.4257E+02
   1.861  0.7115E+01  0.4264E+02
   1.871  0.7088E+01  0.4272E+02
   1.881  0.7061E+01  0.4279E+02
   1.891  0.7034E+01  0.4286E+02
   1.901  0.7006E+01  0.4293E+02
   1.911  0.6977E+01  0.4300E+02
   1.921  0.6949E+01  0.4307E+02
   1.931  0.6919E+01  0.4314E+02
   1.941  0.6889E+01  0.4320E+02
   1.951  0.6859E+01  0.4327E+02
   1.961  0.6828E+01  0.4334E+02
   1.971  0.6796E+01  0.4341E+02
   1.981  0.6764E+01  0.4348E+02
   1.991  0.6732E+01  0.4354E+02
   2.001  0.6699E+01  0.4361E+02
   2.011  0.6665E+01  0.4368E+02
   2.021  0.6631E+01  0.4374E+02
   2.031  0.6596E+01  0.4381E+02
   2.041  0.6561E+01  0.4388E+02
   2.051  0.6525E+01  0.4394E+02
   2.061  0.6488E+01  0.4401E+02
   2.071  0.6451E+01  0.4407E+02
   2.081  0.6413E+01  0.4413E+02
   2.091  0.6375E+01  0.4420E+02
   2.101  0.6336E+01  0.4426E+02
   2.111  0.6296E+01  0.4432E+02
   2.121  0.6255E+01  0.4439E+02
   2.131  0.6214E+01  0.4445E+02
   2.141  0.6173E+01  0.4451E+02
   2.151  0.6130E+01  0.4457E+02
   2.161  0.6087E+01  0.4463E+02
   2.171  0.6043E+01  0.4469E+02
   2.181  0.5999E+01  0.4475E+02
   2.191  0.5954E+01  0.4481E+02
   2.201  0.5908E+01  0.4487E+02
   2.211  0.5861E+01  0.4493E+02
   2.221  0.5814E+01  0.4499E+02
   2.231  0.5766E+01  0.4505E+02
   2.241  0.5718E+01  0.4510E+02
   2.251  0.5668E+01  0.4516E+02
   2.261  0.5618E+01  0.4522E+02
   2.271  0.5567E+01  0.4527E+02
   2.281  0.5516E+01  0.4533E+02
   2.291  0.5464E+01  0.4538E+02
   2.301  0.5411E+01  0.4544E+02
   2.311  0.5357E+01  0.4549E+02
   2.321  0.5303E+01  0.4554E+02
   2.331  0.5248E+01  0.4559E+02
   2.341  0.5193E+01  0.4565E+02
   2.351  0.5137E+01  0.4570E+02
   2.361  0.5080E+01  0.4575E+02
   2.371  0.5023E+01  0.4580E+02
   2.381  0.4965E+01  0.4585E+02
   2.391  0.4906E+01  0.4590E+02
   2.401  0.4847E+01  0.4595E+02
   2.411  0.4787E+01  0.4599E+02
   2.421  0.4727E+01  0.4604E+02
   2.431  0.4666E+01  0.4609E+02
   2.441  0.4605E+01  0.4613E+02
   2.451  0.4543E+01  0.4618E+02
   2.461  0.4481E+01  0.4622E+02
   2.471  0.4419E+01  0.4627E+02
   2.481  0.4356E+01  0.4631E+02
   2.491  0.4292E+01  0.4636E+02
   2.501  0.4228E+01  0.4640E+02
   2.511  0.4164E+01  0.4644E+02
   2.521  0.4100E+01  0.4648E+02
   2.531  0.4036E+01  0.4652E+02
   2.541  0.3971E+01  0.4656E+02
   2.551  0.3906E+01  0.4660E+02
   2.561  0.3840E+01  0.4664E+02
   2.571  0.3775E+01  0.4668E+02
   2.581  0.3710E+01  0.4671E+02
   2.591  0.3644E+01  0.4675E+02
   2.601  0.3578E+01  0.4678E+02
   2.611  0.3513E+01  0.4682E+02
   2.621  0.3447E+01  0.4685E+02
   2.631  0.3382E+01  0.4689E+02
   2.641  0.3316E+01  0.4692E+02
   2.651  0.3251E+01  0.4695E+02
   2.661  0.3186E+01  0.4699E+02
   2.671  0.3121E+01  0.4702E+02
   2.681  0.3056E+01  0.4705E+02
   2.691  0.2991E+01  0.4708E+02
   2.701  0.2927E+01  0.4711E+02
   2.711  0.2863E+01  0.4714E+02
   2.721  0.2800E+01  0.4716E+02
   2.731  0.2736E+01  0.4719E+02
   2.741  0.2674E+01  0.4722E+02
   2.751  0.2611E+01  0.4724E+02
   2.761  0.2549E+01  0.4727E+02
   2.771  0.2488E+01  0.4729E+02
   2.781  0.2427E+01  0.4732E+02
   2.791  0.2367E+01  0.4734E+02
   2.801  0.2307E+01  0.4736E+02
   2.811  0.2248E+01  0.4739E+02
   2.821  0.2190E+01  0.4741E+02
   2.831  0.2132E+01  0.4743E+02
   2.841  0.2075E+01  0.4745E+02
   2.851  0.2019E+01  0.4747E+02
   2.861  0.1963E+01  0.4749E+02
   2.871  0.1908E+01  0.4751E+02
   2.881  0.1854E+01  0.4753E+02
   2.891  0.1801E+01  0.4755E+02
   2.901  0.1748E+01  0.4756E+02
   2.911  0.1696E+01  0.4758E+02
   2.921  0.1645E+01  0.4760E+02
   2.931  0.1595E+01  0.4761E+02
   2.941  0.1546E+01  0.4763E+02
   2.951  0.1498E+01  0.4764E+02
   2.961  0.1451E+01  0.4766E+02
   2.971  0.1404E+01  0.4767E+02
   2.981  0.1359E+01  0.4769E+02
   2.991  0.1314E+01  0.4770E+02
   3.001  0.1270E+01  0.4771E+02
   3.011  0.1227E+01  0.4772E+02
   3.021  0.1185E+01  0.4774E+02
   3.031  0.1144E+01  0.4775E+02
   3.041  0.1104E+01  0.4776E+02
   3.051  0.1065E+01  0.4777E+02
   3.061  0.1027E+01  0.4778E+02
   3.071  0.9898E+00  0.4779E+02
   3.081  0.9535E+00  0.4780E+02
   3.091  0.9181E+00  0.4781E+02
   3.101  0.8836E+00  0.4782E+02
   3.111  0.8500E+00  0.4783E+02
   3.121  0.8173E+00  0.4783E+02
   3.131  0.7856E+00  0.4784E+02
   3.141  0.7547E+00  0.4785E+02
   3.151  0.7247E+00  0.4786E+02
   3.161  0.6956E+00  0.4786E+02
   3.171  0.6673E+00  0.4787E+02
   3.181  0.6399E+00  0.4788E+02
   3.191  0.6134E+00  0.4788E+02
   3.201  0.5876E+00  0.4789E+02
   3.211  0.5627E+00  0.4789E+02
   3.221  0.5386E+00  0.4790E+02
   3.231  0.5153E+00  0.4790E+02
   3.241  0.4928E+00  0.4791E+02
   3.251  0.4710E+00  0.4791E+02
   3.261  0.4500E+00  0.4792E+02
   3.271  0.4298E+00  0.4792E+02
   3.281  0.4102E+00  0.4793E+02
   3.291  0.3914E+00  0.4793E+02
   3.301  0.3732E+00  0.4793E+02
   3.311  0.3557E+00  0.4794E+02
   3.321  0.3389E+00  0.4794E+02
   3.331  0.3227E+00  0.4794E+02
   3.341  0.3072E+00  0.4795E+02
   3.351  0.2922E+00  0.4795E+02
   3.361  0.2779E+00  0.4795E+02
   3.371  0.2641E+00  0.4796E+02
   3.381  0.2509E+00  0.4796E+02
   3.391  0.2382E+00  0.4796E+02
   3.401  0.2261E+00  0.4796E+02
   3.411  0.2145E+00  0.4797E+02
   3.421  0.2034E+00  0.4797E+02
   3.431  0.1927E+00  0.4797E+02
   3.441  0.1826E+00  0.4797E+02
   3.451  0.1729E+00  0.4797E+02
   3.461  0.1636E+00  0.4797E+02
   3.471  0.1547E+00  0.4798E+02
   3.481  0.1463E+00  0.4798E+02
   3.491  0.1383E+00  0.4798E+02
   3.501  0.1306E+00  0.4798E+02
   3.511  0.1233E+00  0.4798E+02
   3.521  0.1163E+00  0.4798E+02
   3.531  0.1097E+00  0.4798E+02
   3.541  0.1034E+00  0.4798E+02
   3.551  0.9745E-01  0.4799E+02
   3.561  0.9178E-01  0.4799E+02
   3.571  0.8639E-01  0.4799E+02
   3.581  0.8128E-01  0.4799E+02
   3.591  0.7643E-01  0.4799E+02
   3.601  0.7184E-01  0.4799E+02
   3.611  0.6749E-01  0.4799E+02
   3.621  0.6338E-01  0.4799E+02
   3.631  0.5948E-01  0.4799E+02
   3.641  0.5580E-01  0.4799E+02
   3.651  0.5232E-01  0.4799E+02
   3.661  0.4903E-01  0.4799E+02
   3.671  0.4593E-01  0.4799E+02
   3.681  0.4300E-01  0.4799E+02
   3.691  0.4023E-01  0.4799E+02
   3.701  0.3763E-01  0.4800E+02
   3.711  0.3518E-01  0.4800E+02
   3.721  0.3287E-01  0.4800E+02
   3.731  0.3070E-01  0.4800E+02
   3.741  0.2866E-01  0.4800E+02
   3.751  0.2674E-01  0.4800E+02
   3.761  0.2493E-01  0.4800E+02
   3.771  0.2324E-01  0.4800E+02
   3.781  0.2165E-01  0.4800E+02
   3.791  0.2016E-01  0.4800E+02
   3.801  0.1876E-01  0.4800E+02
   3.811  0.1745E-01  0.4800E+02
   3.821  0.1622E-01  0.4800E+02
   3.831  0.1508E-01  0.4800E+02
   3.841  0.1400E-01  0.4800E+02
   3.851  0.1300E-01  0.4800E+02
   3.861  0.1206E-01  0.4800E+02
   3.871  0.1119E-01  0.4800E+02
   3.881  0.1037E-01  0.4800E+02
   3.891  0.9606E-02  0.4800E+02
   3.901  0.8896E-02  0.4800E+02
   3.911  0.8233E-02  0.4800E+02
   3.921  0.7616E-02  0.4800E+02
   3.931  0.7042E-02  0.4800E+02
   3.941  0.6508E-02  0.4800E+02
   3.951  0.6011E-02  0.4800E+02
   3.961  0.5550E-02  0.4800E+02
   3.971  0.5121E-02  0.4800E+02
   3.981  0.4723E-02  0.4800E+02
   3.991  0.4354E-02  0.4800E+02
