#  E (eV)   dos(E)     Int dos(E) EFermi =   2.581 eV
 -18.609  0.1311E-04  0.1311E-06
 -18.599  0.1454E-04  0.2766E-06
 -18.589  0.1612E-04  0.4377E-06
 -18.579  0.1786E-04  0.6163E-06
 -18.569  0.1977E-04  0.8140E-06
 -18.559  0.2189E-04  0.1033E-05
 -18.549  0.2421E-04  0.1275E-05
 -18.539  0.2677E-04  0.1543E-05
 -18.529  0.2959E-04  0.1839E-05
 -18.519  0.3269E-04  0.2166E-05
 -18.509  0.3610E-04  0.2527E-05
 -18.499  0.3985E-04  0.2925E-05
 -18.489  0.4396E-04  0.3365E-05
 -18.479  0.4848E-04  0.3850E-05
 -18.469  0.5343E-04  0.4384E-05
 -18.459  0.5887E-04  0.4973E-05
 -18.449  0.6483E-04  0.5621E-05
 -18.439  0.7135E-04  0.6334E-05
 -18.429  0.7850E-04  0.7119E-05
 -18.419  0.8633E-04  0.7983E-05
 -18.409  0.9489E-04  0.8932E-05
 -18.399  0.1042E-03  0.9974E-05
 -18.389  0.1145E-03  0.1112E-04
 -18.379  0.1257E-03  0.1238E-04
 -18.369  0.1379E-03  0.1375E-04
 -18.359  0.1512E-03  0.1527E-04
 -18.349  0.1657E-03  0.1692E-04
 -18.339  0.1816E-03  0.1874E-04
 -18.329  0.1989E-03  0.2073E-04
 -18.319  0.2177E-03  0.2290E-04
 -18.309  0.2382E-03  0.2529E-04
 -18.299  0.2605E-03  0.2789E-04
 -18.289  0.2848E-03  0.3074E-04
 -18.279  0.3111E-03  0.3385E-04
 -18.269  0.3398E-03  0.3725E-04
 -18.259  0.3710E-03  0.4096E-04
 -18.249  0.4048E-03  0.4501E-04
 -18.239  0.4415E-03  0.4942E-04
 -18.229  0.4813E-03  0.5423E-04
 -18.219  0.5245E-03  0.5948E-04
 -18.209  0.5713E-03  0.6519E-04
 -18.199  0.6220E-03  0.7141E-04
 -18.189  0.6768E-03  0.7818E-04
 -18.179  0.7362E-03  0.8554E-04
 -18.169  0.8005E-03  0.9355E-04
 -18.159  0.8699E-03  0.1022E-03
 -18.149  0.9450E-03  0.1117E-03
 -18.139  0.1026E-02  0.1220E-03
 -18.129  0.1114E-02  0.1331E-03
 -18.119  0.1208E-02  0.1452E-03
 -18.109  0.1310E-02  0.1583E-03
 -18.099  0.1420E-02  0.1725E-03
 -18.089  0.1538E-02  0.1878E-03
 -18.079  0.1665E-02  0.2045E-03
 -18.069  0.1803E-02  0.2225E-03
 -18.059  0.1950E-02  0.2420E-03
 -18.049  0.2109E-02  0.2631E-03
 -18.039  0.2280E-02  0.2859E-03
 -18.029  0.2463E-02  0.3106E-03
 -18.019  0.2660E-02  0.3372E-03
 -18.009  0.2872E-02  0.3659E-03
 -17.999  0.3099E-02  0.3969E-03
 -17.989  0.3342E-02  0.4303E-03
 -17.979  0.3603E-02  0.4663E-03
 -17.969  0.3883E-02  0.5052E-03
 -17.959  0.4182E-02  0.5470E-03
 -17.949  0.4503E-02  0.5920E-03
 -17.939  0.4846E-02  0.6405E-03
 -17.929  0.5212E-02  0.6926E-03
 -17.919  0.5604E-02  0.7486E-03
 -17.909  0.6023E-02  0.8089E-03
 -17.899  0.6471E-02  0.8736E-03
 -17.889  0.6948E-02  0.9430E-03
 -17.879  0.7458E-02  0.1018E-02
 -17.869  0.8001E-02  0.1098E-02
 -17.859  0.8580E-02  0.1183E-02
 -17.849  0.9197E-02  0.1275E-02
 -17.839  0.9854E-02  0.1374E-02
 -17.829  0.1055E-01  0.1479E-02
 -17.819  0.1130E-01  0.1592E-02
 -17.809  0.1209E-01  0.1713E-02
 -17.799  0.1293E-01  0.1843E-02
 -17.789  0.1382E-01  0.1981E-02
 -17.779  0.1477E-01  0.2128E-02
 -17.769  0.1578E-01  0.2286E-02
 -17.759  0.1684E-01  0.2455E-02
 -17.749  0.1797E-01  0.2634E-02
 -17.739  0.1917E-01  0.2826E-02
 -17.729  0.2044E-01  0.3031E-02
 -17.719  0.2179E-01  0.3248E-02
 -17.709  0.2321E-01  0.3481E-02
 -17.699  0.2472E-01  0.3728E-02
 -17.689  0.2631E-01  0.3991E-02
 -17.679  0.2799E-01  0.4271E-02
 -17.669  0.2977E-01  0.4569E-02
 -17.659  0.3165E-01  0.4885E-02
 -17.649  0.3362E-01  0.5221E-02
 -17.639  0.3571E-01  0.5578E-02
 -17.629  0.3791E-01  0.5957E-02
 -17.619  0.4023E-01  0.6360E-02
 -17.609  0.4267E-01  0.6787E-02
 -17.599  0.4524E-01  0.7239E-02
 -17.589  0.4795E-01  0.7718E-02
 -17.579  0.5079E-01  0.8226E-02
 -17.569  0.5378E-01  0.8764E-02
 -17.559  0.5692E-01  0.9333E-02
 -17.549  0.6021E-01  0.9935E-02
 -17.539  0.6367E-01  0.1057E-01
 -17.529  0.6730E-01  0.1125E-01
 -17.519  0.7111E-01  0.1196E-01
 -17.509  0.7509E-01  0.1271E-01
 -17.499  0.7927E-01  0.1350E-01
 -17.489  0.8364E-01  0.1434E-01
 -17.479  0.8822E-01  0.1522E-01
 -17.469  0.9301E-01  0.1615E-01
 -17.459  0.9801E-01  0.1713E-01
 -17.449  0.1032E+00  0.1816E-01
 -17.439  0.1087E+00  0.1925E-01
 -17.429  0.1144E+00  0.2039E-01
 -17.419  0.1203E+00  0.2160E-01
 -17.409  0.1265E+00  0.2286E-01
 -17.399  0.1330E+00  0.2419E-01
 -17.389  0.1397E+00  0.2559E-01
 -17.379  0.1467E+00  0.2706E-01
 -17.369  0.1540E+00  0.2860E-01
 -17.359  0.1616E+00  0.3021E-01
 -17.349  0.1695E+00  0.3191E-01
 -17.339  0.1777E+00  0.3368E-01
 -17.329  0.1862E+00  0.3555E-01
 -17.319  0.1951E+00  0.3750E-01
 -17.309  0.2042E+00  0.3954E-01
 -17.299  0.2137E+00  0.4168E-01
 -17.289  0.2236E+00  0.4391E-01
 -17.279  0.2338E+00  0.4625E-01
 -17.269  0.2444E+00  0.4869E-01
 -17.259  0.2553E+00  0.5125E-01
 -17.249  0.2666E+00  0.5391E-01
 -17.239  0.2783E+00  0.5670E-01
 -17.229  0.2904E+00  0.5960E-01
 -17.219  0.3029E+00  0.6263E-01
 -17.209  0.3158E+00  0.6579E-01
 -17.199  0.3291E+00  0.6908E-01
 -17.189  0.3428E+00  0.7251E-01
 -17.179  0.3569E+00  0.7607E-01
 -17.169  0.3715E+00  0.7979E-01
 -17.159  0.3865E+00  0.8365E-01
 -17.149  0.4019E+00  0.8767E-01
 -17.139  0.4177E+00  0.9185E-01
 -17.129  0.4341E+00  0.9619E-01
 -17.119  0.4508E+00  0.1007E+00
 -17.109  0.4680E+00  0.1054E+00
 -17.099  0.4857E+00  0.1102E+00
 -17.089  0.5038E+00  0.1153E+00
 -17.079  0.5224E+00  0.1205E+00
 -17.069  0.5414E+00  0.1259E+00
 -17.059  0.5609E+00  0.1315E+00
 -17.049  0.5809E+00  0.1373E+00
 -17.039  0.6013E+00  0.1433E+00
 -17.029  0.6222E+00  0.1496E+00
 -17.019  0.6435E+00  0.1560E+00
 -17.009  0.6653E+00  0.1627E+00
 -16.999  0.6876E+00  0.1695E+00
 -16.989  0.7103E+00  0.1766E+00
 -16.979  0.7334E+00  0.1840E+00
 -16.969  0.7571E+00  0.1915E+00
 -16.959  0.7811E+00  0.1993E+00
 -16.949  0.8056E+00  0.2074E+00
 -16.939  0.8305E+00  0.2157E+00
 -16.929  0.8559E+00  0.2243E+00
 -16.919  0.8817E+00  0.2331E+00
 -16.909  0.9079E+00  0.2422E+00
 -16.899  0.9345E+00  0.2515E+00
 -16.889  0.9615E+00  0.2611E+00
 -16.879  0.9889E+00  0.2710E+00
 -16.869  0.1017E+01  0.2812E+00
 -16.859  0.1045E+01  0.2916E+00
 -16.849  0.1073E+01  0.3024E+00
 -16.839  0.1102E+01  0.3134E+00
 -16.829  0.1131E+01  0.3247E+00
 -16.819  0.1161E+01  0.3363E+00
 -16.809  0.1191E+01  0.3482E+00
 -16.799  0.1221E+01  0.3604E+00
 -16.789  0.1251E+01  0.3729E+00
 -16.779  0.1282E+01  0.3857E+00
 -16.769  0.1313E+01  0.3989E+00
 -16.759  0.1344E+01  0.4123E+00
 -16.749  0.1375E+01  0.4261E+00
 -16.739  0.1407E+01  0.4401E+00
 -16.729  0.1439E+01  0.4545E+00
 -16.719  0.1470E+01  0.4692E+00
 -16.709  0.1503E+01  0.4842E+00
 -16.699  0.1535E+01  0.4996E+00
 -16.689  0.1567E+01  0.5153E+00
 -16.679  0.1600E+01  0.5313E+00
 -16.669  0.1632E+01  0.5476E+00
 -16.659  0.1665E+01  0.5642E+00
 -16.649  0.1697E+01  0.5812E+00
 -16.639  0.1730E+01  0.5985E+00
 -16.629  0.1763E+01  0.6161E+00
 -16.619  0.1795E+01  0.6341E+00
 -16.609  0.1828E+01  0.6524E+00
 -16.599  0.1861E+01  0.6710E+00
 -16.589  0.1893E+01  0.6899E+00
 -16.579  0.1926E+01  0.7092E+00
 -16.569  0.1958E+01  0.7287E+00
 -16.559  0.1990E+01  0.7486E+00
 -16.549  0.2022E+01  0.7688E+00
 -16.539  0.2054E+01  0.7894E+00
 -16.529  0.2086E+01  0.8102E+00
 -16.519  0.2117E+01  0.8314E+00
 -16.509  0.2148E+01  0.8529E+00
 -16.499  0.2179E+01  0.8747E+00
 -16.489  0.2210E+01  0.8968E+00
 -16.479  0.2241E+01  0.9192E+00
 -16.469  0.2271E+01  0.9419E+00
 -16.459  0.2301E+01  0.9649E+00
 -16.449  0.2330E+01  0.9882E+00
 -16.439  0.2359E+01  0.1012E+01
 -16.429  0.2388E+01  0.1036E+01
 -16.419  0.2417E+01  0.1060E+01
 -16.409  0.2445E+01  0.1084E+01
 -16.399  0.2473E+01  0.1109E+01
 -16.389  0.2500E+01  0.1134E+01
 -16.379  0.2527E+01  0.1159E+01
 -16.369  0.2553E+01  0.1185E+01
 -16.359  0.2579E+01  0.1211E+01
 -16.349  0.2605E+01  0.1237E+01
 -16.339  0.2630E+01  0.1263E+01
 -16.329  0.2654E+01  0.1290E+01
 -16.319  0.2678E+01  0.1316E+01
 -16.309  0.2702E+01  0.1343E+01
 -16.299  0.2725E+01  0.1371E+01
 -16.289  0.2748E+01  0.1398E+01
 -16.279  0.2770E+01  0.1426E+01
 -16.269  0.2791E+01  0.1454E+01
 -16.259  0.2812E+01  0.1482E+01
 -16.249  0.2833E+01  0.1510E+01
 -16.239  0.2853E+01  0.1539E+01
 -16.229  0.2872E+01  0.1567E+01
 -16.219  0.2891E+01  0.1596E+01
 -16.209  0.2910E+01  0.1625E+01
 -16.199  0.2927E+01  0.1655E+01
 -16.189  0.2945E+01  0.1684E+01
 -16.179  0.2961E+01  0.1714E+01
 -16.169  0.2978E+01  0.1743E+01
 -16.159  0.2993E+01  0.1773E+01
 -16.149  0.3009E+01  0.1803E+01
 -16.139  0.3023E+01  0.1834E+01
 -16.129  0.3038E+01  0.1864E+01
 -16.119  0.3051E+01  0.1895E+01
 -16.109  0.3065E+01  0.1925E+01
 -16.099  0.3077E+01  0.1956E+01
 -16.089  0.3090E+01  0.1987E+01
 -16.079  0.3101E+01  0.2018E+01
 -16.069  0.3113E+01  0.2049E+01
 -16.059  0.3124E+01  0.2080E+01
 -16.049  0.3134E+01  0.2112E+01
 -16.039  0.3144E+01  0.2143E+01
 -16.029  0.3154E+01  0.2175E+01
 -16.019  0.3163E+01  0.2206E+01
 -16.009  0.3172E+01  0.2238E+01
 -15.999  0.3181E+01  0.2270E+01
 -15.989  0.3189E+01  0.2302E+01
 -15.979  0.3197E+01  0.2334E+01
 -15.969  0.3205E+01  0.2366E+01
 -15.959  0.3212E+01  0.2398E+01
 -15.949  0.3219E+01  0.2430E+01
 -15.939  0.3226E+01  0.2462E+01
 -15.929  0.3232E+01  0.2495E+01
 -15.919  0.3239E+01  0.2527E+01
 -15.909  0.3245E+01  0.2559E+01
 -15.899  0.3251E+01  0.2592E+01
 -15.889  0.3257E+01  0.2625E+01
 -15.879  0.3263E+01  0.2657E+01
 -15.869  0.3268E+01  0.2690E+01
 -15.859  0.3274E+01  0.2723E+01
 -15.849  0.3280E+01  0.2755E+01
 -15.839  0.3285E+01  0.2788E+01
 -15.829  0.3291E+01  0.2821E+01
 -15.819  0.3296E+01  0.2854E+01
 -15.809  0.3302E+01  0.2887E+01
 -15.799  0.3308E+01  0.2920E+01
 -15.789  0.3314E+01  0.2953E+01
 -15.779  0.3320E+01  0.2987E+01
 -15.769  0.3326E+01  0.3020E+01
 -15.759  0.3332E+01  0.3053E+01
 -15.749  0.3339E+01  0.3086E+01
 -15.739  0.3346E+01  0.3120E+01
 -15.729  0.3353E+01  0.3153E+01
 -15.719  0.3360E+01  0.3187E+01
 -15.709  0.3368E+01  0.3221E+01
 -15.699  0.3376E+01  0.3255E+01
 -15.689  0.3384E+01  0.3288E+01
 -15.679  0.3393E+01  0.3322E+01
 -15.669  0.3402E+01  0.3356E+01
 -15.659  0.3412E+01  0.3390E+01
 -15.649  0.3422E+01  0.3425E+01
 -15.639  0.3433E+01  0.3459E+01
 -15.629  0.3444E+01  0.3493E+01
 -15.619  0.3456E+01  0.3528E+01
 -15.609  0.3468E+01  0.3563E+01
 -15.599  0.3481E+01  0.3597E+01
 -15.589  0.3495E+01  0.3632E+01
 -15.579  0.3510E+01  0.3668E+01
 -15.569  0.3525E+01  0.3703E+01
 -15.559  0.3540E+01  0.3738E+01
 -15.549  0.3557E+01  0.3774E+01
 -15.539  0.3574E+01  0.3809E+01
 -15.529  0.3592E+01  0.3845E+01
 -15.519  0.3611E+01  0.3882E+01
 -15.509  0.3631E+01  0.3918E+01
 -15.499  0.3651E+01  0.3954E+01
 -15.489  0.3672E+01  0.3991E+01
 -15.479  0.3694E+01  0.4028E+01
 -15.469  0.3718E+01  0.4065E+01
 -15.459  0.3741E+01  0.4103E+01
 -15.449  0.3766E+01  0.4140E+01
 -15.439  0.3792E+01  0.4178E+01
 -15.429  0.3819E+01  0.4216E+01
 -15.419  0.3846E+01  0.4255E+01
 -15.409  0.3875E+01  0.4294E+01
 -15.399  0.3905E+01  0.4333E+01
 -15.389  0.3935E+01  0.4372E+01
 -15.379  0.3967E+01  0.4412E+01
 -15.369  0.3999E+01  0.4452E+01
 -15.359  0.4032E+01  0.4492E+01
 -15.349  0.4067E+01  0.4533E+01
 -15.339  0.4102E+01  0.4574E+01
 -15.329  0.4138E+01  0.4615E+01
 -15.319  0.4175E+01  0.4657E+01
 -15.309  0.4213E+01  0.4699E+01
 -15.299  0.4252E+01  0.4741E+01
 -15.289  0.4292E+01  0.4784E+01
 -15.279  0.4333E+01  0.4828E+01
 -15.269  0.4374E+01  0.4871E+01
 -15.259  0.4417E+01  0.4916E+01
 -15.249  0.4460E+01  0.4960E+01
 -15.239  0.4504E+01  0.5005E+01
 -15.229  0.4548E+01  0.5051E+01
 -15.219  0.4594E+01  0.5097E+01
 -15.209  0.4640E+01  0.5143E+01
 -15.199  0.4687E+01  0.5190E+01
 -15.189  0.4734E+01  0.5237E+01
 -15.179  0.4782E+01  0.5285E+01
 -15.169  0.4831E+01  0.5333E+01
 -15.159  0.4880E+01  0.5382E+01
 -15.149  0.4929E+01  0.5431E+01
 -15.139  0.4979E+01  0.5481E+01
 -15.129  0.5029E+01  0.5532E+01
 -15.119  0.5080E+01  0.5582E+01
 -15.109  0.5131E+01  0.5634E+01
 -15.099  0.5182E+01  0.5685E+01
 -15.089  0.5233E+01  0.5738E+01
 -15.079  0.5284E+01  0.5791E+01
 -15.069  0.5335E+01  0.5844E+01
 -15.059  0.5386E+01  0.5898E+01
 -15.049  0.5437E+01  0.5952E+01
 -15.039  0.5488E+01  0.6007E+01
 -15.029  0.5538E+01  0.6062E+01
 -15.019  0.5588E+01  0.6118E+01
 -15.009  0.5638E+01  0.6175E+01
 -14.999  0.5688E+01  0.6232E+01
 -14.989  0.5736E+01  0.6289E+01
 -14.979  0.5784E+01  0.6347E+01
 -14.969  0.5832E+01  0.6405E+01
 -14.959  0.5878E+01  0.6464E+01
 -14.949  0.5924E+01  0.6523E+01
 -14.939  0.5969E+01  0.6583E+01
 -14.929  0.6013E+01  0.6643E+01
 -14.919  0.6056E+01  0.6704E+01
 -14.909  0.6097E+01  0.6765E+01
 -14.899  0.6137E+01  0.6826E+01
 -14.889  0.6176E+01  0.6888E+01
 -14.879  0.6214E+01  0.6950E+01
 -14.869  0.6250E+01  0.7012E+01
 -14.859  0.6285E+01  0.7075E+01
 -14.849  0.6318E+01  0.7138E+01
 -14.839  0.6349E+01  0.7202E+01
 -14.829  0.6379E+01  0.7266E+01
 -14.819  0.6407E+01  0.7330E+01
 -14.809  0.6433E+01  0.7394E+01
 -14.799  0.6457E+01  0.7459E+01
 -14.789  0.6479E+01  0.7523E+01
 -14.779  0.6498E+01  0.7588E+01
 -14.769  0.6516E+01  0.7654E+01
 -14.759  0.6532E+01  0.7719E+01
 -14.749  0.6545E+01  0.7784E+01
 -14.739  0.6556E+01  0.7850E+01
 -14.729  0.6565E+01  0.7915E+01
 -14.719  0.6571E+01  0.7981E+01
 -14.709  0.6575E+01  0.8047E+01
 -14.699  0.6577E+01  0.8113E+01
 -14.689  0.6576E+01  0.8178E+01
 -14.679  0.6572E+01  0.8244E+01
 -14.669  0.6566E+01  0.8310E+01
 -14.659  0.6558E+01  0.8375E+01
 -14.649  0.6547E+01  0.8441E+01
 -14.639  0.6533E+01  0.8506E+01
 -14.629  0.6517E+01  0.8571E+01
 -14.619  0.6498E+01  0.8636E+01
 -14.609  0.6477E+01  0.8701E+01
 -14.599  0.6453E+01  0.8766E+01
 -14.589  0.6426E+01  0.8830E+01
 -14.579  0.6397E+01  0.8894E+01
 -14.569  0.6365E+01  0.8958E+01
 -14.559  0.6331E+01  0.9021E+01
 -14.549  0.6294E+01  0.9084E+01
 -14.539  0.6255E+01  0.9146E+01
 -14.529  0.6213E+01  0.9209E+01
 -14.519  0.6169E+01  0.9270E+01
 -14.509  0.6123E+01  0.9331E+01
 -14.499  0.6074E+01  0.9392E+01
 -14.489  0.6023E+01  0.9452E+01
 -14.479  0.5969E+01  0.9512E+01
 -14.469  0.5914E+01  0.9571E+01
 -14.459  0.5856E+01  0.9630E+01
 -14.449  0.5796E+01  0.9688E+01
 -14.439  0.5734E+01  0.9745E+01
 -14.429  0.5671E+01  0.9802E+01
 -14.419  0.5605E+01  0.9858E+01
 -14.409  0.5538E+01  0.9913E+01
 -14.399  0.5469E+01  0.9968E+01
 -14.389  0.5398E+01  0.1002E+02
 -14.379  0.5325E+01  0.1008E+02
 -14.369  0.5251E+01  0.1013E+02
 -14.359  0.5176E+01  0.1018E+02
 -14.349  0.5100E+01  0.1023E+02
 -14.339  0.5022E+01  0.1028E+02
 -14.329  0.4943E+01  0.1033E+02
 -14.319  0.4862E+01  0.1038E+02
 -14.309  0.4781E+01  0.1043E+02
 -14.299  0.4699E+01  0.1047E+02
 -14.289  0.4616E+01  0.1052E+02
 -14.279  0.4533E+01  0.1056E+02
 -14.269  0.4449E+01  0.1061E+02
 -14.259  0.4364E+01  0.1065E+02
 -14.249  0.4278E+01  0.1070E+02
 -14.239  0.4193E+01  0.1074E+02
 -14.229  0.4107E+01  0.1078E+02
 -14.219  0.4021E+01  0.1082E+02
 -14.209  0.3934E+01  0.1086E+02
 -14.199  0.3848E+01  0.1090E+02
 -14.189  0.3762E+01  0.1093E+02
 -14.179  0.3675E+01  0.1097E+02
 -14.169  0.3589E+01  0.1101E+02
 -14.159  0.3504E+01  0.1104E+02
 -14.149  0.3418E+01  0.1108E+02
 -14.139  0.3333E+01  0.1111E+02
 -14.129  0.3249E+01  0.1114E+02
 -14.119  0.3165E+01  0.1117E+02
 -14.109  0.3081E+01  0.1120E+02
 -14.099  0.2999E+01  0.1123E+02
 -14.089  0.2917E+01  0.1126E+02
 -14.079  0.2836E+01  0.1129E+02
 -14.069  0.2755E+01  0.1132E+02
 -14.059  0.2676E+01  0.1135E+02
 -14.049  0.2598E+01  0.1137E+02
 -14.039  0.2520E+01  0.1140E+02
 -14.029  0.2444E+01  0.1142E+02
 -14.019  0.2369E+01  0.1145E+02
 -14.009  0.2295E+01  0.1147E+02
 -13.999  0.2222E+01  0.1149E+02
 -13.989  0.2150E+01  0.1151E+02
 -13.979  0.2080E+01  0.1153E+02
 -13.969  0.2011E+01  0.1155E+02
 -13.959  0.1943E+01  0.1157E+02
 -13.949  0.1877E+01  0.1159E+02
 -13.939  0.1812E+01  0.1161E+02
 -13.929  0.1748E+01  0.1163E+02
 -13.919  0.1685E+01  0.1164E+02
 -13.909  0.1624E+01  0.1166E+02
 -13.899  0.1565E+01  0.1168E+02
 -13.889  0.1507E+01  0.1169E+02
 -13.879  0.1450E+01  0.1171E+02
 -13.869  0.1394E+01  0.1172E+02
 -13.859  0.1340E+01  0.1173E+02
 -13.849  0.1288E+01  0.1175E+02
 -13.839  0.1237E+01  0.1176E+02
 -13.829  0.1187E+01  0.1177E+02
 -13.819  0.1139E+01  0.1178E+02
 -13.809  0.1092E+01  0.1179E+02
 -13.799  0.1046E+01  0.1180E+02
 -13.789  0.1002E+01  0.1181E+02
 -13.779  0.9596E+00  0.1182E+02
 -13.769  0.9182E+00  0.1183E+02
 -13.759  0.8781E+00  0.1184E+02
 -13.749  0.8393E+00  0.1185E+02
 -13.739  0.8019E+00  0.1186E+02
 -13.729  0.7657E+00  0.1186E+02
 -13.719  0.7307E+00  0.1187E+02
 -13.709  0.6970E+00  0.1188E+02
 -13.699  0.6645E+00  0.1189E+02
 -13.689  0.6332E+00  0.1189E+02
 -13.679  0.6030E+00  0.1190E+02
 -13.669  0.5740E+00  0.1190E+02
 -13.659  0.5461E+00  0.1191E+02
 -13.649  0.5193E+00  0.1191E+02
 -13.639  0.4935E+00  0.1192E+02
 -13.629  0.4688E+00  0.1192E+02
 -13.619  0.4450E+00  0.1193E+02
 -13.609  0.4223E+00  0.1193E+02
 -13.599  0.4005E+00  0.1194E+02
 -13.589  0.3796E+00  0.1194E+02
 -13.579  0.3597E+00  0.1194E+02
 -13.569  0.3406E+00  0.1195E+02
 -13.559  0.3223E+00  0.1195E+02
 -13.549  0.3049E+00  0.1195E+02
 -13.539  0.2882E+00  0.1196E+02
 -13.529  0.2724E+00  0.1196E+02
 -13.519  0.2572E+00  0.1196E+02
 -13.509  0.2428E+00  0.1196E+02
 -13.499  0.2291E+00  0.1197E+02
 -13.489  0.2160E+00  0.1197E+02
 -13.479  0.2036E+00  0.1197E+02
 -13.469  0.1917E+00  0.1197E+02
 -13.459  0.1805E+00  0.1197E+02
 -13.449  0.1699E+00  0.1198E+02
 -13.439  0.1597E+00  0.1198E+02
 -13.429  0.1502E+00  0.1198E+02
 -13.419  0.1411E+00  0.1198E+02
 -13.409  0.1325E+00  0.1198E+02
 -13.399  0.1243E+00  0.1198E+02
 -13.389  0.1166E+00  0.1198E+02
 -13.379  0.1093E+00  0.1199E+02
 -13.369  0.1024E+00  0.1199E+02
 -13.359  0.9593E-01  0.1199E+02
 -13.349  0.8979E-01  0.1199E+02
 -13.339  0.8400E-01  0.1199E+02
 -13.329  0.7854E-01  0.1199E+02
 -13.319  0.7340E-01  0.1199E+02
 -13.309  0.6856E-01  0.1199E+02
 -13.299  0.6400E-01  0.1199E+02
 -13.289  0.5972E-01  0.1199E+02
 -13.279  0.5569E-01  0.1199E+02
 -13.269  0.5191E-01  0.1199E+02
 -13.259  0.4836E-01  0.1199E+02
 -13.249  0.4503E-01  0.1199E+02
 -13.239  0.4190E-01  0.1199E+02
 -13.229  0.3897E-01  0.1200E+02
 -13.219  0.3623E-01  0.1200E+02
 -13.209  0.3366E-01  0.1200E+02
 -13.199  0.3126E-01  0.1200E+02
 -13.189  0.2901E-01  0.1200E+02
 -13.179  0.2692E-01  0.1200E+02
 -13.169  0.2496E-01  0.1200E+02
 -13.159  0.2313E-01  0.1200E+02
 -13.149  0.2142E-01  0.1200E+02
 -13.139  0.1983E-01  0.1200E+02
 -13.129  0.1834E-01  0.1200E+02
 -13.119  0.1696E-01  0.1200E+02
 -13.109  0.1568E-01  0.1200E+02
 -13.099  0.1448E-01  0.1200E+02
 -13.089  0.1337E-01  0.1200E+02
 -13.079  0.1234E-01  0.1200E+02
 -13.069  0.1138E-01  0.1200E+02
 -13.059  0.1049E-01  0.1200E+02
 -13.049  0.9664E-02  0.1200E+02
 -13.039  0.8899E-02  0.1200E+02
 -13.029  0.8190E-02  0.1200E+02
 -13.019  0.7534E-02  0.1200E+02
 -13.009  0.6926E-02  0.1200E+02
 -12.999  0.6364E-02  0.1200E+02
 -12.989  0.5845E-02  0.1200E+02
 -12.979  0.5365E-02  0.1200E+02
 -12.969  0.4922E-02  0.1200E+02
 -12.959  0.4513E-02  0.1200E+02
 -12.949  0.4136E-02  0.1200E+02
 -12.939  0.3789E-02  0.1200E+02
 -12.929  0.3468E-02  0.1200E+02
 -12.919  0.3174E-02  0.1200E+02
 -12.909  0.2902E-02  0.1200E+02
 -12.899  0.2653E-02  0.1200E+02
 -12.889  0.2423E-02  0.1200E+02
 -12.879  0.2213E-02  0.1200E+02
 -12.869  0.2019E-02  0.1200E+02
 -12.859  0.1842E-02  0.1200E+02
 -12.849  0.1679E-02  0.1200E+02
 -12.839  0.1530E-02  0.1200E+02
 -12.829  0.1393E-02  0.1200E+02
 -12.819  0.1268E-02  0.1200E+02
 -12.809  0.1153E-02  0.1200E+02
 -12.799  0.1049E-02  0.1200E+02
 -12.789  0.9530E-03  0.1200E+02
 -12.779  0.8655E-03  0.1200E+02
 -12.769  0.7857E-03  0.1200E+02
 -12.759  0.7128E-03  0.1200E+02
 -12.749  0.6464E-03  0.1200E+02
 -12.739  0.5858E-03  0.1200E+02
 -12.729  0.5307E-03  0.1200E+02
 -12.719  0.4805E-03  0.1200E+02
 -12.709  0.4348E-03  0.1200E+02
 -12.699  0.3932E-03  0.1200E+02
 -12.689  0.3554E-03  0.1200E+02
 -12.679  0.3211E-03  0.1200E+02
 -12.669  0.2899E-03  0.1200E+02
 -12.659  0.2617E-03  0.1200E+02
 -12.649  0.2360E-03  0.1200E+02
 -12.639  0.2128E-03  0.1200E+02
 -12.629  0.1917E-03  0.1200E+02
 -12.619  0.1727E-03  0.1200E+02
 -12.609  0.1554E-03  0.1200E+02
 -12.599  0.1398E-03  0.1200E+02
 -12.589  0.1257E-03  0.1200E+02
 -12.579  0.1130E-03  0.1200E+02
 -12.569  0.1015E-03  0.1200E+02
 -12.559  0.9110E-04  0.1200E+02
 -12.549  0.8174E-04  0.1200E+02
 -12.539  0.7330E-04  0.1200E+02
 -12.529  0.6570E-04  0.1200E+02
 -12.519  0.5885E-04  0.1200E+02
 -12.509  0.5269E-04  0.1200E+02
 -12.499  0.4715E-04  0.1200E+02
 -12.489  0.4217E-04  0.1200E+02
 -12.479  0.3770E-04  0.1200E+02
 -12.469  0.3368E-04  0.1200E+02
 -12.459  0.3008E-04  0.1200E+02
 -12.449  0.2685E-04  0.1200E+02
 -12.439  0.2395E-04  0.1200E+02
 -12.429  0.2135E-04  0.1200E+02
 -12.419  0.1902E-04  0.1200E+02
 -12.409  0.1694E-04  0.1200E+02
 -12.399  0.1508E-04  0.1200E+02
 -12.389  0.1342E-04  0.1200E+02
 -12.379  0.1193E-04  0.1200E+02
 -12.369  0.1060E-04  0.1200E+02
 -12.359  0.9419E-05  0.1200E+02
 -12.349  0.8362E-05  0.1200E+02
 -12.339  0.7420E-05  0.1200E+02
 -12.329  0.6580E-05  0.1200E+02
 -12.319  0.5832E-05  0.1200E+02
 -12.309  0.5167E-05  0.1200E+02
 -12.299  0.4575E-05  0.1200E+02
 -12.289  0.4049E-05  0.1200E+02
 -12.279  0.3581E-05  0.1200E+02
 -12.269  0.3166E-05  0.1200E+02
 -12.259  0.2797E-05  0.1200E+02
 -12.249  0.2470E-05  0.1200E+02
 -12.239  0.2180E-05  0.1200E+02
 -12.229  0.1923E-05  0.1200E+02
 -12.219  0.1696E-05  0.1200E+02
 -12.209  0.1494E-05  0.1200E+02
 -12.199  0.1316E-05  0.1200E+02
 -12.189  0.1159E-05  0.1200E+02
 -12.179  0.1019E-05  0.1200E+02
 -12.169  0.8963E-06  0.1200E+02
 -12.159  0.7878E-06  0.1200E+02
 -12.149  0.6920E-06  0.1200E+02
 -12.139  0.6075E-06  0.1200E+02
 -12.129  0.5331E-06  0.1200E+02
 -12.119  0.4676E-06  0.1200E+02
 -12.109  0.4098E-06  0.1200E+02
 -12.099  0.3591E-06  0.1200E+02
 -12.089  0.3144E-06  0.1200E+02
 -12.079  0.2752E-06  0.1200E+02
 -12.069  0.2407E-06  0.1200E+02
 -12.059  0.2104E-06  0.1200E+02
 -12.049  0.1839E-06  0.1200E+02
 -12.039  0.1606E-06  0.1200E+02
 -12.029  0.1401E-06  0.1200E+02
 -12.019  0.1223E-06  0.1200E+02
 -12.009  0.1066E-06  0.1200E+02
 -11.999  0.9290E-07  0.1200E+02
 -11.989  0.8092E-07  0.1200E+02
 -11.979  0.7044E-07  0.1200E+02
 -11.969  0.6129E-07  0.1200E+02
 -11.959  0.5330E-07  0.1200E+02
 -11.949  0.4632E-07  0.1200E+02
 -11.939  0.4024E-07  0.1200E+02
 -11.929  0.3494E-07  0.1200E+02
 -11.919  0.3032E-07  0.1200E+02
 -11.909  0.2630E-07  0.1200E+02
 -11.899  0.2280E-07  0.1200E+02
 -11.889  0.1975E-07  0.1200E+02
 -11.879  0.1710E-07  0.1200E+02
 -11.869  0.1480E-07  0.1200E+02
 -11.859  0.1280E-07  0.1200E+02
 -11.849  0.1107E-07  0.1200E+02
 -11.839  0.9565E-08  0.1200E+02
 -11.829  0.8261E-08  0.1200E+02
 -11.819  0.7130E-08  0.1200E+02
 -11.809  0.6152E-08  0.1200E+02
 -11.799  0.5304E-08  0.1200E+02
 -11.789  0.4571E-08  0.1200E+02
 -11.779  0.3938E-08  0.1200E+02
 -11.769  0.3390E-08  0.1200E+02
 -11.759  0.2917E-08  0.1200E+02
 -11.749  0.2508E-08  0.1200E+02
 -11.739  0.2156E-08  0.1200E+02
 -11.729  0.1852E-08  0.1200E+02
 -11.719  0.1590E-08  0.1200E+02
 -11.709  0.1365E-08  0.1200E+02
 -11.699  0.1171E-08  0.1200E+02
 -11.689  0.1003E-08  0.1200E+02
 -11.679  0.8598E-09  0.1200E+02
 -11.669  0.7363E-09  0.1200E+02
 -11.659  0.6302E-09  0.1200E+02
 -11.649  0.5391E-09  0.1200E+02
 -11.639  0.4609E-09  0.1200E+02
 -11.629  0.3938E-09  0.1200E+02
 -11.619  0.3364E-09  0.1200E+02
 -11.609  0.2871E-09  0.1200E+02
 -11.599  0.2450E-09  0.1200E+02
 -11.589  0.2089E-09  0.1200E+02
 -11.579  0.1780E-09  0.1200E+02
 -11.569  0.1516E-09  0.1200E+02
 -11.559  0.1291E-09  0.1200E+02
 -11.549  0.1099E-09  0.1200E+02
 -11.539  0.9343E-10  0.1200E+02
 -11.529  0.7942E-10  0.1200E+02
 -11.519  0.6747E-10  0.1200E+02
 -11.509  0.5729E-10  0.1200E+02
 -11.499  0.4862E-10  0.1200E+02
 -11.489  0.4124E-10  0.1200E+02
 -11.479  0.3496E-10  0.1200E+02
 -11.469  0.2962E-10  0.1200E+02
 -11.459  0.2509E-10  0.1200E+02
 -11.449  0.2123E-10  0.1200E+02
 -11.439  0.1796E-10  0.1200E+02
 -11.429  0.1519E-10  0.1200E+02
 -11.419  0.1283E-10  0.1200E+02
 -11.409  0.1084E-10  0.1200E+02
 -11.399  0.9151E-11  0.1200E+02
 -11.389  0.7721E-11  0.1200E+02
 -11.379  0.6511E-11  0.1200E+02
 -11.369  0.5487E-11  0.1200E+02
 -11.359  0.4622E-11  0.1200E+02
 -11.349  0.3892E-11  0.1200E+02
 -11.339  0.3275E-11  0.1200E+02
 -11.329  0.2754E-11  0.1200E+02
 -11.319  0.2315E-11  0.1200E+02
 -11.309  0.1945E-11  0.1200E+02
 -11.299  0.1633E-11  0.1200E+02
 -11.289  0.1371E-11  0.1200E+02
 -11.279  0.1150E-11  0.1200E+02
 -11.269  0.9640E-12  0.1200E+02
 -11.259  0.8077E-12  0.1200E+02
 -11.249  0.6764E-12  0.1200E+02
 -11.239  0.5662E-12  0.1200E+02
 -11.229  0.4737E-12  0.1200E+02
 -11.219  0.3961E-12  0.1200E+02
 -11.209  0.3310E-12  0.1200E+02
 -11.199  0.2765E-12  0.1200E+02
 -11.189  0.2308E-12  0.1200E+02
 -11.179  0.1926E-12  0.1200E+02
 -11.169  0.1606E-12  0.1200E+02
 -11.159  0.1338E-12  0.1200E+02
 -11.149  0.1115E-12  0.1200E+02
 -11.139  0.9284E-13  0.1200E+02
 -11.129  0.7726E-13  0.1200E+02
 -11.119  0.6425E-13  0.1200E+02
 -11.109  0.5341E-13  0.1200E+02
 -11.099  0.4438E-13  0.1200E+02
 -11.089  0.3685E-13  0.1200E+02
 -11.079  0.3059E-13  0.1200E+02
 -11.069  0.2537E-13  0.1200E+02
 -11.059  0.2103E-13  0.1200E+02
 -11.049  0.1743E-13  0.1200E+02
 -11.039  0.1444E-13  0.1200E+02
 -11.029  0.1195E-13  0.1200E+02
 -11.019  0.9886E-14  0.1200E+02
 -11.009  0.8174E-14  0.1200E+02
 -10.999  0.6755E-14  0.1200E+02
 -10.989  0.5580E-14  0.1200E+02
 -10.979  0.4607E-14  0.1200E+02
 -10.969  0.3801E-14  0.1200E+02
 -10.959  0.3135E-14  0.1200E+02
 -10.949  0.2584E-14  0.1200E+02
 -10.939  0.2129E-14  0.1200E+02
 -10.929  0.1753E-14  0.1200E+02
 -10.919  0.1442E-14  0.1200E+02
 -10.909  0.1186E-14  0.1200E+02
 -10.899  0.9752E-15  0.1200E+02
 -10.889  0.8013E-15  0.1200E+02
 -10.879  0.6580E-15  0.1200E+02
 -10.869  0.5401E-15  0.1200E+02
 -10.859  0.4430E-15  0.1200E+02
 -10.849  0.3632E-15  0.1200E+02
 -10.839  0.2976E-15  0.1200E+02
 -10.829  0.2438E-15  0.1200E+02
 -10.819  0.1996E-15  0.1200E+02
 -10.809  0.1633E-15  0.1200E+02
 -10.799  0.1335E-15  0.1200E+02
 -10.789  0.1091E-15  0.1200E+02
 -10.779  0.8913E-16  0.1200E+02
 -10.769  0.7277E-16  0.1200E+02
 -10.759  0.5938E-16  0.1200E+02
 -10.749  0.4843E-16  0.1200E+02
 -10.739  0.3948E-16  0.1200E+02
 -10.729  0.3216E-16  0.1200E+02
 -10.719  0.2619E-16  0.1200E+02
 -10.709  0.2132E-16  0.1200E+02
 -10.699  0.1734E-16  0.1200E+02
 -10.689  0.1411E-16  0.1200E+02
 -10.679  0.1147E-16  0.1200E+02
 -10.669  0.9321E-17  0.1200E+02
 -10.659  0.7576E-17  0.1200E+02
 -10.649  0.6159E-17  0.1200E+02
 -10.639  0.5009E-17  0.1200E+02
 -10.629  0.4079E-17  0.1200E+02
 -10.619  0.3328E-17  0.1200E+02
 -10.609  0.2724E-17  0.1200E+02
 -10.599  0.2240E-17  0.1200E+02
 -10.589  0.1857E-17  0.1200E+02
 -10.579  0.1557E-17  0.1200E+02
 -10.569  0.1327E-17  0.1200E+02
 -10.559  0.1156E-17  0.1200E+02
 -10.549  0.1038E-17  0.1200E+02
 -10.539  0.9664E-18  0.1200E+02
 -10.529  0.9379E-18  0.1200E+02
 -10.519  0.9511E-18  0.1200E+02
 -10.509  0.1006E-17  0.1200E+02
 -10.499  0.1105E-17  0.1200E+02
 -10.489  0.1251E-17  0.1200E+02
 -10.479  0.1451E-17  0.1200E+02
 -10.469  0.1712E-17  0.1200E+02
 -10.459  0.2044E-17  0.1200E+02
 -10.449  0.2460E-17  0.1200E+02
 -10.439  0.2977E-17  0.1200E+02
 -10.429  0.3616E-17  0.1200E+02
 -10.419  0.4401E-17  0.1200E+02
 -10.409  0.5363E-17  0.1200E+02
 -10.399  0.6539E-17  0.1200E+02
 -10.389  0.7976E-17  0.1200E+02
 -10.379  0.9727E-17  0.1200E+02
 -10.369  0.1186E-16  0.1200E+02
 -10.359  0.1446E-16  0.1200E+02
 -10.349  0.1761E-16  0.1200E+02
 -10.339  0.2145E-16  0.1200E+02
 -10.329  0.2612E-16  0.1200E+02
 -10.319  0.3178E-16  0.1200E+02
 -10.309  0.3864E-16  0.1200E+02
 -10.299  0.4697E-16  0.1200E+02
 -10.289  0.5707E-16  0.1200E+02
 -10.279  0.6929E-16  0.1200E+02
 -10.269  0.8409E-16  0.1200E+02
 -10.259  0.1020E-15  0.1200E+02
 -10.249  0.1236E-15  0.1200E+02
 -10.239  0.1498E-15  0.1200E+02
 -10.229  0.1814E-15  0.1200E+02
 -10.219  0.2196E-15  0.1200E+02
 -10.209  0.2657E-15  0.1200E+02
 -10.199  0.3212E-15  0.1200E+02
 -10.189  0.3881E-15  0.1200E+02
 -10.179  0.4688E-15  0.1200E+02
 -10.169  0.5659E-15  0.1200E+02
 -10.159  0.6827E-15  0.1200E+02
 -10.149  0.8233E-15  0.1200E+02
 -10.139  0.9922E-15  0.1200E+02
 -10.129  0.1195E-14  0.1200E+02
 -10.119  0.1439E-14  0.1200E+02
 -10.109  0.1731E-14  0.1200E+02
 -10.099  0.2082E-14  0.1200E+02
 -10.089  0.2503E-14  0.1200E+02
 -10.079  0.3007E-14  0.1200E+02
 -10.069  0.3610E-14  0.1200E+02
 -10.059  0.4333E-14  0.1200E+02
 -10.049  0.5197E-14  0.1200E+02
 -10.039  0.6230E-14  0.1200E+02
 -10.029  0.7464E-14  0.1200E+02
 -10.019  0.8939E-14  0.1200E+02
 -10.009  0.1070E-13  0.1200E+02
  -9.999  0.1280E-13  0.1200E+02
  -9.989  0.1530E-13  0.1200E+02
  -9.979  0.1828E-13  0.1200E+02
  -9.969  0.2184E-13  0.1200E+02
  -9.959  0.2607E-13  0.1200E+02
  -9.949  0.3110E-13  0.1200E+02
  -9.939  0.3708E-13  0.1200E+02
  -9.929  0.4420E-13  0.1200E+02
  -9.919  0.5264E-13  0.1200E+02
  -9.909  0.6267E-13  0.1200E+02
  -9.899  0.7457E-13  0.1200E+02
  -9.889  0.8868E-13  0.1200E+02
  -9.879  0.1054E-12  0.1200E+02
  -9.869  0.1252E-12  0.1200E+02
  -9.859  0.1487E-12  0.1200E+02
  -9.849  0.1764E-12  0.1200E+02
  -9.839  0.2093E-12  0.1200E+02
  -9.829  0.2481E-12  0.1200E+02
  -9.819  0.2939E-12  0.1200E+02
  -9.809  0.3481E-12  0.1200E+02
  -9.799  0.4119E-12  0.1200E+02
  -9.789  0.4873E-12  0.1200E+02
  -9.779  0.5761E-12  0.1200E+02
  -9.769  0.6808E-12  0.1200E+02
  -9.759  0.8040E-12  0.1200E+02
  -9.749  0.9490E-12  0.1200E+02
  -9.739  0.1120E-11  0.1200E+02
  -9.729  0.1320E-11  0.1200E+02
  -9.719  0.1556E-11  0.1200E+02
  -9.709  0.1833E-11  0.1200E+02
  -9.699  0.2157E-11  0.1200E+02
  -9.689  0.2538E-11  0.1200E+02
  -9.679  0.2985E-11  0.1200E+02
  -9.669  0.3509E-11  0.1200E+02
  -9.659  0.4122E-11  0.1200E+02
  -9.649  0.4839E-11  0.1200E+02
  -9.639  0.5679E-11  0.1200E+02
  -9.629  0.6661E-11  0.1200E+02
  -9.619  0.7808E-11  0.1200E+02
  -9.609  0.9148E-11  0.1200E+02
  -9.599  0.1071E-10  0.1200E+02
  -9.589  0.1254E-10  0.1200E+02
  -9.579  0.1466E-10  0.1200E+02
  -9.569  0.1714E-10  0.1200E+02
  -9.559  0.2003E-10  0.1200E+02
  -9.549  0.2340E-10  0.1200E+02
  -9.539  0.2731E-10  0.1200E+02
  -9.529  0.3186E-10  0.1200E+02
  -9.519  0.3715E-10  0.1200E+02
  -9.509  0.4329E-10  0.1200E+02
  -9.499  0.5042E-10  0.1200E+02
  -9.489  0.5870E-10  0.1200E+02
  -9.479  0.6830E-10  0.1200E+02
  -9.469  0.7942E-10  0.1200E+02
  -9.459  0.9231E-10  0.1200E+02
  -9.449  0.1072E-09  0.1200E+02
  -9.439  0.1245E-09  0.1200E+02
  -9.429  0.1445E-09  0.1200E+02
  -9.419  0.1676E-09  0.1200E+02
  -9.409  0.1942E-09  0.1200E+02
  -9.399  0.2250E-09  0.1200E+02
  -9.389  0.2606E-09  0.1200E+02
  -9.379  0.3016E-09  0.1200E+02
  -9.369  0.3488E-09  0.1200E+02
  -9.359  0.4033E-09  0.1200E+02
  -9.349  0.4660E-09  0.1200E+02
  -9.339  0.5381E-09  0.1200E+02
  -9.329  0.6211E-09  0.1200E+02
  -9.319  0.7165E-09  0.1200E+02
  -9.309  0.8262E-09  0.1200E+02
  -9.299  0.9521E-09  0.1200E+02
  -9.289  0.1097E-08  0.1200E+02
  -9.279  0.1262E-08  0.1200E+02
  -9.269  0.1452E-08  0.1200E+02
  -9.259  0.1670E-08  0.1200E+02
  -9.249  0.1920E-08  0.1200E+02
  -9.239  0.2205E-08  0.1200E+02
  -9.229  0.2532E-08  0.1200E+02
  -9.219  0.2905E-08  0.1200E+02
  -9.209  0.3332E-08  0.1200E+02
  -9.199  0.3819E-08  0.1200E+02
  -9.189  0.4375E-08  0.1200E+02
  -9.179  0.5010E-08  0.1200E+02
  -9.169  0.5734E-08  0.1200E+02
  -9.159  0.6558E-08  0.1200E+02
  -9.149  0.7497E-08  0.1200E+02
  -9.139  0.8567E-08  0.1200E+02
  -9.129  0.9783E-08  0.1200E+02
  -9.119  0.1117E-07  0.1200E+02
  -9.109  0.1274E-07  0.1200E+02
  -9.099  0.1452E-07  0.1200E+02
  -9.089  0.1655E-07  0.1200E+02
  -9.079  0.1885E-07  0.1200E+02
  -9.069  0.2146E-07  0.1200E+02
  -9.059  0.2442E-07  0.1200E+02
  -9.049  0.2776E-07  0.1200E+02
  -9.039  0.3155E-07  0.1200E+02
  -9.029  0.3584E-07  0.1200E+02
  -9.019  0.4069E-07  0.1200E+02
  -9.009  0.4618E-07  0.1200E+02
  -8.999  0.5237E-07  0.1200E+02
  -8.989  0.5936E-07  0.1200E+02
  -8.979  0.6725E-07  0.1200E+02
  -8.969  0.7615E-07  0.1200E+02
  -8.959  0.8618E-07  0.1200E+02
  -8.949  0.9748E-07  0.1200E+02
  -8.939  0.1102E-06  0.1200E+02
  -8.929  0.1245E-06  0.1200E+02
  -8.919  0.1406E-06  0.1200E+02
  -8.909  0.1587E-06  0.1200E+02
  -8.899  0.1790E-06  0.1200E+02
  -8.889  0.2019E-06  0.1200E+02
  -8.879  0.2275E-06  0.1200E+02
  -8.869  0.2562E-06  0.1200E+02
  -8.859  0.2884E-06  0.1200E+02
  -8.849  0.3245E-06  0.1200E+02
  -8.839  0.3649E-06  0.1200E+02
  -8.829  0.4101E-06  0.1200E+02
  -8.819  0.4607E-06  0.1200E+02
  -8.809  0.5172E-06  0.1200E+02
  -8.799  0.5804E-06  0.1200E+02
  -8.789  0.6509E-06  0.1200E+02
  -8.779  0.7296E-06  0.1200E+02
  -8.769  0.8174E-06  0.1200E+02
  -8.759  0.9152E-06  0.1200E+02
  -8.749  0.1024E-05  0.1200E+02
  -8.739  0.1146E-05  0.1200E+02
  -8.729  0.1281E-05  0.1200E+02
  -8.719  0.1431E-05  0.1200E+02
  -8.709  0.1598E-05  0.1200E+02
  -8.699  0.1784E-05  0.1200E+02
  -8.689  0.1990E-05  0.1200E+02
  -8.679  0.2219E-05  0.1200E+02
  -8.669  0.2473E-05  0.1200E+02
  -8.659  0.2754E-05  0.1200E+02
  -8.649  0.3066E-05  0.1200E+02
  -8.639  0.3411E-05  0.1200E+02
  -8.629  0.3793E-05  0.1200E+02
  -8.619  0.4216E-05  0.1200E+02
  -8.609  0.4683E-05  0.1200E+02
  -8.599  0.5200E-05  0.1200E+02
  -8.589  0.5770E-05  0.1200E+02
  -8.579  0.6399E-05  0.1200E+02
  -8.569  0.7094E-05  0.1200E+02
  -8.559  0.7859E-05  0.1200E+02
  -8.549  0.8703E-05  0.1200E+02
  -8.539  0.9631E-05  0.1200E+02
  -8.529  0.1065E-04  0.1200E+02
  -8.519  0.1178E-04  0.1200E+02
  -8.509  0.1302E-04  0.1200E+02
  -8.499  0.1437E-04  0.1200E+02
  -8.489  0.1587E-04  0.1200E+02
  -8.479  0.1750E-04  0.1200E+02
  -8.469  0.1930E-04  0.1200E+02
  -8.459  0.2127E-04  0.1200E+02
  -8.449  0.2343E-04  0.1200E+02
  -8.439  0.2579E-04  0.1200E+02
  -8.429  0.2838E-04  0.1200E+02
  -8.419  0.3121E-04  0.1200E+02
  -8.409  0.3431E-04  0.1200E+02
  -8.399  0.3769E-04  0.1200E+02
  -8.389  0.4139E-04  0.1200E+02
  -8.379  0.4542E-04  0.1200E+02
  -8.369  0.4982E-04  0.1200E+02
  -8.359  0.5461E-04  0.1200E+02
  -8.349  0.5984E-04  0.1200E+02
  -8.339  0.6553E-04  0.1200E+02
  -8.329  0.7173E-04  0.1200E+02
  -8.319  0.7847E-04  0.1200E+02
  -8.309  0.8580E-04  0.1200E+02
  -8.299  0.9377E-04  0.1200E+02
  -8.289  0.1024E-03  0.1200E+02
  -8.279  0.1118E-03  0.1200E+02
  -8.269  0.1220E-03  0.1200E+02
  -8.259  0.1330E-03  0.1200E+02
  -8.249  0.1450E-03  0.1200E+02
  -8.239  0.1580E-03  0.1200E+02
  -8.229  0.1720E-03  0.1200E+02
  -8.219  0.1872E-03  0.1200E+02
  -8.209  0.2036E-03  0.1200E+02
  -8.199  0.2214E-03  0.1200E+02
  -8.189  0.2406E-03  0.1200E+02
  -8.179  0.2613E-03  0.1200E+02
  -8.169  0.2836E-03  0.1200E+02
  -8.159  0.3077E-03  0.1200E+02
  -8.149  0.3336E-03  0.1200E+02
  -8.139  0.3616E-03  0.1200E+02
  -8.129  0.3916E-03  0.1200E+02
  -8.119  0.4240E-03  0.1200E+02
  -8.109  0.4588E-03  0.1200E+02
  -8.099  0.4963E-03  0.1200E+02
  -8.089  0.5365E-03  0.1200E+02
  -8.079  0.5796E-03  0.1200E+02
  -8.069  0.6259E-03  0.1200E+02
  -8.059  0.6756E-03  0.1200E+02
  -8.049  0.7288E-03  0.1200E+02
  -8.039  0.7858E-03  0.1200E+02
  -8.029  0.8469E-03  0.1200E+02
  -8.019  0.9122E-03  0.1200E+02
  -8.009  0.9821E-03  0.1200E+02
  -7.999  0.1057E-02  0.1200E+02
  -7.989  0.1137E-02  0.1200E+02
  -7.979  0.1222E-02  0.1200E+02
  -7.969  0.1313E-02  0.1200E+02
  -7.959  0.1410E-02  0.1200E+02
  -7.949  0.1513E-02  0.1200E+02
  -7.939  0.1623E-02  0.1200E+02
  -7.929  0.1741E-02  0.1200E+02
  -7.919  0.1865E-02  0.1200E+02
  -7.909  0.1998E-02  0.1200E+02
  -7.899  0.2140E-02  0.1200E+02
  -7.889  0.2290E-02  0.1200E+02
  -7.879  0.2449E-02  0.1200E+02
  -7.869  0.2618E-02  0.1200E+02
  -7.859  0.2798E-02  0.1200E+02
  -7.849  0.2988E-02  0.1200E+02
  -7.839  0.3190E-02  0.1200E+02
  -7.829  0.3404E-02  0.1200E+02
  -7.819  0.3630E-02  0.1200E+02
  -7.809  0.3869E-02  0.1200E+02
  -7.799  0.4123E-02  0.1200E+02
  -7.789  0.4391E-02  0.1200E+02
  -7.779  0.4674E-02  0.1200E+02
  -7.769  0.4972E-02  0.1200E+02
  -7.759  0.5288E-02  0.1200E+02
  -7.749  0.5621E-02  0.1200E+02
  -7.739  0.5971E-02  0.1200E+02
  -7.729  0.6341E-02  0.1200E+02
  -7.719  0.6731E-02  0.1200E+02
  -7.709  0.7141E-02  0.1200E+02
  -7.699  0.7573E-02  0.1200E+02
  -7.689  0.8027E-02  0.1200E+02
  -7.679  0.8504E-02  0.1200E+02
  -7.669  0.9006E-02  0.1200E+02
  -7.659  0.9533E-02  0.1200E+02
  -7.649  0.1009E-01  0.1200E+02
  -7.639  0.1067E-01  0.1200E+02
  -7.629  0.1128E-01  0.1200E+02
  -7.619  0.1192E-01  0.1200E+02
  -7.609  0.1258E-01  0.1200E+02
  -7.599  0.1329E-01  0.1200E+02
  -7.589  0.1402E-01  0.1200E+02
  -7.579  0.1479E-01  0.1200E+02
  -7.569  0.1559E-01  0.1200E+02
  -7.559  0.1643E-01  0.1200E+02
  -7.549  0.1731E-01  0.1200E+02
  -7.539  0.1823E-01  0.1200E+02
  -7.529  0.1919E-01  0.1200E+02
  -7.519  0.2019E-01  0.1200E+02
  -7.509  0.2123E-01  0.1200E+02
  -7.499  0.2232E-01  0.1200E+02
  -7.489  0.2345E-01  0.1200E+02
  -7.479  0.2464E-01  0.1200E+02
  -7.469  0.2587E-01  0.1200E+02
  -7.459  0.2715E-01  0.1201E+02
  -7.449  0.2849E-01  0.1201E+02
  -7.439  0.2988E-01  0.1201E+02
  -7.429  0.3133E-01  0.1201E+02
  -7.419  0.3283E-01  0.1201E+02
  -7.409  0.3440E-01  0.1201E+02
  -7.399  0.3602E-01  0.1201E+02
  -7.389  0.3771E-01  0.1201E+02
  -7.379  0.3946E-01  0.1201E+02
  -7.369  0.4128E-01  0.1201E+02
  -7.359  0.4317E-01  0.1201E+02
  -7.349  0.4513E-01  0.1201E+02
  -7.339  0.4717E-01  0.1201E+02
  -7.329  0.4927E-01  0.1201E+02
  -7.319  0.5146E-01  0.1201E+02
  -7.309  0.5372E-01  0.1201E+02
  -7.299  0.5607E-01  0.1201E+02
  -7.289  0.5850E-01  0.1201E+02
  -7.279  0.6102E-01  0.1201E+02
  -7.269  0.6362E-01  0.1201E+02
  -7.259  0.6632E-01  0.1201E+02
  -7.249  0.6911E-01  0.1201E+02
  -7.239  0.7199E-01  0.1202E+02
  -7.229  0.7497E-01  0.1202E+02
  -7.219  0.7806E-01  0.1202E+02
  -7.209  0.8125E-01  0.1202E+02
  -7.199  0.8454E-01  0.1202E+02
  -7.189  0.8795E-01  0.1202E+02
  -7.179  0.9146E-01  0.1202E+02
  -7.169  0.9510E-01  0.1202E+02
  -7.159  0.9885E-01  0.1202E+02
  -7.149  0.1027E+00  0.1202E+02
  -7.139  0.1067E+00  0.1202E+02
  -7.129  0.1108E+00  0.1203E+02
  -7.119  0.1151E+00  0.1203E+02
  -7.109  0.1195E+00  0.1203E+02
  -7.099  0.1240E+00  0.1203E+02
  -7.089  0.1287E+00  0.1203E+02
  -7.079  0.1335E+00  0.1203E+02
  -7.069  0.1385E+00  0.1203E+02
  -7.059  0.1436E+00  0.1203E+02
  -7.049  0.1489E+00  0.1204E+02
  -7.039  0.1543E+00  0.1204E+02
  -7.029  0.1599E+00  0.1204E+02
  -7.019  0.1657E+00  0.1204E+02
  -7.009  0.1716E+00  0.1204E+02
  -6.999  0.1777E+00  0.1204E+02
  -6.989  0.1840E+00  0.1205E+02
  -6.979  0.1905E+00  0.1205E+02
  -6.969  0.1971E+00  0.1205E+02
  -6.959  0.2040E+00  0.1205E+02
  -6.949  0.2111E+00  0.1205E+02
  -6.939  0.2183E+00  0.1206E+02
  -6.929  0.2258E+00  0.1206E+02
  -6.919  0.2334E+00  0.1206E+02
  -6.909  0.2413E+00  0.1206E+02
  -6.899  0.2494E+00  0.1207E+02
  -6.889  0.2577E+00  0.1207E+02
  -6.879  0.2663E+00  0.1207E+02
  -6.869  0.2750E+00  0.1207E+02
  -6.859  0.2841E+00  0.1208E+02
  -6.849  0.2933E+00  0.1208E+02
  -6.839  0.3028E+00  0.1208E+02
  -6.829  0.3125E+00  0.1209E+02
  -6.819  0.3225E+00  0.1209E+02
  -6.809  0.3327E+00  0.1209E+02
  -6.799  0.3432E+00  0.1210E+02
  -6.789  0.3540E+00  0.1210E+02
  -6.779  0.3650E+00  0.1210E+02
  -6.769  0.3762E+00  0.1211E+02
  -6.759  0.3878E+00  0.1211E+02
  -6.749  0.3996E+00  0.1211E+02
  -6.739  0.4116E+00  0.1212E+02
  -6.729  0.4240E+00  0.1212E+02
  -6.719  0.4366E+00  0.1213E+02
  -6.709  0.4495E+00  0.1213E+02
  -6.699  0.4627E+00  0.1214E+02
  -6.689  0.4762E+00  0.1214E+02
  -6.679  0.4899E+00  0.1215E+02
  -6.669  0.5039E+00  0.1215E+02
  -6.659  0.5182E+00  0.1216E+02
  -6.649  0.5328E+00  0.1216E+02
  -6.639  0.5476E+00  0.1217E+02
  -6.629  0.5627E+00  0.1217E+02
  -6.619  0.5781E+00  0.1218E+02
  -6.609  0.5938E+00  0.1218E+02
  -6.599  0.6097E+00  0.1219E+02
  -6.589  0.6259E+00  0.1220E+02
  -6.579  0.6424E+00  0.1220E+02
  -6.569  0.6591E+00  0.1221E+02
  -6.559  0.6761E+00  0.1222E+02
  -6.549  0.6933E+00  0.1222E+02
  -6.539  0.7108E+00  0.1223E+02
  -6.529  0.7284E+00  0.1224E+02
  -6.519  0.7464E+00  0.1225E+02
  -6.509  0.7645E+00  0.1225E+02
  -6.499  0.7829E+00  0.1226E+02
  -6.489  0.8014E+00  0.1227E+02
  -6.479  0.8202E+00  0.1228E+02
  -6.469  0.8391E+00  0.1229E+02
  -6.459  0.8582E+00  0.1229E+02
  -6.449  0.8775E+00  0.1230E+02
  -6.439  0.8969E+00  0.1231E+02
  -6.429  0.9165E+00  0.1232E+02
  -6.419  0.9362E+00  0.1233E+02
  -6.409  0.9560E+00  0.1234E+02
  -6.399  0.9759E+00  0.1235E+02
  -6.389  0.9959E+00  0.1236E+02
  -6.379  0.1016E+01  0.1237E+02
  -6.369  0.1036E+01  0.1238E+02
  -6.359  0.1056E+01  0.1239E+02
  -6.349  0.1077E+01  0.1240E+02
  -6.339  0.1097E+01  0.1241E+02
  -6.329  0.1117E+01  0.1242E+02
  -6.319  0.1137E+01  0.1244E+02
  -6.309  0.1157E+01  0.1245E+02
  -6.299  0.1178E+01  0.1246E+02
  -6.289  0.1198E+01  0.1247E+02
  -6.279  0.1218E+01  0.1248E+02
  -6.269  0.1238E+01  0.1249E+02
  -6.259  0.1257E+01  0.1251E+02
  -6.249  0.1277E+01  0.1252E+02
  -6.239  0.1296E+01  0.1253E+02
  -6.229  0.1316E+01  0.1255E+02
  -6.219  0.1335E+01  0.1256E+02
  -6.209  0.1354E+01  0.1257E+02
  -6.199  0.1372E+01  0.1259E+02
  -6.189  0.1391E+01  0.1260E+02
  -6.179  0.1409E+01  0.1262E+02
  -6.169  0.1427E+01  0.1263E+02
  -6.159  0.1444E+01  0.1264E+02
  -6.149  0.1462E+01  0.1266E+02
  -6.139  0.1479E+01  0.1267E+02
  -6.129  0.1495E+01  0.1269E+02
  -6.119  0.1511E+01  0.1270E+02
  -6.109  0.1527E+01  0.1272E+02
  -6.099  0.1543E+01  0.1273E+02
  -6.089  0.1558E+01  0.1275E+02
  -6.079  0.1572E+01  0.1277E+02
  -6.069  0.1586E+01  0.1278E+02
  -6.059  0.1600E+01  0.1280E+02
  -6.049  0.1613E+01  0.1281E+02
  -6.039  0.1626E+01  0.1283E+02
  -6.029  0.1638E+01  0.1285E+02
  -6.019  0.1650E+01  0.1286E+02
  -6.009  0.1661E+01  0.1288E+02
  -5.999  0.1672E+01  0.1290E+02
  -5.989  0.1682E+01  0.1291E+02
  -5.979  0.1692E+01  0.1293E+02
  -5.969  0.1701E+01  0.1295E+02
  -5.959  0.1710E+01  0.1296E+02
  -5.949  0.1718E+01  0.1298E+02
  -5.939  0.1726E+01  0.1300E+02
  -5.929  0.1733E+01  0.1302E+02
  -5.919  0.1739E+01  0.1303E+02
  -5.909  0.1745E+01  0.1305E+02
  -5.899  0.1751E+01  0.1307E+02
  -5.889  0.1756E+01  0.1309E+02
  -5.879  0.1760E+01  0.1310E+02
  -5.869  0.1764E+01  0.1312E+02
  -5.859  0.1767E+01  0.1314E+02
  -5.849  0.1770E+01  0.1316E+02
  -5.839  0.1772E+01  0.1317E+02
  -5.829  0.1773E+01  0.1319E+02
  -5.819  0.1775E+01  0.1321E+02
  -5.809  0.1775E+01  0.1323E+02
  -5.799  0.1775E+01  0.1324E+02
  -5.789  0.1775E+01  0.1326E+02
  -5.779  0.1774E+01  0.1328E+02
  -5.769  0.1773E+01  0.1330E+02
  -5.759  0.1771E+01  0.1332E+02
  -5.749  0.1769E+01  0.1333E+02
  -5.739  0.1767E+01  0.1335E+02
  -5.729  0.1764E+01  0.1337E+02
  -5.719  0.1760E+01  0.1339E+02
  -5.709  0.1757E+01  0.1340E+02
  -5.699  0.1752E+01  0.1342E+02
  -5.689  0.1748E+01  0.1344E+02
  -5.679  0.1743E+01  0.1346E+02
  -5.669  0.1738E+01  0.1347E+02
  -5.659  0.1733E+01  0.1349E+02
  -5.649  0.1727E+01  0.1351E+02
  -5.639  0.1722E+01  0.1353E+02
  -5.629  0.1716E+01  0.1354E+02
  -5.619  0.1709E+01  0.1356E+02
  -5.609  0.1703E+01  0.1358E+02
  -5.599  0.1696E+01  0.1359E+02
  -5.589  0.1689E+01  0.1361E+02
  -5.579  0.1683E+01  0.1363E+02
  -5.569  0.1676E+01  0.1364E+02
  -5.559  0.1668E+01  0.1366E+02
  -5.549  0.1661E+01  0.1368E+02
  -5.539  0.1654E+01  0.1369E+02
  -5.529  0.1647E+01  0.1371E+02
  -5.519  0.1640E+01  0.1373E+02
  -5.509  0.1632E+01  0.1374E+02
  -5.499  0.1625E+01  0.1376E+02
  -5.489  0.1618E+01  0.1378E+02
  -5.479  0.1611E+01  0.1379E+02
  -5.469  0.1604E+01  0.1381E+02
  -5.459  0.1597E+01  0.1382E+02
  -5.449  0.1591E+01  0.1384E+02
  -5.439  0.1584E+01  0.1386E+02
  -5.429  0.1577E+01  0.1387E+02
  -5.419  0.1571E+01  0.1389E+02
  -5.409  0.1565E+01  0.1390E+02
  -5.399  0.1559E+01  0.1392E+02
  -5.389  0.1554E+01  0.1393E+02
  -5.379  0.1548E+01  0.1395E+02
  -5.369  0.1543E+01  0.1396E+02
  -5.359  0.1538E+01  0.1398E+02
  -5.349  0.1533E+01  0.1400E+02
  -5.339  0.1529E+01  0.1401E+02
  -5.329  0.1525E+01  0.1403E+02
  -5.319  0.1521E+01  0.1404E+02
  -5.309  0.1517E+01  0.1406E+02
  -5.299  0.1514E+01  0.1407E+02
  -5.289  0.1511E+01  0.1409E+02
  -5.279  0.1509E+01  0.1410E+02
  -5.269  0.1506E+01  0.1412E+02
  -5.259  0.1504E+01  0.1413E+02
  -5.249  0.1503E+01  0.1415E+02
  -5.239  0.1501E+01  0.1416E+02
  -5.229  0.1501E+01  0.1418E+02
  -5.219  0.1500E+01  0.1419E+02
  -5.209  0.1500E+01  0.1421E+02
  -5.199  0.1500E+01  0.1422E+02
  -5.189  0.1500E+01  0.1424E+02
  -5.179  0.1501E+01  0.1425E+02
  -5.169  0.1502E+01  0.1427E+02
  -5.159  0.1504E+01  0.1428E+02
  -5.149  0.1505E+01  0.1430E+02
  -5.139  0.1507E+01  0.1431E+02
  -5.129  0.1510E+01  0.1433E+02
  -5.119  0.1512E+01  0.1434E+02
  -5.109  0.1516E+01  0.1436E+02
  -5.099  0.1519E+01  0.1437E+02
  -5.089  0.1522E+01  0.1439E+02
  -5.079  0.1526E+01  0.1440E+02
  -5.069  0.1530E+01  0.1442E+02
  -5.059  0.1535E+01  0.1443E+02
  -5.049  0.1540E+01  0.1445E+02
  -5.039  0.1545E+01  0.1446E+02
  -5.029  0.1550E+01  0.1448E+02
  -5.019  0.1555E+01  0.1450E+02
  -5.009  0.1561E+01  0.1451E+02
  -4.999  0.1566E+01  0.1453E+02
  -4.989  0.1572E+01  0.1454E+02
  -4.979  0.1578E+01  0.1456E+02
  -4.969  0.1585E+01  0.1457E+02
  -4.959  0.1591E+01  0.1459E+02
  -4.949  0.1598E+01  0.1461E+02
  -4.939  0.1605E+01  0.1462E+02
  -4.929  0.1611E+01  0.1464E+02
  -4.919  0.1618E+01  0.1465E+02
  -4.909  0.1625E+01  0.1467E+02
  -4.899  0.1632E+01  0.1469E+02
  -4.889  0.1639E+01  0.1470E+02
  -4.879  0.1646E+01  0.1472E+02
  -4.869  0.1654E+01  0.1474E+02
  -4.859  0.1661E+01  0.1475E+02
  -4.849  0.1668E+01  0.1477E+02
  -4.839  0.1675E+01  0.1479E+02
  -4.829  0.1682E+01  0.1480E+02
  -4.819  0.1689E+01  0.1482E+02
  -4.809  0.1697E+01  0.1484E+02
  -4.799  0.1704E+01  0.1485E+02
  -4.789  0.1711E+01  0.1487E+02
  -4.779  0.1717E+01  0.1489E+02
  -4.769  0.1724E+01  0.1491E+02
  -4.759  0.1731E+01  0.1492E+02
  -4.749  0.1737E+01  0.1494E+02
  -4.739  0.1744E+01  0.1496E+02
  -4.729  0.1750E+01  0.1498E+02
  -4.719  0.1756E+01  0.1499E+02
  -4.709  0.1762E+01  0.1501E+02
  -4.699  0.1768E+01  0.1503E+02
  -4.689  0.1774E+01  0.1505E+02
  -4.679  0.1779E+01  0.1506E+02
  -4.669  0.1785E+01  0.1508E+02
  -4.659  0.1790E+01  0.1510E+02
  -4.649  0.1795E+01  0.1512E+02
  -4.639  0.1800E+01  0.1514E+02
  -4.629  0.1804E+01  0.1515E+02
  -4.619  0.1809E+01  0.1517E+02
  -4.609  0.1813E+01  0.1519E+02
  -4.599  0.1817E+01  0.1521E+02
  -4.589  0.1820E+01  0.1523E+02
  -4.579  0.1824E+01  0.1524E+02
  -4.569  0.1827E+01  0.1526E+02
  -4.559  0.1831E+01  0.1528E+02
  -4.549  0.1834E+01  0.1530E+02
  -4.539  0.1836E+01  0.1532E+02
  -4.529  0.1839E+01  0.1534E+02
  -4.519  0.1841E+01  0.1535E+02
  -4.509  0.1843E+01  0.1537E+02
  -4.499  0.1845E+01  0.1539E+02
  -4.489  0.1847E+01  0.1541E+02
  -4.479  0.1849E+01  0.1543E+02
  -4.469  0.1850E+01  0.1545E+02
  -4.459  0.1851E+01  0.1547E+02
  -4.449  0.1853E+01  0.1548E+02
  -4.439  0.1853E+01  0.1550E+02
  -4.429  0.1854E+01  0.1552E+02
  -4.419  0.1855E+01  0.1554E+02
  -4.409  0.1855E+01  0.1556E+02
  -4.399  0.1856E+01  0.1558E+02
  -4.389  0.1856E+01  0.1559E+02
  -4.379  0.1856E+01  0.1561E+02
  -4.369  0.1856E+01  0.1563E+02
  -4.359  0.1856E+01  0.1565E+02
  -4.349  0.1856E+01  0.1567E+02
  -4.339  0.1855E+01  0.1569E+02
  -4.329  0.1855E+01  0.1571E+02
  -4.319  0.1855E+01  0.1572E+02
  -4.309  0.1854E+01  0.1574E+02
  -4.299  0.1854E+01  0.1576E+02
  -4.289  0.1853E+01  0.1578E+02
  -4.279  0.1853E+01  0.1580E+02
  -4.269  0.1852E+01  0.1582E+02
  -4.259  0.1851E+01  0.1584E+02
  -4.249  0.1851E+01  0.1585E+02
  -4.239  0.1850E+01  0.1587E+02
  -4.229  0.1850E+01  0.1589E+02
  -4.219  0.1849E+01  0.1591E+02
  -4.209  0.1849E+01  0.1593E+02
  -4.199  0.1848E+01  0.1595E+02
  -4.189  0.1848E+01  0.1597E+02
  -4.179  0.1848E+01  0.1598E+02
  -4.169  0.1848E+01  0.1600E+02
  -4.159  0.1848E+01  0.1602E+02
  -4.149  0.1848E+01  0.1604E+02
  -4.139  0.1848E+01  0.1606E+02
  -4.129  0.1849E+01  0.1608E+02
  -4.119  0.1849E+01  0.1609E+02
  -4.109  0.1850E+01  0.1611E+02
  -4.099  0.1851E+01  0.1613E+02
  -4.089  0.1852E+01  0.1615E+02
  -4.079  0.1853E+01  0.1617E+02
  -4.069  0.1855E+01  0.1619E+02
  -4.059  0.1856E+01  0.1621E+02
  -4.049  0.1858E+01  0.1622E+02
  -4.039  0.1860E+01  0.1624E+02
  -4.029  0.1863E+01  0.1626E+02
  -4.019  0.1866E+01  0.1628E+02
  -4.009  0.1868E+01  0.1630E+02
  -3.999  0.1872E+01  0.1632E+02
  -3.989  0.1875E+01  0.1634E+02
  -3.979  0.1879E+01  0.1636E+02
  -3.969  0.1883E+01  0.1637E+02
  -3.959  0.1888E+01  0.1639E+02
  -3.949  0.1892E+01  0.1641E+02
  -3.939  0.1898E+01  0.1643E+02
  -3.929  0.1903E+01  0.1645E+02
  -3.919  0.1909E+01  0.1647E+02
  -3.909  0.1915E+01  0.1649E+02
  -3.899  0.1922E+01  0.1651E+02
  -3.889  0.1929E+01  0.1653E+02
  -3.879  0.1936E+01  0.1655E+02
  -3.869  0.1944E+01  0.1657E+02
  -3.859  0.1952E+01  0.1659E+02
  -3.849  0.1961E+01  0.1660E+02
  -3.839  0.1970E+01  0.1662E+02
  -3.829  0.1980E+01  0.1664E+02
  -3.819  0.1990E+01  0.1666E+02
  -3.809  0.2001E+01  0.1668E+02
  -3.799  0.2012E+01  0.1670E+02
  -3.789  0.2024E+01  0.1672E+02
  -3.779  0.2036E+01  0.1674E+02
  -3.769  0.2049E+01  0.1677E+02
  -3.759  0.2062E+01  0.1679E+02
  -3.749  0.2076E+01  0.1681E+02
  -3.739  0.2090E+01  0.1683E+02
  -3.729  0.2105E+01  0.1685E+02
  -3.719  0.2120E+01  0.1687E+02
  -3.709  0.2136E+01  0.1689E+02
  -3.699  0.2153E+01  0.1691E+02
  -3.689  0.2170E+01  0.1693E+02
  -3.679  0.2188E+01  0.1696E+02
  -3.669  0.2207E+01  0.1698E+02
  -3.659  0.2226E+01  0.1700E+02
  -3.649  0.2246E+01  0.1702E+02
  -3.639  0.2266E+01  0.1705E+02
  -3.629  0.2287E+01  0.1707E+02
  -3.619  0.2309E+01  0.1709E+02
  -3.609  0.2331E+01  0.1712E+02
  -3.599  0.2355E+01  0.1714E+02
  -3.589  0.2378E+01  0.1716E+02
  -3.579  0.2403E+01  0.1719E+02
  -3.569  0.2428E+01  0.1721E+02
  -3.559  0.2454E+01  0.1724E+02
  -3.549  0.2480E+01  0.1726E+02
  -3.539  0.2507E+01  0.1729E+02
  -3.529  0.2535E+01  0.1731E+02
  -3.519  0.2564E+01  0.1734E+02
  -3.509  0.2593E+01  0.1736E+02
  -3.499  0.2623E+01  0.1739E+02
  -3.489  0.2653E+01  0.1741E+02
  -3.479  0.2684E+01  0.1744E+02
  -3.469  0.2716E+01  0.1747E+02
  -3.459  0.2748E+01  0.1750E+02
  -3.449  0.2782E+01  0.1752E+02
  -3.439  0.2815E+01  0.1755E+02
  -3.429  0.2850E+01  0.1758E+02
  -3.419  0.2884E+01  0.1761E+02
  -3.409  0.2920E+01  0.1764E+02
  -3.399  0.2956E+01  0.1767E+02
  -3.389  0.2993E+01  0.1770E+02
  -3.379  0.3030E+01  0.1773E+02
  -3.369  0.3068E+01  0.1776E+02
  -3.359  0.3106E+01  0.1779E+02
  -3.349  0.3145E+01  0.1782E+02
  -3.339  0.3184E+01  0.1785E+02
  -3.329  0.3223E+01  0.1789E+02
  -3.319  0.3263E+01  0.1792E+02
  -3.309  0.3304E+01  0.1795E+02
  -3.299  0.3344E+01  0.1798E+02
  -3.289  0.3386E+01  0.1802E+02
  -3.279  0.3427E+01  0.1805E+02
  -3.269  0.3469E+01  0.1809E+02
  -3.259  0.3511E+01  0.1812E+02
  -3.249  0.3553E+01  0.1816E+02
  -3.239  0.3595E+01  0.1819E+02
  -3.229  0.3637E+01  0.1823E+02
  -3.219  0.3680E+01  0.1827E+02
  -3.209  0.3723E+01  0.1830E+02
  -3.199  0.3765E+01  0.1834E+02
  -3.189  0.3808E+01  0.1838E+02
  -3.179  0.3851E+01  0.1842E+02
  -3.169  0.3893E+01  0.1846E+02
  -3.159  0.3936E+01  0.1850E+02
  -3.149  0.3978E+01  0.1854E+02
  -3.139  0.4020E+01  0.1858E+02
  -3.129  0.4062E+01  0.1862E+02
  -3.119  0.4103E+01  0.1866E+02
  -3.109  0.4145E+01  0.1870E+02
  -3.099  0.4185E+01  0.1874E+02
  -3.089  0.4226E+01  0.1878E+02
  -3.079  0.4266E+01  0.1883E+02
  -3.069  0.4305E+01  0.1887E+02
  -3.059  0.4344E+01  0.1891E+02
  -3.049  0.4383E+01  0.1896E+02
  -3.039  0.4421E+01  0.1900E+02
  -3.029  0.4458E+01  0.1905E+02
  -3.019  0.4494E+01  0.1909E+02
  -3.009  0.4530E+01  0.1914E+02
  -2.999  0.4565E+01  0.1918E+02
  -2.989  0.4599E+01  0.1923E+02
  -2.979  0.4632E+01  0.1927E+02
  -2.969  0.4665E+01  0.1932E+02
  -2.959  0.4696E+01  0.1937E+02
  -2.949  0.4726E+01  0.1942E+02
  -2.939  0.4756E+01  0.1946E+02
  -2.929  0.4784E+01  0.1951E+02
  -2.919  0.4811E+01  0.1956E+02
  -2.909  0.4837E+01  0.1961E+02
  -2.899  0.4862E+01  0.1966E+02
  -2.889  0.4886E+01  0.1970E+02
  -2.879  0.4909E+01  0.1975E+02
  -2.869  0.4930E+01  0.1980E+02
  -2.859  0.4950E+01  0.1985E+02
  -2.849  0.4969E+01  0.1990E+02
  -2.839  0.4986E+01  0.1995E+02
  -2.829  0.5002E+01  0.2000E+02
  -2.819  0.5017E+01  0.2005E+02
  -2.809  0.5030E+01  0.2010E+02
  -2.799  0.5042E+01  0.2015E+02
  -2.789  0.5052E+01  0.2020E+02
  -2.779  0.5061E+01  0.2025E+02
  -2.769  0.5069E+01  0.2030E+02
  -2.759  0.5075E+01  0.2036E+02
  -2.749  0.5079E+01  0.2041E+02
  -2.739  0.5082E+01  0.2046E+02
  -2.729  0.5084E+01  0.2051E+02
  -2.719  0.5083E+01  0.2056E+02
  -2.709  0.5082E+01  0.2061E+02
  -2.699  0.5079E+01  0.2066E+02
  -2.689  0.5074E+01  0.2071E+02
  -2.679  0.5068E+01  0.2076E+02
  -2.669  0.5060E+01  0.2081E+02
  -2.659  0.5050E+01  0.2086E+02
  -2.649  0.5040E+01  0.2091E+02
  -2.639  0.5027E+01  0.2096E+02
  -2.629  0.5013E+01  0.2101E+02
  -2.619  0.4998E+01  0.2106E+02
  -2.609  0.4980E+01  0.2111E+02
  -2.599  0.4962E+01  0.2116E+02
  -2.589  0.4942E+01  0.2121E+02
  -2.579  0.4920E+01  0.2126E+02
  -2.569  0.4897E+01  0.2131E+02
  -2.559  0.4873E+01  0.2136E+02
  -2.549  0.4847E+01  0.2141E+02
  -2.539  0.4820E+01  0.2146E+02
  -2.529  0.4791E+01  0.2150E+02
  -2.519  0.4761E+01  0.2155E+02
  -2.509  0.4730E+01  0.2160E+02
  -2.499  0.4697E+01  0.2165E+02
  -2.489  0.4663E+01  0.2169E+02
  -2.479  0.4628E+01  0.2174E+02
  -2.469  0.4591E+01  0.2178E+02
  -2.459  0.4554E+01  0.2183E+02
  -2.449  0.4515E+01  0.2188E+02
  -2.439  0.4475E+01  0.2192E+02
  -2.429  0.4434E+01  0.2196E+02
  -2.419  0.4391E+01  0.2201E+02
  -2.409  0.4348E+01  0.2205E+02
  -2.399  0.4304E+01  0.2209E+02
  -2.389  0.4259E+01  0.2214E+02
  -2.379  0.4212E+01  0.2218E+02
  -2.369  0.4165E+01  0.2222E+02
  -2.359  0.4117E+01  0.2226E+02
  -2.349  0.4069E+01  0.2230E+02
  -2.339  0.4019E+01  0.2234E+02
  -2.329  0.3969E+01  0.2238E+02
  -2.319  0.3918E+01  0.2242E+02
  -2.309  0.3866E+01  0.2246E+02
  -2.299  0.3814E+01  0.2250E+02
  -2.289  0.3761E+01  0.2254E+02
  -2.279  0.3707E+01  0.2257E+02
  -2.269  0.3653E+01  0.2261E+02
  -2.259  0.3599E+01  0.2265E+02
  -2.249  0.3544E+01  0.2268E+02
  -2.239  0.3489E+01  0.2272E+02
  -2.229  0.3434E+01  0.2275E+02
  -2.219  0.3378E+01  0.2278E+02
  -2.209  0.3322E+01  0.2282E+02
  -2.199  0.3265E+01  0.2285E+02
  -2.189  0.3209E+01  0.2288E+02
  -2.179  0.3152E+01  0.2291E+02
  -2.169  0.3096E+01  0.2295E+02
  -2.159  0.3039E+01  0.2298E+02
  -2.149  0.2982E+01  0.2301E+02
  -2.139  0.2925E+01  0.2303E+02
  -2.129  0.2869E+01  0.2306E+02
  -2.119  0.2812E+01  0.2309E+02
  -2.109  0.2756E+01  0.2312E+02
  -2.099  0.2699E+01  0.2315E+02
  -2.089  0.2643E+01  0.2317E+02
  -2.079  0.2588E+01  0.2320E+02
  -2.069  0.2532E+01  0.2322E+02
  -2.059  0.2477E+01  0.2325E+02
  -2.049  0.2422E+01  0.2327E+02
  -2.039  0.2368E+01  0.2330E+02
  -2.029  0.2314E+01  0.2332E+02
  -2.019  0.2260E+01  0.2334E+02
  -2.009  0.2207E+01  0.2336E+02
  -1.999  0.2155E+01  0.2339E+02
  -1.989  0.2103E+01  0.2341E+02
  -1.979  0.2051E+01  0.2343E+02
  -1.969  0.2000E+01  0.2345E+02
  -1.959  0.1950E+01  0.2347E+02
  -1.949  0.1900E+01  0.2349E+02
  -1.939  0.1852E+01  0.2350E+02
  -1.929  0.1803E+01  0.2352E+02
  -1.919  0.1756E+01  0.2354E+02
  -1.909  0.1709E+01  0.2356E+02
  -1.899  0.1663E+01  0.2357E+02
  -1.889  0.1618E+01  0.2359E+02
  -1.879  0.1574E+01  0.2361E+02
  -1.869  0.1530E+01  0.2362E+02
  -1.859  0.1487E+01  0.2364E+02
  -1.849  0.1445E+01  0.2365E+02
  -1.839  0.1404E+01  0.2366E+02
  -1.829  0.1364E+01  0.2368E+02
  -1.819  0.1325E+01  0.2369E+02
  -1.809  0.1287E+01  0.2370E+02
  -1.799  0.1249E+01  0.2372E+02
  -1.789  0.1213E+01  0.2373E+02
  -1.779  0.1178E+01  0.2374E+02
  -1.769  0.1143E+01  0.2375E+02
  -1.759  0.1109E+01  0.2376E+02
  -1.749  0.1077E+01  0.2377E+02
  -1.739  0.1045E+01  0.2378E+02
  -1.729  0.1015E+01  0.2379E+02
  -1.719  0.9853E+00  0.2380E+02
  -1.709  0.9568E+00  0.2381E+02
  -1.699  0.9293E+00  0.2382E+02
  -1.689  0.9028E+00  0.2383E+02
  -1.679  0.8774E+00  0.2384E+02
  -1.669  0.8530E+00  0.2385E+02
  -1.659  0.8297E+00  0.2386E+02
  -1.649  0.8074E+00  0.2387E+02
  -1.639  0.7862E+00  0.2387E+02
  -1.629  0.7661E+00  0.2388E+02
  -1.619  0.7470E+00  0.2389E+02
  -1.609  0.7290E+00  0.2390E+02
  -1.599  0.7120E+00  0.2390E+02
  -1.589  0.6961E+00  0.2391E+02
  -1.579  0.6814E+00  0.2392E+02
  -1.569  0.6677E+00  0.2392E+02
  -1.559  0.6551E+00  0.2393E+02
  -1.549  0.6435E+00  0.2394E+02
  -1.539  0.6331E+00  0.2394E+02
  -1.529  0.6238E+00  0.2395E+02
  -1.519  0.6156E+00  0.2396E+02
  -1.509  0.6084E+00  0.2396E+02
  -1.499  0.6024E+00  0.2397E+02
  -1.489  0.5975E+00  0.2397E+02
  -1.479  0.5937E+00  0.2398E+02
  -1.469  0.5910E+00  0.2398E+02
  -1.459  0.5894E+00  0.2399E+02
  -1.449  0.5889E+00  0.2400E+02
  -1.439  0.5896E+00  0.2400E+02
  -1.429  0.5914E+00  0.2401E+02
  -1.419  0.5943E+00  0.2401E+02
  -1.409  0.5983E+00  0.2402E+02
  -1.399  0.6035E+00  0.2403E+02
  -1.389  0.6098E+00  0.2403E+02
  -1.379  0.6172E+00  0.2404E+02
  -1.369  0.6258E+00  0.2405E+02
  -1.359  0.6355E+00  0.2405E+02
  -1.349  0.6463E+00  0.2406E+02
  -1.339  0.6583E+00  0.2406E+02
  -1.329  0.6715E+00  0.2407E+02
  -1.319  0.6858E+00  0.2408E+02
  -1.309  0.7012E+00  0.2409E+02
  -1.299  0.7178E+00  0.2409E+02
  -1.289  0.7355E+00  0.2410E+02
  -1.279  0.7544E+00  0.2411E+02
  -1.269  0.7744E+00  0.2411E+02
  -1.259  0.7956E+00  0.2412E+02
  -1.249  0.8180E+00  0.2413E+02
  -1.239  0.8415E+00  0.2414E+02
  -1.229  0.8661E+00  0.2415E+02
  -1.219  0.8919E+00  0.2416E+02
  -1.209  0.9189E+00  0.2417E+02
  -1.199  0.9469E+00  0.2418E+02
  -1.189  0.9762E+00  0.2419E+02
  -1.179  0.1007E+01  0.2420E+02
  -1.169  0.1038E+01  0.2421E+02
  -1.159  0.1071E+01  0.2422E+02
  -1.149  0.1104E+01  0.2423E+02
  -1.139  0.1139E+01  0.2424E+02
  -1.129  0.1175E+01  0.2425E+02
  -1.119  0.1212E+01  0.2426E+02
  -1.109  0.1251E+01  0.2428E+02
  -1.099  0.1290E+01  0.2429E+02
  -1.089  0.1330E+01  0.2430E+02
  -1.079  0.1372E+01  0.2432E+02
  -1.069  0.1414E+01  0.2433E+02
  -1.059  0.1458E+01  0.2434E+02
  -1.049  0.1502E+01  0.2436E+02
  -1.039  0.1548E+01  0.2437E+02
  -1.029  0.1594E+01  0.2439E+02
  -1.019  0.1642E+01  0.2441E+02
  -1.009  0.1690E+01  0.2442E+02
  -0.999  0.1740E+01  0.2444E+02
  -0.989  0.1790E+01  0.2446E+02
  -0.979  0.1841E+01  0.2448E+02
  -0.969  0.1894E+01  0.2450E+02
  -0.959  0.1947E+01  0.2452E+02
  -0.949  0.2000E+01  0.2454E+02
  -0.939  0.2055E+01  0.2456E+02
  -0.929  0.2111E+01  0.2458E+02
  -0.919  0.2167E+01  0.2460E+02
  -0.909  0.2224E+01  0.2462E+02
  -0.899  0.2281E+01  0.2464E+02
  -0.889  0.2340E+01  0.2467E+02
  -0.879  0.2399E+01  0.2469E+02
  -0.869  0.2458E+01  0.2472E+02
  -0.859  0.2519E+01  0.2474E+02
  -0.849  0.2579E+01  0.2477E+02
  -0.839  0.2641E+01  0.2479E+02
  -0.829  0.2702E+01  0.2482E+02
  -0.819  0.2764E+01  0.2485E+02
  -0.809  0.2827E+01  0.2488E+02
  -0.799  0.2890E+01  0.2491E+02
  -0.789  0.2953E+01  0.2494E+02
  -0.779  0.3017E+01  0.2497E+02
  -0.769  0.3081E+01  0.2500E+02
  -0.759  0.3145E+01  0.2503E+02
  -0.749  0.3209E+01  0.2506E+02
  -0.739  0.3274E+01  0.2509E+02
  -0.729  0.3338E+01  0.2513E+02
  -0.719  0.3403E+01  0.2516E+02
  -0.709  0.3468E+01  0.2519E+02
  -0.699  0.3532E+01  0.2523E+02
  -0.689  0.3597E+01  0.2527E+02
  -0.679  0.3662E+01  0.2530E+02
  -0.669  0.3726E+01  0.2534E+02
  -0.659  0.3791E+01  0.2538E+02
  -0.649  0.3855E+01  0.2542E+02
  -0.639  0.3919E+01  0.2546E+02
  -0.629  0.3982E+01  0.2549E+02
  -0.619  0.4045E+01  0.2554E+02
  -0.609  0.4108E+01  0.2558E+02
  -0.599  0.4171E+01  0.2562E+02
  -0.589  0.4233E+01  0.2566E+02
  -0.579  0.4295E+01  0.2570E+02
  -0.569  0.4356E+01  0.2575E+02
  -0.559  0.4417E+01  0.2579E+02
  -0.549  0.4477E+01  0.2584E+02
  -0.539  0.4537E+01  0.2588E+02
  -0.529  0.4596E+01  0.2593E+02
  -0.519  0.4654E+01  0.2597E+02
  -0.509  0.4712E+01  0.2602E+02
  -0.499  0.4769E+01  0.2607E+02
  -0.489  0.4825E+01  0.2612E+02
  -0.479  0.4880E+01  0.2617E+02
  -0.469  0.4935E+01  0.2622E+02
  -0.459  0.4989E+01  0.2626E+02
  -0.449  0.5042E+01  0.2632E+02
  -0.439  0.5095E+01  0.2637E+02
  -0.429  0.5146E+01  0.2642E+02
  -0.419  0.5197E+01  0.2647E+02
  -0.409  0.5247E+01  0.2652E+02
  -0.399  0.5295E+01  0.2658E+02
  -0.389  0.5343E+01  0.2663E+02
  -0.379  0.5390E+01  0.2668E+02
  -0.369  0.5436E+01  0.2674E+02
  -0.359  0.5482E+01  0.2679E+02
  -0.349  0.5526E+01  0.2685E+02
  -0.339  0.5569E+01  0.2690E+02
  -0.329  0.5611E+01  0.2696E+02
  -0.319  0.5653E+01  0.2702E+02
  -0.309  0.5693E+01  0.2707E+02
  -0.299  0.5733E+01  0.2713E+02
  -0.289  0.5771E+01  0.2719E+02
  -0.279  0.5809E+01  0.2725E+02
  -0.269  0.5845E+01  0.2730E+02
  -0.259  0.5881E+01  0.2736E+02
  -0.249  0.5916E+01  0.2742E+02
  -0.239  0.5949E+01  0.2748E+02
  -0.229  0.5982E+01  0.2754E+02
  -0.219  0.6014E+01  0.2760E+02
  -0.209  0.6045E+01  0.2766E+02
  -0.199  0.6075E+01  0.2772E+02
  -0.189  0.6105E+01  0.2778E+02
  -0.179  0.6133E+01  0.2784E+02
  -0.169  0.6161E+01  0.2791E+02
  -0.159  0.6187E+01  0.2797E+02
  -0.149  0.6213E+01  0.2803E+02
  -0.139  0.6238E+01  0.2809E+02
  -0.129  0.6263E+01  0.2816E+02
  -0.119  0.6286E+01  0.2822E+02
  -0.109  0.6309E+01  0.2828E+02
  -0.099  0.6331E+01  0.2834E+02
  -0.089  0.6352E+01  0.2841E+02
  -0.079  0.6373E+01  0.2847E+02
  -0.069  0.6393E+01  0.2854E+02
  -0.059  0.6413E+01  0.2860E+02
  -0.049  0.6431E+01  0.2866E+02
  -0.039  0.6449E+01  0.2873E+02
  -0.029  0.6467E+01  0.2879E+02
  -0.019  0.6484E+01  0.2886E+02
  -0.009  0.6500E+01  0.2892E+02
   0.001  0.6516E+01  0.2899E+02
   0.011  0.6532E+01  0.2905E+02
   0.021  0.6546E+01  0.2912E+02
   0.031  0.6561E+01  0.2918E+02
   0.041  0.6575E+01  0.2925E+02
   0.051  0.6589E+01  0.2932E+02
   0.061  0.6602E+01  0.2938E+02
   0.071  0.6615E+01  0.2945E+02
   0.081  0.6627E+01  0.2951E+02
   0.091  0.6639E+01  0.2958E+02
   0.101  0.6651E+01  0.2965E+02
   0.111  0.6663E+01  0.2971E+02
   0.121  0.6674E+01  0.2978E+02
   0.131  0.6685E+01  0.2985E+02
   0.141  0.6696E+01  0.2992E+02
   0.151  0.6706E+01  0.2998E+02
   0.161  0.6717E+01  0.3005E+02
   0.171  0.6727E+01  0.3012E+02
   0.181  0.6737E+01  0.3018E+02
   0.191  0.6747E+01  0.3025E+02
   0.201  0.6756E+01  0.3032E+02
   0.211  0.6766E+01  0.3039E+02
   0.221  0.6775E+01  0.3045E+02
   0.231  0.6785E+01  0.3052E+02
   0.241  0.6794E+01  0.3059E+02
   0.251  0.6803E+01  0.3066E+02
   0.261  0.6812E+01  0.3073E+02
   0.271  0.6821E+01  0.3079E+02
   0.281  0.6830E+01  0.3086E+02
   0.291  0.6839E+01  0.3093E+02
   0.301  0.6848E+01  0.3100E+02
   0.311  0.6857E+01  0.3107E+02
   0.321  0.6866E+01  0.3114E+02
   0.331  0.6875E+01  0.3121E+02
   0.341  0.6884E+01  0.3127E+02
   0.351  0.6893E+01  0.3134E+02
   0.361  0.6902E+01  0.3141E+02
   0.371  0.6911E+01  0.3148E+02
   0.381  0.6920E+01  0.3155E+02
   0.391  0.6929E+01  0.3162E+02
   0.401  0.6938E+01  0.3169E+02
   0.411  0.6948E+01  0.3176E+02
   0.421  0.6957E+01  0.3183E+02
   0.431  0.6966E+01  0.3190E+02
   0.441  0.6976E+01  0.3197E+02
   0.451  0.6985E+01  0.3204E+02
   0.461  0.6995E+01  0.3211E+02
   0.471  0.7004E+01  0.3218E+02
   0.481  0.7014E+01  0.3225E+02
   0.491  0.7024E+01  0.3232E+02
   0.501  0.7034E+01  0.3239E+02
   0.511  0.7044E+01  0.3246E+02
   0.521  0.7054E+01  0.3253E+02
   0.531  0.7064E+01  0.3260E+02
   0.541  0.7074E+01  0.3267E+02
   0.551  0.7084E+01  0.3274E+02
   0.561  0.7095E+01  0.3281E+02
   0.571  0.7105E+01  0.3288E+02
   0.581  0.7116E+01  0.3295E+02
   0.591  0.7127E+01  0.3303E+02
   0.601  0.7137E+01  0.3310E+02
   0.611  0.7148E+01  0.3317E+02
   0.621  0.7159E+01  0.3324E+02
   0.631  0.7170E+01  0.3331E+02
   0.641  0.7182E+01  0.3338E+02
   0.651  0.7193E+01  0.3346E+02
   0.661  0.7204E+01  0.3353E+02
   0.671  0.7216E+01  0.3360E+02
   0.681  0.7227E+01  0.3367E+02
   0.691  0.7239E+01  0.3374E+02
   0.701  0.7250E+01  0.3382E+02
   0.711  0.7262E+01  0.3389E+02
   0.721  0.7274E+01  0.3396E+02
   0.731  0.7286E+01  0.3404E+02
   0.741  0.7298E+01  0.3411E+02
   0.751  0.7310E+01  0.3418E+02
   0.761  0.7322E+01  0.3425E+02
   0.771  0.7334E+01  0.3433E+02
   0.781  0.7347E+01  0.3440E+02
   0.791  0.7359E+01  0.3448E+02
   0.801  0.7371E+01  0.3455E+02
   0.811  0.7384E+01  0.3462E+02
   0.821  0.7396E+01  0.3470E+02
   0.831  0.7408E+01  0.3477E+02
   0.841  0.7421E+01  0.3485E+02
   0.851  0.7433E+01  0.3492E+02
   0.861  0.7446E+01  0.3499E+02
   0.871  0.7458E+01  0.3507E+02
   0.881  0.7471E+01  0.3514E+02
   0.891  0.7483E+01  0.3522E+02
   0.901  0.7496E+01  0.3529E+02
   0.911  0.7508E+01  0.3537E+02
   0.921  0.7521E+01  0.3544E+02
   0.931  0.7533E+01  0.3552E+02
   0.941  0.7545E+01  0.3559E+02
   0.951  0.7558E+01  0.3567E+02
   0.961  0.7570E+01  0.3575E+02
   0.971  0.7582E+01  0.3582E+02
   0.981  0.7594E+01  0.3590E+02
   0.991  0.7606E+01  0.3597E+02
   1.001  0.7618E+01  0.3605E+02
   1.011  0.7629E+01  0.3613E+02
   1.021  0.7641E+01  0.3620E+02
   1.031  0.7652E+01  0.3628E+02
   1.041  0.7663E+01  0.3636E+02
   1.051  0.7674E+01  0.3643E+02
   1.061  0.7685E+01  0.3651E+02
   1.071  0.7696E+01  0.3659E+02
   1.081  0.7706E+01  0.3666E+02
   1.091  0.7717E+01  0.3674E+02
   1.101  0.7727E+01  0.3682E+02
   1.111  0.7736E+01  0.3689E+02
   1.121  0.7746E+01  0.3697E+02
   1.131  0.7755E+01  0.3705E+02
   1.141  0.7764E+01  0.3713E+02
   1.151  0.7773E+01  0.3721E+02
   1.161  0.7781E+01  0.3728E+02
   1.171  0.7789E+01  0.3736E+02
   1.181  0.7797E+01  0.3744E+02
   1.191  0.7804E+01  0.3752E+02
   1.201  0.7811E+01  0.3759E+02
   1.211  0.7817E+01  0.3767E+02
   1.221  0.7824E+01  0.3775E+02
   1.231  0.7829E+01  0.3783E+02
   1.241  0.7835E+01  0.3791E+02
   1.251  0.7840E+01  0.3799E+02
   1.261  0.7844E+01  0.3806E+02
   1.271  0.7848E+01  0.3814E+02
   1.281  0.7852E+01  0.3822E+02
   1.291  0.7855E+01  0.3830E+02
   1.301  0.7857E+01  0.3838E+02
   1.311  0.7860E+01  0.3846E+02
   1.321  0.7861E+01  0.3854E+02
   1.331  0.7862E+01  0.3861E+02
   1.341  0.7863E+01  0.3869E+02
   1.351  0.7863E+01  0.3877E+02
   1.361  0.7862E+01  0.3885E+02
   1.371  0.7861E+01  0.3893E+02
   1.381  0.7860E+01  0.3901E+02
   1.391  0.7858E+01  0.3909E+02
   1.401  0.7855E+01  0.3916E+02
   1.411  0.7852E+01  0.3924E+02
   1.421  0.7848E+01  0.3932E+02
   1.431  0.7844E+01  0.3940E+02
   1.441  0.7839E+01  0.3948E+02
   1.451  0.7833E+01  0.3956E+02
   1.461  0.7827E+01  0.3964E+02
   1.471  0.7821E+01  0.3971E+02
   1.481  0.7813E+01  0.3979E+02
   1.491  0.7805E+01  0.3987E+02
   1.501  0.7797E+01  0.3995E+02
   1.511  0.7788E+01  0.4003E+02
   1.521  0.7778E+01  0.4010E+02
   1.531  0.7768E+01  0.4018E+02
   1.541  0.7757E+01  0.4026E+02
   1.551  0.7746E+01  0.4034E+02
   1.561  0.7734E+01  0.4041E+02
   1.571  0.7722E+01  0.4049E+02
   1.581  0.7709E+01  0.4057E+02
   1.591  0.7695E+01  0.4064E+02
   1.601  0.7681E+01  0.4072E+02
   1.611  0.7666E+01  0.4080E+02
   1.621  0.7651E+01  0.4087E+02
   1.631  0.7635E+01  0.4095E+02
   1.641  0.7618E+01  0.4103E+02
   1.651  0.7601E+01  0.4110E+02
   1.661  0.7584E+01  0.4118E+02
   1.671  0.7566E+01  0.4125E+02
   1.681  0.7547E+01  0.4133E+02
   1.691  0.7528E+01  0.4141E+02
   1.701  0.7508E+01  0.4148E+02
   1.711  0.7488E+01  0.4156E+02
   1.721  0.7467E+01  0.4163E+02
   1.731  0.7446E+01  0.4170E+02
   1.741  0.7425E+01  0.4178E+02
   1.751  0.7402E+01  0.4185E+02
   1.761  0.7380E+01  0.4193E+02
   1.771  0.7357E+01  0.4200E+02
   1.781  0.7333E+01  0.4207E+02
   1.791  0.7309E+01  0.4215E+02
   1.801  0.7284E+01  0.4222E+02
   1.811  0.7259E+01  0.4229E+02
   1.821  0.7234E+01  0.4236E+02
   1.831  0.7208E+01  0.4244E+02
   1.841  0.7181E+01  0.4251E+02
   1.851  0.7154E+01  0.4258E+02
   1.861  0.7127E+01  0.4265E+02
   1.871  0.7099E+01  0.4272E+02
   1.881  0.7070E+01  0.4279E+02
   1.891  0.7041E+01  0.4286E+02
   1.901  0.7012E+01  0.4293E+02
   1.911  0.6982E+01  0.4300E+02
   1.921  0.6952E+01  0.4307E+02
   1.931  0.6921E+01  0.4314E+02
   1.941  0.6890E+01  0.4321E+02
   1.951  0.6858E+01  0.4328E+02
   1.961  0.6826E+01  0.4335E+02
   1.971  0.6793E+01  0.4342E+02
   1.981  0.6760E+01  0.4348E+02
   1.991  0.6726E+01  0.4355E+02
   2.001  0.6692E+01  0.4362E+02
   2.011  0.6657E+01  0.4368E+02
   2.021  0.6621E+01  0.4375E+02
   2.031  0.6586E+01  0.4382E+02
   2.041  0.6549E+01  0.4388E+02
   2.051  0.6512E+01  0.4395E+02
   2.061  0.6475E+01  0.4401E+02
   2.071  0.6437E+01  0.4408E+02
   2.081  0.6398E+01  0.4414E+02
   2.091  0.6359E+01  0.4420E+02
   2.101  0.6319E+01  0.4427E+02
   2.111  0.6278E+01  0.4433E+02
   2.121  0.6237E+01  0.4439E+02
   2.131  0.6196E+01  0.4445E+02
   2.141  0.6154E+01  0.4452E+02
   2.151  0.6111E+01  0.4458E+02
   2.161  0.6067E+01  0.4464E+02
   2.171  0.6023E+01  0.4470E+02
   2.181  0.5978E+01  0.4476E+02
   2.191  0.5933E+01  0.4482E+02
   2.201  0.5887E+01  0.4488E+02
   2.211  0.5840E+01  0.4493E+02
   2.221  0.5793E+01  0.4499E+02
   2.231  0.5745E+01  0.4505E+02
   2.241  0.5696E+01  0.4511E+02
   2.251  0.5647E+01  0.4516E+02
   2.261  0.5597E+01  0.4522E+02
   2.271  0.5547E+01  0.4527E+02
   2.281  0.5495E+01  0.4533E+02
   2.291  0.5443E+01  0.4538E+02
   2.301  0.5391E+01  0.4544E+02
   2.311  0.5338E+01  0.4549E+02
   2.321  0.5284E+01  0.4554E+02
   2.331  0.5229E+01  0.4560E+02
   2.341  0.5174E+01  0.4565E+02
   2.351  0.5119E+01  0.4570E+02
   2.361  0.5062E+01  0.4575E+02
   2.371  0.5005E+01  0.4580E+02
   2.381  0.4948E+01  0.4585E+02
   2.391  0.4890E+01  0.4590E+02
   2.401  0.4831E+01  0.4595E+02
   2.411  0.4772E+01  0.4599E+02
   2.421  0.4712E+01  0.4604E+02
   2.431  0.4652E+01  0.4609E+02
   2.441  0.4591E+01  0.4613E+02
   2.451  0.4530E+01  0.4618E+02
   2.461  0.4469E+01  0.4622E+02
   2.471  0.4407E+01  0.4627E+02
   2.481  0.4344E+01  0.4631E+02
   2.491  0.4282E+01  0.4635E+02
   2.501  0.4219E+01  0.4640E+02
   2.511  0.4155E+01  0.4644E+02
   2.521  0.4091E+01  0.4648E+02
   2.531  0.4027E+01  0.4652E+02
   2.541  0.3963E+01  0.4656E+02
   2.551  0.3899E+01  0.4660E+02
   2.561  0.3834E+01  0.4664E+02
   2.571  0.3769E+01  0.4667E+02
   2.581  0.3704E+01  0.4671E+02
   2.591  0.3639E+01  0.4675E+02
   2.601  0.3574E+01  0.4678E+02
   2.611  0.3509E+01  0.4682E+02
   2.621  0.3444E+01  0.4685E+02
   2.631  0.3379E+01  0.4689E+02
   2.641  0.3314E+01  0.4692E+02
   2.651  0.3249E+01  0.4695E+02
   2.661  0.3184E+01  0.4698E+02
   2.671  0.3120E+01  0.4701E+02
   2.681  0.3055E+01  0.4704E+02
   2.691  0.2991E+01  0.4707E+02
   2.701  0.2927E+01  0.4710E+02
   2.711  0.2864E+01  0.4713E+02
   2.721  0.2801E+01  0.4716E+02
   2.731  0.2738E+01  0.4719E+02
   2.741  0.2675E+01  0.4721E+02
   2.751  0.2613E+01  0.4724E+02
   2.761  0.2552E+01  0.4727E+02
   2.771  0.2491E+01  0.4729E+02
   2.781  0.2430E+01  0.4732E+02
   2.791  0.2370E+01  0.4734E+02
   2.801  0.2310E+01  0.4736E+02
   2.811  0.2252E+01  0.4738E+02
   2.821  0.2193E+01  0.4741E+02
   2.831  0.2136E+01  0.4743E+02
   2.841  0.2079E+01  0.4745E+02
   2.851  0.2023E+01  0.4747E+02
   2.861  0.1967E+01  0.4749E+02
   2.871  0.1912E+01  0.4751E+02
   2.881  0.1858E+01  0.4753E+02
   2.891  0.1805E+01  0.4754E+02
   2.901  0.1753E+01  0.4756E+02
   2.911  0.1701E+01  0.4758E+02
   2.921  0.1650E+01  0.4760E+02
   2.931  0.1600E+01  0.4761E+02
   2.941  0.1551E+01  0.4763E+02
   2.951  0.1503E+01  0.4764E+02
   2.961  0.1455E+01  0.4766E+02
   2.971  0.1409E+01  0.4767E+02
   2.981  0.1363E+01  0.4768E+02
   2.991  0.1319E+01  0.4770E+02
   3.001  0.1275E+01  0.4771E+02
   3.011  0.1232E+01  0.4772E+02
   3.021  0.1190E+01  0.4773E+02
   3.031  0.1149E+01  0.4775E+02
   3.041  0.1109E+01  0.4776E+02
   3.051  0.1070E+01  0.4777E+02
   3.061  0.1031E+01  0.4778E+02
   3.071  0.9941E+00  0.4779E+02
   3.081  0.9577E+00  0.4780E+02
   3.091  0.9223E+00  0.4781E+02
   3.101  0.8877E+00  0.4782E+02
   3.111  0.8540E+00  0.4782E+02
   3.121  0.8213E+00  0.4783E+02
   3.131  0.7894E+00  0.4784E+02
   3.141  0.7585E+00  0.4785E+02
   3.151  0.7284E+00  0.4786E+02
   3.161  0.6992E+00  0.4786E+02
   3.171  0.6709E+00  0.4787E+02
   3.181  0.6434E+00  0.4788E+02
   3.191  0.6167E+00  0.4788E+02
   3.201  0.5909E+00  0.4789E+02
   3.211  0.5659E+00  0.4789E+02
   3.221  0.5417E+00  0.4790E+02
   3.231  0.5183E+00  0.4790E+02
   3.241  0.4957E+00  0.4791E+02
   3.251  0.4739E+00  0.4791E+02
   3.261  0.4528E+00  0.4792E+02
   3.271  0.4324E+00  0.4792E+02
   3.281  0.4128E+00  0.4793E+02
   3.291  0.3938E+00  0.4793E+02
   3.301  0.3756E+00  0.4793E+02
   3.311  0.3580E+00  0.4794E+02
   3.321  0.3411E+00  0.4794E+02
   3.331  0.3249E+00  0.4794E+02
   3.341  0.3092E+00  0.4795E+02
   3.351  0.2942E+00  0.4795E+02
   3.361  0.2798E+00  0.4795E+02
   3.371  0.2660E+00  0.4796E+02
   3.381  0.2527E+00  0.4796E+02
   3.391  0.2400E+00  0.4796E+02
   3.401  0.2278E+00  0.4796E+02
   3.411  0.2161E+00  0.4797E+02
   3.421  0.2049E+00  0.4797E+02
   3.431  0.1942E+00  0.4797E+02
   3.441  0.1840E+00  0.4797E+02
   3.451  0.1742E+00  0.4797E+02
   3.461  0.1649E+00  0.4797E+02
   3.471  0.1560E+00  0.4798E+02
   3.481  0.1475E+00  0.4798E+02
   3.491  0.1394E+00  0.4798E+02
   3.501  0.1317E+00  0.4798E+02
   3.511  0.1243E+00  0.4798E+02
   3.521  0.1173E+00  0.4798E+02
   3.531  0.1106E+00  0.4798E+02
   3.541  0.1043E+00  0.4798E+02
   3.551  0.9830E-01  0.4799E+02
   3.561  0.9258E-01  0.4799E+02
   3.571  0.8716E-01  0.4799E+02
   3.581  0.8201E-01  0.4799E+02
   3.591  0.7713E-01  0.4799E+02
   3.601  0.7250E-01  0.4799E+02
   3.611  0.6812E-01  0.4799E+02
   3.621  0.6397E-01  0.4799E+02
   3.631  0.6004E-01  0.4799E+02
   3.641  0.5633E-01  0.4799E+02
   3.651  0.5282E-01  0.4799E+02
   3.661  0.4951E-01  0.4799E+02
   3.671  0.4638E-01  0.4799E+02
   3.681  0.4343E-01  0.4799E+02
   3.691  0.4064E-01  0.4799E+02
   3.701  0.3802E-01  0.4800E+02
   3.711  0.3554E-01  0.4800E+02
   3.721  0.3321E-01  0.4800E+02
   3.731  0.3102E-01  0.4800E+02
   3.741  0.2896E-01  0.4800E+02
   3.751  0.2702E-01  0.4800E+02
   3.761  0.2520E-01  0.4800E+02
   3.771  0.2349E-01  0.4800E+02
   3.781  0.2189E-01  0.4800E+02
   3.791  0.2038E-01  0.4800E+02
   3.801  0.1897E-01  0.4800E+02
   3.811  0.1765E-01  0.4800E+02
   3.821  0.1641E-01  0.4800E+02
   3.831  0.1525E-01  0.4800E+02
   3.841  0.1417E-01  0.4800E+02
   3.851  0.1315E-01  0.4800E+02
   3.861  0.1221E-01  0.4800E+02
   3.871  0.1132E-01  0.4800E+02
   3.881  0.1050E-01  0.4800E+02
   3.891  0.9726E-02  0.4800E+02
   3.901  0.9007E-02  0.4800E+02
   3.911  0.8338E-02  0.4800E+02
   3.921  0.7714E-02  0.4800E+02
   3.931  0.7134E-02  0.4800E+02
   3.941  0.6593E-02  0.4800E+02
   3.951  0.6091E-02  0.4800E+02
   3.961  0.5624E-02  0.4800E+02
   3.971  0.5190E-02  0.4800E+02
   3.981  0.4788E-02  0.4800E+02
   3.991  0.4414E-02  0.4800E+02
   4.001  0.4067E-02  0.4800E+02
   4.011  0.3746E-02  0.4800E+02
   4.021  0.3449E-02  0.4800E+02
   4.031  0.3173E-02  0.4800E+02
   4.041  0.2918E-02  0.4800E+02
   4.051  0.2682E-02  0.4800E+02
   4.061  0.2464E-02  0.4800E+02
   4.071  0.2263E-02  0.4800E+02
   4.081  0.2076E-02  0.4800E+02
