#  E (eV)   dos(E)     Int dos(E) EFermi =   2.576 eV
 -18.813  0.1252E-04  0.1252E-06
 -18.803  0.1378E-04  0.2630E-06
 -18.793  0.1515E-04  0.4145E-06
 -18.783  0.1665E-04  0.5810E-06
 -18.773  0.1830E-04  0.7639E-06
 -18.763  0.2009E-04  0.9649E-06
 -18.753  0.2206E-04  0.1185E-05
 -18.743  0.2421E-04  0.1428E-05
 -18.733  0.2656E-04  0.1693E-05
 -18.723  0.2913E-04  0.1985E-05
 -18.713  0.3193E-04  0.2304E-05
 -18.703  0.3498E-04  0.2654E-05
 -18.693  0.3832E-04  0.3037E-05
 -18.683  0.4195E-04  0.3456E-05
 -18.673  0.4591E-04  0.3915E-05
 -18.663  0.5023E-04  0.4418E-05
 -18.653  0.5493E-04  0.4967E-05
 -18.643  0.6004E-04  0.5567E-05
 -18.633  0.6561E-04  0.6223E-05
 -18.623  0.7166E-04  0.6940E-05
 -18.613  0.7824E-04  0.7722E-05
 -18.603  0.8539E-04  0.8576E-05
 -18.593  0.9315E-04  0.9508E-05
 -18.583  0.1016E-03  0.1052E-04
 -18.573  0.1107E-03  0.1163E-04
 -18.563  0.1207E-03  0.1284E-04
 -18.553  0.1314E-03  0.1415E-04
 -18.543  0.1431E-03  0.1558E-04
 -18.533  0.1558E-03  0.1714E-04
 -18.523  0.1695E-03  0.1884E-04
 -18.513  0.1843E-03  0.2068E-04
 -18.503  0.2003E-03  0.2268E-04
 -18.493  0.2177E-03  0.2486E-04
 -18.483  0.2365E-03  0.2722E-04
 -18.473  0.2568E-03  0.2979E-04
 -18.463  0.2787E-03  0.3258E-04
 -18.453  0.3024E-03  0.3560E-04
 -18.443  0.3279E-03  0.3888E-04
 -18.433  0.3555E-03  0.4244E-04
 -18.423  0.3853E-03  0.4629E-04
 -18.413  0.4174E-03  0.5046E-04
 -18.403  0.4519E-03  0.5498E-04
 -18.393  0.4892E-03  0.5987E-04
 -18.383  0.5293E-03  0.6517E-04
 -18.373  0.5725E-03  0.7089E-04
 -18.363  0.6190E-03  0.7708E-04
 -18.353  0.6689E-03  0.8377E-04
 -18.343  0.7227E-03  0.9100E-04
 -18.333  0.7804E-03  0.9880E-04
 -18.323  0.8425E-03  0.1072E-03
 -18.313  0.9091E-03  0.1163E-03
 -18.303  0.9806E-03  0.1261E-03
 -18.293  0.1057E-02  0.1367E-03
 -18.283  0.1140E-02  0.1481E-03
 -18.273  0.1228E-02  0.1604E-03
 -18.263  0.1322E-02  0.1736E-03
 -18.253  0.1423E-02  0.1878E-03
 -18.243  0.1532E-02  0.2031E-03
 -18.233  0.1648E-02  0.2196E-03
 -18.223  0.1772E-02  0.2373E-03
 -18.213  0.1905E-02  0.2564E-03
 -18.203  0.2047E-02  0.2769E-03
 -18.193  0.2198E-02  0.2988E-03
 -18.183  0.2360E-02  0.3224E-03
 -18.173  0.2533E-02  0.3478E-03
 -18.163  0.2718E-02  0.3749E-03
 -18.153  0.2914E-02  0.4041E-03
 -18.143  0.3124E-02  0.4353E-03
 -18.133  0.3348E-02  0.4688E-03
 -18.123  0.3586E-02  0.5047E-03
 -18.113  0.3840E-02  0.5431E-03
 -18.103  0.4111E-02  0.5842E-03
 -18.093  0.4398E-02  0.6282E-03
 -18.083  0.4704E-02  0.6752E-03
 -18.073  0.5030E-02  0.7255E-03
 -18.063  0.5375E-02  0.7793E-03
 -18.053  0.5743E-02  0.8367E-03
 -18.043  0.6133E-02  0.8980E-03
 -18.033  0.6547E-02  0.9635E-03
 -18.023  0.6987E-02  0.1033E-02
 -18.013  0.7453E-02  0.1108E-02
 -18.003  0.7947E-02  0.1187E-02
 -17.993  0.8471E-02  0.1272E-02
 -17.983  0.9026E-02  0.1362E-02
 -17.973  0.9614E-02  0.1458E-02
 -17.963  0.1024E-01  0.1561E-02
 -17.953  0.1089E-01  0.1670E-02
 -17.943  0.1159E-01  0.1786E-02
 -17.933  0.1233E-01  0.1909E-02
 -17.923  0.1310E-01  0.2040E-02
 -17.913  0.1393E-01  0.2179E-02
 -17.903  0.1479E-01  0.2327E-02
 -17.893  0.1571E-01  0.2484E-02
 -17.883  0.1667E-01  0.2651E-02
 -17.873  0.1769E-01  0.2828E-02
 -17.863  0.1877E-01  0.3016E-02
 -17.853  0.1990E-01  0.3215E-02
 -17.843  0.2109E-01  0.3426E-02
 -17.833  0.2235E-01  0.3649E-02
 -17.823  0.2367E-01  0.3886E-02
 -17.813  0.2506E-01  0.4136E-02
 -17.803  0.2652E-01  0.4402E-02
 -17.793  0.2806E-01  0.4682E-02
 -17.783  0.2967E-01  0.4979E-02
 -17.773  0.3137E-01  0.5293E-02
 -17.763  0.3315E-01  0.5624E-02
 -17.753  0.3502E-01  0.5974E-02
 -17.743  0.3698E-01  0.6344E-02
 -17.733  0.3903E-01  0.6734E-02
 -17.723  0.4119E-01  0.7146E-02
 -17.713  0.4345E-01  0.7581E-02
 -17.703  0.4581E-01  0.8039E-02
 -17.693  0.4829E-01  0.8522E-02
 -17.683  0.5088E-01  0.9030E-02
 -17.673  0.5359E-01  0.9566E-02
 -17.663  0.5642E-01  0.1013E-01
 -17.653  0.5938E-01  0.1072E-01
 -17.643  0.6247E-01  0.1135E-01
 -17.633  0.6570E-01  0.1201E-01
 -17.623  0.6908E-01  0.1270E-01
 -17.613  0.7260E-01  0.1342E-01
 -17.603  0.7627E-01  0.1419E-01
 -17.593  0.8009E-01  0.1499E-01
 -17.583  0.8408E-01  0.1583E-01
 -17.573  0.8823E-01  0.1671E-01
 -17.563  0.9256E-01  0.1764E-01
 -17.553  0.9706E-01  0.1861E-01
 -17.543  0.1017E+00  0.1962E-01
 -17.533  0.1066E+00  0.2069E-01
 -17.523  0.1117E+00  0.2181E-01
 -17.513  0.1169E+00  0.2298E-01
 -17.503  0.1224E+00  0.2420E-01
 -17.493  0.1281E+00  0.2548E-01
 -17.483  0.1340E+00  0.2682E-01
 -17.473  0.1401E+00  0.2822E-01
 -17.463  0.1464E+00  0.2969E-01
 -17.453  0.1530E+00  0.3122E-01
 -17.443  0.1598E+00  0.3281E-01
 -17.433  0.1669E+00  0.3448E-01
 -17.423  0.1742E+00  0.3622E-01
 -17.413  0.1817E+00  0.3804E-01
 -17.403  0.1895E+00  0.3994E-01
 -17.393  0.1976E+00  0.4191E-01
 -17.383  0.2059E+00  0.4397E-01
 -17.373  0.2146E+00  0.4612E-01
 -17.363  0.2235E+00  0.4835E-01
 -17.353  0.2327E+00  0.5068E-01
 -17.343  0.2422E+00  0.5310E-01
 -17.333  0.2519E+00  0.5562E-01
 -17.323  0.2620E+00  0.5824E-01
 -17.313  0.2724E+00  0.6096E-01
 -17.303  0.2831E+00  0.6379E-01
 -17.293  0.2942E+00  0.6674E-01
 -17.283  0.3055E+00  0.6979E-01
 -17.273  0.3172E+00  0.7296E-01
 -17.263  0.3292E+00  0.7625E-01
 -17.253  0.3415E+00  0.7967E-01
 -17.243  0.3542E+00  0.8321E-01
 -17.233  0.3672E+00  0.8688E-01
 -17.223  0.3806E+00  0.9069E-01
 -17.213  0.3943E+00  0.9463E-01
 -17.203  0.4084E+00  0.9872E-01
 -17.193  0.4228E+00  0.1029E+00
 -17.183  0.4376E+00  0.1073E+00
 -17.173  0.4527E+00  0.1118E+00
 -17.163  0.4682E+00  0.1165E+00
 -17.153  0.4841E+00  0.1214E+00
 -17.143  0.5004E+00  0.1264E+00
 -17.133  0.5170E+00  0.1315E+00
 -17.123  0.5340E+00  0.1369E+00
 -17.113  0.5513E+00  0.1424E+00
 -17.103  0.5690E+00  0.1481E+00
 -17.093  0.5871E+00  0.1540E+00
 -17.083  0.6056E+00  0.1600E+00
 -17.073  0.6244E+00  0.1663E+00
 -17.063  0.6436E+00  0.1727E+00
 -17.053  0.6632E+00  0.1793E+00
 -17.043  0.6831E+00  0.1862E+00
 -17.033  0.7034E+00  0.1932E+00
 -17.023  0.7241E+00  0.2004E+00
 -17.013  0.7451E+00  0.2079E+00
 -17.003  0.7665E+00  0.2155E+00
 -16.993  0.7882E+00  0.2234E+00
 -16.983  0.8103E+00  0.2315E+00
 -16.973  0.8327E+00  0.2399E+00
 -16.963  0.8555E+00  0.2484E+00
 -16.953  0.8786E+00  0.2572E+00
 -16.943  0.9020E+00  0.2662E+00
 -16.933  0.9258E+00  0.2755E+00
 -16.923  0.9498E+00  0.2850E+00
 -16.913  0.9742E+00  0.2947E+00
 -16.903  0.9989E+00  0.3047E+00
 -16.893  0.1024E+01  0.3149E+00
 -16.883  0.1049E+01  0.3254E+00
 -16.873  0.1075E+01  0.3362E+00
 -16.863  0.1101E+01  0.3472E+00
 -16.853  0.1127E+01  0.3585E+00
 -16.843  0.1153E+01  0.3700E+00
 -16.833  0.1180E+01  0.3818E+00
 -16.823  0.1206E+01  0.3938E+00
 -16.813  0.1233E+01  0.4062E+00
 -16.803  0.1261E+01  0.4188E+00
 -16.793  0.1288E+01  0.4317E+00
 -16.783  0.1316E+01  0.4448E+00
 -16.773  0.1344E+01  0.4583E+00
 -16.763  0.1372E+01  0.4720E+00
 -16.753  0.1400E+01  0.4860E+00
 -16.743  0.1428E+01  0.5003E+00
 -16.733  0.1457E+01  0.5148E+00
 -16.723  0.1485E+01  0.5297E+00
 -16.713  0.1514E+01  0.5448E+00
 -16.703  0.1543E+01  0.5602E+00
 -16.693  0.1572E+01  0.5760E+00
 -16.683  0.1600E+01  0.5920E+00
 -16.673  0.1629E+01  0.6083E+00
 -16.663  0.1658E+01  0.6248E+00
 -16.653  0.1687E+01  0.6417E+00
 -16.643  0.1717E+01  0.6589E+00
 -16.633  0.1746E+01  0.6763E+00
 -16.623  0.1775E+01  0.6941E+00
 -16.613  0.1804E+01  0.7121E+00
 -16.603  0.1833E+01  0.7305E+00
 -16.593  0.1862E+01  0.7491E+00
 -16.583  0.1890E+01  0.7680E+00
 -16.573  0.1919E+01  0.7872E+00
 -16.563  0.1948E+01  0.8066E+00
 -16.553  0.1976E+01  0.8264E+00
 -16.543  0.2005E+01  0.8465E+00
 -16.533  0.2033E+01  0.8668E+00
 -16.523  0.2061E+01  0.8874E+00
 -16.513  0.2089E+01  0.9083E+00
 -16.503  0.2117E+01  0.9295E+00
 -16.493  0.2145E+01  0.9509E+00
 -16.483  0.2172E+01  0.9726E+00
 -16.473  0.2200E+01  0.9946E+00
 -16.463  0.2227E+01  0.1017E+01
 -16.453  0.2253E+01  0.1039E+01
 -16.443  0.2280E+01  0.1062E+01
 -16.433  0.2306E+01  0.1085E+01
 -16.423  0.2332E+01  0.1109E+01
 -16.413  0.2358E+01  0.1132E+01
 -16.403  0.2383E+01  0.1156E+01
 -16.393  0.2408E+01  0.1180E+01
 -16.383  0.2433E+01  0.1204E+01
 -16.373  0.2458E+01  0.1229E+01
 -16.363  0.2482E+01  0.1254E+01
 -16.353  0.2506E+01  0.1279E+01
 -16.343  0.2530E+01  0.1304E+01
 -16.333  0.2553E+01  0.1330E+01
 -16.323  0.2576E+01  0.1355E+01
 -16.313  0.2598E+01  0.1381E+01
 -16.303  0.2620E+01  0.1408E+01
 -16.293  0.2642E+01  0.1434E+01
 -16.283  0.2664E+01  0.1461E+01
 -16.273  0.2685E+01  0.1488E+01
 -16.263  0.2705E+01  0.1515E+01
 -16.253  0.2726E+01  0.1542E+01
 -16.243  0.2746E+01  0.1569E+01
 -16.233  0.2765E+01  0.1597E+01
 -16.223  0.2784E+01  0.1625E+01
 -16.213  0.2803E+01  0.1653E+01
 -16.203  0.2822E+01  0.1681E+01
 -16.193  0.2840E+01  0.1709E+01
 -16.183  0.2857E+01  0.1738E+01
 -16.173  0.2875E+01  0.1767E+01
 -16.163  0.2892E+01  0.1796E+01
 -16.153  0.2908E+01  0.1825E+01
 -16.143  0.2925E+01  0.1854E+01
 -16.133  0.2940E+01  0.1883E+01
 -16.123  0.2956E+01  0.1913E+01
 -16.113  0.2971E+01  0.1943E+01
 -16.103  0.2986E+01  0.1973E+01
 -16.093  0.3001E+01  0.2003E+01
 -16.083  0.3015E+01  0.2033E+01
 -16.073  0.3029E+01  0.2063E+01
 -16.063  0.3043E+01  0.2093E+01
 -16.053  0.3056E+01  0.2124E+01
 -16.043  0.3069E+01  0.2155E+01
 -16.033  0.3082E+01  0.2186E+01
 -16.023  0.3094E+01  0.2216E+01
 -16.013  0.3107E+01  0.2248E+01
 -16.003  0.3119E+01  0.2279E+01
 -15.993  0.3131E+01  0.2310E+01
 -15.983  0.3142E+01  0.2341E+01
 -15.973  0.3154E+01  0.2373E+01
 -15.963  0.3165E+01  0.2405E+01
 -15.953  0.3176E+01  0.2436E+01
 -15.943  0.3187E+01  0.2468E+01
 -15.933  0.3198E+01  0.2500E+01
 -15.923  0.3209E+01  0.2532E+01
 -15.913  0.3220E+01  0.2565E+01
 -15.903  0.3230E+01  0.2597E+01
 -15.893  0.3241E+01  0.2629E+01
 -15.883  0.3251E+01  0.2662E+01
 -15.873  0.3262E+01  0.2694E+01
 -15.863  0.3272E+01  0.2727E+01
 -15.853  0.3283E+01  0.2760E+01
 -15.843  0.3293E+01  0.2793E+01
 -15.833  0.3304E+01  0.2826E+01
 -15.823  0.3314E+01  0.2859E+01
 -15.813  0.3325E+01  0.2892E+01
 -15.803  0.3336E+01  0.2926E+01
 -15.793  0.3347E+01  0.2959E+01
 -15.783  0.3358E+01  0.2993E+01
 -15.773  0.3369E+01  0.3026E+01
 -15.763  0.3381E+01  0.3060E+01
 -15.753  0.3392E+01  0.3094E+01
 -15.743  0.3404E+01  0.3128E+01
 -15.733  0.3416E+01  0.3162E+01
 -15.723  0.3429E+01  0.3197E+01
 -15.713  0.3441E+01  0.3231E+01
 -15.703  0.3454E+01  0.3266E+01
 -15.693  0.3468E+01  0.3300E+01
 -15.683  0.3481E+01  0.3335E+01
 -15.673  0.3495E+01  0.3370E+01
 -15.663  0.3509E+01  0.3405E+01
 -15.653  0.3524E+01  0.3440E+01
 -15.643  0.3539E+01  0.3476E+01
 -15.633  0.3555E+01  0.3511E+01
 -15.623  0.3571E+01  0.3547E+01
 -15.613  0.3588E+01  0.3583E+01
 -15.603  0.3605E+01  0.3619E+01
 -15.593  0.3622E+01  0.3655E+01
 -15.583  0.3640E+01  0.3692E+01
 -15.573  0.3659E+01  0.3728E+01
 -15.563  0.3678E+01  0.3765E+01
 -15.553  0.3697E+01  0.3802E+01
 -15.543  0.3717E+01  0.3839E+01
 -15.533  0.3738E+01  0.3876E+01
 -15.523  0.3759E+01  0.3914E+01
 -15.513  0.3781E+01  0.3952E+01
 -15.503  0.3804E+01  0.3990E+01
 -15.493  0.3827E+01  0.4028E+01
 -15.483  0.3851E+01  0.4067E+01
 -15.473  0.3875E+01  0.4105E+01
 -15.463  0.3900E+01  0.4144E+01
 -15.453  0.3926E+01  0.4184E+01
 -15.443  0.3952E+01  0.4223E+01
 -15.433  0.3979E+01  0.4263E+01
 -15.423  0.4006E+01  0.4303E+01
 -15.413  0.4034E+01  0.4343E+01
 -15.403  0.4063E+01  0.4384E+01
 -15.393  0.4093E+01  0.4425E+01
 -15.383  0.4123E+01  0.4466E+01
 -15.373  0.4153E+01  0.4508E+01
 -15.363  0.4184E+01  0.4550E+01
 -15.353  0.4216E+01  0.4592E+01
 -15.343  0.4249E+01  0.4634E+01
 -15.333  0.4282E+01  0.4677E+01
 -15.323  0.4315E+01  0.4720E+01
 -15.313  0.4349E+01  0.4764E+01
 -15.303  0.4384E+01  0.4808E+01
 -15.293  0.4419E+01  0.4852E+01
 -15.283  0.4455E+01  0.4896E+01
 -15.273  0.4491E+01  0.4941E+01
 -15.263  0.4528E+01  0.4986E+01
 -15.253  0.4565E+01  0.5032E+01
 -15.243  0.4602E+01  0.5078E+01
 -15.233  0.4640E+01  0.5125E+01
 -15.223  0.4678E+01  0.5171E+01
 -15.213  0.4716E+01  0.5218E+01
 -15.203  0.4755E+01  0.5266E+01
 -15.193  0.4794E+01  0.5314E+01
 -15.183  0.4833E+01  0.5362E+01
 -15.173  0.4873E+01  0.5411E+01
 -15.163  0.4912E+01  0.5460E+01
 -15.153  0.4952E+01  0.5510E+01
 -15.143  0.4992E+01  0.5560E+01
 -15.133  0.5031E+01  0.5610E+01
 -15.123  0.5071E+01  0.5661E+01
 -15.113  0.5111E+01  0.5712E+01
 -15.103  0.5151E+01  0.5763E+01
 -15.093  0.5190E+01  0.5815E+01
 -15.083  0.5229E+01  0.5867E+01
 -15.073  0.5269E+01  0.5920E+01
 -15.063  0.5307E+01  0.5973E+01
 -15.053  0.5346E+01  0.6027E+01
 -15.043  0.5384E+01  0.6080E+01
 -15.033  0.5422E+01  0.6135E+01
 -15.023  0.5459E+01  0.6189E+01
 -15.013  0.5496E+01  0.6244E+01
 -15.003  0.5532E+01  0.6300E+01
 -14.993  0.5567E+01  0.6355E+01
 -14.983  0.5602E+01  0.6411E+01
 -14.973  0.5636E+01  0.6468E+01
 -14.963  0.5670E+01  0.6524E+01
 -14.953  0.5702E+01  0.6581E+01
 -14.943  0.5734E+01  0.6639E+01
 -14.933  0.5765E+01  0.6696E+01
 -14.923  0.5795E+01  0.6754E+01
 -14.913  0.5823E+01  0.6812E+01
 -14.903  0.5851E+01  0.6871E+01
 -14.893  0.5877E+01  0.6930E+01
 -14.883  0.5903E+01  0.6989E+01
 -14.873  0.5927E+01  0.7048E+01
 -14.863  0.5950E+01  0.7108E+01
 -14.853  0.5971E+01  0.7167E+01
 -14.843  0.5992E+01  0.7227E+01
 -14.833  0.6010E+01  0.7287E+01
 -14.823  0.6028E+01  0.7348E+01
 -14.813  0.6044E+01  0.7408E+01
 -14.803  0.6058E+01  0.7469E+01
 -14.793  0.6071E+01  0.7529E+01
 -14.783  0.6082E+01  0.7590E+01
 -14.773  0.6092E+01  0.7651E+01
 -14.763  0.6099E+01  0.7712E+01
 -14.753  0.6106E+01  0.7773E+01
 -14.743  0.6110E+01  0.7834E+01
 -14.733  0.6113E+01  0.7895E+01
 -14.723  0.6114E+01  0.7956E+01
 -14.713  0.6113E+01  0.8018E+01
 -14.703  0.6110E+01  0.8079E+01
 -14.693  0.6106E+01  0.8140E+01
 -14.683  0.6099E+01  0.8201E+01
 -14.673  0.6091E+01  0.8262E+01
 -14.663  0.6081E+01  0.8322E+01
 -14.653  0.6069E+01  0.8383E+01
 -14.643  0.6055E+01  0.8444E+01
 -14.633  0.6039E+01  0.8504E+01
 -14.623  0.6021E+01  0.8564E+01
 -14.613  0.6002E+01  0.8624E+01
 -14.603  0.5980E+01  0.8684E+01
 -14.593  0.5957E+01  0.8744E+01
 -14.583  0.5931E+01  0.8803E+01
 -14.573  0.5904E+01  0.8862E+01
 -14.563  0.5875E+01  0.8921E+01
 -14.553  0.5844E+01  0.8979E+01
 -14.543  0.5811E+01  0.9037E+01
 -14.533  0.5777E+01  0.9095E+01
 -14.523  0.5740E+01  0.9153E+01
 -14.513  0.5702E+01  0.9210E+01
 -14.503  0.5662E+01  0.9266E+01
 -14.493  0.5621E+01  0.9322E+01
 -14.483  0.5577E+01  0.9378E+01
 -14.473  0.5532E+01  0.9433E+01
 -14.463  0.5486E+01  0.9488E+01
 -14.453  0.5438E+01  0.9543E+01
 -14.443  0.5388E+01  0.9597E+01
 -14.433  0.5337E+01  0.9650E+01
 -14.423  0.5284E+01  0.9703E+01
 -14.413  0.5230E+01  0.9755E+01
 -14.403  0.5175E+01  0.9807E+01
 -14.393  0.5118E+01  0.9858E+01
 -14.383  0.5060E+01  0.9909E+01
 -14.373  0.5001E+01  0.9959E+01
 -14.363  0.4940E+01  0.1001E+02
 -14.353  0.4879E+01  0.1006E+02
 -14.343  0.4816E+01  0.1010E+02
 -14.333  0.4753E+01  0.1015E+02
 -14.323  0.4688E+01  0.1020E+02
 -14.313  0.4623E+01  0.1025E+02
 -14.303  0.4556E+01  0.1029E+02
 -14.293  0.4489E+01  0.1034E+02
 -14.283  0.4422E+01  0.1038E+02
 -14.273  0.4353E+01  0.1042E+02
 -14.263  0.4284E+01  0.1047E+02
 -14.253  0.4215E+01  0.1051E+02
 -14.243  0.4145E+01  0.1055E+02
 -14.233  0.4074E+01  0.1059E+02
 -14.223  0.4003E+01  0.1063E+02
 -14.213  0.3932E+01  0.1067E+02
 -14.203  0.3861E+01  0.1071E+02
 -14.193  0.3789E+01  0.1075E+02
 -14.183  0.3717E+01  0.1078E+02
 -14.173  0.3645E+01  0.1082E+02
 -14.163  0.3573E+01  0.1086E+02
 -14.153  0.3502E+01  0.1089E+02
 -14.143  0.3430E+01  0.1093E+02
 -14.133  0.3358E+01  0.1096E+02
 -14.123  0.3287E+01  0.1099E+02
 -14.113  0.3215E+01  0.1102E+02
 -14.103  0.3144E+01  0.1106E+02
 -14.093  0.3074E+01  0.1109E+02
 -14.083  0.3003E+01  0.1112E+02
 -14.073  0.2934E+01  0.1115E+02
 -14.063  0.2864E+01  0.1117E+02
 -14.053  0.2795E+01  0.1120E+02
 -14.043  0.2727E+01  0.1123E+02
 -14.033  0.2659E+01  0.1126E+02
 -14.023  0.2592E+01  0.1128E+02
 -14.013  0.2526E+01  0.1131E+02
 -14.003  0.2460E+01  0.1133E+02
 -13.993  0.2395E+01  0.1136E+02
 -13.983  0.2331E+01  0.1138E+02
 -13.973  0.2267E+01  0.1140E+02
 -13.963  0.2204E+01  0.1142E+02
 -13.953  0.2143E+01  0.1145E+02
 -13.943  0.2082E+01  0.1147E+02
 -13.933  0.2022E+01  0.1149E+02
 -13.923  0.1963E+01  0.1151E+02
 -13.913  0.1905E+01  0.1152E+02
 -13.903  0.1847E+01  0.1154E+02
 -13.893  0.1791E+01  0.1156E+02
 -13.883  0.1736E+01  0.1158E+02
 -13.873  0.1682E+01  0.1160E+02
 -13.863  0.1628E+01  0.1161E+02
 -13.853  0.1576E+01  0.1163E+02
 -13.843  0.1525E+01  0.1164E+02
 -13.833  0.1475E+01  0.1166E+02
 -13.823  0.1426E+01  0.1167E+02
 -13.813  0.1378E+01  0.1169E+02
 -13.803  0.1331E+01  0.1170E+02
 -13.793  0.1285E+01  0.1171E+02
 -13.783  0.1241E+01  0.1172E+02
 -13.773  0.1197E+01  0.1174E+02
 -13.763  0.1154E+01  0.1175E+02
 -13.753  0.1112E+01  0.1176E+02
 -13.743  0.1072E+01  0.1177E+02
 -13.733  0.1032E+01  0.1178E+02
 -13.723  0.9939E+00  0.1179E+02
 -13.713  0.9565E+00  0.1180E+02
 -13.703  0.9201E+00  0.1181E+02
 -13.693  0.8847E+00  0.1182E+02
 -13.683  0.8503E+00  0.1183E+02
 -13.673  0.8169E+00  0.1183E+02
 -13.663  0.7844E+00  0.1184E+02
 -13.653  0.7530E+00  0.1185E+02
 -13.643  0.7225E+00  0.1186E+02
 -13.633  0.6929E+00  0.1186E+02
 -13.623  0.6643E+00  0.1187E+02
 -13.613  0.6366E+00  0.1188E+02
 -13.603  0.6098E+00  0.1188E+02
 -13.593  0.5839E+00  0.1189E+02
 -13.583  0.5588E+00  0.1189E+02
 -13.573  0.5346E+00  0.1190E+02
 -13.563  0.5112E+00  0.1190E+02
 -13.553  0.4887E+00  0.1191E+02
 -13.543  0.4669E+00  0.1191E+02
 -13.533  0.4459E+00  0.1192E+02
 -13.523  0.4257E+00  0.1192E+02
 -13.513  0.4062E+00  0.1193E+02
 -13.503  0.3875E+00  0.1193E+02
 -13.493  0.3695E+00  0.1193E+02
 -13.483  0.3521E+00  0.1194E+02
 -13.473  0.3354E+00  0.1194E+02
 -13.463  0.3194E+00  0.1194E+02
 -13.453  0.3040E+00  0.1195E+02
 -13.443  0.2893E+00  0.1195E+02
 -13.433  0.2751E+00  0.1195E+02
 -13.423  0.2615E+00  0.1196E+02
 -13.413  0.2485E+00  0.1196E+02
 -13.403  0.2360E+00  0.1196E+02
 -13.393  0.2241E+00  0.1196E+02
 -13.383  0.2127E+00  0.1197E+02
 -13.373  0.2017E+00  0.1197E+02
 -13.363  0.1913E+00  0.1197E+02
 -13.353  0.1813E+00  0.1197E+02
 -13.343  0.1718E+00  0.1197E+02
 -13.333  0.1626E+00  0.1197E+02
 -13.323  0.1540E+00  0.1198E+02
 -13.313  0.1457E+00  0.1198E+02
 -13.303  0.1378E+00  0.1198E+02
 -13.293  0.1303E+00  0.1198E+02
 -13.283  0.1231E+00  0.1198E+02
 -13.273  0.1163E+00  0.1198E+02
 -13.263  0.1098E+00  0.1198E+02
 -13.253  0.1036E+00  0.1198E+02
 -13.243  0.9774E-01  0.1199E+02
 -13.233  0.9216E-01  0.1199E+02
 -13.223  0.8687E-01  0.1199E+02
 -13.213  0.8185E-01  0.1199E+02
 -13.203  0.7708E-01  0.1199E+02
 -13.193  0.7256E-01  0.1199E+02
 -13.183  0.6828E-01  0.1199E+02
 -13.173  0.6422E-01  0.1199E+02
 -13.163  0.6038E-01  0.1199E+02
 -13.153  0.5674E-01  0.1199E+02
 -13.143  0.5330E-01  0.1199E+02
 -13.133  0.5004E-01  0.1199E+02
 -13.123  0.4697E-01  0.1199E+02
 -13.113  0.4406E-01  0.1199E+02
 -13.103  0.4132E-01  0.1199E+02
 -13.093  0.3873E-01  0.1199E+02
 -13.083  0.3629E-01  0.1200E+02
 -13.073  0.3399E-01  0.1200E+02
 -13.063  0.3182E-01  0.1200E+02
 -13.053  0.2977E-01  0.1200E+02
 -13.043  0.2785E-01  0.1200E+02
 -13.033  0.2604E-01  0.1200E+02
 -13.023  0.2433E-01  0.1200E+02
 -13.013  0.2273E-01  0.1200E+02
 -13.003  0.2123E-01  0.1200E+02
 -12.993  0.1981E-01  0.1200E+02
 -12.983  0.1848E-01  0.1200E+02
 -12.973  0.1724E-01  0.1200E+02
 -12.963  0.1607E-01  0.1200E+02
 -12.953  0.1497E-01  0.1200E+02
 -12.943  0.1394E-01  0.1200E+02
 -12.933  0.1298E-01  0.1200E+02
 -12.923  0.1208E-01  0.1200E+02
 -12.913  0.1124E-01  0.1200E+02
 -12.903  0.1045E-01  0.1200E+02
 -12.893  0.9709E-02  0.1200E+02
 -12.883  0.9019E-02  0.1200E+02
 -12.873  0.8375E-02  0.1200E+02
 -12.863  0.7774E-02  0.1200E+02
 -12.853  0.7212E-02  0.1200E+02
 -12.843  0.6689E-02  0.1200E+02
 -12.833  0.6200E-02  0.1200E+02
 -12.823  0.5745E-02  0.1200E+02
 -12.813  0.5321E-02  0.1200E+02
 -12.803  0.4926E-02  0.1200E+02
 -12.793  0.4559E-02  0.1200E+02
 -12.783  0.4217E-02  0.1200E+02
 -12.773  0.3899E-02  0.1200E+02
 -12.763  0.3603E-02  0.1200E+02
 -12.753  0.3329E-02  0.1200E+02
 -12.743  0.3074E-02  0.1200E+02
 -12.733  0.2837E-02  0.1200E+02
 -12.723  0.2618E-02  0.1200E+02
 -12.713  0.2414E-02  0.1200E+02
 -12.703  0.2226E-02  0.1200E+02
 -12.693  0.2051E-02  0.1200E+02
 -12.683  0.1889E-02  0.1200E+02
 -12.673  0.1739E-02  0.1200E+02
 -12.663  0.1600E-02  0.1200E+02
 -12.653  0.1472E-02  0.1200E+02
 -12.643  0.1353E-02  0.1200E+02
 -12.633  0.1244E-02  0.1200E+02
 -12.623  0.1143E-02  0.1200E+02
 -12.613  0.1049E-02  0.1200E+02
 -12.603  0.9632E-03  0.1200E+02
 -12.593  0.8838E-03  0.1200E+02
 -12.583  0.8105E-03  0.1200E+02
 -12.573  0.7430E-03  0.1200E+02
 -12.563  0.6808E-03  0.1200E+02
 -12.553  0.6236E-03  0.1200E+02
 -12.543  0.5709E-03  0.1200E+02
 -12.533  0.5225E-03  0.1200E+02
 -12.523  0.4779E-03  0.1200E+02
 -12.513  0.4370E-03  0.1200E+02
 -12.503  0.3994E-03  0.1200E+02
 -12.493  0.3649E-03  0.1200E+02
 -12.483  0.3332E-03  0.1200E+02
 -12.473  0.3041E-03  0.1200E+02
 -12.463  0.2775E-03  0.1200E+02
 -12.453  0.2531E-03  0.1200E+02
 -12.443  0.2307E-03  0.1200E+02
 -12.433  0.2102E-03  0.1200E+02
 -12.423  0.1915E-03  0.1200E+02
 -12.413  0.1743E-03  0.1200E+02
 -12.403  0.1586E-03  0.1200E+02
 -12.393  0.1443E-03  0.1200E+02
 -12.383  0.1312E-03  0.1200E+02
 -12.373  0.1193E-03  0.1200E+02
 -12.363  0.1084E-03  0.1200E+02
 -12.353  0.9839E-04  0.1200E+02
 -12.343  0.8931E-04  0.1200E+02
 -12.333  0.8103E-04  0.1200E+02
 -12.323  0.7349E-04  0.1200E+02
 -12.313  0.6662E-04  0.1200E+02
 -12.303  0.6037E-04  0.1200E+02
 -12.293  0.5468E-04  0.1200E+02
 -12.283  0.4951E-04  0.1200E+02
 -12.273  0.4480E-04  0.1200E+02
 -12.263  0.4053E-04  0.1200E+02
 -12.253  0.3665E-04  0.1200E+02
 -12.243  0.3312E-04  0.1200E+02
 -12.233  0.2992E-04  0.1200E+02
 -12.223  0.2702E-04  0.1200E+02
 -12.213  0.2439E-04  0.1200E+02
 -12.203  0.2201E-04  0.1200E+02
 -12.193  0.1985E-04  0.1200E+02
 -12.183  0.1789E-04  0.1200E+02
 -12.173  0.1612E-04  0.1200E+02
 -12.163  0.1452E-04  0.1200E+02
 -12.153  0.1307E-04  0.1200E+02
 -12.143  0.1177E-04  0.1200E+02
 -12.133  0.1058E-04  0.1200E+02
 -12.123  0.9518E-05  0.1200E+02
 -12.113  0.8554E-05  0.1200E+02
 -12.103  0.7685E-05  0.1200E+02
 -12.093  0.6901E-05  0.1200E+02
 -12.083  0.6195E-05  0.1200E+02
 -12.073  0.5558E-05  0.1200E+02
 -12.063  0.4985E-05  0.1200E+02
 -12.053  0.4469E-05  0.1200E+02
 -12.043  0.4004E-05  0.1200E+02
 -12.033  0.3587E-05  0.1200E+02
 -12.023  0.3211E-05  0.1200E+02
 -12.013  0.2874E-05  0.1200E+02
 -12.003  0.2571E-05  0.1200E+02
 -11.993  0.2299E-05  0.1200E+02
 -11.983  0.2055E-05  0.1200E+02
 -11.973  0.1836E-05  0.1200E+02
 -11.963  0.1639E-05  0.1200E+02
 -11.953  0.1463E-05  0.1200E+02
 -11.943  0.1305E-05  0.1200E+02
 -11.933  0.1164E-05  0.1200E+02
 -11.923  0.1038E-05  0.1200E+02
 -11.913  0.9249E-06  0.1200E+02
 -11.903  0.8238E-06  0.1200E+02
 -11.893  0.7335E-06  0.1200E+02
 -11.883  0.6528E-06  0.1200E+02
 -11.873  0.5807E-06  0.1200E+02
 -11.863  0.5163E-06  0.1200E+02
 -11.853  0.4589E-06  0.1200E+02
 -11.843  0.4077E-06  0.1200E+02
 -11.833  0.3620E-06  0.1200E+02
 -11.823  0.3214E-06  0.1200E+02
 -11.813  0.2851E-06  0.1200E+02
 -11.803  0.2529E-06  0.1200E+02
 -11.793  0.2242E-06  0.1200E+02
 -11.783  0.1987E-06  0.1200E+02
 -11.773  0.1760E-06  0.1200E+02
 -11.763  0.1558E-06  0.1200E+02
 -11.753  0.1379E-06  0.1200E+02
 -11.743  0.1220E-06  0.1200E+02
 -11.733  0.1078E-06  0.1200E+02
 -11.723  0.9532E-07  0.1200E+02
 -11.713  0.8421E-07  0.1200E+02
 -11.703  0.7436E-07  0.1200E+02
 -11.693  0.6564E-07  0.1200E+02
 -11.683  0.5792E-07  0.1200E+02
 -11.673  0.5108E-07  0.1200E+02
 -11.663  0.4503E-07  0.1200E+02
 -11.653  0.3968E-07  0.1200E+02
 -11.643  0.3495E-07  0.1200E+02
 -11.633  0.3077E-07  0.1200E+02
 -11.623  0.2708E-07  0.1200E+02
 -11.613  0.2382E-07  0.1200E+02
 -11.603  0.2095E-07  0.1200E+02
 -11.593  0.1841E-07  0.1200E+02
 -11.583  0.1617E-07  0.1200E+02
 -11.573  0.1420E-07  0.1200E+02
 -11.563  0.1247E-07  0.1200E+02
 -11.553  0.1094E-07  0.1200E+02
 -11.543  0.9594E-08  0.1200E+02
 -11.533  0.8411E-08  0.1200E+02
 -11.523  0.7370E-08  0.1200E+02
 -11.513  0.6456E-08  0.1200E+02
 -11.503  0.5652E-08  0.1200E+02
 -11.493  0.4946E-08  0.1200E+02
 -11.483  0.4327E-08  0.1200E+02
 -11.473  0.3783E-08  0.1200E+02
 -11.463  0.3307E-08  0.1200E+02
 -11.453  0.2889E-08  0.1200E+02
 -11.443  0.2523E-08  0.1200E+02
 -11.433  0.2202E-08  0.1200E+02
 -11.423  0.1921E-08  0.1200E+02
 -11.413  0.1676E-08  0.1200E+02
 -11.403  0.1461E-08  0.1200E+02
 -11.393  0.1273E-08  0.1200E+02
 -11.383  0.1109E-08  0.1200E+02
 -11.373  0.9654E-09  0.1200E+02
 -11.363  0.8401E-09  0.1200E+02
 -11.353  0.7308E-09  0.1200E+02
 -11.343  0.6355E-09  0.1200E+02
 -11.333  0.5523E-09  0.1200E+02
 -11.323  0.4798E-09  0.1200E+02
 -11.313  0.4167E-09  0.1200E+02
 -11.303  0.3617E-09  0.1200E+02
 -11.293  0.3138E-09  0.1200E+02
 -11.283  0.2722E-09  0.1200E+02
 -11.273  0.2359E-09  0.1200E+02
 -11.263  0.2045E-09  0.1200E+02
 -11.253  0.1771E-09  0.1200E+02
 -11.243  0.1533E-09  0.1200E+02
 -11.233  0.1327E-09  0.1200E+02
 -11.223  0.1148E-09  0.1200E+02
 -11.213  0.9925E-10  0.1200E+02
 -11.203  0.8578E-10  0.1200E+02
 -11.193  0.7411E-10  0.1200E+02
 -11.183  0.6400E-10  0.1200E+02
 -11.173  0.5524E-10  0.1200E+02
 -11.163  0.4766E-10  0.1200E+02
 -11.153  0.4111E-10  0.1200E+02
 -11.143  0.3544E-10  0.1200E+02
 -11.133  0.3054E-10  0.1200E+02
 -11.123  0.2630E-10  0.1200E+02
 -11.113  0.2264E-10  0.1200E+02
 -11.103  0.1949E-10  0.1200E+02
 -11.093  0.1676E-10  0.1200E+02
 -11.083  0.1441E-10  0.1200E+02
 -11.073  0.1239E-10  0.1200E+02
 -11.063  0.1064E-10  0.1200E+02
 -11.053  0.9140E-11  0.1200E+02
 -11.043  0.7846E-11  0.1200E+02
 -11.033  0.6731E-11  0.1200E+02
 -11.023  0.5773E-11  0.1200E+02
 -11.013  0.4949E-11  0.1200E+02
 -11.003  0.4241E-11  0.1200E+02
 -10.993  0.3632E-11  0.1200E+02
 -10.983  0.3110E-11  0.1200E+02
 -10.973  0.2661E-11  0.1200E+02
 -10.963  0.2277E-11  0.1200E+02
 -10.953  0.1947E-11  0.1200E+02
 -10.943  0.1664E-11  0.1200E+02
 -10.933  0.1421E-11  0.1200E+02
 -10.923  0.1214E-11  0.1200E+02
 -10.913  0.1036E-11  0.1200E+02
 -10.903  0.8840E-12  0.1200E+02
 -10.893  0.7539E-12  0.1200E+02
 -10.883  0.6427E-12  0.1200E+02
 -10.873  0.5477E-12  0.1200E+02
 -10.863  0.4665E-12  0.1200E+02
 -10.853  0.3972E-12  0.1200E+02
 -10.843  0.3380E-12  0.1200E+02
 -10.833  0.2875E-12  0.1200E+02
 -10.823  0.2445E-12  0.1200E+02
 -10.813  0.2078E-12  0.1200E+02
 -10.803  0.1765E-12  0.1200E+02
 -10.793  0.1499E-12  0.1200E+02
 -10.783  0.1272E-12  0.1200E+02
 -10.773  0.1080E-12  0.1200E+02
 -10.763  0.9157E-13  0.1200E+02
 -10.753  0.7763E-13  0.1200E+02
 -10.743  0.6578E-13  0.1200E+02
 -10.733  0.5573E-13  0.1200E+02
 -10.723  0.4719E-13  0.1200E+02
 -10.713  0.3994E-13  0.1200E+02
 -10.703  0.3380E-13  0.1200E+02
 -10.693  0.2859E-13  0.1200E+02
 -10.683  0.2418E-13  0.1200E+02
 -10.673  0.2044E-13  0.1200E+02
 -10.663  0.1728E-13  0.1200E+02
 -10.653  0.1461E-13  0.1200E+02
 -10.643  0.1235E-13  0.1200E+02
 -10.633  0.1045E-13  0.1200E+02
 -10.623  0.8848E-14  0.1200E+02
 -10.613  0.7502E-14  0.1200E+02
 -10.603  0.6372E-14  0.1200E+02
 -10.593  0.5429E-14  0.1200E+02
 -10.583  0.4644E-14  0.1200E+02
 -10.573  0.3996E-14  0.1200E+02
 -10.563  0.3466E-14  0.1200E+02
 -10.553  0.3038E-14  0.1200E+02
 -10.543  0.2700E-14  0.1200E+02
 -10.533  0.2441E-14  0.1200E+02
 -10.523  0.2255E-14  0.1200E+02
 -10.513  0.2135E-14  0.1200E+02
 -10.503  0.2076E-14  0.1200E+02
 -10.493  0.2078E-14  0.1200E+02
 -10.483  0.2139E-14  0.1200E+02
 -10.473  0.2260E-14  0.1200E+02
 -10.463  0.2443E-14  0.1200E+02
 -10.453  0.2694E-14  0.1200E+02
 -10.443  0.3017E-14  0.1200E+02
 -10.433  0.3420E-14  0.1200E+02
 -10.423  0.3913E-14  0.1200E+02
 -10.413  0.4509E-14  0.1200E+02
 -10.403  0.5221E-14  0.1200E+02
 -10.393  0.6067E-14  0.1200E+02
 -10.383  0.7067E-14  0.1200E+02
 -10.373  0.8246E-14  0.1200E+02
 -10.363  0.9631E-14  0.1200E+02
 -10.353  0.1126E-13  0.1200E+02
 -10.343  0.1316E-13  0.1200E+02
 -10.333  0.1539E-13  0.1200E+02
 -10.323  0.1800E-13  0.1200E+02
 -10.313  0.2104E-13  0.1200E+02
 -10.303  0.2459E-13  0.1200E+02
 -10.293  0.2874E-13  0.1200E+02
 -10.283  0.3357E-13  0.1200E+02
 -10.273  0.3921E-13  0.1200E+02
 -10.263  0.4577E-13  0.1200E+02
 -10.253  0.5341E-13  0.1200E+02
 -10.243  0.6230E-13  0.1200E+02
 -10.233  0.7264E-13  0.1200E+02
 -10.223  0.8466E-13  0.1200E+02
 -10.213  0.9863E-13  0.1200E+02
 -10.203  0.1149E-12  0.1200E+02
 -10.193  0.1337E-12  0.1200E+02
 -10.183  0.1556E-12  0.1200E+02
 -10.173  0.1809E-12  0.1200E+02
 -10.163  0.2104E-12  0.1200E+02
 -10.153  0.2445E-12  0.1200E+02
 -10.143  0.2840E-12  0.1200E+02
 -10.133  0.3298E-12  0.1200E+02
 -10.123  0.3828E-12  0.1200E+02
 -10.113  0.4441E-12  0.1200E+02
 -10.103  0.5150E-12  0.1200E+02
 -10.093  0.5970E-12  0.1200E+02
 -10.083  0.6918E-12  0.1200E+02
 -10.073  0.8012E-12  0.1200E+02
 -10.063  0.9276E-12  0.1200E+02
 -10.053  0.1074E-11  0.1200E+02
 -10.043  0.1242E-11  0.1200E+02
 -10.033  0.1436E-11  0.1200E+02
 -10.023  0.1660E-11  0.1200E+02
 -10.013  0.1918E-11  0.1200E+02
 -10.003  0.2215E-11  0.1200E+02
  -9.993  0.2557E-11  0.1200E+02
  -9.983  0.2950E-11  0.1200E+02
  -9.973  0.3403E-11  0.1200E+02
  -9.963  0.3923E-11  0.1200E+02
  -9.953  0.4521E-11  0.1200E+02
  -9.943  0.5208E-11  0.1200E+02
  -9.933  0.5998E-11  0.1200E+02
  -9.923  0.6903E-11  0.1200E+02
  -9.913  0.7943E-11  0.1200E+02
  -9.903  0.9135E-11  0.1200E+02
  -9.893  0.1050E-10  0.1200E+02
  -9.883  0.1207E-10  0.1200E+02
  -9.873  0.1386E-10  0.1200E+02
  -9.863  0.1591E-10  0.1200E+02
  -9.853  0.1826E-10  0.1200E+02
  -9.843  0.2095E-10  0.1200E+02
  -9.833  0.2403E-10  0.1200E+02
  -9.823  0.2754E-10  0.1200E+02
  -9.813  0.3155E-10  0.1200E+02
  -9.803  0.3614E-10  0.1200E+02
  -9.793  0.4137E-10  0.1200E+02
  -9.783  0.4734E-10  0.1200E+02
  -9.773  0.5415E-10  0.1200E+02
  -9.763  0.6192E-10  0.1200E+02
  -9.753  0.7077E-10  0.1200E+02
  -9.743  0.8085E-10  0.1200E+02
  -9.733  0.9233E-10  0.1200E+02
  -9.723  0.1054E-09  0.1200E+02
  -9.713  0.1203E-09  0.1200E+02
  -9.703  0.1372E-09  0.1200E+02
  -9.693  0.1564E-09  0.1200E+02
  -9.683  0.1782E-09  0.1200E+02
  -9.673  0.2030E-09  0.1200E+02
  -9.663  0.2311E-09  0.1200E+02
  -9.653  0.2631E-09  0.1200E+02
  -9.643  0.2993E-09  0.1200E+02
  -9.633  0.3404E-09  0.1200E+02
  -9.623  0.3869E-09  0.1200E+02
  -9.613  0.4396E-09  0.1200E+02
  -9.603  0.4993E-09  0.1200E+02
  -9.593  0.5669E-09  0.1200E+02
  -9.583  0.6434E-09  0.1200E+02
  -9.573  0.7299E-09  0.1200E+02
  -9.563  0.8276E-09  0.1200E+02
  -9.553  0.9381E-09  0.1200E+02
  -9.543  0.1063E-08  0.1200E+02
  -9.533  0.1204E-08  0.1200E+02
  -9.523  0.1363E-08  0.1200E+02
  -9.513  0.1542E-08  0.1200E+02
  -9.503  0.1744E-08  0.1200E+02
  -9.493  0.1972E-08  0.1200E+02
  -9.483  0.2229E-08  0.1200E+02
  -9.473  0.2518E-08  0.1200E+02
  -9.463  0.2844E-08  0.1200E+02
  -9.453  0.3210E-08  0.1200E+02
  -9.443  0.3622E-08  0.1200E+02
  -9.433  0.4085E-08  0.1200E+02
  -9.423  0.4606E-08  0.1200E+02
  -9.413  0.5190E-08  0.1200E+02
  -9.403  0.5847E-08  0.1200E+02
  -9.393  0.6583E-08  0.1200E+02
  -9.383  0.7410E-08  0.1200E+02
  -9.373  0.8337E-08  0.1200E+02
  -9.363  0.9376E-08  0.1200E+02
  -9.353  0.1054E-07  0.1200E+02
  -9.343  0.1184E-07  0.1200E+02
  -9.333  0.1330E-07  0.1200E+02
  -9.323  0.1494E-07  0.1200E+02
  -9.313  0.1676E-07  0.1200E+02
  -9.303  0.1881E-07  0.1200E+02
  -9.293  0.2109E-07  0.1200E+02
  -9.283  0.2364E-07  0.1200E+02
  -9.273  0.2649E-07  0.1200E+02
  -9.263  0.2967E-07  0.1200E+02
  -9.253  0.3321E-07  0.1200E+02
  -9.243  0.3717E-07  0.1200E+02
  -9.233  0.4158E-07  0.1200E+02
  -9.223  0.4649E-07  0.1200E+02
  -9.213  0.5197E-07  0.1200E+02
  -9.203  0.5806E-07  0.1200E+02
  -9.193  0.6484E-07  0.1200E+02
  -9.183  0.7239E-07  0.1200E+02
  -9.173  0.8078E-07  0.1200E+02
  -9.163  0.9010E-07  0.1200E+02
  -9.153  0.1005E-06  0.1200E+02
  -9.143  0.1120E-06  0.1200E+02
  -9.133  0.1247E-06  0.1200E+02
  -9.123  0.1389E-06  0.1200E+02
  -9.113  0.1546E-06  0.1200E+02
  -9.103  0.1721E-06  0.1200E+02
  -9.093  0.1914E-06  0.1200E+02
  -9.083  0.2128E-06  0.1200E+02
  -9.073  0.2365E-06  0.1200E+02
  -9.063  0.2627E-06  0.1200E+02
  -9.053  0.2917E-06  0.1200E+02
  -9.043  0.3238E-06  0.1200E+02
  -9.033  0.3593E-06  0.1200E+02
  -9.023  0.3985E-06  0.1200E+02
  -9.013  0.4418E-06  0.1200E+02
  -9.003  0.4896E-06  0.1200E+02
  -8.993  0.5424E-06  0.1200E+02
  -8.983  0.6006E-06  0.1200E+02
  -8.973  0.6648E-06  0.1200E+02
  -8.963  0.7355E-06  0.1200E+02
  -8.953  0.8134E-06  0.1200E+02
  -8.943  0.8993E-06  0.1200E+02
  -8.933  0.9937E-06  0.1200E+02
  -8.923  0.1098E-05  0.1200E+02
  -8.913  0.1212E-05  0.1200E+02
  -8.903  0.1338E-05  0.1200E+02
  -8.893  0.1476E-05  0.1200E+02
  -8.883  0.1628E-05  0.1200E+02
  -8.873  0.1794E-05  0.1200E+02
  -8.863  0.1977E-05  0.1200E+02
  -8.853  0.2178E-05  0.1200E+02
  -8.843  0.2398E-05  0.1200E+02
  -8.833  0.2640E-05  0.1200E+02
  -8.823  0.2904E-05  0.1200E+02
  -8.813  0.3194E-05  0.1200E+02
  -8.803  0.3511E-05  0.1200E+02
  -8.793  0.3858E-05  0.1200E+02
  -8.783  0.4238E-05  0.1200E+02
  -8.773  0.4653E-05  0.1200E+02
  -8.763  0.5107E-05  0.1200E+02
  -8.753  0.5603E-05  0.1200E+02
  -8.743  0.6145E-05  0.1200E+02
  -8.733  0.6736E-05  0.1200E+02
  -8.723  0.7381E-05  0.1200E+02
  -8.713  0.8085E-05  0.1200E+02
  -8.703  0.8853E-05  0.1200E+02
  -8.693  0.9689E-05  0.1200E+02
  -8.683  0.1060E-04  0.1200E+02
  -8.673  0.1159E-04  0.1200E+02
  -8.663  0.1267E-04  0.1200E+02
  -8.653  0.1385E-04  0.1200E+02
  -8.643  0.1513E-04  0.1200E+02
  -8.633  0.1652E-04  0.1200E+02
  -8.623  0.1803E-04  0.1200E+02
  -8.613  0.1967E-04  0.1200E+02
  -8.603  0.2145E-04  0.1200E+02
  -8.593  0.2339E-04  0.1200E+02
  -8.583  0.2548E-04  0.1200E+02
  -8.573  0.2776E-04  0.1200E+02
  -8.563  0.3023E-04  0.1200E+02
  -8.553  0.3290E-04  0.1200E+02
  -8.543  0.3580E-04  0.1200E+02
  -8.533  0.3893E-04  0.1200E+02
  -8.523  0.4233E-04  0.1200E+02
  -8.513  0.4600E-04  0.1200E+02
  -8.503  0.4997E-04  0.1200E+02
  -8.493  0.5426E-04  0.1200E+02
  -8.483  0.5890E-04  0.1200E+02
  -8.473  0.6391E-04  0.1200E+02
  -8.463  0.6932E-04  0.1200E+02
  -8.453  0.7516E-04  0.1200E+02
  -8.443  0.8145E-04  0.1200E+02
  -8.433  0.8825E-04  0.1200E+02
  -8.423  0.9557E-04  0.1200E+02
  -8.413  0.1035E-03  0.1200E+02
  -8.403  0.1119E-03  0.1200E+02
  -8.393  0.1211E-03  0.1200E+02
  -8.383  0.1309E-03  0.1200E+02
  -8.373  0.1415E-03  0.1200E+02
  -8.363  0.1529E-03  0.1200E+02
  -8.353  0.1651E-03  0.1200E+02
  -8.343  0.1783E-03  0.1200E+02
  -8.333  0.1924E-03  0.1200E+02
  -8.323  0.2076E-03  0.1200E+02
  -8.313  0.2238E-03  0.1200E+02
  -8.303  0.2413E-03  0.1200E+02
  -8.293  0.2600E-03  0.1200E+02
  -8.283  0.2801E-03  0.1200E+02
  -8.273  0.3016E-03  0.1200E+02
  -8.263  0.3246E-03  0.1200E+02
  -8.253  0.3492E-03  0.1200E+02
  -8.243  0.3756E-03  0.1200E+02
  -8.233  0.4038E-03  0.1200E+02
  -8.223  0.4340E-03  0.1200E+02
  -8.213  0.4662E-03  0.1200E+02
  -8.203  0.5006E-03  0.1200E+02
  -8.193  0.5374E-03  0.1200E+02
  -8.183  0.5767E-03  0.1200E+02
  -8.173  0.6186E-03  0.1200E+02
  -8.163  0.6633E-03  0.1200E+02
  -8.153  0.7110E-03  0.1200E+02
  -8.143  0.7619E-03  0.1200E+02
  -8.133  0.8160E-03  0.1200E+02
  -8.123  0.8737E-03  0.1200E+02
  -8.113  0.9351E-03  0.1200E+02
  -8.103  0.1000E-02  0.1200E+02
  -8.093  0.1070E-02  0.1200E+02
  -8.083  0.1144E-02  0.1200E+02
  -8.073  0.1223E-02  0.1200E+02
  -8.063  0.1306E-02  0.1200E+02
  -8.053  0.1395E-02  0.1200E+02
  -8.043  0.1489E-02  0.1200E+02
  -8.033  0.1589E-02  0.1200E+02
  -8.023  0.1695E-02  0.1200E+02
  -8.013  0.1808E-02  0.1200E+02
  -8.003  0.1927E-02  0.1200E+02
  -7.993  0.2053E-02  0.1200E+02
  -7.983  0.2187E-02  0.1200E+02
  -7.973  0.2329E-02  0.1200E+02
  -7.963  0.2479E-02  0.1200E+02
  -7.953  0.2638E-02  0.1200E+02
  -7.943  0.2806E-02  0.1200E+02
  -7.933  0.2984E-02  0.1200E+02
  -7.923  0.3172E-02  0.1200E+02
  -7.913  0.3370E-02  0.1200E+02
  -7.903  0.3580E-02  0.1200E+02
  -7.893  0.3801E-02  0.1200E+02
  -7.883  0.4035E-02  0.1200E+02
  -7.873  0.4281E-02  0.1200E+02
  -7.863  0.4541E-02  0.1200E+02
  -7.853  0.4815E-02  0.1200E+02
  -7.843  0.5104E-02  0.1200E+02
  -7.833  0.5408E-02  0.1200E+02
  -7.823  0.5729E-02  0.1200E+02
  -7.813  0.6066E-02  0.1200E+02
  -7.803  0.6421E-02  0.1200E+02
  -7.793  0.6794E-02  0.1200E+02
  -7.783  0.7187E-02  0.1200E+02
  -7.773  0.7599E-02  0.1200E+02
  -7.763  0.8033E-02  0.1200E+02
  -7.753  0.8488E-02  0.1200E+02
  -7.743  0.8967E-02  0.1200E+02
  -7.733  0.9469E-02  0.1200E+02
  -7.723  0.9995E-02  0.1200E+02
  -7.713  0.1055E-01  0.1200E+02
  -7.703  0.1113E-01  0.1200E+02
  -7.693  0.1173E-01  0.1200E+02
  -7.683  0.1237E-01  0.1200E+02
  -7.673  0.1304E-01  0.1200E+02
  -7.663  0.1374E-01  0.1200E+02
  -7.653  0.1447E-01  0.1200E+02
  -7.643  0.1523E-01  0.1200E+02
  -7.633  0.1603E-01  0.1200E+02
  -7.623  0.1687E-01  0.1200E+02
  -7.613  0.1774E-01  0.1200E+02
  -7.603  0.1865E-01  0.1200E+02
  -7.593  0.1961E-01  0.1200E+02
  -7.583  0.2060E-01  0.1200E+02
  -7.573  0.2164E-01  0.1200E+02
  -7.563  0.2273E-01  0.1200E+02
  -7.553  0.2386E-01  0.1200E+02
  -7.543  0.2504E-01  0.1200E+02
  -7.533  0.2627E-01  0.1201E+02
  -7.523  0.2756E-01  0.1201E+02
  -7.513  0.2889E-01  0.1201E+02
  -7.503  0.3028E-01  0.1201E+02
  -7.493  0.3173E-01  0.1201E+02
  -7.483  0.3324E-01  0.1201E+02
  -7.473  0.3481E-01  0.1201E+02
  -7.463  0.3644E-01  0.1201E+02
  -7.453  0.3814E-01  0.1201E+02
  -7.443  0.3990E-01  0.1201E+02
  -7.433  0.4174E-01  0.1201E+02
  -7.423  0.4364E-01  0.1201E+02
  -7.413  0.4562E-01  0.1201E+02
  -7.403  0.4767E-01  0.1201E+02
  -7.393  0.4980E-01  0.1201E+02
  -7.383  0.5201E-01  0.1201E+02
  -7.373  0.5430E-01  0.1201E+02
  -7.363  0.5668E-01  0.1201E+02
  -7.353  0.5914E-01  0.1201E+02
  -7.343  0.6169E-01  0.1201E+02
  -7.333  0.6434E-01  0.1201E+02
  -7.323  0.6707E-01  0.1201E+02
  -7.313  0.6991E-01  0.1202E+02
  -7.303  0.7284E-01  0.1202E+02
  -7.293  0.7587E-01  0.1202E+02
  -7.283  0.7901E-01  0.1202E+02
  -7.273  0.8225E-01  0.1202E+02
  -7.263  0.8561E-01  0.1202E+02
  -7.253  0.8907E-01  0.1202E+02
  -7.243  0.9265E-01  0.1202E+02
  -7.233  0.9635E-01  0.1202E+02
  -7.223  0.1002E+00  0.1202E+02
  -7.213  0.1041E+00  0.1202E+02
  -7.203  0.1082E+00  0.1203E+02
  -7.193  0.1124E+00  0.1203E+02
  -7.183  0.1167E+00  0.1203E+02
  -7.173  0.1211E+00  0.1203E+02
  -7.163  0.1257E+00  0.1203E+02
  -7.153  0.1304E+00  0.1203E+02
  -7.143  0.1353E+00  0.1203E+02
  -7.133  0.1403E+00  0.1203E+02
  -7.123  0.1455E+00  0.1204E+02
  -7.113  0.1508E+00  0.1204E+02
  -7.103  0.1562E+00  0.1204E+02
  -7.093  0.1619E+00  0.1204E+02
  -7.083  0.1676E+00  0.1204E+02
  -7.073  0.1736E+00  0.1204E+02
  -7.063  0.1797E+00  0.1205E+02
  -7.053  0.1859E+00  0.1205E+02
  -7.043  0.1923E+00  0.1205E+02
  -7.033  0.1989E+00  0.1205E+02
  -7.023  0.2057E+00  0.1205E+02
  -7.013  0.2126E+00  0.1206E+02
  -7.003  0.2198E+00  0.1206E+02
  -6.993  0.2270E+00  0.1206E+02
  -6.983  0.2345E+00  0.1206E+02
  -6.973  0.2422E+00  0.1206E+02
  -6.963  0.2500E+00  0.1207E+02
  -6.953  0.2581E+00  0.1207E+02
  -6.943  0.2663E+00  0.1207E+02
  -6.933  0.2747E+00  0.1207E+02
  -6.923  0.2833E+00  0.1208E+02
  -6.913  0.2921E+00  0.1208E+02
  -6.903  0.3011E+00  0.1208E+02
  -6.893  0.3103E+00  0.1209E+02
  -6.883  0.3197E+00  0.1209E+02
  -6.873  0.3293E+00  0.1209E+02
  -6.863  0.3390E+00  0.1210E+02
  -6.853  0.3490E+00  0.1210E+02
  -6.843  0.3592E+00  0.1210E+02
  -6.833  0.3696E+00  0.1211E+02
  -6.823  0.3802E+00  0.1211E+02
  -6.813  0.3910E+00  0.1212E+02
  -6.803  0.4020E+00  0.1212E+02
  -6.793  0.4132E+00  0.1212E+02
  -6.783  0.4246E+00  0.1213E+02
  -6.773  0.4362E+00  0.1213E+02
  -6.763  0.4480E+00  0.1214E+02
  -6.753  0.4600E+00  0.1214E+02
  -6.743  0.4722E+00  0.1215E+02
  -6.733  0.4846E+00  0.1215E+02
  -6.723  0.4972E+00  0.1216E+02
  -6.713  0.5100E+00  0.1216E+02
  -6.703  0.5230E+00  0.1217E+02
  -6.693  0.5362E+00  0.1217E+02
  -6.683  0.5495E+00  0.1218E+02
  -6.673  0.5631E+00  0.1218E+02
  -6.663  0.5768E+00  0.1219E+02
  -6.653  0.5907E+00  0.1219E+02
  -6.643  0.6048E+00  0.1220E+02
  -6.633  0.6191E+00  0.1221E+02
  -6.623  0.6335E+00  0.1221E+02
  -6.613  0.6481E+00  0.1222E+02
  -6.603  0.6629E+00  0.1223E+02
  -6.593  0.6778E+00  0.1223E+02
  -6.583  0.6928E+00  0.1224E+02
  -6.573  0.7080E+00  0.1225E+02
  -6.563  0.7234E+00  0.1225E+02
  -6.553  0.7389E+00  0.1226E+02
  -6.543  0.7545E+00  0.1227E+02
  -6.533  0.7702E+00  0.1228E+02
  -6.523  0.7861E+00  0.1228E+02
  -6.513  0.8020E+00  0.1229E+02
  -6.503  0.8181E+00  0.1230E+02
  -6.493  0.8342E+00  0.1231E+02
  -6.483  0.8505E+00  0.1232E+02
  -6.473  0.8668E+00  0.1233E+02
  -6.463  0.8832E+00  0.1233E+02
  -6.453  0.8996E+00  0.1234E+02
  -6.443  0.9162E+00  0.1235E+02
  -6.433  0.9327E+00  0.1236E+02
  -6.423  0.9493E+00  0.1237E+02
  -6.413  0.9659E+00  0.1238E+02
  -6.403  0.9826E+00  0.1239E+02
  -6.393  0.9992E+00  0.1240E+02
  -6.383  0.1016E+01  0.1241E+02
  -6.373  0.1033E+01  0.1242E+02
  -6.363  0.1049E+01  0.1243E+02
  -6.353  0.1066E+01  0.1244E+02
  -6.343  0.1082E+01  0.1245E+02
  -6.333  0.1099E+01  0.1246E+02
  -6.323  0.1115E+01  0.1248E+02
  -6.313  0.1132E+01  0.1249E+02
  -6.303  0.1148E+01  0.1250E+02
  -6.293  0.1164E+01  0.1251E+02
  -6.283  0.1180E+01  0.1252E+02
  -6.273  0.1196E+01  0.1253E+02
  -6.263  0.1212E+01  0.1255E+02
  -6.253  0.1228E+01  0.1256E+02
  -6.243  0.1243E+01  0.1257E+02
  -6.233  0.1259E+01  0.1258E+02
  -6.223  0.1274E+01  0.1260E+02
  -6.213  0.1289E+01  0.1261E+02
  -6.203  0.1304E+01  0.1262E+02
  -6.193  0.1319E+01  0.1264E+02
  -6.183  0.1333E+01  0.1265E+02
  -6.173  0.1348E+01  0.1266E+02
  -6.163  0.1362E+01  0.1268E+02
  -6.153  0.1376E+01  0.1269E+02
  -6.143  0.1389E+01  0.1270E+02
  -6.133  0.1403E+01  0.1272E+02
  -6.123  0.1416E+01  0.1273E+02
  -6.113  0.1429E+01  0.1275E+02
  -6.103  0.1441E+01  0.1276E+02
  -6.093  0.1453E+01  0.1277E+02
  -6.083  0.1465E+01  0.1279E+02
  -6.073  0.1477E+01  0.1280E+02
  -6.063  0.1488E+01  0.1282E+02
  -6.053  0.1499E+01  0.1283E+02
  -6.043  0.1510E+01  0.1285E+02
  -6.033  0.1520E+01  0.1286E+02
  -6.023  0.1531E+01  0.1288E+02
  -6.013  0.1540E+01  0.1290E+02
  -6.003  0.1550E+01  0.1291E+02
  -5.993  0.1559E+01  0.1293E+02
  -5.983  0.1567E+01  0.1294E+02
  -5.973  0.1576E+01  0.1296E+02
  -5.963  0.1584E+01  0.1297E+02
  -5.953  0.1591E+01  0.1299E+02
  -5.943  0.1599E+01  0.1301E+02
  -5.933  0.1606E+01  0.1302E+02
  -5.923  0.1612E+01  0.1304E+02
  -5.913  0.1618E+01  0.1305E+02
  -5.903  0.1624E+01  0.1307E+02
  -5.893  0.1630E+01  0.1309E+02
  -5.883  0.1635E+01  0.1310E+02
  -5.873  0.1640E+01  0.1312E+02
  -5.863  0.1644E+01  0.1314E+02
  -5.853  0.1648E+01  0.1315E+02
  -5.843  0.1652E+01  0.1317E+02
  -5.833  0.1656E+01  0.1319E+02
  -5.823  0.1659E+01  0.1320E+02
  -5.813  0.1661E+01  0.1322E+02
  -5.803  0.1664E+01  0.1323E+02
  -5.793  0.1666E+01  0.1325E+02
  -5.783  0.1668E+01  0.1327E+02
  -5.773  0.1670E+01  0.1328E+02
  -5.763  0.1671E+01  0.1330E+02
  -5.753  0.1672E+01  0.1332E+02
  -5.743  0.1672E+01  0.1334E+02
  -5.733  0.1673E+01  0.1335E+02
  -5.723  0.1673E+01  0.1337E+02
  -5.713  0.1673E+01  0.1339E+02
  -5.703  0.1673E+01  0.1340E+02
  -5.693  0.1672E+01  0.1342E+02
  -5.683  0.1671E+01  0.1344E+02
  -5.673  0.1670E+01  0.1345E+02
  -5.663  0.1669E+01  0.1347E+02
  -5.653  0.1668E+01  0.1349E+02
  -5.643  0.1666E+01  0.1350E+02
  -5.633  0.1665E+01  0.1352E+02
  -5.623  0.1663E+01  0.1354E+02
  -5.613  0.1661E+01  0.1355E+02
  -5.603  0.1659E+01  0.1357E+02
  -5.593  0.1657E+01  0.1359E+02
  -5.583  0.1654E+01  0.1360E+02
  -5.573  0.1652E+01  0.1362E+02
  -5.563  0.1649E+01  0.1363E+02
  -5.553  0.1647E+01  0.1365E+02
  -5.543  0.1644E+01  0.1367E+02
  -5.533  0.1642E+01  0.1368E+02
  -5.523  0.1639E+01  0.1370E+02
  -5.513  0.1636E+01  0.1372E+02
  -5.503  0.1634E+01  0.1373E+02
  -5.493  0.1631E+01  0.1375E+02
  -5.483  0.1628E+01  0.1377E+02
  -5.473  0.1626E+01  0.1378E+02
  -5.463  0.1623E+01  0.1380E+02
  -5.453  0.1621E+01  0.1381E+02
  -5.443  0.1618E+01  0.1383E+02
  -5.433  0.1616E+01  0.1385E+02
  -5.423  0.1613E+01  0.1386E+02
  -5.413  0.1611E+01  0.1388E+02
  -5.403  0.1609E+01  0.1390E+02
  -5.393  0.1607E+01  0.1391E+02
  -5.383  0.1605E+01  0.1393E+02
  -5.373  0.1603E+01  0.1394E+02
  -5.363  0.1601E+01  0.1396E+02
  -5.353  0.1600E+01  0.1398E+02
  -5.343  0.1598E+01  0.1399E+02
  -5.333  0.1597E+01  0.1401E+02
  -5.323  0.1596E+01  0.1402E+02
  -5.313  0.1595E+01  0.1404E+02
  -5.303  0.1594E+01  0.1406E+02
  -5.293  0.1593E+01  0.1407E+02
  -5.283  0.1593E+01  0.1409E+02
  -5.273  0.1592E+01  0.1410E+02
  -5.263  0.1592E+01  0.1412E+02
  -5.253  0.1592E+01  0.1413E+02
  -5.243  0.1592E+01  0.1415E+02
  -5.233  0.1593E+01  0.1417E+02
  -5.223  0.1593E+01  0.1418E+02
  -5.213  0.1594E+01  0.1420E+02
  -5.203  0.1595E+01  0.1421E+02
  -5.193  0.1596E+01  0.1423E+02
  -5.183  0.1597E+01  0.1425E+02
  -5.173  0.1598E+01  0.1426E+02
  -5.163  0.1600E+01  0.1428E+02
  -5.153  0.1601E+01  0.1429E+02
  -5.143  0.1603E+01  0.1431E+02
  -5.133  0.1605E+01  0.1433E+02
  -5.123  0.1607E+01  0.1434E+02
  -5.113  0.1609E+01  0.1436E+02
  -5.103  0.1611E+01  0.1437E+02
  -5.093  0.1614E+01  0.1439E+02
  -5.083  0.1616E+01  0.1441E+02
  -5.073  0.1619E+01  0.1442E+02
  -5.063  0.1622E+01  0.1444E+02
  -5.053  0.1625E+01  0.1446E+02
  -5.043  0.1628E+01  0.1447E+02
  -5.033  0.1631E+01  0.1449E+02
  -5.023  0.1634E+01  0.1450E+02
  -5.013  0.1637E+01  0.1452E+02
  -5.003  0.1641E+01  0.1454E+02
  -4.993  0.1644E+01  0.1455E+02
  -4.983  0.1647E+01  0.1457E+02
  -4.973  0.1651E+01  0.1459E+02
  -4.963  0.1654E+01  0.1460E+02
  -4.953  0.1658E+01  0.1462E+02
  -4.943  0.1661E+01  0.1464E+02
  -4.933  0.1665E+01  0.1465E+02
  -4.923  0.1668E+01  0.1467E+02
  -4.913  0.1672E+01  0.1469E+02
  -4.903  0.1676E+01  0.1470E+02
  -4.893  0.1679E+01  0.1472E+02
  -4.883  0.1683E+01  0.1474E+02
  -4.873  0.1686E+01  0.1475E+02
  -4.863  0.1690E+01  0.1477E+02
  -4.853  0.1693E+01  0.1479E+02
  -4.843  0.1697E+01  0.1480E+02
  -4.833  0.1700E+01  0.1482E+02
  -4.823  0.1703E+01  0.1484E+02
  -4.813  0.1706E+01  0.1486E+02
  -4.803  0.1710E+01  0.1487E+02
  -4.793  0.1713E+01  0.1489E+02
  -4.783  0.1716E+01  0.1491E+02
  -4.773  0.1719E+01  0.1492E+02
  -4.763  0.1721E+01  0.1494E+02
  -4.753  0.1724E+01  0.1496E+02
  -4.743  0.1727E+01  0.1498E+02
  -4.733  0.1730E+01  0.1499E+02
  -4.723  0.1732E+01  0.1501E+02
  -4.713  0.1735E+01  0.1503E+02
  -4.703  0.1737E+01  0.1505E+02
  -4.693  0.1739E+01  0.1506E+02
  -4.683  0.1741E+01  0.1508E+02
  -4.673  0.1743E+01  0.1510E+02
  -4.663  0.1745E+01  0.1511E+02
  -4.653  0.1747E+01  0.1513E+02
  -4.643  0.1749E+01  0.1515E+02
  -4.633  0.1751E+01  0.1517E+02
  -4.623  0.1753E+01  0.1518E+02
  -4.613  0.1754E+01  0.1520E+02
  -4.603  0.1756E+01  0.1522E+02
  -4.593  0.1757E+01  0.1524E+02
  -4.583  0.1758E+01  0.1526E+02
  -4.573  0.1760E+01  0.1527E+02
  -4.563  0.1761E+01  0.1529E+02
  -4.553  0.1762E+01  0.1531E+02
  -4.543  0.1763E+01  0.1533E+02
  -4.533  0.1764E+01  0.1534E+02
  -4.523  0.1765E+01  0.1536E+02
  -4.513  0.1766E+01  0.1538E+02
  -4.503  0.1767E+01  0.1540E+02
  -4.493  0.1768E+01  0.1541E+02
  -4.483  0.1769E+01  0.1543E+02
  -4.473  0.1770E+01  0.1545E+02
  -4.463  0.1771E+01  0.1547E+02
  -4.453  0.1772E+01  0.1548E+02
  -4.443  0.1772E+01  0.1550E+02
  -4.433  0.1773E+01  0.1552E+02
  -4.423  0.1774E+01  0.1554E+02
  -4.413  0.1775E+01  0.1556E+02
  -4.403  0.1776E+01  0.1557E+02
  -4.393  0.1777E+01  0.1559E+02
  -4.383  0.1778E+01  0.1561E+02
  -4.373  0.1780E+01  0.1563E+02
  -4.363  0.1781E+01  0.1564E+02
  -4.353  0.1782E+01  0.1566E+02
  -4.343  0.1783E+01  0.1568E+02
  -4.333  0.1785E+01  0.1570E+02
  -4.323  0.1786E+01  0.1572E+02
  -4.313  0.1788E+01  0.1573E+02
  -4.303  0.1790E+01  0.1575E+02
  -4.293  0.1792E+01  0.1577E+02
  -4.283  0.1794E+01  0.1579E+02
  -4.273  0.1796E+01  0.1581E+02
  -4.263  0.1798E+01  0.1582E+02
  -4.253  0.1801E+01  0.1584E+02
  -4.243  0.1803E+01  0.1586E+02
  -4.233  0.1806E+01  0.1588E+02
  -4.223  0.1809E+01  0.1590E+02
  -4.213  0.1812E+01  0.1591E+02
  -4.203  0.1815E+01  0.1593E+02
  -4.193  0.1818E+01  0.1595E+02
  -4.183  0.1822E+01  0.1597E+02
  -4.173  0.1826E+01  0.1599E+02
  -4.163  0.1830E+01  0.1600E+02
  -4.153  0.1834E+01  0.1602E+02
  -4.143  0.1839E+01  0.1604E+02
  -4.133  0.1843E+01  0.1606E+02
  -4.123  0.1848E+01  0.1608E+02
  -4.113  0.1853E+01  0.1610E+02
  -4.103  0.1859E+01  0.1612E+02
  -4.093  0.1864E+01  0.1613E+02
  -4.083  0.1870E+01  0.1615E+02
  -4.073  0.1876E+01  0.1617E+02
  -4.063  0.1883E+01  0.1619E+02
  -4.053  0.1889E+01  0.1621E+02
  -4.043  0.1896E+01  0.1623E+02
  -4.033  0.1903E+01  0.1625E+02
  -4.023  0.1911E+01  0.1627E+02
  -4.013  0.1918E+01  0.1629E+02
  -4.003  0.1926E+01  0.1631E+02
  -3.993  0.1935E+01  0.1632E+02
  -3.983  0.1943E+01  0.1634E+02
  -3.973  0.1952E+01  0.1636E+02
  -3.963  0.1961E+01  0.1638E+02
  -3.953  0.1971E+01  0.1640E+02
  -3.943  0.1981E+01  0.1642E+02
  -3.933  0.1991E+01  0.1644E+02
  -3.923  0.2001E+01  0.1646E+02
  -3.913  0.2012E+01  0.1648E+02
  -3.903  0.2023E+01  0.1650E+02
  -3.893  0.2034E+01  0.1652E+02
  -3.883  0.2046E+01  0.1654E+02
  -3.873  0.2058E+01  0.1656E+02
  -3.863  0.2071E+01  0.1658E+02
  -3.853  0.2084E+01  0.1661E+02
  -3.843  0.2097E+01  0.1663E+02
  -3.833  0.2110E+01  0.1665E+02
  -3.823  0.2124E+01  0.1667E+02
  -3.813  0.2138E+01  0.1669E+02
  -3.803  0.2153E+01  0.1671E+02
  -3.793  0.2168E+01  0.1673E+02
  -3.783  0.2183E+01  0.1676E+02
  -3.773  0.2199E+01  0.1678E+02
  -3.763  0.2215E+01  0.1680E+02
  -3.753  0.2231E+01  0.1682E+02
  -3.743  0.2248E+01  0.1684E+02
  -3.733  0.2266E+01  0.1687E+02
  -3.723  0.2283E+01  0.1689E+02
  -3.713  0.2301E+01  0.1691E+02
  -3.703  0.2320E+01  0.1694E+02
  -3.693  0.2339E+01  0.1696E+02
  -3.683  0.2358E+01  0.1698E+02
  -3.673  0.2378E+01  0.1701E+02
  -3.663  0.2398E+01  0.1703E+02
  -3.653  0.2419E+01  0.1706E+02
  -3.643  0.2440E+01  0.1708E+02
  -3.633  0.2461E+01  0.1710E+02
  -3.623  0.2483E+01  0.1713E+02
  -3.613  0.2505E+01  0.1715E+02
  -3.603  0.2528E+01  0.1718E+02
  -3.593  0.2551E+01  0.1720E+02
  -3.583  0.2575E+01  0.1723E+02
  -3.573  0.2598E+01  0.1726E+02
  -3.563  0.2623E+01  0.1728E+02
  -3.553  0.2648E+01  0.1731E+02
  -3.543  0.2673E+01  0.1734E+02
  -3.533  0.2699E+01  0.1736E+02
  -3.523  0.2725E+01  0.1739E+02
  -3.513  0.2751E+01  0.1742E+02
  -3.503  0.2778E+01  0.1745E+02
  -3.493  0.2806E+01  0.1747E+02
  -3.483  0.2833E+01  0.1750E+02
  -3.473  0.2862E+01  0.1753E+02
  -3.463  0.2890E+01  0.1756E+02
  -3.453  0.2919E+01  0.1759E+02
  -3.443  0.2948E+01  0.1762E+02
  -3.433  0.2978E+01  0.1765E+02
  -3.423  0.3008E+01  0.1768E+02
  -3.413  0.3038E+01  0.1771E+02
  -3.403  0.3069E+01  0.1774E+02
  -3.393  0.3100E+01  0.1777E+02
  -3.383  0.3131E+01  0.1780E+02
  -3.373  0.3163E+01  0.1783E+02
  -3.363  0.3195E+01  0.1786E+02
  -3.353  0.3227E+01  0.1790E+02
  -3.343  0.3259E+01  0.1793E+02
  -3.333  0.3292E+01  0.1796E+02
  -3.323  0.3325E+01  0.1800E+02
  -3.313  0.3358E+01  0.1803E+02
  -3.303  0.3392E+01  0.1806E+02
  -3.293  0.3425E+01  0.1810E+02
  -3.283  0.3459E+01  0.1813E+02
  -3.273  0.3492E+01  0.1817E+02
  -3.263  0.3526E+01  0.1820E+02
  -3.253  0.3560E+01  0.1824E+02
  -3.243  0.3594E+01  0.1827E+02
  -3.233  0.3628E+01  0.1831E+02
  -3.223  0.3662E+01  0.1835E+02
  -3.213  0.3696E+01  0.1838E+02
  -3.203  0.3730E+01  0.1842E+02
  -3.193  0.3764E+01  0.1846E+02
  -3.183  0.3798E+01  0.1850E+02
  -3.173  0.3832E+01  0.1854E+02
  -3.163  0.3866E+01  0.1857E+02
  -3.153  0.3899E+01  0.1861E+02
  -3.143  0.3932E+01  0.1865E+02
  -3.133  0.3965E+01  0.1869E+02
  -3.123  0.3998E+01  0.1873E+02
  -3.113  0.4031E+01  0.1877E+02
  -3.103  0.4063E+01  0.1881E+02
  -3.093  0.4094E+01  0.1885E+02
  -3.083  0.4126E+01  0.1889E+02
  -3.073  0.4157E+01  0.1894E+02
  -3.063  0.4188E+01  0.1898E+02
  -3.053  0.4218E+01  0.1902E+02
  -3.043  0.4247E+01  0.1906E+02
  -3.033  0.4276E+01  0.1911E+02
  -3.023  0.4305E+01  0.1915E+02
  -3.013  0.4333E+01  0.1919E+02
  -3.003  0.4360E+01  0.1924E+02
  -2.993  0.4387E+01  0.1928E+02
  -2.983  0.4413E+01  0.1932E+02
  -2.973  0.4438E+01  0.1937E+02
  -2.963  0.4463E+01  0.1941E+02
  -2.953  0.4487E+01  0.1946E+02
  -2.943  0.4510E+01  0.1950E+02
  -2.933  0.4532E+01  0.1955E+02
  -2.923  0.4553E+01  0.1959E+02
  -2.913  0.4574E+01  0.1964E+02
  -2.903  0.4593E+01  0.1969E+02
  -2.893  0.4612E+01  0.1973E+02
  -2.883  0.4629E+01  0.1978E+02
  -2.873  0.4646E+01  0.1982E+02
  -2.863  0.4662E+01  0.1987E+02
  -2.853  0.4676E+01  0.1992E+02
  -2.843  0.4690E+01  0.1996E+02
  -2.833  0.4703E+01  0.2001E+02
  -2.823  0.4714E+01  0.2006E+02
  -2.813  0.4724E+01  0.2011E+02
  -2.803  0.4734E+01  0.2015E+02
  -2.793  0.4742E+01  0.2020E+02
  -2.783  0.4749E+01  0.2025E+02
  -2.773  0.4754E+01  0.2030E+02
  -2.763  0.4759E+01  0.2034E+02
  -2.753  0.4763E+01  0.2039E+02
  -2.743  0.4765E+01  0.2044E+02
  -2.733  0.4766E+01  0.2049E+02
  -2.723  0.4765E+01  0.2053E+02
  -2.713  0.4764E+01  0.2058E+02
  -2.703  0.4761E+01  0.2063E+02
  -2.693  0.4757E+01  0.2068E+02
  -2.683  0.4752E+01  0.2072E+02
  -2.673  0.4746E+01  0.2077E+02
  -2.663  0.4738E+01  0.2082E+02
  -2.653  0.4729E+01  0.2087E+02
  -2.643  0.4719E+01  0.2091E+02
  -2.633  0.4707E+01  0.2096E+02
  -2.623  0.4695E+01  0.2101E+02
  -2.613  0.4681E+01  0.2105E+02
  -2.603  0.4666E+01  0.2110E+02
  -2.593  0.4649E+01  0.2115E+02
  -2.583  0.4632E+01  0.2119E+02
  -2.573  0.4613E+01  0.2124E+02
  -2.563  0.4593E+01  0.2129E+02
  -2.553  0.4572E+01  0.2133E+02
  -2.543  0.4549E+01  0.2138E+02
  -2.533  0.4526E+01  0.2142E+02
  -2.523  0.4501E+01  0.2147E+02
  -2.513  0.4475E+01  0.2151E+02
  -2.503  0.4448E+01  0.2156E+02
  -2.493  0.4420E+01  0.2160E+02
  -2.483  0.4391E+01  0.2164E+02
  -2.473  0.4361E+01  0.2169E+02
  -2.463  0.4330E+01  0.2173E+02
  -2.453  0.4298E+01  0.2177E+02
  -2.443  0.4265E+01  0.2182E+02
  -2.433  0.4231E+01  0.2186E+02
  -2.423  0.4196E+01  0.2190E+02
  -2.413  0.4160E+01  0.2194E+02
  -2.403  0.4123E+01  0.2198E+02
  -2.393  0.4085E+01  0.2202E+02
  -2.383  0.4047E+01  0.2207E+02
  -2.373  0.4007E+01  0.2211E+02
  -2.363  0.3967E+01  0.2215E+02
  -2.353  0.3926E+01  0.2218E+02
  -2.343  0.3885E+01  0.2222E+02
  -2.333  0.3843E+01  0.2226E+02
  -2.323  0.3800E+01  0.2230E+02
  -2.313  0.3756E+01  0.2234E+02
  -2.303  0.3712E+01  0.2237E+02
  -2.293  0.3667E+01  0.2241E+02
  -2.283  0.3622E+01  0.2245E+02
  -2.273  0.3577E+01  0.2248E+02
  -2.263  0.3530E+01  0.2252E+02
  -2.253  0.3484E+01  0.2255E+02
  -2.243  0.3437E+01  0.2259E+02
  -2.233  0.3390E+01  0.2262E+02
  -2.223  0.3342E+01  0.2265E+02
  -2.213  0.3294E+01  0.2269E+02
  -2.203  0.3246E+01  0.2272E+02
  -2.193  0.3198E+01  0.2275E+02
  -2.183  0.3149E+01  0.2278E+02
  -2.173  0.3100E+01  0.2281E+02
  -2.163  0.3051E+01  0.2285E+02
  -2.153  0.3002E+01  0.2288E+02
  -2.143  0.2953E+01  0.2290E+02
  -2.133  0.2904E+01  0.2293E+02
  -2.123  0.2855E+01  0.2296E+02
  -2.113  0.2806E+01  0.2299E+02
  -2.103  0.2757E+01  0.2302E+02
  -2.093  0.2708E+01  0.2305E+02
  -2.083  0.2660E+01  0.2307E+02
  -2.073  0.2611E+01  0.2310E+02
  -2.063  0.2563E+01  0.2312E+02
  -2.053  0.2514E+01  0.2315E+02
  -2.043  0.2467E+01  0.2317E+02
  -2.033  0.2419E+01  0.2320E+02
  -2.023  0.2372E+01  0.2322E+02
  -2.013  0.2325E+01  0.2324E+02
  -2.003  0.2278E+01  0.2327E+02
  -1.993  0.2232E+01  0.2329E+02
  -1.983  0.2186E+01  0.2331E+02
  -1.973  0.2140E+01  0.2333E+02
  -1.963  0.2095E+01  0.2335E+02
  -1.953  0.2051E+01  0.2337E+02
  -1.943  0.2007E+01  0.2339E+02
  -1.933  0.1963E+01  0.2341E+02
  -1.923  0.1921E+01  0.2343E+02
  -1.913  0.1878E+01  0.2345E+02
  -1.903  0.1836E+01  0.2347E+02
  -1.893  0.1795E+01  0.2349E+02
  -1.883  0.1755E+01  0.2351E+02
  -1.873  0.1715E+01  0.2352E+02
  -1.863  0.1676E+01  0.2354E+02
  -1.853  0.1638E+01  0.2356E+02
  -1.843  0.1600E+01  0.2357E+02
  -1.833  0.1563E+01  0.2359E+02
  -1.823  0.1527E+01  0.2360E+02
  -1.813  0.1492E+01  0.2362E+02
  -1.803  0.1457E+01  0.2363E+02
  -1.793  0.1423E+01  0.2365E+02
  -1.783  0.1390E+01  0.2366E+02
  -1.773  0.1358E+01  0.2367E+02
  -1.763  0.1327E+01  0.2369E+02
  -1.753  0.1296E+01  0.2370E+02
  -1.743  0.1267E+01  0.2371E+02
  -1.733  0.1238E+01  0.2373E+02
  -1.723  0.1210E+01  0.2374E+02
  -1.713  0.1183E+01  0.2375E+02
  -1.703  0.1157E+01  0.2376E+02
  -1.693  0.1132E+01  0.2377E+02
  -1.683  0.1108E+01  0.2378E+02
  -1.673  0.1085E+01  0.2379E+02
  -1.663  0.1063E+01  0.2380E+02
  -1.653  0.1042E+01  0.2382E+02
  -1.643  0.1021E+01  0.2383E+02
  -1.633  0.1002E+01  0.2384E+02
  -1.623  0.9839E+00  0.2385E+02
  -1.613  0.9667E+00  0.2385E+02
  -1.603  0.9505E+00  0.2386E+02
  -1.593  0.9353E+00  0.2387E+02
  -1.583  0.9211E+00  0.2388E+02
  -1.573  0.9080E+00  0.2389E+02
  -1.563  0.8959E+00  0.2390E+02
  -1.553  0.8849E+00  0.2391E+02
  -1.543  0.8749E+00  0.2392E+02
  -1.533  0.8659E+00  0.2393E+02
  -1.523  0.8580E+00  0.2394E+02
  -1.513  0.8512E+00  0.2394E+02
  -1.503  0.8455E+00  0.2395E+02
  -1.493  0.8408E+00  0.2396E+02
  -1.483  0.8372E+00  0.2397E+02
  -1.473  0.8347E+00  0.2398E+02
  -1.463  0.8332E+00  0.2399E+02
  -1.453  0.8328E+00  0.2399E+02
  -1.443  0.8336E+00  0.2400E+02
  -1.433  0.8354E+00  0.2401E+02
  -1.423  0.8383E+00  0.2402E+02
  -1.413  0.8423E+00  0.2403E+02
  -1.403  0.8474E+00  0.2404E+02
  -1.393  0.8536E+00  0.2405E+02
  -1.383  0.8609E+00  0.2405E+02
  -1.373  0.8692E+00  0.2406E+02
  -1.363  0.8787E+00  0.2407E+02
  -1.353  0.8893E+00  0.2408E+02
  -1.343  0.9010E+00  0.2409E+02
  -1.333  0.9137E+00  0.2410E+02
  -1.323  0.9275E+00  0.2411E+02
  -1.313  0.9425E+00  0.2412E+02
  -1.303  0.9585E+00  0.2413E+02
  -1.293  0.9756E+00  0.2414E+02
  -1.283  0.9938E+00  0.2415E+02
  -1.273  0.1013E+01  0.2416E+02
  -1.263  0.1033E+01  0.2417E+02
  -1.253  0.1055E+01  0.2418E+02
  -1.243  0.1077E+01  0.2419E+02
  -1.233  0.1101E+01  0.2420E+02
  -1.223  0.1125E+01  0.2421E+02
  -1.213  0.1151E+01  0.2422E+02
  -1.203  0.1178E+01  0.2423E+02
  -1.193  0.1205E+01  0.2425E+02
  -1.183  0.1234E+01  0.2426E+02
  -1.173  0.1264E+01  0.2427E+02
  -1.163  0.1294E+01  0.2428E+02
  -1.153  0.1326E+01  0.2430E+02
  -1.143  0.1359E+01  0.2431E+02
  -1.133  0.1393E+01  0.2432E+02
  -1.123  0.1427E+01  0.2434E+02
  -1.113  0.1463E+01  0.2435E+02
  -1.103  0.1499E+01  0.2437E+02
  -1.093  0.1537E+01  0.2438E+02
  -1.083  0.1575E+01  0.2440E+02
  -1.073  0.1615E+01  0.2442E+02
  -1.063  0.1655E+01  0.2443E+02
  -1.053  0.1696E+01  0.2445E+02
  -1.043  0.1738E+01  0.2447E+02
  -1.033  0.1780E+01  0.2448E+02
  -1.023  0.1824E+01  0.2450E+02
  -1.013  0.1868E+01  0.2452E+02
  -1.003  0.1913E+01  0.2454E+02
  -0.993  0.1959E+01  0.2456E+02
  -0.983  0.2006E+01  0.2458E+02
  -0.973  0.2053E+01  0.2460E+02
  -0.963  0.2101E+01  0.2462E+02
  -0.953  0.2150E+01  0.2464E+02
  -0.943  0.2199E+01  0.2466E+02
  -0.933  0.2249E+01  0.2469E+02
  -0.923  0.2299E+01  0.2471E+02
  -0.913  0.2351E+01  0.2473E+02
  -0.903  0.2402E+01  0.2476E+02
  -0.893  0.2454E+01  0.2478E+02
  -0.883  0.2507E+01  0.2481E+02
  -0.873  0.2560E+01  0.2483E+02
  -0.863  0.2614E+01  0.2486E+02
  -0.853  0.2668E+01  0.2489E+02
  -0.843  0.2723E+01  0.2491E+02
  -0.833  0.2778E+01  0.2494E+02
  -0.823  0.2833E+01  0.2497E+02
  -0.813  0.2888E+01  0.2500E+02
  -0.803  0.2944E+01  0.2503E+02
  -0.793  0.3000E+01  0.2506E+02
  -0.783  0.3057E+01  0.2509E+02
  -0.773  0.3113E+01  0.2512E+02
  -0.763  0.3170E+01  0.2515E+02
  -0.753  0.3227E+01  0.2518E+02
  -0.743  0.3284E+01  0.2522E+02
  -0.733  0.3341E+01  0.2525E+02
  -0.723  0.3398E+01  0.2528E+02
  -0.713  0.3455E+01  0.2532E+02
  -0.703  0.3513E+01  0.2535E+02
  -0.693  0.3570E+01  0.2539E+02
  -0.683  0.3627E+01  0.2543E+02
  -0.673  0.3684E+01  0.2546E+02
  -0.663  0.3741E+01  0.2550E+02
  -0.653  0.3798E+01  0.2554E+02
  -0.643  0.3854E+01  0.2558E+02
  -0.633  0.3911E+01  0.2562E+02
  -0.623  0.3967E+01  0.2565E+02
  -0.613  0.4023E+01  0.2569E+02
  -0.603  0.4079E+01  0.2574E+02
  -0.593  0.4134E+01  0.2578E+02
  -0.583  0.4189E+01  0.2582E+02
  -0.573  0.4244E+01  0.2586E+02
  -0.563  0.4299E+01  0.2590E+02
  -0.553  0.4353E+01  0.2595E+02
  -0.543  0.4406E+01  0.2599E+02
  -0.533  0.4460E+01  0.2604E+02
  -0.523  0.4512E+01  0.2608E+02
  -0.513  0.4565E+01  0.2613E+02
  -0.503  0.4616E+01  0.2617E+02
  -0.493  0.4668E+01  0.2622E+02
  -0.483  0.4718E+01  0.2627E+02
  -0.473  0.4768E+01  0.2632E+02
  -0.463  0.4818E+01  0.2636E+02
  -0.453  0.4867E+01  0.2641E+02
  -0.443  0.4915E+01  0.2646E+02
  -0.433  0.4963E+01  0.2651E+02
  -0.423  0.5011E+01  0.2656E+02
  -0.413  0.5057E+01  0.2661E+02
  -0.403  0.5103E+01  0.2666E+02
  -0.393  0.5148E+01  0.2671E+02
  -0.383  0.5193E+01  0.2677E+02
  -0.373  0.5237E+01  0.2682E+02
  -0.363  0.5280E+01  0.2687E+02
  -0.353  0.5322E+01  0.2692E+02
  -0.343  0.5364E+01  0.2698E+02
  -0.333  0.5405E+01  0.2703E+02
  -0.323  0.5446E+01  0.2709E+02
  -0.313  0.5486E+01  0.2714E+02
  -0.303  0.5524E+01  0.2720E+02
  -0.293  0.5563E+01  0.2725E+02
  -0.283  0.5600E+01  0.2731E+02
  -0.273  0.5637E+01  0.2736E+02
  -0.263  0.5673E+01  0.2742E+02
  -0.253  0.5709E+01  0.2748E+02
  -0.243  0.5743E+01  0.2754E+02
  -0.233  0.5777E+01  0.2759E+02
  -0.223  0.5811E+01  0.2765E+02
  -0.213  0.5843E+01  0.2771E+02
  -0.203  0.5875E+01  0.2777E+02
  -0.193  0.5906E+01  0.2783E+02
  -0.183  0.5937E+01  0.2789E+02
  -0.173  0.5966E+01  0.2795E+02
  -0.163  0.5996E+01  0.2801E+02
  -0.153  0.6024E+01  0.2807E+02
  -0.143  0.6052E+01  0.2813E+02
  -0.133  0.6079E+01  0.2819E+02
  -0.123  0.6106E+01  0.2825E+02
  -0.113  0.6131E+01  0.2831E+02
  -0.103  0.6157E+01  0.2837E+02
  -0.093  0.6181E+01  0.2843E+02
  -0.083  0.6206E+01  0.2850E+02
  -0.073  0.6229E+01  0.2856E+02
  -0.063  0.6252E+01  0.2862E+02
  -0.053  0.6274E+01  0.2868E+02
  -0.043  0.6296E+01  0.2875E+02
  -0.033  0.6318E+01  0.2881E+02
  -0.023  0.6338E+01  0.2887E+02
  -0.013  0.6359E+01  0.2894E+02
  -0.003  0.6379E+01  0.2900E+02
   0.007  0.6398E+01  0.2906E+02
   0.017  0.6417E+01  0.2913E+02
   0.027  0.6435E+01  0.2919E+02
   0.037  0.6453E+01  0.2926E+02
   0.047  0.6471E+01  0.2932E+02
   0.057  0.6488E+01  0.2939E+02
   0.067  0.6505E+01  0.2945E+02
   0.077  0.6521E+01  0.2952E+02
   0.087  0.6538E+01  0.2958E+02
   0.097  0.6553E+01  0.2965E+02
   0.107  0.6569E+01  0.2971E+02
   0.117  0.6584E+01  0.2978E+02
   0.127  0.6599E+01  0.2985E+02
   0.137  0.6613E+01  0.2991E+02
   0.147  0.6627E+01  0.2998E+02
   0.157  0.6641E+01  0.3004E+02
   0.167  0.6655E+01  0.3011E+02
   0.177  0.6669E+01  0.3018E+02
   0.187  0.6682E+01  0.3024E+02
   0.197  0.6695E+01  0.3031E+02
   0.207  0.6708E+01  0.3038E+02
   0.217  0.6721E+01  0.3045E+02
   0.227  0.6733E+01  0.3051E+02
   0.237  0.6746E+01  0.3058E+02
   0.247  0.6758E+01  0.3065E+02
   0.257  0.6770E+01  0.3072E+02
   0.267  0.6782E+01  0.3078E+02
   0.277  0.6794E+01  0.3085E+02
   0.287  0.6805E+01  0.3092E+02
   0.297  0.6817E+01  0.3099E+02
   0.307  0.6829E+01  0.3106E+02
   0.317  0.6840E+01  0.3112E+02
   0.327  0.6852E+01  0.3119E+02
   0.337  0.6863E+01  0.3126E+02
   0.347  0.6874E+01  0.3133E+02
   0.357  0.6886E+01  0.3140E+02
   0.367  0.6897E+01  0.3147E+02
   0.377  0.6908E+01  0.3154E+02
   0.387  0.6919E+01  0.3161E+02
   0.397  0.6930E+01  0.3168E+02
   0.407  0.6941E+01  0.3175E+02
   0.417  0.6953E+01  0.3182E+02
   0.427  0.6964E+01  0.3188E+02
   0.437  0.6975E+01  0.3195E+02
   0.447  0.6986E+01  0.3202E+02
   0.457  0.6997E+01  0.3209E+02
   0.467  0.7008E+01  0.3216E+02
   0.477  0.7020E+01  0.3223E+02
   0.487  0.7031E+01  0.3230E+02
   0.497  0.7042E+01  0.3238E+02
   0.507  0.7053E+01  0.3245E+02
   0.517  0.7065E+01  0.3252E+02
   0.527  0.7076E+01  0.3259E+02
   0.537  0.7087E+01  0.3266E+02
   0.547  0.7099E+01  0.3273E+02
   0.557  0.7110E+01  0.3280E+02
   0.567  0.7122E+01  0.3287E+02
   0.577  0.7133E+01  0.3294E+02
   0.587  0.7145E+01  0.3301E+02
   0.597  0.7156E+01  0.3309E+02
   0.607  0.7168E+01  0.3316E+02
   0.617  0.7180E+01  0.3323E+02
   0.627  0.7191E+01  0.3330E+02
   0.637  0.7203E+01  0.3337E+02
   0.647  0.7215E+01  0.3345E+02
   0.657  0.7227E+01  0.3352E+02
   0.667  0.7238E+01  0.3359E+02
   0.677  0.7250E+01  0.3366E+02
   0.687  0.7262E+01  0.3374E+02
   0.697  0.7274E+01  0.3381E+02
   0.707  0.7286E+01  0.3388E+02
   0.717  0.7297E+01  0.3395E+02
   0.727  0.7309E+01  0.3403E+02
   0.737  0.7321E+01  0.3410E+02
   0.747  0.7333E+01  0.3417E+02
   0.757  0.7345E+01  0.3425E+02
   0.767  0.7356E+01  0.3432E+02
   0.777  0.7368E+01  0.3439E+02
   0.787  0.7380E+01  0.3447E+02
   0.797  0.7391E+01  0.3454E+02
   0.807  0.7403E+01  0.3462E+02
   0.817  0.7415E+01  0.3469E+02
   0.827  0.7426E+01  0.3476E+02
   0.837  0.7438E+01  0.3484E+02
   0.847  0.7449E+01  0.3491E+02
   0.857  0.7460E+01  0.3499E+02
   0.867  0.7471E+01  0.3506E+02
   0.877  0.7482E+01  0.3514E+02
   0.887  0.7493E+01  0.3521E+02
   0.897  0.7504E+01  0.3529E+02
   0.907  0.7515E+01  0.3536E+02
   0.917  0.7526E+01  0.3544E+02
   0.927  0.7536E+01  0.3551E+02
   0.937  0.7547E+01  0.3559E+02
   0.947  0.7557E+01  0.3566E+02
   0.957  0.7567E+01  0.3574E+02
   0.967  0.7577E+01  0.3582E+02
   0.977  0.7586E+01  0.3589E+02
   0.987  0.7596E+01  0.3597E+02
   0.997  0.7605E+01  0.3604E+02
   1.007  0.7614E+01  0.3612E+02
   1.017  0.7623E+01  0.3620E+02
   1.027  0.7632E+01  0.3627E+02
   1.037  0.7640E+01  0.3635E+02
   1.047  0.7649E+01  0.3642E+02
   1.057  0.7657E+01  0.3650E+02
   1.067  0.7664E+01  0.3658E+02
   1.077  0.7672E+01  0.3665E+02
   1.087  0.7679E+01  0.3673E+02
   1.097  0.7686E+01  0.3681E+02
   1.107  0.7693E+01  0.3689E+02
   1.117  0.7699E+01  0.3696E+02
   1.127  0.7705E+01  0.3704E+02
   1.137  0.7711E+01  0.3712E+02
   1.147  0.7716E+01  0.3719E+02
   1.157  0.7721E+01  0.3727E+02
   1.167  0.7726E+01  0.3735E+02
   1.177  0.7730E+01  0.3743E+02
   1.187  0.7735E+01  0.3750E+02
   1.197  0.7738E+01  0.3758E+02
   1.207  0.7742E+01  0.3766E+02
   1.217  0.7745E+01  0.3773E+02
   1.227  0.7747E+01  0.3781E+02
   1.237  0.7750E+01  0.3789E+02
   1.247  0.7752E+01  0.3797E+02
   1.257  0.7753E+01  0.3805E+02
   1.267  0.7754E+01  0.3812E+02
   1.277  0.7755E+01  0.3820E+02
   1.287  0.7755E+01  0.3828E+02
   1.297  0.7755E+01  0.3836E+02
   1.307  0.7755E+01  0.3843E+02
   1.317  0.7754E+01  0.3851E+02
   1.327  0.7752E+01  0.3859E+02
   1.337  0.7751E+01  0.3867E+02
   1.347  0.7748E+01  0.3874E+02
   1.357  0.7746E+01  0.3882E+02
   1.367  0.7743E+01  0.3890E+02
   1.377  0.7739E+01  0.3898E+02
   1.387  0.7735E+01  0.3905E+02
   1.397  0.7731E+01  0.3913E+02
   1.407  0.7726E+01  0.3921E+02
   1.417  0.7720E+01  0.3928E+02
   1.427  0.7715E+01  0.3936E+02
   1.437  0.7708E+01  0.3944E+02
   1.447  0.7702E+01  0.3952E+02
   1.457  0.7695E+01  0.3959E+02
   1.467  0.7687E+01  0.3967E+02
   1.477  0.7679E+01  0.3975E+02
   1.487  0.7670E+01  0.3982E+02
   1.497  0.7661E+01  0.3990E+02
   1.507  0.7652E+01  0.3998E+02
   1.517  0.7642E+01  0.4005E+02
   1.527  0.7631E+01  0.4013E+02
   1.537  0.7620E+01  0.4020E+02
   1.547  0.7609E+01  0.4028E+02
   1.557  0.7597E+01  0.4036E+02
   1.567  0.7585E+01  0.4043E+02
   1.577  0.7572E+01  0.4051E+02
   1.587  0.7559E+01  0.4058E+02
   1.597  0.7545E+01  0.4066E+02
   1.607  0.7531E+01  0.4073E+02
   1.617  0.7516E+01  0.4081E+02
   1.627  0.7501E+01  0.4088E+02
   1.637  0.7485E+01  0.4096E+02
   1.647  0.7469E+01  0.4103E+02
   1.657  0.7452E+01  0.4111E+02
   1.667  0.7435E+01  0.4118E+02
   1.677  0.7417E+01  0.4126E+02
   1.687  0.7399E+01  0.4133E+02
   1.697  0.7381E+01  0.4141E+02
   1.707  0.7362E+01  0.4148E+02
   1.717  0.7342E+01  0.4155E+02
   1.727  0.7322E+01  0.4163E+02
   1.737  0.7301E+01  0.4170E+02
   1.747  0.7280E+01  0.4177E+02
   1.757  0.7259E+01  0.4184E+02
   1.767  0.7237E+01  0.4192E+02
   1.777  0.7214E+01  0.4199E+02
   1.787  0.7191E+01  0.4206E+02
   1.797  0.7168E+01  0.4213E+02
   1.807  0.7144E+01  0.4220E+02
   1.817  0.7119E+01  0.4227E+02
   1.827  0.7094E+01  0.4235E+02
   1.837  0.7069E+01  0.4242E+02
   1.847  0.7043E+01  0.4249E+02
   1.857  0.7016E+01  0.4256E+02
   1.867  0.6989E+01  0.4263E+02
   1.877  0.6961E+01  0.4270E+02
   1.887  0.6933E+01  0.4277E+02
   1.897  0.6905E+01  0.4283E+02
   1.907  0.6876E+01  0.4290E+02
   1.917  0.6846E+01  0.4297E+02
   1.927  0.6816E+01  0.4304E+02
   1.937  0.6785E+01  0.4311E+02
   1.947  0.6754E+01  0.4318E+02
   1.957  0.6722E+01  0.4324E+02
   1.967  0.6689E+01  0.4331E+02
   1.977  0.6656E+01  0.4338E+02
   1.987  0.6623E+01  0.4344E+02
   1.997  0.6589E+01  0.4351E+02
   2.007  0.6554E+01  0.4357E+02
   2.017  0.6519E+01  0.4364E+02
   2.027  0.6483E+01  0.4370E+02
   2.037  0.6447E+01  0.4377E+02
   2.047  0.6410E+01  0.4383E+02
   2.057  0.6373E+01  0.4390E+02
   2.067  0.6335E+01  0.4396E+02
   2.077  0.6296E+01  0.4402E+02
   2.087  0.6257E+01  0.4409E+02
   2.097  0.6218E+01  0.4415E+02
   2.107  0.6177E+01  0.4421E+02
   2.117  0.6136E+01  0.4427E+02
   2.127  0.6095E+01  0.4433E+02
   2.137  0.6053E+01  0.4439E+02
   2.147  0.6010E+01  0.4445E+02
   2.157  0.5967E+01  0.4451E+02
   2.167  0.5923E+01  0.4457E+02
   2.177  0.5879E+01  0.4463E+02
   2.187  0.5834E+01  0.4469E+02
   2.197  0.5789E+01  0.4475E+02
   2.207  0.5743E+01  0.4480E+02
   2.217  0.5696E+01  0.4486E+02
   2.227  0.5649E+01  0.4492E+02
   2.237  0.5601E+01  0.4497E+02
   2.247  0.5553E+01  0.4503E+02
   2.257  0.5504E+01  0.4508E+02
   2.267  0.5455E+01  0.4514E+02
   2.277  0.5405E+01  0.4519E+02
   2.287  0.5355E+01  0.4525E+02
   2.297  0.5304E+01  0.4530E+02
   2.307  0.5253E+01  0.4535E+02
   2.317  0.5201E+01  0.4540E+02
   2.327  0.5148E+01  0.4545E+02
   2.337  0.5096E+01  0.4551E+02
   2.347  0.5042E+01  0.4556E+02
   2.357  0.4989E+01  0.4561E+02
   2.367  0.4934E+01  0.4566E+02
   2.377  0.4880E+01  0.4570E+02
   2.387  0.4825E+01  0.4575E+02
   2.397  0.4769E+01  0.4580E+02
   2.407  0.4714E+01  0.4585E+02
   2.417  0.4657E+01  0.4589E+02
   2.427  0.4601E+01  0.4594E+02
   2.437  0.4544E+01  0.4599E+02
   2.447  0.4487E+01  0.4603E+02
   2.457  0.4429E+01  0.4607E+02
   2.467  0.4372E+01  0.4612E+02
   2.477  0.4314E+01  0.4616E+02
   2.487  0.4255E+01  0.4620E+02
   2.497  0.4197E+01  0.4625E+02
   2.507  0.4138E+01  0.4629E+02
   2.517  0.4079E+01  0.4633E+02
   2.527  0.4020E+01  0.4637E+02
   2.537  0.3961E+01  0.4641E+02
   2.547  0.3902E+01  0.4645E+02
   2.557  0.3842E+01  0.4649E+02
   2.567  0.3783E+01  0.4652E+02
   2.577  0.3723E+01  0.4656E+02
   2.587  0.3664E+01  0.4660E+02
   2.597  0.3604E+01  0.4663E+02
   2.607  0.3545E+01  0.4667E+02
   2.617  0.3485E+01  0.4670E+02
   2.627  0.3426E+01  0.4674E+02
   2.637  0.3366E+01  0.4677E+02
   2.647  0.3307E+01  0.4680E+02
   2.657  0.3248E+01  0.4684E+02
   2.667  0.3189E+01  0.4687E+02
   2.677  0.3130E+01  0.4690E+02
   2.687  0.3072E+01  0.4693E+02
   2.697  0.3013E+01  0.4696E+02
   2.707  0.2955E+01  0.4699E+02
   2.717  0.2897E+01  0.4702E+02
   2.727  0.2840E+01  0.4705E+02
   2.737  0.2783E+01  0.4708E+02
   2.747  0.2726E+01  0.4710E+02
   2.757  0.2669E+01  0.4713E+02
   2.767  0.2613E+01  0.4716E+02
   2.777  0.2557E+01  0.4718E+02
   2.787  0.2502E+01  0.4721E+02
   2.797  0.2447E+01  0.4723E+02
   2.807  0.2392E+01  0.4725E+02
   2.817  0.2338E+01  0.4728E+02
   2.827  0.2285E+01  0.4730E+02
   2.837  0.2232E+01  0.4732E+02
   2.847  0.2180E+01  0.4734E+02
   2.857  0.2128E+01  0.4737E+02
   2.867  0.2076E+01  0.4739E+02
   2.877  0.2026E+01  0.4741E+02
   2.887  0.1976E+01  0.4743E+02
   2.897  0.1926E+01  0.4745E+02
   2.907  0.1877E+01  0.4746E+02
   2.917  0.1829E+01  0.4748E+02
   2.927  0.1781E+01  0.4750E+02
   2.937  0.1734E+01  0.4752E+02
   2.947  0.1688E+01  0.4754E+02
   2.957  0.1642E+01  0.4755E+02
   2.967  0.1597E+01  0.4757E+02
   2.977  0.1553E+01  0.4758E+02
   2.987  0.1510E+01  0.4760E+02
   2.997  0.1467E+01  0.4761E+02
   3.007  0.1425E+01  0.4763E+02
   3.017  0.1384E+01  0.4764E+02
   3.027  0.1343E+01  0.4765E+02
   3.037  0.1303E+01  0.4767E+02
   3.047  0.1264E+01  0.4768E+02
   3.057  0.1226E+01  0.4769E+02
   3.067  0.1188E+01  0.4770E+02
   3.077  0.1151E+01  0.4772E+02
   3.087  0.1115E+01  0.4773E+02
   3.097  0.1080E+01  0.4774E+02
   3.107  0.1045E+01  0.4775E+02
   3.117  0.1011E+01  0.4776E+02
   3.127  0.9781E+00  0.4777E+02
   3.137  0.9458E+00  0.4778E+02
   3.147  0.9141E+00  0.4779E+02
   3.157  0.8832E+00  0.4780E+02
   3.167  0.8531E+00  0.4780E+02
   3.177  0.8236E+00  0.4781E+02
   3.187  0.7949E+00  0.4782E+02
   3.197  0.7670E+00  0.4783E+02
   3.207  0.7397E+00  0.4784E+02
   3.217  0.7131E+00  0.4784E+02
   3.227  0.6873E+00  0.4785E+02
   3.237  0.6621E+00  0.4786E+02
   3.247  0.6376E+00  0.4786E+02
   3.257  0.6138E+00  0.4787E+02
   3.267  0.5907E+00  0.4787E+02
   3.277  0.5682E+00  0.4788E+02
   3.287  0.5464E+00  0.4789E+02
   3.297  0.5252E+00  0.4789E+02
   3.307  0.5047E+00  0.4790E+02
   3.317  0.4848E+00  0.4790E+02
   3.327  0.4655E+00  0.4791E+02
   3.337  0.4468E+00  0.4791E+02
   3.347  0.4286E+00  0.4791E+02
   3.357  0.4111E+00  0.4792E+02
   3.367  0.3941E+00  0.4792E+02
   3.377  0.3777E+00  0.4793E+02
   3.387  0.3618E+00  0.4793E+02
   3.397  0.3465E+00  0.4793E+02
   3.407  0.3317E+00  0.4794E+02
   3.417  0.3174E+00  0.4794E+02
   3.427  0.3036E+00  0.4794E+02
   3.437  0.2903E+00  0.4795E+02
   3.447  0.2775E+00  0.4795E+02
   3.457  0.2651E+00  0.4795E+02
   3.467  0.2532E+00  0.4795E+02
   3.477  0.2417E+00  0.4796E+02
   3.487  0.2307E+00  0.4796E+02
   3.497  0.2200E+00  0.4796E+02
   3.507  0.2098E+00  0.4796E+02
   3.517  0.2000E+00  0.4796E+02
   3.527  0.1906E+00  0.4797E+02
   3.537  0.1815E+00  0.4797E+02
   3.547  0.1728E+00  0.4797E+02
   3.557  0.1645E+00  0.4797E+02
   3.567  0.1565E+00  0.4797E+02
   3.577  0.1488E+00  0.4797E+02
   3.587  0.1415E+00  0.4798E+02
   3.597  0.1344E+00  0.4798E+02
   3.607  0.1277E+00  0.4798E+02
   3.617  0.1212E+00  0.4798E+02
   3.627  0.1151E+00  0.4798E+02
   3.637  0.1092E+00  0.4798E+02
   3.647  0.1035E+00  0.4798E+02
   3.657  0.9815E-01  0.4798E+02
   3.667  0.9301E-01  0.4798E+02
   3.677  0.8810E-01  0.4799E+02
   3.687  0.8342E-01  0.4799E+02
   3.697  0.7896E-01  0.4799E+02
   3.707  0.7471E-01  0.4799E+02
   3.717  0.7065E-01  0.4799E+02
   3.727  0.6680E-01  0.4799E+02
   3.737  0.6312E-01  0.4799E+02
   3.747  0.5963E-01  0.4799E+02
   3.757  0.5630E-01  0.4799E+02
   3.767  0.5314E-01  0.4799E+02
   3.777  0.5014E-01  0.4799E+02
   3.787  0.4729E-01  0.4799E+02
   3.797  0.4458E-01  0.4799E+02
   3.807  0.4201E-01  0.4799E+02
   3.817  0.3957E-01  0.4799E+02
   3.827  0.3726E-01  0.4799E+02
   3.837  0.3507E-01  0.4799E+02
   3.847  0.3300E-01  0.4800E+02
   3.857  0.3103E-01  0.4800E+02
   3.867  0.2917E-01  0.4800E+02
   3.877  0.2742E-01  0.4800E+02
   3.887  0.2575E-01  0.4800E+02
   3.897  0.2418E-01  0.4800E+02
   3.907  0.2270E-01  0.4800E+02
   3.917  0.2129E-01  0.4800E+02
   3.927  0.1997E-01  0.4800E+02
   3.937  0.1872E-01  0.4800E+02
   3.947  0.1754E-01  0.4800E+02
   3.957  0.1643E-01  0.4800E+02
   3.967  0.1539E-01  0.4800E+02
   3.977  0.1440E-01  0.4800E+02
   3.987  0.1347E-01  0.4800E+02
   3.997  0.1260E-01  0.4800E+02
   4.007  0.1178E-01  0.4800E+02
   4.017  0.1100E-01  0.4800E+02
   4.027  0.1028E-01  0.4800E+02
   4.037  0.9596E-02  0.4800E+02
   4.047  0.8956E-02  0.4800E+02
   4.057  0.8355E-02  0.4800E+02
   4.067  0.7791E-02  0.4800E+02
   4.077  0.7262E-02  0.4800E+02
   4.087  0.6767E-02  0.4800E+02
   4.097  0.6302E-02  0.4800E+02
   4.107  0.5867E-02  0.4800E+02
   4.117  0.5460E-02  0.4800E+02
   4.127  0.5079E-02  0.4800E+02
   4.137  0.4723E-02  0.4800E+02
   4.147  0.4390E-02  0.4800E+02
