#  E (eV)   dos(E)     Int dos(E) EFermi =   2.570 eV
 -17.384  0.7273E-05  0.7273E-07
 -17.374  0.9857E-05  0.1713E-06
 -17.364  0.1330E-04  0.3043E-06
 -17.354  0.1787E-04  0.4830E-06
 -17.344  0.2391E-04  0.7222E-06
 -17.334  0.3186E-04  0.1041E-05
 -17.324  0.4227E-04  0.1464E-05
 -17.314  0.5585E-04  0.2022E-05
 -17.304  0.7347E-04  0.2757E-05
 -17.294  0.9626E-04  0.3719E-05
 -17.284  0.1256E-03  0.4975E-05
 -17.274  0.1632E-03  0.6607E-05
 -17.264  0.2112E-03  0.8719E-05
 -17.254  0.2722E-03  0.1144E-04
 -17.244  0.3494E-03  0.1493E-04
 -17.234  0.4466E-03  0.1940E-04
 -17.224  0.5686E-03  0.2509E-04
 -17.214  0.7211E-03  0.3230E-04
 -17.204  0.9107E-03  0.4140E-04
 -17.194  0.1146E-02  0.5286E-04
 -17.184  0.1436E-02  0.6722E-04
 -17.174  0.1792E-02  0.8514E-04
 -17.164  0.2228E-02  0.1074E-03
 -17.154  0.2759E-02  0.1350E-03
 -17.144  0.3403E-02  0.1690E-03
 -17.134  0.4182E-02  0.2109E-03
 -17.124  0.5119E-02  0.2621E-03
 -17.114  0.6243E-02  0.3245E-03
 -17.104  0.7583E-02  0.4003E-03
 -17.094  0.9176E-02  0.4921E-03
 -17.084  0.1106E-01  0.6027E-03
 -17.074  0.1329E-01  0.7356E-03
 -17.064  0.1589E-01  0.8945E-03
 -17.054  0.1895E-01  0.1084E-02
 -17.044  0.2250E-01  0.1309E-02
 -17.034  0.2662E-01  0.1575E-02
 -17.024  0.3137E-01  0.1889E-02
 -17.014  0.3684E-01  0.2257E-02
 -17.004  0.4309E-01  0.2688E-02
 -16.994  0.5023E-01  0.3190E-02
 -16.984  0.5833E-01  0.3774E-02
 -16.974  0.6750E-01  0.4449E-02
 -16.964  0.7781E-01  0.5227E-02
 -16.954  0.8938E-01  0.6121E-02
 -16.944  0.1023E+00  0.7144E-02
 -16.934  0.1167E+00  0.8310E-02
 -16.924  0.1326E+00  0.9636E-02
 -16.914  0.1501E+00  0.1114E-01
 -16.904  0.1694E+00  0.1283E-01
 -16.894  0.1904E+00  0.1473E-01
 -16.884  0.2133E+00  0.1687E-01
 -16.874  0.2382E+00  0.1925E-01
 -16.864  0.2650E+00  0.2190E-01
 -16.854  0.2939E+00  0.2484E-01
 -16.844  0.3249E+00  0.2809E-01
 -16.834  0.3579E+00  0.3167E-01
 -16.824  0.3930E+00  0.3560E-01
 -16.814  0.4303E+00  0.3990E-01
 -16.804  0.4695E+00  0.4460E-01
 -16.794  0.5108E+00  0.4970E-01
 -16.784  0.5542E+00  0.5525E-01
 -16.774  0.5994E+00  0.6124E-01
 -16.764  0.6466E+00  0.6771E-01
 -16.754  0.6956E+00  0.7466E-01
 -16.744  0.7464E+00  0.8213E-01
 -16.734  0.7990E+00  0.9012E-01
 -16.724  0.8533E+00  0.9865E-01
 -16.714  0.9092E+00  0.1077E+00
 -16.704  0.9668E+00  0.1174E+00
 -16.694  0.1026E+01  0.1277E+00
 -16.684  0.1087E+01  0.1385E+00
 -16.674  0.1149E+01  0.1500E+00
 -16.664  0.1214E+01  0.1622E+00
 -16.654  0.1280E+01  0.1750E+00
 -16.644  0.1347E+01  0.1884E+00
 -16.634  0.1417E+01  0.2026E+00
 -16.624  0.1489E+01  0.2175E+00
 -16.614  0.1562E+01  0.2331E+00
 -16.604  0.1638E+01  0.2495E+00
 -16.594  0.1716E+01  0.2667E+00
 -16.584  0.1797E+01  0.2846E+00
 -16.574  0.1879E+01  0.3034E+00
 -16.564  0.1965E+01  0.3231E+00
 -16.554  0.2052E+01  0.3436E+00
 -16.544  0.2142E+01  0.3650E+00
 -16.534  0.2234E+01  0.3874E+00
 -16.524  0.2329E+01  0.4106E+00
 -16.514  0.2425E+01  0.4349E+00
 -16.504  0.2524E+01  0.4601E+00
 -16.494  0.2623E+01  0.4864E+00
 -16.484  0.2724E+01  0.5136E+00
 -16.474  0.2826E+01  0.5419E+00
 -16.464  0.2927E+01  0.5711E+00
 -16.454  0.3029E+01  0.6014E+00
 -16.444  0.3130E+01  0.6327E+00
 -16.434  0.3229E+01  0.6650E+00
 -16.424  0.3327E+01  0.6983E+00
 -16.414  0.3422E+01  0.7325E+00
 -16.404  0.3514E+01  0.7677E+00
 -16.394  0.3602E+01  0.8037E+00
 -16.384  0.3685E+01  0.8405E+00
 -16.374  0.3763E+01  0.8781E+00
 -16.364  0.3835E+01  0.9165E+00
 -16.354  0.3901E+01  0.9555E+00
 -16.344  0.3960E+01  0.9951E+00
 -16.334  0.4012E+01  0.1035E+01
 -16.324  0.4056E+01  0.1076E+01
 -16.314  0.4092E+01  0.1117E+01
 -16.304  0.4119E+01  0.1158E+01
 -16.294  0.4138E+01  0.1199E+01
 -16.284  0.4149E+01  0.1241E+01
 -16.274  0.4150E+01  0.1282E+01
 -16.264  0.4143E+01  0.1324E+01
 -16.254  0.4128E+01  0.1365E+01
 -16.244  0.4104E+01  0.1406E+01
 -16.234  0.4073E+01  0.1447E+01
 -16.224  0.4035E+01  0.1487E+01
 -16.214  0.3990E+01  0.1527E+01
 -16.204  0.3939E+01  0.1566E+01
 -16.194  0.3883E+01  0.1605E+01
 -16.184  0.3822E+01  0.1643E+01
 -16.174  0.3758E+01  0.1681E+01
 -16.164  0.3691E+01  0.1718E+01
 -16.154  0.3623E+01  0.1754E+01
 -16.144  0.3554E+01  0.1790E+01
 -16.134  0.3485E+01  0.1825E+01
 -16.124  0.3417E+01  0.1859E+01
 -16.114  0.3352E+01  0.1892E+01
 -16.104  0.3290E+01  0.1925E+01
 -16.094  0.3232E+01  0.1957E+01
 -16.084  0.3178E+01  0.1989E+01
 -16.074  0.3131E+01  0.2021E+01
 -16.064  0.3089E+01  0.2051E+01
 -16.054  0.3055E+01  0.2082E+01
 -16.044  0.3028E+01  0.2112E+01
 -16.034  0.3009E+01  0.2142E+01
 -16.024  0.2998E+01  0.2172E+01
 -16.014  0.2995E+01  0.2202E+01
 -16.004  0.3001E+01  0.2232E+01
 -15.994  0.3014E+01  0.2262E+01
 -15.984  0.3035E+01  0.2293E+01
 -15.974  0.3064E+01  0.2323E+01
 -15.964  0.3100E+01  0.2354E+01
 -15.954  0.3143E+01  0.2386E+01
 -15.944  0.3191E+01  0.2418E+01
 -15.934  0.3244E+01  0.2450E+01
 -15.924  0.3302E+01  0.2483E+01
 -15.914  0.3363E+01  0.2517E+01
 -15.904  0.3426E+01  0.2551E+01
 -15.894  0.3491E+01  0.2586E+01
 -15.884  0.3556E+01  0.2622E+01
 -15.874  0.3620E+01  0.2658E+01
 -15.864  0.3682E+01  0.2695E+01
 -15.854  0.3741E+01  0.2732E+01
 -15.844  0.3797E+01  0.2770E+01
 -15.834  0.3847E+01  0.2808E+01
 -15.824  0.3891E+01  0.2847E+01
 -15.814  0.3929E+01  0.2887E+01
 -15.804  0.3959E+01  0.2926E+01
 -15.794  0.3981E+01  0.2966E+01
 -15.784  0.3994E+01  0.3006E+01
 -15.774  0.3997E+01  0.3046E+01
 -15.764  0.3991E+01  0.3086E+01
 -15.754  0.3974E+01  0.3126E+01
 -15.744  0.3948E+01  0.3165E+01
 -15.734  0.3911E+01  0.3204E+01
 -15.724  0.3865E+01  0.3243E+01
 -15.714  0.3809E+01  0.3281E+01
 -15.704  0.3744E+01  0.3318E+01
 -15.694  0.3671E+01  0.3355E+01
 -15.684  0.3590E+01  0.3391E+01
 -15.674  0.3502E+01  0.3426E+01
 -15.664  0.3408E+01  0.3460E+01
 -15.654  0.3310E+01  0.3493E+01
 -15.644  0.3208E+01  0.3525E+01
 -15.634  0.3103E+01  0.3556E+01
 -15.624  0.2998E+01  0.3586E+01
 -15.614  0.2892E+01  0.3615E+01
 -15.604  0.2788E+01  0.3643E+01
 -15.594  0.2687E+01  0.3670E+01
 -15.584  0.2590E+01  0.3696E+01
 -15.574  0.2498E+01  0.3721E+01
 -15.564  0.2413E+01  0.3745E+01
 -15.554  0.2334E+01  0.3768E+01
 -15.544  0.2265E+01  0.3791E+01
 -15.534  0.2204E+01  0.3813E+01
 -15.524  0.2154E+01  0.3835E+01
 -15.514  0.2114E+01  0.3856E+01
 -15.504  0.2086E+01  0.3877E+01
 -15.494  0.2069E+01  0.3897E+01
 -15.484  0.2064E+01  0.3918E+01
 -15.474  0.2071E+01  0.3939E+01
 -15.464  0.2090E+01  0.3960E+01
 -15.454  0.2121E+01  0.3981E+01
 -15.444  0.2163E+01  0.4002E+01
 -15.434  0.2216E+01  0.4025E+01
 -15.424  0.2279E+01  0.4047E+01
 -15.414  0.2352E+01  0.4071E+01
 -15.404  0.2434E+01  0.4095E+01
 -15.394  0.2524E+01  0.4120E+01
 -15.384  0.2621E+01  0.4147E+01
 -15.374  0.2723E+01  0.4174E+01
 -15.364  0.2831E+01  0.4202E+01
 -15.354  0.2942E+01  0.4232E+01
 -15.344  0.3055E+01  0.4262E+01
 -15.334  0.3169E+01  0.4294E+01
 -15.324  0.3283E+01  0.4327E+01
 -15.314  0.3394E+01  0.4361E+01
 -15.304  0.3503E+01  0.4396E+01
 -15.294  0.3607E+01  0.4432E+01
 -15.284  0.3706E+01  0.4469E+01
 -15.274  0.3797E+01  0.4507E+01
 -15.264  0.3881E+01  0.4546E+01
 -15.254  0.3955E+01  0.4585E+01
 -15.244  0.4020E+01  0.4625E+01
 -15.234  0.4074E+01  0.4666E+01
 -15.224  0.4116E+01  0.4707E+01
 -15.214  0.4146E+01  0.4749E+01
 -15.204  0.4165E+01  0.4790E+01
 -15.194  0.4171E+01  0.4832E+01
 -15.184  0.4165E+01  0.4874E+01
 -15.174  0.4146E+01  0.4915E+01
 -15.164  0.4116E+01  0.4956E+01
 -15.154  0.4075E+01  0.4997E+01
 -15.144  0.4024E+01  0.5037E+01
 -15.134  0.3963E+01  0.5077E+01
 -15.124  0.3893E+01  0.5116E+01
 -15.114  0.3817E+01  0.5154E+01
 -15.104  0.3735E+01  0.5191E+01
 -15.094  0.3648E+01  0.5228E+01
 -15.084  0.3558E+01  0.5263E+01
 -15.074  0.3467E+01  0.5298E+01
 -15.064  0.3377E+01  0.5332E+01
 -15.054  0.3289E+01  0.5365E+01
 -15.044  0.3205E+01  0.5397E+01
 -15.034  0.3127E+01  0.5428E+01
 -15.024  0.3057E+01  0.5459E+01
 -15.014  0.2997E+01  0.5489E+01
 -15.004  0.2950E+01  0.5518E+01
 -14.994  0.2916E+01  0.5547E+01
 -14.984  0.2898E+01  0.5576E+01
 -14.974  0.2898E+01  0.5605E+01
 -14.964  0.2918E+01  0.5634E+01
 -14.954  0.2961E+01  0.5664E+01
 -14.944  0.3027E+01  0.5694E+01
 -14.934  0.3119E+01  0.5725E+01
 -14.924  0.3239E+01  0.5758E+01
 -14.914  0.3389E+01  0.5792E+01
 -14.904  0.3569E+01  0.5827E+01
 -14.894  0.3782E+01  0.5865E+01
 -14.884  0.4028E+01  0.5906E+01
 -14.874  0.4309E+01  0.5949E+01
 -14.864  0.4625E+01  0.5995E+01
 -14.854  0.4976E+01  0.6045E+01
 -14.844  0.5362E+01  0.6098E+01
 -14.834  0.5783E+01  0.6156E+01
 -14.824  0.6237E+01  0.6218E+01
 -14.814  0.6723E+01  0.6286E+01
 -14.804  0.7239E+01  0.6358E+01
 -14.794  0.7782E+01  0.6436E+01
 -14.784  0.8349E+01  0.6519E+01
 -14.774  0.8935E+01  0.6609E+01
 -14.764  0.9537E+01  0.6704E+01
 -14.754  0.1015E+02  0.6806E+01
 -14.744  0.1077E+02  0.6913E+01
 -14.734  0.1138E+02  0.7027E+01
 -14.724  0.1199E+02  0.7147E+01
 -14.714  0.1259E+02  0.7273E+01
 -14.704  0.1316E+02  0.7405E+01
 -14.694  0.1371E+02  0.7542E+01
 -14.684  0.1423E+02  0.7684E+01
 -14.674  0.1470E+02  0.7831E+01
 -14.664  0.1513E+02  0.7982E+01
 -14.654  0.1551E+02  0.8137E+01
 -14.644  0.1583E+02  0.8296E+01
 -14.634  0.1609E+02  0.8457E+01
 -14.624  0.1628E+02  0.8619E+01
 -14.614  0.1640E+02  0.8783E+01
 -14.604  0.1646E+02  0.8948E+01
 -14.594  0.1644E+02  0.9112E+01
 -14.584  0.1635E+02  0.9276E+01
 -14.574  0.1619E+02  0.9438E+01
 -14.564  0.1596E+02  0.9597E+01
 -14.554  0.1567E+02  0.9754E+01
 -14.544  0.1531E+02  0.9907E+01
 -14.534  0.1489E+02  0.1006E+02
 -14.524  0.1442E+02  0.1020E+02
 -14.514  0.1391E+02  0.1034E+02
 -14.504  0.1335E+02  0.1047E+02
 -14.494  0.1276E+02  0.1060E+02
 -14.484  0.1214E+02  0.1072E+02
 -14.474  0.1149E+02  0.1084E+02
 -14.464  0.1084E+02  0.1095E+02
 -14.454  0.1017E+02  0.1105E+02
 -14.444  0.9504E+01  0.1114E+02
 -14.434  0.8840E+01  0.1123E+02
 -14.424  0.8185E+01  0.1131E+02
 -14.414  0.7544E+01  0.1139E+02
 -14.404  0.6923E+01  0.1146E+02
 -14.394  0.6323E+01  0.1152E+02
 -14.384  0.5750E+01  0.1158E+02
 -14.374  0.5205E+01  0.1163E+02
 -14.364  0.4690E+01  0.1168E+02
 -14.354  0.4206E+01  0.1172E+02
 -14.344  0.3756E+01  0.1176E+02
 -14.334  0.3338E+01  0.1179E+02
 -14.324  0.2954E+01  0.1182E+02
 -14.314  0.2602E+01  0.1185E+02
 -14.304  0.2281E+01  0.1187E+02
 -14.294  0.1991E+01  0.1189E+02
 -14.284  0.1730E+01  0.1191E+02
 -14.274  0.1496E+01  0.1192E+02
 -14.264  0.1288E+01  0.1193E+02
 -14.254  0.1103E+01  0.1194E+02
 -14.244  0.9413E+00  0.1195E+02
 -14.234  0.7993E+00  0.1196E+02
 -14.224  0.6756E+00  0.1197E+02
 -14.214  0.5684E+00  0.1197E+02
 -14.204  0.4761E+00  0.1198E+02
 -14.194  0.3969E+00  0.1198E+02
 -14.184  0.3294E+00  0.1199E+02
 -14.174  0.2721E+00  0.1199E+02
 -14.164  0.2237E+00  0.1199E+02
 -14.154  0.1831E+00  0.1199E+02
 -14.144  0.1492E+00  0.1199E+02
 -14.134  0.1210E+00  0.1200E+02
 -14.124  0.9768E-01  0.1200E+02
 -14.114  0.7850E-01  0.1200E+02
 -14.104  0.6279E-01  0.1200E+02
 -14.094  0.4999E-01  0.1200E+02
 -14.084  0.3962E-01  0.1200E+02
 -14.074  0.3126E-01  0.1200E+02
 -14.064  0.2454E-01  0.1200E+02
 -14.054  0.1918E-01  0.1200E+02
 -14.044  0.1493E-01  0.1200E+02
 -14.034  0.1156E-01  0.1200E+02
 -14.024  0.8911E-02  0.1200E+02
 -14.014  0.6837E-02  0.1200E+02
 -14.004  0.5222E-02  0.1200E+02
 -13.994  0.3970E-02  0.1200E+02
 -13.984  0.3004E-02  0.1200E+02
 -13.974  0.2263E-02  0.1200E+02
 -13.964  0.1697E-02  0.1200E+02
 -13.954  0.1266E-02  0.1200E+02
 -13.944  0.9407E-03  0.1200E+02
 -13.934  0.6956E-03  0.1200E+02
 -13.924  0.5119E-03  0.1200E+02
 -13.914  0.3750E-03  0.1200E+02
 -13.904  0.2735E-03  0.1200E+02
 -13.894  0.1985E-03  0.1200E+02
 -13.884  0.1434E-03  0.1200E+02
 -13.874  0.1031E-03  0.1200E+02
 -13.864  0.7381E-04  0.1200E+02
 -13.854  0.5258E-04  0.1200E+02
 -13.844  0.3729E-04  0.1200E+02
 -13.834  0.2632E-04  0.1200E+02
 -13.824  0.1849E-04  0.1200E+02
 -13.814  0.1293E-04  0.1200E+02
 -13.804  0.9002E-05  0.1200E+02
 -13.794  0.6237E-05  0.1200E+02
 -13.784  0.4301E-05  0.1200E+02
 -13.774  0.2952E-05  0.1200E+02
 -13.764  0.2017E-05  0.1200E+02
 -13.754  0.1372E-05  0.1200E+02
 -13.744  0.9285E-06  0.1200E+02
 -13.734  0.6256E-06  0.1200E+02
 -13.724  0.4195E-06  0.1200E+02
 -13.714  0.2800E-06  0.1200E+02
 -13.704  0.1860E-06  0.1200E+02
 -13.694  0.1230E-06  0.1200E+02
 -13.684  0.8098E-07  0.1200E+02
 -13.674  0.5305E-07  0.1200E+02
 -13.664  0.3459E-07  0.1200E+02
 -13.654  0.2245E-07  0.1200E+02
 -13.644  0.1451E-07  0.1200E+02
 -13.634  0.9327E-08  0.1200E+02
 -13.624  0.5970E-08  0.1200E+02
 -13.614  0.3803E-08  0.1200E+02
 -13.604  0.2411E-08  0.1200E+02
 -13.594  0.1522E-08  0.1200E+02
 -13.584  0.9559E-09  0.1200E+02
 -13.574  0.5977E-09  0.1200E+02
 -13.564  0.3719E-09  0.1200E+02
 -13.554  0.2304E-09  0.1200E+02
 -13.544  0.1420E-09  0.1200E+02
 -13.534  0.8715E-10  0.1200E+02
 -13.524  0.5323E-10  0.1200E+02
 -13.514  0.3236E-10  0.1200E+02
 -13.504  0.1958E-10  0.1200E+02
 -13.494  0.1179E-10  0.1200E+02
 -13.484  0.7069E-11  0.1200E+02
 -13.474  0.4217E-11  0.1200E+02
 -13.464  0.2504E-11  0.1200E+02
 -13.454  0.1480E-11  0.1200E+02
 -13.444  0.8709E-12  0.1200E+02
 -13.434  0.5099E-12  0.1200E+02
 -13.424  0.2972E-12  0.1200E+02
 -13.414  0.1724E-12  0.1200E+02
 -13.404  0.9954E-13  0.1200E+02
 -13.394  0.5720E-13  0.1200E+02
 -13.384  0.3272E-13  0.1200E+02
 -13.374  0.1863E-13  0.1200E+02
 -13.364  0.1055E-13  0.1200E+02
 -13.354  0.5953E-14  0.1200E+02
 -13.344  0.3341E-14  0.1200E+02
 -13.334  0.1867E-14  0.1200E+02
 -13.324  0.1038E-14  0.1200E+02
 -13.314  0.5746E-15  0.1200E+02
 -13.304  0.3166E-15  0.1200E+02
 -13.294  0.1736E-15  0.1200E+02
 -13.284  0.9473E-16  0.1200E+02
 -13.274  0.5145E-16  0.1200E+02
 -13.264  0.2782E-16  0.1200E+02
 -13.254  0.1497E-16  0.1200E+02
 -13.244  0.8017E-17  0.1200E+02
 -13.234  0.4274E-17  0.1200E+02
 -13.224  0.2268E-17  0.1200E+02
 -13.214  0.1197E-17  0.1200E+02
 -13.204  0.6294E-18  0.1200E+02
 -13.194  0.3293E-18  0.1200E+02
 -13.184  0.1714E-18  0.1200E+02
 -13.174  0.8885E-19  0.1200E+02
 -13.164  0.4583E-19  0.1200E+02
 -13.154  0.2353E-19  0.1200E+02
 -13.144  0.1202E-19  0.1200E+02
 -13.134  0.6115E-20  0.1200E+02
 -13.124  0.3095E-20  0.1200E+02
 -13.114  0.1559E-20  0.1200E+02
 -13.104  0.7820E-21  0.1200E+02
 -13.094  0.3903E-21  0.1200E+02
 -13.084  0.1939E-21  0.1200E+02
 -13.074  0.9585E-22  0.1200E+02
 -13.064  0.4717E-22  0.1200E+02
 -13.054  0.2310E-22  0.1200E+02
 -13.044  0.1126E-22  0.1200E+02
 -13.034  0.5464E-23  0.1200E+02
 -13.024  0.2639E-23  0.1200E+02
 -13.014  0.1268E-23  0.1200E+02
 -13.004  0.6067E-24  0.1200E+02
 -12.994  0.2889E-24  0.1200E+02
 -12.984  0.1369E-24  0.1200E+02
 -12.974  0.6457E-25  0.1200E+02
 -12.964  0.3031E-25  0.1200E+02
 -12.954  0.1416E-25  0.1200E+02
 -12.944  0.6587E-26  0.1200E+02
 -12.934  0.3049E-26  0.1200E+02
 -12.924  0.1404E-26  0.1200E+02
 -12.914  0.6439E-27  0.1200E+02
 -12.904  0.2939E-27  0.1200E+02
 -12.894  0.1335E-27  0.1200E+02
 -12.884  0.6034E-28  0.1200E+02
 -12.874  0.2715E-28  0.1200E+02
 -12.864  0.1216E-28  0.1200E+02
 -12.854  0.5419E-29  0.1200E+02
 -12.844  0.2404E-29  0.1200E+02
 -12.834  0.1061E-29  0.1200E+02
 -12.824  0.4664E-30  0.1200E+02
 -12.814  0.2040E-30  0.1200E+02
 -12.804  0.8880E-31  0.1200E+02
 -12.794  0.3848E-31  0.1200E+02
 -12.784  0.1659E-31  0.1200E+02
 -12.774  0.7121E-32  0.1200E+02
 -12.764  0.3042E-32  0.1200E+02
 -12.754  0.1293E-32  0.1200E+02
 -12.744  0.5472E-33  0.1200E+02
 -12.734  0.2305E-33  0.1200E+02
 -12.724  0.9661E-34  0.1200E+02
 -12.714  0.4030E-34  0.1200E+02
 -12.704  0.1674E-34  0.1200E+02
 -12.694  0.6916E-35  0.1200E+02
 -12.684  0.2845E-35  0.1200E+02
 -12.674  0.1165E-35  0.1200E+02
 -12.664  0.4745E-36  0.1200E+02
 -12.654  0.1924E-36  0.1200E+02
 -12.644  0.7767E-37  0.1200E+02
 -12.634  0.3120E-37  0.1200E+02
 -12.624  0.1247E-37  0.1200E+02
 -12.614  0.4964E-38  0.1200E+02
 -12.604  0.1966E-38  0.1200E+02
 -12.594  0.7750E-39  0.1200E+02
 -12.584  0.3040E-39  0.1200E+02
 -12.574  0.1187E-39  0.1200E+02
 -12.564  0.4614E-40  0.1200E+02
 -12.554  0.1785E-40  0.1200E+02
 -12.544  0.6870E-41  0.1200E+02
 -12.534  0.2632E-41  0.1200E+02
 -12.524  0.1004E-41  0.1200E+02
 -12.514  0.3810E-42  0.1200E+02
 -12.504  0.1439E-42  0.1200E+02
 -12.494  0.5411E-43  0.1200E+02
 -12.484  0.2025E-43  0.1200E+02
 -12.474  0.7540E-44  0.1200E+02
 -12.464  0.2795E-44  0.1200E+02
 -12.454  0.1031E-44  0.1200E+02
 -12.444  0.3785E-45  0.1200E+02
 -12.434  0.1383E-45  0.1200E+02
 -12.424  0.5031E-46  0.1200E+02
 -12.414  0.1821E-46  0.1200E+02
 -12.404  0.6561E-47  0.1200E+02
 -12.394  0.2353E-47  0.1200E+02
 -12.384  0.8396E-48  0.1200E+02
 -12.374  0.2982E-48  0.1200E+02
 -12.364  0.1054E-48  0.1200E+02
 -12.354  0.3709E-49  0.1200E+02
 -12.344  0.1299E-49  0.1200E+02
 -12.334  0.4526E-50  0.1200E+02
 -12.324  0.1570E-50  0.1200E+02
 -12.314  0.5420E-51  0.1200E+02
 -12.304  0.1862E-51  0.1200E+02
 -12.294  0.6368E-52  0.1200E+02
 -12.284  0.2167E-52  0.1200E+02
 -12.274  0.7342E-53  0.1200E+02
 -12.264  0.2475E-53  0.1200E+02
 -12.254  0.8305E-54  0.1200E+02
 -12.244  0.2774E-54  0.1200E+02
 -12.234  0.9218E-55  0.1200E+02
 -12.224  0.3049E-55  0.1200E+02
 -12.214  0.1004E-55  0.1200E+02
 -12.204  0.3290E-56  0.1200E+02
 -12.194  0.1073E-56  0.1200E+02
 -12.184  0.3482E-57  0.1200E+02
 -12.174  0.1125E-57  0.1200E+02
 -12.164  0.3616E-58  0.1200E+02
 -12.154  0.1157E-58  0.1200E+02
 -12.144  0.3685E-59  0.1200E+02
 -12.134  0.1168E-59  0.1200E+02
 -12.124  0.3684E-60  0.1200E+02
 -12.114  0.1157E-60  0.1200E+02
 -12.104  0.3615E-61  0.1200E+02
 -12.094  0.1124E-61  0.1200E+02
 -12.084  0.3479E-62  0.1200E+02
 -12.074  0.1072E-62  0.1200E+02
 -12.064  0.3286E-63  0.1200E+02
 -12.054  0.1003E-63  0.1200E+02
 -12.044  0.3045E-64  0.1200E+02
 -12.034  0.9204E-65  0.1200E+02
 -12.024  0.2769E-65  0.1200E+02
 -12.014  0.8289E-66  0.1200E+02
 -12.004  0.2470E-66  0.1200E+02
 -11.994  0.7325E-67  0.1200E+02
 -11.984  0.2162E-67  0.1200E+02
 -11.974  0.6351E-68  0.1200E+02
 -11.964  0.1857E-68  0.1200E+02
 -11.954  0.5402E-69  0.1200E+02
 -11.944  0.1564E-69  0.1200E+02
 -11.934  0.4509E-70  0.1200E+02
 -11.924  0.1293E-70  0.1200E+02
 -11.914  0.3692E-71  0.1200E+02
 -11.904  0.1049E-71  0.1200E+02
 -11.894  0.2967E-72  0.1200E+02
 -11.884  0.8350E-73  0.1200E+02
 -11.874  0.2339E-73  0.1200E+02
 -11.864  0.6520E-74  0.1200E+02
 -11.854  0.1809E-74  0.1200E+02
 -11.844  0.4995E-75  0.1200E+02
 -11.834  0.1373E-75  0.1200E+02
 -11.824  0.3755E-76  0.1200E+02
 -11.814  0.1022E-76  0.1200E+02
 -11.804  0.2769E-77  0.1200E+02
 -11.794  0.7467E-78  0.1200E+02
 -11.784  0.2004E-78  0.1200E+02
 -11.774  0.5352E-79  0.1200E+02
 -11.764  0.1423E-79  0.1200E+02
 -11.754  0.3764E-80  0.1200E+02
 -11.744  0.9911E-81  0.1200E+02
 -11.734  0.2598E-81  0.1200E+02
 -11.724  0.6789E-82  0.1200E+02
 -11.714  0.1775E-82  0.1200E+02
 -11.704  0.4713E-83  0.1200E+02
 -11.694  0.1341E-83  0.1200E+02
 -11.684  0.4745E-84  0.1200E+02
 -11.674  0.2549E-84  0.1200E+02
 -11.664  0.2002E-84  0.1200E+02
 -11.654  0.1869E-84  0.1200E+02
 -11.644  0.1842E-84  0.1200E+02
 -11.634  0.1837E-84  0.1200E+02
 -11.624  0.1836E-84  0.1200E+02
 -11.614  0.1836E-84  0.1200E+02
 -11.604  0.1836E-84  0.1200E+02
 -11.594  0.1836E-84  0.1200E+02
 -11.584  0.1836E-84  0.1200E+02
 -11.574  0.1836E-84  0.1200E+02
 -11.564  0.1836E-84  0.1200E+02
 -11.554  0.1836E-84  0.1200E+02
 -11.544  0.1836E-84  0.1200E+02
 -11.534  0.1836E-84  0.1200E+02
 -11.524  0.1836E-84  0.1200E+02
 -11.514  0.1836E-84  0.1200E+02
 -11.504  0.1836E-84  0.1200E+02
 -11.494  0.1836E-84  0.1200E+02
 -11.484  0.1836E-84  0.1200E+02
 -11.474  0.1836E-84  0.1200E+02
 -11.464  0.1836E-84  0.1200E+02
 -11.454  0.1836E-84  0.1200E+02
 -11.444  0.1836E-84  0.1200E+02
 -11.434  0.1836E-84  0.1200E+02
 -11.424  0.1836E-84  0.1200E+02
 -11.414  0.1836E-84  0.1200E+02
 -11.404  0.1836E-84  0.1200E+02
 -11.394  0.1836E-84  0.1200E+02
 -11.384  0.1836E-84  0.1200E+02
 -11.374  0.1836E-84  0.1200E+02
 -11.364  0.1836E-84  0.1200E+02
 -11.354  0.1836E-84  0.1200E+02
 -11.344  0.1836E-84  0.1200E+02
 -11.334  0.1836E-84  0.1200E+02
 -11.324  0.1836E-84  0.1200E+02
 -11.314  0.1836E-84  0.1200E+02
 -11.304  0.1836E-84  0.1200E+02
 -11.294  0.1836E-84  0.1200E+02
 -11.284  0.1836E-84  0.1200E+02
 -11.274  0.1836E-84  0.1200E+02
 -11.264  0.1836E-84  0.1200E+02
 -11.254  0.1836E-84  0.1200E+02
 -11.244  0.1836E-84  0.1200E+02
 -11.234  0.1836E-84  0.1200E+02
 -11.224  0.1836E-84  0.1200E+02
 -11.214  0.1836E-84  0.1200E+02
 -11.204  0.1836E-84  0.1200E+02
 -11.194  0.1836E-84  0.1200E+02
 -11.184  0.1836E-84  0.1200E+02
 -11.174  0.1836E-84  0.1200E+02
 -11.164  0.1836E-84  0.1200E+02
 -11.154  0.1836E-84  0.1200E+02
 -11.144  0.1836E-84  0.1200E+02
 -11.134  0.1836E-84  0.1200E+02
 -11.124  0.1836E-84  0.1200E+02
 -11.114  0.1836E-84  0.1200E+02
 -11.104  0.1836E-84  0.1200E+02
 -11.094  0.1836E-84  0.1200E+02
 -11.084  0.1836E-84  0.1200E+02
 -11.074  0.1836E-84  0.1200E+02
 -11.064  0.1836E-84  0.1200E+02
 -11.054  0.1836E-84  0.1200E+02
 -11.044  0.1836E-84  0.1200E+02
 -11.034  0.1836E-84  0.1200E+02
 -11.024  0.1836E-84  0.1200E+02
 -11.014  0.1836E-84  0.1200E+02
 -11.004  0.1836E-84  0.1200E+02
 -10.994  0.1836E-84  0.1200E+02
 -10.984  0.1836E-84  0.1200E+02
 -10.974  0.1836E-84  0.1200E+02
 -10.964  0.1836E-84  0.1200E+02
 -10.954  0.1836E-84  0.1200E+02
 -10.944  0.1836E-84  0.1200E+02
 -10.934  0.1836E-84  0.1200E+02
 -10.924  0.1836E-84  0.1200E+02
 -10.914  0.1836E-84  0.1200E+02
 -10.904  0.1836E-84  0.1200E+02
 -10.894  0.1836E-84  0.1200E+02
 -10.884  0.1836E-84  0.1200E+02
 -10.874  0.1836E-84  0.1200E+02
 -10.864  0.1836E-84  0.1200E+02
 -10.854  0.1836E-84  0.1200E+02
 -10.844  0.1836E-84  0.1200E+02
 -10.834  0.1836E-84  0.1200E+02
 -10.824  0.1836E-84  0.1200E+02
 -10.814  0.1836E-84  0.1200E+02
 -10.804  0.1836E-84  0.1200E+02
 -10.794  0.1836E-84  0.1200E+02
 -10.784  0.1836E-84  0.1200E+02
 -10.774  0.1836E-84  0.1200E+02
 -10.764  0.1836E-84  0.1200E+02
 -10.754  0.1836E-84  0.1200E+02
 -10.744  0.1836E-84  0.1200E+02
 -10.734  0.1836E-84  0.1200E+02
 -10.724  0.1836E-84  0.1200E+02
 -10.714  0.1836E-84  0.1200E+02
 -10.704  0.1836E-84  0.1200E+02
 -10.694  0.1836E-84  0.1200E+02
 -10.684  0.1836E-84  0.1200E+02
 -10.674  0.1836E-84  0.1200E+02
 -10.664  0.1836E-84  0.1200E+02
 -10.654  0.1836E-84  0.1200E+02
 -10.644  0.1836E-84  0.1200E+02
 -10.634  0.1836E-84  0.1200E+02
 -10.624  0.1836E-84  0.1200E+02
 -10.614  0.1836E-84  0.1200E+02
 -10.604  0.1836E-84  0.1200E+02
 -10.594  0.1836E-84  0.1200E+02
 -10.584  0.1836E-84  0.1200E+02
 -10.574  0.1836E-84  0.1200E+02
 -10.564  0.1836E-84  0.1200E+02
 -10.554  0.1836E-84  0.1200E+02
 -10.544  0.1836E-84  0.1200E+02
 -10.534  0.1836E-84  0.1200E+02
 -10.524  0.1836E-84  0.1200E+02
 -10.514  0.1836E-84  0.1200E+02
 -10.504  0.1836E-84  0.1200E+02
 -10.494  0.1836E-84  0.1200E+02
 -10.484  0.1836E-84  0.1200E+02
 -10.474  0.1836E-84  0.1200E+02
 -10.464  0.1836E-84  0.1200E+02
 -10.454  0.1836E-84  0.1200E+02
 -10.444  0.1836E-84  0.1200E+02
 -10.434  0.1836E-84  0.1200E+02
 -10.424  0.1836E-84  0.1200E+02
 -10.414  0.1836E-84  0.1200E+02
 -10.404  0.1836E-84  0.1200E+02
 -10.394  0.1836E-84  0.1200E+02
 -10.384  0.1836E-84  0.1200E+02
 -10.374  0.1836E-84  0.1200E+02
 -10.364  0.1836E-84  0.1200E+02
 -10.354  0.1836E-84  0.1200E+02
 -10.344  0.1836E-84  0.1200E+02
 -10.334  0.1836E-84  0.1200E+02
 -10.324  0.1836E-84  0.1200E+02
 -10.314  0.1836E-84  0.1200E+02
 -10.304  0.1836E-84  0.1200E+02
 -10.294  0.1836E-84  0.1200E+02
 -10.284  0.1836E-84  0.1200E+02
 -10.274  0.1836E-84  0.1200E+02
 -10.264  0.1836E-84  0.1200E+02
 -10.254  0.1836E-84  0.1200E+02
 -10.244  0.1836E-84  0.1200E+02
 -10.234  0.1836E-84  0.1200E+02
 -10.224  0.1836E-84  0.1200E+02
 -10.214  0.1836E-84  0.1200E+02
 -10.204  0.1836E-84  0.1200E+02
 -10.194  0.1836E-84  0.1200E+02
 -10.184  0.1836E-84  0.1200E+02
 -10.174  0.1836E-84  0.1200E+02
 -10.164  0.1836E-84  0.1200E+02
 -10.154  0.1836E-84  0.1200E+02
 -10.144  0.1836E-84  0.1200E+02
 -10.134  0.1836E-84  0.1200E+02
 -10.124  0.1836E-84  0.1200E+02
 -10.114  0.1836E-84  0.1200E+02
 -10.104  0.1836E-84  0.1200E+02
 -10.094  0.1836E-84  0.1200E+02
 -10.084  0.1836E-84  0.1200E+02
 -10.074  0.1836E-84  0.1200E+02
 -10.064  0.1836E-84  0.1200E+02
 -10.054  0.1836E-84  0.1200E+02
 -10.044  0.1836E-84  0.1200E+02
 -10.034  0.1836E-84  0.1200E+02
 -10.024  0.1836E-84  0.1200E+02
 -10.014  0.1836E-84  0.1200E+02
 -10.004  0.1836E-84  0.1200E+02
  -9.994  0.1836E-84  0.1200E+02
  -9.984  0.1836E-84  0.1200E+02
  -9.974  0.1836E-84  0.1200E+02
  -9.964  0.1836E-84  0.1200E+02
  -9.954  0.1836E-84  0.1200E+02
  -9.944  0.1836E-84  0.1200E+02
  -9.934  0.1836E-84  0.1200E+02
  -9.924  0.1836E-84  0.1200E+02
  -9.914  0.1836E-84  0.1200E+02
  -9.904  0.1836E-84  0.1200E+02
  -9.894  0.1836E-84  0.1200E+02
  -9.884  0.1836E-84  0.1200E+02
  -9.874  0.1836E-84  0.1200E+02
  -9.864  0.1836E-84  0.1200E+02
  -9.854  0.1836E-84  0.1200E+02
  -9.844  0.1836E-84  0.1200E+02
  -9.834  0.1836E-84  0.1200E+02
  -9.824  0.1836E-84  0.1200E+02
  -9.814  0.1836E-84  0.1200E+02
  -9.804  0.1836E-84  0.1200E+02
  -9.794  0.1836E-84  0.1200E+02
  -9.784  0.1836E-84  0.1200E+02
  -9.774  0.1836E-84  0.1200E+02
  -9.764  0.1836E-84  0.1200E+02
  -9.754  0.1836E-84  0.1200E+02
  -9.744  0.1836E-84  0.1200E+02
  -9.734  0.1836E-84  0.1200E+02
  -9.724  0.1836E-84  0.1200E+02
  -9.714  0.1836E-84  0.1200E+02
  -9.704  0.1836E-84  0.1200E+02
  -9.694  0.1836E-84  0.1200E+02
  -9.684  0.1836E-84  0.1200E+02
  -9.674  0.1836E-84  0.1200E+02
  -9.664  0.1836E-84  0.1200E+02
  -9.654  0.1836E-84  0.1200E+02
  -9.644  0.1836E-84  0.1200E+02
  -9.634  0.1836E-84  0.1200E+02
  -9.624  0.1836E-84  0.1200E+02
  -9.614  0.1837E-84  0.1200E+02
  -9.604  0.1843E-84  0.1200E+02
  -9.594  0.1868E-84  0.1200E+02
  -9.584  0.1964E-84  0.1200E+02
  -9.574  0.2341E-84  0.1200E+02
  -9.564  0.3811E-84  0.1200E+02
  -9.554  0.9516E-84  0.1200E+02
  -9.544  0.3155E-83  0.1200E+02
  -9.534  0.1162E-82  0.1200E+02
  -9.524  0.4401E-82  0.1200E+02
  -9.514  0.1673E-81  0.1200E+02
  -9.504  0.6344E-81  0.1200E+02
  -9.494  0.2396E-80  0.1200E+02
  -9.484  0.9004E-80  0.1200E+02
  -9.474  0.3368E-79  0.1200E+02
  -9.464  0.1254E-78  0.1200E+02
  -9.454  0.4645E-78  0.1200E+02
  -9.444  0.1713E-77  0.1200E+02
  -9.434  0.6285E-77  0.1200E+02
  -9.424  0.2295E-76  0.1200E+02
  -9.414  0.8341E-76  0.1200E+02
  -9.404  0.3017E-75  0.1200E+02
  -9.394  0.1086E-74  0.1200E+02
  -9.384  0.3891E-74  0.1200E+02
  -9.374  0.1387E-73  0.1200E+02
  -9.364  0.4922E-73  0.1200E+02
  -9.354  0.1738E-72  0.1200E+02
  -9.344  0.6108E-72  0.1200E+02
  -9.334  0.2136E-71  0.1200E+02
  -9.324  0.7435E-71  0.1200E+02
  -9.314  0.2575E-70  0.1200E+02
  -9.304  0.8879E-70  0.1200E+02
  -9.294  0.3046E-69  0.1200E+02
  -9.284  0.1040E-68  0.1200E+02
  -9.274  0.3534E-68  0.1200E+02
  -9.264  0.1195E-67  0.1200E+02
  -9.254  0.4023E-67  0.1200E+02
  -9.244  0.1347E-66  0.1200E+02
  -9.234  0.4492E-66  0.1200E+02
  -9.224  0.1490E-65  0.1200E+02
  -9.214  0.4920E-65  0.1200E+02
  -9.204  0.1617E-64  0.1200E+02
  -9.194  0.5286E-64  0.1200E+02
  -9.184  0.1720E-63  0.1200E+02
  -9.174  0.5572E-63  0.1200E+02
  -9.164  0.1796E-62  0.1200E+02
  -9.154  0.5761E-62  0.1200E+02
  -9.144  0.1839E-61  0.1200E+02
  -9.134  0.5843E-61  0.1200E+02
  -9.124  0.1848E-60  0.1200E+02
  -9.114  0.5814E-60  0.1200E+02
  -9.104  0.1821E-59  0.1200E+02
  -9.094  0.5675E-59  0.1200E+02
  -9.084  0.1760E-58  0.1200E+02
  -9.074  0.5434E-58  0.1200E+02
  -9.064  0.1669E-57  0.1200E+02
  -9.054  0.5104E-57  0.1200E+02
  -9.044  0.1553E-56  0.1200E+02
  -9.034  0.4703E-56  0.1200E+02
  -9.024  0.1417E-55  0.1200E+02
  -9.014  0.4251E-55  0.1200E+02
  -9.004  0.1269E-54  0.1200E+02
  -8.994  0.3770E-54  0.1200E+02
  -8.984  0.1114E-53  0.1200E+02
  -8.974  0.3279E-53  0.1200E+02
  -8.964  0.9601E-53  0.1200E+02
  -8.954  0.2798E-52  0.1200E+02
  -8.944  0.8114E-52  0.1200E+02
  -8.934  0.2342E-51  0.1200E+02
  -8.924  0.6727E-51  0.1200E+02
  -8.914  0.1923E-50  0.1200E+02
  -8.904  0.5471E-50  0.1200E+02
  -8.894  0.1549E-49  0.1200E+02
  -8.884  0.4365E-49  0.1200E+02
  -8.874  0.1224E-48  0.1200E+02
  -8.864  0.3416E-48  0.1200E+02
  -8.854  0.9488E-48  0.1200E+02
  -8.844  0.2623E-47  0.1200E+02
  -8.834  0.7214E-47  0.1200E+02
  -8.824  0.1975E-46  0.1200E+02
  -8.814  0.5382E-46  0.1200E+02
  -8.804  0.1459E-45  0.1200E+02
  -8.794  0.3938E-45  0.1200E+02
  -8.784  0.1058E-44  0.1200E+02
  -8.774  0.2827E-44  0.1200E+02
  -8.764  0.7519E-44  0.1200E+02
  -8.754  0.1991E-43  0.1200E+02
  -8.744  0.5244E-43  0.1200E+02
  -8.734  0.1375E-42  0.1200E+02
  -8.724  0.3588E-42  0.1200E+02
  -8.714  0.9317E-42  0.1200E+02
  -8.704  0.2408E-41  0.1200E+02
  -8.694  0.6194E-41  0.1200E+02
  -8.684  0.1585E-40  0.1200E+02
  -8.674  0.4039E-40  0.1200E+02
  -8.664  0.1024E-39  0.1200E+02
  -8.654  0.2584E-39  0.1200E+02
  -8.644  0.6488E-39  0.1200E+02
  -8.634  0.1621E-38  0.1200E+02
  -8.624  0.4032E-38  0.1200E+02
  -8.614  0.9980E-38  0.1200E+02
  -8.604  0.2458E-37  0.1200E+02
  -8.594  0.6027E-37  0.1200E+02
  -8.584  0.1470E-36  0.1200E+02
  -8.574  0.3570E-36  0.1200E+02
  -8.564  0.8627E-36  0.1200E+02
  -8.554  0.2075E-35  0.1200E+02
  -8.544  0.4965E-35  0.1200E+02
  -8.534  0.1183E-34  0.1200E+02
  -8.524  0.2804E-34  0.1200E+02
  -8.514  0.6614E-34  0.1200E+02
  -8.504  0.1553E-33  0.1200E+02
  -8.494  0.3628E-33  0.1200E+02
  -8.484  0.8437E-33  0.1200E+02
  -8.474  0.1952E-32  0.1200E+02
  -8.464  0.4497E-32  0.1200E+02
  -8.454  0.1031E-31  0.1200E+02
  -8.444  0.2351E-31  0.1200E+02
  -8.434  0.5338E-31  0.1200E+02
  -8.424  0.1206E-30  0.1200E+02
  -8.414  0.2712E-30  0.1200E+02
  -8.404  0.6068E-30  0.1200E+02
  -8.394  0.1351E-29  0.1200E+02
  -8.384  0.2995E-29  0.1200E+02
  -8.374  0.6606E-29  0.1200E+02
  -8.364  0.1450E-28  0.1200E+02
  -8.354  0.3168E-28  0.1200E+02
  -8.344  0.6888E-28  0.1200E+02
  -8.334  0.1490E-27  0.1200E+02
  -8.324  0.3209E-27  0.1200E+02
  -8.314  0.6878E-27  0.1200E+02
  -8.304  0.1467E-26  0.1200E+02
  -8.294  0.3114E-26  0.1200E+02
  -8.284  0.6577E-26  0.1200E+02
  -8.274  0.1383E-25  0.1200E+02
  -8.264  0.2893E-25  0.1200E+02
  -8.254  0.6024E-25  0.1200E+02
  -8.244  0.1248E-24  0.1200E+02
  -8.234  0.2574E-24  0.1200E+02
  -8.224  0.5284E-24  0.1200E+02
  -8.214  0.1079E-23  0.1200E+02
  -8.204  0.2194E-23  0.1200E+02
  -8.194  0.4439E-23  0.1200E+02
  -8.184  0.8936E-23  0.1200E+02
  -8.174  0.1791E-22  0.1200E+02
  -8.164  0.3571E-22  0.1200E+02
  -8.154  0.7087E-22  0.1200E+02
  -8.144  0.1400E-21  0.1200E+02
  -8.134  0.2751E-21  0.1200E+02
  -8.124  0.5382E-21  0.1200E+02
  -8.114  0.1048E-20  0.1200E+02
  -8.104  0.2030E-20  0.1200E+02
  -8.094  0.3914E-20  0.1200E+02
  -8.084  0.7512E-20  0.1200E+02
  -8.074  0.1435E-19  0.1200E+02
  -8.064  0.2727E-19  0.1200E+02
  -8.054  0.5158E-19  0.1200E+02
  -8.044  0.9709E-19  0.1200E+02
  -8.034  0.1819E-18  0.1200E+02
  -8.024  0.3392E-18  0.1200E+02
  -8.014  0.6293E-18  0.1200E+02
  -8.004  0.1162E-17  0.1200E+02
  -7.994  0.2136E-17  0.1200E+02
  -7.984  0.3907E-17  0.1200E+02
  -7.974  0.7111E-17  0.1200E+02
  -7.964  0.1288E-16  0.1200E+02
  -7.954  0.2322E-16  0.1200E+02
  -7.944  0.4167E-16  0.1200E+02
  -7.934  0.7441E-16  0.1200E+02
  -7.924  0.1322E-15  0.1200E+02
  -7.914  0.2338E-15  0.1200E+02
  -7.904  0.4116E-15  0.1200E+02
  -7.894  0.7210E-15  0.1200E+02
  -7.884  0.1257E-14  0.1200E+02
  -7.874  0.2181E-14  0.1200E+02
  -7.864  0.3765E-14  0.1200E+02
  -7.854  0.6470E-14  0.1200E+02
  -7.844  0.1106E-13  0.1200E+02
  -7.834  0.1883E-13  0.1200E+02
  -7.824  0.3189E-13  0.1200E+02
  -7.814  0.5376E-13  0.1200E+02
  -7.804  0.9019E-13  0.1200E+02
  -7.794  0.1506E-12  0.1200E+02
  -7.784  0.2502E-12  0.1200E+02
  -7.774  0.4137E-12  0.1200E+02
  -7.764  0.6808E-12  0.1200E+02
  -7.754  0.1115E-11  0.1200E+02
  -7.744  0.1817E-11  0.1200E+02
  -7.734  0.2948E-11  0.1200E+02
  -7.724  0.4759E-11  0.1200E+02
  -7.714  0.7646E-11  0.1200E+02
  -7.704  0.1223E-10  0.1200E+02
  -7.694  0.1945E-10  0.1200E+02
  -7.684  0.3081E-10  0.1200E+02
  -7.674  0.4856E-10  0.1200E+02
  -7.664  0.7616E-10  0.1200E+02
  -7.654  0.1189E-09  0.1200E+02
  -7.644  0.1847E-09  0.1200E+02
  -7.634  0.2855E-09  0.1200E+02
  -7.624  0.4394E-09  0.1200E+02
  -7.614  0.6728E-09  0.1200E+02
  -7.604  0.1025E-08  0.1200E+02
  -7.594  0.1555E-08  0.1200E+02
  -7.584  0.2347E-08  0.1200E+02
  -7.574  0.3526E-08  0.1200E+02
  -7.564  0.5271E-08  0.1200E+02
  -7.554  0.7843E-08  0.1200E+02
  -7.544  0.1161E-07  0.1200E+02
  -7.534  0.1711E-07  0.1200E+02
  -7.524  0.2510E-07  0.1200E+02
  -7.514  0.3663E-07  0.1200E+02
  -7.504  0.5320E-07  0.1200E+02
  -7.494  0.7690E-07  0.1200E+02
  -7.484  0.1106E-06  0.1200E+02
  -7.474  0.1584E-06  0.1200E+02
  -7.464  0.2257E-06  0.1200E+02
  -7.454  0.3201E-06  0.1200E+02
  -7.444  0.4517E-06  0.1200E+02
  -7.434  0.6344E-06  0.1200E+02
  -7.424  0.8868E-06  0.1200E+02
  -7.414  0.1234E-05  0.1200E+02
  -7.404  0.1708E-05  0.1200E+02
  -7.394  0.2353E-05  0.1200E+02
  -7.384  0.3227E-05  0.1200E+02
  -7.374  0.4403E-05  0.1200E+02
  -7.364  0.5980E-05  0.1200E+02
  -7.354  0.8083E-05  0.1200E+02
  -7.344  0.1087E-04  0.1200E+02
  -7.334  0.1455E-04  0.1200E+02
  -7.324  0.1939E-04  0.1200E+02
  -7.314  0.2571E-04  0.1200E+02
  -7.304  0.3393E-04  0.1200E+02
  -7.294  0.4456E-04  0.1200E+02
  -7.284  0.5823E-04  0.1200E+02
  -7.274  0.7575E-04  0.1200E+02
  -7.264  0.9806E-04  0.1200E+02
  -7.254  0.1263E-03  0.1200E+02
  -7.244  0.1620E-03  0.1200E+02
  -7.234  0.2067E-03  0.1200E+02
  -7.224  0.2625E-03  0.1200E+02
  -7.214  0.3318E-03  0.1200E+02
  -7.204  0.4173E-03  0.1200E+02
  -7.194  0.5225E-03  0.1200E+02
  -7.184  0.6510E-03  0.1200E+02
  -7.174  0.8072E-03  0.1200E+02
  -7.164  0.9962E-03  0.1200E+02
  -7.154  0.1224E-02  0.1200E+02
  -7.144  0.1496E-02  0.1200E+02
  -7.134  0.1820E-02  0.1200E+02
  -7.124  0.2204E-02  0.1200E+02
  -7.114  0.2656E-02  0.1200E+02
  -7.104  0.3187E-02  0.1200E+02
  -7.094  0.3805E-02  0.1200E+02
  -7.084  0.4522E-02  0.1200E+02
  -7.074  0.5349E-02  0.1200E+02
  -7.064  0.6298E-02  0.1200E+02
  -7.054  0.7381E-02  0.1200E+02
  -7.044  0.8611E-02  0.1200E+02
  -7.034  0.1000E-01  0.1200E+02
  -7.024  0.1156E-01  0.1200E+02
  -7.014  0.1330E-01  0.1200E+02
  -7.004  0.1524E-01  0.1200E+02
  -6.994  0.1739E-01  0.1200E+02
  -6.984  0.1975E-01  0.1200E+02
  -6.974  0.2234E-01  0.1200E+02
  -6.964  0.2516E-01  0.1200E+02
  -6.954  0.2822E-01  0.1200E+02
  -6.944  0.3153E-01  0.1200E+02
  -6.934  0.3509E-01  0.1200E+02
  -6.924  0.3889E-01  0.1200E+02
  -6.914  0.4296E-01  0.1200E+02
  -6.904  0.4727E-01  0.1200E+02
  -6.894  0.5185E-01  0.1200E+02
  -6.884  0.5668E-01  0.1201E+02
  -6.874  0.6178E-01  0.1201E+02
  -6.864  0.6715E-01  0.1201E+02
  -6.854  0.7278E-01  0.1201E+02
  -6.844  0.7870E-01  0.1201E+02
  -6.834  0.8491E-01  0.1201E+02
  -6.824  0.9144E-01  0.1201E+02
  -6.814  0.9830E-01  0.1201E+02
  -6.804  0.1055E+00  0.1201E+02
  -6.794  0.1131E+00  0.1201E+02
  -6.784  0.1212E+00  0.1201E+02
  -6.774  0.1297E+00  0.1202E+02
  -6.764  0.1387E+00  0.1202E+02
  -6.754  0.1483E+00  0.1202E+02
  -6.744  0.1585E+00  0.1202E+02
  -6.734  0.1694E+00  0.1202E+02
  -6.724  0.1810E+00  0.1202E+02
  -6.714  0.1934E+00  0.1203E+02
  -6.704  0.2066E+00  0.1203E+02
  -6.694  0.2207E+00  0.1203E+02
  -6.684  0.2357E+00  0.1203E+02
  -6.674  0.2516E+00  0.1203E+02
  -6.664  0.2685E+00  0.1204E+02
  -6.654  0.2863E+00  0.1204E+02
  -6.644  0.3050E+00  0.1204E+02
  -6.634  0.3245E+00  0.1205E+02
  -6.624  0.3448E+00  0.1205E+02
  -6.614  0.3659E+00  0.1205E+02
  -6.604  0.3875E+00  0.1206E+02
  -6.594  0.4096E+00  0.1206E+02
  -6.584  0.4321E+00  0.1207E+02
  -6.574  0.4548E+00  0.1207E+02
  -6.564  0.4775E+00  0.1208E+02
  -6.554  0.5000E+00  0.1208E+02
  -6.544  0.5222E+00  0.1209E+02
  -6.534  0.5439E+00  0.1209E+02
  -6.524  0.5649E+00  0.1210E+02
  -6.514  0.5850E+00  0.1210E+02
  -6.504  0.6042E+00  0.1211E+02
  -6.494  0.6222E+00  0.1211E+02
  -6.484  0.6390E+00  0.1212E+02
  -6.474  0.6545E+00  0.1213E+02
  -6.464  0.6686E+00  0.1213E+02
  -6.454  0.6812E+00  0.1214E+02
  -6.444  0.6926E+00  0.1215E+02
  -6.434  0.7025E+00  0.1215E+02
  -6.424  0.7113E+00  0.1216E+02
  -6.414  0.7189E+00  0.1217E+02
  -6.404  0.7255E+00  0.1218E+02
  -6.394  0.7313E+00  0.1218E+02
  -6.384  0.7365E+00  0.1219E+02
  -6.374  0.7414E+00  0.1220E+02
  -6.364  0.7461E+00  0.1221E+02
  -6.354  0.7509E+00  0.1221E+02
  -6.344  0.7560E+00  0.1222E+02
  -6.334  0.7618E+00  0.1223E+02
  -6.324  0.7685E+00  0.1224E+02
  -6.314  0.7763E+00  0.1224E+02
  -6.304  0.7855E+00  0.1225E+02
  -6.294  0.7962E+00  0.1226E+02
  -6.284  0.8088E+00  0.1227E+02
  -6.274  0.8235E+00  0.1228E+02
  -6.264  0.8404E+00  0.1228E+02
  -6.254  0.8597E+00  0.1229E+02
  -6.244  0.8816E+00  0.1230E+02
  -6.234  0.9062E+00  0.1231E+02
  -6.224  0.9338E+00  0.1232E+02
  -6.214  0.9643E+00  0.1233E+02
  -6.204  0.9981E+00  0.1234E+02
  -6.194  0.1035E+01  0.1235E+02
  -6.184  0.1076E+01  0.1236E+02
  -6.174  0.1120E+01  0.1237E+02
  -6.164  0.1167E+01  0.1238E+02
  -6.154  0.1219E+01  0.1240E+02
  -6.144  0.1274E+01  0.1241E+02
  -6.134  0.1333E+01  0.1242E+02
  -6.124  0.1396E+01  0.1244E+02
  -6.114  0.1464E+01  0.1245E+02
  -6.104  0.1535E+01  0.1247E+02
  -6.094  0.1610E+01  0.1248E+02
  -6.084  0.1689E+01  0.1250E+02
  -6.074  0.1772E+01  0.1252E+02
  -6.064  0.1858E+01  0.1254E+02
  -6.054  0.1948E+01  0.1256E+02
  -6.044  0.2040E+01  0.1258E+02
  -6.034  0.2135E+01  0.1260E+02
  -6.024  0.2232E+01  0.1262E+02
  -6.014  0.2331E+01  0.1264E+02
  -6.004  0.2430E+01  0.1267E+02
  -5.994  0.2529E+01  0.1269E+02
  -5.984  0.2628E+01  0.1272E+02
  -5.974  0.2726E+01  0.1275E+02
  -5.964  0.2821E+01  0.1277E+02
  -5.954  0.2913E+01  0.1280E+02
  -5.944  0.3000E+01  0.1283E+02
  -5.934  0.3083E+01  0.1286E+02
  -5.924  0.3160E+01  0.1290E+02
  -5.914  0.3230E+01  0.1293E+02
  -5.904  0.3292E+01  0.1296E+02
  -5.894  0.3346E+01  0.1299E+02
  -5.884  0.3391E+01  0.1303E+02
  -5.874  0.3427E+01  0.1306E+02
  -5.864  0.3452E+01  0.1310E+02
  -5.854  0.3467E+01  0.1313E+02
  -5.844  0.3471E+01  0.1317E+02
  -5.834  0.3465E+01  0.1320E+02
  -5.824  0.3448E+01  0.1324E+02
  -5.814  0.3420E+01  0.1327E+02
  -5.804  0.3383E+01  0.1330E+02
  -5.794  0.3336E+01  0.1334E+02
  -5.784  0.3280E+01  0.1337E+02
  -5.774  0.3215E+01  0.1340E+02
  -5.764  0.3143E+01  0.1343E+02
  -5.754  0.3064E+01  0.1346E+02
  -5.744  0.2980E+01  0.1349E+02
  -5.734  0.2891E+01  0.1352E+02
  -5.724  0.2798E+01  0.1355E+02
  -5.714  0.2702E+01  0.1358E+02
  -5.704  0.2604E+01  0.1360E+02
  -5.694  0.2505E+01  0.1363E+02
  -5.684  0.2407E+01  0.1365E+02
  -5.674  0.2309E+01  0.1368E+02
  -5.664  0.2213E+01  0.1370E+02
  -5.654  0.2118E+01  0.1372E+02
  -5.644  0.2027E+01  0.1374E+02
  -5.634  0.1938E+01  0.1376E+02
  -5.624  0.1853E+01  0.1378E+02
  -5.614  0.1772E+01  0.1379E+02
  -5.604  0.1695E+01  0.1381E+02
  -5.594  0.1622E+01  0.1383E+02
  -5.584  0.1552E+01  0.1384E+02
  -5.574  0.1486E+01  0.1386E+02
  -5.564  0.1424E+01  0.1387E+02
  -5.554  0.1366E+01  0.1389E+02
  -5.544  0.1310E+01  0.1390E+02
  -5.534  0.1257E+01  0.1391E+02
  -5.524  0.1207E+01  0.1392E+02
  -5.514  0.1159E+01  0.1394E+02
  -5.504  0.1113E+01  0.1395E+02
  -5.494  0.1068E+01  0.1396E+02
  -5.484  0.1025E+01  0.1397E+02
  -5.474  0.9833E+00  0.1398E+02
  -5.464  0.9421E+00  0.1399E+02
  -5.454  0.9017E+00  0.1400E+02
  -5.444  0.8618E+00  0.1400E+02
  -5.434  0.8226E+00  0.1401E+02
  -5.424  0.7838E+00  0.1402E+02
  -5.414  0.7455E+00  0.1403E+02
  -5.404  0.7079E+00  0.1404E+02
  -5.394  0.6708E+00  0.1404E+02
  -5.384  0.6346E+00  0.1405E+02
  -5.374  0.5993E+00  0.1405E+02
  -5.364  0.5651E+00  0.1406E+02
  -5.354  0.5321E+00  0.1407E+02
  -5.344  0.5007E+00  0.1407E+02
  -5.334  0.4711E+00  0.1407E+02
  -5.324  0.4434E+00  0.1408E+02
  -5.314  0.4179E+00  0.1408E+02
  -5.304  0.3948E+00  0.1409E+02
  -5.294  0.3745E+00  0.1409E+02
  -5.284  0.3570E+00  0.1409E+02
  -5.274  0.3427E+00  0.1410E+02
  -5.264  0.3317E+00  0.1410E+02
  -5.254  0.3243E+00  0.1410E+02
  -5.244  0.3207E+00  0.1411E+02
  -5.234  0.3210E+00  0.1411E+02
  -5.224  0.3255E+00  0.1411E+02
  -5.214  0.3344E+00  0.1412E+02
  -5.204  0.3477E+00  0.1412E+02
  -5.194  0.3657E+00  0.1412E+02
  -5.184  0.3885E+00  0.1413E+02
  -5.174  0.4161E+00  0.1413E+02
  -5.164  0.4487E+00  0.1414E+02
  -5.154  0.4864E+00  0.1414E+02
  -5.144  0.5292E+00  0.1415E+02
  -5.134  0.5771E+00  0.1415E+02
  -5.124  0.6301E+00  0.1416E+02
  -5.114  0.6882E+00  0.1417E+02
  -5.104  0.7513E+00  0.1417E+02
  -5.094  0.8192E+00  0.1418E+02
  -5.084  0.8918E+00  0.1419E+02
  -5.074  0.9689E+00  0.1420E+02
  -5.064  0.1050E+01  0.1421E+02
  -5.054  0.1135E+01  0.1422E+02
  -5.044  0.1224E+01  0.1423E+02
  -5.034  0.1315E+01  0.1425E+02
  -5.024  0.1410E+01  0.1426E+02
  -5.014  0.1506E+01  0.1428E+02
  -5.004  0.1604E+01  0.1429E+02
  -4.994  0.1702E+01  0.1431E+02
  -4.984  0.1801E+01  0.1433E+02
  -4.974  0.1900E+01  0.1435E+02
  -4.964  0.1997E+01  0.1437E+02
  -4.954  0.2093E+01  0.1439E+02
  -4.944  0.2185E+01  0.1441E+02
  -4.934  0.2275E+01  0.1443E+02
  -4.924  0.2361E+01  0.1446E+02
  -4.914  0.2443E+01  0.1448E+02
  -4.904  0.2519E+01  0.1451E+02
  -4.894  0.2590E+01  0.1453E+02
  -4.884  0.2655E+01  0.1456E+02
  -4.874  0.2714E+01  0.1459E+02
  -4.864  0.2767E+01  0.1461E+02
  -4.854  0.2812E+01  0.1464E+02
  -4.844  0.2851E+01  0.1467E+02
  -4.834  0.2882E+01  0.1470E+02
  -4.824  0.2907E+01  0.1473E+02
  -4.814  0.2925E+01  0.1476E+02
  -4.804  0.2937E+01  0.1479E+02
  -4.794  0.2943E+01  0.1482E+02
  -4.784  0.2943E+01  0.1485E+02
  -4.774  0.2937E+01  0.1487E+02
  -4.764  0.2926E+01  0.1490E+02
  -4.754  0.2911E+01  0.1493E+02
  -4.744  0.2892E+01  0.1496E+02
  -4.734  0.2869E+01  0.1499E+02
  -4.724  0.2843E+01  0.1502E+02
  -4.714  0.2814E+01  0.1505E+02
  -4.704  0.2782E+01  0.1508E+02
  -4.694  0.2749E+01  0.1510E+02
  -4.684  0.2713E+01  0.1513E+02
  -4.674  0.2676E+01  0.1516E+02
  -4.664  0.2637E+01  0.1518E+02
  -4.654  0.2597E+01  0.1521E+02
  -4.644  0.2556E+01  0.1523E+02
  -4.634  0.2514E+01  0.1526E+02
  -4.624  0.2470E+01  0.1528E+02
  -4.614  0.2425E+01  0.1531E+02
  -4.604  0.2379E+01  0.1533E+02
  -4.594  0.2332E+01  0.1536E+02
  -4.584  0.2283E+01  0.1538E+02
  -4.574  0.2233E+01  0.1540E+02
  -4.564  0.2182E+01  0.1542E+02
  -4.554  0.2129E+01  0.1544E+02
  -4.544  0.2075E+01  0.1546E+02
  -4.534  0.2019E+01  0.1548E+02
  -4.524  0.1963E+01  0.1550E+02
  -4.514  0.1906E+01  0.1552E+02
  -4.504  0.1848E+01  0.1554E+02
  -4.494  0.1789E+01  0.1556E+02
  -4.484  0.1730E+01  0.1558E+02
  -4.474  0.1672E+01  0.1559E+02
  -4.464  0.1613E+01  0.1561E+02
  -4.454  0.1555E+01  0.1563E+02
  -4.444  0.1499E+01  0.1564E+02
  -4.434  0.1443E+01  0.1565E+02
  -4.424  0.1389E+01  0.1567E+02
  -4.414  0.1337E+01  0.1568E+02
  -4.404  0.1288E+01  0.1570E+02
  -4.394  0.1240E+01  0.1571E+02
  -4.384  0.1196E+01  0.1572E+02
  -4.374  0.1154E+01  0.1573E+02
  -4.364  0.1115E+01  0.1574E+02
  -4.354  0.1079E+01  0.1575E+02
  -4.344  0.1047E+01  0.1576E+02
  -4.334  0.1017E+01  0.1577E+02
  -4.324  0.9912E+00  0.1578E+02
  -4.314  0.9680E+00  0.1579E+02
  -4.304  0.9479E+00  0.1580E+02
  -4.294  0.9308E+00  0.1581E+02
  -4.284  0.9165E+00  0.1582E+02
  -4.274  0.9049E+00  0.1583E+02
  -4.264  0.8960E+00  0.1584E+02
  -4.254  0.8897E+00  0.1585E+02
  -4.244  0.8858E+00  0.1586E+02
  -4.234  0.8843E+00  0.1587E+02
  -4.224  0.8851E+00  0.1587E+02
  -4.214  0.8882E+00  0.1588E+02
  -4.204  0.8937E+00  0.1589E+02
  -4.194  0.9016E+00  0.1590E+02
  -4.184  0.9119E+00  0.1591E+02
  -4.174  0.9247E+00  0.1592E+02
  -4.164  0.9402E+00  0.1593E+02
  -4.154  0.9584E+00  0.1594E+02
  -4.144  0.9795E+00  0.1595E+02
  -4.134  0.1004E+01  0.1596E+02
  -4.124  0.1031E+01  0.1597E+02
  -4.114  0.1062E+01  0.1598E+02
  -4.104  0.1096E+01  0.1599E+02
  -4.094  0.1134E+01  0.1600E+02
  -4.084  0.1175E+01  0.1601E+02
  -4.074  0.1220E+01  0.1603E+02
  -4.064  0.1268E+01  0.1604E+02
  -4.054  0.1320E+01  0.1605E+02
  -4.044  0.1375E+01  0.1607E+02
  -4.034  0.1434E+01  0.1608E+02
  -4.024  0.1495E+01  0.1609E+02
  -4.014  0.1558E+01  0.1611E+02
  -4.004  0.1624E+01  0.1613E+02
  -3.994  0.1692E+01  0.1614E+02
  -3.984  0.1760E+01  0.1616E+02
  -3.974  0.1830E+01  0.1618E+02
  -3.964  0.1899E+01  0.1620E+02
  -3.954  0.1968E+01  0.1622E+02
  -3.944  0.2036E+01  0.1624E+02
  -3.934  0.2103E+01  0.1626E+02
  -3.924  0.2167E+01  0.1628E+02
  -3.914  0.2228E+01  0.1630E+02
  -3.904  0.2287E+01  0.1633E+02
  -3.894  0.2341E+01  0.1635E+02
  -3.884  0.2391E+01  0.1637E+02
  -3.874  0.2437E+01  0.1640E+02
  -3.864  0.2478E+01  0.1642E+02
  -3.854  0.2514E+01  0.1645E+02
  -3.844  0.2545E+01  0.1647E+02
  -3.834  0.2571E+01  0.1650E+02
  -3.824  0.2591E+01  0.1652E+02
  -3.814  0.2607E+01  0.1655E+02
  -3.804  0.2617E+01  0.1658E+02
  -3.794  0.2623E+01  0.1660E+02
  -3.784  0.2625E+01  0.1663E+02
  -3.774  0.2622E+01  0.1666E+02
  -3.764  0.2616E+01  0.1668E+02
  -3.754  0.2606E+01  0.1671E+02
  -3.744  0.2594E+01  0.1673E+02
  -3.734  0.2579E+01  0.1676E+02
  -3.724  0.2562E+01  0.1679E+02
  -3.714  0.2543E+01  0.1681E+02
  -3.704  0.2522E+01  0.1684E+02
  -3.694  0.2500E+01  0.1686E+02
  -3.684  0.2478E+01  0.1689E+02
  -3.674  0.2455E+01  0.1691E+02
  -3.664  0.2431E+01  0.1693E+02
  -3.654  0.2406E+01  0.1696E+02
  -3.644  0.2382E+01  0.1698E+02
  -3.634  0.2357E+01  0.1701E+02
  -3.624  0.2332E+01  0.1703E+02
  -3.614  0.2306E+01  0.1705E+02
  -3.604  0.2281E+01  0.1708E+02
  -3.594  0.2255E+01  0.1710E+02
  -3.584  0.2229E+01  0.1712E+02
  -3.574  0.2202E+01  0.1714E+02
  -3.564  0.2176E+01  0.1716E+02
  -3.554  0.2148E+01  0.1719E+02
  -3.544  0.2121E+01  0.1721E+02
  -3.534  0.2093E+01  0.1723E+02
  -3.524  0.2065E+01  0.1725E+02
  -3.514  0.2037E+01  0.1727E+02
  -3.504  0.2008E+01  0.1729E+02
  -3.494  0.1980E+01  0.1731E+02
  -3.484  0.1952E+01  0.1733E+02
  -3.474  0.1924E+01  0.1735E+02
  -3.464  0.1896E+01  0.1737E+02
  -3.454  0.1869E+01  0.1738E+02
  -3.444  0.1843E+01  0.1740E+02
  -3.434  0.1817E+01  0.1742E+02
  -3.424  0.1793E+01  0.1744E+02
  -3.414  0.1769E+01  0.1746E+02
  -3.404  0.1747E+01  0.1747E+02
  -3.394  0.1726E+01  0.1749E+02
  -3.384  0.1706E+01  0.1751E+02
  -3.374  0.1688E+01  0.1753E+02
  -3.364  0.1671E+01  0.1754E+02
  -3.354  0.1656E+01  0.1756E+02
  -3.344  0.1643E+01  0.1758E+02
  -3.334  0.1631E+01  0.1759E+02
  -3.324  0.1622E+01  0.1761E+02
  -3.314  0.1616E+01  0.1762E+02
  -3.304  0.1612E+01  0.1764E+02
  -3.294  0.1611E+01  0.1766E+02
  -3.284  0.1614E+01  0.1767E+02
  -3.274  0.1620E+01  0.1769E+02
  -3.264  0.1632E+01  0.1771E+02
  -3.254  0.1649E+01  0.1772E+02
  -3.244  0.1672E+01  0.1774E+02
  -3.234  0.1701E+01  0.1776E+02
  -3.224  0.1738E+01  0.1777E+02
  -3.214  0.1784E+01  0.1779E+02
  -3.204  0.1838E+01  0.1781E+02
  -3.194  0.1903E+01  0.1783E+02
  -3.184  0.1979E+01  0.1785E+02
  -3.174  0.2066E+01  0.1787E+02
  -3.164  0.2165E+01  0.1789E+02
  -3.154  0.2277E+01  0.1791E+02
  -3.144  0.2403E+01  0.1794E+02
  -3.134  0.2542E+01  0.1796E+02
  -3.124  0.2695E+01  0.1799E+02
  -3.114  0.2862E+01  0.1802E+02
  -3.104  0.3042E+01  0.1805E+02
  -3.094  0.3236E+01  0.1808E+02
  -3.084  0.3442E+01  0.1811E+02
  -3.074  0.3661E+01  0.1815E+02
  -3.064  0.3890E+01  0.1819E+02
  -3.054  0.4129E+01  0.1823E+02
  -3.044  0.4376E+01  0.1828E+02
  -3.034  0.4629E+01  0.1832E+02
  -3.024  0.4888E+01  0.1837E+02
  -3.014  0.5149E+01  0.1842E+02
  -3.004  0.5411E+01  0.1848E+02
  -2.994  0.5671E+01  0.1853E+02
  -2.984  0.5928E+01  0.1859E+02
  -2.974  0.6180E+01  0.1865E+02
  -2.964  0.6423E+01  0.1872E+02
  -2.954  0.6657E+01  0.1878E+02
  -2.944  0.6879E+01  0.1885E+02
  -2.934  0.7088E+01  0.1892E+02
  -2.924  0.7281E+01  0.1900E+02
  -2.914  0.7458E+01  0.1907E+02
  -2.904  0.7617E+01  0.1915E+02
  -2.894  0.7758E+01  0.1923E+02
  -2.884  0.7879E+01  0.1930E+02
  -2.874  0.7980E+01  0.1938E+02
  -2.864  0.8062E+01  0.1946E+02
  -2.854  0.8123E+01  0.1955E+02
  -2.844  0.8166E+01  0.1963E+02
  -2.834  0.8189E+01  0.1971E+02
  -2.824  0.8195E+01  0.1979E+02
  -2.814  0.8184E+01  0.1987E+02
  -2.804  0.8158E+01  0.1996E+02
  -2.794  0.8117E+01  0.2004E+02
  -2.784  0.8064E+01  0.2012E+02
  -2.774  0.7999E+01  0.2020E+02
  -2.764  0.7925E+01  0.2028E+02
  -2.754  0.7843E+01  0.2035E+02
  -2.744  0.7754E+01  0.2043E+02
  -2.734  0.7660E+01  0.2051E+02
  -2.724  0.7563E+01  0.2058E+02
  -2.714  0.7464E+01  0.2066E+02
  -2.704  0.7364E+01  0.2073E+02
  -2.694  0.7264E+01  0.2081E+02
  -2.684  0.7165E+01  0.2088E+02
  -2.674  0.7069E+01  0.2095E+02
  -2.664  0.6975E+01  0.2102E+02
  -2.654  0.6884E+01  0.2109E+02
  -2.644  0.6798E+01  0.2115E+02
  -2.634  0.6715E+01  0.2122E+02
  -2.624  0.6637E+01  0.2129E+02
  -2.614  0.6563E+01  0.2135E+02
  -2.604  0.6494E+01  0.2142E+02
  -2.594  0.6429E+01  0.2148E+02
  -2.584  0.6368E+01  0.2155E+02
  -2.574  0.6310E+01  0.2161E+02
  -2.564  0.6256E+01  0.2167E+02
  -2.554  0.6205E+01  0.2173E+02
  -2.544  0.6156E+01  0.2180E+02
  -2.534  0.6110E+01  0.2186E+02
  -2.524  0.6065E+01  0.2192E+02
  -2.514  0.6022E+01  0.2198E+02
  -2.504  0.5979E+01  0.2204E+02
  -2.494  0.5936E+01  0.2210E+02
  -2.484  0.5893E+01  0.2216E+02
  -2.474  0.5850E+01  0.2221E+02
  -2.464  0.5805E+01  0.2227E+02
  -2.454  0.5759E+01  0.2233E+02
  -2.444  0.5711E+01  0.2239E+02
  -2.434  0.5661E+01  0.2244E+02
  -2.424  0.5608E+01  0.2250E+02
  -2.414  0.5551E+01  0.2255E+02
  -2.404  0.5492E+01  0.2261E+02
  -2.394  0.5429E+01  0.2266E+02
  -2.384  0.5362E+01  0.2272E+02
  -2.374  0.5291E+01  0.2277E+02
  -2.364  0.5216E+01  0.2282E+02
  -2.354  0.5136E+01  0.2287E+02
  -2.344  0.5052E+01  0.2292E+02
  -2.334  0.4964E+01  0.2297E+02
  -2.324  0.4870E+01  0.2302E+02
  -2.314  0.4772E+01  0.2307E+02
  -2.304  0.4670E+01  0.2312E+02
  -2.294  0.4562E+01  0.2316E+02
  -2.284  0.4451E+01  0.2321E+02
  -2.274  0.4335E+01  0.2325E+02
  -2.264  0.4215E+01  0.2329E+02
  -2.254  0.4091E+01  0.2333E+02
  -2.244  0.3963E+01  0.2337E+02
  -2.234  0.3832E+01  0.2341E+02
  -2.224  0.3698E+01  0.2345E+02
  -2.214  0.3562E+01  0.2348E+02
  -2.204  0.3424E+01  0.2352E+02
  -2.194  0.3284E+01  0.2355E+02
  -2.184  0.3142E+01  0.2358E+02
  -2.174  0.3000E+01  0.2361E+02
  -2.164  0.2858E+01  0.2364E+02
  -2.154  0.2717E+01  0.2367E+02
  -2.144  0.2576E+01  0.2369E+02
  -2.134  0.2436E+01  0.2372E+02
  -2.124  0.2299E+01  0.2374E+02
  -2.114  0.2163E+01  0.2376E+02
  -2.104  0.2031E+01  0.2378E+02
  -2.094  0.1901E+01  0.2380E+02
  -2.084  0.1776E+01  0.2382E+02
  -2.074  0.1654E+01  0.2384E+02
  -2.064  0.1536E+01  0.2385E+02
  -2.054  0.1423E+01  0.2387E+02
  -2.044  0.1315E+01  0.2388E+02
  -2.034  0.1212E+01  0.2389E+02
  -2.024  0.1114E+01  0.2390E+02
  -2.014  0.1021E+01  0.2391E+02
  -2.004  0.9327E+00  0.2392E+02
  -1.994  0.8500E+00  0.2393E+02
  -1.984  0.7724E+00  0.2394E+02
  -1.974  0.6999E+00  0.2395E+02
  -1.964  0.6324E+00  0.2395E+02
  -1.954  0.5698E+00  0.2396E+02
  -1.944  0.5119E+00  0.2396E+02
  -1.934  0.4585E+00  0.2397E+02
  -1.924  0.4095E+00  0.2397E+02
  -1.914  0.3646E+00  0.2398E+02
  -1.904  0.3237E+00  0.2398E+02
  -1.894  0.2865E+00  0.2398E+02
  -1.884  0.2528E+00  0.2398E+02
  -1.874  0.2223E+00  0.2399E+02
  -1.864  0.1950E+00  0.2399E+02
  -1.854  0.1704E+00  0.2399E+02
  -1.844  0.1484E+00  0.2399E+02
  -1.834  0.1289E+00  0.2399E+02
  -1.824  0.1116E+00  0.2399E+02
  -1.814  0.9623E-01  0.2399E+02
  -1.804  0.8273E-01  0.2400E+02
  -1.794  0.7087E-01  0.2400E+02
  -1.784  0.6050E-01  0.2400E+02
  -1.774  0.5147E-01  0.2400E+02
  -1.764  0.4363E-01  0.2400E+02
  -1.754  0.3685E-01  0.2400E+02
  -1.744  0.3100E-01  0.2400E+02
  -1.734  0.2599E-01  0.2400E+02
  -1.724  0.2171E-01  0.2400E+02
  -1.714  0.1806E-01  0.2400E+02
  -1.704  0.1497E-01  0.2400E+02
  -1.694  0.1236E-01  0.2400E+02
  -1.684  0.1016E-01  0.2400E+02
  -1.674  0.8322E-02  0.2400E+02
  -1.664  0.6789E-02  0.2400E+02
  -1.654  0.5515E-02  0.2400E+02
  -1.644  0.4462E-02  0.2400E+02
  -1.634  0.3596E-02  0.2400E+02
  -1.624  0.2885E-02  0.2400E+02
  -1.614  0.2305E-02  0.2400E+02
  -1.604  0.1834E-02  0.2400E+02
  -1.594  0.1453E-02  0.2400E+02
  -1.584  0.1146E-02  0.2400E+02
  -1.574  0.9005E-03  0.2400E+02
  -1.564  0.7042E-03  0.2400E+02
  -1.554  0.5483E-03  0.2400E+02
  -1.544  0.4251E-03  0.2400E+02
  -1.534  0.3281E-03  0.2400E+02
  -1.524  0.2521E-03  0.2400E+02
  -1.514  0.1929E-03  0.2400E+02
  -1.504  0.1469E-03  0.2400E+02
  -1.494  0.1114E-03  0.2400E+02
  -1.484  0.8407E-04  0.2400E+02
  -1.474  0.6319E-04  0.2400E+02
  -1.464  0.4731E-04  0.2400E+02
  -1.454  0.3529E-04  0.2400E+02
  -1.444  0.2626E-04  0.2400E+02
  -1.434  0.1953E-04  0.2400E+02
  -1.424  0.1458E-04  0.2400E+02
  -1.414  0.1099E-04  0.2400E+02
  -1.404  0.8493E-05  0.2400E+02
  -1.394  0.6863E-05  0.2400E+02
  -1.384  0.5971E-05  0.2400E+02
  -1.374  0.5749E-05  0.2400E+02
  -1.364  0.6190E-05  0.2400E+02
  -1.354  0.7353E-05  0.2400E+02
  -1.344  0.9369E-05  0.2400E+02
  -1.334  0.1245E-04  0.2400E+02
  -1.324  0.1690E-04  0.2400E+02
  -1.314  0.2317E-04  0.2400E+02
  -1.304  0.3185E-04  0.2400E+02
  -1.294  0.4375E-04  0.2400E+02
  -1.284  0.5994E-04  0.2400E+02
  -1.274  0.8182E-04  0.2400E+02
  -1.264  0.1112E-03  0.2400E+02
  -1.254  0.1506E-03  0.2400E+02
  -1.244  0.2030E-03  0.2400E+02
  -1.234  0.2724E-03  0.2400E+02
  -1.224  0.3639E-03  0.2400E+02
  -1.214  0.4841E-03  0.2400E+02
  -1.204  0.6410E-03  0.2400E+02
  -1.194  0.8450E-03  0.2400E+02
  -1.184  0.1109E-02  0.2400E+02
  -1.174  0.1449E-02  0.2400E+02
  -1.164  0.1885E-02  0.2400E+02
  -1.154  0.2441E-02  0.2400E+02
  -1.144  0.3148E-02  0.2400E+02
  -1.134  0.4041E-02  0.2400E+02
  -1.124  0.5165E-02  0.2400E+02
  -1.114  0.6573E-02  0.2400E+02
  -1.104  0.8327E-02  0.2400E+02
  -1.094  0.1050E-01  0.2400E+02
  -1.084  0.1319E-01  0.2400E+02
  -1.074  0.1650E-01  0.2400E+02
  -1.064  0.2054E-01  0.2400E+02
  -1.054  0.2546E-01  0.2400E+02
  -1.044  0.3143E-01  0.2400E+02
  -1.034  0.3862E-01  0.2400E+02
  -1.024  0.4726E-01  0.2400E+02
  -1.014  0.5759E-01  0.2400E+02
  -1.004  0.6987E-01  0.2400E+02
  -0.994  0.8441E-01  0.2400E+02
  -0.984  0.1015E+00  0.2401E+02
  -0.974  0.1216E+00  0.2401E+02
  -0.964  0.1451E+00  0.2401E+02
  -0.954  0.1723E+00  0.2401E+02
  -0.944  0.2037E+00  0.2401E+02
  -0.934  0.2399E+00  0.2401E+02
  -0.924  0.2814E+00  0.2402E+02
  -0.914  0.3286E+00  0.2402E+02
  -0.904  0.3822E+00  0.2402E+02
  -0.894  0.4427E+00  0.2403E+02
  -0.884  0.5106E+00  0.2403E+02
  -0.874  0.5864E+00  0.2404E+02
  -0.864  0.6708E+00  0.2405E+02
  -0.854  0.7642E+00  0.2405E+02
  -0.844  0.8671E+00  0.2406E+02
  -0.834  0.9798E+00  0.2407E+02
  -0.824  0.1103E+01  0.2408E+02
  -0.814  0.1236E+01  0.2410E+02
  -0.804  0.1380E+01  0.2411E+02
  -0.794  0.1535E+01  0.2413E+02
  -0.784  0.1700E+01  0.2414E+02
  -0.774  0.1875E+01  0.2416E+02
  -0.764  0.2061E+01  0.2418E+02
  -0.754  0.2256E+01  0.2420E+02
  -0.744  0.2461E+01  0.2423E+02
  -0.734  0.2673E+01  0.2426E+02
  -0.724  0.2893E+01  0.2428E+02
  -0.714  0.3119E+01  0.2432E+02
  -0.704  0.3351E+01  0.2435E+02
  -0.694  0.3587E+01  0.2438E+02
  -0.684  0.3825E+01  0.2442E+02
  -0.674  0.4065E+01  0.2446E+02
  -0.664  0.4304E+01  0.2451E+02
  -0.654  0.4542E+01  0.2455E+02
  -0.644  0.4777E+01  0.2460E+02
  -0.634  0.5007E+01  0.2465E+02
  -0.624  0.5231E+01  0.2470E+02
  -0.614  0.5447E+01  0.2476E+02
  -0.604  0.5654E+01  0.2481E+02
  -0.594  0.5851E+01  0.2487E+02
  -0.584  0.6037E+01  0.2493E+02
  -0.574  0.6211E+01  0.2499E+02
  -0.564  0.6372E+01  0.2506E+02
  -0.554  0.6519E+01  0.2512E+02
  -0.544  0.6653E+01  0.2519E+02
  -0.534  0.6772E+01  0.2526E+02
  -0.524  0.6876E+01  0.2533E+02
  -0.514  0.6967E+01  0.2540E+02
  -0.504  0.7043E+01  0.2547E+02
  -0.494  0.7106E+01  0.2554E+02
  -0.484  0.7156E+01  0.2561E+02
  -0.474  0.7193E+01  0.2568E+02
  -0.464  0.7219E+01  0.2575E+02
  -0.454  0.7235E+01  0.2583E+02
  -0.444  0.7241E+01  0.2590E+02
  -0.434  0.7239E+01  0.2597E+02
  -0.424  0.7230E+01  0.2604E+02
  -0.414  0.7214E+01  0.2611E+02
  -0.404  0.7194E+01  0.2619E+02
  -0.394  0.7170E+01  0.2626E+02
  -0.384  0.7143E+01  0.2633E+02
  -0.374  0.7114E+01  0.2640E+02
  -0.364  0.7084E+01  0.2647E+02
  -0.354  0.7055E+01  0.2654E+02
  -0.344  0.7027E+01  0.2661E+02
  -0.334  0.7000E+01  0.2668E+02
  -0.324  0.6976E+01  0.2675E+02
  -0.314  0.6954E+01  0.2682E+02
  -0.304  0.6936E+01  0.2689E+02
  -0.294  0.6921E+01  0.2696E+02
  -0.284  0.6909E+01  0.2703E+02
  -0.274  0.6902E+01  0.2710E+02
  -0.264  0.6898E+01  0.2717E+02
  -0.254  0.6898E+01  0.2724E+02
  -0.244  0.6900E+01  0.2731E+02
  -0.234  0.6906E+01  0.2737E+02
  -0.224  0.6915E+01  0.2744E+02
  -0.214  0.6925E+01  0.2751E+02
  -0.204  0.6937E+01  0.2758E+02
  -0.194  0.6950E+01  0.2765E+02
  -0.184  0.6963E+01  0.2772E+02
  -0.174  0.6975E+01  0.2779E+02
  -0.164  0.6987E+01  0.2786E+02
  -0.154  0.6997E+01  0.2793E+02
  -0.144  0.7005E+01  0.2800E+02
  -0.134  0.7009E+01  0.2807E+02
  -0.124  0.7011E+01  0.2814E+02
  -0.114  0.7008E+01  0.2821E+02
  -0.104  0.7002E+01  0.2828E+02
  -0.094  0.6990E+01  0.2835E+02
  -0.084  0.6974E+01  0.2842E+02
  -0.074  0.6952E+01  0.2849E+02
  -0.064  0.6925E+01  0.2856E+02
  -0.054  0.6894E+01  0.2863E+02
  -0.044  0.6857E+01  0.2870E+02
  -0.034  0.6816E+01  0.2877E+02
  -0.024  0.6771E+01  0.2883E+02
  -0.014  0.6721E+01  0.2890E+02
  -0.004  0.6669E+01  0.2897E+02
   0.006  0.6614E+01  0.2903E+02
   0.016  0.6557E+01  0.2910E+02
   0.026  0.6499E+01  0.2916E+02
   0.036  0.6440E+01  0.2923E+02
   0.046  0.6382E+01  0.2929E+02
   0.056  0.6326E+01  0.2936E+02
   0.066  0.6271E+01  0.2942E+02
   0.076  0.6220E+01  0.2948E+02
   0.086  0.6172E+01  0.2954E+02
   0.096  0.6129E+01  0.2960E+02
   0.106  0.6092E+01  0.2966E+02
   0.116  0.6059E+01  0.2972E+02
   0.126  0.6034E+01  0.2978E+02
   0.136  0.6014E+01  0.2985E+02
   0.146  0.6002E+01  0.2991E+02
   0.156  0.5996E+01  0.2997E+02
   0.166  0.5998E+01  0.3003E+02
   0.176  0.6006E+01  0.3009E+02
   0.186  0.6021E+01  0.3015E+02
   0.196  0.6043E+01  0.3021E+02
   0.206  0.6071E+01  0.3027E+02
   0.216  0.6105E+01  0.3033E+02
   0.226  0.6144E+01  0.3039E+02
   0.236  0.6187E+01  0.3045E+02
   0.246  0.6235E+01  0.3051E+02
   0.256  0.6286E+01  0.3058E+02
   0.266  0.6341E+01  0.3064E+02
   0.276  0.6398E+01  0.3070E+02
   0.286  0.6457E+01  0.3077E+02
   0.296  0.6517E+01  0.3083E+02
   0.306  0.6579E+01  0.3090E+02
   0.316  0.6641E+01  0.3097E+02
   0.326  0.6703E+01  0.3103E+02
   0.336  0.6765E+01  0.3110E+02
   0.346  0.6827E+01  0.3117E+02
   0.356  0.6888E+01  0.3124E+02
   0.366  0.6949E+01  0.3131E+02
   0.376  0.7008E+01  0.3138E+02
   0.386  0.7066E+01  0.3145E+02
   0.396  0.7123E+01  0.3152E+02
   0.406  0.7178E+01  0.3159E+02
   0.416  0.7230E+01  0.3166E+02
   0.426  0.7281E+01  0.3174E+02
   0.436  0.7328E+01  0.3181E+02
   0.446  0.7373E+01  0.3188E+02
   0.456  0.7414E+01  0.3196E+02
   0.466  0.7451E+01  0.3203E+02
   0.476  0.7484E+01  0.3211E+02
   0.486  0.7512E+01  0.3218E+02
   0.496  0.7534E+01  0.3226E+02
   0.506  0.7551E+01  0.3233E+02
   0.516  0.7561E+01  0.3241E+02
   0.526  0.7564E+01  0.3248E+02
   0.536  0.7561E+01  0.3256E+02
   0.546  0.7550E+01  0.3263E+02
   0.556  0.7531E+01  0.3271E+02
   0.566  0.7505E+01  0.3278E+02
   0.576  0.7472E+01  0.3286E+02
   0.586  0.7432E+01  0.3293E+02
   0.596  0.7385E+01  0.3301E+02
   0.606  0.7331E+01  0.3308E+02
   0.616  0.7273E+01  0.3315E+02
   0.626  0.7209E+01  0.3323E+02
   0.636  0.7142E+01  0.3330E+02
   0.646  0.7072E+01  0.3337E+02
   0.656  0.7001E+01  0.3344E+02
   0.666  0.6929E+01  0.3351E+02
   0.676  0.6858E+01  0.3358E+02
   0.686  0.6789E+01  0.3364E+02
   0.696  0.6723E+01  0.3371E+02
   0.706  0.6662E+01  0.3378E+02
   0.716  0.6607E+01  0.3384E+02
   0.726  0.6558E+01  0.3391E+02
   0.736  0.6517E+01  0.3397E+02
   0.746  0.6485E+01  0.3404E+02
   0.756  0.6462E+01  0.3410E+02
   0.766  0.6449E+01  0.3417E+02
   0.776  0.6447E+01  0.3423E+02
   0.786  0.6455E+01  0.3430E+02
   0.796  0.6474E+01  0.3436E+02
   0.806  0.6503E+01  0.3443E+02
   0.816  0.6543E+01  0.3449E+02
   0.826  0.6594E+01  0.3456E+02
   0.836  0.6653E+01  0.3463E+02
   0.846  0.6722E+01  0.3469E+02
   0.856  0.6798E+01  0.3476E+02
   0.866  0.6882E+01  0.3483E+02
   0.876  0.6972E+01  0.3490E+02
   0.886  0.7068E+01  0.3497E+02
   0.896  0.7167E+01  0.3504E+02
   0.906  0.7270E+01  0.3511E+02
   0.916  0.7374E+01  0.3519E+02
   0.926  0.7480E+01  0.3526E+02
   0.936  0.7585E+01  0.3534E+02
   0.946  0.7688E+01  0.3542E+02
   0.956  0.7790E+01  0.3549E+02
   0.966  0.7887E+01  0.3557E+02
   0.976  0.7981E+01  0.3565E+02
   0.986  0.8069E+01  0.3573E+02
   0.996  0.8151E+01  0.3581E+02
   1.006  0.8227E+01  0.3590E+02
   1.016  0.8296E+01  0.3598E+02
   1.026  0.8357E+01  0.3606E+02
   1.036  0.8410E+01  0.3615E+02
   1.046  0.8455E+01  0.3623E+02
   1.056  0.8492E+01  0.3632E+02
   1.066  0.8520E+01  0.3640E+02
   1.076  0.8540E+01  0.3649E+02
   1.086  0.8553E+01  0.3657E+02
   1.096  0.8557E+01  0.3666E+02
   1.106  0.8554E+01  0.3674E+02
   1.116  0.8544E+01  0.3683E+02
   1.126  0.8529E+01  0.3691E+02
   1.136  0.8507E+01  0.3700E+02
   1.146  0.8481E+01  0.3708E+02
   1.156  0.8450E+01  0.3717E+02
   1.166  0.8416E+01  0.3725E+02
   1.176  0.8380E+01  0.3734E+02
   1.186  0.8342E+01  0.3742E+02
   1.196  0.8304E+01  0.3750E+02
   1.206  0.8265E+01  0.3759E+02
   1.216  0.8228E+01  0.3767E+02
   1.226  0.8193E+01  0.3775E+02
   1.236  0.8160E+01  0.3783E+02
   1.246  0.8131E+01  0.3791E+02
   1.256  0.8106E+01  0.3799E+02
   1.266  0.8086E+01  0.3807E+02
   1.276  0.8071E+01  0.3816E+02
   1.286  0.8061E+01  0.3824E+02
   1.296  0.8057E+01  0.3832E+02
   1.306  0.8060E+01  0.3840E+02
   1.316  0.8068E+01  0.3848E+02
   1.326  0.8082E+01  0.3856E+02
   1.336  0.8103E+01  0.3864E+02
   1.346  0.8128E+01  0.3872E+02
   1.356  0.8159E+01  0.3880E+02
   1.366  0.8195E+01  0.3888E+02
   1.376  0.8234E+01  0.3897E+02
   1.386  0.8277E+01  0.3905E+02
   1.396  0.8322E+01  0.3913E+02
   1.406  0.8368E+01  0.3922E+02
   1.416  0.8416E+01  0.3930E+02
   1.426  0.8464E+01  0.3939E+02
   1.436  0.8510E+01  0.3947E+02
   1.446  0.8555E+01  0.3956E+02
   1.456  0.8597E+01  0.3964E+02
   1.466  0.8636E+01  0.3973E+02
   1.476  0.8671E+01  0.3982E+02
   1.486  0.8700E+01  0.3990E+02
   1.496  0.8724E+01  0.3999E+02
   1.506  0.8743E+01  0.4008E+02
   1.516  0.8755E+01  0.4016E+02
   1.526  0.8760E+01  0.4025E+02
   1.536  0.8758E+01  0.4034E+02
   1.546  0.8749E+01  0.4043E+02
   1.556  0.8733E+01  0.4051E+02
   1.566  0.8710E+01  0.4060E+02
   1.576  0.8680E+01  0.4069E+02
   1.586  0.8644E+01  0.4077E+02
   1.596  0.8602E+01  0.4086E+02
   1.606  0.8553E+01  0.4095E+02
   1.616  0.8500E+01  0.4103E+02
   1.626  0.8442E+01  0.4112E+02
   1.636  0.8379E+01  0.4120E+02
   1.646  0.8313E+01  0.4128E+02
   1.656  0.8244E+01  0.4136E+02
   1.666  0.8173E+01  0.4145E+02
   1.676  0.8100E+01  0.4153E+02
   1.686  0.8025E+01  0.4161E+02
   1.696  0.7950E+01  0.4169E+02
   1.706  0.7875E+01  0.4177E+02
   1.716  0.7800E+01  0.4184E+02
   1.726  0.7725E+01  0.4192E+02
   1.736  0.7651E+01  0.4200E+02
   1.746  0.7578E+01  0.4207E+02
   1.756  0.7507E+01  0.4215E+02
   1.766  0.7436E+01  0.4222E+02
   1.776  0.7367E+01  0.4230E+02
   1.786  0.7300E+01  0.4237E+02
   1.796  0.7234E+01  0.4244E+02
   1.806  0.7169E+01  0.4251E+02
   1.816  0.7105E+01  0.4258E+02
   1.826  0.7043E+01  0.4266E+02
   1.836  0.6981E+01  0.4273E+02
   1.846  0.6920E+01  0.4279E+02
   1.856  0.6860E+01  0.4286E+02
   1.866  0.6801E+01  0.4293E+02
   1.876  0.6743E+01  0.4300E+02
   1.886  0.6686E+01  0.4307E+02
   1.896  0.6630E+01  0.4313E+02
   1.906  0.6575E+01  0.4320E+02
   1.916  0.6521E+01  0.4326E+02
   1.926  0.6470E+01  0.4333E+02
   1.936  0.6420E+01  0.4339E+02
   1.946  0.6373E+01  0.4346E+02
   1.956  0.6329E+01  0.4352E+02
   1.966  0.6289E+01  0.4358E+02
   1.976  0.6253E+01  0.4364E+02
   1.986  0.6221E+01  0.4371E+02
   1.996  0.6194E+01  0.4377E+02
   2.006  0.6173E+01  0.4383E+02
   2.016  0.6158E+01  0.4389E+02
   2.026  0.6149E+01  0.4395E+02
   2.036  0.6146E+01  0.4401E+02
   2.046  0.6150E+01  0.4408E+02
   2.056  0.6162E+01  0.4414E+02
   2.066  0.6180E+01  0.4420E+02
   2.076  0.6205E+01  0.4426E+02
   2.086  0.6237E+01  0.4432E+02
   2.096  0.6275E+01  0.4439E+02
   2.106  0.6320E+01  0.4445E+02
   2.116  0.6370E+01  0.4451E+02
   2.126  0.6425E+01  0.4458E+02
   2.136  0.6485E+01  0.4464E+02
   2.146  0.6548E+01  0.4471E+02
   2.156  0.6615E+01  0.4477E+02
   2.166  0.6684E+01  0.4484E+02
   2.176  0.6754E+01  0.4491E+02
   2.186  0.6825E+01  0.4498E+02
   2.196  0.6895E+01  0.4505E+02
   2.206  0.6965E+01  0.4512E+02
   2.216  0.7032E+01  0.4519E+02
   2.226  0.7097E+01  0.4526E+02
   2.236  0.7158E+01  0.4533E+02
   2.246  0.7214E+01  0.4540E+02
   2.256  0.7266E+01  0.4547E+02
   2.266  0.7312E+01  0.4555E+02
   2.276  0.7352E+01  0.4562E+02
   2.286  0.7385E+01  0.4569E+02
   2.296  0.7410E+01  0.4577E+02
   2.306  0.7428E+01  0.4584E+02
   2.316  0.7437E+01  0.4592E+02
   2.326  0.7437E+01  0.4599E+02
   2.336  0.7428E+01  0.4606E+02
   2.346  0.7409E+01  0.4614E+02
   2.356  0.7380E+01  0.4621E+02
   2.366  0.7341E+01  0.4629E+02
   2.376  0.7292E+01  0.4636E+02
   2.386  0.7231E+01  0.4643E+02
   2.396  0.7160E+01  0.4650E+02
   2.406  0.7077E+01  0.4657E+02
   2.416  0.6984E+01  0.4664E+02
   2.426  0.6878E+01  0.4671E+02
   2.436  0.6761E+01  0.4678E+02
   2.446  0.6633E+01  0.4685E+02
   2.456  0.6494E+01  0.4691E+02
   2.466  0.6344E+01  0.4697E+02
   2.476  0.6184E+01  0.4704E+02
   2.486  0.6013E+01  0.4710E+02
   2.496  0.5832E+01  0.4715E+02
   2.506  0.5643E+01  0.4721E+02
   2.516  0.5445E+01  0.4727E+02
   2.526  0.5240E+01  0.4732E+02
   2.536  0.5029E+01  0.4737E+02
   2.546  0.4812E+01  0.4742E+02
   2.556  0.4591E+01  0.4746E+02
   2.566  0.4367E+01  0.4751E+02
   2.576  0.4140E+01  0.4755E+02
   2.586  0.3913E+01  0.4759E+02
   2.596  0.3686E+01  0.4762E+02
   2.606  0.3460E+01  0.4766E+02
   2.616  0.3237E+01  0.4769E+02
   2.626  0.3018E+01  0.4772E+02
   2.636  0.2804E+01  0.4775E+02
   2.646  0.2595E+01  0.4777E+02
   2.656  0.2393E+01  0.4780E+02
   2.666  0.2199E+01  0.4782E+02
   2.676  0.2013E+01  0.4784E+02
   2.686  0.1835E+01  0.4786E+02
   2.696  0.1667E+01  0.4788E+02
   2.706  0.1508E+01  0.4789E+02
   2.716  0.1359E+01  0.4790E+02
   2.726  0.1220E+01  0.4792E+02
   2.736  0.1091E+01  0.4793E+02
   2.746  0.9710E+00  0.4794E+02
   2.756  0.8611E+00  0.4795E+02
   2.766  0.7604E+00  0.4795E+02
   2.776  0.6687E+00  0.4796E+02
   2.786  0.5857E+00  0.4797E+02
   2.796  0.5108E+00  0.4797E+02
   2.806  0.4436E+00  0.4798E+02
   2.816  0.3836E+00  0.4798E+02
   2.826  0.3303E+00  0.4798E+02
   2.836  0.2832E+00  0.4799E+02
   2.846  0.2418E+00  0.4799E+02
   2.856  0.2055E+00  0.4799E+02
