#  E (eV)   dos(E)     Int dos(E) EFermi =   2.581 eV
 -17.792  0.1584E-04  0.1584E-06
 -17.782  0.1891E-04  0.3475E-06
 -17.772  0.2255E-04  0.5730E-06
 -17.762  0.2683E-04  0.8414E-06
 -17.752  0.3189E-04  0.1160E-05
 -17.742  0.3782E-04  0.1538E-05
 -17.732  0.4480E-04  0.1986E-05
 -17.722  0.5297E-04  0.2516E-05
 -17.712  0.6253E-04  0.3141E-05
 -17.702  0.7369E-04  0.3878E-05
 -17.692  0.8671E-04  0.4745E-05
 -17.682  0.1019E-03  0.5764E-05
 -17.672  0.1195E-03  0.6959E-05
 -17.662  0.1399E-03  0.8358E-05
 -17.652  0.1636E-03  0.9994E-05
 -17.642  0.1909E-03  0.1190E-04
 -17.632  0.2225E-03  0.1413E-04
 -17.622  0.2589E-03  0.1672E-04
 -17.612  0.3008E-03  0.1973E-04
 -17.602  0.3489E-03  0.2321E-04
 -17.592  0.4041E-03  0.2726E-04
 -17.582  0.4673E-03  0.3193E-04
 -17.572  0.5395E-03  0.3732E-04
 -17.562  0.6219E-03  0.4354E-04
 -17.552  0.7159E-03  0.5070E-04
 -17.542  0.8227E-03  0.5893E-04
 -17.532  0.9441E-03  0.6837E-04
 -17.522  0.1082E-02  0.7919E-04
 -17.512  0.1238E-02  0.9157E-04
 -17.502  0.1414E-02  0.1057E-03
 -17.492  0.1613E-02  0.1218E-03
 -17.482  0.1837E-02  0.1402E-03
 -17.472  0.2090E-02  0.1611E-03
 -17.462  0.2373E-02  0.1848E-03
 -17.452  0.2692E-02  0.2118E-03
 -17.442  0.3048E-02  0.2422E-03
 -17.432  0.3447E-02  0.2767E-03
 -17.422  0.3893E-02  0.3156E-03
 -17.412  0.4390E-02  0.3595E-03
 -17.402  0.4945E-02  0.4090E-03
 -17.392  0.5561E-02  0.4646E-03
 -17.382  0.6246E-02  0.5271E-03
 -17.372  0.7006E-02  0.5971E-03
 -17.362  0.7847E-02  0.6756E-03
 -17.352  0.8779E-02  0.7634E-03
 -17.342  0.9808E-02  0.8615E-03
 -17.332  0.1094E-01  0.9709E-03
 -17.322  0.1220E-01  0.1093E-02
 -17.312  0.1357E-01  0.1229E-02
 -17.302  0.1509E-01  0.1379E-02
 -17.292  0.1675E-01  0.1547E-02
 -17.282  0.1858E-01  0.1733E-02
 -17.272  0.2057E-01  0.1938E-02
 -17.262  0.2276E-01  0.2166E-02
 -17.252  0.2515E-01  0.2418E-02
 -17.242  0.2776E-01  0.2695E-02
 -17.232  0.3060E-01  0.3001E-02
 -17.222  0.3369E-01  0.3338E-02
 -17.212  0.3706E-01  0.3709E-02
 -17.202  0.4072E-01  0.4116E-02
 -17.192  0.4469E-01  0.4563E-02
 -17.182  0.4899E-01  0.5053E-02
 -17.172  0.5366E-01  0.5589E-02
 -17.162  0.5870E-01  0.6176E-02
 -17.152  0.6415E-01  0.6818E-02
 -17.142  0.7004E-01  0.7518E-02
 -17.132  0.7639E-01  0.8282E-02
 -17.122  0.8323E-01  0.9114E-02
 -17.112  0.9059E-01  0.1002E-01
 -17.102  0.9851E-01  0.1101E-01
 -17.092  0.1070E+00  0.1208E-01
 -17.082  0.1161E+00  0.1324E-01
 -17.072  0.1259E+00  0.1450E-01
 -17.062  0.1364E+00  0.1586E-01
 -17.052  0.1476E+00  0.1734E-01
 -17.042  0.1596E+00  0.1893E-01
 -17.032  0.1724E+00  0.2066E-01
 -17.022  0.1860E+00  0.2252E-01
 -17.012  0.2005E+00  0.2452E-01
 -17.002  0.2160E+00  0.2668E-01
 -16.992  0.2324E+00  0.2900E-01
 -16.982  0.2498E+00  0.3150E-01
 -16.972  0.2683E+00  0.3418E-01
 -16.962  0.2879E+00  0.3706E-01
 -16.952  0.3087E+00  0.4015E-01
 -16.942  0.3306E+00  0.4346E-01
 -16.932  0.3537E+00  0.4699E-01
 -16.922  0.3781E+00  0.5078E-01
 -16.912  0.4039E+00  0.5481E-01
 -16.902  0.4309E+00  0.5912E-01
 -16.892  0.4594E+00  0.6372E-01
 -16.882  0.4892E+00  0.6861E-01
 -16.872  0.5205E+00  0.7381E-01
 -16.862  0.5532E+00  0.7935E-01
 -16.852  0.5874E+00  0.8522E-01
 -16.842  0.6231E+00  0.9145E-01
 -16.832  0.6604E+00  0.9805E-01
 -16.822  0.6992E+00  0.1050E+00
 -16.812  0.7395E+00  0.1124E+00
 -16.802  0.7813E+00  0.1203E+00
 -16.792  0.8247E+00  0.1285E+00
 -16.782  0.8696E+00  0.1372E+00
 -16.772  0.9160E+00  0.1464E+00
 -16.762  0.9638E+00  0.1560E+00
 -16.752  0.1013E+01  0.1661E+00
 -16.742  0.1064E+01  0.1768E+00
 -16.732  0.1116E+01  0.1879E+00
 -16.722  0.1169E+01  0.1996E+00
 -16.712  0.1224E+01  0.2119E+00
 -16.702  0.1280E+01  0.2247E+00
 -16.692  0.1337E+01  0.2380E+00
 -16.682  0.1395E+01  0.2520E+00
 -16.672  0.1454E+01  0.2665E+00
 -16.662  0.1514E+01  0.2817E+00
 -16.652  0.1574E+01  0.2974E+00
 -16.642  0.1636E+01  0.3137E+00
 -16.632  0.1697E+01  0.3307E+00
 -16.622  0.1760E+01  0.3483E+00
 -16.612  0.1822E+01  0.3665E+00
 -16.602  0.1885E+01  0.3854E+00
 -16.592  0.1948E+01  0.4049E+00
 -16.582  0.2010E+01  0.4250E+00
 -16.572  0.2073E+01  0.4457E+00
 -16.562  0.2135E+01  0.4670E+00
 -16.552  0.2197E+01  0.4890E+00
 -16.542  0.2258E+01  0.5116E+00
 -16.532  0.2318E+01  0.5348E+00
 -16.522  0.2378E+01  0.5586E+00
 -16.512  0.2437E+01  0.5829E+00
 -16.502  0.2494E+01  0.6079E+00
 -16.492  0.2550E+01  0.6334E+00
 -16.482  0.2605E+01  0.6594E+00
 -16.472  0.2659E+01  0.6860E+00
 -16.462  0.2711E+01  0.7131E+00
 -16.452  0.2761E+01  0.7407E+00
 -16.442  0.2810E+01  0.7688E+00
 -16.432  0.2857E+01  0.7974E+00
 -16.422  0.2902E+01  0.8264E+00
 -16.412  0.2946E+01  0.8559E+00
 -16.402  0.2987E+01  0.8857E+00
 -16.392  0.3026E+01  0.9160E+00
 -16.382  0.3064E+01  0.9467E+00
 -16.372  0.3100E+01  0.9776E+00
 -16.362  0.3133E+01  0.1009E+01
 -16.352  0.3165E+01  0.1041E+01
 -16.342  0.3195E+01  0.1073E+01
 -16.332  0.3223E+01  0.1105E+01
 -16.322  0.3249E+01  0.1137E+01
 -16.312  0.3273E+01  0.1170E+01
 -16.302  0.3296E+01  0.1203E+01
 -16.292  0.3317E+01  0.1236E+01
 -16.282  0.3336E+01  0.1270E+01
 -16.272  0.3354E+01  0.1303E+01
 -16.262  0.3370E+01  0.1337E+01
 -16.252  0.3385E+01  0.1371E+01
 -16.242  0.3399E+01  0.1405E+01
 -16.232  0.3412E+01  0.1439E+01
 -16.222  0.3423E+01  0.1473E+01
 -16.212  0.3434E+01  0.1507E+01
 -16.202  0.3443E+01  0.1542E+01
 -16.192  0.3452E+01  0.1576E+01
 -16.182  0.3460E+01  0.1611E+01
 -16.172  0.3467E+01  0.1646E+01
 -16.162  0.3474E+01  0.1680E+01
 -16.152  0.3480E+01  0.1715E+01
 -16.142  0.3486E+01  0.1750E+01
 -16.132  0.3491E+01  0.1785E+01
 -16.122  0.3496E+01  0.1820E+01
 -16.112  0.3501E+01  0.1855E+01
 -16.102  0.3505E+01  0.1890E+01
 -16.092  0.3509E+01  0.1925E+01
 -16.082  0.3512E+01  0.1960E+01
 -16.072  0.3515E+01  0.1995E+01
 -16.062  0.3518E+01  0.2030E+01
 -16.052  0.3521E+01  0.2066E+01
 -16.042  0.3523E+01  0.2101E+01
 -16.032  0.3525E+01  0.2136E+01
 -16.022  0.3527E+01  0.2171E+01
 -16.012  0.3528E+01  0.2207E+01
 -16.002  0.3529E+01  0.2242E+01
 -15.992  0.3529E+01  0.2277E+01
 -15.982  0.3528E+01  0.2312E+01
 -15.972  0.3527E+01  0.2348E+01
 -15.962  0.3526E+01  0.2383E+01
 -15.952  0.3523E+01  0.2418E+01
 -15.942  0.3520E+01  0.2453E+01
 -15.932  0.3516E+01  0.2489E+01
 -15.922  0.3511E+01  0.2524E+01
 -15.912  0.3505E+01  0.2559E+01
 -15.902  0.3499E+01  0.2594E+01
 -15.892  0.3491E+01  0.2629E+01
 -15.882  0.3482E+01  0.2663E+01
 -15.872  0.3472E+01  0.2698E+01
 -15.862  0.3462E+01  0.2733E+01
 -15.852  0.3450E+01  0.2767E+01
 -15.842  0.3437E+01  0.2802E+01
 -15.832  0.3423E+01  0.2836E+01
 -15.822  0.3408E+01  0.2870E+01
 -15.812  0.3393E+01  0.2904E+01
 -15.802  0.3376E+01  0.2938E+01
 -15.792  0.3358E+01  0.2971E+01
 -15.782  0.3340E+01  0.3005E+01
 -15.772  0.3320E+01  0.3038E+01
 -15.762  0.3301E+01  0.3071E+01
 -15.752  0.3280E+01  0.3104E+01
 -15.742  0.3259E+01  0.3136E+01
 -15.732  0.3238E+01  0.3169E+01
 -15.722  0.3216E+01  0.3201E+01
 -15.712  0.3194E+01  0.3233E+01
 -15.702  0.3172E+01  0.3264E+01
 -15.692  0.3151E+01  0.3296E+01
 -15.682  0.3129E+01  0.3327E+01
 -15.672  0.3108E+01  0.3358E+01
 -15.662  0.3087E+01  0.3389E+01
 -15.652  0.3066E+01  0.3420E+01
 -15.642  0.3047E+01  0.3450E+01
 -15.632  0.3028E+01  0.3481E+01
 -15.622  0.3010E+01  0.3511E+01
 -15.612  0.2993E+01  0.3541E+01
 -15.602  0.2978E+01  0.3570E+01
 -15.592  0.2964E+01  0.3600E+01
 -15.582  0.2951E+01  0.3630E+01
 -15.572  0.2939E+01  0.3659E+01
 -15.562  0.2930E+01  0.3688E+01
 -15.552  0.2921E+01  0.3718E+01
 -15.542  0.2915E+01  0.3747E+01
 -15.532  0.2911E+01  0.3776E+01
 -15.522  0.2908E+01  0.3805E+01
 -15.512  0.2907E+01  0.3834E+01
 -15.502  0.2908E+01  0.3863E+01
 -15.492  0.2911E+01  0.3892E+01
 -15.482  0.2916E+01  0.3921E+01
 -15.472  0.2923E+01  0.3950E+01
 -15.462  0.2932E+01  0.3980E+01
 -15.452  0.2943E+01  0.4009E+01
 -15.442  0.2955E+01  0.4039E+01
 -15.432  0.2970E+01  0.4068E+01
 -15.422  0.2986E+01  0.4098E+01
 -15.412  0.3004E+01  0.4128E+01
 -15.402  0.3023E+01  0.4159E+01
 -15.392  0.3044E+01  0.4189E+01
 -15.382  0.3067E+01  0.4220E+01
 -15.372  0.3091E+01  0.4251E+01
 -15.362  0.3116E+01  0.4282E+01
 -15.352  0.3142E+01  0.4313E+01
 -15.342  0.3170E+01  0.4345E+01
 -15.332  0.3199E+01  0.4377E+01
 -15.322  0.3229E+01  0.4409E+01
 -15.312  0.3260E+01  0.4442E+01
 -15.302  0.3291E+01  0.4475E+01
 -15.292  0.3324E+01  0.4508E+01
 -15.282  0.3357E+01  0.4541E+01
 -15.272  0.3391E+01  0.4575E+01
 -15.262  0.3426E+01  0.4610E+01
 -15.252  0.3462E+01  0.4644E+01
 -15.242  0.3499E+01  0.4679E+01
 -15.232  0.3536E+01  0.4715E+01
 -15.222  0.3575E+01  0.4750E+01
 -15.212  0.3615E+01  0.4787E+01
 -15.202  0.3655E+01  0.4823E+01
 -15.192  0.3697E+01  0.4860E+01
 -15.182  0.3741E+01  0.4897E+01
 -15.172  0.3786E+01  0.4935E+01
 -15.162  0.3833E+01  0.4974E+01
 -15.152  0.3881E+01  0.5012E+01
 -15.142  0.3932E+01  0.5052E+01
 -15.132  0.3986E+01  0.5092E+01
 -15.122  0.4042E+01  0.5132E+01
 -15.112  0.4101E+01  0.5173E+01
 -15.102  0.4163E+01  0.5215E+01
 -15.092  0.4229E+01  0.5257E+01
 -15.082  0.4298E+01  0.5300E+01
 -15.072  0.4371E+01  0.5344E+01
 -15.062  0.4449E+01  0.5388E+01
 -15.052  0.4531E+01  0.5433E+01
 -15.042  0.4619E+01  0.5480E+01
 -15.032  0.4711E+01  0.5527E+01
 -15.022  0.4808E+01  0.5575E+01
 -15.012  0.4911E+01  0.5624E+01
 -15.002  0.5019E+01  0.5674E+01
 -14.992  0.5133E+01  0.5725E+01
 -14.982  0.5253E+01  0.5778E+01
 -14.972  0.5379E+01  0.5832E+01
 -14.962  0.5511E+01  0.5887E+01
 -14.952  0.5648E+01  0.5943E+01
 -14.942  0.5792E+01  0.6001E+01
 -14.932  0.5941E+01  0.6061E+01
 -14.922  0.6095E+01  0.6122E+01
 -14.912  0.6254E+01  0.6184E+01
 -14.902  0.6419E+01  0.6248E+01
 -14.892  0.6588E+01  0.6314E+01
 -14.882  0.6761E+01  0.6382E+01
 -14.872  0.6937E+01  0.6451E+01
 -14.862  0.7117E+01  0.6522E+01
 -14.852  0.7299E+01  0.6595E+01
 -14.842  0.7483E+01  0.6670E+01
 -14.832  0.7668E+01  0.6747E+01
 -14.822  0.7853E+01  0.6825E+01
 -14.812  0.8038E+01  0.6906E+01
 -14.802  0.8222E+01  0.6988E+01
 -14.792  0.8404E+01  0.7072E+01
 -14.782  0.8583E+01  0.7158E+01
 -14.772  0.8759E+01  0.7246E+01
 -14.762  0.8929E+01  0.7335E+01
 -14.752  0.9094E+01  0.7426E+01
 -14.742  0.9253E+01  0.7518E+01
 -14.732  0.9404E+01  0.7612E+01
 -14.722  0.9547E+01  0.7708E+01
 -14.712  0.9680E+01  0.7805E+01
 -14.702  0.9804E+01  0.7903E+01
 -14.692  0.9917E+01  0.8002E+01
 -14.682  0.1002E+02  0.8102E+01
 -14.672  0.1011E+02  0.8203E+01
 -14.662  0.1018E+02  0.8305E+01
 -14.652  0.1025E+02  0.8407E+01
 -14.642  0.1030E+02  0.8510E+01
 -14.632  0.1033E+02  0.8614E+01
 -14.622  0.1035E+02  0.8717E+01
 -14.612  0.1035E+02  0.8821E+01
 -14.602  0.1034E+02  0.8924E+01
 -14.592  0.1032E+02  0.9027E+01
 -14.582  0.1028E+02  0.9130E+01
 -14.572  0.1022E+02  0.9232E+01
 -14.562  0.1015E+02  0.9334E+01
 -14.552  0.1006E+02  0.9434E+01
 -14.542  0.9957E+01  0.9534E+01
 -14.532  0.9841E+01  0.9632E+01
 -14.522  0.9710E+01  0.9729E+01
 -14.512  0.9566E+01  0.9825E+01
 -14.502  0.9409E+01  0.9919E+01
 -14.492  0.9239E+01  0.1001E+02
 -14.482  0.9058E+01  0.1010E+02
 -14.472  0.8866E+01  0.1019E+02
 -14.462  0.8665E+01  0.1028E+02
 -14.452  0.8453E+01  0.1036E+02
 -14.442  0.8234E+01  0.1044E+02
 -14.432  0.8007E+01  0.1052E+02
 -14.422  0.7774E+01  0.1060E+02
 -14.412  0.7535E+01  0.1068E+02
 -14.402  0.7291E+01  0.1075E+02
 -14.392  0.7043E+01  0.1082E+02
 -14.382  0.6793E+01  0.1089E+02
 -14.372  0.6540E+01  0.1095E+02
 -14.362  0.6287E+01  0.1102E+02
 -14.352  0.6033E+01  0.1108E+02
 -14.342  0.5780E+01  0.1114E+02
 -14.332  0.5528E+01  0.1119E+02
 -14.322  0.5279E+01  0.1124E+02
 -14.312  0.5032E+01  0.1129E+02
 -14.302  0.4789E+01  0.1134E+02
 -14.292  0.4550E+01  0.1139E+02
 -14.282  0.4315E+01  0.1143E+02
 -14.272  0.4086E+01  0.1147E+02
 -14.262  0.3862E+01  0.1151E+02
 -14.252  0.3645E+01  0.1155E+02
 -14.242  0.3434E+01  0.1158E+02
 -14.232  0.3230E+01  0.1161E+02
 -14.222  0.3033E+01  0.1164E+02
 -14.212  0.2843E+01  0.1167E+02
 -14.202  0.2660E+01  0.1170E+02
 -14.192  0.2485E+01  0.1172E+02
 -14.182  0.2318E+01  0.1175E+02
 -14.172  0.2158E+01  0.1177E+02
 -14.162  0.2006E+01  0.1179E+02
 -14.152  0.1861E+01  0.1181E+02
 -14.142  0.1724E+01  0.1182E+02
 -14.132  0.1595E+01  0.1184E+02
 -14.122  0.1472E+01  0.1185E+02
 -14.112  0.1357E+01  0.1187E+02
 -14.102  0.1249E+01  0.1188E+02
 -14.092  0.1147E+01  0.1189E+02
 -14.082  0.1052E+01  0.1190E+02
 -14.072  0.9629E+00  0.1191E+02
 -14.062  0.8800E+00  0.1192E+02
 -14.052  0.8029E+00  0.1193E+02
 -14.042  0.7314E+00  0.1194E+02
 -14.032  0.6650E+00  0.1194E+02
 -14.022  0.6037E+00  0.1195E+02
 -14.012  0.5471E+00  0.1195E+02
 -14.002  0.4950E+00  0.1196E+02
 -13.992  0.4470E+00  0.1196E+02
 -13.982  0.4031E+00  0.1197E+02
 -13.972  0.3628E+00  0.1197E+02
 -13.962  0.3260E+00  0.1197E+02
 -13.952  0.2925E+00  0.1198E+02
 -13.942  0.2619E+00  0.1198E+02
 -13.932  0.2342E+00  0.1198E+02
 -13.922  0.2090E+00  0.1198E+02
 -13.912  0.1862E+00  0.1199E+02
 -13.902  0.1657E+00  0.1199E+02
 -13.892  0.1471E+00  0.1199E+02
 -13.882  0.1304E+00  0.1199E+02
 -13.872  0.1154E+00  0.1199E+02
 -13.862  0.1020E+00  0.1199E+02
 -13.852  0.8994E-01  0.1199E+02
 -13.842  0.7920E-01  0.1199E+02
 -13.832  0.6961E-01  0.1200E+02
 -13.822  0.6109E-01  0.1200E+02
 -13.812  0.5352E-01  0.1200E+02
 -13.802  0.4681E-01  0.1200E+02
 -13.792  0.4087E-01  0.1200E+02
 -13.782  0.3562E-01  0.1200E+02
 -13.772  0.3099E-01  0.1200E+02
 -13.762  0.2692E-01  0.1200E+02
 -13.752  0.2335E-01  0.1200E+02
 -13.742  0.2021E-01  0.1200E+02
 -13.732  0.1747E-01  0.1200E+02
 -13.722  0.1507E-01  0.1200E+02
 -13.712  0.1298E-01  0.1200E+02
 -13.702  0.1116E-01  0.1200E+02
 -13.692  0.9582E-02  0.1200E+02
 -13.682  0.8212E-02  0.1200E+02
 -13.672  0.7025E-02  0.1200E+02
 -13.662  0.6000E-02  0.1200E+02
 -13.652  0.5115E-02  0.1200E+02
 -13.642  0.4354E-02  0.1200E+02
 -13.632  0.3700E-02  0.1200E+02
 -13.622  0.3138E-02  0.1200E+02
 -13.612  0.2658E-02  0.1200E+02
 -13.602  0.2247E-02  0.1200E+02
 -13.592  0.1896E-02  0.1200E+02
 -13.582  0.1598E-02  0.1200E+02
 -13.572  0.1344E-02  0.1200E+02
 -13.562  0.1128E-02  0.1200E+02
 -13.552  0.9459E-03  0.1200E+02
 -13.542  0.7915E-03  0.1200E+02
 -13.532  0.6613E-03  0.1200E+02
 -13.522  0.5515E-03  0.1200E+02
 -13.512  0.4592E-03  0.1200E+02
 -13.502  0.3817E-03  0.1200E+02
 -13.492  0.3167E-03  0.1200E+02
 -13.482  0.2623E-03  0.1200E+02
 -13.472  0.2169E-03  0.1200E+02
 -13.462  0.1791E-03  0.1200E+02
 -13.452  0.1476E-03  0.1200E+02
 -13.442  0.1214E-03  0.1200E+02
 -13.432  0.9974E-04  0.1200E+02
 -13.422  0.8178E-04  0.1200E+02
 -13.412  0.6694E-04  0.1200E+02
 -13.402  0.5470E-04  0.1200E+02
 -13.392  0.4463E-04  0.1200E+02
 -13.382  0.3634E-04  0.1200E+02
 -13.372  0.2955E-04  0.1200E+02
 -13.362  0.2398E-04  0.1200E+02
 -13.352  0.1943E-04  0.1200E+02
 -13.342  0.1572E-04  0.1200E+02
 -13.332  0.1269E-04  0.1200E+02
 -13.322  0.1023E-04  0.1200E+02
 -13.312  0.8234E-05  0.1200E+02
 -13.302  0.6615E-05  0.1200E+02
 -13.292  0.5306E-05  0.1200E+02
 -13.282  0.4248E-05  0.1200E+02
 -13.272  0.3396E-05  0.1200E+02
 -13.262  0.2710E-05  0.1200E+02
 -13.252  0.2158E-05  0.1200E+02
 -13.242  0.1717E-05  0.1200E+02
 -13.232  0.1363E-05  0.1200E+02
 -13.222  0.1080E-05  0.1200E+02
 -13.212  0.8545E-06  0.1200E+02
 -13.202  0.6750E-06  0.1200E+02
 -13.192  0.5322E-06  0.1200E+02
 -13.182  0.4189E-06  0.1200E+02
 -13.172  0.3292E-06  0.1200E+02
 -13.162  0.2583E-06  0.1200E+02
 -13.152  0.2023E-06  0.1200E+02
 -13.142  0.1581E-06  0.1200E+02
 -13.132  0.1234E-06  0.1200E+02
 -13.122  0.9618E-07  0.1200E+02
 -13.112  0.7481E-07  0.1200E+02
 -13.102  0.5809E-07  0.1200E+02
 -13.092  0.4503E-07  0.1200E+02
 -13.082  0.3485E-07  0.1200E+02
 -13.072  0.2693E-07  0.1200E+02
 -13.062  0.2077E-07  0.1200E+02
 -13.052  0.1599E-07  0.1200E+02
 -13.042  0.1229E-07  0.1200E+02
 -13.032  0.9431E-08  0.1200E+02
 -13.022  0.7224E-08  0.1200E+02
 -13.012  0.5525E-08  0.1200E+02
 -13.002  0.4218E-08  0.1200E+02
 -12.992  0.3214E-08  0.1200E+02
 -12.982  0.2446E-08  0.1200E+02
 -12.972  0.1858E-08  0.1200E+02
 -12.962  0.1408E-08  0.1200E+02
 -12.952  0.1066E-08  0.1200E+02
 -12.942  0.8057E-09  0.1200E+02
 -12.932  0.6078E-09  0.1200E+02
 -12.922  0.4577E-09  0.1200E+02
 -12.912  0.3441E-09  0.1200E+02
 -12.902  0.2583E-09  0.1200E+02
 -12.892  0.1935E-09  0.1200E+02
 -12.882  0.1447E-09  0.1200E+02
 -12.872  0.1081E-09  0.1200E+02
 -12.862  0.8057E-10  0.1200E+02
 -12.852  0.5996E-10  0.1200E+02
 -12.842  0.4454E-10  0.1200E+02
 -12.832  0.3304E-10  0.1200E+02
 -12.822  0.2446E-10  0.1200E+02
 -12.812  0.1808E-10  0.1200E+02
 -12.802  0.1334E-10  0.1200E+02
 -12.792  0.9826E-11  0.1200E+02
 -12.782  0.7225E-11  0.1200E+02
 -12.772  0.5304E-11  0.1200E+02
 -12.762  0.3887E-11  0.1200E+02
 -12.752  0.2844E-11  0.1200E+02
 -12.742  0.2077E-11  0.1200E+02
 -12.732  0.1514E-11  0.1200E+02
 -12.722  0.1102E-11  0.1200E+02
 -12.712  0.8009E-12  0.1200E+02
 -12.702  0.5810E-12  0.1200E+02
 -12.692  0.4207E-12  0.1200E+02
 -12.682  0.3042E-12  0.1200E+02
 -12.672  0.2195E-12  0.1200E+02
 -12.662  0.1582E-12  0.1200E+02
 -12.652  0.1137E-12  0.1200E+02
 -12.642  0.8167E-13  0.1200E+02
 -12.632  0.5854E-13  0.1200E+02
 -12.622  0.4189E-13  0.1200E+02
 -12.612  0.2993E-13  0.1200E+02
 -12.602  0.2134E-13  0.1200E+02
 -12.592  0.1519E-13  0.1200E+02
 -12.582  0.1080E-13  0.1200E+02
 -12.572  0.7661E-14  0.1200E+02
 -12.562  0.5426E-14  0.1200E+02
 -12.552  0.3837E-14  0.1200E+02
 -12.542  0.2708E-14  0.1200E+02
 -12.532  0.1908E-14  0.1200E+02
 -12.522  0.1343E-14  0.1200E+02
 -12.512  0.9428E-15  0.1200E+02
 -12.502  0.6610E-15  0.1200E+02
 -12.492  0.4626E-15  0.1200E+02
 -12.482  0.3232E-15  0.1200E+02
 -12.472  0.2255E-15  0.1200E+02
 -12.462  0.1570E-15  0.1200E+02
 -12.452  0.1091E-15  0.1200E+02
 -12.442  0.7573E-16  0.1200E+02
 -12.432  0.5246E-16  0.1200E+02
 -12.422  0.3628E-16  0.1200E+02
 -12.412  0.2505E-16  0.1200E+02
 -12.402  0.1726E-16  0.1200E+02
 -12.392  0.1188E-16  0.1200E+02
 -12.382  0.8159E-17  0.1200E+02
 -12.372  0.5595E-17  0.1200E+02
 -12.362  0.3830E-17  0.1200E+02
 -12.352  0.2617E-17  0.1200E+02
 -12.342  0.1785E-17  0.1200E+02
 -12.332  0.1216E-17  0.1200E+02
 -12.322  0.8267E-18  0.1200E+02
 -12.312  0.5611E-18  0.1200E+02
 -12.302  0.3802E-18  0.1200E+02
 -12.292  0.2572E-18  0.1200E+02
 -12.282  0.1736E-18  0.1200E+02
 -12.272  0.1171E-18  0.1200E+02
 -12.262  0.7877E-19  0.1200E+02
 -12.252  0.5292E-19  0.1200E+02
 -12.242  0.3549E-19  0.1200E+02
 -12.232  0.2376E-19  0.1200E+02
 -12.222  0.1588E-19  0.1200E+02
 -12.212  0.1060E-19  0.1200E+02
 -12.202  0.7059E-20  0.1200E+02
 -12.192  0.4694E-20  0.1200E+02
 -12.182  0.3116E-20  0.1200E+02
 -12.172  0.2065E-20  0.1200E+02
 -12.162  0.1366E-20  0.1200E+02
 -12.152  0.9022E-21  0.1200E+02
 -12.142  0.5948E-21  0.1200E+02
 -12.132  0.3915E-21  0.1200E+02
 -12.122  0.2572E-21  0.1200E+02
 -12.112  0.1687E-21  0.1200E+02
 -12.102  0.1105E-21  0.1200E+02
 -12.092  0.7223E-22  0.1200E+02
 -12.082  0.4714E-22  0.1200E+02
 -12.072  0.3071E-22  0.1200E+02
 -12.062  0.1997E-22  0.1200E+02
 -12.052  0.1297E-22  0.1200E+02
 -12.042  0.8405E-23  0.1200E+02
 -12.032  0.5438E-23  0.1200E+02
 -12.022  0.3513E-23  0.1200E+02
 -12.012  0.2265E-23  0.1200E+02
 -12.002  0.1458E-23  0.1200E+02
 -11.992  0.9371E-24  0.1200E+02
 -11.982  0.6012E-24  0.1200E+02
 -11.972  0.3850E-24  0.1200E+02
 -11.962  0.2462E-24  0.1200E+02
 -11.952  0.1571E-24  0.1200E+02
 -11.942  0.1001E-24  0.1200E+02
 -11.932  0.6368E-25  0.1200E+02
 -11.922  0.4044E-25  0.1200E+02
 -11.912  0.2563E-25  0.1200E+02
 -11.902  0.1622E-25  0.1200E+02
 -11.892  0.1025E-25  0.1200E+02
 -11.882  0.6464E-26  0.1200E+02
 -11.872  0.4070E-26  0.1200E+02
 -11.862  0.2558E-26  0.1200E+02
 -11.852  0.1605E-26  0.1200E+02
 -11.842  0.1005E-26  0.1200E+02
 -11.832  0.6287E-27  0.1200E+02
 -11.822  0.3924E-27  0.1200E+02
 -11.812  0.2446E-27  0.1200E+02
 -11.802  0.1521E-27  0.1200E+02
 -11.792  0.9449E-28  0.1200E+02
 -11.782  0.5859E-28  0.1200E+02
 -11.772  0.3626E-28  0.1200E+02
 -11.762  0.2241E-28  0.1200E+02
 -11.752  0.1382E-28  0.1200E+02
 -11.742  0.8510E-29  0.1200E+02
 -11.732  0.5232E-29  0.1200E+02
 -11.722  0.3210E-29  0.1200E+02
 -11.712  0.1967E-29  0.1200E+02
 -11.702  0.1203E-29  0.1200E+02
 -11.692  0.7344E-30  0.1200E+02
 -11.682  0.4476E-30  0.1200E+02
 -11.672  0.2724E-30  0.1200E+02
 -11.662  0.1654E-30  0.1200E+02
 -11.652  0.1003E-30  0.1200E+02
 -11.642  0.6073E-31  0.1200E+02
 -11.632  0.3670E-31  0.1200E+02
 -11.622  0.2214E-31  0.1200E+02
 -11.612  0.1333E-31  0.1200E+02
 -11.602  0.8016E-32  0.1200E+02
 -11.592  0.4811E-32  0.1200E+02
 -11.582  0.2883E-32  0.1200E+02
 -11.572  0.1724E-32  0.1200E+02
 -11.562  0.1030E-32  0.1200E+02
 -11.552  0.6138E-33  0.1200E+02
 -11.542  0.3653E-33  0.1200E+02
 -11.532  0.2170E-33  0.1200E+02
 -11.522  0.1287E-33  0.1200E+02
 -11.512  0.7619E-34  0.1200E+02
 -11.502  0.4503E-34  0.1200E+02
 -11.492  0.2657E-34  0.1200E+02
 -11.482  0.1565E-34  0.1200E+02
 -11.472  0.9202E-35  0.1200E+02
 -11.462  0.5402E-35  0.1200E+02
 -11.452  0.3165E-35  0.1200E+02
 -11.442  0.1852E-35  0.1200E+02
 -11.432  0.1081E-35  0.1200E+02
 -11.422  0.6305E-36  0.1200E+02
 -11.412  0.3669E-36  0.1200E+02
 -11.402  0.2132E-36  0.1200E+02
 -11.392  0.1237E-36  0.1200E+02
 -11.382  0.7160E-37  0.1200E+02
 -11.372  0.4139E-37  0.1200E+02
 -11.362  0.2388E-37  0.1200E+02
 -11.352  0.1376E-37  0.1200E+02
 -11.342  0.7913E-38  0.1200E+02
 -11.332  0.4543E-38  0.1200E+02
 -11.322  0.2603E-38  0.1200E+02
 -11.312  0.1490E-38  0.1200E+02
 -11.302  0.8508E-39  0.1200E+02
 -11.292  0.4851E-39  0.1200E+02
 -11.282  0.2761E-39  0.1200E+02
 -11.272  0.1569E-39  0.1200E+02
 -11.262  0.8901E-40  0.1200E+02
 -11.252  0.5041E-40  0.1200E+02
 -11.242  0.2850E-40  0.1200E+02
 -11.232  0.1608E-40  0.1200E+02
 -11.222  0.9061E-41  0.1200E+02
 -11.212  0.5096E-41  0.1200E+02
 -11.202  0.2861E-41  0.1200E+02
 -11.192  0.1604E-41  0.1200E+02
 -11.182  0.8975E-42  0.1200E+02
 -11.172  0.5013E-42  0.1200E+02
 -11.162  0.2796E-42  0.1200E+02
 -11.152  0.1556E-42  0.1200E+02
 -11.142  0.8650E-43  0.1200E+02
 -11.132  0.4799E-43  0.1200E+02
 -11.122  0.2658E-43  0.1200E+02
 -11.112  0.1469E-43  0.1200E+02
 -11.102  0.8111E-44  0.1200E+02
 -11.092  0.4469E-44  0.1200E+02
 -11.082  0.2458E-44  0.1200E+02
 -11.072  0.1350E-44  0.1200E+02
 -11.062  0.7400E-45  0.1200E+02
 -11.052  0.4050E-45  0.1200E+02
 -11.042  0.2213E-45  0.1200E+02
 -11.032  0.1207E-45  0.1200E+02
 -11.022  0.6570E-46  0.1200E+02
 -11.012  0.3571E-46  0.1200E+02
 -11.002  0.1938E-46  0.1200E+02
 -10.992  0.1049E-46  0.1200E+02
 -10.982  0.5675E-47  0.1200E+02
 -10.972  0.3063E-47  0.1200E+02
 -10.962  0.1651E-47  0.1200E+02
 -10.952  0.8881E-48  0.1200E+02
 -10.942  0.4770E-48  0.1200E+02
 -10.932  0.2557E-48  0.1200E+02
 -10.922  0.1369E-48  0.1200E+02
 -10.912  0.7312E-49  0.1200E+02
 -10.902  0.3900E-49  0.1200E+02
 -10.892  0.2077E-49  0.1200E+02
 -10.882  0.1104E-49  0.1200E+02
 -10.872  0.5858E-50  0.1200E+02
 -10.862  0.3103E-50  0.1200E+02
 -10.852  0.1641E-50  0.1200E+02
 -10.842  0.8664E-51  0.1200E+02
 -10.832  0.4566E-51  0.1200E+02
 -10.822  0.2402E-51  0.1200E+02
 -10.812  0.1262E-51  0.1200E+02
 -10.802  0.6616E-52  0.1200E+02
 -10.792  0.3463E-52  0.1200E+02
 -10.782  0.1810E-52  0.1200E+02
 -10.772  0.9440E-53  0.1200E+02
 -10.762  0.4916E-53  0.1200E+02
 -10.752  0.2556E-53  0.1200E+02
 -10.742  0.1326E-53  0.1200E+02
 -10.732  0.6871E-54  0.1200E+02
 -10.722  0.3554E-54  0.1200E+02
 -10.712  0.1835E-54  0.1200E+02
 -10.702  0.9457E-55  0.1200E+02
 -10.692  0.4866E-55  0.1200E+02
 -10.682  0.2500E-55  0.1200E+02
 -10.672  0.1282E-55  0.1200E+02
 -10.662  0.6562E-56  0.1200E+02
 -10.652  0.3353E-56  0.1200E+02
 -10.642  0.1711E-56  0.1200E+02
 -10.632  0.8717E-57  0.1200E+02
 -10.622  0.4440E-57  0.1200E+02
 -10.612  0.2269E-57  0.1200E+02
 -10.602  0.1180E-57  0.1200E+02
 -10.592  0.6576E-58  0.1200E+02
 -10.582  0.4520E-58  0.1200E+02
 -10.572  0.4645E-58  0.1200E+02
 -10.562  0.7000E-58  0.1200E+02
 -10.552  0.1268E-57  0.1200E+02
 -10.542  0.2436E-57  0.1200E+02
 -10.532  0.4747E-57  0.1200E+02
 -10.522  0.9272E-57  0.1200E+02
 -10.512  0.1810E-56  0.1200E+02
 -10.502  0.3529E-56  0.1200E+02
 -10.492  0.6867E-56  0.1200E+02
 -10.482  0.1334E-55  0.1200E+02
 -10.472  0.2588E-55  0.1200E+02
 -10.462  0.5010E-55  0.1200E+02
 -10.452  0.9684E-55  0.1200E+02
 -10.442  0.1868E-54  0.1200E+02
 -10.432  0.3599E-54  0.1200E+02
 -10.422  0.6920E-54  0.1200E+02
 -10.412  0.1328E-53  0.1200E+02
 -10.402  0.2545E-53  0.1200E+02
 -10.392  0.4868E-53  0.1200E+02
 -10.382  0.9296E-53  0.1200E+02
 -10.372  0.1772E-52  0.1200E+02
 -10.362  0.3372E-52  0.1200E+02
 -10.352  0.6406E-52  0.1200E+02
 -10.342  0.1215E-51  0.1200E+02
 -10.332  0.2300E-51  0.1200E+02
 -10.322  0.4346E-51  0.1200E+02
 -10.312  0.8200E-51  0.1200E+02
 -10.302  0.1544E-50  0.1200E+02
 -10.292  0.2903E-50  0.1200E+02
 -10.282  0.5449E-50  0.1200E+02
 -10.272  0.1021E-49  0.1200E+02
 -10.262  0.1910E-49  0.1200E+02
 -10.252  0.3565E-49  0.1200E+02
 -10.242  0.6645E-49  0.1200E+02
 -10.232  0.1236E-48  0.1200E+02
 -10.222  0.2297E-48  0.1200E+02
 -10.212  0.4259E-48  0.1200E+02
 -10.202  0.7883E-48  0.1200E+02
 -10.192  0.1457E-47  0.1200E+02
 -10.182  0.2687E-47  0.1200E+02
 -10.172  0.4948E-47  0.1200E+02
 -10.162  0.9096E-47  0.1200E+02
 -10.152  0.1669E-46  0.1200E+02
 -10.142  0.3058E-46  0.1200E+02
 -10.132  0.5592E-46  0.1200E+02
 -10.122  0.1021E-45  0.1200E+02
 -10.112  0.1861E-45  0.1200E+02
 -10.102  0.3385E-45  0.1200E+02
 -10.092  0.6148E-45  0.1200E+02
 -10.082  0.1115E-44  0.1200E+02
 -10.072  0.2017E-44  0.1200E+02
 -10.062  0.3645E-44  0.1200E+02
 -10.052  0.6575E-44  0.1200E+02
 -10.042  0.1184E-43  0.1200E+02
 -10.032  0.2128E-43  0.1200E+02
 -10.022  0.3818E-43  0.1200E+02
 -10.012  0.6839E-43  0.1200E+02
 -10.002  0.1223E-42  0.1200E+02
  -9.992  0.2183E-42  0.1200E+02
  -9.982  0.3890E-42  0.1200E+02
  -9.972  0.6920E-42  0.1200E+02
  -9.962  0.1229E-41  0.1200E+02
  -9.952  0.2178E-41  0.1200E+02
  -9.942  0.3855E-41  0.1200E+02
  -9.932  0.6811E-41  0.1200E+02
  -9.922  0.1201E-40  0.1200E+02
  -9.912  0.2115E-40  0.1200E+02
  -9.902  0.3716E-40  0.1200E+02
  -9.892  0.6520E-40  0.1200E+02
  -9.882  0.1142E-39  0.1200E+02
  -9.872  0.1997E-39  0.1200E+02
  -9.862  0.3485E-39  0.1200E+02
  -9.852  0.6072E-39  0.1200E+02
  -9.842  0.1056E-38  0.1200E+02
  -9.832  0.1834E-38  0.1200E+02
  -9.822  0.3179E-38  0.1200E+02
  -9.812  0.5500E-38  0.1200E+02
  -9.802  0.9501E-38  0.1200E+02
  -9.792  0.1638E-37  0.1200E+02
  -9.782  0.2820E-37  0.1200E+02
  -9.772  0.4847E-37  0.1200E+02
  -9.762  0.8314E-37  0.1200E+02
  -9.752  0.1424E-36  0.1200E+02
  -9.742  0.2434E-36  0.1200E+02
  -9.732  0.4154E-36  0.1200E+02
  -9.722  0.7077E-36  0.1200E+02
  -9.712  0.1204E-35  0.1200E+02
  -9.702  0.2043E-35  0.1200E+02
  -9.692  0.3463E-35  0.1200E+02
  -9.682  0.5860E-35  0.1200E+02
  -9.672  0.9897E-35  0.1200E+02
  -9.662  0.1669E-34  0.1200E+02
  -9.652  0.2809E-34  0.1200E+02
  -9.642  0.4719E-34  0.1200E+02
  -9.632  0.7916E-34  0.1200E+02
  -9.622  0.1326E-33  0.1200E+02
  -9.612  0.2216E-33  0.1200E+02
  -9.602  0.3697E-33  0.1200E+02
  -9.592  0.6159E-33  0.1200E+02
  -9.582  0.1024E-32  0.1200E+02
  -9.572  0.1700E-32  0.1200E+02
  -9.562  0.2818E-32  0.1200E+02
  -9.552  0.4661E-32  0.1200E+02
  -9.542  0.7698E-32  0.1200E+02
  -9.532  0.1269E-31  0.1200E+02
  -9.522  0.2089E-31  0.1200E+02
  -9.512  0.3431E-31  0.1200E+02
  -9.502  0.5628E-31  0.1200E+02
  -9.492  0.9214E-31  0.1200E+02
  -9.482  0.1506E-30  0.1200E+02
  -9.472  0.2457E-30  0.1200E+02
  -9.462  0.4002E-30  0.1200E+02
  -9.452  0.6507E-30  0.1200E+02
  -9.442  0.1056E-29  0.1200E+02
  -9.432  0.1711E-29  0.1200E+02
  -9.422  0.2768E-29  0.1200E+02
  -9.412  0.4470E-29  0.1200E+02
  -9.402  0.7206E-29  0.1200E+02
  -9.392  0.1160E-28  0.1200E+02
  -9.382  0.1863E-28  0.1200E+02
  -9.372  0.2987E-28  0.1200E+02
  -9.362  0.4782E-28  0.1200E+02
  -9.352  0.7642E-28  0.1200E+02
  -9.342  0.1219E-27  0.1200E+02
  -9.332  0.1942E-27  0.1200E+02
  -9.322  0.3087E-27  0.1200E+02
  -9.312  0.4899E-27  0.1200E+02
  -9.302  0.7762E-27  0.1200E+02
  -9.292  0.1228E-26  0.1200E+02
  -9.282  0.1938E-26  0.1200E+02
  -9.272  0.3055E-26  0.1200E+02
  -9.262  0.4807E-26  0.1200E+02
  -9.252  0.7550E-26  0.1200E+02
  -9.242  0.1184E-25  0.1200E+02
  -9.232  0.1853E-25  0.1200E+02
  -9.222  0.2896E-25  0.1200E+02
  -9.212  0.4517E-25  0.1200E+02
  -9.202  0.7034E-25  0.1200E+02
  -9.192  0.1093E-24  0.1200E+02
  -9.182  0.1697E-24  0.1200E+02
  -9.172  0.2628E-24  0.1200E+02
  -9.162  0.4065E-24  0.1200E+02
  -9.152  0.6275E-24  0.1200E+02
  -9.142  0.9671E-24  0.1200E+02
  -9.132  0.1488E-23  0.1200E+02
  -9.122  0.2285E-23  0.1200E+02
  -9.112  0.3503E-23  0.1200E+02
  -9.102  0.5362E-23  0.1200E+02
  -9.092  0.8192E-23  0.1200E+02
  -9.082  0.1250E-22  0.1200E+02
  -9.072  0.1902E-22  0.1200E+02
  -9.062  0.2892E-22  0.1200E+02
  -9.052  0.4388E-22  0.1200E+02
  -9.042  0.6646E-22  0.1200E+02
  -9.032  0.1005E-21  0.1200E+02
  -9.022  0.1517E-21  0.1200E+02
  -9.012  0.2286E-21  0.1200E+02
  -9.002  0.3439E-21  0.1200E+02
  -8.992  0.5164E-21  0.1200E+02
  -8.982  0.7741E-21  0.1200E+02
  -8.972  0.1158E-20  0.1200E+02
  -8.962  0.1731E-20  0.1200E+02
  -8.952  0.2581E-20  0.1200E+02
  -8.942  0.3842E-20  0.1200E+02
  -8.932  0.5710E-20  0.1200E+02
  -8.922  0.8472E-20  0.1200E+02
  -8.912  0.1255E-19  0.1200E+02
  -8.902  0.1855E-19  0.1200E+02
  -8.892  0.2738E-19  0.1200E+02
  -8.882  0.4034E-19  0.1200E+02
  -8.872  0.5934E-19  0.1200E+02
  -8.862  0.8713E-19  0.1200E+02
  -8.852  0.1277E-18  0.1200E+02
  -8.842  0.1869E-18  0.1200E+02
  -8.832  0.2730E-18  0.1200E+02
  -8.822  0.3980E-18  0.1200E+02
  -8.812  0.5794E-18  0.1200E+02
  -8.802  0.8420E-18  0.1200E+02
  -8.792  0.1221E-17  0.1200E+02
  -8.782  0.1769E-17  0.1200E+02
  -8.772  0.2557E-17  0.1200E+02
  -8.762  0.3690E-17  0.1200E+02
  -8.752  0.5316E-17  0.1200E+02
  -8.742  0.7645E-17  0.1200E+02
  -8.732  0.1098E-16  0.1200E+02
  -8.722  0.1573E-16  0.1200E+02
  -8.712  0.2251E-16  0.1200E+02
  -8.702  0.3215E-16  0.1200E+02
  -8.692  0.4583E-16  0.1200E+02
  -8.682  0.6524E-16  0.1200E+02
  -8.672  0.9269E-16  0.1200E+02
  -8.662  0.1315E-15  0.1200E+02
  -8.652  0.1862E-15  0.1200E+02
  -8.642  0.2631E-15  0.1200E+02
  -8.632  0.3713E-15  0.1200E+02
  -8.622  0.5231E-15  0.1200E+02
  -8.612  0.7355E-15  0.1200E+02
  -8.602  0.1033E-14  0.1200E+02
  -8.592  0.1447E-14  0.1200E+02
  -8.582  0.2024E-14  0.1200E+02
  -8.572  0.2827E-14  0.1200E+02
  -8.562  0.3941E-14  0.1200E+02
  -8.552  0.5484E-14  0.1200E+02
  -8.542  0.7619E-14  0.1200E+02
  -8.532  0.1057E-13  0.1200E+02
  -8.522  0.1463E-13  0.1200E+02
  -8.512  0.2022E-13  0.1200E+02
  -8.502  0.2790E-13  0.1200E+02
  -8.492  0.3843E-13  0.1200E+02
  -8.482  0.5283E-13  0.1200E+02
  -8.472  0.7252E-13  0.1200E+02
  -8.462  0.9937E-13  0.1200E+02
  -8.452  0.1359E-12  0.1200E+02
  -8.442  0.1856E-12  0.1200E+02
  -8.432  0.2530E-12  0.1200E+02
  -8.422  0.3443E-12  0.1200E+02
  -8.412  0.4676E-12  0.1200E+02
  -8.402  0.6342E-12  0.1200E+02
  -8.392  0.8585E-12  0.1200E+02
  -8.382  0.1160E-11  0.1200E+02
  -8.372  0.1565E-11  0.1200E+02
  -8.362  0.2108E-11  0.1200E+02
  -8.352  0.2834E-11  0.1200E+02
  -8.342  0.3803E-11  0.1200E+02
  -8.332  0.5095E-11  0.1200E+02
  -8.322  0.6815E-11  0.1200E+02
  -8.312  0.9098E-11  0.1200E+02
  -8.302  0.1213E-10  0.1200E+02
  -8.292  0.1613E-10  0.1200E+02
  -8.282  0.2143E-10  0.1200E+02
  -8.272  0.2842E-10  0.1200E+02
  -8.262  0.3761E-10  0.1200E+02
  -8.252  0.4970E-10  0.1200E+02
  -8.242  0.6556E-10  0.1200E+02
  -8.232  0.8633E-10  0.1200E+02
  -8.222  0.1135E-09  0.1200E+02
  -8.212  0.1489E-09  0.1200E+02
  -8.202  0.1951E-09  0.1200E+02
  -8.192  0.2551E-09  0.1200E+02
  -8.182  0.3330E-09  0.1200E+02
  -8.172  0.4340E-09  0.1200E+02
  -8.162  0.5646E-09  0.1200E+02
  -8.152  0.7333E-09  0.1200E+02
  -8.142  0.9507E-09  0.1200E+02
  -8.132  0.1230E-08  0.1200E+02
  -8.122  0.1590E-08  0.1200E+02
  -8.112  0.2050E-08  0.1200E+02
  -8.102  0.2640E-08  0.1200E+02
  -8.092  0.3393E-08  0.1200E+02
  -8.082  0.4354E-08  0.1200E+02
  -8.072  0.5577E-08  0.1200E+02
  -8.062  0.7131E-08  0.1200E+02
  -8.052  0.9102E-08  0.1200E+02
  -8.042  0.1160E-07  0.1200E+02
  -8.032  0.1475E-07  0.1200E+02
  -8.022  0.1874E-07  0.1200E+02
  -8.012  0.2375E-07  0.1200E+02
  -8.002  0.3005E-07  0.1200E+02
  -7.992  0.3797E-07  0.1200E+02
  -7.982  0.4788E-07  0.1200E+02
  -7.972  0.6028E-07  0.1200E+02
  -7.962  0.7576E-07  0.1200E+02
  -7.952  0.9504E-07  0.1200E+02
  -7.942  0.1190E-06  0.1200E+02
  -7.932  0.1488E-06  0.1200E+02
  -7.922  0.1857E-06  0.1200E+02
  -7.912  0.2314E-06  0.1200E+02
  -7.902  0.2878E-06  0.1200E+02
  -7.892  0.3574E-06  0.1200E+02
  -7.882  0.4430E-06  0.1200E+02
  -7.872  0.5481E-06  0.1200E+02
  -7.862  0.6771E-06  0.1200E+02
  -7.852  0.8349E-06  0.1200E+02
  -7.842  0.1028E-05  0.1200E+02
  -7.832  0.1263E-05  0.1200E+02
  -7.822  0.1549E-05  0.1200E+02
  -7.812  0.1897E-05  0.1200E+02
  -7.802  0.2319E-05  0.1200E+02
  -7.792  0.2830E-05  0.1200E+02
  -7.782  0.3448E-05  0.1200E+02
  -7.772  0.4193E-05  0.1200E+02
  -7.762  0.5091E-05  0.1200E+02
  -7.752  0.6170E-05  0.1200E+02
  -7.742  0.7464E-05  0.1200E+02
  -7.732  0.9015E-05  0.1200E+02
  -7.722  0.1087E-04  0.1200E+02
  -7.712  0.1308E-04  0.1200E+02
  -7.702  0.1572E-04  0.1200E+02
  -7.692  0.1885E-04  0.1200E+02
  -7.682  0.2258E-04  0.1200E+02
  -7.672  0.2698E-04  0.1200E+02
  -7.662  0.3220E-04  0.1200E+02
  -7.652  0.3835E-04  0.1200E+02
  -7.642  0.4561E-04  0.1200E+02
  -7.632  0.5414E-04  0.1200E+02
  -7.622  0.6416E-04  0.1200E+02
  -7.612  0.7590E-04  0.1200E+02
  -7.602  0.8963E-04  0.1200E+02
  -7.592  0.1057E-03  0.1200E+02
  -7.582  0.1243E-03  0.1200E+02
  -7.572  0.1461E-03  0.1200E+02
  -7.562  0.1713E-03  0.1200E+02
  -7.552  0.2006E-03  0.1200E+02
  -7.542  0.2344E-03  0.1200E+02
  -7.532  0.2735E-03  0.1200E+02
  -7.522  0.3186E-03  0.1200E+02
  -7.512  0.3704E-03  0.1200E+02
  -7.502  0.4299E-03  0.1200E+02
  -7.492  0.4981E-03  0.1200E+02
  -7.482  0.5762E-03  0.1200E+02
  -7.472  0.6653E-03  0.1200E+02
  -7.462  0.7669E-03  0.1200E+02
  -7.452  0.8825E-03  0.1200E+02
  -7.442  0.1014E-02  0.1200E+02
  -7.432  0.1163E-02  0.1200E+02
  -7.422  0.1331E-02  0.1200E+02
  -7.412  0.1521E-02  0.1200E+02
  -7.402  0.1735E-02  0.1200E+02
  -7.392  0.1976E-02  0.1200E+02
  -7.382  0.2246E-02  0.1200E+02
  -7.372  0.2549E-02  0.1200E+02
  -7.362  0.2888E-02  0.1200E+02
  -7.352  0.3266E-02  0.1200E+02
  -7.342  0.3688E-02  0.1200E+02
  -7.332  0.4157E-02  0.1200E+02
  -7.322  0.4677E-02  0.1200E+02
  -7.312  0.5253E-02  0.1200E+02
  -7.302  0.5890E-02  0.1200E+02
  -7.292  0.6593E-02  0.1200E+02
  -7.282  0.7367E-02  0.1200E+02
  -7.272  0.8218E-02  0.1200E+02
  -7.262  0.9151E-02  0.1200E+02
  -7.252  0.1017E-01  0.1200E+02
  -7.242  0.1129E-01  0.1200E+02
  -7.232  0.1251E-01  0.1200E+02
  -7.222  0.1383E-01  0.1200E+02
  -7.212  0.1527E-01  0.1200E+02
  -7.202  0.1683E-01  0.1200E+02
  -7.192  0.1851E-01  0.1200E+02
  -7.182  0.2033E-01  0.1200E+02
  -7.172  0.2229E-01  0.1200E+02
  -7.162  0.2440E-01  0.1200E+02
  -7.152  0.2666E-01  0.1200E+02
  -7.142  0.2908E-01  0.1200E+02
  -7.132  0.3166E-01  0.1200E+02
  -7.122  0.3442E-01  0.1200E+02
  -7.112  0.3735E-01  0.1200E+02
  -7.102  0.4046E-01  0.1200E+02
  -7.092  0.4376E-01  0.1200E+02
  -7.082  0.4724E-01  0.1201E+02
  -7.072  0.5092E-01  0.1201E+02
  -7.062  0.5478E-01  0.1201E+02
  -7.052  0.5884E-01  0.1201E+02
  -7.042  0.6310E-01  0.1201E+02
  -7.032  0.6754E-01  0.1201E+02
  -7.022  0.7218E-01  0.1201E+02
  -7.012  0.7701E-01  0.1201E+02
  -7.002  0.8202E-01  0.1201E+02
  -6.992  0.8721E-01  0.1201E+02
  -6.982  0.9257E-01  0.1201E+02
  -6.972  0.9810E-01  0.1201E+02
  -6.962  0.1038E+00  0.1201E+02
  -6.952  0.1096E+00  0.1202E+02
  -6.942  0.1156E+00  0.1202E+02
  -6.932  0.1217E+00  0.1202E+02
  -6.922  0.1279E+00  0.1202E+02
  -6.912  0.1342E+00  0.1202E+02
  -6.902  0.1407E+00  0.1202E+02
  -6.892  0.1471E+00  0.1202E+02
  -6.882  0.1537E+00  0.1202E+02
  -6.872  0.1603E+00  0.1203E+02
  -6.862  0.1669E+00  0.1203E+02
  -6.852  0.1735E+00  0.1203E+02
  -6.842  0.1801E+00  0.1203E+02
  -6.832  0.1867E+00  0.1203E+02
  -6.822  0.1933E+00  0.1204E+02
  -6.812  0.1998E+00  0.1204E+02
  -6.802  0.2063E+00  0.1204E+02
  -6.792  0.2127E+00  0.1204E+02
  -6.782  0.2191E+00  0.1204E+02
  -6.772  0.2253E+00  0.1205E+02
  -6.762  0.2315E+00  0.1205E+02
  -6.752  0.2376E+00  0.1205E+02
  -6.742  0.2436E+00  0.1205E+02
  -6.732  0.2495E+00  0.1206E+02
  -6.722  0.2553E+00  0.1206E+02
  -6.712  0.2611E+00  0.1206E+02
  -6.702  0.2668E+00  0.1206E+02
  -6.692  0.2725E+00  0.1207E+02
  -6.682  0.2782E+00  0.1207E+02
  -6.672  0.2838E+00  0.1207E+02
  -6.662  0.2895E+00  0.1207E+02
  -6.652  0.2953E+00  0.1208E+02
  -6.642  0.3012E+00  0.1208E+02
  -6.632  0.3072E+00  0.1208E+02
  -6.622  0.3134E+00  0.1209E+02
  -6.612  0.3199E+00  0.1209E+02
  -6.602  0.3266E+00  0.1209E+02
  -6.592  0.3338E+00  0.1210E+02
  -6.582  0.3413E+00  0.1210E+02
  -6.572  0.3493E+00  0.1210E+02
  -6.562  0.3578E+00  0.1211E+02
  -6.552  0.3670E+00  0.1211E+02
  -6.542  0.3768E+00  0.1211E+02
  -6.532  0.3874E+00  0.1212E+02
  -6.522  0.3988E+00  0.1212E+02
  -6.512  0.4111E+00  0.1213E+02
  -6.502  0.4243E+00  0.1213E+02
  -6.492  0.4386E+00  0.1214E+02
  -6.482  0.4541E+00  0.1214E+02
  -6.472  0.4707E+00  0.1214E+02
  -6.462  0.4886E+00  0.1215E+02
  -6.452  0.5077E+00  0.1215E+02
  -6.442  0.5283E+00  0.1216E+02
  -6.432  0.5503E+00  0.1217E+02
  -6.422  0.5738E+00  0.1217E+02
  -6.412  0.5988E+00  0.1218E+02
  -6.402  0.6254E+00  0.1218E+02
  -6.392  0.6536E+00  0.1219E+02
  -6.382  0.6834E+00  0.1220E+02
  -6.372  0.7148E+00  0.1220E+02
  -6.362  0.7480E+00  0.1221E+02
  -6.352  0.7827E+00  0.1222E+02
  -6.342  0.8191E+00  0.1223E+02
  -6.332  0.8572E+00  0.1224E+02
  -6.322  0.8968E+00  0.1224E+02
  -6.312  0.9380E+00  0.1225E+02
  -6.302  0.9807E+00  0.1226E+02
  -6.292  0.1025E+01  0.1227E+02
  -6.282  0.1070E+01  0.1229E+02
  -6.272  0.1117E+01  0.1230E+02
  -6.262  0.1165E+01  0.1231E+02
  -6.252  0.1214E+01  0.1232E+02
  -6.242  0.1264E+01  0.1233E+02
  -6.232  0.1315E+01  0.1235E+02
  -6.222  0.1367E+01  0.1236E+02
  -6.212  0.1419E+01  0.1237E+02
  -6.202  0.1472E+01  0.1239E+02
  -6.192  0.1525E+01  0.1240E+02
  -6.182  0.1579E+01  0.1242E+02
  -6.172  0.1632E+01  0.1244E+02
  -6.162  0.1685E+01  0.1245E+02
  -6.152  0.1738E+01  0.1247E+02
  -6.142  0.1791E+01  0.1249E+02
  -6.132  0.1842E+01  0.1251E+02
  -6.122  0.1893E+01  0.1253E+02
  -6.112  0.1943E+01  0.1254E+02
  -6.102  0.1992E+01  0.1256E+02
  -6.092  0.2040E+01  0.1259E+02
  -6.082  0.2086E+01  0.1261E+02
  -6.072  0.2131E+01  0.1263E+02
  -6.062  0.2173E+01  0.1265E+02
  -6.052  0.2214E+01  0.1267E+02
  -6.042  0.2253E+01  0.1269E+02
  -6.032  0.2290E+01  0.1272E+02
  -6.022  0.2325E+01  0.1274E+02
  -6.012  0.2357E+01  0.1276E+02
  -6.002  0.2387E+01  0.1279E+02
  -5.992  0.2414E+01  0.1281E+02
  -5.982  0.2439E+01  0.1284E+02
  -5.972  0.2461E+01  0.1286E+02
  -5.962  0.2480E+01  0.1289E+02
  -5.952  0.2497E+01  0.1291E+02
  -5.942  0.2511E+01  0.1294E+02
  -5.932  0.2522E+01  0.1296E+02
  -5.922  0.2530E+01  0.1299E+02
  -5.912  0.2536E+01  0.1301E+02
  -5.902  0.2538E+01  0.1304E+02
  -5.892  0.2539E+01  0.1306E+02
  -5.882  0.2536E+01  0.1309E+02
  -5.872  0.2531E+01  0.1311E+02
  -5.862  0.2523E+01  0.1314E+02
  -5.852  0.2513E+01  0.1316E+02
  -5.842  0.2500E+01  0.1319E+02
  -5.832  0.2485E+01  0.1321E+02
  -5.822  0.2468E+01  0.1324E+02
  -5.812  0.2449E+01  0.1326E+02
  -5.802  0.2427E+01  0.1329E+02
  -5.792  0.2404E+01  0.1331E+02
  -5.782  0.2379E+01  0.1333E+02
  -5.772  0.2352E+01  0.1336E+02
  -5.762  0.2324E+01  0.1338E+02
  -5.752  0.2294E+01  0.1340E+02
  -5.742  0.2262E+01  0.1343E+02
  -5.732  0.2230E+01  0.1345E+02
  -5.722  0.2196E+01  0.1347E+02
  -5.712  0.2162E+01  0.1349E+02
  -5.702  0.2126E+01  0.1351E+02
  -5.692  0.2090E+01  0.1353E+02
  -5.682  0.2053E+01  0.1355E+02
  -5.672  0.2016E+01  0.1358E+02
  -5.662  0.1978E+01  0.1359E+02
  -5.652  0.1940E+01  0.1361E+02
  -5.642  0.1901E+01  0.1363E+02
  -5.632  0.1863E+01  0.1365E+02
  -5.622  0.1825E+01  0.1367E+02
  -5.612  0.1787E+01  0.1369E+02
  -5.602  0.1749E+01  0.1371E+02
  -5.592  0.1711E+01  0.1372E+02
  -5.582  0.1674E+01  0.1374E+02
  -5.572  0.1638E+01  0.1376E+02
  -5.562  0.1602E+01  0.1377E+02
  -5.552  0.1567E+01  0.1379E+02
  -5.542  0.1532E+01  0.1380E+02
  -5.532  0.1499E+01  0.1382E+02
  -5.522  0.1466E+01  0.1383E+02
  -5.512  0.1434E+01  0.1385E+02
  -5.502  0.1403E+01  0.1386E+02
  -5.492  0.1374E+01  0.1387E+02
  -5.482  0.1345E+01  0.1389E+02
  -5.472  0.1318E+01  0.1390E+02
  -5.462  0.1292E+01  0.1391E+02
  -5.452  0.1267E+01  0.1393E+02
  -5.442  0.1244E+01  0.1394E+02
  -5.432  0.1221E+01  0.1395E+02
  -5.422  0.1201E+01  0.1396E+02
  -5.412  0.1181E+01  0.1398E+02
  -5.402  0.1163E+01  0.1399E+02
  -5.392  0.1146E+01  0.1400E+02
  -5.382  0.1131E+01  0.1401E+02
  -5.372  0.1117E+01  0.1402E+02
  -5.362  0.1104E+01  0.1403E+02
  -5.352  0.1093E+01  0.1404E+02
  -5.342  0.1083E+01  0.1405E+02
  -5.332  0.1074E+01  0.1406E+02
  -5.322  0.1067E+01  0.1407E+02
  -5.312  0.1060E+01  0.1409E+02
  -5.302  0.1056E+01  0.1410E+02
  -5.292  0.1052E+01  0.1411E+02
  -5.282  0.1050E+01  0.1412E+02
  -5.272  0.1048E+01  0.1413E+02
  -5.262  0.1048E+01  0.1414E+02
  -5.252  0.1049E+01  0.1415E+02
  -5.242  0.1051E+01  0.1416E+02
  -5.232  0.1054E+01  0.1417E+02
  -5.222  0.1058E+01  0.1418E+02
  -5.212  0.1063E+01  0.1419E+02
  -5.202  0.1068E+01  0.1420E+02
  -5.192  0.1075E+01  0.1421E+02
  -5.182  0.1082E+01  0.1422E+02
  -5.172  0.1091E+01  0.1423E+02
  -5.162  0.1100E+01  0.1424E+02
  -5.152  0.1109E+01  0.1426E+02
  -5.142  0.1120E+01  0.1427E+02
  -5.132  0.1131E+01  0.1428E+02
  -5.122  0.1143E+01  0.1429E+02
  -5.112  0.1156E+01  0.1430E+02
  -5.102  0.1169E+01  0.1431E+02
  -5.092  0.1183E+01  0.1433E+02
  -5.082  0.1198E+01  0.1434E+02
  -5.072  0.1213E+01  0.1435E+02
  -5.062  0.1229E+01  0.1436E+02
  -5.052  0.1245E+01  0.1437E+02
  -5.042  0.1263E+01  0.1439E+02
  -5.032  0.1281E+01  0.1440E+02
  -5.022  0.1299E+01  0.1441E+02
  -5.012  0.1319E+01  0.1443E+02
  -5.002  0.1339E+01  0.1444E+02
  -4.992  0.1360E+01  0.1445E+02
  -4.982  0.1381E+01  0.1447E+02
  -4.972  0.1403E+01  0.1448E+02
  -4.962  0.1426E+01  0.1449E+02
  -4.952  0.1449E+01  0.1451E+02
  -4.942  0.1474E+01  0.1452E+02
  -4.932  0.1498E+01  0.1454E+02
  -4.922  0.1524E+01  0.1455E+02
  -4.912  0.1550E+01  0.1457E+02
  -4.902  0.1576E+01  0.1459E+02
  -4.892  0.1603E+01  0.1460E+02
  -4.882  0.1630E+01  0.1462E+02
  -4.872  0.1658E+01  0.1463E+02
  -4.862  0.1686E+01  0.1465E+02
  -4.852  0.1715E+01  0.1467E+02
  -4.842  0.1743E+01  0.1469E+02
  -4.832  0.1772E+01  0.1470E+02
  -4.822  0.1801E+01  0.1472E+02
  -4.812  0.1829E+01  0.1474E+02
  -4.802  0.1857E+01  0.1476E+02
  -4.792  0.1885E+01  0.1478E+02
  -4.782  0.1913E+01  0.1480E+02
  -4.772  0.1940E+01  0.1482E+02
  -4.762  0.1967E+01  0.1484E+02
  -4.752  0.1993E+01  0.1486E+02
  -4.742  0.2018E+01  0.1488E+02
  -4.732  0.2042E+01  0.1490E+02
  -4.722  0.2065E+01  0.1492E+02
  -4.712  0.2087E+01  0.1494E+02
  -4.702  0.2107E+01  0.1496E+02
  -4.692  0.2127E+01  0.1498E+02
  -4.682  0.2145E+01  0.1500E+02
  -4.672  0.2161E+01  0.1502E+02
  -4.662  0.2176E+01  0.1504E+02
  -4.652  0.2189E+01  0.1507E+02
  -4.642  0.2201E+01  0.1509E+02
  -4.632  0.2210E+01  0.1511E+02
  -4.622  0.2218E+01  0.1513E+02
  -4.612  0.2225E+01  0.1515E+02
  -4.602  0.2229E+01  0.1518E+02
  -4.592  0.2232E+01  0.1520E+02
  -4.582  0.2233E+01  0.1522E+02
  -4.572  0.2232E+01  0.1524E+02
  -4.562  0.2229E+01  0.1527E+02
  -4.552  0.2225E+01  0.1529E+02
  -4.542  0.2219E+01  0.1531E+02
  -4.532  0.2211E+01  0.1533E+02
  -4.522  0.2202E+01  0.1536E+02
  -4.512  0.2191E+01  0.1538E+02
  -4.502  0.2179E+01  0.1540E+02
  -4.492  0.2166E+01  0.1542E+02
  -4.482  0.2151E+01  0.1544E+02
  -4.472  0.2135E+01  0.1546E+02
  -4.462  0.2119E+01  0.1548E+02
  -4.452  0.2101E+01  0.1551E+02
  -4.442  0.2083E+01  0.1553E+02
  -4.432  0.2064E+01  0.1555E+02
  -4.422  0.2045E+01  0.1557E+02
  -4.412  0.2025E+01  0.1559E+02
  -4.402  0.2005E+01  0.1561E+02
  -4.392  0.1984E+01  0.1563E+02
  -4.382  0.1964E+01  0.1565E+02
  -4.372  0.1943E+01  0.1567E+02
  -4.362  0.1923E+01  0.1569E+02
  -4.352  0.1902E+01  0.1570E+02
  -4.342  0.1882E+01  0.1572E+02
  -4.332  0.1863E+01  0.1574E+02
  -4.322  0.1843E+01  0.1576E+02
  -4.312  0.1825E+01  0.1578E+02
  -4.302  0.1806E+01  0.1580E+02
  -4.292  0.1789E+01  0.1581E+02
  -4.282  0.1772E+01  0.1583E+02
  -4.272  0.1756E+01  0.1585E+02
  -4.262  0.1741E+01  0.1587E+02
  -4.252  0.1726E+01  0.1588E+02
  -4.242  0.1712E+01  0.1590E+02
  -4.232  0.1699E+01  0.1592E+02
  -4.222  0.1688E+01  0.1594E+02
  -4.212  0.1676E+01  0.1595E+02
  -4.202  0.1666E+01  0.1597E+02
  -4.192  0.1657E+01  0.1599E+02
  -4.182  0.1649E+01  0.1600E+02
  -4.172  0.1641E+01  0.1602E+02
  -4.162  0.1635E+01  0.1604E+02
  -4.152  0.1630E+01  0.1605E+02
  -4.142  0.1625E+01  0.1607E+02
  -4.132  0.1621E+01  0.1608E+02
  -4.122  0.1619E+01  0.1610E+02
  -4.112  0.1617E+01  0.1612E+02
  -4.102  0.1616E+01  0.1613E+02
  -4.092  0.1616E+01  0.1615E+02
  -4.082  0.1617E+01  0.1616E+02
  -4.072  0.1618E+01  0.1618E+02
  -4.062  0.1621E+01  0.1620E+02
  -4.052  0.1624E+01  0.1621E+02
  -4.042  0.1628E+01  0.1623E+02
  -4.032  0.1632E+01  0.1625E+02
  -4.022  0.1638E+01  0.1626E+02
  -4.012  0.1644E+01  0.1628E+02
  -4.002  0.1651E+01  0.1630E+02
  -3.992  0.1658E+01  0.1631E+02
  -3.982  0.1666E+01  0.1633E+02
  -3.972  0.1675E+01  0.1635E+02
  -3.962  0.1684E+01  0.1636E+02
  -3.952  0.1693E+01  0.1638E+02
  -3.942  0.1703E+01  0.1640E+02
  -3.932  0.1714E+01  0.1641E+02
  -3.922  0.1724E+01  0.1643E+02
  -3.912  0.1735E+01  0.1645E+02
  -3.902  0.1746E+01  0.1647E+02
  -3.892  0.1757E+01  0.1648E+02
  -3.882  0.1768E+01  0.1650E+02
  -3.872  0.1779E+01  0.1652E+02
  -3.862  0.1790E+01  0.1654E+02
  -3.852  0.1801E+01  0.1655E+02
  -3.842  0.1812E+01  0.1657E+02
  -3.832  0.1822E+01  0.1659E+02
  -3.822  0.1832E+01  0.1661E+02
  -3.812  0.1841E+01  0.1663E+02
  -3.802  0.1850E+01  0.1665E+02
  -3.792  0.1858E+01  0.1666E+02
  -3.782  0.1866E+01  0.1668E+02
  -3.772  0.1873E+01  0.1670E+02
  -3.762  0.1880E+01  0.1672E+02
  -3.752  0.1885E+01  0.1674E+02
  -3.742  0.1890E+01  0.1676E+02
  -3.732  0.1894E+01  0.1678E+02
  -3.722  0.1897E+01  0.1680E+02
  -3.712  0.1899E+01  0.1682E+02
  -3.702  0.1901E+01  0.1683E+02
  -3.692  0.1902E+01  0.1685E+02
  -3.682  0.1902E+01  0.1687E+02
  -3.672  0.1901E+01  0.1689E+02
  -3.662  0.1900E+01  0.1691E+02
  -3.652  0.1898E+01  0.1693E+02
  -3.642  0.1895E+01  0.1695E+02
  -3.632  0.1893E+01  0.1697E+02
  -3.622  0.1889E+01  0.1699E+02
  -3.612  0.1886E+01  0.1700E+02
  -3.602  0.1883E+01  0.1702E+02
  -3.592  0.1879E+01  0.1704E+02
  -3.582  0.1876E+01  0.1706E+02
  -3.572  0.1873E+01  0.1708E+02
  -3.562  0.1871E+01  0.1710E+02
  -3.552  0.1869E+01  0.1712E+02
  -3.542  0.1868E+01  0.1714E+02
  -3.532  0.1868E+01  0.1715E+02
  -3.522  0.1869E+01  0.1717E+02
  -3.512  0.1872E+01  0.1719E+02
  -3.502  0.1876E+01  0.1721E+02
  -3.492  0.1882E+01  0.1723E+02
  -3.482  0.1889E+01  0.1725E+02
  -3.472  0.1899E+01  0.1727E+02
  -3.462  0.1911E+01  0.1729E+02
  -3.452  0.1925E+01  0.1731E+02
  -3.442  0.1942E+01  0.1733E+02
  -3.432  0.1962E+01  0.1734E+02
  -3.422  0.1984E+01  0.1736E+02
  -3.412  0.2010E+01  0.1738E+02
  -3.402  0.2038E+01  0.1741E+02
  -3.392  0.2070E+01  0.1743E+02
  -3.382  0.2105E+01  0.1745E+02
  -3.372  0.2144E+01  0.1747E+02
  -3.362  0.2186E+01  0.1749E+02
  -3.352  0.2231E+01  0.1751E+02
  -3.342  0.2281E+01  0.1754E+02
  -3.332  0.2333E+01  0.1756E+02
  -3.322  0.2390E+01  0.1758E+02
  -3.312  0.2450E+01  0.1761E+02
  -3.302  0.2513E+01  0.1763E+02
  -3.292  0.2580E+01  0.1766E+02
  -3.282  0.2651E+01  0.1768E+02
  -3.272  0.2725E+01  0.1771E+02
  -3.262  0.2802E+01  0.1774E+02
  -3.252  0.2883E+01  0.1777E+02
  -3.242  0.2967E+01  0.1780E+02
  -3.232  0.3053E+01  0.1783E+02
  -3.222  0.3143E+01  0.1786E+02
  -3.212  0.3235E+01  0.1789E+02
  -3.202  0.3330E+01  0.1793E+02
  -3.192  0.3427E+01  0.1796E+02
  -3.182  0.3526E+01  0.1800E+02
  -3.172  0.3627E+01  0.1803E+02
  -3.162  0.3729E+01  0.1807E+02
  -3.152  0.3833E+01  0.1811E+02
  -3.142  0.3938E+01  0.1815E+02
  -3.132  0.4044E+01  0.1819E+02
  -3.122  0.4151E+01  0.1823E+02
  -3.112  0.4258E+01  0.1827E+02
  -3.102  0.4365E+01  0.1832E+02
  -3.092  0.4472E+01  0.1836E+02
  -3.082  0.4578E+01  0.1841E+02
  -3.072  0.4683E+01  0.1845E+02
  -3.062  0.4788E+01  0.1850E+02
  -3.052  0.4891E+01  0.1855E+02
  -3.042  0.4993E+01  0.1860E+02
  -3.032  0.5092E+01  0.1865E+02
  -3.022  0.5190E+01  0.1870E+02
  -3.012  0.5285E+01  0.1875E+02
  -3.002  0.5378E+01  0.1881E+02
  -2.992  0.5468E+01  0.1886E+02
  -2.982  0.5555E+01  0.1892E+02
  -2.972  0.5639E+01  0.1898E+02
  -2.962  0.5720E+01  0.1903E+02
  -2.952  0.5796E+01  0.1909E+02
  -2.942  0.5870E+01  0.1915E+02
  -2.932  0.5939E+01  0.1921E+02
  -2.922  0.6005E+01  0.1927E+02
  -2.912  0.6067E+01  0.1933E+02
  -2.902  0.6125E+01  0.1939E+02
  -2.892  0.6178E+01  0.1945E+02
  -2.882  0.6228E+01  0.1951E+02
  -2.872  0.6274E+01  0.1958E+02
  -2.862  0.6315E+01  0.1964E+02
  -2.852  0.6353E+01  0.1970E+02
  -2.842  0.6386E+01  0.1977E+02
  -2.832  0.6416E+01  0.1983E+02
  -2.822  0.6441E+01  0.1990E+02
  -2.812  0.6463E+01  0.1996E+02
  -2.802  0.6481E+01  0.2003E+02
  -2.792  0.6496E+01  0.2009E+02
  -2.782  0.6507E+01  0.2016E+02
  -2.772  0.6515E+01  0.2022E+02
  -2.762  0.6519E+01  0.2029E+02
  -2.752  0.6521E+01  0.2035E+02
  -2.742  0.6519E+01  0.2042E+02
  -2.732  0.6515E+01  0.2048E+02
  -2.722  0.6508E+01  0.2055E+02
  -2.712  0.6498E+01  0.2061E+02
  -2.702  0.6486E+01  0.2068E+02
  -2.692  0.6472E+01  0.2074E+02
  -2.682  0.6455E+01  0.2081E+02
  -2.672  0.6436E+01  0.2087E+02
  -2.662  0.6415E+01  0.2093E+02
  -2.652  0.6392E+01  0.2100E+02
  -2.642  0.6368E+01  0.2106E+02
  -2.632  0.6341E+01  0.2113E+02
  -2.622  0.6313E+01  0.2119E+02
  -2.612  0.6282E+01  0.2125E+02
  -2.602  0.6250E+01  0.2131E+02
  -2.592  0.6217E+01  0.2138E+02
  -2.582  0.6181E+01  0.2144E+02
  -2.572  0.6144E+01  0.2150E+02
  -2.562  0.6105E+01  0.2156E+02
  -2.552  0.6064E+01  0.2162E+02
  -2.542  0.6022E+01  0.2168E+02
  -2.532  0.5977E+01  0.2174E+02
  -2.522  0.5931E+01  0.2180E+02
  -2.512  0.5882E+01  0.2186E+02
  -2.502  0.5832E+01  0.2192E+02
  -2.492  0.5779E+01  0.2198E+02
  -2.482  0.5725E+01  0.2203E+02
  -2.472  0.5668E+01  0.2209E+02
  -2.462  0.5609E+01  0.2215E+02
  -2.452  0.5547E+01  0.2220E+02
  -2.442  0.5484E+01  0.2226E+02
  -2.432  0.5418E+01  0.2231E+02
  -2.422  0.5349E+01  0.2236E+02
  -2.412  0.5279E+01  0.2242E+02
  -2.402  0.5206E+01  0.2247E+02
  -2.392  0.5130E+01  0.2252E+02
  -2.382  0.5052E+01  0.2257E+02
  -2.372  0.4972E+01  0.2262E+02
  -2.362  0.4890E+01  0.2267E+02
  -2.352  0.4805E+01  0.2272E+02
  -2.342  0.4718E+01  0.2276E+02
  -2.332  0.4629E+01  0.2281E+02
  -2.322  0.4538E+01  0.2286E+02
  -2.312  0.4445E+01  0.2290E+02
  -2.302  0.4351E+01  0.2294E+02
  -2.292  0.4254E+01  0.2299E+02
  -2.282  0.4156E+01  0.2303E+02
  -2.272  0.4057E+01  0.2307E+02
  -2.262  0.3957E+01  0.2311E+02
  -2.252  0.3855E+01  0.2315E+02
  -2.242  0.3753E+01  0.2318E+02
  -2.232  0.3649E+01  0.2322E+02
  -2.222  0.3546E+01  0.2326E+02
  -2.212  0.3441E+01  0.2329E+02
  -2.202  0.3337E+01  0.2332E+02
  -2.192  0.3233E+01  0.2336E+02
  -2.182  0.3128E+01  0.2339E+02
  -2.172  0.3024E+01  0.2342E+02
  -2.162  0.2921E+01  0.2345E+02
  -2.152  0.2818E+01  0.2347E+02
  -2.142  0.2716E+01  0.2350E+02
  -2.132  0.2615E+01  0.2353E+02
  -2.122  0.2516E+01  0.2355E+02
  -2.112  0.2417E+01  0.2358E+02
  -2.102  0.2320E+01  0.2360E+02
  -2.092  0.2225E+01  0.2362E+02
  -2.082  0.2131E+01  0.2364E+02
  -2.072  0.2039E+01  0.2366E+02
  -2.062  0.1949E+01  0.2368E+02
  -2.052  0.1862E+01  0.2370E+02
  -2.042  0.1776E+01  0.2372E+02
  -2.032  0.1692E+01  0.2374E+02
  -2.022  0.1611E+01  0.2375E+02
  -2.012  0.1532E+01  0.2377E+02
  -2.002  0.1456E+01  0.2378E+02
  -1.992  0.1382E+01  0.2380E+02
  -1.982  0.1310E+01  0.2381E+02
  -1.972  0.1241E+01  0.2382E+02
  -1.962  0.1174E+01  0.2383E+02
  -1.952  0.1110E+01  0.2385E+02
  -1.942  0.1048E+01  0.2386E+02
  -1.932  0.9888E+00  0.2387E+02
  -1.922  0.9319E+00  0.2388E+02
  -1.912  0.8774E+00  0.2388E+02
  -1.902  0.8253E+00  0.2389E+02
  -1.892  0.7755E+00  0.2390E+02
  -1.882  0.7280E+00  0.2391E+02
  -1.872  0.6828E+00  0.2391E+02
  -1.862  0.6397E+00  0.2392E+02
  -1.852  0.5988E+00  0.2393E+02
  -1.842  0.5599E+00  0.2393E+02
  -1.832  0.5231E+00  0.2394E+02
  -1.822  0.4882E+00  0.2394E+02
  -1.812  0.4552E+00  0.2395E+02
  -1.802  0.4240E+00  0.2395E+02
  -1.792  0.3946E+00  0.2395E+02
  -1.782  0.3668E+00  0.2396E+02
  -1.772  0.3407E+00  0.2396E+02
  -1.762  0.3161E+00  0.2396E+02
  -1.752  0.2930E+00  0.2397E+02
  -1.742  0.2714E+00  0.2397E+02
  -1.732  0.2511E+00  0.2397E+02
  -1.722  0.2320E+00  0.2398E+02
  -1.712  0.2142E+00  0.2398E+02
  -1.702  0.1976E+00  0.2398E+02
  -1.692  0.1821E+00  0.2398E+02
  -1.682  0.1676E+00  0.2398E+02
  -1.672  0.1542E+00  0.2398E+02
  -1.662  0.1416E+00  0.2399E+02
  -1.652  0.1300E+00  0.2399E+02
  -1.642  0.1192E+00  0.2399E+02
  -1.632  0.1092E+00  0.2399E+02
  -1.622  0.9996E-01  0.2399E+02
  -1.612  0.9141E-01  0.2399E+02
  -1.602  0.8352E-01  0.2399E+02
  -1.592  0.7626E-01  0.2399E+02
  -1.582  0.6958E-01  0.2399E+02
  -1.572  0.6346E-01  0.2399E+02
  -1.562  0.5785E-01  0.2400E+02
  -1.552  0.5273E-01  0.2400E+02
  -1.542  0.4807E-01  0.2400E+02
  -1.532  0.4385E-01  0.2400E+02
  -1.522  0.4003E-01  0.2400E+02
  -1.512  0.3660E-01  0.2400E+02
  -1.502  0.3354E-01  0.2400E+02
  -1.492  0.3082E-01  0.2400E+02
  -1.482  0.2845E-01  0.2400E+02
  -1.472  0.2639E-01  0.2400E+02
  -1.462  0.2464E-01  0.2400E+02
  -1.452  0.2320E-01  0.2400E+02
  -1.442  0.2205E-01  0.2400E+02
  -1.432  0.2120E-01  0.2400E+02
  -1.422  0.2063E-01  0.2400E+02
  -1.412  0.2036E-01  0.2400E+02
  -1.402  0.2039E-01  0.2400E+02
  -1.392  0.2072E-01  0.2400E+02
  -1.382  0.2136E-01  0.2400E+02
  -1.372  0.2232E-01  0.2400E+02
  -1.362  0.2363E-01  0.2400E+02
  -1.352  0.2530E-01  0.2400E+02
  -1.342  0.2734E-01  0.2400E+02
  -1.332  0.2979E-01  0.2400E+02
  -1.322  0.3267E-01  0.2400E+02
  -1.312  0.3601E-01  0.2400E+02
  -1.302  0.3985E-01  0.2400E+02
  -1.292  0.4422E-01  0.2400E+02
  -1.282  0.4917E-01  0.2400E+02
  -1.272  0.5474E-01  0.2400E+02
  -1.262  0.6098E-01  0.2400E+02
  -1.252  0.6795E-01  0.2401E+02
  -1.242  0.7569E-01  0.2401E+02
  -1.232  0.8427E-01  0.2401E+02
  -1.222  0.9375E-01  0.2401E+02
  -1.212  0.1042E+00  0.2401E+02
  -1.202  0.1157E+00  0.2401E+02
  -1.192  0.1283E+00  0.2401E+02
  -1.182  0.1421E+00  0.2401E+02
  -1.172  0.1571E+00  0.2401E+02
  -1.162  0.1736E+00  0.2402E+02
  -1.152  0.1914E+00  0.2402E+02
  -1.142  0.2108E+00  0.2402E+02
  -1.132  0.2318E+00  0.2402E+02
  -1.122  0.2545E+00  0.2403E+02
  -1.112  0.2790E+00  0.2403E+02
  -1.102  0.3053E+00  0.2403E+02
  -1.092  0.3337E+00  0.2403E+02
  -1.082  0.3642E+00  0.2404E+02
  -1.072  0.3968E+00  0.2404E+02
  -1.062  0.4316E+00  0.2405E+02
  -1.052  0.4689E+00  0.2405E+02
  -1.042  0.5085E+00  0.2406E+02
  -1.032  0.5507E+00  0.2406E+02
  -1.022  0.5955E+00  0.2407E+02
  -1.012  0.6429E+00  0.2407E+02
  -1.002  0.6931E+00  0.2408E+02
  -0.992  0.7461E+00  0.2409E+02
  -0.982  0.8020E+00  0.2410E+02
  -0.972  0.8607E+00  0.2410E+02
  -0.962  0.9224E+00  0.2411E+02
  -0.952  0.9871E+00  0.2412E+02
  -0.942  0.1055E+01  0.2413E+02
  -0.932  0.1126E+01  0.2415E+02
  -0.922  0.1199E+01  0.2416E+02
  -0.912  0.1276E+01  0.2417E+02
  -0.902  0.1356E+01  0.2418E+02
  -0.892  0.1439E+01  0.2420E+02
  -0.882  0.1525E+01  0.2421E+02
  -0.872  0.1613E+01  0.2423E+02
  -0.862  0.1705E+01  0.2425E+02
  -0.852  0.1799E+01  0.2426E+02
  -0.842  0.1896E+01  0.2428E+02
  -0.832  0.1995E+01  0.2430E+02
  -0.822  0.2098E+01  0.2432E+02
  -0.812  0.2202E+01  0.2435E+02
  -0.802  0.2309E+01  0.2437E+02
  -0.792  0.2417E+01  0.2439E+02
  -0.782  0.2528E+01  0.2442E+02
  -0.772  0.2641E+01  0.2445E+02
  -0.762  0.2755E+01  0.2447E+02
  -0.752  0.2871E+01  0.2450E+02
  -0.742  0.2988E+01  0.2453E+02
  -0.732  0.3106E+01  0.2456E+02
  -0.722  0.3225E+01  0.2460E+02
  -0.712  0.3345E+01  0.2463E+02
  -0.702  0.3466E+01  0.2466E+02
  -0.692  0.3587E+01  0.2470E+02
  -0.682  0.3708E+01  0.2474E+02
  -0.672  0.3829E+01  0.2477E+02
  -0.662  0.3950E+01  0.2481E+02
  -0.652  0.4071E+01  0.2485E+02
  -0.642  0.4191E+01  0.2490E+02
  -0.632  0.4310E+01  0.2494E+02
  -0.622  0.4429E+01  0.2498E+02
  -0.612  0.4546E+01  0.2503E+02
  -0.602  0.4661E+01  0.2508E+02
  -0.592  0.4776E+01  0.2512E+02
  -0.582  0.4888E+01  0.2517E+02
  -0.572  0.4999E+01  0.2522E+02
  -0.562  0.5108E+01  0.2527E+02
  -0.552  0.5214E+01  0.2533E+02
  -0.542  0.5319E+01  0.2538E+02
  -0.532  0.5420E+01  0.2543E+02
  -0.522  0.5519E+01  0.2549E+02
  -0.512  0.5616E+01  0.2554E+02
  -0.502  0.5709E+01  0.2560E+02
  -0.492  0.5800E+01  0.2566E+02
  -0.482  0.5887E+01  0.2572E+02
  -0.472  0.5972E+01  0.2578E+02
  -0.462  0.6052E+01  0.2584E+02
  -0.452  0.6130E+01  0.2590E+02
  -0.442  0.6204E+01  0.2596E+02
  -0.432  0.6275E+01  0.2603E+02
  -0.422  0.6342E+01  0.2609E+02
  -0.412  0.6405E+01  0.2615E+02
  -0.402  0.6465E+01  0.2622E+02
  -0.392  0.6521E+01  0.2628E+02
  -0.382  0.6574E+01  0.2635E+02
  -0.372  0.6623E+01  0.2641E+02
  -0.362  0.6668E+01  0.2648E+02
  -0.352  0.6709E+01  0.2655E+02
  -0.342  0.6747E+01  0.2662E+02
  -0.332  0.6781E+01  0.2668E+02
  -0.322  0.6812E+01  0.2675E+02
  -0.312  0.6839E+01  0.2682E+02
  -0.302  0.6863E+01  0.2689E+02
  -0.292  0.6883E+01  0.2696E+02
  -0.282  0.6900E+01  0.2703E+02
  -0.272  0.6914E+01  0.2710E+02
  -0.262  0.6925E+01  0.2716E+02
  -0.252  0.6933E+01  0.2723E+02
  -0.242  0.6939E+01  0.2730E+02
  -0.232  0.6941E+01  0.2737E+02
  -0.222  0.6941E+01  0.2744E+02
  -0.212  0.6939E+01  0.2751E+02
  -0.202  0.6934E+01  0.2758E+02
  -0.192  0.6928E+01  0.2765E+02
  -0.182  0.6919E+01  0.2772E+02
  -0.172  0.6909E+01  0.2779E+02
  -0.162  0.6897E+01  0.2786E+02
  -0.152  0.6884E+01  0.2793E+02
  -0.142  0.6870E+01  0.2800E+02
  -0.132  0.6854E+01  0.2806E+02
  -0.122  0.6838E+01  0.2813E+02
  -0.112  0.6821E+01  0.2820E+02
  -0.102  0.6803E+01  0.2827E+02
  -0.092  0.6785E+01  0.2834E+02
  -0.082  0.6766E+01  0.2840E+02
  -0.072  0.6748E+01  0.2847E+02
  -0.062  0.6730E+01  0.2854E+02
  -0.052  0.6711E+01  0.2861E+02
  -0.042  0.6694E+01  0.2867E+02
  -0.032  0.6676E+01  0.2874E+02
  -0.022  0.6659E+01  0.2881E+02
  -0.012  0.6643E+01  0.2887E+02
  -0.002  0.6627E+01  0.2894E+02
   0.008  0.6613E+01  0.2900E+02
   0.018  0.6599E+01  0.2907E+02
   0.028  0.6586E+01  0.2914E+02
   0.038  0.6575E+01  0.2920E+02
   0.048  0.6564E+01  0.2927E+02
   0.058  0.6555E+01  0.2933E+02
   0.068  0.6547E+01  0.2940E+02
   0.078  0.6540E+01  0.2946E+02
   0.088  0.6534E+01  0.2953E+02
   0.098  0.6530E+01  0.2960E+02
   0.108  0.6527E+01  0.2966E+02
   0.118  0.6526E+01  0.2973E+02
   0.128  0.6526E+01  0.2979E+02
   0.138  0.6527E+01  0.2986E+02
   0.148  0.6530E+01  0.2992E+02
   0.158  0.6534E+01  0.2999E+02
   0.168  0.6539E+01  0.3005E+02
   0.178  0.6546E+01  0.3012E+02
   0.188  0.6554E+01  0.3018E+02
   0.198  0.6563E+01  0.3025E+02
   0.208  0.6573E+01  0.3031E+02
   0.218  0.6585E+01  0.3038E+02
   0.228  0.6598E+01  0.3045E+02
   0.238  0.6611E+01  0.3051E+02
   0.248  0.6626E+01  0.3058E+02
   0.258  0.6642E+01  0.3065E+02
   0.268  0.6658E+01  0.3071E+02
   0.278  0.6676E+01  0.3078E+02
   0.288  0.6694E+01  0.3085E+02
   0.298  0.6713E+01  0.3091E+02
   0.308  0.6732E+01  0.3098E+02
   0.318  0.6752E+01  0.3105E+02
   0.328  0.6773E+01  0.3112E+02
   0.338  0.6793E+01  0.3118E+02
   0.348  0.6814E+01  0.3125E+02
   0.358  0.6835E+01  0.3132E+02
   0.368  0.6856E+01  0.3139E+02
   0.378  0.6877E+01  0.3146E+02
   0.388  0.6898E+01  0.3153E+02
   0.398  0.6918E+01  0.3160E+02
   0.408  0.6938E+01  0.3166E+02
   0.418  0.6958E+01  0.3173E+02
   0.428  0.6977E+01  0.3180E+02
   0.438  0.6995E+01  0.3187E+02
   0.448  0.7012E+01  0.3194E+02
   0.458  0.7029E+01  0.3201E+02
   0.468  0.7045E+01  0.3208E+02
   0.478  0.7060E+01  0.3216E+02
   0.488  0.7073E+01  0.3223E+02
   0.498  0.7086E+01  0.3230E+02
   0.508  0.7098E+01  0.3237E+02
   0.518  0.7108E+01  0.3244E+02
   0.528  0.7118E+01  0.3251E+02
   0.538  0.7126E+01  0.3258E+02
   0.548  0.7133E+01  0.3265E+02
   0.558  0.7139E+01  0.3272E+02
   0.568  0.7144E+01  0.3280E+02
   0.578  0.7148E+01  0.3287E+02
   0.588  0.7152E+01  0.3294E+02
   0.598  0.7154E+01  0.3301E+02
   0.608  0.7155E+01  0.3308E+02
   0.618  0.7156E+01  0.3315E+02
   0.628  0.7156E+01  0.3322E+02
   0.638  0.7156E+01  0.3330E+02
   0.648  0.7156E+01  0.3337E+02
   0.658  0.7155E+01  0.3344E+02
   0.668  0.7154E+01  0.3351E+02
   0.678  0.7153E+01  0.3358E+02
   0.688  0.7152E+01  0.3365E+02
   0.698  0.7152E+01  0.3373E+02
   0.708  0.7152E+01  0.3380E+02
   0.718  0.7152E+01  0.3387E+02
   0.728  0.7153E+01  0.3394E+02
   0.738  0.7155E+01  0.3401E+02
   0.748  0.7157E+01  0.3408E+02
   0.758  0.7161E+01  0.3415E+02
   0.768  0.7166E+01  0.3423E+02
   0.778  0.7171E+01  0.3430E+02
   0.788  0.7178E+01  0.3437E+02
   0.798  0.7186E+01  0.3444E+02
   0.808  0.7195E+01  0.3451E+02
   0.818  0.7206E+01  0.3459E+02
   0.828  0.7217E+01  0.3466E+02
   0.838  0.7230E+01  0.3473E+02
   0.848  0.7245E+01  0.3480E+02
   0.858  0.7260E+01  0.3488E+02
   0.868  0.7276E+01  0.3495E+02
   0.878  0.7294E+01  0.3502E+02
   0.888  0.7313E+01  0.3509E+02
   0.898  0.7333E+01  0.3517E+02
   0.908  0.7353E+01  0.3524E+02
   0.918  0.7375E+01  0.3531E+02
   0.928  0.7397E+01  0.3539E+02
   0.938  0.7420E+01  0.3546E+02
   0.948  0.7443E+01  0.3554E+02
   0.958  0.7467E+01  0.3561E+02
   0.968  0.7492E+01  0.3569E+02
   0.978  0.7517E+01  0.3576E+02
   0.988  0.7541E+01  0.3584E+02
   0.998  0.7567E+01  0.3591E+02
   1.008  0.7592E+01  0.3599E+02
   1.018  0.7617E+01  0.3607E+02
   1.028  0.7642E+01  0.3614E+02
   1.038  0.7667E+01  0.3622E+02
   1.048  0.7692E+01  0.3630E+02
   1.058  0.7717E+01  0.3637E+02
   1.068  0.7741E+01  0.3645E+02
   1.078  0.7765E+01  0.3653E+02
   1.088  0.7789E+01  0.3661E+02
   1.098  0.7813E+01  0.3668E+02
   1.108  0.7837E+01  0.3676E+02
   1.118  0.7860E+01  0.3684E+02
   1.128  0.7883E+01  0.3692E+02
   1.138  0.7906E+01  0.3700E+02
   1.148  0.7929E+01  0.3708E+02
   1.158  0.7952E+01  0.3716E+02
   1.168  0.7974E+01  0.3724E+02
   1.178  0.7996E+01  0.3732E+02
   1.188  0.8019E+01  0.3740E+02
   1.198  0.8041E+01  0.3748E+02
   1.208  0.8063E+01  0.3756E+02
   1.218  0.8085E+01  0.3764E+02
   1.228  0.8107E+01  0.3772E+02
   1.238  0.8129E+01  0.3780E+02
   1.248  0.8151E+01  0.3788E+02
   1.258  0.8173E+01  0.3796E+02
   1.268  0.8195E+01  0.3805E+02
   1.278  0.8217E+01  0.3813E+02
   1.288  0.8239E+01  0.3821E+02
   1.298  0.8260E+01  0.3829E+02
   1.308  0.8282E+01  0.3838E+02
   1.318  0.8303E+01  0.3846E+02
   1.328  0.8323E+01  0.3854E+02
   1.338  0.8343E+01  0.3863E+02
   1.348  0.8362E+01  0.3871E+02
   1.358  0.8381E+01  0.3879E+02
   1.368  0.8399E+01  0.3888E+02
   1.378  0.8416E+01  0.3896E+02
   1.388  0.8432E+01  0.3905E+02
   1.398  0.8447E+01  0.3913E+02
   1.408  0.8460E+01  0.3922E+02
   1.418  0.8472E+01  0.3930E+02
   1.428  0.8483E+01  0.3938E+02
   1.438  0.8492E+01  0.3947E+02
   1.448  0.8499E+01  0.3955E+02
   1.458  0.8504E+01  0.3964E+02
   1.468  0.8508E+01  0.3972E+02
   1.478  0.8509E+01  0.3981E+02
   1.488  0.8507E+01  0.3989E+02
   1.498  0.8504E+01  0.3998E+02
   1.508  0.8498E+01  0.4007E+02
   1.518  0.8490E+01  0.4015E+02
   1.528  0.8479E+01  0.4023E+02
   1.538  0.8466E+01  0.4032E+02
   1.548  0.8450E+01  0.4040E+02
   1.558  0.8431E+01  0.4049E+02
   1.568  0.8410E+01  0.4057E+02
   1.578  0.8386E+01  0.4066E+02
   1.588  0.8359E+01  0.4074E+02
   1.598  0.8330E+01  0.4082E+02
   1.608  0.8298E+01  0.4091E+02
   1.618  0.8264E+01  0.4099E+02
   1.628  0.8227E+01  0.4107E+02
   1.638  0.8188E+01  0.4115E+02
   1.648  0.8147E+01  0.4123E+02
   1.658  0.8104E+01  0.4132E+02
   1.668  0.8058E+01  0.4140E+02
   1.678  0.8011E+01  0.4148E+02
   1.688  0.7962E+01  0.4156E+02
   1.698  0.7912E+01  0.4163E+02
   1.708  0.7860E+01  0.4171E+02
   1.718  0.7808E+01  0.4179E+02
   1.728  0.7754E+01  0.4187E+02
   1.738  0.7699E+01  0.4195E+02
   1.748  0.7644E+01  0.4202E+02
   1.758  0.7589E+01  0.4210E+02
   1.768  0.7533E+01  0.4217E+02
   1.778  0.7477E+01  0.4225E+02
   1.788  0.7422E+01  0.4232E+02
   1.798  0.7367E+01  0.4240E+02
   1.808  0.7312E+01  0.4247E+02
   1.818  0.7259E+01  0.4254E+02
   1.828  0.7206E+01  0.4261E+02
   1.838  0.7155E+01  0.4269E+02
   1.848  0.7105E+01  0.4276E+02
   1.858  0.7057E+01  0.4283E+02
   1.868  0.7010E+01  0.4290E+02
   1.878  0.6965E+01  0.4297E+02
   1.888  0.6923E+01  0.4304E+02
   1.898  0.6882E+01  0.4310E+02
   1.908  0.6843E+01  0.4317E+02
   1.918  0.6807E+01  0.4324E+02
   1.928  0.6773E+01  0.4331E+02
   1.938  0.6742E+01  0.4338E+02
   1.948  0.6713E+01  0.4344E+02
   1.958  0.6687E+01  0.4351E+02
   1.968  0.6663E+01  0.4358E+02
   1.978  0.6642E+01  0.4364E+02
   1.988  0.6623E+01  0.4371E+02
   1.998  0.6606E+01  0.4378E+02
   2.008  0.6592E+01  0.4384E+02
   2.018  0.6580E+01  0.4391E+02
   2.028  0.6571E+01  0.4397E+02
   2.038  0.6563E+01  0.4404E+02
   2.048  0.6557E+01  0.4410E+02
   2.058  0.6553E+01  0.4417E+02
   2.068  0.6551E+01  0.4424E+02
   2.078  0.6550E+01  0.4430E+02
   2.088  0.6550E+01  0.4437E+02
   2.098  0.6551E+01  0.4443E+02
   2.108  0.6553E+01  0.4450E+02
   2.118  0.6555E+01  0.4456E+02
   2.128  0.6558E+01  0.4463E+02
   2.138  0.6561E+01  0.4469E+02
   2.148  0.6563E+01  0.4476E+02
   2.158  0.6565E+01  0.4483E+02
   2.168  0.6567E+01  0.4489E+02
   2.178  0.6567E+01  0.4496E+02
   2.188  0.6566E+01  0.4502E+02
   2.198  0.6564E+01  0.4509E+02
   2.208  0.6560E+01  0.4515E+02
   2.218  0.6554E+01  0.4522E+02
   2.228  0.6545E+01  0.4528E+02
   2.238  0.6534E+01  0.4535E+02
   2.248  0.6521E+01  0.4542E+02
   2.258  0.6504E+01  0.4548E+02
   2.268  0.6485E+01  0.4555E+02
   2.278  0.6462E+01  0.4561E+02
   2.288  0.6435E+01  0.4567E+02
   2.298  0.6405E+01  0.4574E+02
   2.308  0.6371E+01  0.4580E+02
   2.318  0.6333E+01  0.4587E+02
   2.328  0.6291E+01  0.4593E+02
   2.338  0.6245E+01  0.4599E+02
   2.348  0.6195E+01  0.4605E+02
   2.358  0.6140E+01  0.4611E+02
   2.368  0.6081E+01  0.4617E+02
   2.378  0.6018E+01  0.4624E+02
   2.388  0.5950E+01  0.4629E+02
   2.398  0.5878E+01  0.4635E+02
   2.408  0.5802E+01  0.4641E+02
   2.418  0.5722E+01  0.4647E+02
   2.428  0.5637E+01  0.4653E+02
   2.438  0.5548E+01  0.4658E+02
   2.448  0.5456E+01  0.4664E+02
   2.458  0.5360E+01  0.4669E+02
   2.468  0.5260E+01  0.4674E+02
   2.478  0.5156E+01  0.4679E+02
   2.488  0.5050E+01  0.4684E+02
   2.498  0.4940E+01  0.4689E+02
   2.508  0.4828E+01  0.4694E+02
   2.518  0.4713E+01  0.4699E+02
   2.528  0.4596E+01  0.4703E+02
   2.538  0.4477E+01  0.4708E+02
   2.548  0.4355E+01  0.4712E+02
   2.558  0.4232E+01  0.4716E+02
   2.568  0.4108E+01  0.4721E+02
   2.578  0.3983E+01  0.4725E+02
   2.588  0.3857E+01  0.4728E+02
   2.598  0.3731E+01  0.4732E+02
   2.608  0.3604E+01  0.4736E+02
   2.618  0.3477E+01  0.4739E+02
   2.628  0.3351E+01  0.4743E+02
   2.638  0.3225E+01  0.4746E+02
   2.648  0.3100E+01  0.4749E+02
   2.658  0.2976E+01  0.4752E+02
   2.668  0.2854E+01  0.4755E+02
   2.678  0.2733E+01  0.4757E+02
   2.688  0.2613E+01  0.4760E+02
   2.698  0.2496E+01  0.4763E+02
   2.708  0.2381E+01  0.4765E+02
   2.718  0.2268E+01  0.4767E+02
   2.728  0.2157E+01  0.4769E+02
   2.738  0.2049E+01  0.4771E+02
   2.748  0.1944E+01  0.4773E+02
   2.758  0.1842E+01  0.4775E+02
   2.768  0.1742E+01  0.4777E+02
   2.778  0.1646E+01  0.4779E+02
   2.788  0.1553E+01  0.4780E+02
   2.798  0.1463E+01  0.4782E+02
   2.808  0.1377E+01  0.4783E+02
   2.818  0.1293E+01  0.4784E+02
   2.828  0.1213E+01  0.4786E+02
   2.838  0.1137E+01  0.4787E+02
   2.848  0.1063E+01  0.4788E+02
   2.858  0.9933E+00  0.4789E+02
   2.868  0.9265E+00  0.4790E+02
   2.878  0.8630E+00  0.4790E+02
   2.888  0.8026E+00  0.4791E+02
   2.898  0.7454E+00  0.4792E+02
   2.908  0.6912E+00  0.4793E+02
   2.918  0.6400E+00  0.4793E+02
   2.928  0.5918E+00  0.4794E+02
   2.938  0.5463E+00  0.4795E+02
   2.948  0.5036E+00  0.4795E+02
   2.958  0.4635E+00  0.4795E+02
   2.968  0.4260E+00  0.4796E+02
   2.978  0.3910E+00  0.4796E+02
   2.988  0.3582E+00  0.4797E+02
   2.998  0.3278E+00  0.4797E+02
   3.008  0.2994E+00  0.4797E+02
   3.018  0.2731E+00  0.4798E+02
   3.028  0.2487E+00  0.4798E+02
   3.038  0.2262E+00  0.4798E+02
   3.048  0.2053E+00  0.4798E+02
   3.058  0.1861E+00  0.4798E+02
   3.068  0.1685E+00  0.4799E+02
   3.078  0.1523E+00  0.4799E+02
   3.088  0.1374E+00  0.4799E+02
   3.098  0.1238E+00  0.4799E+02
   3.108  0.1113E+00  0.4799E+02
   3.118  0.9999E-01  0.4799E+02
   3.128  0.8966E-01  0.4799E+02
   3.138  0.8027E-01  0.4799E+02
   3.148  0.7175E-01  0.4799E+02
   3.158  0.6404E-01  0.4800E+02
   3.168  0.5706E-01  0.4800E+02
   3.178  0.5077E-01  0.4800E+02
   3.188  0.4509E-01  0.4800E+02
   3.198  0.3999E-01  0.4800E+02
   3.208  0.3541E-01  0.4800E+02
   3.218  0.3130E-01  0.4800E+02
   3.228  0.2763E-01  0.4800E+02
   3.238  0.2435E-01  0.4800E+02
   3.248  0.2142E-01  0.4800E+02
   3.258  0.1881E-01  0.4800E+02
   3.268  0.1650E-01  0.4800E+02
