#  E (eV)   dos(E)     Int dos(E) EFermi =   2.573 eV
 -16.772  0.0000E+00  0.0000E+00
 -16.762  0.2417E-01  0.2417E-03
 -16.752  0.9669E-01  0.1209E-02
 -16.742  0.2176E+00  0.3384E-02
 -16.732  0.3868E+00  0.7252E-02
 -16.722  0.5922E+00  0.1317E-01
 -16.712  0.8202E+00  0.2138E-01
 -16.702  0.9018E+00  0.3039E-01
 -16.692  0.9485E+00  0.3988E-01
 -16.682  0.9659E+00  0.4954E-01
 -16.672  0.9644E+00  0.5918E-01
 -16.662  0.1044E+01  0.6962E-01
 -16.652  0.1125E+01  0.8087E-01
 -16.642  0.1208E+01  0.9295E-01
 -16.632  0.1294E+01  0.1059E+00
 -16.622  0.1381E+01  0.1197E+00
 -16.612  0.1471E+01  0.1344E+00
 -16.602  0.1558E+01  0.1500E+00
 -16.592  0.1638E+01  0.1664E+00
 -16.582  0.1705E+01  0.1834E+00
 -16.572  0.1758E+01  0.2010E+00
 -16.562  0.1795E+01  0.2190E+00
 -16.552  0.1861E+01  0.2376E+00
 -16.542  0.1919E+01  0.2568E+00
 -16.532  0.1979E+01  0.2766E+00
 -16.522  0.2046E+01  0.2970E+00
 -16.512  0.2119E+01  0.3182E+00
 -16.502  0.2196E+01  0.3402E+00
 -16.492  0.2275E+01  0.3629E+00
 -16.482  0.2355E+01  0.3865E+00
 -16.472  0.2437E+01  0.4108E+00
 -16.462  0.2520E+01  0.4360E+00
 -16.452  0.2609E+01  0.4621E+00
 -16.442  0.2708E+01  0.4892E+00
 -16.432  0.2817E+01  0.5174E+00
 -16.422  0.2945E+01  0.5468E+00
 -16.412  0.3249E+01  0.5793E+00
 -16.402  0.3539E+01  0.6147E+00
 -16.392  0.3812E+01  0.6528E+00
 -16.382  0.4077E+01  0.6936E+00
 -16.372  0.3979E+01  0.7334E+00
 -16.362  0.4156E+01  0.7749E+00
 -16.352  0.4346E+01  0.8184E+00
 -16.342  0.4548E+01  0.8639E+00
 -16.332  0.4762E+01  0.9115E+00
 -16.322  0.5295E+01  0.9644E+00
 -16.312  0.5777E+01  0.1022E+01
 -16.302  0.6222E+01  0.1084E+01
 -16.292  0.6632E+01  0.1151E+01
 -16.282  0.6967E+01  0.1220E+01
 -16.272  0.7216E+01  0.1293E+01
 -16.262  0.7453E+01  0.1367E+01
 -16.252  0.7617E+01  0.1443E+01
 -16.242  0.7615E+01  0.1519E+01
 -16.232  0.7587E+01  0.1595E+01
 -16.222  0.1008E+02  0.1696E+01
 -16.212  0.8786E+01  0.1784E+01
 -16.202  0.7023E+01  0.1854E+01
 -16.192  0.8419E+01  0.1938E+01
 -16.182  0.4306E+01  0.1981E+01
 -16.172  0.0000E+00  0.1981E+01
 -16.162  0.2561E+00  0.1984E+01
 -16.152  0.5670E+00  0.1990E+01
 -16.142  0.9016E+00  0.1999E+01
 -16.132  0.5906E+00  0.2005E+01
 -16.122  0.6437E+00  0.2011E+01
 -16.112  0.6988E+00  0.2018E+01
 -16.102  0.7560E+00  0.2026E+01
 -16.092  0.8152E+00  0.2034E+01
 -16.082  0.8765E+00  0.2043E+01
 -16.072  0.9398E+00  0.2052E+01
 -16.062  0.1005E+01  0.2062E+01
 -16.052  0.1043E+01  0.2072E+01
 -16.042  0.1063E+01  0.2083E+01
 -16.032  0.1085E+01  0.2094E+01
 -16.022  0.1109E+01  0.2105E+01
 -16.012  0.1147E+01  0.2116E+01
 -16.002  0.1210E+01  0.2129E+01
 -15.992  0.1275E+01  0.2141E+01
 -15.982  0.1343E+01  0.2155E+01
 -15.972  0.1414E+01  0.2169E+01
 -15.962  0.1487E+01  0.2184E+01
 -15.952  0.1562E+01  0.2199E+01
 -15.942  0.1640E+01  0.2216E+01
 -15.932  0.1720E+01  0.2233E+01
 -15.922  0.1803E+01  0.2251E+01
 -15.912  0.1888E+01  0.2270E+01
 -15.902  0.1975E+01  0.2290E+01
 -15.892  0.2464E+01  0.2314E+01
 -15.882  0.3075E+01  0.2345E+01
 -15.872  0.3730E+01  0.2382E+01
 -15.862  0.4385E+01  0.2426E+01
 -15.852  0.4600E+01  0.2472E+01
 -15.842  0.5036E+01  0.2522E+01
 -15.832  0.5613E+01  0.2579E+01
 -15.822  0.6595E+01  0.2645E+01
 -15.812  0.8496E+01  0.2730E+01
 -15.802  0.1049E+02  0.2834E+01
 -15.792  0.1209E+02  0.2955E+01
 -15.782  0.1226E+02  0.3078E+01
 -15.772  0.1071E+02  0.3185E+01
 -15.762  0.8909E+01  0.3274E+01
 -15.752  0.7198E+01  0.3346E+01
 -15.742  0.5673E+01  0.3403E+01
 -15.732  0.5028E+01  0.3453E+01
 -15.722  0.4621E+01  0.3499E+01
 -15.712  0.4250E+01  0.3542E+01
 -15.702  0.2717E+01  0.3569E+01
 -15.692  0.2572E+01  0.3595E+01
 -15.682  0.2444E+01  0.3619E+01
 -15.672  0.2327E+01  0.3642E+01
 -15.662  0.2202E+01  0.3664E+01
 -15.652  0.2064E+01  0.3685E+01
 -15.642  0.1932E+01  0.3704E+01
 -15.632  0.1806E+01  0.3722E+01
 -15.622  0.1686E+01  0.3739E+01
 -15.612  0.1577E+01  0.3755E+01
 -15.602  0.1485E+01  0.3770E+01
 -15.592  0.1435E+01  0.3784E+01
 -15.582  0.1412E+01  0.3798E+01
 -15.572  0.1376E+01  0.3812E+01
 -15.562  0.1327E+01  0.3825E+01
 -15.552  0.1258E+01  0.3838E+01
 -15.542  0.1172E+01  0.3850E+01
 -15.532  0.1091E+01  0.3861E+01
 -15.522  0.1014E+01  0.3871E+01
 -15.512  0.9411E+00  0.3880E+01
 -15.502  0.8722E+00  0.3889E+01
 -15.492  0.8075E+00  0.3897E+01
 -15.482  0.7473E+00  0.3904E+01
 -15.472  0.6915E+00  0.3911E+01
 -15.462  0.6401E+00  0.3918E+01
 -15.452  0.5932E+00  0.3924E+01
 -15.442  0.5507E+00  0.3929E+01
 -15.432  0.5125E+00  0.3934E+01
 -15.422  0.4764E+00  0.3939E+01
 -15.412  0.4413E+00  0.3943E+01
 -15.402  0.4072E+00  0.3948E+01
 -15.392  0.3742E+00  0.3951E+01
 -15.382  0.1443E+01  0.3966E+01
 -15.372  0.1473E+01  0.3980E+01
 -15.362  0.1465E+01  0.3995E+01
 -15.352  0.1419E+01  0.4009E+01
 -15.342  0.1455E+01  0.4024E+01
 -15.332  0.1630E+01  0.4040E+01
 -15.322  0.1841E+01  0.4059E+01
 -15.312  0.2086E+01  0.4079E+01
 -15.302  0.2383E+01  0.4103E+01
 -15.292  0.2710E+01  0.4130E+01
 -15.282  0.3111E+01  0.4161E+01
 -15.272  0.3626E+01  0.4198E+01
 -15.262  0.4271E+01  0.4240E+01
 -15.252  0.5046E+01  0.4291E+01
 -15.242  0.5441E+01  0.4345E+01
 -15.232  0.6226E+01  0.4408E+01
 -15.222  0.8350E+01  0.4491E+01
 -15.212  0.1181E+02  0.4609E+01
 -15.202  0.1816E+02  0.4791E+01
 -15.192  0.1523E+02  0.4943E+01
 -15.182  0.7626E+01  0.5019E+01
 -15.172  0.6236E+01  0.5082E+01
 -15.162  0.5388E+01  0.5136E+01
 -15.152  0.4716E+01  0.5183E+01
 -15.142  0.4213E+01  0.5225E+01
 -15.132  0.3830E+01  0.5263E+01
 -15.122  0.3502E+01  0.5298E+01
 -15.112  0.3222E+01  0.5330E+01
 -15.102  0.2995E+01  0.5360E+01
 -15.092  0.2837E+01  0.5389E+01
 -15.082  0.2722E+01  0.5416E+01
 -15.072  0.2611E+01  0.5442E+01
 -15.062  0.2504E+01  0.5467E+01
 -15.052  0.2400E+01  0.5491E+01
 -15.042  0.2300E+01  0.5514E+01
 -15.032  0.2204E+01  0.5536E+01
 -15.022  0.2112E+01  0.5557E+01
 -15.012  0.2023E+01  0.5578E+01
 -15.002  0.1938E+01  0.5597E+01
 -14.992  0.1850E+01  0.5615E+01
 -14.982  0.1769E+01  0.5633E+01
 -14.972  0.1696E+01  0.5650E+01
 -14.962  0.1634E+01  0.5666E+01
 -14.952  0.1581E+01  0.5682E+01
 -14.942  0.1534E+01  0.5698E+01
 -14.932  0.1486E+01  0.5712E+01
 -14.922  0.1439E+01  0.5727E+01
 -14.912  0.1392E+01  0.5741E+01
 -14.902  0.1345E+01  0.5754E+01
 -14.892  0.1298E+01  0.5767E+01
 -14.882  0.1251E+01  0.5780E+01
 -14.872  0.1204E+01  0.5792E+01
 -14.862  0.1155E+01  0.5803E+01
 -14.852  0.1106E+01  0.5814E+01
 -14.842  0.1058E+01  0.5825E+01
 -14.832  0.1012E+01  0.5835E+01
 -14.822  0.9662E+00  0.5845E+01
 -14.812  0.9215E+00  0.5854E+01
 -14.802  0.8852E+00  0.5863E+01
 -14.792  0.8652E+00  0.5871E+01
 -14.782  0.8418E+00  0.5880E+01
 -14.772  0.8147E+00  0.5888E+01
 -14.762  0.7839E+00  0.5896E+01
 -14.752  0.7494E+00  0.5903E+01
 -14.742  0.7111E+00  0.5910E+01
 -14.732  0.6691E+00  0.5917E+01
 -14.722  0.6237E+00  0.5923E+01
 -14.712  0.5772E+00  0.5929E+01
 -14.702  0.5299E+00  0.5934E+01
 -14.692  0.6655E+00  0.5941E+01
 -14.682  0.5565E+00  0.5947E+01
 -14.672  0.4557E+00  0.5951E+01
 -14.662  0.1991E+02  0.6150E+01
 -14.652  0.2704E+02  0.6421E+01
 -14.642  0.1095E+03  0.7515E+01
 -14.632  0.3031E+02  0.7819E+01
 -14.622  0.2983E+02  0.8117E+01
 -14.612  0.5762E+02  0.8693E+01
 -14.602  0.6752E+02  0.9368E+01
 -14.592  0.5004E+02  0.9869E+01
 -14.582  0.4763E+02  0.1034E+02
 -14.572  0.1014E+03  0.1136E+02
 -14.562  0.4737E+02  0.1183E+02
 -14.552  0.2875E+02  0.1212E+02
 -14.542  0.1810E+02  0.1230E+02
 -14.532  0.9119E+01  0.1239E+02
 -14.522  0.1985E+01  0.1241E+02
 -14.512  0.0000E+00  0.1241E+02
 -14.502  0.0000E+00  0.1241E+02
 -14.492  0.0000E+00  0.1241E+02
 -14.482  0.0000E+00  0.1241E+02
 -14.472  0.0000E+00  0.1241E+02
 -14.462  0.0000E+00  0.1241E+02
 -14.452  0.0000E+00  0.1241E+02
 -14.442  0.0000E+00  0.1241E+02
 -14.432  0.0000E+00  0.1241E+02
 -14.422  0.0000E+00  0.1241E+02
 -14.412  0.0000E+00  0.1241E+02
 -14.402  0.0000E+00  0.1241E+02
 -14.392  0.0000E+00  0.1241E+02
 -14.382  0.0000E+00  0.1241E+02
 -14.372  0.0000E+00  0.1241E+02
 -14.362  0.0000E+00  0.1241E+02
 -14.352  0.0000E+00  0.1241E+02
 -14.342  0.0000E+00  0.1241E+02
 -14.332  0.0000E+00  0.1241E+02
 -14.322  0.0000E+00  0.1241E+02
 -14.312  0.0000E+00  0.1241E+02
 -14.302  0.0000E+00  0.1241E+02
 -14.292  0.0000E+00  0.1241E+02
 -14.282  0.0000E+00  0.1241E+02
 -14.272  0.0000E+00  0.1241E+02
 -14.262  0.0000E+00  0.1241E+02
 -14.252  0.0000E+00  0.1241E+02
 -14.242  0.0000E+00  0.1241E+02
 -14.232  0.0000E+00  0.1241E+02
 -14.222  0.0000E+00  0.1241E+02
 -14.212  0.0000E+00  0.1241E+02
 -14.202  0.0000E+00  0.1241E+02
 -14.192  0.0000E+00  0.1241E+02
 -14.182  0.0000E+00  0.1241E+02
 -14.172  0.0000E+00  0.1241E+02
 -14.162  0.0000E+00  0.1241E+02
 -14.152  0.0000E+00  0.1241E+02
 -14.142  0.0000E+00  0.1241E+02
 -14.132  0.0000E+00  0.1241E+02
 -14.122  0.0000E+00  0.1241E+02
 -14.112  0.0000E+00  0.1241E+02
 -14.102  0.0000E+00  0.1241E+02
 -14.092  0.0000E+00  0.1241E+02
 -14.082  0.0000E+00  0.1241E+02
 -14.072  0.0000E+00  0.1241E+02
 -14.062  0.0000E+00  0.1241E+02
 -14.052  0.0000E+00  0.1241E+02
 -14.042  0.0000E+00  0.1241E+02
 -14.032  0.0000E+00  0.1241E+02
 -14.022  0.0000E+00  0.1241E+02
 -14.012  0.0000E+00  0.1241E+02
 -14.002  0.0000E+00  0.1241E+02
 -13.992  0.0000E+00  0.1241E+02
 -13.982  0.0000E+00  0.1241E+02
 -13.972  0.0000E+00  0.1241E+02
 -13.962  0.0000E+00  0.1241E+02
 -13.952  0.0000E+00  0.1241E+02
 -13.942  0.0000E+00  0.1241E+02
 -13.932  0.0000E+00  0.1241E+02
 -13.922  0.0000E+00  0.1241E+02
 -13.912  0.0000E+00  0.1241E+02
 -13.902  0.0000E+00  0.1241E+02
 -13.892  0.0000E+00  0.1241E+02
 -13.882  0.0000E+00  0.1241E+02
 -13.872  0.0000E+00  0.1241E+02
 -13.862  0.0000E+00  0.1241E+02
 -13.852  0.0000E+00  0.1241E+02
 -13.842  0.0000E+00  0.1241E+02
 -13.832  0.0000E+00  0.1241E+02
 -13.822  0.0000E+00  0.1241E+02
 -13.812  0.0000E+00  0.1241E+02
 -13.802  0.0000E+00  0.1241E+02
 -13.792  0.0000E+00  0.1241E+02
 -13.782  0.0000E+00  0.1241E+02
 -13.772  0.0000E+00  0.1241E+02
 -13.762  0.0000E+00  0.1241E+02
 -13.752  0.0000E+00  0.1241E+02
 -13.742  0.0000E+00  0.1241E+02
 -13.732  0.0000E+00  0.1241E+02
 -13.722  0.0000E+00  0.1241E+02
 -13.712  0.0000E+00  0.1241E+02
 -13.702  0.0000E+00  0.1241E+02
 -13.692  0.0000E+00  0.1241E+02
 -13.682  0.0000E+00  0.1241E+02
 -13.672  0.0000E+00  0.1241E+02
 -13.662  0.0000E+00  0.1241E+02
 -13.652  0.0000E+00  0.1241E+02
 -13.642  0.0000E+00  0.1241E+02
 -13.632  0.0000E+00  0.1241E+02
 -13.622  0.0000E+00  0.1241E+02
 -13.612  0.0000E+00  0.1241E+02
 -13.602  0.0000E+00  0.1241E+02
 -13.592  0.0000E+00  0.1241E+02
 -13.582  0.0000E+00  0.1241E+02
 -13.572  0.0000E+00  0.1241E+02
 -13.562  0.0000E+00  0.1241E+02
 -13.552  0.0000E+00  0.1241E+02
 -13.542  0.0000E+00  0.1241E+02
 -13.532  0.0000E+00  0.1241E+02
 -13.522  0.0000E+00  0.1241E+02
 -13.512  0.0000E+00  0.1241E+02
 -13.502  0.0000E+00  0.1241E+02
 -13.492  0.0000E+00  0.1241E+02
 -13.482  0.0000E+00  0.1241E+02
 -13.472  0.0000E+00  0.1241E+02
 -13.462  0.0000E+00  0.1241E+02
 -13.452  0.0000E+00  0.1241E+02
 -13.442  0.0000E+00  0.1241E+02
 -13.432  0.0000E+00  0.1241E+02
 -13.422  0.0000E+00  0.1241E+02
 -13.412  0.0000E+00  0.1241E+02
 -13.402  0.0000E+00  0.1241E+02
 -13.392  0.0000E+00  0.1241E+02
 -13.382  0.0000E+00  0.1241E+02
 -13.372  0.0000E+00  0.1241E+02
 -13.362  0.0000E+00  0.1241E+02
 -13.352  0.0000E+00  0.1241E+02
 -13.342  0.0000E+00  0.1241E+02
 -13.332  0.0000E+00  0.1241E+02
 -13.322  0.0000E+00  0.1241E+02
 -13.312  0.0000E+00  0.1241E+02
 -13.302  0.0000E+00  0.1241E+02
 -13.292  0.0000E+00  0.1241E+02
 -13.282  0.0000E+00  0.1241E+02
 -13.272  0.0000E+00  0.1241E+02
 -13.262  0.0000E+00  0.1241E+02
 -13.252  0.0000E+00  0.1241E+02
 -13.242  0.0000E+00  0.1241E+02
 -13.232  0.0000E+00  0.1241E+02
 -13.222  0.0000E+00  0.1241E+02
 -13.212  0.0000E+00  0.1241E+02
 -13.202  0.0000E+00  0.1241E+02
 -13.192  0.0000E+00  0.1241E+02
 -13.182  0.0000E+00  0.1241E+02
 -13.172  0.0000E+00  0.1241E+02
 -13.162  0.0000E+00  0.1241E+02
 -13.152  0.0000E+00  0.1241E+02
 -13.142  0.0000E+00  0.1241E+02
 -13.132  0.0000E+00  0.1241E+02
 -13.122  0.0000E+00  0.1241E+02
 -13.112  0.0000E+00  0.1241E+02
 -13.102  0.0000E+00  0.1241E+02
 -13.092  0.0000E+00  0.1241E+02
 -13.082  0.0000E+00  0.1241E+02
 -13.072  0.0000E+00  0.1241E+02
 -13.062  0.0000E+00  0.1241E+02
 -13.052  0.0000E+00  0.1241E+02
 -13.042  0.0000E+00  0.1241E+02
 -13.032  0.0000E+00  0.1241E+02
 -13.022  0.0000E+00  0.1241E+02
 -13.012  0.0000E+00  0.1241E+02
 -13.002  0.0000E+00  0.1241E+02
 -12.992  0.0000E+00  0.1241E+02
 -12.982  0.0000E+00  0.1241E+02
 -12.972  0.0000E+00  0.1241E+02
 -12.962  0.0000E+00  0.1241E+02
 -12.952  0.0000E+00  0.1241E+02
 -12.942  0.0000E+00  0.1241E+02
 -12.932  0.0000E+00  0.1241E+02
 -12.922  0.0000E+00  0.1241E+02
 -12.912  0.0000E+00  0.1241E+02
 -12.902  0.0000E+00  0.1241E+02
 -12.892  0.0000E+00  0.1241E+02
 -12.882  0.0000E+00  0.1241E+02
 -12.872  0.0000E+00  0.1241E+02
 -12.862  0.0000E+00  0.1241E+02
 -12.852  0.0000E+00  0.1241E+02
 -12.842  0.0000E+00  0.1241E+02
 -12.832  0.0000E+00  0.1241E+02
 -12.822  0.0000E+00  0.1241E+02
 -12.812  0.0000E+00  0.1241E+02
 -12.802  0.0000E+00  0.1241E+02
 -12.792  0.0000E+00  0.1241E+02
 -12.782  0.0000E+00  0.1241E+02
 -12.772  0.0000E+00  0.1241E+02
 -12.762  0.0000E+00  0.1241E+02
 -12.752  0.0000E+00  0.1241E+02
 -12.742  0.0000E+00  0.1241E+02
 -12.732  0.0000E+00  0.1241E+02
 -12.722  0.0000E+00  0.1241E+02
 -12.712  0.0000E+00  0.1241E+02
 -12.702  0.0000E+00  0.1241E+02
 -12.692  0.0000E+00  0.1241E+02
 -12.682  0.0000E+00  0.1241E+02
 -12.672  0.0000E+00  0.1241E+02
 -12.662  0.0000E+00  0.1241E+02
 -12.652  0.0000E+00  0.1241E+02
 -12.642  0.0000E+00  0.1241E+02
 -12.632  0.0000E+00  0.1241E+02
 -12.622  0.0000E+00  0.1241E+02
 -12.612  0.0000E+00  0.1241E+02
 -12.602  0.0000E+00  0.1241E+02
 -12.592  0.0000E+00  0.1241E+02
 -12.582  0.0000E+00  0.1241E+02
 -12.572  0.0000E+00  0.1241E+02
 -12.562  0.0000E+00  0.1241E+02
 -12.552  0.0000E+00  0.1241E+02
 -12.542  0.0000E+00  0.1241E+02
 -12.532  0.0000E+00  0.1241E+02
 -12.522  0.0000E+00  0.1241E+02
 -12.512  0.0000E+00  0.1241E+02
 -12.502  0.0000E+00  0.1241E+02
 -12.492  0.0000E+00  0.1241E+02
 -12.482  0.0000E+00  0.1241E+02
 -12.472  0.0000E+00  0.1241E+02
 -12.462  0.0000E+00  0.1241E+02
 -12.452  0.0000E+00  0.1241E+02
 -12.442  0.0000E+00  0.1241E+02
 -12.432  0.0000E+00  0.1241E+02
 -12.422  0.0000E+00  0.1241E+02
 -12.412  0.0000E+00  0.1241E+02
 -12.402  0.0000E+00  0.1241E+02
 -12.392  0.0000E+00  0.1241E+02
 -12.382  0.0000E+00  0.1241E+02
 -12.372  0.0000E+00  0.1241E+02
 -12.362  0.0000E+00  0.1241E+02
 -12.352  0.0000E+00  0.1241E+02
 -12.342  0.0000E+00  0.1241E+02
 -12.332  0.0000E+00  0.1241E+02
 -12.322  0.0000E+00  0.1241E+02
 -12.312  0.0000E+00  0.1241E+02
 -12.302  0.0000E+00  0.1241E+02
 -12.292  0.0000E+00  0.1241E+02
 -12.282  0.0000E+00  0.1241E+02
 -12.272  0.0000E+00  0.1241E+02
 -12.262  0.0000E+00  0.1241E+02
 -12.252  0.0000E+00  0.1241E+02
 -12.242  0.0000E+00  0.1241E+02
 -12.232  0.0000E+00  0.1241E+02
 -12.222  0.0000E+00  0.1241E+02
 -12.212  0.0000E+00  0.1241E+02
 -12.202  0.0000E+00  0.1241E+02
 -12.192  0.0000E+00  0.1241E+02
 -12.182  0.0000E+00  0.1241E+02
 -12.172  0.0000E+00  0.1241E+02
 -12.162  0.0000E+00  0.1241E+02
 -12.152  0.0000E+00  0.1241E+02
 -12.142  0.0000E+00  0.1241E+02
 -12.132  0.0000E+00  0.1241E+02
 -12.122  0.0000E+00  0.1241E+02
 -12.112  0.0000E+00  0.1241E+02
 -12.102  0.0000E+00  0.1241E+02
 -12.092  0.0000E+00  0.1241E+02
 -12.082  0.0000E+00  0.1241E+02
 -12.072  0.0000E+00  0.1241E+02
 -12.062  0.0000E+00  0.1241E+02
 -12.052  0.0000E+00  0.1241E+02
 -12.042  0.0000E+00  0.1241E+02
 -12.032  0.0000E+00  0.1241E+02
 -12.022  0.0000E+00  0.1241E+02
 -12.012  0.0000E+00  0.1241E+02
 -12.002  0.0000E+00  0.1241E+02
 -11.992  0.0000E+00  0.1241E+02
 -11.982  0.0000E+00  0.1241E+02
 -11.972  0.0000E+00  0.1241E+02
 -11.962  0.0000E+00  0.1241E+02
 -11.952  0.0000E+00  0.1241E+02
 -11.942  0.0000E+00  0.1241E+02
 -11.932  0.0000E+00  0.1241E+02
 -11.922  0.0000E+00  0.1241E+02
 -11.912  0.0000E+00  0.1241E+02
 -11.902  0.0000E+00  0.1241E+02
 -11.892  0.0000E+00  0.1241E+02
 -11.882  0.0000E+00  0.1241E+02
 -11.872  0.0000E+00  0.1241E+02
 -11.862  0.0000E+00  0.1241E+02
 -11.852  0.0000E+00  0.1241E+02
 -11.842  0.0000E+00  0.1241E+02
 -11.832  0.0000E+00  0.1241E+02
 -11.822  0.0000E+00  0.1241E+02
 -11.812  0.0000E+00  0.1241E+02
 -11.802  0.0000E+00  0.1241E+02
 -11.792  0.0000E+00  0.1241E+02
 -11.782  0.0000E+00  0.1241E+02
 -11.772  0.0000E+00  0.1241E+02
 -11.762  0.0000E+00  0.1241E+02
 -11.752  0.0000E+00  0.1241E+02
 -11.742  0.0000E+00  0.1241E+02
 -11.732  0.0000E+00  0.1241E+02
 -11.722  0.0000E+00  0.1241E+02
 -11.712  0.0000E+00  0.1241E+02
 -11.702  0.0000E+00  0.1241E+02
 -11.692  0.0000E+00  0.1241E+02
 -11.682  0.0000E+00  0.1241E+02
 -11.672  0.0000E+00  0.1241E+02
 -11.662  0.0000E+00  0.1241E+02
 -11.652  0.0000E+00  0.1241E+02
 -11.642  0.0000E+00  0.1241E+02
 -11.632  0.0000E+00  0.1241E+02
 -11.622  0.0000E+00  0.1241E+02
 -11.612  0.0000E+00  0.1241E+02
 -11.602  0.0000E+00  0.1241E+02
 -11.592  0.0000E+00  0.1241E+02
 -11.582  0.0000E+00  0.1241E+02
 -11.572  0.0000E+00  0.1241E+02
 -11.562  0.0000E+00  0.1241E+02
 -11.552  0.0000E+00  0.1241E+02
 -11.542  0.0000E+00  0.1241E+02
 -11.532  0.0000E+00  0.1241E+02
 -11.522  0.0000E+00  0.1241E+02
 -11.512  0.0000E+00  0.1241E+02
 -11.502  0.0000E+00  0.1241E+02
 -11.492  0.0000E+00  0.1241E+02
 -11.482  0.0000E+00  0.1241E+02
 -11.472  0.0000E+00  0.1241E+02
 -11.462  0.0000E+00  0.1241E+02
 -11.452  0.0000E+00  0.1241E+02
 -11.442  0.0000E+00  0.1241E+02
 -11.432  0.0000E+00  0.1241E+02
 -11.422  0.0000E+00  0.1241E+02
 -11.412  0.0000E+00  0.1241E+02
 -11.402  0.0000E+00  0.1241E+02
 -11.392  0.0000E+00  0.1241E+02
 -11.382  0.0000E+00  0.1241E+02
 -11.372  0.0000E+00  0.1241E+02
 -11.362  0.0000E+00  0.1241E+02
 -11.352  0.0000E+00  0.1241E+02
 -11.342  0.0000E+00  0.1241E+02
 -11.332  0.0000E+00  0.1241E+02
 -11.322  0.0000E+00  0.1241E+02
 -11.312  0.0000E+00  0.1241E+02
 -11.302  0.0000E+00  0.1241E+02
 -11.292  0.0000E+00  0.1241E+02
 -11.282  0.0000E+00  0.1241E+02
 -11.272  0.0000E+00  0.1241E+02
 -11.262  0.0000E+00  0.1241E+02
 -11.252  0.0000E+00  0.1241E+02
 -11.242  0.0000E+00  0.1241E+02
 -11.232  0.0000E+00  0.1241E+02
 -11.222  0.0000E+00  0.1241E+02
 -11.212  0.0000E+00  0.1241E+02
 -11.202  0.0000E+00  0.1241E+02
 -11.192  0.0000E+00  0.1241E+02
 -11.182  0.0000E+00  0.1241E+02
 -11.172  0.0000E+00  0.1241E+02
 -11.162  0.0000E+00  0.1241E+02
 -11.152  0.0000E+00  0.1241E+02
 -11.142  0.0000E+00  0.1241E+02
 -11.132  0.0000E+00  0.1241E+02
 -11.122  0.0000E+00  0.1241E+02
 -11.112  0.0000E+00  0.1241E+02
 -11.102  0.0000E+00  0.1241E+02
 -11.092  0.0000E+00  0.1241E+02
 -11.082  0.0000E+00  0.1241E+02
 -11.072  0.0000E+00  0.1241E+02
 -11.062  0.0000E+00  0.1241E+02
 -11.052  0.0000E+00  0.1241E+02
 -11.042  0.0000E+00  0.1241E+02
 -11.032  0.0000E+00  0.1241E+02
 -11.022  0.0000E+00  0.1241E+02
 -11.012  0.0000E+00  0.1241E+02
 -11.002  0.0000E+00  0.1241E+02
 -10.992  0.0000E+00  0.1241E+02
 -10.982  0.0000E+00  0.1241E+02
 -10.972  0.0000E+00  0.1241E+02
 -10.962  0.0000E+00  0.1241E+02
 -10.952  0.0000E+00  0.1241E+02
 -10.942  0.0000E+00  0.1241E+02
 -10.932  0.0000E+00  0.1241E+02
 -10.922  0.0000E+00  0.1241E+02
 -10.912  0.0000E+00  0.1241E+02
 -10.902  0.0000E+00  0.1241E+02
 -10.892  0.0000E+00  0.1241E+02
 -10.882  0.0000E+00  0.1241E+02
 -10.872  0.0000E+00  0.1241E+02
 -10.862  0.0000E+00  0.1241E+02
 -10.852  0.0000E+00  0.1241E+02
 -10.842  0.0000E+00  0.1241E+02
 -10.832  0.0000E+00  0.1241E+02
 -10.822  0.0000E+00  0.1241E+02
 -10.812  0.0000E+00  0.1241E+02
 -10.802  0.0000E+00  0.1241E+02
 -10.792  0.0000E+00  0.1241E+02
 -10.782  0.0000E+00  0.1241E+02
 -10.772  0.0000E+00  0.1241E+02
 -10.762  0.0000E+00  0.1241E+02
 -10.752  0.0000E+00  0.1241E+02
 -10.742  0.0000E+00  0.1241E+02
 -10.732  0.0000E+00  0.1241E+02
 -10.722  0.0000E+00  0.1241E+02
 -10.712  0.0000E+00  0.1241E+02
 -10.702  0.0000E+00  0.1241E+02
 -10.692  0.0000E+00  0.1241E+02
 -10.682  0.0000E+00  0.1241E+02
 -10.672  0.0000E+00  0.1241E+02
 -10.662  0.0000E+00  0.1241E+02
 -10.652  0.0000E+00  0.1241E+02
 -10.642  0.0000E+00  0.1241E+02
 -10.632  0.0000E+00  0.1241E+02
 -10.622  0.0000E+00  0.1241E+02
 -10.612  0.0000E+00  0.1241E+02
 -10.602  0.0000E+00  0.1241E+02
 -10.592  0.0000E+00  0.1241E+02
 -10.582  0.0000E+00  0.1241E+02
 -10.572  0.0000E+00  0.1241E+02
 -10.562  0.0000E+00  0.1241E+02
 -10.552  0.0000E+00  0.1241E+02
 -10.542  0.0000E+00  0.1241E+02
 -10.532  0.0000E+00  0.1241E+02
 -10.522  0.0000E+00  0.1241E+02
 -10.512  0.0000E+00  0.1241E+02
 -10.502  0.0000E+00  0.1241E+02
 -10.492  0.0000E+00  0.1241E+02
 -10.482  0.0000E+00  0.1241E+02
 -10.472  0.0000E+00  0.1241E+02
 -10.462  0.0000E+00  0.1241E+02
 -10.452  0.0000E+00  0.1241E+02
 -10.442  0.0000E+00  0.1241E+02
 -10.432  0.0000E+00  0.1241E+02
 -10.422  0.0000E+00  0.1241E+02
 -10.412  0.0000E+00  0.1241E+02
 -10.402  0.0000E+00  0.1241E+02
 -10.392  0.0000E+00  0.1241E+02
 -10.382  0.0000E+00  0.1241E+02
 -10.372  0.0000E+00  0.1241E+02
 -10.362  0.0000E+00  0.1241E+02
 -10.352  0.0000E+00  0.1241E+02
 -10.342  0.0000E+00  0.1241E+02
 -10.332  0.0000E+00  0.1241E+02
 -10.322  0.0000E+00  0.1241E+02
 -10.312  0.0000E+00  0.1241E+02
 -10.302  0.0000E+00  0.1241E+02
 -10.292  0.0000E+00  0.1241E+02
 -10.282  0.0000E+00  0.1241E+02
 -10.272  0.0000E+00  0.1241E+02
 -10.262  0.0000E+00  0.1241E+02
 -10.252  0.0000E+00  0.1241E+02
 -10.242  0.0000E+00  0.1241E+02
 -10.232  0.0000E+00  0.1241E+02
 -10.222  0.0000E+00  0.1241E+02
 -10.212  0.0000E+00  0.1241E+02
 -10.202  0.0000E+00  0.1241E+02
 -10.192  0.0000E+00  0.1241E+02
 -10.182  0.0000E+00  0.1241E+02
 -10.172  0.0000E+00  0.1241E+02
 -10.162  0.0000E+00  0.1241E+02
 -10.152  0.0000E+00  0.1241E+02
 -10.142  0.0000E+00  0.1241E+02
 -10.132  0.0000E+00  0.1241E+02
 -10.122  0.0000E+00  0.1241E+02
 -10.112  0.0000E+00  0.1241E+02
 -10.102  0.0000E+00  0.1241E+02
 -10.092  0.0000E+00  0.1241E+02
 -10.082  0.0000E+00  0.1241E+02
 -10.072  0.0000E+00  0.1241E+02
 -10.062  0.0000E+00  0.1241E+02
 -10.052  0.0000E+00  0.1241E+02
 -10.042  0.0000E+00  0.1241E+02
 -10.032  0.0000E+00  0.1241E+02
 -10.022  0.0000E+00  0.1241E+02
 -10.012  0.0000E+00  0.1241E+02
 -10.002  0.0000E+00  0.1241E+02
  -9.992  0.0000E+00  0.1241E+02
  -9.982  0.0000E+00  0.1241E+02
  -9.972  0.0000E+00  0.1241E+02
  -9.962  0.0000E+00  0.1241E+02
  -9.952  0.0000E+00  0.1241E+02
  -9.942  0.0000E+00  0.1241E+02
  -9.932  0.0000E+00  0.1241E+02
  -9.922  0.0000E+00  0.1241E+02
  -9.912  0.0000E+00  0.1241E+02
  -9.902  0.0000E+00  0.1241E+02
  -9.892  0.0000E+00  0.1241E+02
  -9.882  0.0000E+00  0.1241E+02
  -9.872  0.0000E+00  0.1241E+02
  -9.862  0.0000E+00  0.1241E+02
  -9.852  0.0000E+00  0.1241E+02
  -9.842  0.0000E+00  0.1241E+02
  -9.832  0.0000E+00  0.1241E+02
  -9.822  0.0000E+00  0.1241E+02
  -9.812  0.0000E+00  0.1241E+02
  -9.802  0.0000E+00  0.1241E+02
  -9.792  0.0000E+00  0.1241E+02
  -9.782  0.0000E+00  0.1241E+02
  -9.772  0.0000E+00  0.1241E+02
  -9.762  0.0000E+00  0.1241E+02
  -9.752  0.0000E+00  0.1241E+02
  -9.742  0.0000E+00  0.1241E+02
  -9.732  0.0000E+00  0.1241E+02
  -9.722  0.0000E+00  0.1241E+02
  -9.712  0.0000E+00  0.1241E+02
  -9.702  0.0000E+00  0.1241E+02
  -9.692  0.0000E+00  0.1241E+02
  -9.682  0.0000E+00  0.1241E+02
  -9.672  0.0000E+00  0.1241E+02
  -9.662  0.0000E+00  0.1241E+02
  -9.652  0.0000E+00  0.1241E+02
  -9.642  0.0000E+00  0.1241E+02
  -9.632  0.0000E+00  0.1241E+02
  -9.622  0.0000E+00  0.1241E+02
  -9.612  0.0000E+00  0.1241E+02
  -9.602  0.0000E+00  0.1241E+02
  -9.592  0.0000E+00  0.1241E+02
  -9.582  0.0000E+00  0.1241E+02
  -9.572  0.0000E+00  0.1241E+02
  -9.562  0.0000E+00  0.1241E+02
  -9.552  0.0000E+00  0.1241E+02
  -9.542  0.0000E+00  0.1241E+02
  -9.532  0.0000E+00  0.1241E+02
  -9.522  0.0000E+00  0.1241E+02
  -9.512  0.0000E+00  0.1241E+02
  -9.502  0.0000E+00  0.1241E+02
  -9.492  0.0000E+00  0.1241E+02
  -9.482  0.0000E+00  0.1241E+02
  -9.472  0.0000E+00  0.1241E+02
  -9.462  0.0000E+00  0.1241E+02
  -9.452  0.0000E+00  0.1241E+02
  -9.442  0.0000E+00  0.1241E+02
  -9.432  0.0000E+00  0.1241E+02
  -9.422  0.0000E+00  0.1241E+02
  -9.412  0.0000E+00  0.1241E+02
  -9.402  0.0000E+00  0.1241E+02
  -9.392  0.0000E+00  0.1241E+02
  -9.382  0.0000E+00  0.1241E+02
  -9.372  0.0000E+00  0.1241E+02
  -9.362  0.0000E+00  0.1241E+02
  -9.352  0.0000E+00  0.1241E+02
  -9.342  0.0000E+00  0.1241E+02
  -9.332  0.0000E+00  0.1241E+02
  -9.322  0.0000E+00  0.1241E+02
  -9.312  0.0000E+00  0.1241E+02
  -9.302  0.0000E+00  0.1241E+02
  -9.292  0.0000E+00  0.1241E+02
  -9.282  0.0000E+00  0.1241E+02
  -9.272  0.0000E+00  0.1241E+02
  -9.262  0.0000E+00  0.1241E+02
  -9.252  0.0000E+00  0.1241E+02
  -9.242  0.0000E+00  0.1241E+02
  -9.232  0.0000E+00  0.1241E+02
  -9.222  0.0000E+00  0.1241E+02
  -9.212  0.0000E+00  0.1241E+02
  -9.202  0.0000E+00  0.1241E+02
  -9.192  0.0000E+00  0.1241E+02
  -9.182  0.0000E+00  0.1241E+02
  -9.172  0.0000E+00  0.1241E+02
  -9.162  0.0000E+00  0.1241E+02
  -9.152  0.0000E+00  0.1241E+02
  -9.142  0.0000E+00  0.1241E+02
  -9.132  0.0000E+00  0.1241E+02
  -9.122  0.0000E+00  0.1241E+02
  -9.112  0.0000E+00  0.1241E+02
  -9.102  0.0000E+00  0.1241E+02
  -9.092  0.0000E+00  0.1241E+02
  -9.082  0.0000E+00  0.1241E+02
  -9.072  0.0000E+00  0.1241E+02
  -9.062  0.0000E+00  0.1241E+02
  -9.052  0.0000E+00  0.1241E+02
  -9.042  0.0000E+00  0.1241E+02
  -9.032  0.0000E+00  0.1241E+02
  -9.022  0.0000E+00  0.1241E+02
  -9.012  0.0000E+00  0.1241E+02
  -9.002  0.0000E+00  0.1241E+02
  -8.992  0.0000E+00  0.1241E+02
  -8.982  0.0000E+00  0.1241E+02
  -8.972  0.0000E+00  0.1241E+02
  -8.962  0.0000E+00  0.1241E+02
  -8.952  0.0000E+00  0.1241E+02
  -8.942  0.0000E+00  0.1241E+02
  -8.932  0.0000E+00  0.1241E+02
  -8.922  0.0000E+00  0.1241E+02
  -8.912  0.0000E+00  0.1241E+02
  -8.902  0.0000E+00  0.1241E+02
  -8.892  0.0000E+00  0.1241E+02
  -8.882  0.0000E+00  0.1241E+02
  -8.872  0.0000E+00  0.1241E+02
  -8.862  0.0000E+00  0.1241E+02
  -8.852  0.0000E+00  0.1241E+02
  -8.842  0.0000E+00  0.1241E+02
  -8.832  0.0000E+00  0.1241E+02
  -8.822  0.0000E+00  0.1241E+02
  -8.812  0.0000E+00  0.1241E+02
  -8.802  0.0000E+00  0.1241E+02
  -8.792  0.0000E+00  0.1241E+02
  -8.782  0.0000E+00  0.1241E+02
  -8.772  0.0000E+00  0.1241E+02
  -8.762  0.0000E+00  0.1241E+02
  -8.752  0.0000E+00  0.1241E+02
  -8.742  0.0000E+00  0.1241E+02
  -8.732  0.0000E+00  0.1241E+02
  -8.722  0.0000E+00  0.1241E+02
  -8.712  0.0000E+00  0.1241E+02
  -8.702  0.0000E+00  0.1241E+02
  -8.692  0.0000E+00  0.1241E+02
  -8.682  0.0000E+00  0.1241E+02
  -8.672  0.0000E+00  0.1241E+02
  -8.662  0.0000E+00  0.1241E+02
  -8.652  0.0000E+00  0.1241E+02
  -8.642  0.0000E+00  0.1241E+02
  -8.632  0.0000E+00  0.1241E+02
  -8.622  0.0000E+00  0.1241E+02
  -8.612  0.0000E+00  0.1241E+02
  -8.602  0.0000E+00  0.1241E+02
  -8.592  0.0000E+00  0.1241E+02
  -8.582  0.0000E+00  0.1241E+02
  -8.572  0.0000E+00  0.1241E+02
  -8.562  0.0000E+00  0.1241E+02
  -8.552  0.0000E+00  0.1241E+02
  -8.542  0.0000E+00  0.1241E+02
  -8.532  0.0000E+00  0.1241E+02
  -8.522  0.0000E+00  0.1241E+02
  -8.512  0.0000E+00  0.1241E+02
  -8.502  0.0000E+00  0.1241E+02
  -8.492  0.0000E+00  0.1241E+02
  -8.482  0.0000E+00  0.1241E+02
  -8.472  0.0000E+00  0.1241E+02
  -8.462  0.0000E+00  0.1241E+02
  -8.452  0.0000E+00  0.1241E+02
  -8.442  0.0000E+00  0.1241E+02
  -8.432  0.0000E+00  0.1241E+02
  -8.422  0.0000E+00  0.1241E+02
  -8.412  0.0000E+00  0.1241E+02
  -8.402  0.0000E+00  0.1241E+02
  -8.392  0.0000E+00  0.1241E+02
  -8.382  0.0000E+00  0.1241E+02
  -8.372  0.0000E+00  0.1241E+02
  -8.362  0.0000E+00  0.1241E+02
  -8.352  0.0000E+00  0.1241E+02
  -8.342  0.0000E+00  0.1241E+02
  -8.332  0.0000E+00  0.1241E+02
  -8.322  0.0000E+00  0.1241E+02
  -8.312  0.0000E+00  0.1241E+02
  -8.302  0.0000E+00  0.1241E+02
  -8.292  0.0000E+00  0.1241E+02
  -8.282  0.0000E+00  0.1241E+02
  -8.272  0.0000E+00  0.1241E+02
  -8.262  0.0000E+00  0.1241E+02
  -8.252  0.0000E+00  0.1241E+02
  -8.242  0.0000E+00  0.1241E+02
  -8.232  0.0000E+00  0.1241E+02
  -8.222  0.0000E+00  0.1241E+02
  -8.212  0.0000E+00  0.1241E+02
  -8.202  0.0000E+00  0.1241E+02
  -8.192  0.0000E+00  0.1241E+02
  -8.182  0.0000E+00  0.1241E+02
  -8.172  0.0000E+00  0.1241E+02
  -8.162  0.0000E+00  0.1241E+02
  -8.152  0.0000E+00  0.1241E+02
  -8.142  0.0000E+00  0.1241E+02
  -8.132  0.0000E+00  0.1241E+02
  -8.122  0.0000E+00  0.1241E+02
  -8.112  0.0000E+00  0.1241E+02
  -8.102  0.0000E+00  0.1241E+02
  -8.092  0.0000E+00  0.1241E+02
  -8.082  0.0000E+00  0.1241E+02
  -8.072  0.0000E+00  0.1241E+02
  -8.062  0.0000E+00  0.1241E+02
  -8.052  0.0000E+00  0.1241E+02
  -8.042  0.0000E+00  0.1241E+02
  -8.032  0.0000E+00  0.1241E+02
  -8.022  0.0000E+00  0.1241E+02
  -8.012  0.0000E+00  0.1241E+02
  -8.002  0.0000E+00  0.1241E+02
  -7.992  0.0000E+00  0.1241E+02
  -7.982  0.0000E+00  0.1241E+02
  -7.972  0.0000E+00  0.1241E+02
  -7.962  0.0000E+00  0.1241E+02
  -7.952  0.0000E+00  0.1241E+02
  -7.942  0.0000E+00  0.1241E+02
  -7.932  0.0000E+00  0.1241E+02
  -7.922  0.0000E+00  0.1241E+02
  -7.912  0.0000E+00  0.1241E+02
  -7.902  0.0000E+00  0.1241E+02
  -7.892  0.0000E+00  0.1241E+02
  -7.882  0.0000E+00  0.1241E+02
  -7.872  0.0000E+00  0.1241E+02
  -7.862  0.0000E+00  0.1241E+02
  -7.852  0.0000E+00  0.1241E+02
  -7.842  0.0000E+00  0.1241E+02
  -7.832  0.0000E+00  0.1241E+02
  -7.822  0.0000E+00  0.1241E+02
  -7.812  0.0000E+00  0.1241E+02
  -7.802  0.0000E+00  0.1241E+02
  -7.792  0.0000E+00  0.1241E+02
  -7.782  0.0000E+00  0.1241E+02
  -7.772  0.0000E+00  0.1241E+02
  -7.762  0.0000E+00  0.1241E+02
  -7.752  0.0000E+00  0.1241E+02
  -7.742  0.0000E+00  0.1241E+02
  -7.732  0.0000E+00  0.1241E+02
  -7.722  0.0000E+00  0.1241E+02
  -7.712  0.0000E+00  0.1241E+02
  -7.702  0.0000E+00  0.1241E+02
  -7.692  0.0000E+00  0.1241E+02
  -7.682  0.0000E+00  0.1241E+02
  -7.672  0.0000E+00  0.1241E+02
  -7.662  0.0000E+00  0.1241E+02
  -7.652  0.0000E+00  0.1241E+02
  -7.642  0.0000E+00  0.1241E+02
  -7.632  0.0000E+00  0.1241E+02
  -7.622  0.0000E+00  0.1241E+02
  -7.612  0.0000E+00  0.1241E+02
  -7.602  0.0000E+00  0.1241E+02
  -7.592  0.0000E+00  0.1241E+02
  -7.582  0.0000E+00  0.1241E+02
  -7.572  0.0000E+00  0.1241E+02
  -7.562  0.0000E+00  0.1241E+02
  -7.552  0.0000E+00  0.1241E+02
  -7.542  0.0000E+00  0.1241E+02
  -7.532  0.0000E+00  0.1241E+02
  -7.522  0.0000E+00  0.1241E+02
  -7.512  0.0000E+00  0.1241E+02
  -7.502  0.0000E+00  0.1241E+02
  -7.492  0.0000E+00  0.1241E+02
  -7.482  0.0000E+00  0.1241E+02
  -7.472  0.0000E+00  0.1241E+02
  -7.462  0.0000E+00  0.1241E+02
  -7.452  0.0000E+00  0.1241E+02
  -7.442  0.0000E+00  0.1241E+02
  -7.432  0.0000E+00  0.1241E+02
  -7.422  0.0000E+00  0.1241E+02
  -7.412  0.0000E+00  0.1241E+02
  -7.402  0.0000E+00  0.1241E+02
  -7.392  0.0000E+00  0.1241E+02
  -7.382  0.0000E+00  0.1241E+02
  -7.372  0.0000E+00  0.1241E+02
  -7.362  0.0000E+00  0.1241E+02
  -7.352  0.0000E+00  0.1241E+02
  -7.342  0.0000E+00  0.1241E+02
  -7.332  0.0000E+00  0.1241E+02
  -7.322  0.0000E+00  0.1241E+02
  -7.312  0.0000E+00  0.1241E+02
  -7.302  0.0000E+00  0.1241E+02
  -7.292  0.0000E+00  0.1241E+02
  -7.282  0.0000E+00  0.1241E+02
  -7.272  0.0000E+00  0.1241E+02
  -7.262  0.0000E+00  0.1241E+02
  -7.252  0.0000E+00  0.1241E+02
  -7.242  0.0000E+00  0.1241E+02
  -7.232  0.0000E+00  0.1241E+02
  -7.222  0.0000E+00  0.1241E+02
  -7.212  0.0000E+00  0.1241E+02
  -7.202  0.0000E+00  0.1241E+02
  -7.192  0.0000E+00  0.1241E+02
  -7.182  0.0000E+00  0.1241E+02
  -7.172  0.0000E+00  0.1241E+02
  -7.162  0.0000E+00  0.1241E+02
  -7.152  0.0000E+00  0.1241E+02
  -7.142  0.0000E+00  0.1241E+02
  -7.132  0.0000E+00  0.1241E+02
  -7.122  0.0000E+00  0.1241E+02
  -7.112  0.0000E+00  0.1241E+02
  -7.102  0.0000E+00  0.1241E+02
  -7.092  0.0000E+00  0.1241E+02
  -7.082  0.0000E+00  0.1241E+02
  -7.072  0.0000E+00  0.1241E+02
  -7.062  0.0000E+00  0.1241E+02
  -7.052  0.0000E+00  0.1241E+02
  -7.042  0.0000E+00  0.1241E+02
  -7.032  0.0000E+00  0.1241E+02
  -7.022  0.0000E+00  0.1241E+02
  -7.012  0.0000E+00  0.1241E+02
  -7.002  0.0000E+00  0.1241E+02
  -6.992  0.0000E+00  0.1241E+02
  -6.982  0.0000E+00  0.1241E+02
  -6.972  0.0000E+00  0.1241E+02
  -6.962  0.0000E+00  0.1241E+02
  -6.952  0.0000E+00  0.1241E+02
  -6.942  0.0000E+00  0.1241E+02
  -6.932  0.0000E+00  0.1241E+02
  -6.922  0.0000E+00  0.1241E+02
  -6.912  0.0000E+00  0.1241E+02
  -6.902  0.0000E+00  0.1241E+02
  -6.892  0.0000E+00  0.1241E+02
  -6.882  0.0000E+00  0.1241E+02
  -6.872  0.0000E+00  0.1241E+02
  -6.862  0.0000E+00  0.1241E+02
  -6.852  0.0000E+00  0.1241E+02
  -6.842  0.0000E+00  0.1241E+02
  -6.832  0.0000E+00  0.1241E+02
  -6.822  0.0000E+00  0.1241E+02
  -6.812  0.0000E+00  0.1241E+02
  -6.802  0.0000E+00  0.1241E+02
  -6.792  0.0000E+00  0.1241E+02
  -6.782  0.0000E+00  0.1241E+02
  -6.772  0.0000E+00  0.1241E+02
  -6.762  0.0000E+00  0.1241E+02
  -6.752  0.6254E-02  0.1241E+02
  -6.742  0.2315E-01  0.1241E+02
  -6.732  0.4169E-01  0.1241E+02
  -6.722  0.6187E-01  0.1241E+02
  -6.712  0.8370E-01  0.1241E+02
  -6.702  0.1072E+00  0.1241E+02
  -6.692  0.1323E+00  0.1242E+02
  -6.682  0.1591E+00  0.1242E+02
  -6.672  0.1875E+00  0.1242E+02
  -6.662  0.2175E+00  0.1242E+02
  -6.652  0.2492E+00  0.1242E+02
  -6.642  0.2826E+00  0.1243E+02
  -6.632  0.3176E+00  0.1243E+02
  -6.622  0.3542E+00  0.1243E+02
  -6.612  0.3925E+00  0.1244E+02
  -6.602  0.3215E+00  0.1244E+02
  -6.592  0.3408E+00  0.1244E+02
  -6.582  0.3599E+00  0.1245E+02
  -6.572  0.3788E+00  0.1245E+02
  -6.562  0.3975E+00  0.1246E+02
  -6.552  0.4160E+00  0.1246E+02
  -6.542  0.4336E+00  0.1246E+02
  -6.532  0.4503E+00  0.1247E+02
  -6.522  0.4663E+00  0.1247E+02
  -6.512  0.4814E+00  0.1248E+02
  -6.502  0.4956E+00  0.1248E+02
  -6.492  0.5090E+00  0.1249E+02
  -6.482  0.5216E+00  0.1249E+02
  -6.472  0.5333E+00  0.1250E+02
  -6.462  0.5442E+00  0.1250E+02
  -6.452  0.5543E+00  0.1251E+02
  -6.442  0.5635E+00  0.1252E+02
  -6.432  0.5719E+00  0.1252E+02
  -6.422  0.5870E+00  0.1253E+02
  -6.412  0.6048E+00  0.1253E+02
  -6.402  0.6228E+00  0.1254E+02
  -6.392  0.6411E+00  0.1255E+02
  -6.382  0.6596E+00  0.1255E+02
  -6.372  0.6784E+00  0.1256E+02
  -6.362  0.6974E+00  0.1257E+02
  -6.352  0.7166E+00  0.1257E+02
  -6.342  0.7360E+00  0.1258E+02
  -6.332  0.7557E+00  0.1259E+02
  -6.322  0.7737E+00  0.1260E+02
  -6.312  0.7916E+00  0.1260E+02
  -6.302  0.8095E+00  0.1261E+02
  -6.292  0.8273E+00  0.1262E+02
  -6.282  0.8451E+00  0.1263E+02
  -6.272  0.8628E+00  0.1264E+02
  -6.262  0.8805E+00  0.1265E+02
  -6.252  0.8981E+00  0.1266E+02
  -6.242  0.9156E+00  0.1266E+02
  -6.232  0.9331E+00  0.1267E+02
  -6.222  0.9506E+00  0.1268E+02
  -6.212  0.9685E+00  0.1269E+02
  -6.202  0.9878E+00  0.1270E+02
  -6.192  0.1009E+01  0.1271E+02
  -6.182  0.1032E+01  0.1272E+02
  -6.172  0.1057E+01  0.1273E+02
  -6.162  0.1084E+01  0.1274E+02
  -6.152  0.1113E+01  0.1276E+02
  -6.142  0.1144E+01  0.1277E+02
  -6.132  0.1177E+01  0.1278E+02
  -6.122  0.1212E+01  0.1279E+02
  -6.112  0.1248E+01  0.1280E+02
  -6.102  0.1286E+01  0.1282E+02
  -6.092  0.1324E+01  0.1283E+02
  -6.082  0.1362E+01  0.1284E+02
  -6.072  0.1402E+01  0.1286E+02
  -6.062  0.1442E+01  0.1287E+02
  -6.052  0.1484E+01  0.1289E+02
  -6.042  0.1527E+01  0.1290E+02
  -6.032  0.1571E+01  0.1292E+02
  -6.022  0.1616E+01  0.1293E+02
  -6.012  0.1662E+01  0.1295E+02
  -6.002  0.1709E+01  0.1297E+02
  -5.992  0.1757E+01  0.1298E+02
  -5.982  0.1806E+01  0.1300E+02
  -5.972  0.1857E+01  0.1302E+02
  -5.962  0.1911E+01  0.1304E+02
  -5.952  0.1987E+01  0.1306E+02
  -5.942  0.2089E+01  0.1308E+02
  -5.932  0.2217E+01  0.1310E+02
  -5.922  0.2370E+01  0.1313E+02
  -5.912  0.2550E+01  0.1315E+02
  -5.902  0.2761E+01  0.1318E+02
  -5.892  0.3003E+01  0.1321E+02
  -5.882  0.3322E+01  0.1324E+02
  -5.872  0.4512E+01  0.1329E+02
  -5.862  0.6058E+01  0.1335E+02
  -5.852  0.8223E+01  0.1343E+02
  -5.842  0.1147E+02  0.1355E+02
  -5.832  0.1360E+02  0.1368E+02
  -5.822  0.1241E+02  0.1381E+02
  -5.812  0.7080E+01  0.1388E+02
  -5.802  0.5450E+01  0.1393E+02
  -5.792  0.4667E+01  0.1398E+02
  -5.782  0.4307E+01  0.1402E+02
  -5.772  0.3936E+01  0.1406E+02
  -5.762  0.3481E+01  0.1410E+02
  -5.752  0.3075E+01  0.1413E+02
  -5.742  0.2712E+01  0.1415E+02
  -5.732  0.2390E+01  0.1418E+02
  -5.722  0.2111E+01  0.1420E+02
  -5.712  0.1866E+01  0.1422E+02
  -5.702  0.1668E+01  0.1423E+02
  -5.692  0.1517E+01  0.1425E+02
  -5.682  0.1392E+01  0.1426E+02
  -5.672  0.1280E+01  0.1428E+02
  -5.662  0.1180E+01  0.1429E+02
  -5.652  0.1078E+01  0.1430E+02
  -5.642  0.9897E+00  0.1431E+02
  -5.632  0.9101E+00  0.1432E+02
  -5.622  0.8392E+00  0.1433E+02
  -5.612  0.7768E+00  0.1433E+02
  -5.602  0.7231E+00  0.1434E+02
  -5.592  0.6781E+00  0.1435E+02
  -5.582  0.6618E+00  0.1435E+02
  -5.572  0.6496E+00  0.1436E+02
  -5.562  0.6375E+00  0.1437E+02
  -5.552  0.6244E+00  0.1437E+02
  -5.542  0.6090E+00  0.1438E+02
  -5.532  0.5934E+00  0.1439E+02
  -5.522  0.5774E+00  0.1439E+02
  -5.512  0.5612E+00  0.1440E+02
  -5.502  0.5447E+00  0.1440E+02
  -5.492  0.5279E+00  0.1441E+02
  -5.482  0.5109E+00  0.1441E+02
  -5.472  0.4935E+00  0.1442E+02
  -5.462  0.1449E+00  0.1442E+02
  -5.452  0.1540E+00  0.1442E+02
  -5.442  0.1633E+00  0.1442E+02
  -5.432  0.1728E+00  0.1442E+02
  -5.422  0.1826E+00  0.1443E+02
  -5.412  0.1925E+00  0.1443E+02
  -5.402  0.2027E+00  0.1443E+02
  -5.392  0.2131E+00  0.1443E+02
  -5.382  0.2237E+00  0.1443E+02
  -5.372  0.2345E+00  0.1444E+02
  -5.362  0.2456E+00  0.1444E+02
  -5.352  0.2568E+00  0.1444E+02
  -5.342  0.2683E+00  0.1444E+02
  -5.332  0.2800E+00  0.1445E+02
  -5.322  0.2919E+00  0.1445E+02
  -5.312  0.3040E+00  0.1445E+02
  -5.302  0.3165E+00  0.1446E+02
  -5.292  0.3299E+00  0.1446E+02
  -5.282  0.3444E+00  0.1446E+02
  -5.272  0.3600E+00  0.1447E+02
  -5.262  0.3766E+00  0.1447E+02
  -5.252  0.3944E+00  0.1447E+02
  -5.242  0.4132E+00  0.1448E+02
  -5.232  0.4331E+00  0.1448E+02
  -5.222  0.4540E+00  0.1449E+02
  -5.212  0.4760E+00  0.1449E+02
  -5.202  0.4989E+00  0.1450E+02
  -5.192  0.5225E+00  0.1450E+02
  -5.182  0.5471E+00  0.1451E+02
  -5.172  0.5724E+00  0.1451E+02
  -5.162  0.5986E+00  0.1452E+02
  -5.152  0.6256E+00  0.1453E+02
  -5.142  0.6534E+00  0.1453E+02
  -5.132  0.6821E+00  0.1454E+02
  -5.122  0.7116E+00  0.1455E+02
  -5.112  0.7414E+00  0.1455E+02
  -5.102  0.7648E+00  0.1456E+02
  -5.092  0.7853E+00  0.1457E+02
  -5.082  0.8040E+00  0.1458E+02
  -5.072  0.8207E+00  0.1458E+02
  -5.062  0.8355E+00  0.1459E+02
  -5.052  0.8483E+00  0.1460E+02
  -5.042  0.8592E+00  0.1461E+02
  -5.032  0.8719E+00  0.1462E+02
  -5.022  0.8949E+00  0.1463E+02
  -5.012  0.9288E+00  0.1464E+02
  -5.002  0.9707E+00  0.1465E+02
  -4.992  0.1016E+01  0.1466E+02
  -4.982  0.1064E+01  0.1467E+02
  -4.972  0.1116E+01  0.1468E+02
  -4.962  0.1170E+01  0.1469E+02
  -4.952  0.1228E+01  0.1470E+02
  -4.942  0.1288E+01  0.1472E+02
  -4.932  0.1352E+01  0.1473E+02
  -4.922  0.1419E+01  0.1474E+02
  -4.912  0.1481E+01  0.1476E+02
  -4.902  0.1539E+01  0.1477E+02
  -4.892  0.1599E+01  0.1479E+02
  -4.882  0.1694E+01  0.1481E+02
  -4.872  0.1832E+01  0.1483E+02
  -4.862  0.1956E+01  0.1484E+02
  -4.852  0.2067E+01  0.1487E+02
  -4.842  0.2187E+01  0.1489E+02
  -4.832  0.2924E+01  0.1492E+02
  -4.822  0.3082E+01  0.1495E+02
  -4.812  0.3233E+01  0.1498E+02
  -4.802  0.3377E+01  0.1501E+02
  -4.792  0.3514E+01  0.1505E+02
  -4.782  0.3643E+01  0.1508E+02
  -4.772  0.3766E+01  0.1512E+02
  -4.762  0.4007E+01  0.1516E+02
  -4.752  0.4415E+01  0.1521E+02
  -4.742  0.4979E+01  0.1526E+02
  -4.732  0.5387E+01  0.1531E+02
  -4.722  0.5576E+01  0.1537E+02
  -4.712  0.5621E+01  0.1542E+02
  -4.702  0.5592E+01  0.1548E+02
  -4.692  0.5490E+01  0.1553E+02
  -4.682  0.5279E+01  0.1559E+02
  -4.672  0.4905E+01  0.1564E+02
  -4.662  0.4526E+01  0.1568E+02
  -4.652  0.4193E+01  0.1572E+02
  -4.642  0.3639E+01  0.1576E+02
  -4.632  0.3435E+01  0.1579E+02
  -4.622  0.3235E+01  0.1583E+02
  -4.612  0.3035E+01  0.1586E+02
  -4.602  0.2841E+01  0.1588E+02
  -4.592  0.2658E+01  0.1591E+02
  -4.582  0.2485E+01  0.1594E+02
  -4.572  0.2322E+01  0.1596E+02
  -4.562  0.2171E+01  0.1598E+02
  -4.552  0.2030E+01  0.1600E+02
  -4.542  0.1899E+01  0.1602E+02
  -4.532  0.1779E+01  0.1604E+02
  -4.522  0.1678E+01  0.1605E+02
  -4.512  0.1776E+01  0.1607E+02
  -4.502  0.1660E+01  0.1609E+02
  -4.492  0.1546E+01  0.1610E+02
  -4.482  0.1434E+01  0.1612E+02
  -4.472  0.1326E+01  0.1613E+02
  -4.462  0.1017E+01  0.1614E+02
  -4.452  0.9894E+00  0.1615E+02
  -4.442  0.9625E+00  0.1616E+02
  -4.432  0.9360E+00  0.1617E+02
  -4.422  0.9100E+00  0.1618E+02
  -4.412  0.8845E+00  0.1619E+02
  -4.402  0.8595E+00  0.1620E+02
  -4.392  0.8350E+00  0.1621E+02
  -4.382  0.8109E+00  0.1621E+02
  -4.372  0.7873E+00  0.1622E+02
  -4.362  0.7643E+00  0.1623E+02
  -4.352  0.7417E+00  0.1624E+02
  -4.342  0.7195E+00  0.1624E+02
  -4.332  0.6979E+00  0.1625E+02
  -4.322  0.6768E+00  0.1626E+02
  -4.312  0.6561E+00  0.1626E+02
  -4.302  0.6393E+00  0.1627E+02
  -4.292  0.6238E+00  0.1628E+02
  -4.282  0.6088E+00  0.1628E+02
  -4.272  0.5942E+00  0.1629E+02
  -4.262  0.5802E+00  0.1629E+02
  -4.252  0.5666E+00  0.1630E+02
  -4.242  0.5535E+00  0.1631E+02
  -4.232  0.5409E+00  0.1631E+02
  -4.222  0.5288E+00  0.1632E+02
  -4.212  0.5145E+00  0.1632E+02
  -4.202  0.4980E+00  0.1633E+02
  -4.192  0.4817E+00  0.1633E+02
  -4.182  0.4657E+00  0.1634E+02
  -4.172  0.4499E+00  0.1634E+02
  -4.162  0.4343E+00  0.1635E+02
  -4.152  0.4190E+00  0.1635E+02
  -4.142  0.4039E+00  0.1635E+02
  -4.132  0.3891E+00  0.1636E+02
  -4.122  0.3745E+00  0.1636E+02
  -4.112  0.3602E+00  0.1636E+02
  -4.102  0.3461E+00  0.1637E+02
  -4.092  0.3322E+00  0.1637E+02
  -4.082  0.3186E+00  0.1637E+02
  -4.072  0.3052E+00  0.1638E+02
  -4.062  0.2921E+00  0.1638E+02
  -4.052  0.4592E+00  0.1639E+02
  -4.042  0.3960E+00  0.1639E+02
  -4.032  0.3348E+00  0.1639E+02
  -4.022  0.2756E+00  0.1640E+02
  -4.012  0.2182E+00  0.1640E+02
  -4.002  0.1628E+00  0.1640E+02
  -3.992  0.1093E+00  0.1640E+02
  -3.982  0.1083E+01  0.1641E+02
  -3.972  0.1373E+01  0.1642E+02
  -3.962  0.1705E+01  0.1644E+02
  -3.952  0.1729E+01  0.1646E+02
  -3.942  0.1886E+01  0.1648E+02
  -3.932  0.2041E+01  0.1650E+02
  -3.922  0.2195E+01  0.1652E+02
  -3.912  0.2348E+01  0.1654E+02
  -3.902  0.2607E+01  0.1657E+02
  -3.892  0.3008E+01  0.1660E+02
  -3.882  0.3323E+01  0.1663E+02
  -3.872  0.3602E+01  0.1667E+02
  -3.862  0.3853E+01  0.1671E+02
  -3.852  0.3734E+01  0.1674E+02
  -3.842  0.3902E+01  0.1678E+02
  -3.832  0.3894E+01  0.1682E+02
  -3.822  0.3560E+01  0.1686E+02
  -3.812  0.3541E+01  0.1689E+02
  -3.802  0.3509E+01  0.1693E+02
  -3.792  0.3466E+01  0.1696E+02
  -3.782  0.3411E+01  0.1700E+02
  -3.772  0.3341E+01  0.1703E+02
  -3.762  0.3186E+01  0.1706E+02
  -3.752  0.3129E+01  0.1709E+02
  -3.742  0.3073E+01  0.1712E+02
  -3.732  0.3015E+01  0.1716E+02
  -3.722  0.2955E+01  0.1718E+02
  -3.712  0.2898E+01  0.1721E+02
  -3.702  0.2852E+01  0.1724E+02
  -3.692  0.2804E+01  0.1727E+02
  -3.682  0.2744E+01  0.1730E+02
  -3.672  0.2704E+01  0.1732E+02
  -3.662  0.2684E+01  0.1735E+02
  -3.652  0.2665E+01  0.1738E+02
  -3.642  0.2646E+01  0.1740E+02
  -3.632  0.2628E+01  0.1743E+02
  -3.622  0.2645E+01  0.1746E+02
  -3.612  0.2618E+01  0.1748E+02
  -3.602  0.2592E+01  0.1751E+02
  -3.592  0.2565E+01  0.1754E+02
  -3.582  0.2536E+01  0.1756E+02
  -3.572  0.2502E+01  0.1759E+02
  -3.562  0.2465E+01  0.1761E+02
  -3.552  0.2424E+01  0.1763E+02
  -3.542  0.2379E+01  0.1766E+02
  -3.532  0.2328E+01  0.1768E+02
  -3.522  0.2270E+01  0.1770E+02
  -3.512  0.2211E+01  0.1773E+02
  -3.502  0.2165E+01  0.1775E+02
  -3.492  0.2138E+01  0.1777E+02
  -3.482  0.2112E+01  0.1779E+02
  -3.472  0.2086E+01  0.1781E+02
  -3.462  0.2059E+01  0.1783E+02
  -3.452  0.2029E+01  0.1785E+02
  -3.442  0.1997E+01  0.1787E+02
  -3.432  0.1963E+01  0.1789E+02
  -3.422  0.1927E+01  0.1791E+02
  -3.412  0.1888E+01  0.1793E+02
  -3.402  0.1847E+01  0.1795E+02
  -3.392  0.1802E+01  0.1797E+02
  -3.382  0.1750E+01  0.1798E+02
  -3.372  0.1695E+01  0.1800E+02
  -3.362  0.1639E+01  0.1802E+02
  -3.352  0.1580E+01  0.1803E+02
  -3.342  0.1520E+01  0.1805E+02
  -3.332  0.1460E+01  0.1806E+02
  -3.322  0.1399E+01  0.1808E+02
  -3.312  0.1345E+01  0.1809E+02
  -3.302  0.1303E+01  0.1810E+02
  -3.292  0.1264E+01  0.1812E+02
  -3.282  0.1228E+01  0.1813E+02
  -3.272  0.1195E+01  0.1814E+02
  -3.262  0.1165E+01  0.1815E+02
  -3.252  0.1138E+01  0.1816E+02
  -3.242  0.1113E+01  0.1817E+02
  -3.232  0.1088E+01  0.1819E+02
  -3.222  0.1063E+01  0.1820E+02
  -3.212  0.1038E+01  0.1821E+02
  -3.202  0.1013E+01  0.1822E+02
  -3.192  0.9893E+00  0.1823E+02
  -3.182  0.9656E+00  0.1824E+02
  -3.172  0.9427E+00  0.1825E+02
  -3.162  0.9205E+00  0.1825E+02
  -3.152  0.8991E+00  0.1826E+02
  -3.142  0.8785E+00  0.1827E+02
  -3.132  0.8586E+00  0.1828E+02
  -3.122  0.8395E+00  0.1829E+02
  -3.112  0.8211E+00  0.1830E+02
  -3.102  0.8042E+00  0.1831E+02
  -3.092  0.7960E+00  0.1831E+02
  -3.082  0.7904E+00  0.1832E+02
  -3.072  0.8045E+00  0.1833E+02
  -3.062  0.8446E+00  0.1834E+02
  -3.052  0.9319E+00  0.1835E+02
  -3.042  0.1059E+01  0.1836E+02
  -3.032  0.1218E+01  0.1837E+02
  -3.022  0.1409E+01  0.1838E+02
  -3.012  0.1667E+01  0.1840E+02
  -3.002  0.2020E+01  0.1842E+02
  -2.992  0.2171E+01  0.1844E+02
  -2.982  0.2414E+01  0.1847E+02
  -2.972  0.2661E+01  0.1849E+02
  -2.962  0.3121E+01  0.1852E+02
  -2.952  0.3738E+01  0.1856E+02
  -2.942  0.4573E+01  0.1861E+02
  -2.932  0.8990E+01  0.1870E+02
  -2.922  0.1709E+02  0.1887E+02
  -2.912  0.2199E+02  0.1909E+02
  -2.902  0.2330E+02  0.1932E+02
  -2.892  0.2110E+02  0.1953E+02
  -2.882  0.1673E+02  0.1970E+02
  -2.872  0.1502E+02  0.1985E+02
  -2.862  0.1309E+02  0.1998E+02
  -2.852  0.1070E+02  0.2009E+02
  -2.842  0.8673E+01  0.2017E+02
  -2.832  0.8140E+01  0.2026E+02
  -2.822  0.8435E+01  0.2034E+02
  -2.812  0.8631E+01  0.2043E+02
  -2.802  0.9268E+01  0.2052E+02
  -2.792  0.9747E+01  0.2062E+02
  -2.782  0.9747E+01  0.2071E+02
  -2.772  0.9583E+01  0.2081E+02
  -2.762  0.9259E+01  0.2090E+02
  -2.752  0.8918E+01  0.2099E+02
  -2.742  0.8394E+01  0.2108E+02
  -2.732  0.7863E+01  0.2115E+02
  -2.722  0.7368E+01  0.2123E+02
  -2.712  0.6296E+01  0.2129E+02
  -2.702  0.6142E+01  0.2135E+02
  -2.692  0.6179E+01  0.2141E+02
  -2.682  0.5338E+01  0.2147E+02
  -2.672  0.5160E+01  0.2152E+02
  -2.662  0.5090E+01  0.2157E+02
  -2.652  0.5031E+01  0.2162E+02
  -2.642  0.4985E+01  0.2167E+02
  -2.632  0.4950E+01  0.2172E+02
  -2.622  0.4925E+01  0.2177E+02
  -2.612  0.4903E+01  0.2182E+02
  -2.602  0.5344E+01  0.2187E+02
  -2.592  0.5790E+01  0.2193E+02
  -2.582  0.6339E+01  0.2199E+02
  -2.572  0.6993E+01  0.2206E+02
  -2.562  0.7749E+01  0.2214E+02
  -2.552  0.1257E+02  0.2227E+02
  -2.542  0.9392E+01  0.2236E+02
  -2.532  0.8402E+01  0.2244E+02
  -2.522  0.2580E+01  0.2247E+02
  -2.512  0.9682E+00  0.2248E+02
  -2.502  0.1038E+01  0.2249E+02
  -2.492  0.1146E+01  0.2250E+02
  -2.482  0.1263E+01  0.2251E+02
  -2.472  0.1390E+01  0.2253E+02
  -2.462  0.4802E+01  0.2258E+02
  -2.452  0.3213E+01  0.2261E+02
  -2.442  0.4385E+01  0.2265E+02
  -2.432  0.6081E+01  0.2271E+02
  -2.422  0.7391E+01  0.2279E+02
  -2.412  0.8291E+01  0.2287E+02
  -2.402  0.8735E+01  0.2296E+02
  -2.392  0.9523E+01  0.2305E+02
  -2.382  0.9661E+01  0.2315E+02
  -2.372  0.1033E+02  0.2325E+02
  -2.362  0.9557E+01  0.2335E+02
  -2.352  0.8663E+01  0.2343E+02
  -2.342  0.7728E+01  0.2351E+02
  -2.332  0.6863E+01  0.2358E+02
  -2.322  0.6253E+01  0.2364E+02
  -2.312  0.5740E+01  0.2370E+02
  -2.302  0.5349E+01  0.2375E+02
  -2.292  0.5007E+01  0.2380E+02
  -2.282  0.4718E+01  0.2385E+02
  -2.272  0.4457E+01  0.2390E+02
  -2.262  0.4211E+01  0.2394E+02
  -2.252  0.4009E+01  0.2398E+02
  -2.242  0.3848E+01  0.2402E+02
  -2.232  0.3717E+01  0.2405E+02
  -2.222  0.3618E+01  0.2409E+02
  -2.212  0.3766E+01  0.2413E+02
  -2.202  0.3689E+01  0.2416E+02
  -2.192  0.3449E+01  0.2420E+02
  -2.182  0.3158E+01  0.2423E+02
  -2.172  0.2856E+01  0.2426E+02
  -2.162  0.2692E+01  0.2429E+02
  -2.152  0.2444E+01  0.2431E+02
  -2.142  0.2136E+01  0.2433E+02
  -2.132  0.1996E+01  0.2435E+02
  -2.122  0.1639E+01  0.2437E+02
  -2.112  0.1338E+01  0.2438E+02
  -2.102  0.1093E+01  0.2439E+02
  -2.092  0.9037E+00  0.2440E+02
  -2.082  0.7369E+00  0.2441E+02
  -2.072  0.5274E+00  0.2441E+02
  -2.062  0.2735E+00  0.2442E+02
  -2.052  0.0000E+00  0.2442E+02
  -2.042  0.0000E+00  0.2442E+02
  -2.032  0.0000E+00  0.2442E+02
  -2.022  0.0000E+00  0.2442E+02
  -2.012  0.0000E+00  0.2442E+02
  -2.002  0.0000E+00  0.2442E+02
  -1.992  0.0000E+00  0.2442E+02
  -1.982  0.0000E+00  0.2442E+02
  -1.972  0.0000E+00  0.2442E+02
  -1.962  0.0000E+00  0.2442E+02
  -1.952  0.0000E+00  0.2442E+02
  -1.942  0.0000E+00  0.2442E+02
  -1.932  0.0000E+00  0.2442E+02
  -1.922  0.0000E+00  0.2442E+02
  -1.912  0.0000E+00  0.2442E+02
  -1.902  0.0000E+00  0.2442E+02
  -1.892  0.0000E+00  0.2442E+02
  -1.882  0.0000E+00  0.2442E+02
  -1.872  0.0000E+00  0.2442E+02
  -1.862  0.0000E+00  0.2442E+02
  -1.852  0.0000E+00  0.2442E+02
  -1.842  0.0000E+00  0.2442E+02
  -1.832  0.0000E+00  0.2442E+02
  -1.822  0.0000E+00  0.2442E+02
  -1.812  0.0000E+00  0.2442E+02
  -1.802  0.0000E+00  0.2442E+02
  -1.792  0.0000E+00  0.2442E+02
  -1.782  0.0000E+00  0.2442E+02
  -1.772  0.0000E+00  0.2442E+02
  -1.762  0.0000E+00  0.2442E+02
  -1.752  0.0000E+00  0.2442E+02
  -1.742  0.0000E+00  0.2442E+02
  -1.732  0.0000E+00  0.2442E+02
  -1.722  0.0000E+00  0.2442E+02
  -1.712  0.0000E+00  0.2442E+02
  -1.702  0.0000E+00  0.2442E+02
  -1.692  0.0000E+00  0.2442E+02
  -1.682  0.0000E+00  0.2442E+02
  -1.672  0.0000E+00  0.2442E+02
  -1.662  0.0000E+00  0.2442E+02
  -1.652  0.0000E+00  0.2442E+02
  -1.642  0.0000E+00  0.2442E+02
  -1.632  0.0000E+00  0.2442E+02
  -1.622  0.0000E+00  0.2442E+02
  -1.612  0.0000E+00  0.2442E+02
  -1.602  0.0000E+00  0.2442E+02
  -1.592  0.0000E+00  0.2442E+02
  -1.582  0.0000E+00  0.2442E+02
  -1.572  0.0000E+00  0.2442E+02
  -1.562  0.0000E+00  0.2442E+02
  -1.552  0.0000E+00  0.2442E+02
  -1.542  0.0000E+00  0.2442E+02
  -1.532  0.0000E+00  0.2442E+02
  -1.522  0.0000E+00  0.2442E+02
  -1.512  0.0000E+00  0.2442E+02
  -1.502  0.0000E+00  0.2442E+02
  -1.492  0.0000E+00  0.2442E+02
  -1.482  0.0000E+00  0.2442E+02
  -1.472  0.0000E+00  0.2442E+02
  -1.462  0.0000E+00  0.2442E+02
  -1.452  0.0000E+00  0.2442E+02
  -1.442  0.0000E+00  0.2442E+02
  -1.432  0.0000E+00  0.2442E+02
  -1.422  0.0000E+00  0.2442E+02
  -1.412  0.0000E+00  0.2442E+02
  -1.402  0.0000E+00  0.2442E+02
  -1.392  0.0000E+00  0.2442E+02
  -1.382  0.0000E+00  0.2442E+02
  -1.372  0.0000E+00  0.2442E+02
  -1.362  0.0000E+00  0.2442E+02
  -1.352  0.0000E+00  0.2442E+02
  -1.342  0.0000E+00  0.2442E+02
  -1.332  0.0000E+00  0.2442E+02
  -1.322  0.0000E+00  0.2442E+02
  -1.312  0.0000E+00  0.2442E+02
  -1.302  0.0000E+00  0.2442E+02
  -1.292  0.0000E+00  0.2442E+02
  -1.282  0.0000E+00  0.2442E+02
  -1.272  0.0000E+00  0.2442E+02
  -1.262  0.0000E+00  0.2442E+02
  -1.252  0.0000E+00  0.2442E+02
  -1.242  0.0000E+00  0.2442E+02
  -1.232  0.0000E+00  0.2442E+02
  -1.222  0.0000E+00  0.2442E+02
  -1.212  0.0000E+00  0.2442E+02
  -1.202  0.0000E+00  0.2442E+02
  -1.192  0.0000E+00  0.2442E+02
  -1.182  0.0000E+00  0.2442E+02
  -1.172  0.0000E+00  0.2442E+02
  -1.162  0.0000E+00  0.2442E+02
  -1.152  0.0000E+00  0.2442E+02
  -1.142  0.0000E+00  0.2442E+02
  -1.132  0.0000E+00  0.2442E+02
  -1.122  0.0000E+00  0.2442E+02
  -1.112  0.0000E+00  0.2442E+02
  -1.102  0.0000E+00  0.2442E+02
  -1.092  0.0000E+00  0.2442E+02
  -1.082  0.0000E+00  0.2442E+02
  -1.072  0.0000E+00  0.2442E+02
  -1.062  0.0000E+00  0.2442E+02
  -1.052  0.0000E+00  0.2442E+02
  -1.042  0.0000E+00  0.2442E+02
  -1.032  0.0000E+00  0.2442E+02
  -1.022  0.0000E+00  0.2442E+02
  -1.012  0.0000E+00  0.2442E+02
  -1.002  0.0000E+00  0.2442E+02
  -0.992  0.0000E+00  0.2442E+02
  -0.982  0.0000E+00  0.2442E+02
  -0.972  0.0000E+00  0.2442E+02
  -0.962  0.0000E+00  0.2442E+02
  -0.952  0.0000E+00  0.2442E+02
  -0.942  0.0000E+00  0.2442E+02
  -0.932  0.0000E+00  0.2442E+02
  -0.922  0.0000E+00  0.2442E+02
  -0.912  0.0000E+00  0.2442E+02
  -0.902  0.0000E+00  0.2442E+02
  -0.892  0.0000E+00  0.2442E+02
  -0.882  0.0000E+00  0.2442E+02
  -0.872  0.0000E+00  0.2442E+02
  -0.862  0.0000E+00  0.2442E+02
  -0.852  0.0000E+00  0.2442E+02
  -0.842  0.0000E+00  0.2442E+02
  -0.832  0.0000E+00  0.2442E+02
  -0.822  0.0000E+00  0.2442E+02
  -0.812  0.0000E+00  0.2442E+02
  -0.802  0.0000E+00  0.2442E+02
  -0.792  0.0000E+00  0.2442E+02
  -0.782  0.0000E+00  0.2442E+02
  -0.772  0.0000E+00  0.2442E+02
  -0.762  0.0000E+00  0.2442E+02
  -0.752  0.0000E+00  0.2442E+02
  -0.742  0.0000E+00  0.2442E+02
  -0.732  0.0000E+00  0.2442E+02
  -0.722  0.0000E+00  0.2442E+02
  -0.712  0.0000E+00  0.2442E+02
  -0.702  0.0000E+00  0.2442E+02
  -0.692  0.0000E+00  0.2442E+02
  -0.682  0.0000E+00  0.2442E+02
  -0.672  0.0000E+00  0.2442E+02
  -0.662  0.2090E+01  0.2444E+02
  -0.652  0.2398E+01  0.2446E+02
  -0.642  0.2990E+01  0.2449E+02
  -0.632  0.4179E+01  0.2453E+02
  -0.622  0.5708E+01  0.2459E+02
  -0.612  0.8144E+01  0.2467E+02
  -0.602  0.1265E+02  0.2480E+02
  -0.592  0.1106E+02  0.2491E+02
  -0.582  0.1092E+02  0.2502E+02
  -0.572  0.1102E+02  0.2513E+02
  -0.562  0.1141E+02  0.2524E+02
  -0.552  0.1182E+02  0.2536E+02
  -0.542  0.1280E+02  0.2549E+02
  -0.532  0.1384E+02  0.2563E+02
  -0.522  0.1349E+02  0.2576E+02
  -0.512  0.1259E+02  0.2589E+02
  -0.502  0.1146E+02  0.2600E+02
  -0.492  0.8762E+01  0.2609E+02
  -0.482  0.8044E+01  0.2617E+02
  -0.472  0.7428E+01  0.2624E+02
  -0.462  0.6931E+01  0.2631E+02
  -0.452  0.6530E+01  0.2638E+02
  -0.442  0.6427E+01  0.2644E+02
  -0.432  0.6197E+01  0.2650E+02
  -0.422  0.5854E+01  0.2656E+02
  -0.412  0.5573E+01  0.2662E+02
  -0.402  0.5346E+01  0.2667E+02
  -0.392  0.5140E+01  0.2672E+02
  -0.382  0.5196E+01  0.2678E+02
  -0.372  0.5261E+01  0.2683E+02
  -0.362  0.5315E+01  0.2688E+02
  -0.352  0.5364E+01  0.2694E+02
  -0.342  0.5386E+01  0.2699E+02
  -0.332  0.5579E+01  0.2705E+02
  -0.322  0.5966E+01  0.2710E+02
  -0.312  0.6514E+01  0.2717E+02
  -0.302  0.7370E+01  0.2724E+02
  -0.292  0.8543E+01  0.2733E+02
  -0.282  0.8636E+01  0.2742E+02
  -0.272  0.8427E+01  0.2750E+02
  -0.262  0.7670E+01  0.2758E+02
  -0.252  0.7902E+01  0.2766E+02
  -0.242  0.7693E+01  0.2773E+02
  -0.232  0.8256E+01  0.2781E+02
  -0.222  0.8463E+01  0.2790E+02
  -0.212  0.7978E+01  0.2798E+02
  -0.202  0.7388E+01  0.2805E+02
  -0.192  0.6849E+01  0.2812E+02
  -0.182  0.6352E+01  0.2819E+02
  -0.172  0.5545E+01  0.2824E+02
  -0.162  0.5076E+01  0.2829E+02
  -0.152  0.4890E+01  0.2834E+02
  -0.142  0.4807E+01  0.2839E+02
  -0.132  0.4821E+01  0.2844E+02
  -0.122  0.5444E+01  0.2849E+02
  -0.112  0.5923E+01  0.2855E+02
  -0.102  0.6300E+01  0.2861E+02
  -0.092  0.6561E+01  0.2868E+02
  -0.082  0.6330E+01  0.2874E+02
  -0.072  0.7010E+01  0.2881E+02
  -0.062  0.7855E+01  0.2889E+02
  -0.052  0.9011E+01  0.2898E+02
  -0.042  0.1003E+02  0.2908E+02
  -0.032  0.1058E+02  0.2919E+02
  -0.022  0.1106E+02  0.2930E+02
  -0.012  0.1208E+02  0.2942E+02
  -0.002  0.1674E+02  0.2959E+02
   0.008  0.1212E+02  0.2971E+02
   0.018  0.7428E+01  0.2978E+02
   0.028  0.5992E+01  0.2984E+02
   0.038  0.5515E+01  0.2990E+02
   0.048  0.5290E+01  0.2995E+02
   0.058  0.5129E+01  0.3000E+02
   0.068  0.4971E+01  0.3005E+02
   0.078  0.4808E+01  0.3010E+02
   0.088  0.4642E+01  0.3014E+02
   0.098  0.4517E+01  0.3019E+02
   0.108  0.5827E+01  0.3025E+02
   0.118  0.4707E+01  0.3030E+02
   0.128  0.3700E+01  0.3033E+02
   0.138  0.2998E+01  0.3036E+02
   0.148  0.1957E+01  0.3038E+02
   0.158  0.6880E+00  0.3039E+02
   0.168  0.5735E-01  0.3039E+02
   0.178  0.3242E+00  0.3039E+02
   0.188  0.7128E+00  0.3040E+02
   0.198  0.1194E+01  0.3041E+02
   0.208  0.1762E+01  0.3043E+02
   0.218  0.2324E+01  0.3045E+02
   0.228  0.2874E+01  0.3048E+02
   0.238  0.3447E+01  0.3052E+02
   0.248  0.4070E+01  0.3056E+02
   0.258  0.4785E+01  0.3060E+02
   0.268  0.5991E+01  0.3066E+02
   0.278  0.7959E+01  0.3074E+02
   0.288  0.1070E+02  0.3085E+02
   0.298  0.1477E+02  0.3100E+02
   0.308  0.1891E+02  0.3119E+02
   0.318  0.1833E+02  0.3137E+02
   0.328  0.1323E+02  0.3150E+02
   0.338  0.1120E+02  0.3162E+02
   0.348  0.9490E+01  0.3171E+02
   0.358  0.8159E+01  0.3179E+02
   0.368  0.7221E+01  0.3186E+02
   0.378  0.6393E+01  0.3193E+02
   0.388  0.6002E+01  0.3199E+02
   0.398  0.5206E+01  0.3204E+02
   0.408  0.4666E+01  0.3209E+02
   0.418  0.4349E+01  0.3213E+02
   0.428  0.4002E+01  0.3217E+02
   0.438  0.3686E+01  0.3221E+02
   0.448  0.3401E+01  0.3224E+02
   0.458  0.3146E+01  0.3227E+02
   0.468  0.4685E+01  0.3232E+02
   0.478  0.2873E+01  0.3235E+02
   0.488  0.2945E+01  0.3238E+02
   0.498  0.3920E+01  0.3242E+02
   0.508  0.3988E+01  0.3246E+02
   0.518  0.6021E+01  0.3252E+02
   0.528  0.8295E+01  0.3260E+02
   0.538  0.1007E+02  0.3270E+02
   0.548  0.1365E+02  0.3284E+02
   0.558  0.1660E+02  0.3300E+02
   0.568  0.1980E+02  0.3320E+02
   0.578  0.1844E+02  0.3339E+02
   0.588  0.1695E+02  0.3355E+02
   0.598  0.1613E+02  0.3372E+02
   0.608  0.1464E+02  0.3386E+02
   0.618  0.1276E+02  0.3399E+02
   0.628  0.1065E+02  0.3410E+02
   0.638  0.7782E+01  0.3417E+02
   0.648  0.4248E+01  0.3422E+02
   0.658  0.1332E+01  0.3423E+02
   0.668  0.1228E+01  0.3424E+02
   0.678  0.1126E+01  0.3425E+02
   0.688  0.1024E+01  0.3426E+02
   0.698  0.9369E+00  0.3427E+02
   0.708  0.8671E+00  0.3428E+02
   0.718  0.8076E+00  0.3429E+02
   0.728  0.7556E+00  0.3430E+02
   0.738  0.6863E+01  0.3437E+02
   0.748  0.3714E+01  0.3440E+02
   0.758  0.3677E+01  0.3444E+02
   0.768  0.3645E+01  0.3448E+02
   0.778  0.3648E+01  0.3451E+02
   0.788  0.3688E+01  0.3455E+02
   0.798  0.3829E+01  0.3459E+02
   0.808  0.4396E+01  0.3463E+02
   0.818  0.5408E+01  0.3469E+02
   0.828  0.6423E+01  0.3475E+02
   0.838  0.7062E+01  0.3482E+02
   0.848  0.7677E+01  0.3490E+02
   0.858  0.7974E+01  0.3498E+02
   0.868  0.6843E+01  0.3505E+02
   0.878  0.6245E+01  0.3511E+02
   0.888  0.5922E+01  0.3517E+02
   0.898  0.6022E+01  0.3523E+02
   0.908  0.6365E+01  0.3529E+02
   0.918  0.6818E+01  0.3536E+02
   0.928  0.7255E+01  0.3543E+02
   0.938  0.7742E+01  0.3551E+02
   0.948  0.8287E+01  0.3559E+02
   0.958  0.9150E+01  0.3568E+02
   0.968  0.1042E+02  0.3579E+02
   0.978  0.1147E+02  0.3590E+02
   0.988  0.1228E+02  0.3603E+02
   0.998  0.1279E+02  0.3615E+02
   1.008  0.1214E+02  0.3628E+02
   1.018  0.1180E+02  0.3639E+02
   1.028  0.1143E+02  0.3651E+02
   1.038  0.1069E+02  0.3661E+02
   1.048  0.1027E+02  0.3672E+02
   1.058  0.9949E+01  0.3682E+02
   1.068  0.9332E+01  0.3691E+02
   1.078  0.9034E+01  0.3700E+02
   1.088  0.1075E+02  0.3711E+02
   1.098  0.1312E+02  0.3724E+02
   1.108  0.1695E+02  0.3741E+02
   1.118  0.1135E+02  0.3752E+02
   1.128  0.8758E+01  0.3761E+02
   1.138  0.7529E+01  0.3768E+02
   1.148  0.6532E+01  0.3775E+02
   1.158  0.5786E+01  0.3781E+02
   1.168  0.5495E+01  0.3786E+02
   1.178  0.5295E+01  0.3792E+02
   1.188  0.5117E+01  0.3797E+02
   1.198  0.4979E+01  0.3802E+02
   1.208  0.4917E+01  0.3807E+02
   1.218  0.4889E+01  0.3811E+02
   1.228  0.4843E+01  0.3816E+02
   1.238  0.4779E+01  0.3821E+02
   1.248  0.4697E+01  0.3826E+02
   1.258  0.4635E+01  0.3830E+02
   1.268  0.5960E+01  0.3836E+02
   1.278  0.5835E+01  0.3842E+02
   1.288  0.6123E+01  0.3848E+02
   1.298  0.6615E+01  0.3855E+02
   1.308  0.7317E+01  0.3862E+02
   1.318  0.8176E+01  0.3870E+02
   1.328  0.8939E+01  0.3879E+02
   1.338  0.9482E+01  0.3889E+02
   1.348  0.9899E+01  0.3899E+02
   1.358  0.1045E+02  0.3909E+02
   1.368  0.1112E+02  0.3920E+02
   1.378  0.1182E+02  0.3932E+02
   1.388  0.1187E+02  0.3944E+02
   1.398  0.1210E+02  0.3956E+02
   1.408  0.1235E+02  0.3968E+02
   1.418  0.1255E+02  0.3981E+02
   1.428  0.1203E+02  0.3993E+02
   1.438  0.1098E+02  0.4004E+02
   1.448  0.1010E+02  0.4014E+02
   1.458  0.8598E+01  0.4023E+02
   1.468  0.7294E+01  0.4030E+02
   1.478  0.6120E+01  0.4036E+02
   1.488  0.5355E+01  0.4042E+02
   1.498  0.4718E+01  0.4046E+02
   1.508  0.4810E+01  0.4051E+02
   1.518  0.4971E+01  0.4056E+02
   1.528  0.5373E+01  0.4061E+02
   1.538  0.6002E+01  0.4067E+02
   1.548  0.7121E+01  0.4075E+02
   1.558  0.8729E+01  0.4083E+02
   1.568  0.1018E+02  0.4093E+02
   1.578  0.9719E+01  0.4103E+02
   1.588  0.1007E+02  0.4113E+02
   1.598  0.1155E+02  0.4125E+02
   1.608  0.1234E+02  0.4137E+02
   1.618  0.1329E+02  0.4150E+02
   1.628  0.1436E+02  0.4165E+02
   1.638  0.1639E+02  0.4181E+02
   1.648  0.1798E+02  0.4199E+02
   1.658  0.1789E+02  0.4217E+02
   1.668  0.1102E+02  0.4228E+02
   1.678  0.6725E+01  0.4235E+02
   1.688  0.3359E+01  0.4238E+02
   1.698  0.1507E+01  0.4240E+02
   1.708  0.0000E+00  0.4240E+02
   1.718  0.1136E-01  0.4240E+02
   1.728  0.1425E+00  0.4240E+02
   1.738  0.4486E+00  0.4240E+02
   1.748  0.1119E+01  0.4241E+02
   1.758  0.2033E+01  0.4243E+02
   1.768  0.3033E+01  0.4246E+02
   1.778  0.4415E+01  0.4251E+02
   1.788  0.6059E+01  0.4257E+02
   1.798  0.7347E+01  0.4264E+02
   1.808  0.8554E+01  0.4273E+02
   1.818  0.9591E+01  0.4282E+02
   1.828  0.1288E+02  0.4295E+02
   1.838  0.1301E+02  0.4308E+02
   1.848  0.1235E+02  0.4321E+02
   1.858  0.1139E+02  0.4332E+02
   1.868  0.1084E+02  0.4343E+02
   1.878  0.1036E+02  0.4353E+02
   1.888  0.9944E+01  0.4363E+02
   1.898  0.9390E+01  0.4373E+02
   1.908  0.8314E+01  0.4381E+02
   1.918  0.6876E+01  0.4388E+02
   1.928  0.5687E+01  0.4393E+02
   1.938  0.4725E+01  0.4398E+02
   1.948  0.4139E+01  0.4402E+02
   1.958  0.3794E+01  0.4406E+02
   1.968  0.4604E+01  0.4411E+02
   1.978  0.4866E+01  0.4416E+02
   1.988  0.5166E+01  0.4421E+02
   1.998  0.5502E+01  0.4426E+02
   2.008  0.4764E+01  0.4431E+02
   2.018  0.4612E+01  0.4436E+02
   2.028  0.4740E+01  0.4440E+02
   2.038  0.4581E+01  0.4445E+02
   2.048  0.4122E+01  0.4449E+02
   2.058  0.4273E+01  0.4453E+02
   2.068  0.4429E+01  0.4458E+02
   2.078  0.4586E+01  0.4462E+02
   2.088  0.4748E+01  0.4467E+02
   2.098  0.4881E+01  0.4472E+02
   2.108  0.4470E+01  0.4476E+02
   2.118  0.4518E+01  0.4481E+02
   2.128  0.4612E+01  0.4486E+02
   2.138  0.4722E+01  0.4490E+02
   2.148  0.4850E+01  0.4495E+02
