#  E (eV)   dos(E)     Int dos(E) EFermi =   2.573 eV
 -17.996  0.8984E-05  0.8984E-07
 -17.986  0.1052E-04  0.1950E-06
 -17.976  0.1231E-04  0.3181E-06
 -17.966  0.1438E-04  0.4619E-06
 -17.956  0.1679E-04  0.6298E-06
 -17.946  0.1957E-04  0.8255E-06
 -17.936  0.2279E-04  0.1053E-05
 -17.926  0.2652E-04  0.1319E-05
 -17.916  0.3081E-04  0.1627E-05
 -17.906  0.3577E-04  0.1984E-05
 -17.896  0.4147E-04  0.2399E-05
 -17.886  0.4803E-04  0.2879E-05
 -17.876  0.5556E-04  0.3435E-05
 -17.866  0.6421E-04  0.4077E-05
 -17.856  0.7412E-04  0.4818E-05
 -17.846  0.8547E-04  0.5673E-05
 -17.836  0.9845E-04  0.6658E-05
 -17.826  0.1133E-03  0.7790E-05
 -17.816  0.1302E-03  0.9092E-05
 -17.806  0.1495E-03  0.1059E-04
 -17.796  0.1714E-03  0.1230E-04
 -17.786  0.1963E-03  0.1426E-04
 -17.776  0.2247E-03  0.1651E-04
 -17.766  0.2568E-03  0.1908E-04
 -17.756  0.2932E-03  0.2201E-04
 -17.746  0.3345E-03  0.2536E-04
 -17.736  0.3811E-03  0.2917E-04
 -17.726  0.4337E-03  0.3350E-04
 -17.716  0.4931E-03  0.3843E-04
 -17.706  0.5599E-03  0.4403E-04
 -17.696  0.6352E-03  0.5039E-04
 -17.686  0.7199E-03  0.5758E-04
 -17.676  0.8149E-03  0.6573E-04
 -17.666  0.9215E-03  0.7495E-04
 -17.656  0.1041E-02  0.8536E-04
 -17.646  0.1175E-02  0.9710E-04
 -17.636  0.1324E-02  0.1103E-03
 -17.626  0.1491E-02  0.1253E-03
 -17.616  0.1677E-02  0.1420E-03
 -17.606  0.1884E-02  0.1609E-03
 -17.596  0.2115E-02  0.1820E-03
 -17.586  0.2372E-02  0.2057E-03
 -17.576  0.2656E-02  0.2323E-03
 -17.566  0.2972E-02  0.2620E-03
 -17.556  0.3322E-02  0.2952E-03
 -17.546  0.3710E-02  0.3323E-03
 -17.536  0.4138E-02  0.3737E-03
 -17.526  0.4611E-02  0.4198E-03
 -17.516  0.5133E-02  0.4712E-03
 -17.506  0.5708E-02  0.5282E-03
 -17.496  0.6340E-02  0.5916E-03
 -17.486  0.7036E-02  0.6620E-03
 -17.476  0.7800E-02  0.7400E-03
 -17.466  0.8639E-02  0.8264E-03
 -17.456  0.9557E-02  0.9220E-03
 -17.446  0.1056E-01  0.1028E-02
 -17.436  0.1166E-01  0.1144E-02
 -17.426  0.1286E-01  0.1273E-02
 -17.416  0.1418E-01  0.1415E-02
 -17.406  0.1560E-01  0.1571E-02
 -17.396  0.1716E-01  0.1742E-02
 -17.386  0.1885E-01  0.1931E-02
 -17.376  0.2069E-01  0.2138E-02
 -17.366  0.2269E-01  0.2365E-02
 -17.356  0.2485E-01  0.2613E-02
 -17.346  0.2719E-01  0.2885E-02
 -17.336  0.2973E-01  0.3182E-02
 -17.326  0.3247E-01  0.3507E-02
 -17.316  0.3543E-01  0.3861E-02
 -17.306  0.3862E-01  0.4247E-02
 -17.296  0.4206E-01  0.4668E-02
 -17.286  0.4576E-01  0.5126E-02
 -17.276  0.4974E-01  0.5623E-02
 -17.266  0.5401E-01  0.6163E-02
 -17.256  0.5860E-01  0.6749E-02
 -17.246  0.6351E-01  0.7384E-02
 -17.236  0.6877E-01  0.8072E-02
 -17.226  0.7440E-01  0.8816E-02
 -17.216  0.8042E-01  0.9620E-02
 -17.206  0.8684E-01  0.1049E-01
 -17.196  0.9369E-01  0.1143E-01
 -17.186  0.1010E+00  0.1244E-01
 -17.176  0.1087E+00  0.1352E-01
 -17.166  0.1170E+00  0.1469E-01
 -17.156  0.1258E+00  0.1595E-01
 -17.146  0.1351E+00  0.1730E-01
 -17.136  0.1449E+00  0.1875E-01
 -17.126  0.1554E+00  0.2030E-01
 -17.116  0.1664E+00  0.2197E-01
 -17.106  0.1781E+00  0.2375E-01
 -17.096  0.1904E+00  0.2565E-01
 -17.086  0.2034E+00  0.2769E-01
 -17.076  0.2171E+00  0.2986E-01
 -17.066  0.2315E+00  0.3218E-01
 -17.056  0.2467E+00  0.3464E-01
 -17.046  0.2626E+00  0.3727E-01
 -17.036  0.2794E+00  0.4006E-01
 -17.026  0.2969E+00  0.4303E-01
 -17.016  0.3153E+00  0.4618E-01
 -17.006  0.3345E+00  0.4953E-01
 -16.996  0.3546E+00  0.5307E-01
 -16.986  0.3755E+00  0.5683E-01
 -16.976  0.3974E+00  0.6080E-01
 -16.966  0.4202E+00  0.6501E-01
 -16.956  0.4440E+00  0.6945E-01
 -16.946  0.4687E+00  0.7413E-01
 -16.936  0.4944E+00  0.7908E-01
 -16.926  0.5211E+00  0.8429E-01
 -16.916  0.5487E+00  0.8978E-01
 -16.906  0.5774E+00  0.9555E-01
 -16.896  0.6071E+00  0.1016E+00
 -16.886  0.6377E+00  0.1080E+00
 -16.876  0.6694E+00  0.1147E+00
 -16.866  0.7021E+00  0.1217E+00
 -16.856  0.7358E+00  0.1291E+00
 -16.846  0.7705E+00  0.1368E+00
 -16.836  0.8063E+00  0.1448E+00
 -16.826  0.8430E+00  0.1533E+00
 -16.816  0.8807E+00  0.1621E+00
 -16.806  0.9193E+00  0.1713E+00
 -16.796  0.9589E+00  0.1809E+00
 -16.786  0.9995E+00  0.1909E+00
 -16.776  0.1041E+01  0.2013E+00
 -16.766  0.1083E+01  0.2121E+00
 -16.756  0.1126E+01  0.2234E+00
 -16.746  0.1170E+01  0.2351E+00
 -16.736  0.1215E+01  0.2472E+00
 -16.726  0.1261E+01  0.2598E+00
 -16.716  0.1307E+01  0.2729E+00
 -16.706  0.1354E+01  0.2864E+00
 -16.696  0.1402E+01  0.3004E+00
 -16.686  0.1450E+01  0.3149E+00
 -16.676  0.1498E+01  0.3299E+00
 -16.666  0.1547E+01  0.3454E+00
 -16.656  0.1597E+01  0.3614E+00
 -16.646  0.1647E+01  0.3778E+00
 -16.636  0.1697E+01  0.3948E+00
 -16.626  0.1748E+01  0.4123E+00
 -16.616  0.1798E+01  0.4303E+00
 -16.606  0.1849E+01  0.4488E+00
 -16.596  0.1900E+01  0.4678E+00
 -16.586  0.1951E+01  0.4873E+00
 -16.576  0.2002E+01  0.5073E+00
 -16.566  0.2052E+01  0.5278E+00
 -16.556  0.2103E+01  0.5489E+00
 -16.546  0.2153E+01  0.5704E+00
 -16.536  0.2203E+01  0.5924E+00
 -16.526  0.2252E+01  0.6149E+00
 -16.516  0.2301E+01  0.6379E+00
 -16.506  0.2350E+01  0.6614E+00
 -16.496  0.2397E+01  0.6854E+00
 -16.486  0.2444E+01  0.7099E+00
 -16.476  0.2491E+01  0.7348E+00
 -16.466  0.2536E+01  0.7601E+00
 -16.456  0.2581E+01  0.7859E+00
 -16.446  0.2625E+01  0.8122E+00
 -16.436  0.2668E+01  0.8389E+00
 -16.426  0.2710E+01  0.8660E+00
 -16.416  0.2751E+01  0.8935E+00
 -16.406  0.2790E+01  0.9214E+00
 -16.396  0.2829E+01  0.9497E+00
 -16.386  0.2866E+01  0.9783E+00
 -16.376  0.2902E+01  0.1007E+01
 -16.366  0.2937E+01  0.1037E+01
 -16.356  0.2971E+01  0.1066E+01
 -16.346  0.3004E+01  0.1096E+01
 -16.336  0.3035E+01  0.1127E+01
 -16.326  0.3065E+01  0.1157E+01
 -16.316  0.3093E+01  0.1188E+01
 -16.306  0.3121E+01  0.1220E+01
 -16.296  0.3147E+01  0.1251E+01
 -16.286  0.3171E+01  0.1283E+01
 -16.276  0.3195E+01  0.1315E+01
 -16.266  0.3217E+01  0.1347E+01
 -16.256  0.3238E+01  0.1379E+01
 -16.246  0.3257E+01  0.1412E+01
 -16.236  0.3276E+01  0.1445E+01
 -16.226  0.3293E+01  0.1478E+01
 -16.216  0.3309E+01  0.1511E+01
 -16.206  0.3324E+01  0.1544E+01
 -16.196  0.3337E+01  0.1577E+01
 -16.186  0.3350E+01  0.1611E+01
 -16.176  0.3362E+01  0.1644E+01
 -16.166  0.3372E+01  0.1678E+01
 -16.156  0.3382E+01  0.1712E+01
 -16.146  0.3390E+01  0.1746E+01
 -16.136  0.3398E+01  0.1780E+01
 -16.126  0.3405E+01  0.1814E+01
 -16.116  0.3411E+01  0.1848E+01
 -16.106  0.3416E+01  0.1882E+01
 -16.096  0.3420E+01  0.1916E+01
 -16.086  0.3424E+01  0.1951E+01
 -16.076  0.3427E+01  0.1985E+01
 -16.066  0.3429E+01  0.2019E+01
 -16.056  0.3431E+01  0.2053E+01
 -16.046  0.3432E+01  0.2088E+01
 -16.036  0.3432E+01  0.2122E+01
 -16.026  0.3432E+01  0.2156E+01
 -16.016  0.3431E+01  0.2191E+01
 -16.006  0.3430E+01  0.2225E+01
 -15.996  0.3428E+01  0.2259E+01
 -15.986  0.3426E+01  0.2294E+01
 -15.976  0.3423E+01  0.2328E+01
 -15.966  0.3420E+01  0.2362E+01
 -15.956  0.3417E+01  0.2396E+01
 -15.946  0.3413E+01  0.2430E+01
 -15.936  0.3408E+01  0.2464E+01
 -15.926  0.3403E+01  0.2498E+01
 -15.916  0.3398E+01  0.2532E+01
 -15.906  0.3393E+01  0.2566E+01
 -15.896  0.3387E+01  0.2600E+01
 -15.886  0.3381E+01  0.2634E+01
 -15.876  0.3374E+01  0.2668E+01
 -15.866  0.3367E+01  0.2701E+01
 -15.856  0.3360E+01  0.2735E+01
 -15.846  0.3353E+01  0.2769E+01
 -15.836  0.3345E+01  0.2802E+01
 -15.826  0.3337E+01  0.2835E+01
 -15.816  0.3329E+01  0.2869E+01
 -15.806  0.3320E+01  0.2902E+01
 -15.796  0.3312E+01  0.2935E+01
 -15.786  0.3303E+01  0.2968E+01
 -15.776  0.3294E+01  0.3001E+01
 -15.766  0.3285E+01  0.3034E+01
 -15.756  0.3276E+01  0.3067E+01
 -15.746  0.3267E+01  0.3099E+01
 -15.736  0.3257E+01  0.3132E+01
 -15.726  0.3248E+01  0.3164E+01
 -15.716  0.3239E+01  0.3197E+01
 -15.706  0.3230E+01  0.3229E+01
 -15.696  0.3221E+01  0.3261E+01
 -15.686  0.3213E+01  0.3293E+01
 -15.676  0.3204E+01  0.3325E+01
 -15.666  0.3196E+01  0.3357E+01
 -15.656  0.3188E+01  0.3389E+01
 -15.646  0.3181E+01  0.3421E+01
 -15.636  0.3173E+01  0.3453E+01
 -15.626  0.3167E+01  0.3484E+01
 -15.616  0.3160E+01  0.3516E+01
 -15.606  0.3155E+01  0.3548E+01
 -15.596  0.3150E+01  0.3579E+01
 -15.586  0.3145E+01  0.3610E+01
 -15.576  0.3142E+01  0.3642E+01
 -15.566  0.3139E+01  0.3673E+01
 -15.556  0.3136E+01  0.3705E+01
 -15.546  0.3135E+01  0.3736E+01
 -15.536  0.3134E+01  0.3767E+01
 -15.526  0.3135E+01  0.3799E+01
 -15.516  0.3136E+01  0.3830E+01
 -15.506  0.3138E+01  0.3861E+01
 -15.496  0.3141E+01  0.3893E+01
 -15.486  0.3145E+01  0.3924E+01
 -15.476  0.3151E+01  0.3956E+01
 -15.466  0.3157E+01  0.3987E+01
 -15.456  0.3165E+01  0.4019E+01
 -15.446  0.3174E+01  0.4051E+01
 -15.436  0.3183E+01  0.4083E+01
 -15.426  0.3195E+01  0.4115E+01
 -15.416  0.3207E+01  0.4147E+01
 -15.406  0.3221E+01  0.4179E+01
 -15.396  0.3236E+01  0.4211E+01
 -15.386  0.3253E+01  0.4244E+01
 -15.376  0.3271E+01  0.4276E+01
 -15.366  0.3290E+01  0.4309E+01
 -15.356  0.3311E+01  0.4342E+01
 -15.346  0.3333E+01  0.4376E+01
 -15.336  0.3357E+01  0.4409E+01
 -15.326  0.3383E+01  0.4443E+01
 -15.316  0.3410E+01  0.4477E+01
 -15.306  0.3439E+01  0.4512E+01
 -15.296  0.3470E+01  0.4546E+01
 -15.286  0.3503E+01  0.4581E+01
 -15.276  0.3538E+01  0.4617E+01
 -15.266  0.3574E+01  0.4652E+01
 -15.256  0.3613E+01  0.4689E+01
 -15.246  0.3653E+01  0.4725E+01
 -15.236  0.3696E+01  0.4762E+01
 -15.226  0.3741E+01  0.4800E+01
 -15.216  0.3789E+01  0.4837E+01
 -15.206  0.3838E+01  0.4876E+01
 -15.196  0.3891E+01  0.4915E+01
 -15.186  0.3945E+01  0.4954E+01
 -15.176  0.4003E+01  0.4994E+01
 -15.166  0.4063E+01  0.5035E+01
 -15.156  0.4126E+01  0.5076E+01
 -15.146  0.4191E+01  0.5118E+01
 -15.136  0.4260E+01  0.5161E+01
 -15.126  0.4331E+01  0.5204E+01
 -15.116  0.4405E+01  0.5248E+01
 -15.106  0.4482E+01  0.5293E+01
 -15.096  0.4563E+01  0.5338E+01
 -15.086  0.4646E+01  0.5385E+01
 -15.076  0.4732E+01  0.5432E+01
 -15.066  0.4822E+01  0.5480E+01
 -15.056  0.4914E+01  0.5530E+01
 -15.046  0.5010E+01  0.5580E+01
 -15.036  0.5108E+01  0.5631E+01
 -15.026  0.5210E+01  0.5683E+01
 -15.016  0.5314E+01  0.5736E+01
 -15.006  0.5421E+01  0.5790E+01
 -14.996  0.5530E+01  0.5845E+01
 -14.986  0.5643E+01  0.5902E+01
 -14.976  0.5757E+01  0.5959E+01
 -14.966  0.5874E+01  0.6018E+01
 -14.956  0.5992E+01  0.6078E+01
 -14.946  0.6112E+01  0.6139E+01
 -14.936  0.6234E+01  0.6202E+01
 -14.926  0.6358E+01  0.6265E+01
 -14.916  0.6482E+01  0.6330E+01
 -14.906  0.6607E+01  0.6396E+01
 -14.896  0.6732E+01  0.6463E+01
 -14.886  0.6858E+01  0.6532E+01
 -14.876  0.6983E+01  0.6602E+01
 -14.866  0.7108E+01  0.6673E+01
 -14.856  0.7232E+01  0.6745E+01
 -14.846  0.7355E+01  0.6819E+01
 -14.836  0.7476E+01  0.6894E+01
 -14.826  0.7595E+01  0.6969E+01
 -14.816  0.7712E+01  0.7047E+01
 -14.806  0.7825E+01  0.7125E+01
 -14.796  0.7936E+01  0.7204E+01
 -14.786  0.8043E+01  0.7285E+01
 -14.776  0.8145E+01  0.7366E+01
 -14.766  0.8243E+01  0.7449E+01
 -14.756  0.8337E+01  0.7532E+01
 -14.746  0.8425E+01  0.7616E+01
 -14.736  0.8507E+01  0.7701E+01
 -14.726  0.8583E+01  0.7787E+01
 -14.716  0.8653E+01  0.7874E+01
 -14.706  0.8716E+01  0.7961E+01
 -14.696  0.8772E+01  0.8048E+01
 -14.686  0.8821E+01  0.8137E+01
 -14.676  0.8862E+01  0.8225E+01
 -14.666  0.8895E+01  0.8314E+01
 -14.656  0.8921E+01  0.8403E+01
 -14.646  0.8937E+01  0.8493E+01
 -14.636  0.8946E+01  0.8582E+01
 -14.626  0.8946E+01  0.8672E+01
 -14.616  0.8937E+01  0.8761E+01
 -14.606  0.8919E+01  0.8850E+01
 -14.596  0.8892E+01  0.8939E+01
 -14.586  0.8857E+01  0.9028E+01
 -14.576  0.8813E+01  0.9116E+01
 -14.566  0.8760E+01  0.9203E+01
 -14.556  0.8698E+01  0.9290E+01
 -14.546  0.8628E+01  0.9377E+01
 -14.536  0.8549E+01  0.9462E+01
 -14.526  0.8462E+01  0.9547E+01
 -14.516  0.8367E+01  0.9631E+01
 -14.506  0.8264E+01  0.9713E+01
 -14.496  0.8154E+01  0.9795E+01
 -14.486  0.8036E+01  0.9875E+01
 -14.476  0.7911E+01  0.9954E+01
 -14.466  0.7780E+01  0.1003E+02
 -14.456  0.7643E+01  0.1011E+02
 -14.446  0.7500E+01  0.1018E+02
 -14.436  0.7351E+01  0.1026E+02
 -14.426  0.7197E+01  0.1033E+02
 -14.416  0.7039E+01  0.1040E+02
 -14.406  0.6876E+01  0.1047E+02
 -14.396  0.6710E+01  0.1054E+02
 -14.386  0.6540E+01  0.1060E+02
 -14.376  0.6367E+01  0.1066E+02
 -14.366  0.6192E+01  0.1073E+02
 -14.356  0.6015E+01  0.1079E+02
 -14.346  0.5836E+01  0.1084E+02
 -14.336  0.5656E+01  0.1090E+02
 -14.326  0.5476E+01  0.1096E+02
 -14.316  0.5295E+01  0.1101E+02
 -14.306  0.5114E+01  0.1106E+02
 -14.296  0.4934E+01  0.1111E+02
 -14.286  0.4754E+01  0.1116E+02
 -14.276  0.4576E+01  0.1120E+02
 -14.266  0.4400E+01  0.1125E+02
 -14.256  0.4225E+01  0.1129E+02
 -14.246  0.4053E+01  0.1133E+02
 -14.236  0.3883E+01  0.1137E+02
 -14.226  0.3716E+01  0.1141E+02
 -14.216  0.3552E+01  0.1144E+02
 -14.206  0.3391E+01  0.1147E+02
 -14.196  0.3234E+01  0.1151E+02
 -14.186  0.3080E+01  0.1154E+02
 -14.176  0.2931E+01  0.1157E+02
 -14.166  0.2785E+01  0.1160E+02
 -14.156  0.2644E+01  0.1162E+02
 -14.146  0.2507E+01  0.1165E+02
 -14.136  0.2374E+01  0.1167E+02
 -14.126  0.2245E+01  0.1169E+02
 -14.116  0.2121E+01  0.1171E+02
 -14.106  0.2002E+01  0.1173E+02
 -14.096  0.1887E+01  0.1175E+02
 -14.086  0.1776E+01  0.1177E+02
 -14.076  0.1671E+01  0.1179E+02
 -14.066  0.1569E+01  0.1180E+02
 -14.056  0.1472E+01  0.1182E+02
 -14.046  0.1379E+01  0.1183E+02
 -14.036  0.1291E+01  0.1184E+02
 -14.026  0.1207E+01  0.1186E+02
 -14.016  0.1127E+01  0.1187E+02
 -14.006  0.1051E+01  0.1188E+02
 -13.996  0.9792E+00  0.1189E+02
 -13.986  0.9112E+00  0.1190E+02
 -13.976  0.8468E+00  0.1191E+02
 -13.966  0.7861E+00  0.1191E+02
 -13.956  0.7289E+00  0.1192E+02
 -13.946  0.6750E+00  0.1193E+02
 -13.936  0.6244E+00  0.1193E+02
 -13.926  0.5769E+00  0.1194E+02
 -13.916  0.5324E+00  0.1195E+02
 -13.906  0.4907E+00  0.1195E+02
 -13.896  0.4518E+00  0.1195E+02
 -13.886  0.4155E+00  0.1196E+02
 -13.876  0.3816E+00  0.1196E+02
 -13.866  0.3501E+00  0.1197E+02
 -13.856  0.3208E+00  0.1197E+02
 -13.846  0.2936E+00  0.1197E+02
 -13.836  0.2684E+00  0.1197E+02
 -13.826  0.2451E+00  0.1198E+02
 -13.816  0.2235E+00  0.1198E+02
 -13.806  0.2036E+00  0.1198E+02
 -13.796  0.1853E+00  0.1198E+02
 -13.786  0.1684E+00  0.1199E+02
 -13.776  0.1528E+00  0.1199E+02
 -13.766  0.1386E+00  0.1199E+02
 -13.756  0.1255E+00  0.1199E+02
 -13.746  0.1135E+00  0.1199E+02
 -13.736  0.1025E+00  0.1199E+02
 -13.726  0.9252E-01  0.1199E+02
 -13.716  0.8339E-01  0.1199E+02
 -13.706  0.7507E-01  0.1199E+02
 -13.696  0.6750E-01  0.1199E+02
 -13.686  0.6063E-01  0.1200E+02
 -13.676  0.5438E-01  0.1200E+02
 -13.666  0.4873E-01  0.1200E+02
 -13.656  0.4361E-01  0.1200E+02
 -13.646  0.3898E-01  0.1200E+02
 -13.636  0.3480E-01  0.1200E+02
 -13.626  0.3103E-01  0.1200E+02
 -13.616  0.2764E-01  0.1200E+02
 -13.606  0.2459E-01  0.1200E+02
 -13.596  0.2185E-01  0.1200E+02
 -13.586  0.1940E-01  0.1200E+02
 -13.576  0.1719E-01  0.1200E+02
 -13.566  0.1522E-01  0.1200E+02
 -13.556  0.1346E-01  0.1200E+02
 -13.546  0.1189E-01  0.1200E+02
 -13.536  0.1049E-01  0.1200E+02
 -13.526  0.9248E-02  0.1200E+02
 -13.516  0.8141E-02  0.1200E+02
 -13.506  0.7157E-02  0.1200E+02
 -13.496  0.6285E-02  0.1200E+02
 -13.486  0.5512E-02  0.1200E+02
 -13.476  0.4829E-02  0.1200E+02
 -13.466  0.4226E-02  0.1200E+02
 -13.456  0.3693E-02  0.1200E+02
 -13.446  0.3224E-02  0.1200E+02
 -13.436  0.2811E-02  0.1200E+02
 -13.426  0.2448E-02  0.1200E+02
 -13.416  0.2130E-02  0.1200E+02
 -13.406  0.1850E-02  0.1200E+02
 -13.396  0.1606E-02  0.1200E+02
 -13.386  0.1392E-02  0.1200E+02
 -13.376  0.1205E-02  0.1200E+02
 -13.366  0.1042E-02  0.1200E+02
 -13.356  0.8999E-03  0.1200E+02
 -13.346  0.7763E-03  0.1200E+02
 -13.336  0.6689E-03  0.1200E+02
 -13.326  0.5757E-03  0.1200E+02
 -13.316  0.4949E-03  0.1200E+02
 -13.306  0.4249E-03  0.1200E+02
 -13.296  0.3644E-03  0.1200E+02
 -13.286  0.3121E-03  0.1200E+02
 -13.276  0.2670E-03  0.1200E+02
 -13.266  0.2282E-03  0.1200E+02
 -13.256  0.1947E-03  0.1200E+02
 -13.246  0.1660E-03  0.1200E+02
 -13.236  0.1414E-03  0.1200E+02
 -13.226  0.1202E-03  0.1200E+02
 -13.216  0.1021E-03  0.1200E+02
 -13.206  0.8666E-04  0.1200E+02
 -13.196  0.7344E-04  0.1200E+02
 -13.186  0.6216E-04  0.1200E+02
 -13.176  0.5256E-04  0.1200E+02
 -13.166  0.4438E-04  0.1200E+02
 -13.156  0.3743E-04  0.1200E+02
 -13.146  0.3154E-04  0.1200E+02
 -13.136  0.2654E-04  0.1200E+02
 -13.126  0.2230E-04  0.1200E+02
 -13.116  0.1872E-04  0.1200E+02
 -13.106  0.1570E-04  0.1200E+02
 -13.096  0.1315E-04  0.1200E+02
 -13.086  0.1100E-04  0.1200E+02
 -13.076  0.9188E-05  0.1200E+02
 -13.066  0.7667E-05  0.1200E+02
 -13.056  0.6391E-05  0.1200E+02
 -13.046  0.5321E-05  0.1200E+02
 -13.036  0.4424E-05  0.1200E+02
 -13.026  0.3675E-05  0.1200E+02
 -13.016  0.3048E-05  0.1200E+02
 -13.006  0.2526E-05  0.1200E+02
 -12.996  0.2090E-05  0.1200E+02
 -12.986  0.1728E-05  0.1200E+02
 -12.976  0.1427E-05  0.1200E+02
 -12.966  0.1176E-05  0.1200E+02
 -12.956  0.9690E-06  0.1200E+02
 -12.946  0.7972E-06  0.1200E+02
 -12.936  0.6551E-06  0.1200E+02
 -12.926  0.5376E-06  0.1200E+02
 -12.916  0.4407E-06  0.1200E+02
 -12.906  0.3609E-06  0.1200E+02
 -12.896  0.2951E-06  0.1200E+02
 -12.886  0.2411E-06  0.1200E+02
 -12.876  0.1967E-06  0.1200E+02
 -12.866  0.1603E-06  0.1200E+02
 -12.856  0.1305E-06  0.1200E+02
 -12.846  0.1061E-06  0.1200E+02
 -12.836  0.8613E-07  0.1200E+02
 -12.826  0.6986E-07  0.1200E+02
 -12.816  0.5659E-07  0.1200E+02
 -12.806  0.4579E-07  0.1200E+02
 -12.796  0.3701E-07  0.1200E+02
 -12.786  0.2987E-07  0.1200E+02
 -12.776  0.2409E-07  0.1200E+02
 -12.766  0.1940E-07  0.1200E+02
 -12.756  0.1560E-07  0.1200E+02
 -12.746  0.1253E-07  0.1200E+02
 -12.736  0.1006E-07  0.1200E+02
 -12.726  0.8061E-08  0.1200E+02
 -12.716  0.6453E-08  0.1200E+02
 -12.706  0.5160E-08  0.1200E+02
 -12.696  0.4121E-08  0.1200E+02
 -12.686  0.3287E-08  0.1200E+02
 -12.676  0.2619E-08  0.1200E+02
 -12.666  0.2084E-08  0.1200E+02
 -12.656  0.1657E-08  0.1200E+02
 -12.646  0.1315E-08  0.1200E+02
 -12.636  0.1043E-08  0.1200E+02
 -12.626  0.8260E-09  0.1200E+02
 -12.616  0.6534E-09  0.1200E+02
 -12.606  0.5163E-09  0.1200E+02
 -12.596  0.4075E-09  0.1200E+02
 -12.586  0.3212E-09  0.1200E+02
 -12.576  0.2529E-09  0.1200E+02
 -12.566  0.1989E-09  0.1200E+02
 -12.556  0.1562E-09  0.1200E+02
 -12.546  0.1225E-09  0.1200E+02
 -12.536  0.9602E-10  0.1200E+02
 -12.526  0.7515E-10  0.1200E+02
 -12.516  0.5875E-10  0.1200E+02
 -12.506  0.4587E-10  0.1200E+02
 -12.496  0.3577E-10  0.1200E+02
 -12.486  0.2787E-10  0.1200E+02
 -12.476  0.2168E-10  0.1200E+02
 -12.466  0.1685E-10  0.1200E+02
 -12.456  0.1308E-10  0.1200E+02
 -12.446  0.1014E-10  0.1200E+02
 -12.436  0.7850E-11  0.1200E+02
 -12.426  0.6072E-11  0.1200E+02
 -12.416  0.4690E-11  0.1200E+02
 -12.406  0.3619E-11  0.1200E+02
 -12.396  0.2789E-11  0.1200E+02
 -12.386  0.2147E-11  0.1200E+02
 -12.376  0.1651E-11  0.1200E+02
 -12.366  0.1267E-11  0.1200E+02
 -12.356  0.9722E-12  0.1200E+02
 -12.346  0.7448E-12  0.1200E+02
 -12.336  0.5699E-12  0.1200E+02
 -12.326  0.4355E-12  0.1200E+02
 -12.316  0.3325E-12  0.1200E+02
 -12.306  0.2535E-12  0.1200E+02
 -12.296  0.1931E-12  0.1200E+02
 -12.286  0.1468E-12  0.1200E+02
 -12.276  0.1116E-12  0.1200E+02
 -12.266  0.8466E-13  0.1200E+02
 -12.256  0.6417E-13  0.1200E+02
 -12.246  0.4858E-13  0.1200E+02
 -12.236  0.3673E-13  0.1200E+02
 -12.226  0.2774E-13  0.1200E+02
 -12.216  0.2093E-13  0.1200E+02
 -12.206  0.1577E-13  0.1200E+02
 -12.196  0.1187E-13  0.1200E+02
 -12.186  0.8919E-14  0.1200E+02
 -12.176  0.6696E-14  0.1200E+02
 -12.166  0.5021E-14  0.1200E+02
 -12.156  0.3761E-14  0.1200E+02
 -12.146  0.2813E-14  0.1200E+02
 -12.136  0.2102E-14  0.1200E+02
 -12.126  0.1569E-14  0.1200E+02
 -12.116  0.1169E-14  0.1200E+02
 -12.106  0.8707E-15  0.1200E+02
 -12.096  0.6475E-15  0.1200E+02
 -12.086  0.4809E-15  0.1200E+02
 -12.076  0.3568E-15  0.1200E+02
 -12.066  0.2644E-15  0.1200E+02
 -12.056  0.1957E-15  0.1200E+02
 -12.046  0.1447E-15  0.1200E+02
 -12.036  0.1068E-15  0.1200E+02
 -12.026  0.7877E-16  0.1200E+02
 -12.016  0.5802E-16  0.1200E+02
 -12.006  0.4269E-16  0.1200E+02
 -11.996  0.3137E-16  0.1200E+02
 -11.986  0.2302E-16  0.1200E+02
 -11.976  0.1688E-16  0.1200E+02
 -11.966  0.1236E-16  0.1200E+02
 -11.956  0.9039E-17  0.1200E+02
 -11.946  0.6603E-17  0.1200E+02
 -11.936  0.4818E-17  0.1200E+02
 -11.926  0.3511E-17  0.1200E+02
 -11.916  0.2556E-17  0.1200E+02
 -11.906  0.1858E-17  0.1200E+02
 -11.896  0.1349E-17  0.1200E+02
 -11.886  0.9786E-18  0.1200E+02
 -11.876  0.7089E-18  0.1200E+02
 -11.866  0.5130E-18  0.1200E+02
 -11.856  0.3707E-18  0.1200E+02
 -11.846  0.2676E-18  0.1200E+02
 -11.836  0.1929E-18  0.1200E+02
 -11.826  0.1389E-18  0.1200E+02
 -11.816  0.9994E-19  0.1200E+02
 -11.806  0.7180E-19  0.1200E+02
 -11.796  0.5152E-19  0.1200E+02
 -11.786  0.3693E-19  0.1200E+02
 -11.776  0.2643E-19  0.1200E+02
 -11.766  0.1890E-19  0.1200E+02
 -11.756  0.1350E-19  0.1200E+02
 -11.746  0.9629E-20  0.1200E+02
 -11.736  0.6860E-20  0.1200E+02
 -11.726  0.4882E-20  0.1200E+02
 -11.716  0.3470E-20  0.1200E+02
 -11.706  0.2463E-20  0.1200E+02
 -11.696  0.1747E-20  0.1200E+02
 -11.686  0.1237E-20  0.1200E+02
 -11.676  0.8751E-21  0.1200E+02
 -11.666  0.6183E-21  0.1200E+02
 -11.656  0.4363E-21  0.1200E+02
 -11.646  0.3075E-21  0.1200E+02
 -11.636  0.2165E-21  0.1200E+02
 -11.626  0.1523E-21  0.1200E+02
 -11.616  0.1069E-21  0.1200E+02
 -11.606  0.7502E-22  0.1200E+02
 -11.596  0.5256E-22  0.1200E+02
 -11.586  0.3679E-22  0.1200E+02
 -11.576  0.2571E-22  0.1200E+02
 -11.566  0.1795E-22  0.1200E+02
 -11.556  0.1252E-22  0.1200E+02
 -11.546  0.8721E-23  0.1200E+02
 -11.536  0.6067E-23  0.1200E+02
 -11.526  0.4216E-23  0.1200E+02
 -11.516  0.2926E-23  0.1200E+02
 -11.506  0.2028E-23  0.1200E+02
 -11.496  0.1404E-23  0.1200E+02
 -11.486  0.9712E-24  0.1200E+02
 -11.476  0.6708E-24  0.1200E+02
 -11.466  0.4628E-24  0.1200E+02
 -11.456  0.3189E-24  0.1200E+02
 -11.446  0.2195E-24  0.1200E+02
 -11.436  0.1509E-24  0.1200E+02
 -11.426  0.1036E-24  0.1200E+02
 -11.416  0.7106E-25  0.1200E+02
 -11.406  0.4868E-25  0.1200E+02
 -11.396  0.3331E-25  0.1200E+02
 -11.386  0.2276E-25  0.1200E+02
 -11.376  0.1553E-25  0.1200E+02
 -11.366  0.1059E-25  0.1200E+02
 -11.356  0.7212E-26  0.1200E+02
 -11.346  0.4905E-26  0.1200E+02
 -11.336  0.3332E-26  0.1200E+02
 -11.326  0.2261E-26  0.1200E+02
 -11.316  0.1532E-26  0.1200E+02
 -11.306  0.1037E-26  0.1200E+02
 -11.296  0.7012E-27  0.1200E+02
 -11.286  0.4735E-27  0.1200E+02
 -11.276  0.3194E-27  0.1200E+02
 -11.266  0.2151E-27  0.1200E+02
 -11.256  0.1448E-27  0.1200E+02
 -11.246  0.9729E-28  0.1200E+02
 -11.236  0.6531E-28  0.1200E+02
 -11.226  0.4379E-28  0.1200E+02
 -11.216  0.2932E-28  0.1200E+02
 -11.206  0.1961E-28  0.1200E+02
 -11.196  0.1310E-28  0.1200E+02
 -11.186  0.8744E-29  0.1200E+02
 -11.176  0.5827E-29  0.1200E+02
 -11.166  0.3879E-29  0.1200E+02
 -11.156  0.2579E-29  0.1200E+02
 -11.146  0.1713E-29  0.1200E+02
 -11.136  0.1136E-29  0.1200E+02
 -11.126  0.7528E-30  0.1200E+02
 -11.116  0.4982E-30  0.1200E+02
 -11.106  0.3293E-30  0.1200E+02
 -11.096  0.2174E-30  0.1200E+02
 -11.086  0.1433E-30  0.1200E+02
 -11.076  0.9439E-31  0.1200E+02
 -11.066  0.6209E-31  0.1200E+02
 -11.056  0.4080E-31  0.1200E+02
 -11.046  0.2677E-31  0.1200E+02
 -11.036  0.1755E-31  0.1200E+02
 -11.026  0.1149E-31  0.1200E+02
 -11.016  0.7512E-32  0.1200E+02
 -11.006  0.4906E-32  0.1200E+02
 -10.996  0.3201E-32  0.1200E+02
 -10.986  0.2085E-32  0.1200E+02
 -10.976  0.1357E-32  0.1200E+02
 -10.966  0.8822E-33  0.1200E+02
 -10.956  0.5727E-33  0.1200E+02
 -10.946  0.3714E-33  0.1200E+02
 -10.936  0.2405E-33  0.1200E+02
 -10.926  0.1556E-33  0.1200E+02
 -10.916  0.1006E-33  0.1200E+02
 -10.906  0.6489E-34  0.1200E+02
 -10.896  0.4183E-34  0.1200E+02
 -10.886  0.2693E-34  0.1200E+02
 -10.876  0.1732E-34  0.1200E+02
 -10.866  0.1112E-34  0.1200E+02
 -10.856  0.7137E-35  0.1200E+02
 -10.846  0.4573E-35  0.1200E+02
 -10.836  0.2927E-35  0.1200E+02
 -10.826  0.1871E-35  0.1200E+02
 -10.816  0.1195E-35  0.1200E+02
 -10.806  0.7619E-36  0.1200E+02
 -10.796  0.4853E-36  0.1200E+02
 -10.786  0.3087E-36  0.1200E+02
 -10.776  0.1962E-36  0.1200E+02
 -10.766  0.1245E-36  0.1200E+02
 -10.756  0.7894E-37  0.1200E+02
 -10.746  0.4998E-37  0.1200E+02
 -10.736  0.3161E-37  0.1200E+02
 -10.726  0.1997E-37  0.1200E+02
 -10.716  0.1260E-37  0.1200E+02
 -10.706  0.7939E-38  0.1200E+02
 -10.696  0.4998E-38  0.1200E+02
 -10.686  0.3142E-38  0.1200E+02
 -10.676  0.1974E-38  0.1200E+02
 -10.666  0.1239E-38  0.1200E+02
 -10.656  0.7785E-39  0.1200E+02
 -10.646  0.4905E-39  0.1200E+02
 -10.636  0.3120E-39  0.1200E+02
 -10.626  0.2035E-39  0.1200E+02
 -10.616  0.1408E-39  0.1200E+02
 -10.606  0.1097E-39  0.1200E+02
 -10.596  0.1033E-39  0.1200E+02
 -10.586  0.1197E-39  0.1200E+02
 -10.576  0.1622E-39  0.1200E+02
 -10.566  0.2395E-39  0.1200E+02
 -10.556  0.3677E-39  0.1200E+02
 -10.546  0.5735E-39  0.1200E+02
 -10.536  0.8996E-39  0.1200E+02
 -10.526  0.1413E-38  0.1200E+02
 -10.516  0.2219E-38  0.1200E+02
 -10.506  0.3483E-38  0.1200E+02
 -10.496  0.5461E-38  0.1200E+02
 -10.486  0.8551E-38  0.1200E+02
 -10.476  0.1337E-37  0.1200E+02
 -10.466  0.2090E-37  0.1200E+02
 -10.456  0.3261E-37  0.1200E+02
 -10.446  0.5082E-37  0.1200E+02
 -10.436  0.7911E-37  0.1200E+02
 -10.426  0.1230E-36  0.1200E+02
 -10.416  0.1910E-36  0.1200E+02
 -10.406  0.2963E-36  0.1200E+02
 -10.396  0.4590E-36  0.1200E+02
 -10.386  0.7102E-36  0.1200E+02
 -10.376  0.1098E-35  0.1200E+02
 -10.366  0.1694E-35  0.1200E+02
 -10.356  0.2613E-35  0.1200E+02
 -10.346  0.4023E-35  0.1200E+02
 -10.336  0.6189E-35  0.1200E+02
 -10.326  0.9507E-35  0.1200E+02
 -10.316  0.1459E-34  0.1200E+02
 -10.306  0.2236E-34  0.1200E+02
 -10.296  0.3423E-34  0.1200E+02
 -10.286  0.5233E-34  0.1200E+02
 -10.276  0.7992E-34  0.1200E+02
 -10.266  0.1219E-33  0.1200E+02
 -10.256  0.1857E-33  0.1200E+02
 -10.246  0.2826E-33  0.1200E+02
 -10.236  0.4295E-33  0.1200E+02
 -10.226  0.6520E-33  0.1200E+02
 -10.216  0.9885E-33  0.1200E+02
 -10.206  0.1497E-32  0.1200E+02
 -10.196  0.2264E-32  0.1200E+02
 -10.186  0.3421E-32  0.1200E+02
 -10.176  0.5162E-32  0.1200E+02
 -10.166  0.7780E-32  0.1200E+02
 -10.156  0.1171E-31  0.1200E+02
 -10.146  0.1761E-31  0.1200E+02
 -10.136  0.2644E-31  0.1200E+02
 -10.126  0.3966E-31  0.1200E+02
 -10.116  0.5942E-31  0.1200E+02
 -10.106  0.8892E-31  0.1200E+02
 -10.096  0.1329E-30  0.1200E+02
 -10.086  0.1984E-30  0.1200E+02
 -10.076  0.2958E-30  0.1200E+02
 -10.066  0.4405E-30  0.1200E+02
 -10.056  0.6552E-30  0.1200E+02
 -10.046  0.9734E-30  0.1200E+02
 -10.036  0.1444E-29  0.1200E+02
 -10.026  0.2141E-29  0.1200E+02
 -10.016  0.3169E-29  0.1200E+02
 -10.006  0.4686E-29  0.1200E+02
  -9.996  0.6920E-29  0.1200E+02
  -9.986  0.1021E-28  0.1200E+02
  -9.976  0.1504E-28  0.1200E+02
  -9.966  0.2213E-28  0.1200E+02
  -9.956  0.3253E-28  0.1200E+02
  -9.946  0.4775E-28  0.1200E+02
  -9.936  0.7001E-28  0.1200E+02
  -9.926  0.1025E-27  0.1200E+02
  -9.916  0.1500E-27  0.1200E+02
  -9.906  0.2191E-27  0.1200E+02
  -9.896  0.3198E-27  0.1200E+02
  -9.886  0.4661E-27  0.1200E+02
  -9.876  0.6785E-27  0.1200E+02
  -9.866  0.9865E-27  0.1200E+02
  -9.856  0.1433E-26  0.1200E+02
  -9.846  0.2078E-26  0.1200E+02
  -9.836  0.3011E-26  0.1200E+02
  -9.826  0.4358E-26  0.1200E+02
  -9.816  0.6298E-26  0.1200E+02
  -9.806  0.9093E-26  0.1200E+02
  -9.796  0.1311E-25  0.1200E+02
  -9.786  0.1888E-25  0.1200E+02
  -9.776  0.2716E-25  0.1200E+02
  -9.766  0.3903E-25  0.1200E+02
  -9.756  0.5601E-25  0.1200E+02
  -9.746  0.8028E-25  0.1200E+02
  -9.736  0.1149E-24  0.1200E+02
  -9.726  0.1644E-24  0.1200E+02
  -9.716  0.2347E-24  0.1200E+02
  -9.706  0.3349E-24  0.1200E+02
  -9.696  0.4771E-24  0.1200E+02
  -9.686  0.6790E-24  0.1200E+02
  -9.676  0.9652E-24  0.1200E+02
  -9.666  0.1370E-23  0.1200E+02
  -9.656  0.1943E-23  0.1200E+02
  -9.646  0.2752E-23  0.1200E+02
  -9.636  0.3894E-23  0.1200E+02
  -9.626  0.5502E-23  0.1200E+02
  -9.616  0.7765E-23  0.1200E+02
  -9.606  0.1095E-22  0.1200E+02
  -9.596  0.1541E-22  0.1200E+02
  -9.586  0.2167E-22  0.1200E+02
  -9.576  0.3044E-22  0.1200E+02
  -9.566  0.4271E-22  0.1200E+02
  -9.556  0.5985E-22  0.1200E+02
  -9.546  0.8377E-22  0.1200E+02
  -9.536  0.1171E-21  0.1200E+02
  -9.526  0.1635E-21  0.1200E+02
  -9.516  0.2280E-21  0.1200E+02
  -9.506  0.3177E-21  0.1200E+02
  -9.496  0.4420E-21  0.1200E+02
  -9.486  0.6142E-21  0.1200E+02
  -9.476  0.8525E-21  0.1200E+02
  -9.466  0.1182E-20  0.1200E+02
  -9.456  0.1637E-20  0.1200E+02
  -9.446  0.2264E-20  0.1200E+02
  -9.436  0.3127E-20  0.1200E+02
  -9.426  0.4315E-20  0.1200E+02
  -9.416  0.5946E-20  0.1200E+02
  -9.406  0.8185E-20  0.1200E+02
  -9.396  0.1125E-19  0.1200E+02
  -9.386  0.1545E-19  0.1200E+02
  -9.376  0.2120E-19  0.1200E+02
  -9.366  0.2904E-19  0.1200E+02
  -9.356  0.3974E-19  0.1200E+02
  -9.346  0.5432E-19  0.1200E+02
  -9.336  0.7415E-19  0.1200E+02
  -9.326  0.1011E-18  0.1200E+02
  -9.316  0.1377E-18  0.1200E+02
  -9.306  0.1873E-18  0.1200E+02
  -9.296  0.2545E-18  0.1200E+02
  -9.286  0.3454E-18  0.1200E+02
  -9.276  0.4682E-18  0.1200E+02
  -9.266  0.6338E-18  0.1200E+02
  -9.256  0.8571E-18  0.1200E+02
  -9.246  0.1158E-17  0.1200E+02
  -9.236  0.1562E-17  0.1200E+02
  -9.226  0.2105E-17  0.1200E+02
  -9.216  0.2833E-17  0.1200E+02
  -9.206  0.3808E-17  0.1200E+02
  -9.196  0.5113E-17  0.1200E+02
  -9.186  0.6857E-17  0.1200E+02
  -9.176  0.9186E-17  0.1200E+02
  -9.166  0.1229E-16  0.1200E+02
  -9.156  0.1642E-16  0.1200E+02
  -9.146  0.2192E-16  0.1200E+02
  -9.136  0.2923E-16  0.1200E+02
  -9.126  0.3893E-16  0.1200E+02
  -9.116  0.5178E-16  0.1200E+02
  -9.106  0.6879E-16  0.1200E+02
  -9.096  0.9128E-16  0.1200E+02
  -9.086  0.1210E-15  0.1200E+02
  -9.076  0.1602E-15  0.1200E+02
  -9.066  0.2118E-15  0.1200E+02
  -9.056  0.2797E-15  0.1200E+02
  -9.046  0.3690E-15  0.1200E+02
  -9.036  0.4862E-15  0.1200E+02
  -9.026  0.6399E-15  0.1200E+02
  -9.016  0.8413E-15  0.1200E+02
  -9.006  0.1105E-14  0.1200E+02
  -8.996  0.1449E-14  0.1200E+02
  -8.986  0.1898E-14  0.1200E+02
  -8.976  0.2483E-14  0.1200E+02
  -8.966  0.3245E-14  0.1200E+02
  -8.956  0.4236E-14  0.1200E+02
  -8.946  0.5523E-14  0.1200E+02
  -8.936  0.7192E-14  0.1200E+02
  -8.926  0.9355E-14  0.1200E+02
  -8.916  0.1215E-13  0.1200E+02
  -8.906  0.1577E-13  0.1200E+02
  -8.896  0.2045E-13  0.1200E+02
  -8.886  0.2647E-13  0.1200E+02
  -8.876  0.3423E-13  0.1200E+02
  -8.866  0.4422E-13  0.1200E+02
  -8.856  0.5705E-13  0.1200E+02
  -8.846  0.7352E-13  0.1200E+02
  -8.836  0.9463E-13  0.1200E+02
  -8.826  0.1217E-12  0.1200E+02
  -8.816  0.1562E-12  0.1200E+02
  -8.806  0.2004E-12  0.1200E+02
  -8.796  0.2567E-12  0.1200E+02
  -8.786  0.3286E-12  0.1200E+02
  -8.776  0.4200E-12  0.1200E+02
  -8.766  0.5362E-12  0.1200E+02
  -8.756  0.6838E-12  0.1200E+02
  -8.746  0.8709E-12  0.1200E+02
  -8.736  0.1108E-11  0.1200E+02
  -8.726  0.1408E-11  0.1200E+02
  -8.716  0.1787E-11  0.1200E+02
  -8.706  0.2266E-11  0.1200E+02
  -8.696  0.2870E-11  0.1200E+02
  -8.686  0.3630E-11  0.1200E+02
  -8.676  0.4587E-11  0.1200E+02
  -8.666  0.5789E-11  0.1200E+02
  -8.656  0.7297E-11  0.1200E+02
  -8.646  0.9188E-11  0.1200E+02
  -8.636  0.1155E-10  0.1200E+02
  -8.626  0.1452E-10  0.1200E+02
  -8.616  0.1821E-10  0.1200E+02
  -8.606  0.2283E-10  0.1200E+02
  -8.596  0.2858E-10  0.1200E+02
  -8.586  0.3573E-10  0.1200E+02
  -8.576  0.4463E-10  0.1200E+02
  -8.566  0.5568E-10  0.1200E+02
  -8.556  0.6938E-10  0.1200E+02
  -8.546  0.8636E-10  0.1200E+02
  -8.536  0.1074E-09  0.1200E+02
  -8.526  0.1333E-09  0.1200E+02
  -8.516  0.1654E-09  0.1200E+02
  -8.506  0.2049E-09  0.1200E+02
  -8.496  0.2536E-09  0.1200E+02
  -8.486  0.3135E-09  0.1200E+02
  -8.476  0.3871E-09  0.1200E+02
  -8.466  0.4774E-09  0.1200E+02
  -8.456  0.5881E-09  0.1200E+02
  -8.446  0.7237E-09  0.1200E+02
  -8.436  0.8895E-09  0.1200E+02
  -8.426  0.1092E-08  0.1200E+02
  -8.416  0.1339E-08  0.1200E+02
  -8.406  0.1641E-08  0.1200E+02
  -8.396  0.2007E-08  0.1200E+02
  -8.386  0.2453E-08  0.1200E+02
  -8.376  0.2995E-08  0.1200E+02
  -8.366  0.3652E-08  0.1200E+02
  -8.356  0.4448E-08  0.1200E+02
  -8.346  0.5412E-08  0.1200E+02
  -8.336  0.6576E-08  0.1200E+02
  -8.326  0.7983E-08  0.1200E+02
  -8.316  0.9679E-08  0.1200E+02
  -8.306  0.1172E-07  0.1200E+02
  -8.296  0.1418E-07  0.1200E+02
  -8.286  0.1714E-07  0.1200E+02
  -8.276  0.2069E-07  0.1200E+02
  -8.266  0.2494E-07  0.1200E+02
  -8.256  0.3004E-07  0.1200E+02
  -8.246  0.3614E-07  0.1200E+02
  -8.236  0.4342E-07  0.1200E+02
  -8.226  0.5212E-07  0.1200E+02
  -8.216  0.6249E-07  0.1200E+02
  -8.206  0.7483E-07  0.1200E+02
  -8.196  0.8952E-07  0.1200E+02
  -8.186  0.1070E-06  0.1200E+02
  -8.176  0.1277E-06  0.1200E+02
  -8.166  0.1522E-06  0.1200E+02
  -8.156  0.1813E-06  0.1200E+02
  -8.146  0.2156E-06  0.1200E+02
  -8.136  0.2562E-06  0.1200E+02
  -8.126  0.3042E-06  0.1200E+02
  -8.116  0.3606E-06  0.1200E+02
  -8.106  0.4271E-06  0.1200E+02
  -8.096  0.5052E-06  0.1200E+02
  -8.086  0.5970E-06  0.1200E+02
  -8.076  0.7047E-06  0.1200E+02
  -8.066  0.8309E-06  0.1200E+02
  -8.056  0.9786E-06  0.1200E+02
  -8.046  0.1151E-05  0.1200E+02
  -8.036  0.1353E-05  0.1200E+02
  -8.026  0.1588E-05  0.1200E+02
  -8.016  0.1862E-05  0.1200E+02
  -8.006  0.2181E-05  0.1200E+02
  -7.996  0.2552E-05  0.1200E+02
  -7.986  0.2982E-05  0.1200E+02
  -7.976  0.3482E-05  0.1200E+02
  -7.966  0.4060E-05  0.1200E+02
  -7.956  0.4729E-05  0.1200E+02
  -7.946  0.5503E-05  0.1200E+02
  -7.936  0.6396E-05  0.1200E+02
  -7.926  0.7426E-05  0.1200E+02
  -7.916  0.8613E-05  0.1200E+02
  -7.906  0.9978E-05  0.1200E+02
  -7.896  0.1155E-04  0.1200E+02
  -7.886  0.1335E-04  0.1200E+02
  -7.876  0.1541E-04  0.1200E+02
  -7.866  0.1778E-04  0.1200E+02
  -7.856  0.2049E-04  0.1200E+02
  -7.846  0.2358E-04  0.1200E+02
  -7.836  0.2711E-04  0.1200E+02
  -7.826  0.3113E-04  0.1200E+02
  -7.816  0.3572E-04  0.1200E+02
  -7.806  0.4093E-04  0.1200E+02
  -7.796  0.4686E-04  0.1200E+02
  -7.786  0.5358E-04  0.1200E+02
  -7.776  0.6120E-04  0.1200E+02
  -7.766  0.6984E-04  0.1200E+02
  -7.756  0.7960E-04  0.1200E+02
  -7.746  0.9064E-04  0.1200E+02
  -7.736  0.1031E-03  0.1200E+02
  -7.726  0.1171E-03  0.1200E+02
  -7.716  0.1329E-03  0.1200E+02
  -7.706  0.1507E-03  0.1200E+02
  -7.696  0.1707E-03  0.1200E+02
  -7.686  0.1931E-03  0.1200E+02
  -7.676  0.2182E-03  0.1200E+02
  -7.666  0.2464E-03  0.1200E+02
  -7.656  0.2779E-03  0.1200E+02
  -7.646  0.3130E-03  0.1200E+02
  -7.636  0.3523E-03  0.1200E+02
  -7.626  0.3960E-03  0.1200E+02
  -7.616  0.4447E-03  0.1200E+02
  -7.606  0.4989E-03  0.1200E+02
  -7.596  0.5590E-03  0.1200E+02
  -7.586  0.6258E-03  0.1200E+02
  -7.576  0.6998E-03  0.1200E+02
  -7.566  0.7817E-03  0.1200E+02
  -7.556  0.8724E-03  0.1200E+02
  -7.546  0.9725E-03  0.1200E+02
  -7.536  0.1083E-02  0.1200E+02
  -7.526  0.1205E-02  0.1200E+02
  -7.516  0.1339E-02  0.1200E+02
  -7.506  0.1486E-02  0.1200E+02
  -7.496  0.1648E-02  0.1200E+02
  -7.486  0.1826E-02  0.1200E+02
  -7.476  0.2021E-02  0.1200E+02
  -7.466  0.2234E-02  0.1200E+02
  -7.456  0.2468E-02  0.1200E+02
  -7.446  0.2723E-02  0.1200E+02
  -7.436  0.3001E-02  0.1200E+02
  -7.426  0.3304E-02  0.1200E+02
  -7.416  0.3634E-02  0.1200E+02
  -7.406  0.3994E-02  0.1200E+02
  -7.396  0.4384E-02  0.1200E+02
  -7.386  0.4807E-02  0.1200E+02
  -7.376  0.5267E-02  0.1200E+02
  -7.366  0.5764E-02  0.1200E+02
  -7.356  0.6302E-02  0.1200E+02
  -7.346  0.6883E-02  0.1200E+02
  -7.336  0.7511E-02  0.1200E+02
  -7.326  0.8188E-02  0.1200E+02
  -7.316  0.8916E-02  0.1200E+02
  -7.306  0.9701E-02  0.1200E+02
  -7.296  0.1054E-01  0.1200E+02
  -7.286  0.1145E-01  0.1200E+02
  -7.276  0.1242E-01  0.1200E+02
  -7.266  0.1346E-01  0.1200E+02
  -7.256  0.1457E-01  0.1200E+02
  -7.246  0.1576E-01  0.1200E+02
  -7.236  0.1703E-01  0.1200E+02
  -7.226  0.1839E-01  0.1200E+02
  -7.216  0.1983E-01  0.1200E+02
  -7.206  0.2137E-01  0.1200E+02
  -7.196  0.2300E-01  0.1200E+02
  -7.186  0.2474E-01  0.1200E+02
  -7.176  0.2659E-01  0.1200E+02
  -7.166  0.2854E-01  0.1200E+02
  -7.156  0.3061E-01  0.1200E+02
  -7.146  0.3281E-01  0.1200E+02
  -7.136  0.3512E-01  0.1200E+02
  -7.126  0.3757E-01  0.1201E+02
  -7.116  0.4015E-01  0.1201E+02
  -7.106  0.4287E-01  0.1201E+02
  -7.096  0.4574E-01  0.1201E+02
  -7.086  0.4875E-01  0.1201E+02
  -7.076  0.5192E-01  0.1201E+02
  -7.066  0.5525E-01  0.1201E+02
  -7.056  0.5874E-01  0.1201E+02
  -7.046  0.6239E-01  0.1201E+02
  -7.036  0.6622E-01  0.1201E+02
  -7.026  0.7023E-01  0.1201E+02
  -7.016  0.7442E-01  0.1201E+02
  -7.006  0.7879E-01  0.1201E+02
  -6.996  0.8335E-01  0.1201E+02
  -6.986  0.8811E-01  0.1201E+02
  -6.976  0.9307E-01  0.1201E+02
  -6.966  0.9822E-01  0.1202E+02
  -6.956  0.1036E+00  0.1202E+02
  -6.946  0.1092E+00  0.1202E+02
  -6.936  0.1150E+00  0.1202E+02
  -6.926  0.1210E+00  0.1202E+02
  -6.916  0.1272E+00  0.1202E+02
  -6.906  0.1336E+00  0.1202E+02
  -6.896  0.1403E+00  0.1202E+02
  -6.886  0.1472E+00  0.1203E+02
  -6.876  0.1544E+00  0.1203E+02
  -6.866  0.1618E+00  0.1203E+02
  -6.856  0.1694E+00  0.1203E+02
  -6.846  0.1773E+00  0.1203E+02
  -6.836  0.1854E+00  0.1203E+02
  -6.826  0.1938E+00  0.1204E+02
  -6.816  0.2024E+00  0.1204E+02
  -6.806  0.2113E+00  0.1204E+02
  -6.796  0.2205E+00  0.1204E+02
  -6.786  0.2299E+00  0.1204E+02
  -6.776  0.2396E+00  0.1205E+02
  -6.766  0.2495E+00  0.1205E+02
  -6.756  0.2598E+00  0.1205E+02
  -6.746  0.2703E+00  0.1205E+02
  -6.736  0.2811E+00  0.1206E+02
  -6.726  0.2922E+00  0.1206E+02
  -6.716  0.3035E+00  0.1206E+02
  -6.706  0.3152E+00  0.1207E+02
  -6.696  0.3272E+00  0.1207E+02
  -6.686  0.3395E+00  0.1207E+02
  -6.676  0.3521E+00  0.1208E+02
  -6.666  0.3650E+00  0.1208E+02
  -6.656  0.3783E+00  0.1208E+02
  -6.646  0.3919E+00  0.1209E+02
  -6.636  0.4058E+00  0.1209E+02
  -6.626  0.4200E+00  0.1210E+02
  -6.616  0.4347E+00  0.1210E+02
  -6.606  0.4497E+00  0.1211E+02
  -6.596  0.4650E+00  0.1211E+02
  -6.586  0.4808E+00  0.1211E+02
  -6.576  0.4969E+00  0.1212E+02
  -6.566  0.5134E+00  0.1212E+02
  -6.556  0.5303E+00  0.1213E+02
  -6.546  0.5476E+00  0.1214E+02
  -6.536  0.5654E+00  0.1214E+02
  -6.526  0.5836E+00  0.1215E+02
  -6.516  0.6022E+00  0.1215E+02
  -6.506  0.6213E+00  0.1216E+02
  -6.496  0.6408E+00  0.1217E+02
  -6.486  0.6608E+00  0.1217E+02
  -6.476  0.6813E+00  0.1218E+02
  -6.466  0.7022E+00  0.1219E+02
  -6.456  0.7237E+00  0.1219E+02
  -6.446  0.7456E+00  0.1220E+02
  -6.436  0.7681E+00  0.1221E+02
  -6.426  0.7910E+00  0.1222E+02
  -6.416  0.8145E+00  0.1222E+02
  -6.406  0.8385E+00  0.1223E+02
  -6.396  0.8630E+00  0.1224E+02
  -6.386  0.8880E+00  0.1225E+02
  -6.376  0.9136E+00  0.1226E+02
  -6.366  0.9396E+00  0.1227E+02
  -6.356  0.9662E+00  0.1228E+02
  -6.346  0.9933E+00  0.1229E+02
  -6.336  0.1021E+01  0.1230E+02
  -6.326  0.1049E+01  0.1231E+02
  -6.316  0.1077E+01  0.1232E+02
  -6.306  0.1106E+01  0.1233E+02
  -6.296  0.1136E+01  0.1234E+02
  -6.286  0.1166E+01  0.1235E+02
  -6.276  0.1196E+01  0.1237E+02
  -6.266  0.1227E+01  0.1238E+02
  -6.256  0.1258E+01  0.1239E+02
  -6.246  0.1289E+01  0.1240E+02
  -6.236  0.1321E+01  0.1242E+02
  -6.226  0.1353E+01  0.1243E+02
  -6.216  0.1385E+01  0.1244E+02
  -6.206  0.1417E+01  0.1246E+02
  -6.196  0.1450E+01  0.1247E+02
  -6.186  0.1482E+01  0.1249E+02
  -6.176  0.1515E+01  0.1250E+02
  -6.166  0.1548E+01  0.1252E+02
  -6.156  0.1580E+01  0.1253E+02
  -6.146  0.1613E+01  0.1255E+02
  -6.136  0.1645E+01  0.1257E+02
  -6.126  0.1677E+01  0.1258E+02
  -6.116  0.1709E+01  0.1260E+02
  -6.106  0.1740E+01  0.1262E+02
  -6.096  0.1771E+01  0.1264E+02
  -6.086  0.1802E+01  0.1265E+02
  -6.076  0.1832E+01  0.1267E+02
  -6.066  0.1861E+01  0.1269E+02
  -6.056  0.1890E+01  0.1271E+02
  -6.046  0.1917E+01  0.1273E+02
  -6.036  0.1944E+01  0.1275E+02
  -6.026  0.1970E+01  0.1277E+02
  -6.016  0.1996E+01  0.1279E+02
  -6.006  0.2020E+01  0.1281E+02
  -5.996  0.2043E+01  0.1283E+02
  -5.986  0.2064E+01  0.1285E+02
  -5.976  0.2085E+01  0.1287E+02
  -5.966  0.2104E+01  0.1289E+02
  -5.956  0.2122E+01  0.1291E+02
  -5.946  0.2139E+01  0.1293E+02
  -5.936  0.2154E+01  0.1296E+02
  -5.926  0.2167E+01  0.1298E+02
  -5.916  0.2179E+01  0.1300E+02
  -5.906  0.2190E+01  0.1302E+02
  -5.896  0.2198E+01  0.1304E+02
  -5.886  0.2206E+01  0.1306E+02
  -5.876  0.2211E+01  0.1309E+02
  -5.866  0.2215E+01  0.1311E+02
  -5.856  0.2217E+01  0.1313E+02
  -5.846  0.2217E+01  0.1315E+02
  -5.836  0.2216E+01  0.1318E+02
  -5.826  0.2213E+01  0.1320E+02
  -5.816  0.2208E+01  0.1322E+02
  -5.806  0.2202E+01  0.1324E+02
  -5.796  0.2194E+01  0.1326E+02
  -5.786  0.2184E+01  0.1329E+02
  -5.776  0.2173E+01  0.1331E+02
  -5.766  0.2160E+01  0.1333E+02
  -5.756  0.2146E+01  0.1335E+02
  -5.746  0.2130E+01  0.1337E+02
  -5.736  0.2113E+01  0.1339E+02
  -5.726  0.2094E+01  0.1341E+02
  -5.716  0.2074E+01  0.1343E+02
  -5.706  0.2053E+01  0.1346E+02
  -5.696  0.2031E+01  0.1348E+02
  -5.686  0.2007E+01  0.1350E+02
  -5.676  0.1983E+01  0.1352E+02
  -5.666  0.1957E+01  0.1353E+02
  -5.656  0.1931E+01  0.1355E+02
  -5.646  0.1904E+01  0.1357E+02
  -5.636  0.1876E+01  0.1359E+02
  -5.626  0.1848E+01  0.1361E+02
  -5.616  0.1820E+01  0.1363E+02
  -5.606  0.1790E+01  0.1365E+02
  -5.596  0.1761E+01  0.1366E+02
  -5.586  0.1731E+01  0.1368E+02
  -5.576  0.1702E+01  0.1370E+02
  -5.566  0.1672E+01  0.1372E+02
  -5.556  0.1642E+01  0.1373E+02
  -5.546  0.1613E+01  0.1375E+02
  -5.536  0.1583E+01  0.1376E+02
  -5.526  0.1554E+01  0.1378E+02
  -5.516  0.1526E+01  0.1379E+02
  -5.506  0.1498E+01  0.1381E+02
  -5.496  0.1471E+01  0.1382E+02
  -5.486  0.1444E+01  0.1384E+02
  -5.476  0.1418E+01  0.1385E+02
  -5.466  0.1393E+01  0.1387E+02
  -5.456  0.1369E+01  0.1388E+02
  -5.446  0.1345E+01  0.1389E+02
  -5.436  0.1323E+01  0.1391E+02
  -5.426  0.1302E+01  0.1392E+02
  -5.416  0.1282E+01  0.1393E+02
  -5.406  0.1264E+01  0.1395E+02
  -5.396  0.1246E+01  0.1396E+02
  -5.386  0.1230E+01  0.1397E+02
  -5.376  0.1215E+01  0.1398E+02
  -5.366  0.1202E+01  0.1399E+02
  -5.356  0.1189E+01  0.1401E+02
  -5.346  0.1179E+01  0.1402E+02
  -5.336  0.1170E+01  0.1403E+02
  -5.326  0.1162E+01  0.1404E+02
  -5.316  0.1155E+01  0.1405E+02
  -5.306  0.1151E+01  0.1406E+02
  -5.296  0.1147E+01  0.1408E+02
  -5.286  0.1145E+01  0.1409E+02
  -5.276  0.1145E+01  0.1410E+02
  -5.266  0.1146E+01  0.1411E+02
  -5.256  0.1149E+01  0.1412E+02
  -5.246  0.1153E+01  0.1413E+02
  -5.236  0.1158E+01  0.1414E+02
  -5.226  0.1165E+01  0.1416E+02
  -5.216  0.1173E+01  0.1417E+02
  -5.206  0.1183E+01  0.1418E+02
  -5.196  0.1194E+01  0.1419E+02
  -5.186  0.1206E+01  0.1420E+02
  -5.176  0.1219E+01  0.1422E+02
  -5.166  0.1234E+01  0.1423E+02
  -5.156  0.1249E+01  0.1424E+02
  -5.146  0.1266E+01  0.1425E+02
  -5.136  0.1284E+01  0.1427E+02
  -5.126  0.1303E+01  0.1428E+02
  -5.116  0.1322E+01  0.1429E+02
  -5.106  0.1343E+01  0.1431E+02
  -5.096  0.1364E+01  0.1432E+02
  -5.086  0.1387E+01  0.1433E+02
  -5.076  0.1409E+01  0.1435E+02
  -5.066  0.1433E+01  0.1436E+02
  -5.056  0.1457E+01  0.1438E+02
  -5.046  0.1481E+01  0.1439E+02
  -5.036  0.1506E+01  0.1441E+02
  -5.026  0.1531E+01  0.1442E+02
  -5.016  0.1556E+01  0.1444E+02
  -5.006  0.1582E+01  0.1445E+02
  -4.996  0.1608E+01  0.1447E+02
  -4.986  0.1633E+01  0.1449E+02
  -4.976  0.1659E+01  0.1450E+02
  -4.966  0.1684E+01  0.1452E+02
  -4.956  0.1710E+01  0.1454E+02
  -4.946  0.1735E+01  0.1455E+02
  -4.936  0.1759E+01  0.1457E+02
  -4.926  0.1784E+01  0.1459E+02
  -4.916  0.1807E+01  0.1461E+02
  -4.906  0.1830E+01  0.1463E+02
  -4.896  0.1853E+01  0.1464E+02
  -4.886  0.1875E+01  0.1466E+02
  -4.876  0.1896E+01  0.1468E+02
  -4.866  0.1916E+01  0.1470E+02
  -4.856  0.1935E+01  0.1472E+02
  -4.846  0.1953E+01  0.1474E+02
  -4.836  0.1971E+01  0.1476E+02
  -4.826  0.1987E+01  0.1478E+02
  -4.816  0.2002E+01  0.1480E+02
  -4.806  0.2016E+01  0.1482E+02
  -4.796  0.2029E+01  0.1484E+02
  -4.786  0.2040E+01  0.1486E+02
  -4.776  0.2051E+01  0.1488E+02
  -4.766  0.2060E+01  0.1490E+02
  -4.756  0.2068E+01  0.1492E+02
  -4.746  0.2074E+01  0.1494E+02
  -4.736  0.2079E+01  0.1496E+02
  -4.726  0.2083E+01  0.1498E+02
  -4.716  0.2085E+01  0.1501E+02
  -4.706  0.2086E+01  0.1503E+02
  -4.696  0.2086E+01  0.1505E+02
  -4.686  0.2084E+01  0.1507E+02
  -4.676  0.2081E+01  0.1509E+02
  -4.666  0.2077E+01  0.1511E+02
  -4.656  0.2071E+01  0.1513E+02
  -4.646  0.2065E+01  0.1515E+02
  -4.636  0.2057E+01  0.1517E+02
  -4.626  0.2048E+01  0.1519E+02
  -4.616  0.2037E+01  0.1521E+02
  -4.606  0.2026E+01  0.1523E+02
  -4.596  0.2014E+01  0.1525E+02
  -4.586  0.2000E+01  0.1527E+02
  -4.576  0.1986E+01  0.1529E+02
  -4.566  0.1971E+01  0.1531E+02
  -4.556  0.1955E+01  0.1533E+02
  -4.546  0.1939E+01  0.1535E+02
  -4.536  0.1922E+01  0.1537E+02
  -4.526  0.1904E+01  0.1539E+02
  -4.516  0.1886E+01  0.1541E+02
  -4.506  0.1868E+01  0.1543E+02
  -4.496  0.1849E+01  0.1545E+02
  -4.486  0.1830E+01  0.1546E+02
  -4.476  0.1810E+01  0.1548E+02
  -4.466  0.1791E+01  0.1550E+02
  -4.456  0.1772E+01  0.1552E+02
  -4.446  0.1752E+01  0.1553E+02
  -4.436  0.1733E+01  0.1555E+02
  -4.426  0.1715E+01  0.1557E+02
  -4.416  0.1696E+01  0.1559E+02
  -4.406  0.1678E+01  0.1560E+02
  -4.396  0.1660E+01  0.1562E+02
  -4.386  0.1643E+01  0.1564E+02
  -4.376  0.1627E+01  0.1565E+02
  -4.366  0.1611E+01  0.1567E+02
  -4.356  0.1596E+01  0.1568E+02
  -4.346  0.1582E+01  0.1570E+02
  -4.336  0.1569E+01  0.1572E+02
  -4.326  0.1556E+01  0.1573E+02
  -4.316  0.1545E+01  0.1575E+02
  -4.306  0.1534E+01  0.1576E+02
  -4.296  0.1525E+01  0.1578E+02
  -4.286  0.1516E+01  0.1579E+02
  -4.276  0.1509E+01  0.1581E+02
  -4.266  0.1503E+01  0.1582E+02
  -4.256  0.1498E+01  0.1584E+02
  -4.246  0.1494E+01  0.1585E+02
  -4.236  0.1492E+01  0.1587E+02
  -4.226  0.1490E+01  0.1588E+02
  -4.216  0.1490E+01  0.1590E+02
  -4.206  0.1491E+01  0.1591E+02
  -4.196  0.1493E+01  0.1593E+02
  -4.186  0.1497E+01  0.1594E+02
  -4.176  0.1501E+01  0.1596E+02
  -4.166  0.1507E+01  0.1597E+02
  -4.156  0.1513E+01  0.1599E+02
  -4.146  0.1521E+01  0.1600E+02
  -4.136  0.1530E+01  0.1602E+02
  -4.126  0.1540E+01  0.1603E+02
  -4.116  0.1550E+01  0.1605E+02
  -4.106  0.1562E+01  0.1606E+02
  -4.096  0.1574E+01  0.1608E+02
  -4.086  0.1588E+01  0.1610E+02
  -4.076  0.1602E+01  0.1611E+02
  -4.066  0.1616E+01  0.1613E+02
  -4.056  0.1632E+01  0.1614E+02
  -4.046  0.1647E+01  0.1616E+02
  -4.036  0.1664E+01  0.1618E+02
  -4.026  0.1681E+01  0.1619E+02
  -4.016  0.1698E+01  0.1621E+02
  -4.006  0.1716E+01  0.1623E+02
  -3.996  0.1733E+01  0.1625E+02
  -3.986  0.1751E+01  0.1626E+02
  -3.976  0.1769E+01  0.1628E+02
  -3.966  0.1788E+01  0.1630E+02
  -3.956  0.1806E+01  0.1632E+02
  -3.946  0.1824E+01  0.1634E+02
  -3.936  0.1842E+01  0.1635E+02
  -3.926  0.1860E+01  0.1637E+02
  -3.916  0.1878E+01  0.1639E+02
  -3.906  0.1895E+01  0.1641E+02
  -3.896  0.1912E+01  0.1643E+02
  -3.886  0.1929E+01  0.1645E+02
  -3.876  0.1945E+01  0.1647E+02
  -3.866  0.1961E+01  0.1649E+02
  -3.856  0.1976E+01  0.1651E+02
  -3.846  0.1991E+01  0.1653E+02
  -3.836  0.2005E+01  0.1655E+02
  -3.826  0.2019E+01  0.1657E+02
  -3.816  0.2032E+01  0.1659E+02
  -3.806  0.2045E+01  0.1661E+02
  -3.796  0.2057E+01  0.1663E+02
  -3.786  0.2068E+01  0.1665E+02
  -3.776  0.2079E+01  0.1667E+02
  -3.766  0.2089E+01  0.1669E+02
  -3.756  0.2098E+01  0.1671E+02
  -3.746  0.2107E+01  0.1673E+02
  -3.736  0.2115E+01  0.1675E+02
  -3.726  0.2123E+01  0.1678E+02
  -3.716  0.2130E+01  0.1680E+02
  -3.706  0.2137E+01  0.1682E+02
  -3.696  0.2143E+01  0.1684E+02
  -3.686  0.2148E+01  0.1686E+02
  -3.676  0.2154E+01  0.1688E+02
  -3.666  0.2159E+01  0.1690E+02
  -3.656  0.2164E+01  0.1693E+02
  -3.646  0.2168E+01  0.1695E+02
  -3.636  0.2172E+01  0.1697E+02
  -3.626  0.2177E+01  0.1699E+02
  -3.616  0.2181E+01  0.1701E+02
  -3.606  0.2185E+01  0.1703E+02
  -3.596  0.2189E+01  0.1706E+02
  -3.586  0.2194E+01  0.1708E+02
  -3.576  0.2199E+01  0.1710E+02
  -3.566  0.2204E+01  0.1712E+02
  -3.556  0.2210E+01  0.1714E+02
  -3.546  0.2216E+01  0.1717E+02
  -3.536  0.2223E+01  0.1719E+02
  -3.526  0.2231E+01  0.1721E+02
  -3.516  0.2239E+01  0.1723E+02
  -3.506  0.2248E+01  0.1726E+02
  -3.496  0.2259E+01  0.1728E+02
  -3.486  0.2270E+01  0.1730E+02
  -3.476  0.2283E+01  0.1732E+02
  -3.466  0.2297E+01  0.1735E+02
  -3.456  0.2312E+01  0.1737E+02
  -3.446  0.2329E+01  0.1739E+02
  -3.436  0.2347E+01  0.1742E+02
  -3.426  0.2367E+01  0.1744E+02
  -3.416  0.2389E+01  0.1746E+02
  -3.406  0.2412E+01  0.1749E+02
  -3.396  0.2438E+01  0.1751E+02
  -3.386  0.2465E+01  0.1754E+02
  -3.376  0.2494E+01  0.1756E+02
  -3.366  0.2526E+01  0.1759E+02
  -3.356  0.2559E+01  0.1761E+02
  -3.346  0.2595E+01  0.1764E+02
  -3.336  0.2633E+01  0.1767E+02
  -3.326  0.2673E+01  0.1769E+02
  -3.316  0.2715E+01  0.1772E+02
  -3.306  0.2760E+01  0.1775E+02
  -3.296  0.2807E+01  0.1778E+02
  -3.286  0.2856E+01  0.1780E+02
  -3.276  0.2908E+01  0.1783E+02
  -3.266  0.2961E+01  0.1786E+02
  -3.256  0.3017E+01  0.1789E+02
  -3.246  0.3076E+01  0.1792E+02
  -3.236  0.3136E+01  0.1796E+02
  -3.226  0.3199E+01  0.1799E+02
  -3.216  0.3263E+01  0.1802E+02
  -3.206  0.3330E+01  0.1805E+02
  -3.196  0.3399E+01  0.1809E+02
  -3.186  0.3469E+01  0.1812E+02
  -3.176  0.3541E+01  0.1816E+02
  -3.166  0.3615E+01  0.1819E+02
  -3.156  0.3690E+01  0.1823E+02
  -3.146  0.3767E+01  0.1827E+02
  -3.136  0.3845E+01  0.1831E+02
  -3.126  0.3924E+01  0.1835E+02
  -3.116  0.4004E+01  0.1839E+02
  -3.106  0.4085E+01  0.1843E+02
  -3.096  0.4167E+01  0.1847E+02
  -3.086  0.4249E+01  0.1851E+02
  -3.076  0.4331E+01  0.1855E+02
  -3.066  0.4414E+01  0.1860E+02
  -3.056  0.4497E+01  0.1864E+02
  -3.046  0.4580E+01  0.1869E+02
  -3.036  0.4662E+01  0.1874E+02
  -3.026  0.4744E+01  0.1878E+02
  -3.016  0.4825E+01  0.1883E+02
  -3.006  0.4906E+01  0.1888E+02
  -2.996  0.4985E+01  0.1893E+02
  -2.986  0.5064E+01  0.1898E+02
  -2.976  0.5141E+01  0.1903E+02
  -2.966  0.5216E+01  0.1908E+02
  -2.956  0.5290E+01  0.1914E+02
  -2.946  0.5362E+01  0.1919E+02
  -2.936  0.5432E+01  0.1925E+02
  -2.926  0.5500E+01  0.1930E+02
  -2.916  0.5566E+01  0.1936E+02
  -2.906  0.5629E+01  0.1941E+02
  -2.896  0.5690E+01  0.1947E+02
  -2.886  0.5748E+01  0.1953E+02
  -2.876  0.5804E+01  0.1958E+02
  -2.866  0.5856E+01  0.1964E+02
  -2.856  0.5906E+01  0.1970E+02
  -2.846  0.5952E+01  0.1976E+02
  -2.836  0.5996E+01  0.1982E+02
  -2.826  0.6036E+01  0.1988E+02
  -2.816  0.6073E+01  0.1994E+02
  -2.806  0.6107E+01  0.2000E+02
  -2.796  0.6137E+01  0.2007E+02
  -2.786  0.6164E+01  0.2013E+02
  -2.776  0.6188E+01  0.2019E+02
  -2.766  0.6208E+01  0.2025E+02
  -2.756  0.6225E+01  0.2031E+02
  -2.746  0.6238E+01  0.2038E+02
  -2.736  0.6248E+01  0.2044E+02
  -2.726  0.6255E+01  0.2050E+02
  -2.716  0.6258E+01  0.2056E+02
  -2.706  0.6258E+01  0.2063E+02
  -2.696  0.6255E+01  0.2069E+02
  -2.686  0.6248E+01  0.2075E+02
  -2.676  0.6238E+01  0.2081E+02
  -2.666  0.6225E+01  0.2088E+02
  -2.656  0.6208E+01  0.2094E+02
  -2.646  0.6189E+01  0.2100E+02
  -2.636  0.6167E+01  0.2106E+02
  -2.626  0.6141E+01  0.2112E+02
  -2.616  0.6113E+01  0.2118E+02
  -2.606  0.6082E+01  0.2124E+02
  -2.596  0.6048E+01  0.2130E+02
  -2.586  0.6011E+01  0.2136E+02
  -2.576  0.5972E+01  0.2142E+02
  -2.566  0.5930E+01  0.2148E+02
  -2.556  0.5886E+01  0.2154E+02
  -2.546  0.5840E+01  0.2160E+02
  -2.536  0.5791E+01  0.2166E+02
  -2.526  0.5740E+01  0.2172E+02
  -2.516  0.5686E+01  0.2177E+02
  -2.506  0.5631E+01  0.2183E+02
  -2.496  0.5573E+01  0.2189E+02
  -2.486  0.5514E+01  0.2194E+02
  -2.476  0.5453E+01  0.2200E+02
  -2.466  0.5390E+01  0.2205E+02
  -2.456  0.5325E+01  0.2210E+02
  -2.446  0.5258E+01  0.2215E+02
  -2.436  0.5190E+01  0.2221E+02
  -2.426  0.5120E+01  0.2226E+02
  -2.416  0.5049E+01  0.2231E+02
  -2.406  0.4977E+01  0.2236E+02
  -2.396  0.4903E+01  0.2241E+02
  -2.386  0.4828E+01  0.2246E+02
  -2.376  0.4752E+01  0.2250E+02
  -2.366  0.4674E+01  0.2255E+02
  -2.356  0.4596E+01  0.2260E+02
  -2.346  0.4516E+01  0.2264E+02
  -2.336  0.4436E+01  0.2269E+02
  -2.326  0.4355E+01  0.2273E+02
  -2.316  0.4273E+01  0.2277E+02
  -2.306  0.4190E+01  0.2281E+02
  -2.296  0.4107E+01  0.2285E+02
  -2.286  0.4023E+01  0.2289E+02
  -2.276  0.3938E+01  0.2293E+02
  -2.266  0.3854E+01  0.2297E+02
  -2.256  0.3769E+01  0.2301E+02
  -2.246  0.3683E+01  0.2305E+02
  -2.236  0.3598E+01  0.2308E+02
  -2.226  0.3512E+01  0.2312E+02
  -2.216  0.3426E+01  0.2315E+02
  -2.206  0.3340E+01  0.2319E+02
  -2.196  0.3255E+01  0.2322E+02
  -2.186  0.3169E+01  0.2325E+02
  -2.176  0.3084E+01  0.2328E+02
  -2.166  0.2999E+01  0.2331E+02
  -2.156  0.2915E+01  0.2334E+02
  -2.146  0.2831E+01  0.2337E+02
  -2.136  0.2748E+01  0.2340E+02
  -2.126  0.2665E+01  0.2342E+02
  -2.116  0.2583E+01  0.2345E+02
  -2.106  0.2502E+01  0.2347E+02
  -2.096  0.2421E+01  0.2350E+02
  -2.086  0.2342E+01  0.2352E+02
  -2.076  0.2263E+01  0.2354E+02
  -2.066  0.2186E+01  0.2357E+02
  -2.056  0.2109E+01  0.2359E+02
  -2.046  0.2034E+01  0.2361E+02
  -2.036  0.1960E+01  0.2363E+02
  -2.026  0.1887E+01  0.2365E+02
  -2.016  0.1815E+01  0.2366E+02
  -2.006  0.1745E+01  0.2368E+02
  -1.996  0.1676E+01  0.2370E+02
  -1.986  0.1609E+01  0.2371E+02
  -1.976  0.1543E+01  0.2373E+02
  -1.966  0.1479E+01  0.2374E+02
  -1.956  0.1416E+01  0.2376E+02
  -1.946  0.1355E+01  0.2377E+02
  -1.936  0.1295E+01  0.2378E+02
  -1.926  0.1237E+01  0.2380E+02
  -1.916  0.1181E+01  0.2381E+02
  -1.906  0.1126E+01  0.2382E+02
  -1.896  0.1073E+01  0.2383E+02
  -1.886  0.1021E+01  0.2384E+02
  -1.876  0.9711E+00  0.2385E+02
  -1.866  0.9228E+00  0.2386E+02
  -1.856  0.8762E+00  0.2387E+02
  -1.846  0.8312E+00  0.2388E+02
  -1.836  0.7879E+00  0.2389E+02
  -1.826  0.7461E+00  0.2389E+02
  -1.816  0.7059E+00  0.2390E+02
  -1.806  0.6673E+00  0.2391E+02
  -1.796  0.6303E+00  0.2391E+02
  -1.786  0.5948E+00  0.2392E+02
  -1.776  0.5608E+00  0.2392E+02
  -1.766  0.5283E+00  0.2393E+02
  -1.756  0.4972E+00  0.2393E+02
  -1.746  0.4676E+00  0.2394E+02
  -1.736  0.4393E+00  0.2394E+02
  -1.726  0.4124E+00  0.2395E+02
  -1.716  0.3868E+00  0.2395E+02
  -1.706  0.3625E+00  0.2396E+02
  -1.696  0.3395E+00  0.2396E+02
  -1.686  0.3177E+00  0.2396E+02
  -1.676  0.2970E+00  0.2396E+02
  -1.666  0.2775E+00  0.2397E+02
  -1.656  0.2591E+00  0.2397E+02
  -1.646  0.2418E+00  0.2397E+02
  -1.636  0.2255E+00  0.2397E+02
  -1.626  0.2103E+00  0.2398E+02
  -1.616  0.1960E+00  0.2398E+02
  -1.606  0.1826E+00  0.2398E+02
  -1.596  0.1701E+00  0.2398E+02
  -1.586  0.1585E+00  0.2398E+02
  -1.576  0.1478E+00  0.2399E+02
  -1.566  0.1379E+00  0.2399E+02
  -1.556  0.1287E+00  0.2399E+02
  -1.546  0.1204E+00  0.2399E+02
  -1.536  0.1127E+00  0.2399E+02
  -1.526  0.1058E+00  0.2399E+02
  -1.516  0.9960E-01  0.2399E+02
  -1.506  0.9407E-01  0.2399E+02
  -1.496  0.8920E-01  0.2399E+02
  -1.486  0.8498E-01  0.2400E+02
  -1.476  0.8141E-01  0.2400E+02
  -1.466  0.7846E-01  0.2400E+02
  -1.456  0.7614E-01  0.2400E+02
  -1.446  0.7444E-01  0.2400E+02
  -1.436  0.7336E-01  0.2400E+02
  -1.426  0.7290E-01  0.2400E+02
  -1.416  0.7306E-01  0.2400E+02
  -1.406  0.7385E-01  0.2400E+02
  -1.396  0.7528E-01  0.2400E+02
  -1.386  0.7736E-01  0.2400E+02
  -1.376  0.8010E-01  0.2400E+02
  -1.366  0.8351E-01  0.2400E+02
  -1.356  0.8763E-01  0.2401E+02
  -1.346  0.9246E-01  0.2401E+02
  -1.336  0.9804E-01  0.2401E+02
  -1.326  0.1044E+00  0.2401E+02
  -1.316  0.1115E+00  0.2401E+02
  -1.306  0.1195E+00  0.2401E+02
  -1.296  0.1284E+00  0.2401E+02
  -1.286  0.1381E+00  0.2401E+02
  -1.276  0.1488E+00  0.2401E+02
  -1.266  0.1605E+00  0.2402E+02
  -1.256  0.1732E+00  0.2402E+02
  -1.246  0.1870E+00  0.2402E+02
  -1.236  0.2019E+00  0.2402E+02
  -1.226  0.2180E+00  0.2402E+02
  -1.216  0.2353E+00  0.2403E+02
  -1.206  0.2538E+00  0.2403E+02
  -1.196  0.2737E+00  0.2403E+02
  -1.186  0.2950E+00  0.2403E+02
  -1.176  0.3177E+00  0.2404E+02
  -1.166  0.3419E+00  0.2404E+02
  -1.156  0.3677E+00  0.2404E+02
  -1.146  0.3950E+00  0.2405E+02
  -1.136  0.4240E+00  0.2405E+02
  -1.126  0.4547E+00  0.2406E+02
  -1.116  0.4872E+00  0.2406E+02
  -1.106  0.5215E+00  0.2407E+02
  -1.096  0.5576E+00  0.2407E+02
  -1.086  0.5957E+00  0.2408E+02
  -1.076  0.6358E+00  0.2409E+02
  -1.066  0.6778E+00  0.2409E+02
  -1.056  0.7219E+00  0.2410E+02
  -1.046  0.7681E+00  0.2411E+02
  -1.036  0.8164E+00  0.2412E+02
  -1.026  0.8669E+00  0.2412E+02
  -1.016  0.9196E+00  0.2413E+02
  -1.006  0.9745E+00  0.2414E+02
  -0.996  0.1032E+01  0.2415E+02
  -0.986  0.1091E+01  0.2416E+02
  -0.976  0.1153E+01  0.2418E+02
  -0.966  0.1216E+01  0.2419E+02
  -0.956  0.1282E+01  0.2420E+02
  -0.946  0.1351E+01  0.2421E+02
  -0.936  0.1421E+01  0.2423E+02
  -0.926  0.1494E+01  0.2424E+02
  -0.916  0.1569E+01  0.2426E+02
  -0.906  0.1646E+01  0.2428E+02
  -0.896  0.1725E+01  0.2429E+02
  -0.886  0.1806E+01  0.2431E+02
  -0.876  0.1890E+01  0.2433E+02
  -0.866  0.1975E+01  0.2435E+02
  -0.856  0.2062E+01  0.2437E+02
  -0.846  0.2150E+01  0.2439E+02
  -0.836  0.2241E+01  0.2441E+02
  -0.826  0.2333E+01  0.2444E+02
  -0.816  0.2426E+01  0.2446E+02
  -0.806  0.2521E+01  0.2449E+02
  -0.796  0.2618E+01  0.2451E+02
  -0.786  0.2715E+01  0.2454E+02
  -0.776  0.2814E+01  0.2457E+02
  -0.766  0.2913E+01  0.2460E+02
  -0.756  0.3013E+01  0.2463E+02
  -0.746  0.3114E+01  0.2466E+02
  -0.736  0.3216E+01  0.2469E+02
  -0.726  0.3318E+01  0.2472E+02
  -0.716  0.3420E+01  0.2476E+02
  -0.706  0.3522E+01  0.2479E+02
  -0.696  0.3625E+01  0.2483E+02
  -0.686  0.3727E+01  0.2487E+02
  -0.676  0.3829E+01  0.2491E+02
  -0.666  0.3931E+01  0.2494E+02
  -0.656  0.4032E+01  0.2498E+02
  -0.646  0.4132E+01  0.2503E+02
  -0.636  0.4232E+01  0.2507E+02
  -0.626  0.4330E+01  0.2511E+02
  -0.616  0.4428E+01  0.2516E+02
  -0.606  0.4524E+01  0.2520E+02
  -0.596  0.4619E+01  0.2525E+02
  -0.586  0.4712E+01  0.2529E+02
  -0.576  0.4804E+01  0.2534E+02
  -0.566  0.4894E+01  0.2539E+02
  -0.556  0.4983E+01  0.2544E+02
  -0.546  0.5069E+01  0.2549E+02
  -0.536  0.5153E+01  0.2554E+02
  -0.526  0.5236E+01  0.2560E+02
  -0.516  0.5316E+01  0.2565E+02
  -0.506  0.5394E+01  0.2570E+02
  -0.496  0.5470E+01  0.2576E+02
  -0.486  0.5543E+01  0.2581E+02
  -0.476  0.5614E+01  0.2587E+02
  -0.466  0.5683E+01  0.2593E+02
  -0.456  0.5749E+01  0.2598E+02
  -0.446  0.5813E+01  0.2604E+02
  -0.436  0.5874E+01  0.2610E+02
  -0.426  0.5932E+01  0.2616E+02
  -0.416  0.5988E+01  0.2622E+02
  -0.406  0.6042E+01  0.2628E+02
  -0.396  0.6093E+01  0.2634E+02
  -0.386  0.6141E+01  0.2640E+02
  -0.376  0.6187E+01  0.2646E+02
  -0.366  0.6231E+01  0.2653E+02
  -0.356  0.6272E+01  0.2659E+02
  -0.346  0.6310E+01  0.2665E+02
  -0.336  0.6347E+01  0.2672E+02
  -0.326  0.6380E+01  0.2678E+02
  -0.316  0.6412E+01  0.2684E+02
  -0.306  0.6442E+01  0.2691E+02
  -0.296  0.6469E+01  0.2697E+02
  -0.286  0.6494E+01  0.2704E+02
  -0.276  0.6517E+01  0.2710E+02
  -0.266  0.6538E+01  0.2717E+02
  -0.256  0.6558E+01  0.2723E+02
  -0.246  0.6575E+01  0.2730E+02
  -0.236  0.6591E+01  0.2737E+02
  -0.226  0.6605E+01  0.2743E+02
  -0.216  0.6617E+01  0.2750E+02
  -0.206  0.6628E+01  0.2756E+02
  -0.196  0.6638E+01  0.2763E+02
  -0.186  0.6646E+01  0.2770E+02
  -0.176  0.6652E+01  0.2776E+02
  -0.166  0.6658E+01  0.2783E+02
  -0.156  0.6663E+01  0.2790E+02
  -0.146  0.6666E+01  0.2796E+02
  -0.136  0.6669E+01  0.2803E+02
  -0.126  0.6671E+01  0.2810E+02
  -0.116  0.6672E+01  0.2816E+02
  -0.106  0.6672E+01  0.2823E+02
  -0.096  0.6672E+01  0.2830E+02
  -0.086  0.6671E+01  0.2836E+02
  -0.076  0.6669E+01  0.2843E+02
  -0.066  0.6668E+01  0.2850E+02
  -0.056  0.6666E+01  0.2856E+02
  -0.046  0.6663E+01  0.2863E+02
  -0.036  0.6661E+01  0.2870E+02
  -0.026  0.6658E+01  0.2876E+02
  -0.016  0.6656E+01  0.2883E+02
  -0.006  0.6653E+01  0.2890E+02
   0.004  0.6650E+01  0.2896E+02
   0.014  0.6648E+01  0.2903E+02
   0.024  0.6646E+01  0.2910E+02
   0.034  0.6644E+01  0.2916E+02
   0.044  0.6642E+01  0.2923E+02
   0.054  0.6641E+01  0.2930E+02
   0.064  0.6639E+01  0.2936E+02
   0.074  0.6639E+01  0.2943E+02
   0.084  0.6639E+01  0.2949E+02
   0.094  0.6639E+01  0.2956E+02
   0.104  0.6639E+01  0.2963E+02
   0.114  0.6641E+01  0.2969E+02
   0.124  0.6642E+01  0.2976E+02
   0.134  0.6645E+01  0.2983E+02
   0.144  0.6647E+01  0.2989E+02
   0.154  0.6651E+01  0.2996E+02
   0.164  0.6655E+01  0.3003E+02
   0.174  0.6659E+01  0.3009E+02
   0.184  0.6664E+01  0.3016E+02
   0.194  0.6669E+01  0.3023E+02
   0.204  0.6675E+01  0.3029E+02
   0.214  0.6682E+01  0.3036E+02
   0.224  0.6689E+01  0.3043E+02
   0.234  0.6696E+01  0.3049E+02
   0.244  0.6704E+01  0.3056E+02
   0.254  0.6713E+01  0.3063E+02
   0.264  0.6721E+01  0.3069E+02
   0.274  0.6730E+01  0.3076E+02
   0.284  0.6740E+01  0.3083E+02
   0.294  0.6750E+01  0.3090E+02
   0.304  0.6760E+01  0.3096E+02
   0.314  0.6770E+01  0.3103E+02
   0.324  0.6780E+01  0.3110E+02
   0.334  0.6791E+01  0.3117E+02
   0.344  0.6802E+01  0.3124E+02
   0.354  0.6813E+01  0.3130E+02
   0.364  0.6824E+01  0.3137E+02
   0.374  0.6835E+01  0.3144E+02
   0.384  0.6846E+01  0.3151E+02
   0.394  0.6857E+01  0.3158E+02
   0.404  0.6868E+01  0.3165E+02
   0.414  0.6879E+01  0.3172E+02
   0.424  0.6890E+01  0.3178E+02
   0.434  0.6901E+01  0.3185E+02
   0.444  0.6911E+01  0.3192E+02
   0.454  0.6922E+01  0.3199E+02
   0.464  0.6933E+01  0.3206E+02
   0.474  0.6943E+01  0.3213E+02
   0.484  0.6953E+01  0.3220E+02
   0.494  0.6964E+01  0.3227E+02
   0.504  0.6974E+01  0.3234E+02
   0.514  0.6984E+01  0.3241E+02
   0.524  0.6994E+01  0.3248E+02
   0.534  0.7004E+01  0.3255E+02
   0.544  0.7013E+01  0.3262E+02
   0.554  0.7023E+01  0.3269E+02
   0.564  0.7033E+01  0.3276E+02
   0.574  0.7043E+01  0.3283E+02
   0.584  0.7052E+01  0.3290E+02
   0.594  0.7062E+01  0.3297E+02
   0.604  0.7072E+01  0.3304E+02
   0.614  0.7082E+01  0.3311E+02
   0.624  0.7093E+01  0.3318E+02
   0.634  0.7103E+01  0.3325E+02
   0.644  0.7114E+01  0.3333E+02
   0.654  0.7125E+01  0.3340E+02
   0.664  0.7136E+01  0.3347E+02
   0.674  0.7147E+01  0.3354E+02
   0.684  0.7159E+01  0.3361E+02
   0.694  0.7171E+01  0.3368E+02
   0.704  0.7183E+01  0.3376E+02
   0.714  0.7196E+01  0.3383E+02
   0.724  0.7210E+01  0.3390E+02
   0.734  0.7224E+01  0.3397E+02
   0.744  0.7238E+01  0.3404E+02
   0.754  0.7252E+01  0.3412E+02
   0.764  0.7268E+01  0.3419E+02
   0.774  0.7283E+01  0.3426E+02
   0.784  0.7299E+01  0.3433E+02
   0.794  0.7316E+01  0.3441E+02
   0.804  0.7333E+01  0.3448E+02
   0.814  0.7351E+01  0.3455E+02
   0.824  0.7369E+01  0.3463E+02
   0.834  0.7387E+01  0.3470E+02
   0.844  0.7406E+01  0.3478E+02
   0.854  0.7426E+01  0.3485E+02
   0.864  0.7446E+01  0.3493E+02
   0.874  0.7466E+01  0.3500E+02
   0.884  0.7486E+01  0.3507E+02
   0.894  0.7507E+01  0.3515E+02
   0.904  0.7528E+01  0.3522E+02
   0.914  0.7550E+01  0.3530E+02
   0.924  0.7571E+01  0.3538E+02
   0.934  0.7593E+01  0.3545E+02
   0.944  0.7615E+01  0.3553E+02
   0.954  0.7637E+01  0.3560E+02
   0.964  0.7659E+01  0.3568E+02
   0.974  0.7681E+01  0.3576E+02
   0.984  0.7703E+01  0.3584E+02
   0.994  0.7724E+01  0.3591E+02
   1.004  0.7746E+01  0.3599E+02
   1.014  0.7768E+01  0.3607E+02
   1.024  0.7789E+01  0.3615E+02
   1.034  0.7811E+01  0.3622E+02
   1.044  0.7832E+01  0.3630E+02
   1.054  0.7852E+01  0.3638E+02
   1.064  0.7872E+01  0.3646E+02
   1.074  0.7892E+01  0.3654E+02
   1.084  0.7912E+01  0.3662E+02
   1.094  0.7931E+01  0.3670E+02
   1.104  0.7950E+01  0.3678E+02
   1.114  0.7968E+01  0.3686E+02
   1.124  0.7985E+01  0.3694E+02
   1.134  0.8002E+01  0.3702E+02
   1.144  0.8019E+01  0.3710E+02
   1.154  0.8035E+01  0.3718E+02
   1.164  0.8050E+01  0.3726E+02
   1.174  0.8064E+01  0.3734E+02
   1.184  0.8078E+01  0.3742E+02
   1.194  0.8092E+01  0.3750E+02
   1.204  0.8104E+01  0.3758E+02
   1.214  0.8116E+01  0.3766E+02
   1.224  0.8127E+01  0.3774E+02
   1.234  0.8138E+01  0.3782E+02
   1.244  0.8147E+01  0.3791E+02
   1.254  0.8156E+01  0.3799E+02
   1.264  0.8164E+01  0.3807E+02
   1.274  0.8172E+01  0.3815E+02
   1.284  0.8178E+01  0.3823E+02
   1.294  0.8184E+01  0.3831E+02
   1.304  0.8189E+01  0.3840E+02
   1.314  0.8193E+01  0.3848E+02
   1.324  0.8196E+01  0.3856E+02
   1.334  0.8198E+01  0.3864E+02
   1.344  0.8200E+01  0.3872E+02
   1.354  0.8200E+01  0.3881E+02
   1.364  0.8200E+01  0.3889E+02
   1.374  0.8199E+01  0.3897E+02
   1.384  0.8197E+01  0.3905E+02
   1.394  0.8194E+01  0.3913E+02
   1.404  0.8190E+01  0.3922E+02
   1.414  0.8185E+01  0.3930E+02
   1.424  0.8179E+01  0.3938E+02
   1.434  0.8173E+01  0.3946E+02
   1.444  0.8165E+01  0.3954E+02
   1.454  0.8156E+01  0.3962E+02
   1.464  0.8147E+01  0.3971E+02
   1.474  0.8136E+01  0.3979E+02
   1.484  0.8125E+01  0.3987E+02
   1.494  0.8112E+01  0.3995E+02
   1.504  0.8099E+01  0.4003E+02
   1.514  0.8085E+01  0.4011E+02
   1.524  0.8069E+01  0.4019E+02
   1.534  0.8053E+01  0.4027E+02
   1.544  0.8036E+01  0.4035E+02
   1.554  0.8018E+01  0.4043E+02
   1.564  0.7999E+01  0.4051E+02
   1.574  0.7979E+01  0.4059E+02
   1.584  0.7959E+01  0.4067E+02
   1.594  0.7937E+01  0.4075E+02
   1.604  0.7915E+01  0.4083E+02
   1.614  0.7892E+01  0.4091E+02
   1.624  0.7868E+01  0.4099E+02
   1.634  0.7844E+01  0.4107E+02
   1.644  0.7819E+01  0.4114E+02
   1.654  0.7793E+01  0.4122E+02
   1.664  0.7767E+01  0.4130E+02
   1.674  0.7741E+01  0.4138E+02
   1.684  0.7713E+01  0.4145E+02
   1.694  0.7686E+01  0.4153E+02
   1.704  0.7658E+01  0.4161E+02
   1.714  0.7629E+01  0.4168E+02
   1.724  0.7601E+01  0.4176E+02
   1.734  0.7572E+01  0.4184E+02
   1.744  0.7543E+01  0.4191E+02
   1.754  0.7514E+01  0.4199E+02
   1.764  0.7485E+01  0.4206E+02
   1.774  0.7456E+01  0.4214E+02
   1.784  0.7427E+01  0.4221E+02
   1.794  0.7398E+01  0.4228E+02
   1.804  0.7369E+01  0.4236E+02
   1.814  0.7340E+01  0.4243E+02
   1.824  0.7312E+01  0.4250E+02
   1.834  0.7283E+01  0.4258E+02
   1.844  0.7256E+01  0.4265E+02
   1.854  0.7228E+01  0.4272E+02
   1.864  0.7201E+01  0.4279E+02
   1.874  0.7174E+01  0.4287E+02
   1.884  0.7148E+01  0.4294E+02
   1.894  0.7122E+01  0.4301E+02
   1.904  0.7097E+01  0.4308E+02
   1.914  0.7072E+01  0.4315E+02
   1.924  0.7047E+01  0.4322E+02
   1.934  0.7024E+01  0.4329E+02
   1.944  0.7000E+01  0.4336E+02
   1.954  0.6977E+01  0.4343E+02
   1.964  0.6955E+01  0.4350E+02
   1.974  0.6933E+01  0.4357E+02
   1.984  0.6911E+01  0.4364E+02
   1.994  0.6890E+01  0.4371E+02
   2.004  0.6869E+01  0.4378E+02
   2.014  0.6849E+01  0.4385E+02
   2.024  0.6828E+01  0.4391E+02
   2.034  0.6808E+01  0.4398E+02
   2.044  0.6788E+01  0.4405E+02
   2.054  0.6768E+01  0.4412E+02
   2.064  0.6749E+01  0.4418E+02
   2.074  0.6729E+01  0.4425E+02
   2.084  0.6708E+01  0.4432E+02
   2.094  0.6688E+01  0.4439E+02
   2.104  0.6667E+01  0.4445E+02
   2.114  0.6646E+01  0.4452E+02
   2.124  0.6624E+01  0.4459E+02
   2.134  0.6602E+01  0.4465E+02
   2.144  0.6579E+01  0.4472E+02
   2.154  0.6555E+01  0.4478E+02
   2.164  0.6530E+01  0.4485E+02
   2.174  0.6504E+01  0.4491E+02
   2.184  0.6477E+01  0.4498E+02
   2.194  0.6449E+01  0.4504E+02
   2.204  0.6420E+01  0.4511E+02
   2.214  0.6388E+01  0.4517E+02
   2.224  0.6356E+01  0.4523E+02
   2.234  0.6322E+01  0.4530E+02
   2.244  0.6286E+01  0.4536E+02
   2.254  0.6248E+01  0.4542E+02
   2.264  0.6208E+01  0.4548E+02
   2.274  0.6167E+01  0.4555E+02
   2.284  0.6123E+01  0.4561E+02
   2.294  0.6077E+01  0.4567E+02
   2.304  0.6029E+01  0.4573E+02
   2.314  0.5979E+01  0.4579E+02
   2.324  0.5927E+01  0.4585E+02
   2.334  0.5872E+01  0.4591E+02
   2.344  0.5815E+01  0.4596E+02
   2.354  0.5756E+01  0.4602E+02
   2.364  0.5694E+01  0.4608E+02
   2.374  0.5630E+01  0.4614E+02
   2.384  0.5563E+01  0.4619E+02
   2.394  0.5494E+01  0.4625E+02
   2.404  0.5423E+01  0.4630E+02
   2.414  0.5350E+01  0.4635E+02
   2.424  0.5274E+01  0.4641E+02
   2.434  0.5196E+01  0.4646E+02
   2.444  0.5116E+01  0.4651E+02
   2.454  0.5033E+01  0.4656E+02
   2.464  0.4949E+01  0.4661E+02
   2.474  0.4863E+01  0.4666E+02
   2.484  0.4775E+01  0.4671E+02
   2.494  0.4685E+01  0.4675E+02
   2.504  0.4593E+01  0.4680E+02
   2.514  0.4501E+01  0.4684E+02
   2.524  0.4406E+01  0.4689E+02
   2.534  0.4310E+01  0.4693E+02
   2.544  0.4214E+01  0.4697E+02
   2.554  0.4116E+01  0.4701E+02
   2.564  0.4017E+01  0.4705E+02
   2.574  0.3917E+01  0.4709E+02
   2.584  0.3817E+01  0.4713E+02
   2.594  0.3716E+01  0.4717E+02
   2.604  0.3615E+01  0.4720E+02
   2.614  0.3514E+01  0.4724E+02
   2.624  0.3413E+01  0.4727E+02
   2.634  0.3312E+01  0.4731E+02
   2.644  0.3211E+01  0.4734E+02
   2.654  0.3110E+01  0.4737E+02
   2.664  0.3010E+01  0.4740E+02
   2.674  0.2910E+01  0.4743E+02
   2.684  0.2812E+01  0.4746E+02
   2.694  0.2714E+01  0.4748E+02
   2.704  0.2617E+01  0.4751E+02
   2.714  0.2521E+01  0.4754E+02
   2.724  0.2427E+01  0.4756E+02
   2.734  0.2334E+01  0.4758E+02
   2.744  0.2243E+01  0.4761E+02
   2.754  0.2153E+01  0.4763E+02
   2.764  0.2064E+01  0.4765E+02
   2.774  0.1978E+01  0.4767E+02
   2.784  0.1893E+01  0.4769E+02
   2.794  0.1810E+01  0.4770E+02
   2.804  0.1729E+01  0.4772E+02
   2.814  0.1650E+01  0.4774E+02
   2.824  0.1574E+01  0.4775E+02
   2.834  0.1499E+01  0.4777E+02
   2.844  0.1426E+01  0.4778E+02
   2.854  0.1356E+01  0.4780E+02
   2.864  0.1288E+01  0.4781E+02
   2.874  0.1222E+01  0.4782E+02
   2.884  0.1158E+01  0.4783E+02
   2.894  0.1096E+01  0.4784E+02
   2.904  0.1037E+01  0.4786E+02
   2.914  0.9800E+00  0.4787E+02
   2.924  0.9251E+00  0.4787E+02
   2.934  0.8724E+00  0.4788E+02
   2.944  0.8218E+00  0.4789E+02
   2.954  0.7734E+00  0.4790E+02
   2.964  0.7271E+00  0.4791E+02
   2.974  0.6828E+00  0.4791E+02
   2.984  0.6406E+00  0.4792E+02
   2.994  0.6004E+00  0.4793E+02
   3.004  0.5621E+00  0.4793E+02
   3.014  0.5257E+00  0.4794E+02
   3.024  0.4911E+00  0.4794E+02
   3.034  0.4583E+00  0.4795E+02
   3.044  0.4273E+00  0.4795E+02
   3.054  0.3979E+00  0.4795E+02
   3.064  0.3702E+00  0.4796E+02
   3.074  0.3440E+00  0.4796E+02
   3.084  0.3194E+00  0.4796E+02
   3.094  0.2962E+00  0.4797E+02
   3.104  0.2744E+00  0.4797E+02
   3.114  0.2539E+00  0.4797E+02
   3.124  0.2347E+00  0.4798E+02
   3.134  0.2167E+00  0.4798E+02
   3.144  0.1999E+00  0.4798E+02
   3.154  0.1841E+00  0.4798E+02
   3.164  0.1695E+00  0.4798E+02
   3.174  0.1558E+00  0.4798E+02
   3.184  0.1431E+00  0.4799E+02
   3.194  0.1313E+00  0.4799E+02
   3.204  0.1203E+00  0.4799E+02
   3.214  0.1101E+00  0.4799E+02
   3.224  0.1007E+00  0.4799E+02
   3.234  0.9196E-01  0.4799E+02
   3.244  0.8390E-01  0.4799E+02
   3.254  0.7646E-01  0.4799E+02
   3.264  0.6961E-01  0.4799E+02
   3.274  0.6330E-01  0.4799E+02
   3.284  0.5749E-01  0.4799E+02
   3.294  0.5217E-01  0.4800E+02
   3.304  0.4728E-01  0.4800E+02
   3.314  0.4280E-01  0.4800E+02
   3.324  0.3871E-01  0.4800E+02
   3.334  0.3496E-01  0.4800E+02
   3.344  0.3155E-01  0.4800E+02
   3.354  0.2843E-01  0.4800E+02
   3.364  0.2560E-01  0.4800E+02
   3.374  0.2302E-01  0.4800E+02
