#  E (eV)   dos(E)     Int dos(E) EFermi =   2.546 eV
 -18.813  0.2698E-04  0.2698E-06
 -18.803  0.2949E-04  0.5646E-06
 -18.793  0.3222E-04  0.8869E-06
 -18.783  0.3520E-04  0.1239E-05
 -18.773  0.3843E-04  0.1623E-05
 -18.763  0.4194E-04  0.2043E-05
 -18.753  0.4576E-04  0.2500E-05
 -18.743  0.4990E-04  0.2999E-05
 -18.733  0.5440E-04  0.3543E-05
 -18.723  0.5927E-04  0.4136E-05
 -18.713  0.6456E-04  0.4782E-05
 -18.703  0.7029E-04  0.5484E-05
 -18.693  0.7650E-04  0.6249E-05
 -18.683  0.8322E-04  0.7082E-05
 -18.673  0.9049E-04  0.7986E-05
 -18.663  0.9837E-04  0.8970E-05
 -18.653  0.1069E-03  0.1004E-04
 -18.643  0.1161E-03  0.1120E-04
 -18.633  0.1260E-03  0.1246E-04
 -18.623  0.1368E-03  0.1383E-04
 -18.613  0.1484E-03  0.1531E-04
 -18.603  0.1609E-03  0.1692E-04
 -18.593  0.1744E-03  0.1866E-04
 -18.583  0.1890E-03  0.2055E-04
 -18.573  0.2047E-03  0.2260E-04
 -18.563  0.2216E-03  0.2482E-04
 -18.553  0.2398E-03  0.2722E-04
 -18.543  0.2595E-03  0.2981E-04
 -18.533  0.2806E-03  0.3262E-04
 -18.523  0.3033E-03  0.3565E-04
 -18.513  0.3277E-03  0.3893E-04
 -18.503  0.3540E-03  0.4247E-04
 -18.493  0.3822E-03  0.4629E-04
 -18.483  0.4125E-03  0.5041E-04
 -18.473  0.4450E-03  0.5486E-04
 -18.463  0.4799E-03  0.5966E-04
 -18.453  0.5173E-03  0.6483E-04
 -18.443  0.5575E-03  0.7041E-04
 -18.433  0.6005E-03  0.7641E-04
 -18.423  0.6466E-03  0.8288E-04
 -18.413  0.6960E-03  0.8984E-04
 -18.403  0.7488E-03  0.9733E-04
 -18.393  0.8054E-03  0.1054E-03
 -18.383  0.8658E-03  0.1140E-03
 -18.373  0.9305E-03  0.1233E-03
 -18.363  0.9996E-03  0.1333E-03
 -18.353  0.1074E-02  0.1441E-03
 -18.343  0.1152E-02  0.1556E-03
 -18.333  0.1237E-02  0.1680E-03
 -18.323  0.1326E-02  0.1812E-03
 -18.313  0.1422E-02  0.1955E-03
 -18.303  0.1524E-02  0.2107E-03
 -18.293  0.1633E-02  0.2270E-03
 -18.283  0.1749E-02  0.2445E-03
 -18.273  0.1873E-02  0.2633E-03
 -18.263  0.2005E-02  0.2833E-03
 -18.253  0.2145E-02  0.3048E-03
 -18.243  0.2294E-02  0.3277E-03
 -18.233  0.2452E-02  0.3522E-03
 -18.223  0.2621E-02  0.3784E-03
 -18.213  0.2800E-02  0.4064E-03
 -18.203  0.2990E-02  0.4363E-03
 -18.193  0.3191E-02  0.4682E-03
 -18.183  0.3406E-02  0.5023E-03
 -18.173  0.3633E-02  0.5386E-03
 -18.163  0.3874E-02  0.5773E-03
 -18.153  0.4129E-02  0.6186E-03
 -18.143  0.4400E-02  0.6626E-03
 -18.133  0.4687E-02  0.7095E-03
 -18.123  0.4991E-02  0.7594E-03
 -18.113  0.5313E-02  0.8126E-03
 -18.103  0.5653E-02  0.8691E-03
 -18.093  0.6013E-02  0.9292E-03
 -18.083  0.6394E-02  0.9931E-03
 -18.073  0.6796E-02  0.1061E-02
 -18.063  0.7221E-02  0.1133E-02
 -18.053  0.7670E-02  0.1210E-02
 -18.043  0.8144E-02  0.1291E-02
 -18.033  0.8645E-02  0.1378E-02
 -18.023  0.9173E-02  0.1470E-02
 -18.013  0.9730E-02  0.1567E-02
 -18.003  0.1032E-01  0.1670E-02
 -17.993  0.1094E-01  0.1779E-02
 -17.983  0.1159E-01  0.1895E-02
 -17.973  0.1227E-01  0.2018E-02
 -17.963  0.1300E-01  0.2148E-02
 -17.953  0.1376E-01  0.2286E-02
 -17.943  0.1456E-01  0.2431E-02
 -17.933  0.1540E-01  0.2585E-02
 -17.923  0.1629E-01  0.2748E-02
 -17.913  0.1722E-01  0.2920E-02
 -17.903  0.1819E-01  0.3102E-02
 -17.893  0.1922E-01  0.3294E-02
 -17.883  0.2030E-01  0.3497E-02
 -17.873  0.2143E-01  0.3712E-02
 -17.863  0.2262E-01  0.3938E-02
 -17.853  0.2386E-01  0.4177E-02
 -17.843  0.2517E-01  0.4428E-02
 -17.833  0.2653E-01  0.4694E-02
 -17.823  0.2797E-01  0.4973E-02
 -17.813  0.2947E-01  0.5268E-02
 -17.803  0.3104E-01  0.5578E-02
 -17.793  0.3268E-01  0.5905E-02
 -17.783  0.3440E-01  0.6249E-02
 -17.773  0.3620E-01  0.6611E-02
 -17.763  0.3809E-01  0.6992E-02
 -17.753  0.4005E-01  0.7393E-02
 -17.743  0.4211E-01  0.7814E-02
 -17.733  0.4425E-01  0.8256E-02
 -17.723  0.4650E-01  0.8721E-02
 -17.713  0.4884E-01  0.9210E-02
 -17.703  0.5128E-01  0.9722E-02
 -17.693  0.5382E-01  0.1026E-01
 -17.683  0.5648E-01  0.1083E-01
 -17.673  0.5925E-01  0.1142E-01
 -17.663  0.6213E-01  0.1204E-01
 -17.653  0.6514E-01  0.1269E-01
 -17.643  0.6827E-01  0.1337E-01
 -17.633  0.7153E-01  0.1409E-01
 -17.623  0.7492E-01  0.1484E-01
 -17.613  0.7844E-01  0.1562E-01
 -17.603  0.8211E-01  0.1644E-01
 -17.593  0.8593E-01  0.1730E-01
 -17.583  0.8989E-01  0.1820E-01
 -17.573  0.9401E-01  0.1914E-01
 -17.563  0.9829E-01  0.2012E-01
 -17.553  0.1027E+00  0.2115E-01
 -17.543  0.1073E+00  0.2223E-01
 -17.533  0.1121E+00  0.2335E-01
 -17.523  0.1171E+00  0.2452E-01
 -17.513  0.1222E+00  0.2574E-01
 -17.503  0.1276E+00  0.2702E-01
 -17.493  0.1331E+00  0.2835E-01
 -17.483  0.1388E+00  0.2973E-01
 -17.473  0.1447E+00  0.3118E-01
 -17.463  0.1509E+00  0.3269E-01
 -17.453  0.1572E+00  0.3426E-01
 -17.443  0.1638E+00  0.3590E-01
 -17.433  0.1706E+00  0.3761E-01
 -17.423  0.1776E+00  0.3938E-01
 -17.413  0.1849E+00  0.4123E-01
 -17.403  0.1924E+00  0.4315E-01
 -17.393  0.2001E+00  0.4516E-01
 -17.383  0.2081E+00  0.4724E-01
 -17.373  0.2163E+00  0.4940E-01
 -17.363  0.2249E+00  0.5165E-01
 -17.353  0.2336E+00  0.5399E-01
 -17.343  0.2427E+00  0.5641E-01
 -17.333  0.2520E+00  0.5893E-01
 -17.323  0.2616E+00  0.6155E-01
 -17.313  0.2715E+00  0.6426E-01
 -17.303  0.2817E+00  0.6708E-01
 -17.293  0.2922E+00  0.7000E-01
 -17.283  0.3030E+00  0.7303E-01
 -17.273  0.3141E+00  0.7617E-01
 -17.263  0.3255E+00  0.7943E-01
 -17.253  0.3372E+00  0.8280E-01
 -17.243  0.3492E+00  0.8629E-01
 -17.233  0.3616E+00  0.8991E-01
 -17.223  0.3743E+00  0.9365E-01
 -17.213  0.3873E+00  0.9752E-01
 -17.203  0.4007E+00  0.1015E+00
 -17.193  0.4144E+00  0.1057E+00
 -17.183  0.4285E+00  0.1100E+00
 -17.173  0.4429E+00  0.1144E+00
 -17.163  0.4576E+00  0.1190E+00
 -17.153  0.4727E+00  0.1237E+00
 -17.143  0.4882E+00  0.1286E+00
 -17.133  0.5040E+00  0.1336E+00
 -17.123  0.5202E+00  0.1388E+00
 -17.113  0.5368E+00  0.1442E+00
 -17.103  0.5537E+00  0.1497E+00
 -17.093  0.5710E+00  0.1554E+00
 -17.083  0.5886E+00  0.1613E+00
 -17.073  0.6066E+00  0.1674E+00
 -17.063  0.6250E+00  0.1736E+00
 -17.053  0.6438E+00  0.1801E+00
 -17.043  0.6629E+00  0.1867E+00
 -17.033  0.6824E+00  0.1935E+00
 -17.023  0.7023E+00  0.2005E+00
 -17.013  0.7225E+00  0.2078E+00
 -17.003  0.7431E+00  0.2152E+00
 -16.993  0.7641E+00  0.2228E+00
 -16.983  0.7854E+00  0.2307E+00
 -16.973  0.8071E+00  0.2388E+00
 -16.963  0.8292E+00  0.2471E+00
 -16.953  0.8516E+00  0.2556E+00
 -16.943  0.8744E+00  0.2643E+00
 -16.933  0.8975E+00  0.2733E+00
 -16.923  0.9209E+00  0.2825E+00
 -16.913  0.9447E+00  0.2920E+00
 -16.903  0.9688E+00  0.3016E+00
 -16.893  0.9932E+00  0.3116E+00
 -16.883  0.1018E+01  0.3218E+00
 -16.873  0.1043E+01  0.3322E+00
 -16.863  0.1068E+01  0.3429E+00
 -16.853  0.1094E+01  0.3538E+00
 -16.843  0.1120E+01  0.3650E+00
 -16.833  0.1146E+01  0.3765E+00
 -16.823  0.1173E+01  0.3882E+00
 -16.813  0.1200E+01  0.4002E+00
 -16.803  0.1227E+01  0.4125E+00
 -16.793  0.1254E+01  0.4250E+00
 -16.783  0.1282E+01  0.4378E+00
 -16.773  0.1309E+01  0.4509E+00
 -16.763  0.1337E+01  0.4643E+00
 -16.753  0.1366E+01  0.4779E+00
 -16.743  0.1394E+01  0.4919E+00
 -16.733  0.1422E+01  0.5061E+00
 -16.723  0.1451E+01  0.5206E+00
 -16.713  0.1480E+01  0.5354E+00
 -16.703  0.1509E+01  0.5505E+00
 -16.693  0.1538E+01  0.5659E+00
 -16.683  0.1568E+01  0.5816E+00
 -16.673  0.1597E+01  0.5975E+00
 -16.663  0.1626E+01  0.6138E+00
 -16.653  0.1656E+01  0.6304E+00
 -16.643  0.1686E+01  0.6472E+00
 -16.633  0.1715E+01  0.6644E+00
 -16.623  0.1745E+01  0.6818E+00
 -16.613  0.1775E+01  0.6996E+00
 -16.603  0.1805E+01  0.7176E+00
 -16.593  0.1834E+01  0.7360E+00
 -16.583  0.1864E+01  0.7546E+00
 -16.573  0.1894E+01  0.7735E+00
 -16.563  0.1923E+01  0.7928E+00
 -16.553  0.1953E+01  0.8123E+00
 -16.543  0.1982E+01  0.8321E+00
 -16.533  0.2012E+01  0.8522E+00
 -16.523  0.2041E+01  0.8727E+00
 -16.513  0.2070E+01  0.8934E+00
 -16.503  0.2099E+01  0.9144E+00
 -16.493  0.2128E+01  0.9356E+00
 -16.483  0.2157E+01  0.9572E+00
 -16.473  0.2185E+01  0.9791E+00
 -16.463  0.2214E+01  0.1001E+01
 -16.453  0.2242E+01  0.1024E+01
 -16.443  0.2270E+01  0.1046E+01
 -16.433  0.2297E+01  0.1069E+01
 -16.423  0.2325E+01  0.1093E+01
 -16.413  0.2352E+01  0.1116E+01
 -16.403  0.2379E+01  0.1140E+01
 -16.393  0.2405E+01  0.1164E+01
 -16.383  0.2432E+01  0.1188E+01
 -16.373  0.2458E+01  0.1213E+01
 -16.363  0.2484E+01  0.1238E+01
 -16.353  0.2509E+01  0.1263E+01
 -16.343  0.2534E+01  0.1288E+01
 -16.333  0.2559E+01  0.1314E+01
 -16.323  0.2583E+01  0.1339E+01
 -16.313  0.2607E+01  0.1366E+01
 -16.303  0.2631E+01  0.1392E+01
 -16.293  0.2654E+01  0.1418E+01
 -16.283  0.2677E+01  0.1445E+01
 -16.273  0.2700E+01  0.1472E+01
 -16.263  0.2722E+01  0.1499E+01
 -16.253  0.2744E+01  0.1527E+01
 -16.243  0.2766E+01  0.1554E+01
 -16.233  0.2787E+01  0.1582E+01
 -16.223  0.2807E+01  0.1610E+01
 -16.213  0.2828E+01  0.1639E+01
 -16.203  0.2848E+01  0.1667E+01
 -16.193  0.2867E+01  0.1696E+01
 -16.183  0.2886E+01  0.1725E+01
 -16.173  0.2905E+01  0.1754E+01
 -16.163  0.2923E+01  0.1783E+01
 -16.153  0.2941E+01  0.1812E+01
 -16.143  0.2959E+01  0.1842E+01
 -16.133  0.2976E+01  0.1872E+01
 -16.123  0.2993E+01  0.1902E+01
 -16.113  0.3010E+01  0.1932E+01
 -16.103  0.3026E+01  0.1962E+01
 -16.093  0.3042E+01  0.1992E+01
 -16.083  0.3057E+01  0.2023E+01
 -16.073  0.3072E+01  0.2054E+01
 -16.063  0.3087E+01  0.2085E+01
 -16.053  0.3101E+01  0.2116E+01
 -16.043  0.3116E+01  0.2147E+01
 -16.033  0.3129E+01  0.2178E+01
 -16.023  0.3143E+01  0.2210E+01
 -16.013  0.3156E+01  0.2241E+01
 -16.003  0.3169E+01  0.2273E+01
 -15.993  0.3182E+01  0.2305E+01
 -15.983  0.3195E+01  0.2337E+01
 -15.973  0.3207E+01  0.2369E+01
 -15.963  0.3219E+01  0.2401E+01
 -15.953  0.3231E+01  0.2433E+01
 -15.943  0.3243E+01  0.2466E+01
 -15.933  0.3255E+01  0.2498E+01
 -15.923  0.3266E+01  0.2531E+01
 -15.913  0.3278E+01  0.2564E+01
 -15.903  0.3289E+01  0.2596E+01
 -15.893  0.3300E+01  0.2629E+01
 -15.883  0.3311E+01  0.2663E+01
 -15.873  0.3322E+01  0.2696E+01
 -15.863  0.3333E+01  0.2729E+01
 -15.853  0.3344E+01  0.2763E+01
 -15.843  0.3355E+01  0.2796E+01
 -15.833  0.3366E+01  0.2830E+01
 -15.823  0.3377E+01  0.2864E+01
 -15.813  0.3388E+01  0.2897E+01
 -15.803  0.3399E+01  0.2931E+01
 -15.793  0.3410E+01  0.2965E+01
 -15.783  0.3421E+01  0.3000E+01
 -15.773  0.3433E+01  0.3034E+01
 -15.763  0.3444E+01  0.3068E+01
 -15.753  0.3456E+01  0.3103E+01
 -15.743  0.3468E+01  0.3138E+01
 -15.733  0.3480E+01  0.3172E+01
 -15.723  0.3492E+01  0.3207E+01
 -15.713  0.3505E+01  0.3242E+01
 -15.703  0.3518E+01  0.3278E+01
 -15.693  0.3531E+01  0.3313E+01
 -15.683  0.3544E+01  0.3348E+01
 -15.673  0.3558E+01  0.3384E+01
 -15.663  0.3572E+01  0.3420E+01
 -15.653  0.3586E+01  0.3456E+01
 -15.643  0.3601E+01  0.3492E+01
 -15.633  0.3616E+01  0.3528E+01
 -15.623  0.3631E+01  0.3564E+01
 -15.613  0.3647E+01  0.3600E+01
 -15.603  0.3663E+01  0.3637E+01
 -15.593  0.3680E+01  0.3674E+01
 -15.583  0.3697E+01  0.3711E+01
 -15.573  0.3715E+01  0.3748E+01
 -15.563  0.3733E+01  0.3785E+01
 -15.553  0.3751E+01  0.3823E+01
 -15.543  0.3770E+01  0.3861E+01
 -15.533  0.3790E+01  0.3898E+01
 -15.523  0.3810E+01  0.3937E+01
 -15.513  0.3831E+01  0.3975E+01
 -15.503  0.3852E+01  0.4013E+01
 -15.493  0.3874E+01  0.4052E+01
 -15.483  0.3896E+01  0.4091E+01
 -15.473  0.3919E+01  0.4130E+01
 -15.463  0.3942E+01  0.4170E+01
 -15.453  0.3966E+01  0.4209E+01
 -15.443  0.3991E+01  0.4249E+01
 -15.433  0.4016E+01  0.4289E+01
 -15.423  0.4042E+01  0.4330E+01
 -15.413  0.4068E+01  0.4371E+01
 -15.403  0.4095E+01  0.4411E+01
 -15.393  0.4122E+01  0.4453E+01
 -15.383  0.4150E+01  0.4494E+01
 -15.373  0.4179E+01  0.4536E+01
 -15.363  0.4208E+01  0.4578E+01
 -15.353  0.4238E+01  0.4620E+01
 -15.343  0.4268E+01  0.4663E+01
 -15.333  0.4299E+01  0.4706E+01
 -15.323  0.4330E+01  0.4749E+01
 -15.313  0.4362E+01  0.4793E+01
 -15.303  0.4394E+01  0.4837E+01
 -15.293  0.4427E+01  0.4881E+01
 -15.283  0.4460E+01  0.4926E+01
 -15.273  0.4493E+01  0.4971E+01
 -15.263  0.4527E+01  0.5016E+01
 -15.253  0.4562E+01  0.5062E+01
 -15.243  0.4597E+01  0.5108E+01
 -15.233  0.4632E+01  0.5154E+01
 -15.223  0.4668E+01  0.5201E+01
 -15.213  0.4703E+01  0.5248E+01
 -15.203  0.4740E+01  0.5295E+01
 -15.193  0.4776E+01  0.5343E+01
 -15.183  0.4813E+01  0.5391E+01
 -15.173  0.4849E+01  0.5439E+01
 -15.163  0.4886E+01  0.5488E+01
 -15.153  0.4923E+01  0.5538E+01
 -15.143  0.4961E+01  0.5587E+01
 -15.133  0.4998E+01  0.5637E+01
 -15.123  0.5035E+01  0.5687E+01
 -15.113  0.5072E+01  0.5738E+01
 -15.103  0.5110E+01  0.5789E+01
 -15.093  0.5147E+01  0.5841E+01
 -15.083  0.5184E+01  0.5893E+01
 -15.073  0.5221E+01  0.5945E+01
 -15.063  0.5257E+01  0.5997E+01
 -15.053  0.5293E+01  0.6050E+01
 -15.043  0.5329E+01  0.6104E+01
 -15.033  0.5365E+01  0.6157E+01
 -15.023  0.5400E+01  0.6211E+01
 -15.013  0.5435E+01  0.6266E+01
 -15.003  0.5469E+01  0.6320E+01
 -14.993  0.5503E+01  0.6375E+01
 -14.983  0.5536E+01  0.6431E+01
 -14.973  0.5569E+01  0.6486E+01
 -14.963  0.5600E+01  0.6542E+01
 -14.953  0.5632E+01  0.6599E+01
 -14.943  0.5662E+01  0.6655E+01
 -14.933  0.5691E+01  0.6712E+01
 -14.923  0.5720E+01  0.6769E+01
 -14.913  0.5747E+01  0.6827E+01
 -14.903  0.5774E+01  0.6885E+01
 -14.893  0.5800E+01  0.6943E+01
 -14.883  0.5824E+01  0.7001E+01
 -14.873  0.5848E+01  0.7059E+01
 -14.863  0.5870E+01  0.7118E+01
 -14.853  0.5891E+01  0.7177E+01
 -14.843  0.5911E+01  0.7236E+01
 -14.833  0.5929E+01  0.7295E+01
 -14.823  0.5946E+01  0.7355E+01
 -14.813  0.5962E+01  0.7414E+01
 -14.803  0.5976E+01  0.7474E+01
 -14.793  0.5989E+01  0.7534E+01
 -14.783  0.6001E+01  0.7594E+01
 -14.773  0.6011E+01  0.7654E+01
 -14.763  0.6019E+01  0.7714E+01
 -14.753  0.6025E+01  0.7775E+01
 -14.743  0.6031E+01  0.7835E+01
 -14.733  0.6034E+01  0.7895E+01
 -14.723  0.6036E+01  0.7956E+01
 -14.713  0.6036E+01  0.8016E+01
 -14.703  0.6034E+01  0.8076E+01
 -14.693  0.6030E+01  0.8137E+01
 -14.683  0.6025E+01  0.8197E+01
 -14.673  0.6018E+01  0.8257E+01
 -14.663  0.6009E+01  0.8317E+01
 -14.653  0.5999E+01  0.8377E+01
 -14.643  0.5986E+01  0.8437E+01
 -14.633  0.5972E+01  0.8497E+01
 -14.623  0.5955E+01  0.8556E+01
 -14.613  0.5937E+01  0.8616E+01
 -14.603  0.5918E+01  0.8675E+01
 -14.593  0.5896E+01  0.8734E+01
 -14.583  0.5872E+01  0.8793E+01
 -14.573  0.5847E+01  0.8851E+01
 -14.563  0.5820E+01  0.8909E+01
 -14.553  0.5791E+01  0.8967E+01
 -14.543  0.5760E+01  0.9025E+01
 -14.533  0.5727E+01  0.9082E+01
 -14.523  0.5693E+01  0.9139E+01
 -14.513  0.5657E+01  0.9195E+01
 -14.503  0.5619E+01  0.9252E+01
 -14.493  0.5579E+01  0.9307E+01
 -14.483  0.5538E+01  0.9363E+01
 -14.473  0.5495E+01  0.9418E+01
 -14.463  0.5451E+01  0.9472E+01
 -14.453  0.5405E+01  0.9526E+01
 -14.443  0.5357E+01  0.9580E+01
 -14.433  0.5308E+01  0.9633E+01
 -14.423  0.5258E+01  0.9686E+01
 -14.413  0.5206E+01  0.9738E+01
 -14.403  0.5153E+01  0.9789E+01
 -14.393  0.5098E+01  0.9840E+01
 -14.383  0.5042E+01  0.9891E+01
 -14.373  0.4985E+01  0.9940E+01
 -14.363  0.4926E+01  0.9990E+01
 -14.353  0.4867E+01  0.1004E+02
 -14.343  0.4806E+01  0.1009E+02
 -14.333  0.4745E+01  0.1013E+02
 -14.323  0.4682E+01  0.1018E+02
 -14.313  0.4618E+01  0.1023E+02
 -14.303  0.4554E+01  0.1027E+02
 -14.293  0.4489E+01  0.1032E+02
 -14.283  0.4423E+01  0.1036E+02
 -14.273  0.4356E+01  0.1041E+02
 -14.263  0.4289E+01  0.1045E+02
 -14.253  0.4221E+01  0.1049E+02
 -14.243  0.4152E+01  0.1053E+02
 -14.233  0.4083E+01  0.1057E+02
 -14.223  0.4014E+01  0.1061E+02
 -14.213  0.3944E+01  0.1065E+02
 -14.203  0.3874E+01  0.1069E+02
 -14.193  0.3803E+01  0.1073E+02
 -14.183  0.3733E+01  0.1077E+02
 -14.173  0.3662E+01  0.1080E+02
 -14.163  0.3591E+01  0.1084E+02
 -14.153  0.3520E+01  0.1087E+02
 -14.143  0.3450E+01  0.1091E+02
 -14.133  0.3379E+01  0.1094E+02
 -14.123  0.3308E+01  0.1098E+02
 -14.113  0.3238E+01  0.1101E+02
 -14.103  0.3168E+01  0.1104E+02
 -14.093  0.3098E+01  0.1107E+02
 -14.083  0.3028E+01  0.1110E+02
 -14.073  0.2959E+01  0.1113E+02
 -14.063  0.2890E+01  0.1116E+02
 -14.053  0.2822E+01  0.1119E+02
 -14.043  0.2754E+01  0.1121E+02
 -14.033  0.2686E+01  0.1124E+02
 -14.023  0.2620E+01  0.1127E+02
 -14.013  0.2553E+01  0.1129E+02
 -14.003  0.2488E+01  0.1132E+02
 -13.993  0.2423E+01  0.1134E+02
 -13.983  0.2359E+01  0.1137E+02
 -13.973  0.2296E+01  0.1139E+02
 -13.963  0.2233E+01  0.1141E+02
 -13.953  0.2171E+01  0.1143E+02
 -13.943  0.2110E+01  0.1145E+02
 -13.933  0.2050E+01  0.1147E+02
 -13.923  0.1991E+01  0.1149E+02
 -13.913  0.1933E+01  0.1151E+02
 -13.903  0.1876E+01  0.1153E+02
 -13.893  0.1819E+01  0.1155E+02
 -13.883  0.1764E+01  0.1157E+02
 -13.873  0.1709E+01  0.1159E+02
 -13.863  0.1656E+01  0.1160E+02
 -13.853  0.1604E+01  0.1162E+02
 -13.843  0.1552E+01  0.1163E+02
 -13.833  0.1502E+01  0.1165E+02
 -13.823  0.1452E+01  0.1166E+02
 -13.813  0.1404E+01  0.1168E+02
 -13.803  0.1357E+01  0.1169E+02
 -13.793  0.1310E+01  0.1170E+02
 -13.783  0.1265E+01  0.1172E+02
 -13.773  0.1221E+01  0.1173E+02
 -13.763  0.1178E+01  0.1174E+02
 -13.753  0.1136E+01  0.1175E+02
 -13.743  0.1095E+01  0.1176E+02
 -13.733  0.1055E+01  0.1177E+02
 -13.723  0.1016E+01  0.1178E+02
 -13.713  0.9780E+00  0.1179E+02
 -13.703  0.9411E+00  0.1180E+02
 -13.693  0.9052E+00  0.1181E+02
 -13.683  0.8704E+00  0.1182E+02
 -13.673  0.8365E+00  0.1183E+02
 -13.663  0.8035E+00  0.1184E+02
 -13.653  0.7716E+00  0.1184E+02
 -13.643  0.7406E+00  0.1185E+02
 -13.633  0.7106E+00  0.1186E+02
 -13.623  0.6815E+00  0.1187E+02
 -13.613  0.6533E+00  0.1187E+02
 -13.603  0.6260E+00  0.1188E+02
 -13.593  0.5996E+00  0.1188E+02
 -13.583  0.5740E+00  0.1189E+02
 -13.573  0.5494E+00  0.1190E+02
 -13.563  0.5255E+00  0.1190E+02
 -13.553  0.5025E+00  0.1191E+02
 -13.543  0.4803E+00  0.1191E+02
 -13.533  0.4588E+00  0.1192E+02
 -13.523  0.4382E+00  0.1192E+02
 -13.513  0.4183E+00  0.1192E+02
 -13.503  0.3991E+00  0.1193E+02
 -13.493  0.3807E+00  0.1193E+02
 -13.483  0.3629E+00  0.1194E+02
 -13.473  0.3458E+00  0.1194E+02
 -13.463  0.3294E+00  0.1194E+02
 -13.453  0.3137E+00  0.1195E+02
 -13.443  0.2985E+00  0.1195E+02
 -13.433  0.2840E+00  0.1195E+02
 -13.423  0.2701E+00  0.1195E+02
 -13.413  0.2567E+00  0.1196E+02
 -13.403  0.2439E+00  0.1196E+02
 -13.393  0.2316E+00  0.1196E+02
 -13.383  0.2199E+00  0.1196E+02
 -13.373  0.2087E+00  0.1197E+02
 -13.363  0.1979E+00  0.1197E+02
 -13.353  0.1876E+00  0.1197E+02
 -13.343  0.1778E+00  0.1197E+02
 -13.333  0.1685E+00  0.1197E+02
 -13.323  0.1595E+00  0.1197E+02
 -13.313  0.1510E+00  0.1198E+02
 -13.303  0.1428E+00  0.1198E+02
 -13.293  0.1351E+00  0.1198E+02
 -13.283  0.1277E+00  0.1198E+02
 -13.273  0.1206E+00  0.1198E+02
 -13.263  0.1139E+00  0.1198E+02
 -13.253  0.1076E+00  0.1198E+02
 -13.243  0.1015E+00  0.1198E+02
 -13.233  0.9575E-01  0.1199E+02
 -13.223  0.9028E-01  0.1199E+02
 -13.213  0.8508E-01  0.1199E+02
 -13.203  0.8015E-01  0.1199E+02
 -13.193  0.7548E-01  0.1199E+02
 -13.183  0.7104E-01  0.1199E+02
 -13.173  0.6684E-01  0.1199E+02
 -13.163  0.6286E-01  0.1199E+02
 -13.153  0.5909E-01  0.1199E+02
 -13.143  0.5552E-01  0.1199E+02
 -13.133  0.5215E-01  0.1199E+02
 -13.123  0.4896E-01  0.1199E+02
 -13.113  0.4595E-01  0.1199E+02
 -13.103  0.4310E-01  0.1199E+02
 -13.093  0.4041E-01  0.1199E+02
 -13.083  0.3787E-01  0.1199E+02
 -13.073  0.3548E-01  0.1200E+02
 -13.063  0.3323E-01  0.1200E+02
 -13.053  0.3110E-01  0.1200E+02
 -13.043  0.2910E-01  0.1200E+02
 -13.033  0.2721E-01  0.1200E+02
 -13.023  0.2544E-01  0.1200E+02
 -13.013  0.2377E-01  0.1200E+02
 -13.003  0.2220E-01  0.1200E+02
 -12.993  0.2073E-01  0.1200E+02
 -12.983  0.1935E-01  0.1200E+02
 -12.973  0.1805E-01  0.1200E+02
 -12.963  0.1683E-01  0.1200E+02
 -12.953  0.1568E-01  0.1200E+02
 -12.943  0.1461E-01  0.1200E+02
 -12.933  0.1361E-01  0.1200E+02
 -12.923  0.1266E-01  0.1200E+02
 -12.913  0.1178E-01  0.1200E+02
 -12.903  0.1096E-01  0.1200E+02
 -12.893  0.1019E-01  0.1200E+02
 -12.883  0.9467E-02  0.1200E+02
 -12.873  0.8793E-02  0.1200E+02
 -12.863  0.8164E-02  0.1200E+02
 -12.853  0.7577E-02  0.1200E+02
 -12.843  0.7028E-02  0.1200E+02
 -12.833  0.6517E-02  0.1200E+02
 -12.823  0.6040E-02  0.1200E+02
 -12.813  0.5596E-02  0.1200E+02
 -12.803  0.5182E-02  0.1200E+02
 -12.793  0.4797E-02  0.1200E+02
 -12.783  0.4439E-02  0.1200E+02
 -12.773  0.4105E-02  0.1200E+02
 -12.763  0.3795E-02  0.1200E+02
 -12.753  0.3507E-02  0.1200E+02
 -12.743  0.3239E-02  0.1200E+02
 -12.733  0.2991E-02  0.1200E+02
 -12.723  0.2760E-02  0.1200E+02
 -12.713  0.2546E-02  0.1200E+02
 -12.703  0.2348E-02  0.1200E+02
 -12.693  0.2164E-02  0.1200E+02
 -12.683  0.1994E-02  0.1200E+02
 -12.673  0.1836E-02  0.1200E+02
 -12.663  0.1690E-02  0.1200E+02
 -12.653  0.1555E-02  0.1200E+02
 -12.643  0.1430E-02  0.1200E+02
 -12.633  0.1315E-02  0.1200E+02
 -12.623  0.1208E-02  0.1200E+02
 -12.613  0.1110E-02  0.1200E+02
 -12.603  0.1019E-02  0.1200E+02
 -12.593  0.9351E-03  0.1200E+02
 -12.583  0.8578E-03  0.1200E+02
 -12.573  0.7866E-03  0.1200E+02
 -12.563  0.7210E-03  0.1200E+02
 -12.553  0.6605E-03  0.1200E+02
 -12.543  0.6049E-03  0.1200E+02
 -12.533  0.5537E-03  0.1200E+02
 -12.523  0.5067E-03  0.1200E+02
 -12.513  0.4634E-03  0.1200E+02
 -12.503  0.4236E-03  0.1200E+02
 -12.493  0.3871E-03  0.1200E+02
 -12.483  0.3536E-03  0.1200E+02
 -12.473  0.3229E-03  0.1200E+02
 -12.463  0.2947E-03  0.1200E+02
 -12.453  0.2688E-03  0.1200E+02
 -12.443  0.2451E-03  0.1200E+02
 -12.433  0.2234E-03  0.1200E+02
 -12.423  0.2035E-03  0.1200E+02
 -12.413  0.1854E-03  0.1200E+02
 -12.403  0.1687E-03  0.1200E+02
 -12.393  0.1535E-03  0.1200E+02
 -12.383  0.1396E-03  0.1200E+02
 -12.373  0.1269E-03  0.1200E+02
 -12.363  0.1154E-03  0.1200E+02
 -12.353  0.1048E-03  0.1200E+02
 -12.343  0.9514E-04  0.1200E+02
 -12.333  0.8635E-04  0.1200E+02
 -12.323  0.7833E-04  0.1200E+02
 -12.313  0.7103E-04  0.1200E+02
 -12.303  0.6438E-04  0.1200E+02
 -12.293  0.5833E-04  0.1200E+02
 -12.283  0.5282E-04  0.1200E+02
 -12.273  0.4782E-04  0.1200E+02
 -12.263  0.4327E-04  0.1200E+02
 -12.253  0.3913E-04  0.1200E+02
 -12.243  0.3538E-04  0.1200E+02
 -12.233  0.3197E-04  0.1200E+02
 -12.223  0.2888E-04  0.1200E+02
 -12.213  0.2607E-04  0.1200E+02
 -12.203  0.2353E-04  0.1200E+02
 -12.193  0.2123E-04  0.1200E+02
 -12.183  0.1914E-04  0.1200E+02
 -12.173  0.1725E-04  0.1200E+02
 -12.163  0.1555E-04  0.1200E+02
 -12.153  0.1400E-04  0.1200E+02
 -12.143  0.1260E-04  0.1200E+02
 -12.133  0.1134E-04  0.1200E+02
 -12.123  0.1020E-04  0.1200E+02
 -12.113  0.9169E-05  0.1200E+02
 -12.103  0.8240E-05  0.1200E+02
 -12.093  0.7401E-05  0.1200E+02
 -12.083  0.6646E-05  0.1200E+02
 -12.073  0.5964E-05  0.1200E+02
 -12.063  0.5351E-05  0.1200E+02
 -12.053  0.4798E-05  0.1200E+02
 -12.043  0.4300E-05  0.1200E+02
 -12.033  0.3853E-05  0.1200E+02
 -12.023  0.3451E-05  0.1200E+02
 -12.013  0.3089E-05  0.1200E+02
 -12.003  0.2764E-05  0.1200E+02
 -11.993  0.2472E-05  0.1200E+02
 -11.983  0.2210E-05  0.1200E+02
 -11.973  0.1975E-05  0.1200E+02
 -11.963  0.1764E-05  0.1200E+02
 -11.953  0.1575E-05  0.1200E+02
 -11.943  0.1406E-05  0.1200E+02
 -11.933  0.1254E-05  0.1200E+02
 -11.923  0.1118E-05  0.1200E+02
 -11.913  0.9968E-06  0.1200E+02
 -11.903  0.8881E-06  0.1200E+02
 -11.893  0.7909E-06  0.1200E+02
 -11.883  0.7040E-06  0.1200E+02
 -11.873  0.6265E-06  0.1200E+02
 -11.863  0.5572E-06  0.1200E+02
 -11.853  0.4954E-06  0.1200E+02
 -11.843  0.4402E-06  0.1200E+02
 -11.833  0.3910E-06  0.1200E+02
 -11.823  0.3472E-06  0.1200E+02
 -11.813  0.3081E-06  0.1200E+02
 -11.803  0.2734E-06  0.1200E+02
 -11.793  0.2424E-06  0.1200E+02
 -11.783  0.2149E-06  0.1200E+02
 -11.773  0.1904E-06  0.1200E+02
 -11.763  0.1686E-06  0.1200E+02
 -11.753  0.1492E-06  0.1200E+02
 -11.743  0.1320E-06  0.1200E+02
 -11.733  0.1168E-06  0.1200E+02
 -11.723  0.1033E-06  0.1200E+02
 -11.713  0.9125E-07  0.1200E+02
 -11.703  0.8060E-07  0.1200E+02
 -11.693  0.7117E-07  0.1200E+02
 -11.683  0.6281E-07  0.1200E+02
 -11.673  0.5541E-07  0.1200E+02
 -11.663  0.4886E-07  0.1200E+02
 -11.653  0.4307E-07  0.1200E+02
 -11.643  0.3794E-07  0.1200E+02
 -11.633  0.3342E-07  0.1200E+02
 -11.623  0.2942E-07  0.1200E+02
 -11.613  0.2588E-07  0.1200E+02
 -11.603  0.2277E-07  0.1200E+02
 -11.593  0.2001E-07  0.1200E+02
 -11.583  0.1759E-07  0.1200E+02
 -11.573  0.1545E-07  0.1200E+02
 -11.563  0.1357E-07  0.1200E+02
 -11.553  0.1191E-07  0.1200E+02
 -11.543  0.1044E-07  0.1200E+02
 -11.533  0.9159E-08  0.1200E+02
 -11.523  0.8028E-08  0.1200E+02
 -11.513  0.7034E-08  0.1200E+02
 -11.503  0.6160E-08  0.1200E+02
 -11.493  0.5392E-08  0.1200E+02
 -11.483  0.4718E-08  0.1200E+02
 -11.473  0.4127E-08  0.1200E+02
 -11.463  0.3608E-08  0.1200E+02
 -11.453  0.3153E-08  0.1200E+02
 -11.443  0.2754E-08  0.1200E+02
 -11.433  0.2405E-08  0.1200E+02
 -11.423  0.2099E-08  0.1200E+02
 -11.413  0.1831E-08  0.1200E+02
 -11.403  0.1597E-08  0.1200E+02
 -11.393  0.1392E-08  0.1200E+02
 -11.383  0.1212E-08  0.1200E+02
 -11.373  0.1056E-08  0.1200E+02
 -11.363  0.9192E-09  0.1200E+02
 -11.353  0.7998E-09  0.1200E+02
 -11.343  0.6957E-09  0.1200E+02
 -11.333  0.6048E-09  0.1200E+02
 -11.323  0.5256E-09  0.1200E+02
 -11.313  0.4565E-09  0.1200E+02
 -11.303  0.3964E-09  0.1200E+02
 -11.293  0.3440E-09  0.1200E+02
 -11.283  0.2985E-09  0.1200E+02
 -11.273  0.2588E-09  0.1200E+02
 -11.263  0.2243E-09  0.1200E+02
 -11.253  0.1944E-09  0.1200E+02
 -11.243  0.1683E-09  0.1200E+02
 -11.233  0.1457E-09  0.1200E+02
 -11.223  0.1261E-09  0.1200E+02
 -11.213  0.1091E-09  0.1200E+02
 -11.203  0.9428E-10  0.1200E+02
 -11.193  0.8147E-10  0.1200E+02
 -11.183  0.7038E-10  0.1200E+02
 -11.173  0.6077E-10  0.1200E+02
 -11.163  0.5244E-10  0.1200E+02
 -11.153  0.4524E-10  0.1200E+02
 -11.143  0.3901E-10  0.1200E+02
 -11.133  0.3363E-10  0.1200E+02
 -11.123  0.2897E-10  0.1200E+02
 -11.113  0.2495E-10  0.1200E+02
 -11.103  0.2148E-10  0.1200E+02
 -11.093  0.1848E-10  0.1200E+02
 -11.083  0.1590E-10  0.1200E+02
 -11.073  0.1367E-10  0.1200E+02
 -11.063  0.1174E-10  0.1200E+02
 -11.053  0.1009E-10  0.1200E+02
 -11.043  0.8662E-11  0.1200E+02
 -11.033  0.7434E-11  0.1200E+02
 -11.023  0.6378E-11  0.1200E+02
 -11.013  0.5469E-11  0.1200E+02
 -11.003  0.4688E-11  0.1200E+02
 -10.993  0.4016E-11  0.1200E+02
 -10.983  0.3440E-11  0.1200E+02
 -10.973  0.2945E-11  0.1200E+02
 -10.963  0.2520E-11  0.1200E+02
 -10.953  0.2155E-11  0.1200E+02
 -10.943  0.1842E-11  0.1200E+02
 -10.933  0.1574E-11  0.1200E+02
 -10.923  0.1345E-11  0.1200E+02
 -10.913  0.1148E-11  0.1200E+02
 -10.903  0.9801E-12  0.1200E+02
 -10.893  0.8361E-12  0.1200E+02
 -10.883  0.7130E-12  0.1200E+02
 -10.873  0.6077E-12  0.1200E+02
 -10.863  0.5178E-12  0.1200E+02
 -10.853  0.4410E-12  0.1200E+02
 -10.843  0.3754E-12  0.1200E+02
 -10.833  0.3195E-12  0.1200E+02
 -10.823  0.2717E-12  0.1200E+02
 -10.813  0.2311E-12  0.1200E+02
 -10.803  0.1964E-12  0.1200E+02
 -10.793  0.1669E-12  0.1200E+02
 -10.783  0.1417E-12  0.1200E+02
 -10.773  0.1204E-12  0.1200E+02
 -10.763  0.1022E-12  0.1200E+02
 -10.753  0.8675E-13  0.1200E+02
 -10.743  0.7364E-13  0.1200E+02
 -10.733  0.6253E-13  0.1200E+02
 -10.723  0.5311E-13  0.1200E+02
 -10.713  0.4514E-13  0.1200E+02
 -10.703  0.3842E-13  0.1200E+02
 -10.693  0.3275E-13  0.1200E+02
 -10.683  0.2800E-13  0.1200E+02
 -10.673  0.2402E-13  0.1200E+02
 -10.663  0.2072E-13  0.1200E+02
 -10.653  0.1801E-13  0.1200E+02
 -10.643  0.1580E-13  0.1200E+02
 -10.633  0.1404E-13  0.1200E+02
 -10.623  0.1268E-13  0.1200E+02
 -10.613  0.1167E-13  0.1200E+02
 -10.603  0.1100E-13  0.1200E+02
 -10.593  0.1064E-13  0.1200E+02
 -10.583  0.1058E-13  0.1200E+02
 -10.573  0.1082E-13  0.1200E+02
 -10.563  0.1135E-13  0.1200E+02
 -10.553  0.1220E-13  0.1200E+02
 -10.543  0.1337E-13  0.1200E+02
 -10.533  0.1490E-13  0.1200E+02
 -10.523  0.1683E-13  0.1200E+02
 -10.513  0.1920E-13  0.1200E+02
 -10.503  0.2206E-13  0.1200E+02
 -10.493  0.2550E-13  0.1200E+02
 -10.483  0.2959E-13  0.1200E+02
 -10.473  0.3442E-13  0.1200E+02
 -10.463  0.4013E-13  0.1200E+02
 -10.453  0.4684E-13  0.1200E+02
 -10.443  0.5471E-13  0.1200E+02
 -10.433  0.6394E-13  0.1200E+02
 -10.423  0.7473E-13  0.1200E+02
 -10.413  0.8735E-13  0.1200E+02
 -10.403  0.1021E-12  0.1200E+02
 -10.393  0.1193E-12  0.1200E+02
 -10.383  0.1394E-12  0.1200E+02
 -10.373  0.1627E-12  0.1200E+02
 -10.363  0.1900E-12  0.1200E+02
 -10.353  0.2217E-12  0.1200E+02
 -10.343  0.2586E-12  0.1200E+02
 -10.333  0.3016E-12  0.1200E+02
 -10.323  0.3515E-12  0.1200E+02
 -10.313  0.4096E-12  0.1200E+02
 -10.303  0.4770E-12  0.1200E+02
 -10.293  0.5553E-12  0.1200E+02
 -10.283  0.6461E-12  0.1200E+02
 -10.273  0.7515E-12  0.1200E+02
 -10.263  0.8737E-12  0.1200E+02
 -10.253  0.1015E-11  0.1200E+02
 -10.243  0.1179E-11  0.1200E+02
 -10.233  0.1369E-11  0.1200E+02
 -10.223  0.1589E-11  0.1200E+02
 -10.213  0.1844E-11  0.1200E+02
 -10.203  0.2138E-11  0.1200E+02
 -10.193  0.2478E-11  0.1200E+02
 -10.183  0.2871E-11  0.1200E+02
 -10.173  0.3325E-11  0.1200E+02
 -10.163  0.3850E-11  0.1200E+02
 -10.153  0.4454E-11  0.1200E+02
 -10.143  0.5152E-11  0.1200E+02
 -10.133  0.5956E-11  0.1200E+02
 -10.123  0.6883E-11  0.1200E+02
 -10.113  0.7951E-11  0.1200E+02
 -10.103  0.9180E-11  0.1200E+02
 -10.093  0.1059E-10  0.1200E+02
 -10.083  0.1222E-10  0.1200E+02
 -10.073  0.1409E-10  0.1200E+02
 -10.063  0.1624E-10  0.1200E+02
 -10.053  0.1872E-10  0.1200E+02
 -10.043  0.2155E-10  0.1200E+02
 -10.033  0.2481E-10  0.1200E+02
 -10.023  0.2855E-10  0.1200E+02
 -10.013  0.3283E-10  0.1200E+02
 -10.003  0.3775E-10  0.1200E+02
  -9.993  0.4338E-10  0.1200E+02
  -9.983  0.4982E-10  0.1200E+02
  -9.973  0.5721E-10  0.1200E+02
  -9.963  0.6565E-10  0.1200E+02
  -9.953  0.7531E-10  0.1200E+02
  -9.943  0.8636E-10  0.1200E+02
  -9.933  0.9898E-10  0.1200E+02
  -9.923  0.1134E-09  0.1200E+02
  -9.913  0.1299E-09  0.1200E+02
  -9.903  0.1486E-09  0.1200E+02
  -9.893  0.1701E-09  0.1200E+02
  -9.883  0.1945E-09  0.1200E+02
  -9.873  0.2224E-09  0.1200E+02
  -9.863  0.2541E-09  0.1200E+02
  -9.853  0.2902E-09  0.1200E+02
  -9.843  0.3314E-09  0.1200E+02
  -9.833  0.3782E-09  0.1200E+02
  -9.823  0.4314E-09  0.1200E+02
  -9.813  0.4919E-09  0.1200E+02
  -9.803  0.5606E-09  0.1200E+02
  -9.793  0.6387E-09  0.1200E+02
  -9.783  0.7273E-09  0.1200E+02
  -9.773  0.8278E-09  0.1200E+02
  -9.763  0.9419E-09  0.1200E+02
  -9.753  0.1071E-08  0.1200E+02
  -9.743  0.1218E-08  0.1200E+02
  -9.733  0.1384E-08  0.1200E+02
  -9.723  0.1572E-08  0.1200E+02
  -9.713  0.1784E-08  0.1200E+02
  -9.703  0.2025E-08  0.1200E+02
  -9.693  0.2297E-08  0.1200E+02
  -9.683  0.2604E-08  0.1200E+02
  -9.673  0.2952E-08  0.1200E+02
  -9.663  0.3344E-08  0.1200E+02
  -9.653  0.3786E-08  0.1200E+02
  -9.643  0.4286E-08  0.1200E+02
  -9.633  0.4849E-08  0.1200E+02
  -9.623  0.5484E-08  0.1200E+02
  -9.613  0.6199E-08  0.1200E+02
  -9.603  0.7004E-08  0.1200E+02
  -9.593  0.7911E-08  0.1200E+02
  -9.583  0.8931E-08  0.1200E+02
  -9.573  0.1008E-07  0.1200E+02
  -9.563  0.1137E-07  0.1200E+02
  -9.553  0.1282E-07  0.1200E+02
  -9.543  0.1445E-07  0.1200E+02
  -9.533  0.1627E-07  0.1200E+02
  -9.523  0.1832E-07  0.1200E+02
  -9.513  0.2062E-07  0.1200E+02
  -9.503  0.2320E-07  0.1200E+02
  -9.493  0.2609E-07  0.1200E+02
  -9.483  0.2933E-07  0.1200E+02
  -9.473  0.3296E-07  0.1200E+02
  -9.463  0.3701E-07  0.1200E+02
  -9.453  0.4155E-07  0.1200E+02
  -9.443  0.4663E-07  0.1200E+02
  -9.433  0.5230E-07  0.1200E+02
  -9.423  0.5864E-07  0.1200E+02
  -9.413  0.6572E-07  0.1200E+02
  -9.403  0.7362E-07  0.1200E+02
  -9.393  0.8243E-07  0.1200E+02
  -9.383  0.9226E-07  0.1200E+02
  -9.373  0.1032E-06  0.1200E+02
  -9.363  0.1154E-06  0.1200E+02
  -9.353  0.1290E-06  0.1200E+02
  -9.343  0.1442E-06  0.1200E+02
  -9.333  0.1610E-06  0.1200E+02
  -9.323  0.1797E-06  0.1200E+02
  -9.313  0.2005E-06  0.1200E+02
  -9.303  0.2237E-06  0.1200E+02
  -9.293  0.2494E-06  0.1200E+02
  -9.283  0.2779E-06  0.1200E+02
  -9.273  0.3096E-06  0.1200E+02
  -9.263  0.3447E-06  0.1200E+02
  -9.253  0.3836E-06  0.1200E+02
  -9.243  0.4268E-06  0.1200E+02
  -9.233  0.4746E-06  0.1200E+02
  -9.223  0.5275E-06  0.1200E+02
  -9.213  0.5861E-06  0.1200E+02
  -9.203  0.6509E-06  0.1200E+02
  -9.193  0.7226E-06  0.1200E+02
  -9.183  0.8018E-06  0.1200E+02
  -9.173  0.8893E-06  0.1200E+02
  -9.163  0.9859E-06  0.1200E+02
  -9.153  0.1093E-05  0.1200E+02
  -9.143  0.1210E-05  0.1200E+02
  -9.133  0.1340E-05  0.1200E+02
  -9.123  0.1483E-05  0.1200E+02
  -9.113  0.1641E-05  0.1200E+02
  -9.103  0.1814E-05  0.1200E+02
  -9.093  0.2005E-05  0.1200E+02
  -9.083  0.2215E-05  0.1200E+02
  -9.073  0.2446E-05  0.1200E+02
  -9.063  0.2701E-05  0.1200E+02
  -9.053  0.2980E-05  0.1200E+02
  -9.043  0.3286E-05  0.1200E+02
  -9.033  0.3623E-05  0.1200E+02
  -9.023  0.3992E-05  0.1200E+02
  -9.013  0.4398E-05  0.1200E+02
  -9.003  0.4842E-05  0.1200E+02
  -8.993  0.5329E-05  0.1200E+02
  -8.983  0.5862E-05  0.1200E+02
  -8.973  0.6446E-05  0.1200E+02
  -8.963  0.7084E-05  0.1200E+02
  -8.953  0.7783E-05  0.1200E+02
  -8.943  0.8547E-05  0.1200E+02
  -8.933  0.9382E-05  0.1200E+02
  -8.923  0.1029E-04  0.1200E+02
  -8.913  0.1129E-04  0.1200E+02
  -8.903  0.1238E-04  0.1200E+02
  -8.893  0.1356E-04  0.1200E+02
  -8.883  0.1485E-04  0.1200E+02
  -8.873  0.1626E-04  0.1200E+02
  -8.863  0.1780E-04  0.1200E+02
  -8.853  0.1947E-04  0.1200E+02
  -8.843  0.2129E-04  0.1200E+02
  -8.833  0.2327E-04  0.1200E+02
  -8.823  0.2542E-04  0.1200E+02
  -8.813  0.2776E-04  0.1200E+02
  -8.803  0.3030E-04  0.1200E+02
  -8.793  0.3306E-04  0.1200E+02
  -8.783  0.3605E-04  0.1200E+02
  -8.773  0.3930E-04  0.1200E+02
  -8.763  0.4283E-04  0.1200E+02
  -8.753  0.4665E-04  0.1200E+02
  -8.743  0.5078E-04  0.1200E+02
  -8.733  0.5527E-04  0.1200E+02
  -8.723  0.6012E-04  0.1200E+02
  -8.713  0.6537E-04  0.1200E+02
  -8.703  0.7104E-04  0.1200E+02
  -8.693  0.7718E-04  0.1200E+02
  -8.683  0.8381E-04  0.1200E+02
  -8.673  0.9097E-04  0.1200E+02
  -8.663  0.9869E-04  0.1200E+02
  -8.653  0.1070E-03  0.1200E+02
  -8.643  0.1160E-03  0.1200E+02
  -8.633  0.1257E-03  0.1200E+02
  -8.623  0.1362E-03  0.1200E+02
  -8.613  0.1474E-03  0.1200E+02
  -8.603  0.1595E-03  0.1200E+02
  -8.593  0.1726E-03  0.1200E+02
  -8.583  0.1866E-03  0.1200E+02
  -8.573  0.2016E-03  0.1200E+02
  -8.563  0.2178E-03  0.1200E+02
  -8.553  0.2352E-03  0.1200E+02
  -8.543  0.2539E-03  0.1200E+02
  -8.533  0.2739E-03  0.1200E+02
  -8.523  0.2954E-03  0.1200E+02
  -8.513  0.3184E-03  0.1200E+02
  -8.503  0.3431E-03  0.1200E+02
  -8.493  0.3695E-03  0.1200E+02
  -8.483  0.3978E-03  0.1200E+02
  -8.473  0.4281E-03  0.1200E+02
  -8.463  0.4605E-03  0.1200E+02
  -8.453  0.4951E-03  0.1200E+02
  -8.443  0.5321E-03  0.1200E+02
  -8.433  0.5716E-03  0.1200E+02
  -8.423  0.6137E-03  0.1200E+02
  -8.413  0.6588E-03  0.1200E+02
  -8.403  0.7067E-03  0.1200E+02
  -8.393  0.7579E-03  0.1200E+02
  -8.383  0.8124E-03  0.1200E+02
  -8.373  0.8705E-03  0.1200E+02
  -8.363  0.9323E-03  0.1200E+02
  -8.353  0.9981E-03  0.1200E+02
  -8.343  0.1068E-02  0.1200E+02
  -8.333  0.1142E-02  0.1200E+02
  -8.323  0.1221E-02  0.1200E+02
  -8.313  0.1305E-02  0.1200E+02
  -8.303  0.1394E-02  0.1200E+02
  -8.293  0.1489E-02  0.1200E+02
  -8.283  0.1589E-02  0.1200E+02
  -8.273  0.1696E-02  0.1200E+02
  -8.263  0.1808E-02  0.1200E+02
  -8.253  0.1927E-02  0.1200E+02
  -8.243  0.2054E-02  0.1200E+02
  -8.233  0.2187E-02  0.1200E+02
  -8.223  0.2328E-02  0.1200E+02
  -8.213  0.2478E-02  0.1200E+02
  -8.203  0.2635E-02  0.1200E+02
  -8.193  0.2802E-02  0.1200E+02
  -8.183  0.2978E-02  0.1200E+02
  -8.173  0.3163E-02  0.1200E+02
  -8.163  0.3359E-02  0.1200E+02
  -8.153  0.3565E-02  0.1200E+02
  -8.143  0.3783E-02  0.1200E+02
  -8.133  0.4011E-02  0.1200E+02
  -8.123  0.4252E-02  0.1200E+02
  -8.113  0.4505E-02  0.1200E+02
  -8.103  0.4772E-02  0.1200E+02
  -8.093  0.5052E-02  0.1200E+02
  -8.083  0.5346E-02  0.1200E+02
  -8.073  0.5655E-02  0.1200E+02
  -8.063  0.5979E-02  0.1200E+02
  -8.053  0.6319E-02  0.1200E+02
  -8.043  0.6675E-02  0.1200E+02
  -8.033  0.7049E-02  0.1200E+02
  -8.023  0.7440E-02  0.1200E+02
  -8.013  0.7850E-02  0.1200E+02
  -8.003  0.8279E-02  0.1200E+02
  -7.993  0.8727E-02  0.1200E+02
  -7.983  0.9196E-02  0.1200E+02
  -7.973  0.9686E-02  0.1200E+02
  -7.963  0.1020E-01  0.1200E+02
  -7.953  0.1073E-01  0.1200E+02
  -7.943  0.1129E-01  0.1200E+02
  -7.933  0.1187E-01  0.1200E+02
  -7.923  0.1248E-01  0.1200E+02
  -7.913  0.1311E-01  0.1200E+02
  -7.903  0.1377E-01  0.1200E+02
  -7.893  0.1445E-01  0.1200E+02
  -7.883  0.1516E-01  0.1200E+02
  -7.873  0.1590E-01  0.1200E+02
  -7.863  0.1667E-01  0.1200E+02
  -7.853  0.1747E-01  0.1200E+02
  -7.843  0.1830E-01  0.1200E+02
  -7.833  0.1916E-01  0.1200E+02
  -7.823  0.2006E-01  0.1200E+02
  -7.813  0.2098E-01  0.1200E+02
  -7.803  0.2194E-01  0.1200E+02
  -7.793  0.2294E-01  0.1200E+02
  -7.783  0.2397E-01  0.1200E+02
  -7.773  0.2504E-01  0.1201E+02
  -7.763  0.2614E-01  0.1201E+02
  -7.753  0.2728E-01  0.1201E+02
  -7.743  0.2846E-01  0.1201E+02
  -7.733  0.2967E-01  0.1201E+02
  -7.723  0.3093E-01  0.1201E+02
  -7.713  0.3223E-01  0.1201E+02
  -7.703  0.3356E-01  0.1201E+02
  -7.693  0.3494E-01  0.1201E+02
  -7.683  0.3636E-01  0.1201E+02
  -7.673  0.3783E-01  0.1201E+02
  -7.663  0.3933E-01  0.1201E+02
  -7.653  0.4088E-01  0.1201E+02
  -7.643  0.4247E-01  0.1201E+02
  -7.633  0.4411E-01  0.1201E+02
  -7.623  0.4579E-01  0.1201E+02
  -7.613  0.4752E-01  0.1201E+02
  -7.603  0.4930E-01  0.1201E+02
  -7.593  0.5112E-01  0.1201E+02
  -7.583  0.5298E-01  0.1201E+02
  -7.573  0.5490E-01  0.1201E+02
  -7.563  0.5686E-01  0.1201E+02
  -7.553  0.5887E-01  0.1201E+02
  -7.543  0.6092E-01  0.1201E+02
  -7.533  0.6303E-01  0.1202E+02
  -7.523  0.6518E-01  0.1202E+02
  -7.513  0.6738E-01  0.1202E+02
  -7.503  0.6962E-01  0.1202E+02
  -7.493  0.7192E-01  0.1202E+02
  -7.483  0.7426E-01  0.1202E+02
  -7.473  0.7666E-01  0.1202E+02
  -7.463  0.7910E-01  0.1202E+02
  -7.453  0.8159E-01  0.1202E+02
  -7.443  0.8413E-01  0.1202E+02
  -7.433  0.8671E-01  0.1202E+02
  -7.423  0.8935E-01  0.1202E+02
  -7.413  0.9203E-01  0.1202E+02
  -7.403  0.9476E-01  0.1203E+02
  -7.393  0.9753E-01  0.1203E+02
  -7.383  0.1004E+00  0.1203E+02
  -7.373  0.1032E+00  0.1203E+02
  -7.363  0.1062E+00  0.1203E+02
  -7.353  0.1091E+00  0.1203E+02
  -7.343  0.1121E+00  0.1203E+02
  -7.333  0.1152E+00  0.1203E+02
  -7.323  0.1183E+00  0.1203E+02
  -7.313  0.1214E+00  0.1204E+02
  -7.303  0.1246E+00  0.1204E+02
  -7.293  0.1279E+00  0.1204E+02
  -7.283  0.1312E+00  0.1204E+02
  -7.273  0.1345E+00  0.1204E+02
  -7.263  0.1379E+00  0.1204E+02
  -7.253  0.1413E+00  0.1204E+02
  -7.243  0.1448E+00  0.1204E+02
  -7.233  0.1483E+00  0.1205E+02
  -7.223  0.1519E+00  0.1205E+02
  -7.213  0.1555E+00  0.1205E+02
  -7.203  0.1592E+00  0.1205E+02
  -7.193  0.1629E+00  0.1205E+02
  -7.183  0.1666E+00  0.1205E+02
  -7.173  0.1704E+00  0.1206E+02
  -7.163  0.1743E+00  0.1206E+02
  -7.153  0.1782E+00  0.1206E+02
  -7.143  0.1821E+00  0.1206E+02
  -7.133  0.1861E+00  0.1206E+02
  -7.123  0.1902E+00  0.1207E+02
  -7.113  0.1943E+00  0.1207E+02
  -7.103  0.1984E+00  0.1207E+02
  -7.093  0.2026E+00  0.1207E+02
  -7.083  0.2069E+00  0.1207E+02
  -7.073  0.2112E+00  0.1208E+02
  -7.063  0.2156E+00  0.1208E+02
  -7.053  0.2200E+00  0.1208E+02
  -7.043  0.2245E+00  0.1208E+02
  -7.033  0.2291E+00  0.1208E+02
  -7.023  0.2337E+00  0.1209E+02
  -7.013  0.2385E+00  0.1209E+02
  -7.003  0.2432E+00  0.1209E+02
  -6.993  0.2481E+00  0.1209E+02
  -6.983  0.2530E+00  0.1210E+02
  -6.973  0.2580E+00  0.1210E+02
  -6.963  0.2631E+00  0.1210E+02
  -6.953  0.2683E+00  0.1210E+02
  -6.943  0.2735E+00  0.1211E+02
  -6.933  0.2789E+00  0.1211E+02
  -6.923  0.2844E+00  0.1211E+02
  -6.913  0.2899E+00  0.1212E+02
  -6.903  0.2956E+00  0.1212E+02
  -6.893  0.3013E+00  0.1212E+02
  -6.883  0.3072E+00  0.1212E+02
  -6.873  0.3132E+00  0.1213E+02
  -6.863  0.3193E+00  0.1213E+02
  -6.853  0.3256E+00  0.1213E+02
  -6.843  0.3319E+00  0.1214E+02
  -6.833  0.3384E+00  0.1214E+02
  -6.823  0.3451E+00  0.1214E+02
  -6.813  0.3519E+00  0.1215E+02
  -6.803  0.3588E+00  0.1215E+02
  -6.793  0.3659E+00  0.1216E+02
  -6.783  0.3731E+00  0.1216E+02
  -6.773  0.3805E+00  0.1216E+02
  -6.763  0.3881E+00  0.1217E+02
  -6.753  0.3958E+00  0.1217E+02
  -6.743  0.4038E+00  0.1217E+02
  -6.733  0.4119E+00  0.1218E+02
  -6.723  0.4202E+00  0.1218E+02
  -6.713  0.4286E+00  0.1219E+02
  -6.703  0.4373E+00  0.1219E+02
  -6.693  0.4462E+00  0.1220E+02
  -6.683  0.4553E+00  0.1220E+02
  -6.673  0.4646E+00  0.1221E+02
  -6.663  0.4741E+00  0.1221E+02
  -6.653  0.4839E+00  0.1221E+02
  -6.643  0.4938E+00  0.1222E+02
  -6.633  0.5040E+00  0.1222E+02
  -6.623  0.5145E+00  0.1223E+02
  -6.613  0.5251E+00  0.1224E+02
  -6.603  0.5360E+00  0.1224E+02
  -6.593  0.5472E+00  0.1225E+02
  -6.583  0.5586E+00  0.1225E+02
  -6.573  0.5702E+00  0.1226E+02
  -6.563  0.5821E+00  0.1226E+02
  -6.553  0.5942E+00  0.1227E+02
  -6.543  0.6066E+00  0.1228E+02
  -6.533  0.6193E+00  0.1228E+02
  -6.523  0.6322E+00  0.1229E+02
  -6.513  0.6453E+00  0.1229E+02
  -6.503  0.6587E+00  0.1230E+02
  -6.493  0.6724E+00  0.1231E+02
  -6.483  0.6863E+00  0.1231E+02
  -6.473  0.7005E+00  0.1232E+02
  -6.463  0.7149E+00  0.1233E+02
  -6.453  0.7296E+00  0.1234E+02
  -6.443  0.7445E+00  0.1234E+02
  -6.433  0.7597E+00  0.1235E+02
  -6.423  0.7751E+00  0.1236E+02
  -6.413  0.7908E+00  0.1237E+02
  -6.403  0.8067E+00  0.1237E+02
  -6.393  0.8228E+00  0.1238E+02
  -6.383  0.8391E+00  0.1239E+02
  -6.373  0.8557E+00  0.1240E+02
  -6.363  0.8724E+00  0.1241E+02
  -6.353  0.8894E+00  0.1242E+02
  -6.343  0.9065E+00  0.1243E+02
  -6.333  0.9239E+00  0.1244E+02
  -6.323  0.9414E+00  0.1244E+02
  -6.313  0.9591E+00  0.1245E+02
  -6.303  0.9770E+00  0.1246E+02
  -6.293  0.9950E+00  0.1247E+02
  -6.283  0.1013E+01  0.1248E+02
  -6.273  0.1031E+01  0.1249E+02
  -6.263  0.1050E+01  0.1251E+02
  -6.253  0.1068E+01  0.1252E+02
  -6.243  0.1087E+01  0.1253E+02
  -6.233  0.1106E+01  0.1254E+02
  -6.223  0.1124E+01  0.1255E+02
  -6.213  0.1143E+01  0.1256E+02
  -6.203  0.1162E+01  0.1257E+02
  -6.193  0.1181E+01  0.1258E+02
  -6.183  0.1200E+01  0.1260E+02
  -6.173  0.1219E+01  0.1261E+02
  -6.163  0.1237E+01  0.1262E+02
  -6.153  0.1256E+01  0.1263E+02
  -6.143  0.1275E+01  0.1265E+02
  -6.133  0.1294E+01  0.1266E+02
  -6.123  0.1312E+01  0.1267E+02
  -6.113  0.1331E+01  0.1269E+02
  -6.103  0.1349E+01  0.1270E+02
  -6.093  0.1368E+01  0.1271E+02
  -6.083  0.1386E+01  0.1273E+02
  -6.073  0.1404E+01  0.1274E+02
  -6.063  0.1422E+01  0.1275E+02
  -6.053  0.1440E+01  0.1277E+02
  -6.043  0.1457E+01  0.1278E+02
  -6.033  0.1474E+01  0.1280E+02
  -6.023  0.1491E+01  0.1281E+02
  -6.013  0.1508E+01  0.1283E+02
  -6.003  0.1525E+01  0.1284E+02
  -5.993  0.1541E+01  0.1286E+02
  -5.983  0.1557E+01  0.1287E+02
  -5.973  0.1573E+01  0.1289E+02
  -5.963  0.1588E+01  0.1291E+02
  -5.953  0.1603E+01  0.1292E+02
  -5.943  0.1618E+01  0.1294E+02
  -5.933  0.1632E+01  0.1295E+02
  -5.923  0.1646E+01  0.1297E+02
  -5.913  0.1660E+01  0.1299E+02
  -5.903  0.1673E+01  0.1300E+02
  -5.893  0.1686E+01  0.1302E+02
  -5.883  0.1698E+01  0.1304E+02
  -5.873  0.1710E+01  0.1306E+02
  -5.863  0.1722E+01  0.1307E+02
  -5.853  0.1733E+01  0.1309E+02
  -5.843  0.1744E+01  0.1311E+02
  -5.833  0.1754E+01  0.1312E+02
  -5.823  0.1764E+01  0.1314E+02
  -5.813  0.1774E+01  0.1316E+02
  -5.803  0.1783E+01  0.1318E+02
  -5.793  0.1791E+01  0.1320E+02
  -5.783  0.1799E+01  0.1321E+02
  -5.773  0.1807E+01  0.1323E+02
  -5.763  0.1814E+01  0.1325E+02
  -5.753  0.1821E+01  0.1327E+02
  -5.743  0.1827E+01  0.1329E+02
  -5.733  0.1833E+01  0.1330E+02
  -5.723  0.1839E+01  0.1332E+02
  -5.713  0.1844E+01  0.1334E+02
  -5.703  0.1848E+01  0.1336E+02
  -5.693  0.1852E+01  0.1338E+02
  -5.683  0.1856E+01  0.1340E+02
  -5.673  0.1859E+01  0.1342E+02
  -5.663  0.1862E+01  0.1343E+02
  -5.653  0.1865E+01  0.1345E+02
  -5.643  0.1867E+01  0.1347E+02
  -5.633  0.1869E+01  0.1349E+02
  -5.623  0.1870E+01  0.1351E+02
  -5.613  0.1871E+01  0.1353E+02
  -5.603  0.1871E+01  0.1355E+02
  -5.593  0.1871E+01  0.1357E+02
  -5.583  0.1871E+01  0.1358E+02
  -5.573  0.1871E+01  0.1360E+02
  -5.563  0.1870E+01  0.1362E+02
  -5.553  0.1869E+01  0.1364E+02
  -5.543  0.1868E+01  0.1366E+02
  -5.533  0.1866E+01  0.1368E+02
  -5.523  0.1864E+01  0.1370E+02
  -5.513  0.1862E+01  0.1371E+02
  -5.503  0.1860E+01  0.1373E+02
  -5.493  0.1857E+01  0.1375E+02
  -5.483  0.1854E+01  0.1377E+02
  -5.473  0.1851E+01  0.1379E+02
  -5.463  0.1848E+01  0.1381E+02
  -5.453  0.1844E+01  0.1383E+02
  -5.443  0.1841E+01  0.1384E+02
  -5.433  0.1837E+01  0.1386E+02
  -5.423  0.1833E+01  0.1388E+02
  -5.413  0.1829E+01  0.1390E+02
  -5.403  0.1825E+01  0.1392E+02
  -5.393  0.1821E+01  0.1394E+02
  -5.383  0.1817E+01  0.1395E+02
  -5.373  0.1812E+01  0.1397E+02
  -5.363  0.1808E+01  0.1399E+02
  -5.353  0.1804E+01  0.1401E+02
  -5.343  0.1799E+01  0.1403E+02
  -5.333  0.1795E+01  0.1404E+02
  -5.323  0.1790E+01  0.1406E+02
  -5.313  0.1786E+01  0.1408E+02
  -5.303  0.1781E+01  0.1410E+02
  -5.293  0.1777E+01  0.1412E+02
  -5.283  0.1772E+01  0.1413E+02
  -5.273  0.1768E+01  0.1415E+02
  -5.263  0.1763E+01  0.1417E+02
  -5.253  0.1759E+01  0.1419E+02
  -5.243  0.1755E+01  0.1420E+02
  -5.233  0.1750E+01  0.1422E+02
  -5.223  0.1746E+01  0.1424E+02
  -5.213  0.1742E+01  0.1426E+02
  -5.203  0.1738E+01  0.1427E+02
  -5.193  0.1734E+01  0.1429E+02
  -5.183  0.1730E+01  0.1431E+02
  -5.173  0.1726E+01  0.1433E+02
  -5.163  0.1722E+01  0.1434E+02
  -5.153  0.1718E+01  0.1436E+02
  -5.143  0.1715E+01  0.1438E+02
  -5.133  0.1711E+01  0.1439E+02
  -5.123  0.1708E+01  0.1441E+02
  -5.113  0.1704E+01  0.1443E+02
  -5.103  0.1701E+01  0.1445E+02
  -5.093  0.1698E+01  0.1446E+02
  -5.083  0.1694E+01  0.1448E+02
  -5.073  0.1691E+01  0.1450E+02
  -5.063  0.1688E+01  0.1451E+02
  -5.053  0.1685E+01  0.1453E+02
  -5.043  0.1682E+01  0.1455E+02
  -5.033  0.1679E+01  0.1456E+02
  -5.023  0.1676E+01  0.1458E+02
  -5.013  0.1674E+01  0.1460E+02
  -5.003  0.1671E+01  0.1461E+02
  -4.993  0.1668E+01  0.1463E+02
  -4.983  0.1666E+01  0.1465E+02
  -4.973  0.1663E+01  0.1466E+02
  -4.963  0.1660E+01  0.1468E+02
  -4.953  0.1658E+01  0.1470E+02
  -4.943  0.1655E+01  0.1471E+02
  -4.933  0.1653E+01  0.1473E+02
  -4.923  0.1650E+01  0.1475E+02
  -4.913  0.1647E+01  0.1476E+02
  -4.903  0.1645E+01  0.1478E+02
  -4.893  0.1642E+01  0.1480E+02
  -4.883  0.1640E+01  0.1481E+02
  -4.873  0.1637E+01  0.1483E+02
  -4.863  0.1635E+01  0.1484E+02
  -4.853  0.1632E+01  0.1486E+02
  -4.843  0.1630E+01  0.1488E+02
  -4.833  0.1627E+01  0.1489E+02
  -4.823  0.1624E+01  0.1491E+02
  -4.813  0.1622E+01  0.1493E+02
  -4.803  0.1619E+01  0.1494E+02
  -4.793  0.1616E+01  0.1496E+02
  -4.783  0.1614E+01  0.1497E+02
  -4.773  0.1611E+01  0.1499E+02
  -4.763  0.1608E+01  0.1501E+02
  -4.753  0.1605E+01  0.1502E+02
  -4.743  0.1602E+01  0.1504E+02
  -4.733  0.1600E+01  0.1505E+02
  -4.723  0.1597E+01  0.1507E+02
  -4.713  0.1594E+01  0.1509E+02
  -4.703  0.1591E+01  0.1510E+02
  -4.693  0.1588E+01  0.1512E+02
  -4.683  0.1585E+01  0.1513E+02
  -4.673  0.1582E+01  0.1515E+02
  -4.663  0.1579E+01  0.1517E+02
  -4.653  0.1576E+01  0.1518E+02
  -4.643  0.1573E+01  0.1520E+02
  -4.633  0.1570E+01  0.1521E+02
  -4.623  0.1568E+01  0.1523E+02
  -4.613  0.1565E+01  0.1524E+02
  -4.603  0.1562E+01  0.1526E+02
  -4.593  0.1559E+01  0.1528E+02
  -4.583  0.1556E+01  0.1529E+02
  -4.573  0.1554E+01  0.1531E+02
  -4.563  0.1551E+01  0.1532E+02
  -4.553  0.1549E+01  0.1534E+02
  -4.543  0.1546E+01  0.1535E+02
  -4.533  0.1544E+01  0.1537E+02
  -4.523  0.1542E+01  0.1538E+02
  -4.513  0.1540E+01  0.1540E+02
  -4.503  0.1538E+01  0.1541E+02
  -4.493  0.1536E+01  0.1543E+02
  -4.483  0.1534E+01  0.1545E+02
  -4.473  0.1533E+01  0.1546E+02
  -4.463  0.1531E+01  0.1548E+02
  -4.453  0.1530E+01  0.1549E+02
  -4.443  0.1529E+01  0.1551E+02
  -4.433  0.1528E+01  0.1552E+02
  -4.423  0.1527E+01  0.1554E+02
  -4.413  0.1527E+01  0.1555E+02
  -4.403  0.1527E+01  0.1557E+02
  -4.393  0.1527E+01  0.1558E+02
  -4.383  0.1527E+01  0.1560E+02
  -4.373  0.1527E+01  0.1561E+02
  -4.363  0.1528E+01  0.1563E+02
  -4.353  0.1529E+01  0.1564E+02
  -4.343  0.1531E+01  0.1566E+02
  -4.333  0.1532E+01  0.1567E+02
  -4.323  0.1534E+01  0.1569E+02
  -4.313  0.1536E+01  0.1571E+02
  -4.303  0.1539E+01  0.1572E+02
  -4.293  0.1542E+01  0.1574E+02
  -4.283  0.1545E+01  0.1575E+02
  -4.273  0.1548E+01  0.1577E+02
  -4.263  0.1552E+01  0.1578E+02
  -4.253  0.1556E+01  0.1580E+02
  -4.243  0.1561E+01  0.1581E+02
  -4.233  0.1566E+01  0.1583E+02
  -4.223  0.1571E+01  0.1585E+02
  -4.213  0.1576E+01  0.1586E+02
  -4.203  0.1582E+01  0.1588E+02
  -4.193  0.1589E+01  0.1589E+02
  -4.183  0.1596E+01  0.1591E+02
  -4.173  0.1603E+01  0.1592E+02
  -4.163  0.1610E+01  0.1594E+02
  -4.153  0.1618E+01  0.1596E+02
  -4.143  0.1627E+01  0.1597E+02
  -4.133  0.1635E+01  0.1599E+02
  -4.123  0.1645E+01  0.1601E+02
  -4.113  0.1654E+01  0.1602E+02
  -4.103  0.1664E+01  0.1604E+02
  -4.093  0.1675E+01  0.1606E+02
  -4.083  0.1685E+01  0.1607E+02
  -4.073  0.1697E+01  0.1609E+02
  -4.063  0.1708E+01  0.1611E+02
  -4.053  0.1720E+01  0.1612E+02
  -4.043  0.1733E+01  0.1614E+02
  -4.033  0.1746E+01  0.1616E+02
  -4.023  0.1759E+01  0.1618E+02
  -4.013  0.1773E+01  0.1619E+02
  -4.003  0.1787E+01  0.1621E+02
  -3.993  0.1801E+01  0.1623E+02
  -3.983  0.1816E+01  0.1625E+02
  -3.973  0.1832E+01  0.1627E+02
  -3.963  0.1848E+01  0.1629E+02
  -3.953  0.1864E+01  0.1630E+02
  -3.943  0.1881E+01  0.1632E+02
  -3.933  0.1898E+01  0.1634E+02
  -3.923  0.1915E+01  0.1636E+02
  -3.913  0.1933E+01  0.1638E+02
  -3.903  0.1951E+01  0.1640E+02
  -3.893  0.1970E+01  0.1642E+02
  -3.883  0.1989E+01  0.1644E+02
  -3.873  0.2009E+01  0.1646E+02
  -3.863  0.2029E+01  0.1648E+02
  -3.853  0.2049E+01  0.1650E+02
  -3.843  0.2070E+01  0.1652E+02
  -3.833  0.2091E+01  0.1654E+02
  -3.823  0.2113E+01  0.1656E+02
  -3.813  0.2135E+01  0.1658E+02
  -3.803  0.2157E+01  0.1661E+02
  -3.793  0.2180E+01  0.1663E+02
  -3.783  0.2203E+01  0.1665E+02
  -3.773  0.2226E+01  0.1667E+02
  -3.763  0.2250E+01  0.1669E+02
  -3.753  0.2274E+01  0.1672E+02
  -3.743  0.2299E+01  0.1674E+02
  -3.733  0.2324E+01  0.1676E+02
  -3.723  0.2349E+01  0.1679E+02
  -3.713  0.2375E+01  0.1681E+02
  -3.703  0.2401E+01  0.1683E+02
  -3.693  0.2428E+01  0.1686E+02
  -3.683  0.2455E+01  0.1688E+02
  -3.673  0.2482E+01  0.1691E+02
  -3.663  0.2510E+01  0.1693E+02
  -3.653  0.2537E+01  0.1696E+02
  -3.643  0.2566E+01  0.1698E+02
  -3.633  0.2594E+01  0.1701E+02
  -3.623  0.2623E+01  0.1704E+02
  -3.613  0.2652E+01  0.1706E+02
  -3.603  0.2682E+01  0.1709E+02
  -3.593  0.2712E+01  0.1712E+02
  -3.583  0.2742E+01  0.1714E+02
  -3.573  0.2772E+01  0.1717E+02
  -3.563  0.2803E+01  0.1720E+02
  -3.553  0.2834E+01  0.1723E+02
  -3.543  0.2866E+01  0.1726E+02
  -3.533  0.2897E+01  0.1729E+02
  -3.523  0.2929E+01  0.1732E+02
  -3.513  0.2961E+01  0.1734E+02
  -3.503  0.2994E+01  0.1737E+02
  -3.493  0.3026E+01  0.1741E+02
  -3.483  0.3059E+01  0.1744E+02
  -3.473  0.3092E+01  0.1747E+02
  -3.463  0.3125E+01  0.1750E+02
  -3.453  0.3158E+01  0.1753E+02
  -3.443  0.3192E+01  0.1756E+02
  -3.433  0.3226E+01  0.1759E+02
  -3.423  0.3259E+01  0.1763E+02
  -3.413  0.3293E+01  0.1766E+02
  -3.403  0.3327E+01  0.1769E+02
  -3.393  0.3362E+01  0.1773E+02
  -3.383  0.3396E+01  0.1776E+02
  -3.373  0.3430E+01  0.1779E+02
  -3.363  0.3464E+01  0.1783E+02
  -3.353  0.3499E+01  0.1786E+02
  -3.343  0.3533E+01  0.1790E+02
  -3.333  0.3567E+01  0.1793E+02
  -3.323  0.3602E+01  0.1797E+02
  -3.313  0.3636E+01  0.1801E+02
  -3.303  0.3670E+01  0.1804E+02
  -3.293  0.3704E+01  0.1808E+02
  -3.283  0.3738E+01  0.1812E+02
  -3.273  0.3772E+01  0.1816E+02
  -3.263  0.3805E+01  0.1819E+02
  -3.253  0.3839E+01  0.1823E+02
  -3.243  0.3872E+01  0.1827E+02
  -3.233  0.3905E+01  0.1831E+02
  -3.223  0.3937E+01  0.1835E+02
  -3.213  0.3970E+01  0.1839E+02
  -3.203  0.4002E+01  0.1843E+02
  -3.193  0.4034E+01  0.1847E+02
  -3.183  0.4065E+01  0.1851E+02
  -3.173  0.4096E+01  0.1855E+02
  -3.163  0.4127E+01  0.1859E+02
  -3.153  0.4157E+01  0.1863E+02
  -3.143  0.4186E+01  0.1868E+02
  -3.133  0.4216E+01  0.1872E+02
  -3.123  0.4244E+01  0.1876E+02
  -3.113  0.4272E+01  0.1880E+02
  -3.103  0.4300E+01  0.1885E+02
  -3.093  0.4327E+01  0.1889E+02
  -3.083  0.4353E+01  0.1893E+02
  -3.073  0.4379E+01  0.1898E+02
  -3.063  0.4404E+01  0.1902E+02
  -3.053  0.4428E+01  0.1907E+02
  -3.043  0.4452E+01  0.1911E+02
  -3.033  0.4475E+01  0.1915E+02
  -3.023  0.4497E+01  0.1920E+02
  -3.013  0.4518E+01  0.1924E+02
  -3.003  0.4538E+01  0.1929E+02
  -2.993  0.4558E+01  0.1934E+02
  -2.983  0.4577E+01  0.1938E+02
  -2.973  0.4595E+01  0.1943E+02
  -2.963  0.4612E+01  0.1947E+02
  -2.953  0.4628E+01  0.1952E+02
  -2.943  0.4643E+01  0.1957E+02
  -2.933  0.4658E+01  0.1961E+02
  -2.923  0.4671E+01  0.1966E+02
  -2.913  0.4683E+01  0.1971E+02
  -2.903  0.4695E+01  0.1975E+02
  -2.893  0.4705E+01  0.1980E+02
  -2.883  0.4714E+01  0.1985E+02
  -2.873  0.4722E+01  0.1989E+02
  -2.863  0.4730E+01  0.1994E+02
  -2.853  0.4736E+01  0.1999E+02
  -2.843  0.4741E+01  0.2004E+02
  -2.833  0.4745E+01  0.2008E+02
  -2.823  0.4748E+01  0.2013E+02
  -2.813  0.4750E+01  0.2018E+02
  -2.803  0.4750E+01  0.2023E+02
  -2.793  0.4750E+01  0.2027E+02
  -2.783  0.4748E+01  0.2032E+02
  -2.773  0.4746E+01  0.2037E+02
  -2.763  0.4742E+01  0.2042E+02
  -2.753  0.4737E+01  0.2046E+02
  -2.743  0.4731E+01  0.2051E+02
  -2.733  0.4724E+01  0.2056E+02
  -2.723  0.4716E+01  0.2061E+02
  -2.713  0.4707E+01  0.2065E+02
  -2.703  0.4696E+01  0.2070E+02
  -2.693  0.4685E+01  0.2075E+02
  -2.683  0.4672E+01  0.2079E+02
  -2.673  0.4659E+01  0.2084E+02
  -2.663  0.4644E+01  0.2089E+02
  -2.653  0.4628E+01  0.2093E+02
  -2.643  0.4611E+01  0.2098E+02
  -2.633  0.4593E+01  0.2102E+02
  -2.623  0.4574E+01  0.2107E+02
  -2.613  0.4554E+01  0.2112E+02
  -2.603  0.4533E+01  0.2116E+02
  -2.593  0.4511E+01  0.2121E+02
  -2.583  0.4488E+01  0.2125E+02
  -2.573  0.4464E+01  0.2130E+02
  -2.563  0.4440E+01  0.2134E+02
  -2.553  0.4414E+01  0.2138E+02
  -2.543  0.4387E+01  0.2143E+02
  -2.533  0.4359E+01  0.2147E+02
  -2.523  0.4331E+01  0.2152E+02
  -2.513  0.4301E+01  0.2156E+02
  -2.503  0.4271E+01  0.2160E+02
  -2.493  0.4240E+01  0.2164E+02
  -2.483  0.4208E+01  0.2169E+02
  -2.473  0.4176E+01  0.2173E+02
  -2.463  0.4142E+01  0.2177E+02
  -2.453  0.4108E+01  0.2181E+02
  -2.443  0.4073E+01  0.2185E+02
  -2.433  0.4038E+01  0.2189E+02
  -2.423  0.4002E+01  0.2193E+02
  -2.413  0.3965E+01  0.2197E+02
  -2.403  0.3927E+01  0.2201E+02
  -2.393  0.3889E+01  0.2205E+02
  -2.383  0.3851E+01  0.2209E+02
  -2.373  0.3812E+01  0.2213E+02
  -2.363  0.3772E+01  0.2216E+02
  -2.353  0.3732E+01  0.2220E+02
  -2.343  0.3691E+01  0.2224E+02
  -2.333  0.3650E+01  0.2227E+02
  -2.323  0.3609E+01  0.2231E+02
  -2.313  0.3567E+01  0.2235E+02
  -2.303  0.3525E+01  0.2238E+02
  -2.293  0.3482E+01  0.2242E+02
  -2.283  0.3439E+01  0.2245E+02
  -2.273  0.3396E+01  0.2248E+02
  -2.263  0.3353E+01  0.2252E+02
  -2.253  0.3309E+01  0.2255E+02
  -2.243  0.3266E+01  0.2258E+02
  -2.233  0.3221E+01  0.2262E+02
  -2.223  0.3177E+01  0.2265E+02
  -2.213  0.3133E+01  0.2268E+02
  -2.203  0.3089E+01  0.2271E+02
  -2.193  0.3044E+01  0.2274E+02
  -2.183  0.3000E+01  0.2277E+02
  -2.173  0.2955E+01  0.2280E+02
  -2.163  0.2910E+01  0.2283E+02
  -2.153  0.2866E+01  0.2286E+02
  -2.143  0.2821E+01  0.2289E+02
  -2.133  0.2777E+01  0.2291E+02
  -2.123  0.2732E+01  0.2294E+02
  -2.113  0.2688E+01  0.2297E+02
  -2.103  0.2644E+01  0.2299E+02
  -2.093  0.2600E+01  0.2302E+02
  -2.083  0.2556E+01  0.2305E+02
  -2.073  0.2512E+01  0.2307E+02
  -2.063  0.2469E+01  0.2310E+02
  -2.053  0.2426E+01  0.2312E+02
  -2.043  0.2383E+01  0.2314E+02
  -2.033  0.2340E+01  0.2317E+02
  -2.023  0.2298E+01  0.2319E+02
  -2.013  0.2256E+01  0.2321E+02
  -2.003  0.2214E+01  0.2323E+02
  -1.993  0.2172E+01  0.2326E+02
  -1.983  0.2131E+01  0.2328E+02
  -1.973  0.2091E+01  0.2330E+02
  -1.963  0.2051E+01  0.2332E+02
  -1.953  0.2011E+01  0.2334E+02
  -1.943  0.1972E+01  0.2336E+02
  -1.933  0.1933E+01  0.2338E+02
  -1.923  0.1895E+01  0.2340E+02
  -1.913  0.1857E+01  0.2342E+02
  -1.903  0.1820E+01  0.2343E+02
  -1.893  0.1783E+01  0.2345E+02
  -1.883  0.1747E+01  0.2347E+02
  -1.873  0.1711E+01  0.2349E+02
  -1.863  0.1676E+01  0.2350E+02
  -1.853  0.1642E+01  0.2352E+02
  -1.843  0.1608E+01  0.2354E+02
  -1.833  0.1575E+01  0.2355E+02
  -1.823  0.1542E+01  0.2357E+02
  -1.813  0.1510E+01  0.2358E+02
  -1.803  0.1479E+01  0.2360E+02
  -1.793  0.1449E+01  0.2361E+02
  -1.783  0.1419E+01  0.2362E+02
  -1.773  0.1390E+01  0.2364E+02
  -1.763  0.1362E+01  0.2365E+02
  -1.753  0.1334E+01  0.2367E+02
  -1.743  0.1307E+01  0.2368E+02
  -1.733  0.1281E+01  0.2369E+02
  -1.723  0.1256E+01  0.2370E+02
  -1.713  0.1232E+01  0.2372E+02
  -1.703  0.1208E+01  0.2373E+02
  -1.693  0.1185E+01  0.2374E+02
  -1.683  0.1163E+01  0.2375E+02
  -1.673  0.1142E+01  0.2376E+02
  -1.663  0.1122E+01  0.2377E+02
  -1.653  0.1102E+01  0.2379E+02
  -1.643  0.1084E+01  0.2380E+02
  -1.633  0.1066E+01  0.2381E+02
  -1.623  0.1050E+01  0.2382E+02
  -1.613  0.1034E+01  0.2383E+02
  -1.603  0.1019E+01  0.2384E+02
  -1.593  0.1005E+01  0.2385E+02
  -1.583  0.9919E+00  0.2386E+02
  -1.573  0.9798E+00  0.2387E+02
  -1.563  0.9687E+00  0.2388E+02
  -1.553  0.9586E+00  0.2389E+02
  -1.543  0.9494E+00  0.2390E+02
  -1.533  0.9412E+00  0.2391E+02
  -1.523  0.9340E+00  0.2392E+02
  -1.513  0.9278E+00  0.2392E+02
  -1.503  0.9226E+00  0.2393E+02
  -1.493  0.9184E+00  0.2394E+02
  -1.483  0.9152E+00  0.2395E+02
  -1.473  0.9130E+00  0.2396E+02
  -1.463  0.9119E+00  0.2397E+02
  -1.453  0.9118E+00  0.2398E+02
  -1.443  0.9127E+00  0.2399E+02
  -1.433  0.9147E+00  0.2400E+02
  -1.423  0.9177E+00  0.2401E+02
  -1.413  0.9218E+00  0.2402E+02
  -1.403  0.9269E+00  0.2403E+02
  -1.393  0.9331E+00  0.2404E+02
  -1.383  0.9404E+00  0.2404E+02
  -1.373  0.9487E+00  0.2405E+02
  -1.363  0.9581E+00  0.2406E+02
  -1.353  0.9685E+00  0.2407E+02
  -1.343  0.9800E+00  0.2408E+02
  -1.333  0.9926E+00  0.2409E+02
  -1.323  0.1006E+01  0.2410E+02
  -1.313  0.1021E+01  0.2411E+02
  -1.303  0.1037E+01  0.2412E+02
  -1.293  0.1054E+01  0.2413E+02
  -1.283  0.1072E+01  0.2414E+02
  -1.273  0.1090E+01  0.2416E+02
  -1.263  0.1111E+01  0.2417E+02
  -1.253  0.1132E+01  0.2418E+02
  -1.243  0.1154E+01  0.2419E+02
  -1.233  0.1177E+01  0.2420E+02
  -1.223  0.1201E+01  0.2421E+02
  -1.213  0.1226E+01  0.2423E+02
  -1.203  0.1253E+01  0.2424E+02
  -1.193  0.1280E+01  0.2425E+02
  -1.183  0.1308E+01  0.2426E+02
  -1.173  0.1337E+01  0.2428E+02
  -1.163  0.1368E+01  0.2429E+02
  -1.153  0.1399E+01  0.2431E+02
  -1.143  0.1431E+01  0.2432E+02
  -1.133  0.1464E+01  0.2433E+02
  -1.123  0.1499E+01  0.2435E+02
  -1.113  0.1534E+01  0.2436E+02
  -1.103  0.1570E+01  0.2438E+02
  -1.093  0.1607E+01  0.2440E+02
  -1.083  0.1644E+01  0.2441E+02
  -1.073  0.1683E+01  0.2443E+02
  -1.063  0.1723E+01  0.2445E+02
  -1.053  0.1763E+01  0.2446E+02
  -1.043  0.1804E+01  0.2448E+02
  -1.033  0.1846E+01  0.2450E+02
  -1.023  0.1889E+01  0.2452E+02
  -1.013  0.1933E+01  0.2454E+02
  -1.003  0.1977E+01  0.2456E+02
  -0.993  0.2022E+01  0.2458E+02
  -0.983  0.2068E+01  0.2460E+02
  -0.973  0.2114E+01  0.2462E+02
  -0.963  0.2161E+01  0.2464E+02
  -0.953  0.2209E+01  0.2466E+02
  -0.943  0.2258E+01  0.2469E+02
  -0.933  0.2306E+01  0.2471E+02
  -0.923  0.2356E+01  0.2473E+02
  -0.913  0.2406E+01  0.2476E+02
  -0.903  0.2457E+01  0.2478E+02
  -0.893  0.2508E+01  0.2481E+02
  -0.883  0.2559E+01  0.2483E+02
  -0.873  0.2612E+01  0.2486E+02
  -0.863  0.2664E+01  0.2489E+02
  -0.853  0.2717E+01  0.2491E+02
  -0.843  0.2770E+01  0.2494E+02
  -0.833  0.2824E+01  0.2497E+02
  -0.823  0.2877E+01  0.2500E+02
  -0.813  0.2932E+01  0.2503E+02
  -0.803  0.2986E+01  0.2506E+02
  -0.793  0.3041E+01  0.2509E+02
  -0.783  0.3095E+01  0.2512E+02
  -0.773  0.3150E+01  0.2515E+02
  -0.763  0.3205E+01  0.2518E+02
  -0.753  0.3261E+01  0.2521E+02
  -0.743  0.3316E+01  0.2525E+02
  -0.733  0.3371E+01  0.2528E+02
  -0.723  0.3427E+01  0.2532E+02
  -0.713  0.3482E+01  0.2535E+02
  -0.703  0.3537E+01  0.2539E+02
  -0.693  0.3593E+01  0.2542E+02
  -0.683  0.3648E+01  0.2546E+02
  -0.673  0.3703E+01  0.2550E+02
  -0.663  0.3758E+01  0.2553E+02
  -0.653  0.3813E+01  0.2557E+02
  -0.643  0.3867E+01  0.2561E+02
  -0.633  0.3922E+01  0.2565E+02
  -0.623  0.3976E+01  0.2569E+02
  -0.613  0.4030E+01  0.2573E+02
  -0.603  0.4084E+01  0.2577E+02
  -0.593  0.4137E+01  0.2581E+02
  -0.583  0.4190E+01  0.2585E+02
  -0.573  0.4243E+01  0.2590E+02
  -0.563  0.4295E+01  0.2594E+02
  -0.553  0.4347E+01  0.2598E+02
  -0.543  0.4398E+01  0.2603E+02
  -0.533  0.4449E+01  0.2607E+02
  -0.523  0.4500E+01  0.2612E+02
  -0.513  0.4550E+01  0.2616E+02
  -0.503  0.4600E+01  0.2621E+02
  -0.493  0.4649E+01  0.2625E+02
  -0.483  0.4698E+01  0.2630E+02
  -0.473  0.4746E+01  0.2635E+02
  -0.463  0.4794E+01  0.2640E+02
  -0.453  0.4841E+01  0.2644E+02
  -0.443  0.4887E+01  0.2649E+02
  -0.433  0.4933E+01  0.2654E+02
  -0.423  0.4978E+01  0.2659E+02
  -0.413  0.5023E+01  0.2664E+02
  -0.403  0.5067E+01  0.2669E+02
  -0.393  0.5111E+01  0.2674E+02
  -0.383  0.5154E+01  0.2680E+02
  -0.373  0.5196E+01  0.2685E+02
  -0.363  0.5238E+01  0.2690E+02
  -0.353  0.5279E+01  0.2695E+02
  -0.343  0.5319E+01  0.2701E+02
  -0.333  0.5359E+01  0.2706E+02
  -0.323  0.5398E+01  0.2711E+02
  -0.313  0.5437E+01  0.2717E+02
  -0.303  0.5474E+01  0.2722E+02
  -0.293  0.5512E+01  0.2728E+02
  -0.283  0.5548E+01  0.2733E+02
  -0.273  0.5584E+01  0.2739E+02
  -0.263  0.5620E+01  0.2745E+02
  -0.253  0.5654E+01  0.2750E+02
  -0.243  0.5688E+01  0.2756E+02
  -0.233  0.5722E+01  0.2762E+02
  -0.223  0.5755E+01  0.2767E+02
  -0.213  0.5787E+01  0.2773E+02
  -0.203  0.5819E+01  0.2779E+02
  -0.193  0.5850E+01  0.2785E+02
  -0.183  0.5880E+01  0.2791E+02
  -0.173  0.5910E+01  0.2797E+02
  -0.163  0.5939E+01  0.2803E+02
  -0.153  0.5968E+01  0.2808E+02
  -0.143  0.5996E+01  0.2814E+02
  -0.133  0.6024E+01  0.2821E+02
  -0.123  0.6051E+01  0.2827E+02
  -0.113  0.6078E+01  0.2833E+02
  -0.103  0.6104E+01  0.2839E+02
  -0.093  0.6129E+01  0.2845E+02
  -0.083  0.6154E+01  0.2851E+02
  -0.073  0.6179E+01  0.2857E+02
  -0.063  0.6203E+01  0.2863E+02
  -0.053  0.6226E+01  0.2870E+02
  -0.043  0.6250E+01  0.2876E+02
  -0.033  0.6272E+01  0.2882E+02
  -0.023  0.6295E+01  0.2888E+02
  -0.013  0.6317E+01  0.2895E+02
  -0.003  0.6338E+01  0.2901E+02
   0.007  0.6359E+01  0.2907E+02
   0.017  0.6380E+01  0.2914E+02
   0.027  0.6400E+01  0.2920E+02
   0.037  0.6420E+01  0.2927E+02
   0.047  0.6439E+01  0.2933E+02
   0.057  0.6459E+01  0.2940E+02
   0.067  0.6477E+01  0.2946E+02
   0.077  0.6496E+01  0.2953E+02
   0.087  0.6514E+01  0.2959E+02
   0.097  0.6532E+01  0.2966E+02
   0.107  0.6550E+01  0.2972E+02
   0.117  0.6567E+01  0.2979E+02
   0.127  0.6584E+01  0.2985E+02
   0.137  0.6601E+01  0.2992E+02
   0.147  0.6617E+01  0.2999E+02
   0.157  0.6633E+01  0.3005E+02
   0.167  0.6649E+01  0.3012E+02
   0.177  0.6665E+01  0.3018E+02
   0.187  0.6681E+01  0.3025E+02
   0.197  0.6696E+01  0.3032E+02
   0.207  0.6711E+01  0.3039E+02
   0.217  0.6726E+01  0.3045E+02
   0.227  0.6740E+01  0.3052E+02
   0.237  0.6755E+01  0.3059E+02
   0.247  0.6769E+01  0.3066E+02
   0.257  0.6783E+01  0.3072E+02
   0.267  0.6797E+01  0.3079E+02
   0.277  0.6811E+01  0.3086E+02
   0.287  0.6824E+01  0.3093E+02
   0.297  0.6838E+01  0.3100E+02
   0.307  0.6851E+01  0.3106E+02
   0.317  0.6864E+01  0.3113E+02
   0.327  0.6877E+01  0.3120E+02
   0.337  0.6889E+01  0.3127E+02
   0.347  0.6902E+01  0.3134E+02
   0.357  0.6914E+01  0.3141E+02
   0.367  0.6927E+01  0.3148E+02
   0.377  0.6939E+01  0.3155E+02
   0.387  0.6951E+01  0.3162E+02
   0.397  0.6963E+01  0.3169E+02
   0.407  0.6975E+01  0.3176E+02
   0.417  0.6987E+01  0.3183E+02
   0.427  0.6998E+01  0.3190E+02
   0.437  0.7010E+01  0.3197E+02
   0.447  0.7021E+01  0.3204E+02
   0.457  0.7032E+01  0.3211E+02
   0.467  0.7043E+01  0.3218E+02
   0.477  0.7054E+01  0.3225E+02
   0.487  0.7065E+01  0.3232E+02
   0.497  0.7076E+01  0.3239E+02
   0.507  0.7087E+01  0.3246E+02
   0.517  0.7098E+01  0.3253E+02
   0.527  0.7108E+01  0.3260E+02
   0.537  0.7119E+01  0.3267E+02
   0.547  0.7129E+01  0.3274E+02
   0.557  0.7140E+01  0.3282E+02
   0.567  0.7150E+01  0.3289E+02
   0.577  0.7160E+01  0.3296E+02
   0.587  0.7171E+01  0.3303E+02
   0.597  0.7181E+01  0.3310E+02
   0.607  0.7191E+01  0.3317E+02
   0.617  0.7201E+01  0.3325E+02
   0.627  0.7211E+01  0.3332E+02
   0.637  0.7221E+01  0.3339E+02
   0.647  0.7230E+01  0.3346E+02
   0.657  0.7240E+01  0.3354E+02
   0.667  0.7250E+01  0.3361E+02
   0.677  0.7260E+01  0.3368E+02
   0.687  0.7269E+01  0.3375E+02
   0.697  0.7279E+01  0.3383E+02
   0.707  0.7288E+01  0.3390E+02
   0.717  0.7298E+01  0.3397E+02
   0.727  0.7307E+01  0.3405E+02
   0.737  0.7317E+01  0.3412E+02
   0.747  0.7326E+01  0.3419E+02
   0.757  0.7336E+01  0.3426E+02
   0.767  0.7345E+01  0.3434E+02
   0.777  0.7354E+01  0.3441E+02
   0.787  0.7364E+01  0.3449E+02
   0.797  0.7373E+01  0.3456E+02
   0.807  0.7382E+01  0.3463E+02
   0.817  0.7392E+01  0.3471E+02
   0.827  0.7401E+01  0.3478E+02
   0.837  0.7410E+01  0.3486E+02
   0.847  0.7419E+01  0.3493E+02
   0.857  0.7428E+01  0.3500E+02
   0.867  0.7437E+01  0.3508E+02
   0.877  0.7447E+01  0.3515E+02
   0.887  0.7456E+01  0.3523E+02
   0.897  0.7465E+01  0.3530E+02
   0.907  0.7474E+01  0.3538E+02
   0.917  0.7483E+01  0.3545E+02
   0.927  0.7492E+01  0.3553E+02
   0.937  0.7501E+01  0.3560E+02
   0.947  0.7509E+01  0.3568E+02
   0.957  0.7518E+01  0.3575E+02
   0.967  0.7527E+01  0.3583E+02
   0.977  0.7536E+01  0.3590E+02
   0.987  0.7544E+01  0.3598E+02
   0.997  0.7553E+01  0.3605E+02
   1.007  0.7561E+01  0.3613E+02
   1.017  0.7570E+01  0.3620E+02
   1.027  0.7578E+01  0.3628E+02
   1.037  0.7586E+01  0.3636E+02
   1.047  0.7595E+01  0.3643E+02
   1.057  0.7603E+01  0.3651E+02
   1.067  0.7610E+01  0.3658E+02
   1.077  0.7618E+01  0.3666E+02
   1.087  0.7626E+01  0.3674E+02
   1.097  0.7633E+01  0.3681E+02
   1.107  0.7641E+01  0.3689E+02
   1.117  0.7648E+01  0.3697E+02
   1.127  0.7655E+01  0.3704E+02
   1.137  0.7662E+01  0.3712E+02
   1.147  0.7669E+01  0.3720E+02
   1.157  0.7675E+01  0.3727E+02
   1.167  0.7681E+01  0.3735E+02
   1.177  0.7687E+01  0.3743E+02
   1.187  0.7693E+01  0.3750E+02
   1.197  0.7699E+01  0.3758E+02
   1.207  0.7704E+01  0.3766E+02
   1.217  0.7709E+01  0.3773E+02
   1.227  0.7714E+01  0.3781E+02
   1.237  0.7718E+01  0.3789E+02
   1.247  0.7722E+01  0.3797E+02
   1.257  0.7726E+01  0.3804E+02
   1.267  0.7730E+01  0.3812E+02
   1.277  0.7733E+01  0.3820E+02
   1.287  0.7736E+01  0.3827E+02
   1.297  0.7738E+01  0.3835E+02
   1.307  0.7740E+01  0.3843E+02
   1.317  0.7742E+01  0.3851E+02
   1.327  0.7743E+01  0.3858E+02
   1.337  0.7744E+01  0.3866E+02
   1.347  0.7744E+01  0.3874E+02
   1.357  0.7744E+01  0.3882E+02
   1.367  0.7744E+01  0.3889E+02
   1.377  0.7743E+01  0.3897E+02
   1.387  0.7741E+01  0.3905E+02
   1.397  0.7739E+01  0.3913E+02
   1.407  0.7737E+01  0.3920E+02
   1.417  0.7734E+01  0.3928E+02
   1.427  0.7730E+01  0.3936E+02
   1.437  0.7726E+01  0.3944E+02
   1.447  0.7722E+01  0.3951E+02
   1.457  0.7717E+01  0.3959E+02
   1.467  0.7711E+01  0.3967E+02
   1.477  0.7705E+01  0.3974E+02
   1.487  0.7698E+01  0.3982E+02
   1.497  0.7691E+01  0.3990E+02
   1.507  0.7683E+01  0.3997E+02
   1.517  0.7674E+01  0.4005E+02
   1.527  0.7665E+01  0.4013E+02
   1.537  0.7656E+01  0.4020E+02
   1.547  0.7645E+01  0.4028E+02
   1.557  0.7634E+01  0.4036E+02
   1.567  0.7623E+01  0.4043E+02
   1.577  0.7610E+01  0.4051E+02
   1.587  0.7598E+01  0.4059E+02
   1.597  0.7584E+01  0.4066E+02
   1.607  0.7570E+01  0.4074E+02
   1.617  0.7555E+01  0.4081E+02
   1.627  0.7540E+01  0.4089E+02
   1.637  0.7524E+01  0.4096E+02
   1.647  0.7507E+01  0.4104E+02
   1.657  0.7490E+01  0.4111E+02
   1.667  0.7472E+01  0.4119E+02
   1.677  0.7454E+01  0.4126E+02
   1.687  0.7435E+01  0.4134E+02
   1.697  0.7415E+01  0.4141E+02
   1.707  0.7394E+01  0.4149E+02
   1.717  0.7373E+01  0.4156E+02
   1.727  0.7352E+01  0.4163E+02
   1.737  0.7329E+01  0.4171E+02
   1.747  0.7306E+01  0.4178E+02
   1.757  0.7283E+01  0.4185E+02
   1.767  0.7259E+01  0.4192E+02
   1.777  0.7234E+01  0.4200E+02
   1.787  0.7209E+01  0.4207E+02
   1.797  0.7183E+01  0.4214E+02
   1.807  0.7156E+01  0.4221E+02
   1.817  0.7129E+01  0.4228E+02
   1.827  0.7101E+01  0.4235E+02
   1.837  0.7073E+01  0.4243E+02
   1.847  0.7044E+01  0.4250E+02
   1.857  0.7014E+01  0.4257E+02
   1.867  0.6984E+01  0.4264E+02
   1.877  0.6954E+01  0.4271E+02
   1.887  0.6923E+01  0.4277E+02
   1.897  0.6891E+01  0.4284E+02
   1.907  0.6859E+01  0.4291E+02
   1.917  0.6826E+01  0.4298E+02
   1.927  0.6792E+01  0.4305E+02
   1.937  0.6759E+01  0.4312E+02
   1.947  0.6724E+01  0.4318E+02
   1.957  0.6689E+01  0.4325E+02
   1.967  0.6654E+01  0.4332E+02
   1.977  0.6618E+01  0.4338E+02
   1.987  0.6581E+01  0.4345E+02
   1.997  0.6544E+01  0.4351E+02
   2.007  0.6507E+01  0.4358E+02
   2.017  0.6469E+01  0.4364E+02
   2.027  0.6431E+01  0.4371E+02
   2.037  0.6392E+01  0.4377E+02
   2.047  0.6352E+01  0.4384E+02
   2.057  0.6312E+01  0.4390E+02
   2.067  0.6272E+01  0.4396E+02
   2.077  0.6231E+01  0.4402E+02
   2.087  0.6190E+01  0.4409E+02
   2.097  0.6148E+01  0.4415E+02
   2.107  0.6106E+01  0.4421E+02
   2.117  0.6063E+01  0.4427E+02
   2.127  0.6020E+01  0.4433E+02
   2.137  0.5977E+01  0.4439E+02
   2.147  0.5933E+01  0.4445E+02
   2.157  0.5888E+01  0.4451E+02
   2.167  0.5843E+01  0.4457E+02
   2.177  0.5798E+01  0.4462E+02
   2.187  0.5753E+01  0.4468E+02
   2.197  0.5706E+01  0.4474E+02
   2.207  0.5660E+01  0.4479E+02
   2.217  0.5613E+01  0.4485E+02
   2.227  0.5566E+01  0.4491E+02
   2.237  0.5518E+01  0.4496E+02
   2.247  0.5470E+01  0.4502E+02
   2.257  0.5421E+01  0.4507E+02
   2.267  0.5372E+01  0.4512E+02
   2.277  0.5323E+01  0.4518E+02
   2.287  0.5273E+01  0.4523E+02
   2.297  0.5223E+01  0.4528E+02
   2.307  0.5172E+01  0.4533E+02
   2.317  0.5122E+01  0.4539E+02
   2.327  0.5070E+01  0.4544E+02
   2.337  0.5019E+01  0.4549E+02
   2.347  0.4967E+01  0.4554E+02
   2.357  0.4915E+01  0.4558E+02
   2.367  0.4862E+01  0.4563E+02
   2.377  0.4809E+01  0.4568E+02
   2.387  0.4756E+01  0.4573E+02
   2.397  0.4703E+01  0.4578E+02
   2.407  0.4649E+01  0.4582E+02
   2.417  0.4595E+01  0.4587E+02
   2.427  0.4541E+01  0.4591E+02
   2.437  0.4486E+01  0.4596E+02
   2.447  0.4431E+01  0.4600E+02
   2.457  0.4376E+01  0.4605E+02
   2.467  0.4321E+01  0.4609E+02
   2.477  0.4265E+01  0.4613E+02
   2.487  0.4210E+01  0.4617E+02
   2.497  0.4154E+01  0.4622E+02
   2.507  0.4098E+01  0.4626E+02
   2.517  0.4042E+01  0.4630E+02
   2.527  0.3985E+01  0.4634E+02
   2.537  0.3929E+01  0.4638E+02
   2.547  0.3872E+01  0.4642E+02
   2.557  0.3816E+01  0.4645E+02
   2.567  0.3759E+01  0.4649E+02
   2.577  0.3702E+01  0.4653E+02
   2.587  0.3646E+01  0.4656E+02
   2.597  0.3589E+01  0.4660E+02
   2.607  0.3532E+01  0.4664E+02
   2.617  0.3475E+01  0.4667E+02
   2.627  0.3418E+01  0.4671E+02
   2.637  0.3362E+01  0.4674E+02
   2.647  0.3305E+01  0.4677E+02
   2.657  0.3248E+01  0.4680E+02
   2.667  0.3192E+01  0.4684E+02
   2.677  0.3136E+01  0.4687E+02
   2.687  0.3080E+01  0.4690E+02
   2.697  0.3024E+01  0.4693E+02
   2.707  0.2968E+01  0.4696E+02
   2.717  0.2912E+01  0.4699E+02
   2.727  0.2857E+01  0.4702E+02
   2.737  0.2802E+01  0.4704E+02
   2.747  0.2747E+01  0.4707E+02
   2.757  0.2692E+01  0.4710E+02
   2.767  0.2638E+01  0.4712E+02
   2.777  0.2584E+01  0.4715E+02
   2.787  0.2530E+01  0.4718E+02
   2.797  0.2477E+01  0.4720E+02
   2.807  0.2424E+01  0.4722E+02
   2.817  0.2372E+01  0.4725E+02
   2.827  0.2320E+01  0.4727E+02
   2.837  0.2268E+01  0.4729E+02
   2.847  0.2217E+01  0.4732E+02
   2.857  0.2167E+01  0.4734E+02
   2.867  0.2116E+01  0.4736E+02
   2.877  0.2067E+01  0.4738E+02
   2.887  0.2018E+01  0.4740E+02
   2.897  0.1969E+01  0.4742E+02
   2.907  0.1921E+01  0.4744E+02
   2.917  0.1873E+01  0.4746E+02
   2.927  0.1826E+01  0.4748E+02
   2.937  0.1780E+01  0.4749E+02
   2.947  0.1734E+01  0.4751E+02
   2.957  0.1689E+01  0.4753E+02
   2.967  0.1645E+01  0.4754E+02
   2.977  0.1601E+01  0.4756E+02
   2.987  0.1558E+01  0.4758E+02
   2.997  0.1515E+01  0.4759E+02
   3.007  0.1473E+01  0.4761E+02
   3.017  0.1432E+01  0.4762E+02
   3.027  0.1391E+01  0.4763E+02
   3.037  0.1351E+01  0.4765E+02
   3.047  0.1312E+01  0.4766E+02
   3.057  0.1273E+01  0.4767E+02
   3.067  0.1236E+01  0.4769E+02
   3.077  0.1198E+01  0.4770E+02
   3.087  0.1162E+01  0.4771E+02
   3.097  0.1126E+01  0.4772E+02
   3.107  0.1091E+01  0.4773E+02
   3.117  0.1057E+01  0.4774E+02
   3.127  0.1023E+01  0.4775E+02
   3.137  0.9904E+00  0.4776E+02
   3.147  0.9583E+00  0.4777E+02
   3.157  0.9268E+00  0.4778E+02
   3.167  0.8960E+00  0.4779E+02
   3.177  0.8660E+00  0.4780E+02
   3.187  0.8366E+00  0.4781E+02
   3.197  0.8079E+00  0.4782E+02
   3.207  0.7799E+00  0.4782E+02
   3.217  0.7527E+00  0.4783E+02
   3.227  0.7261E+00  0.4784E+02
   3.237  0.7001E+00  0.4785E+02
   3.247  0.6749E+00  0.4785E+02
   3.257  0.6503E+00  0.4786E+02
   3.267  0.6264E+00  0.4786E+02
   3.277  0.6031E+00  0.4787E+02
   3.287  0.5805E+00  0.4788E+02
   3.297  0.5585E+00  0.4788E+02
   3.307  0.5372E+00  0.4789E+02
   3.317  0.5164E+00  0.4789E+02
   3.327  0.4963E+00  0.4790E+02
   3.337  0.4768E+00  0.4790E+02
   3.347  0.4579E+00  0.4791E+02
   3.357  0.4395E+00  0.4791E+02
   3.367  0.4217E+00  0.4792E+02
   3.377  0.4045E+00  0.4792E+02
   3.387  0.3879E+00  0.4792E+02
   3.397  0.3718E+00  0.4793E+02
   3.407  0.3562E+00  0.4793E+02
   3.417  0.3411E+00  0.4793E+02
   3.427  0.3266E+00  0.4794E+02
   3.437  0.3125E+00  0.4794E+02
   3.447  0.2989E+00  0.4794E+02
   3.457  0.2859E+00  0.4795E+02
   3.467  0.2732E+00  0.4795E+02
   3.477  0.2611E+00  0.4795E+02
   3.487  0.2493E+00  0.4795E+02
   3.497  0.2381E+00  0.4796E+02
   3.507  0.2272E+00  0.4796E+02
   3.517  0.2167E+00  0.4796E+02
   3.527  0.2067E+00  0.4796E+02
   3.537  0.1970E+00  0.4796E+02
   3.547  0.1877E+00  0.4797E+02
   3.557  0.1788E+00  0.4797E+02
   3.567  0.1702E+00  0.4797E+02
   3.577  0.1620E+00  0.4797E+02
   3.587  0.1541E+00  0.4797E+02
   3.597  0.1466E+00  0.4797E+02
   3.607  0.1393E+00  0.4798E+02
   3.617  0.1324E+00  0.4798E+02
   3.627  0.1258E+00  0.4798E+02
   3.637  0.1194E+00  0.4798E+02
   3.647  0.1133E+00  0.4798E+02
   3.657  0.1075E+00  0.4798E+02
   3.667  0.1019E+00  0.4798E+02
   3.677  0.9664E-01  0.4798E+02
   3.687  0.9157E-01  0.4799E+02
   3.697  0.8673E-01  0.4799E+02
   3.707  0.8212E-01  0.4799E+02
   3.717  0.7772E-01  0.4799E+02
   3.727  0.7352E-01  0.4799E+02
   3.737  0.6953E-01  0.4799E+02
   3.747  0.6572E-01  0.4799E+02
   3.757  0.6210E-01  0.4799E+02
   3.767  0.5865E-01  0.4799E+02
   3.777  0.5538E-01  0.4799E+02
   3.787  0.5226E-01  0.4799E+02
   3.797  0.4930E-01  0.4799E+02
   3.807  0.4649E-01  0.4799E+02
   3.817  0.4382E-01  0.4799E+02
   3.827  0.4129E-01  0.4799E+02
   3.837  0.3889E-01  0.4799E+02
   3.847  0.3661E-01  0.4799E+02
   3.857  0.3445E-01  0.4799E+02
   3.867  0.3241E-01  0.4800E+02
   3.877  0.3048E-01  0.4800E+02
   3.887  0.2865E-01  0.4800E+02
   3.897  0.2691E-01  0.4800E+02
   3.907  0.2528E-01  0.4800E+02
   3.917  0.2373E-01  0.4800E+02
   3.927  0.2227E-01  0.4800E+02
   3.937  0.2089E-01  0.4800E+02
   3.947  0.1958E-01  0.4800E+02
   3.957  0.1836E-01  0.4800E+02
   3.967  0.1720E-01  0.4800E+02
   3.977  0.1610E-01  0.4800E+02
   3.987  0.1508E-01  0.4800E+02
   3.997  0.1411E-01  0.4800E+02
   4.007  0.1319E-01  0.4800E+02
   4.017  0.1234E-01  0.4800E+02
   4.027  0.1153E-01  0.4800E+02
   4.037  0.1077E-01  0.4800E+02
   4.047  0.1006E-01  0.4800E+02
   4.057  0.9388E-02  0.4800E+02
   4.067  0.8760E-02  0.4800E+02
   4.077  0.8170E-02  0.4800E+02
   4.087  0.7616E-02  0.4800E+02
   4.097  0.7098E-02  0.4800E+02
   4.107  0.6612E-02  0.4800E+02
   4.117  0.6156E-02  0.4800E+02
   4.127  0.5730E-02  0.4800E+02
   4.137  0.5331E-02  0.4800E+02
   4.147  0.4958E-02  0.4800E+02
   4.157  0.4609E-02  0.4800E+02
   4.167  0.4282E-02  0.4800E+02
   4.177  0.3978E-02  0.4800E+02
   4.187  0.3693E-02  0.4800E+02
   4.197  0.3427E-02  0.4800E+02
   4.207  0.3180E-02  0.4800E+02
   4.217  0.2948E-02  0.4800E+02
   4.227  0.2733E-02  0.4800E+02
   4.237  0.2532E-02  0.4800E+02
   4.247  0.2345E-02  0.4800E+02
   4.257  0.2171E-02  0.4800E+02
   4.267  0.2009E-02  0.4800E+02
   4.277  0.1858E-02  0.4800E+02
   4.287  0.1718E-02  0.4800E+02
   4.297  0.1588E-02  0.4800E+02
   4.307  0.1467E-02  0.4800E+02
