#  E (eV)   dos(E)     Int dos(E) EFermi =   2.556 eV
 -17.792  0.9220E-05  0.9220E-07
 -17.782  0.1109E-04  0.2031E-06
 -17.772  0.1331E-04  0.3361E-06
 -17.762  0.1595E-04  0.4956E-06
 -17.752  0.1909E-04  0.6865E-06
 -17.742  0.2281E-04  0.9146E-06
 -17.732  0.2722E-04  0.1187E-05
 -17.722  0.3242E-04  0.1511E-05
 -17.712  0.3857E-04  0.1897E-05
 -17.702  0.4581E-04  0.2355E-05
 -17.692  0.5433E-04  0.2898E-05
 -17.682  0.6433E-04  0.3541E-05
 -17.672  0.7607E-04  0.4302E-05
 -17.662  0.8980E-04  0.5200E-05
 -17.652  0.1059E-03  0.6259E-05
 -17.642  0.1246E-03  0.7505E-05
 -17.632  0.1465E-03  0.8970E-05
 -17.622  0.1719E-03  0.1069E-04
 -17.612  0.2014E-03  0.1270E-04
 -17.602  0.2357E-03  0.1506E-04
 -17.592  0.2754E-03  0.1781E-04
 -17.582  0.3213E-03  0.2103E-04
 -17.572  0.3743E-03  0.2477E-04
 -17.562  0.4355E-03  0.2913E-04
 -17.552  0.5058E-03  0.3418E-04
 -17.542  0.5867E-03  0.4005E-04
 -17.532  0.6795E-03  0.4685E-04
 -17.522  0.7859E-03  0.5471E-04
 -17.512  0.9077E-03  0.6378E-04
 -17.502  0.1047E-02  0.7425E-04
 -17.492  0.1205E-02  0.8630E-04
 -17.482  0.1386E-02  0.1002E-03
 -17.472  0.1592E-02  0.1161E-03
 -17.462  0.1825E-02  0.1343E-03
 -17.452  0.2089E-02  0.1552E-03
 -17.442  0.2389E-02  0.1791E-03
 -17.432  0.2728E-02  0.2064E-03
 -17.422  0.3110E-02  0.2375E-03
 -17.412  0.3541E-02  0.2729E-03
 -17.402  0.4025E-02  0.3132E-03
 -17.392  0.4570E-02  0.3589E-03
 -17.382  0.5181E-02  0.4107E-03
 -17.372  0.5866E-02  0.4693E-03
 -17.362  0.6632E-02  0.5357E-03
 -17.352  0.7488E-02  0.6105E-03
 -17.342  0.8442E-02  0.6949E-03
 -17.332  0.9504E-02  0.7900E-03
 -17.322  0.1069E-01  0.8968E-03
 -17.312  0.1200E-01  0.1017E-02
 -17.302  0.1345E-01  0.1151E-02
 -17.292  0.1506E-01  0.1302E-02
 -17.282  0.1684E-01  0.1470E-02
 -17.272  0.1881E-01  0.1658E-02
 -17.262  0.2097E-01  0.1868E-02
 -17.252  0.2335E-01  0.2102E-02
 -17.242  0.2597E-01  0.2361E-02
 -17.232  0.2885E-01  0.2650E-02
 -17.222  0.3199E-01  0.2970E-02
 -17.212  0.3544E-01  0.3324E-02
 -17.202  0.3920E-01  0.3716E-02
 -17.192  0.4330E-01  0.4149E-02
 -17.182  0.4777E-01  0.4627E-02
 -17.172  0.5263E-01  0.5153E-02
 -17.162  0.5791E-01  0.5732E-02
 -17.152  0.6363E-01  0.6368E-02
 -17.142  0.6983E-01  0.7067E-02
 -17.132  0.7653E-01  0.7832E-02
 -17.122  0.8377E-01  0.8670E-02
 -17.112  0.9157E-01  0.9585E-02
 -17.102  0.9997E-01  0.1059E-01
 -17.092  0.1090E+00  0.1168E-01
 -17.082  0.1187E+00  0.1286E-01
 -17.072  0.1291E+00  0.1415E-01
 -17.062  0.1402E+00  0.1555E-01
 -17.052  0.1521E+00  0.1708E-01
 -17.042  0.1648E+00  0.1872E-01
 -17.032  0.1783E+00  0.2051E-01
 -17.022  0.1927E+00  0.2243E-01
 -17.012  0.2080E+00  0.2451E-01
 -17.002  0.2243E+00  0.2676E-01
 -16.992  0.2415E+00  0.2917E-01
 -16.982  0.2598E+00  0.3177E-01
 -16.972  0.2791E+00  0.3456E-01
 -16.962  0.2994E+00  0.3756E-01
 -16.952  0.3209E+00  0.4076E-01
 -16.942  0.3435E+00  0.4420E-01
 -16.932  0.3672E+00  0.4787E-01
 -16.922  0.3922E+00  0.5179E-01
 -16.912  0.4184E+00  0.5598E-01
 -16.902  0.4458E+00  0.6044E-01
 -16.892  0.4745E+00  0.6518E-01
 -16.882  0.5044E+00  0.7022E-01
 -16.872  0.5357E+00  0.7558E-01
 -16.862  0.5683E+00  0.8126E-01
 -16.852  0.6021E+00  0.8728E-01
 -16.842  0.6374E+00  0.9366E-01
 -16.832  0.6739E+00  0.1004E+00
 -16.822  0.7119E+00  0.1075E+00
 -16.812  0.7511E+00  0.1150E+00
 -16.802  0.7917E+00  0.1229E+00
 -16.792  0.8337E+00  0.1313E+00
 -16.782  0.8770E+00  0.1401E+00
 -16.772  0.9215E+00  0.1493E+00
 -16.762  0.9674E+00  0.1589E+00
 -16.752  0.1015E+01  0.1691E+00
 -16.742  0.1063E+01  0.1797E+00
 -16.732  0.1113E+01  0.1908E+00
 -16.722  0.1163E+01  0.2025E+00
 -16.712  0.1215E+01  0.2146E+00
 -16.702  0.1269E+01  0.2273E+00
 -16.692  0.1323E+01  0.2405E+00
 -16.682  0.1378E+01  0.2543E+00
 -16.672  0.1434E+01  0.2687E+00
 -16.662  0.1491E+01  0.2836E+00
 -16.652  0.1549E+01  0.2991E+00
 -16.642  0.1608E+01  0.3151E+00
 -16.632  0.1667E+01  0.3318E+00
 -16.622  0.1727E+01  0.3491E+00
 -16.612  0.1788E+01  0.3670E+00
 -16.602  0.1849E+01  0.3854E+00
 -16.592  0.1910E+01  0.4045E+00
 -16.582  0.1971E+01  0.4243E+00
 -16.572  0.2033E+01  0.4446E+00
 -16.562  0.2095E+01  0.4655E+00
 -16.552  0.2157E+01  0.4871E+00
 -16.542  0.2218E+01  0.5093E+00
 -16.532  0.2279E+01  0.5321E+00
 -16.522  0.2340E+01  0.5555E+00
 -16.512  0.2401E+01  0.5795E+00
 -16.502  0.2460E+01  0.6041E+00
 -16.492  0.2519E+01  0.6293E+00
 -16.482  0.2577E+01  0.6551E+00
 -16.472  0.2634E+01  0.6814E+00
 -16.462  0.2690E+01  0.7083E+00
 -16.452  0.2745E+01  0.7357E+00
 -16.442  0.2798E+01  0.7637E+00
 -16.432  0.2850E+01  0.7922E+00
 -16.422  0.2900E+01  0.8212E+00
 -16.412  0.2948E+01  0.8507E+00
 -16.402  0.2995E+01  0.8807E+00
 -16.392  0.3040E+01  0.9111E+00
 -16.382  0.3083E+01  0.9419E+00
 -16.372  0.3124E+01  0.9731E+00
 -16.362  0.3162E+01  0.1005E+01
 -16.352  0.3199E+01  0.1037E+01
 -16.342  0.3233E+01  0.1069E+01
 -16.332  0.3265E+01  0.1102E+01
 -16.322  0.3295E+01  0.1135E+01
 -16.312  0.3323E+01  0.1168E+01
 -16.302  0.3348E+01  0.1201E+01
 -16.292  0.3371E+01  0.1235E+01
 -16.282  0.3392E+01  0.1269E+01
 -16.272  0.3411E+01  0.1303E+01
 -16.262  0.3428E+01  0.1337E+01
 -16.252  0.3442E+01  0.1372E+01
 -16.242  0.3455E+01  0.1406E+01
 -16.232  0.3466E+01  0.1441E+01
 -16.222  0.3475E+01  0.1476E+01
 -16.212  0.3482E+01  0.1511E+01
 -16.202  0.3487E+01  0.1545E+01
 -16.192  0.3492E+01  0.1580E+01
 -16.182  0.3495E+01  0.1615E+01
 -16.172  0.3496E+01  0.1650E+01
 -16.162  0.3497E+01  0.1685E+01
 -16.152  0.3496E+01  0.1720E+01
 -16.142  0.3495E+01  0.1755E+01
 -16.132  0.3493E+01  0.1790E+01
 -16.122  0.3491E+01  0.1825E+01
 -16.112  0.3488E+01  0.1860E+01
 -16.102  0.3485E+01  0.1895E+01
 -16.092  0.3482E+01  0.1930E+01
 -16.082  0.3478E+01  0.1964E+01
 -16.072  0.3475E+01  0.1999E+01
 -16.062  0.3471E+01  0.2034E+01
 -16.052  0.3468E+01  0.2069E+01
 -16.042  0.3465E+01  0.2103E+01
 -16.032  0.3462E+01  0.2138E+01
 -16.022  0.3459E+01  0.2172E+01
 -16.012  0.3457E+01  0.2207E+01
 -16.002  0.3455E+01  0.2241E+01
 -15.992  0.3453E+01  0.2276E+01
 -15.982  0.3451E+01  0.2311E+01
 -15.972  0.3450E+01  0.2345E+01
 -15.962  0.3449E+01  0.2380E+01
 -15.952  0.3447E+01  0.2414E+01
 -15.942  0.3446E+01  0.2448E+01
 -15.932  0.3445E+01  0.2483E+01
 -15.922  0.3444E+01  0.2517E+01
 -15.912  0.3442E+01  0.2552E+01
 -15.902  0.3440E+01  0.2586E+01
 -15.892  0.3438E+01  0.2621E+01
 -15.882  0.3435E+01  0.2655E+01
 -15.872  0.3431E+01  0.2689E+01
 -15.862  0.3427E+01  0.2723E+01
 -15.852  0.3423E+01  0.2758E+01
 -15.842  0.3417E+01  0.2792E+01
 -15.832  0.3410E+01  0.2826E+01
 -15.822  0.3403E+01  0.2860E+01
 -15.812  0.3394E+01  0.2894E+01
 -15.802  0.3385E+01  0.2928E+01
 -15.792  0.3374E+01  0.2962E+01
 -15.782  0.3363E+01  0.2995E+01
 -15.772  0.3350E+01  0.3029E+01
 -15.762  0.3337E+01  0.3062E+01
 -15.752  0.3322E+01  0.3095E+01
 -15.742  0.3307E+01  0.3128E+01
 -15.732  0.3291E+01  0.3161E+01
 -15.722  0.3274E+01  0.3194E+01
 -15.712  0.3256E+01  0.3227E+01
 -15.702  0.3238E+01  0.3259E+01
 -15.692  0.3219E+01  0.3291E+01
 -15.682  0.3200E+01  0.3323E+01
 -15.672  0.3181E+01  0.3355E+01
 -15.662  0.3162E+01  0.3387E+01
 -15.652  0.3143E+01  0.3418E+01
 -15.642  0.3125E+01  0.3449E+01
 -15.632  0.3106E+01  0.3480E+01
 -15.622  0.3089E+01  0.3511E+01
 -15.612  0.3072E+01  0.3542E+01
 -15.602  0.3056E+01  0.3572E+01
 -15.592  0.3041E+01  0.3603E+01
 -15.582  0.3027E+01  0.3633E+01
 -15.572  0.3015E+01  0.3663E+01
 -15.562  0.3004E+01  0.3693E+01
 -15.552  0.2994E+01  0.3723E+01
 -15.542  0.2986E+01  0.3753E+01
 -15.532  0.2980E+01  0.3783E+01
 -15.522  0.2975E+01  0.3813E+01
 -15.512  0.2972E+01  0.3842E+01
 -15.502  0.2971E+01  0.3872E+01
 -15.492  0.2972E+01  0.3902E+01
 -15.482  0.2975E+01  0.3932E+01
 -15.472  0.2980E+01  0.3961E+01
 -15.462  0.2986E+01  0.3991E+01
 -15.452  0.2994E+01  0.4021E+01
 -15.442  0.3004E+01  0.4051E+01
 -15.432  0.3016E+01  0.4081E+01
 -15.422  0.3029E+01  0.4112E+01
 -15.412  0.3044E+01  0.4142E+01
 -15.402  0.3060E+01  0.4173E+01
 -15.392  0.3077E+01  0.4203E+01
 -15.382  0.3096E+01  0.4234E+01
 -15.372  0.3115E+01  0.4266E+01
 -15.362  0.3136E+01  0.4297E+01
 -15.352  0.3158E+01  0.4329E+01
 -15.342  0.3180E+01  0.4360E+01
 -15.332  0.3204E+01  0.4392E+01
 -15.322  0.3228E+01  0.4425E+01
 -15.312  0.3253E+01  0.4457E+01
 -15.302  0.3278E+01  0.4490E+01
 -15.292  0.3305E+01  0.4523E+01
 -15.282  0.3331E+01  0.4556E+01
 -15.272  0.3359E+01  0.4590E+01
 -15.262  0.3387E+01  0.4624E+01
 -15.252  0.3416E+01  0.4658E+01
 -15.242  0.3445E+01  0.4692E+01
 -15.232  0.3476E+01  0.4727E+01
 -15.222  0.3508E+01  0.4762E+01
 -15.212  0.3541E+01  0.4798E+01
 -15.202  0.3575E+01  0.4833E+01
 -15.192  0.3610E+01  0.4869E+01
 -15.182  0.3648E+01  0.4906E+01
 -15.172  0.3687E+01  0.4943E+01
 -15.162  0.3729E+01  0.4980E+01
 -15.152  0.3773E+01  0.5018E+01
 -15.142  0.3820E+01  0.5056E+01
 -15.132  0.3870E+01  0.5095E+01
 -15.122  0.3923E+01  0.5134E+01
 -15.112  0.3980E+01  0.5174E+01
 -15.102  0.4041E+01  0.5214E+01
 -15.092  0.4106E+01  0.5255E+01
 -15.082  0.4176E+01  0.5297E+01
 -15.072  0.4250E+01  0.5340E+01
 -15.062  0.4330E+01  0.5383E+01
 -15.052  0.4415E+01  0.5427E+01
 -15.042  0.4505E+01  0.5472E+01
 -15.032  0.4601E+01  0.5518E+01
 -15.022  0.4704E+01  0.5565E+01
 -15.012  0.4812E+01  0.5613E+01
 -15.002  0.4926E+01  0.5662E+01
 -14.992  0.5047E+01  0.5713E+01
 -14.982  0.5174E+01  0.5765E+01
 -14.972  0.5308E+01  0.5818E+01
 -14.962  0.5448E+01  0.5872E+01
 -14.952  0.5594E+01  0.5928E+01
 -14.942  0.5746E+01  0.5986E+01
 -14.932  0.5903E+01  0.6045E+01
 -14.922  0.6067E+01  0.6105E+01
 -14.912  0.6235E+01  0.6168E+01
 -14.902  0.6409E+01  0.6232E+01
 -14.892  0.6586E+01  0.6298E+01
 -14.882  0.6768E+01  0.6365E+01
 -14.872  0.6953E+01  0.6435E+01
 -14.862  0.7141E+01  0.6506E+01
 -14.852  0.7331E+01  0.6580E+01
 -14.842  0.7522E+01  0.6655E+01
 -14.832  0.7714E+01  0.6732E+01
 -14.822  0.7906E+01  0.6811E+01
 -14.812  0.8097E+01  0.6892E+01
 -14.802  0.8286E+01  0.6975E+01
 -14.792  0.8473E+01  0.7060E+01
 -14.782  0.8656E+01  0.7146E+01
 -14.772  0.8835E+01  0.7234E+01
 -14.762  0.9008E+01  0.7325E+01
 -14.752  0.9175E+01  0.7416E+01
 -14.742  0.9335E+01  0.7510E+01
 -14.732  0.9487E+01  0.7604E+01
 -14.722  0.9631E+01  0.7701E+01
 -14.712  0.9764E+01  0.7798E+01
 -14.702  0.9887E+01  0.7897E+01
 -14.692  0.9999E+01  0.7997E+01
 -14.682  0.1010E+02  0.8098E+01
 -14.672  0.1019E+02  0.8200E+01
 -14.662  0.1026E+02  0.8303E+01
 -14.652  0.1032E+02  0.8406E+01
 -14.642  0.1037E+02  0.8510E+01
 -14.632  0.1040E+02  0.8614E+01
 -14.622  0.1041E+02  0.8718E+01
 -14.612  0.1041E+02  0.8822E+01
 -14.602  0.1040E+02  0.8926E+01
 -14.592  0.1037E+02  0.9029E+01
 -14.582  0.1032E+02  0.9133E+01
 -14.572  0.1026E+02  0.9235E+01
 -14.562  0.1018E+02  0.9337E+01
 -14.552  0.1009E+02  0.9438E+01
 -14.542  0.9987E+01  0.9538E+01
 -14.532  0.9866E+01  0.9637E+01
 -14.522  0.9731E+01  0.9734E+01
 -14.512  0.9583E+01  0.9830E+01
 -14.502  0.9423E+01  0.9924E+01
 -14.492  0.9250E+01  0.1002E+02
 -14.482  0.9066E+01  0.1011E+02
 -14.472  0.8871E+01  0.1020E+02
 -14.462  0.8666E+01  0.1028E+02
 -14.452  0.8452E+01  0.1037E+02
 -14.442  0.8231E+01  0.1045E+02
 -14.432  0.8002E+01  0.1053E+02
 -14.422  0.7766E+01  0.1061E+02
 -14.412  0.7525E+01  0.1068E+02
 -14.402  0.7280E+01  0.1076E+02
 -14.392  0.7031E+01  0.1083E+02
 -14.382  0.6780E+01  0.1089E+02
 -14.372  0.6526E+01  0.1096E+02
 -14.362  0.6272E+01  0.1102E+02
 -14.352  0.6018E+01  0.1108E+02
 -14.342  0.5764E+01  0.1114E+02
 -14.332  0.5512E+01  0.1119E+02
 -14.322  0.5262E+01  0.1125E+02
 -14.312  0.5015E+01  0.1130E+02
 -14.302  0.4772E+01  0.1134E+02
 -14.292  0.4533E+01  0.1139E+02
 -14.282  0.4299E+01  0.1143E+02
 -14.272  0.4070E+01  0.1147E+02
 -14.262  0.3847E+01  0.1151E+02
 -14.252  0.3630E+01  0.1155E+02
 -14.242  0.3419E+01  0.1158E+02
 -14.232  0.3216E+01  0.1161E+02
 -14.222  0.3019E+01  0.1164E+02
 -14.212  0.2830E+01  0.1167E+02
 -14.202  0.2648E+01  0.1170E+02
 -14.192  0.2473E+01  0.1172E+02
 -14.182  0.2307E+01  0.1175E+02
 -14.172  0.2147E+01  0.1177E+02
 -14.162  0.1996E+01  0.1179E+02
 -14.152  0.1852E+01  0.1181E+02
 -14.142  0.1715E+01  0.1182E+02
 -14.132  0.1586E+01  0.1184E+02
 -14.122  0.1465E+01  0.1186E+02
 -14.112  0.1350E+01  0.1187E+02
 -14.102  0.1242E+01  0.1188E+02
 -14.092  0.1141E+01  0.1189E+02
 -14.082  0.1046E+01  0.1190E+02
 -14.072  0.9576E+00  0.1191E+02
 -14.062  0.8751E+00  0.1192E+02
 -14.052  0.7984E+00  0.1193E+02
 -14.042  0.7272E+00  0.1194E+02
 -14.032  0.6612E+00  0.1194E+02
 -14.022  0.6002E+00  0.1195E+02
 -14.012  0.5439E+00  0.1195E+02
 -14.002  0.4921E+00  0.1196E+02
 -13.992  0.4444E+00  0.1196E+02
 -13.982  0.4007E+00  0.1197E+02
 -13.972  0.3606E+00  0.1197E+02
 -13.962  0.3241E+00  0.1197E+02
 -13.952  0.2907E+00  0.1198E+02
 -13.942  0.2603E+00  0.1198E+02
 -13.932  0.2327E+00  0.1198E+02
 -13.922  0.2077E+00  0.1198E+02
 -13.912  0.1851E+00  0.1199E+02
 -13.902  0.1646E+00  0.1199E+02
 -13.892  0.1462E+00  0.1199E+02
 -13.882  0.1296E+00  0.1199E+02
 -13.872  0.1147E+00  0.1199E+02
 -13.862  0.1013E+00  0.1199E+02
 -13.852  0.8936E-01  0.1199E+02
 -13.842  0.7868E-01  0.1199E+02
 -13.832  0.6916E-01  0.1200E+02
 -13.822  0.6069E-01  0.1200E+02
 -13.812  0.5316E-01  0.1200E+02
 -13.802  0.4649E-01  0.1200E+02
 -13.792  0.4059E-01  0.1200E+02
 -13.782  0.3538E-01  0.1200E+02
 -13.772  0.3078E-01  0.1200E+02
 -13.762  0.2674E-01  0.1200E+02
 -13.752  0.2318E-01  0.1200E+02
 -13.742  0.2007E-01  0.1200E+02
 -13.732  0.1734E-01  0.1200E+02
 -13.722  0.1496E-01  0.1200E+02
 -13.712  0.1289E-01  0.1200E+02
 -13.702  0.1108E-01  0.1200E+02
 -13.692  0.9511E-02  0.1200E+02
 -13.682  0.8150E-02  0.1200E+02
 -13.672  0.6972E-02  0.1200E+02
 -13.662  0.5954E-02  0.1200E+02
 -13.652  0.5076E-02  0.1200E+02
 -13.642  0.4320E-02  0.1200E+02
 -13.632  0.3671E-02  0.1200E+02
 -13.622  0.3114E-02  0.1200E+02
 -13.612  0.2636E-02  0.1200E+02
 -13.602  0.2229E-02  0.1200E+02
 -13.592  0.1881E-02  0.1200E+02
 -13.582  0.1584E-02  0.1200E+02
 -13.572  0.1333E-02  0.1200E+02
 -13.562  0.1119E-02  0.1200E+02
 -13.552  0.9378E-03  0.1200E+02
 -13.542  0.7847E-03  0.1200E+02
 -13.532  0.6555E-03  0.1200E+02
 -13.522  0.5466E-03  0.1200E+02
 -13.512  0.4551E-03  0.1200E+02
 -13.502  0.3782E-03  0.1200E+02
 -13.492  0.3138E-03  0.1200E+02
 -13.482  0.2599E-03  0.1200E+02
 -13.472  0.2149E-03  0.1200E+02
 -13.462  0.1774E-03  0.1200E+02
 -13.452  0.1462E-03  0.1200E+02
 -13.442  0.1202E-03  0.1200E+02
 -13.432  0.9875E-04  0.1200E+02
 -13.422  0.8096E-04  0.1200E+02
 -13.412  0.6626E-04  0.1200E+02
 -13.402  0.5414E-04  0.1200E+02
 -13.392  0.4416E-04  0.1200E+02
 -13.382  0.3596E-04  0.1200E+02
 -13.372  0.2923E-04  0.1200E+02
 -13.362  0.2372E-04  0.1200E+02
 -13.352  0.1922E-04  0.1200E+02
 -13.342  0.1554E-04  0.1200E+02
 -13.332  0.1255E-04  0.1200E+02
 -13.322  0.1011E-04  0.1200E+02
 -13.312  0.8139E-05  0.1200E+02
 -13.302  0.6538E-05  0.1200E+02
 -13.292  0.5243E-05  0.1200E+02
 -13.282  0.4197E-05  0.1200E+02
 -13.272  0.3354E-05  0.1200E+02
 -13.262  0.2676E-05  0.1200E+02
 -13.252  0.2131E-05  0.1200E+02
 -13.242  0.1695E-05  0.1200E+02
 -13.232  0.1345E-05  0.1200E+02
 -13.222  0.1066E-05  0.1200E+02
 -13.212  0.8432E-06  0.1200E+02
 -13.202  0.6659E-06  0.1200E+02
 -13.192  0.5250E-06  0.1200E+02
 -13.182  0.4132E-06  0.1200E+02
 -13.172  0.3246E-06  0.1200E+02
 -13.162  0.2546E-06  0.1200E+02
 -13.152  0.1994E-06  0.1200E+02
 -13.142  0.1558E-06  0.1200E+02
 -13.132  0.1216E-06  0.1200E+02
 -13.122  0.9474E-07  0.1200E+02
 -13.112  0.7368E-07  0.1200E+02
 -13.102  0.5720E-07  0.1200E+02
 -13.092  0.4433E-07  0.1200E+02
 -13.082  0.3430E-07  0.1200E+02
 -13.072  0.2649E-07  0.1200E+02
 -13.062  0.2043E-07  0.1200E+02
 -13.052  0.1573E-07  0.1200E+02
 -13.042  0.1209E-07  0.1200E+02
 -13.032  0.9272E-08  0.1200E+02
 -13.022  0.7101E-08  0.1200E+02
 -13.012  0.5429E-08  0.1200E+02
 -13.002  0.4144E-08  0.1200E+02
 -12.992  0.3157E-08  0.1200E+02
 -12.982  0.2402E-08  0.1200E+02
 -12.972  0.1824E-08  0.1200E+02
 -12.962  0.1382E-08  0.1200E+02
 -12.952  0.1046E-08  0.1200E+02
 -12.942  0.7904E-09  0.1200E+02
 -12.932  0.5961E-09  0.1200E+02
 -12.922  0.4488E-09  0.1200E+02
 -12.912  0.3373E-09  0.1200E+02
 -12.902  0.2531E-09  0.1200E+02
 -12.892  0.1896E-09  0.1200E+02
 -12.882  0.1418E-09  0.1200E+02
 -12.872  0.1058E-09  0.1200E+02
 -12.862  0.7887E-10  0.1200E+02
 -12.852  0.5868E-10  0.1200E+02
 -12.842  0.4358E-10  0.1200E+02
 -12.832  0.3231E-10  0.1200E+02
 -12.822  0.2392E-10  0.1200E+02
 -12.812  0.1767E-10  0.1200E+02
 -12.802  0.1304E-10  0.1200E+02
 -12.792  0.9600E-11  0.1200E+02
 -12.782  0.7057E-11  0.1200E+02
 -12.772  0.5179E-11  0.1200E+02
 -12.762  0.3794E-11  0.1200E+02
 -12.752  0.2775E-11  0.1200E+02
 -12.742  0.2026E-11  0.1200E+02
 -12.732  0.1477E-11  0.1200E+02
 -12.722  0.1075E-11  0.1200E+02
 -12.712  0.7807E-12  0.1200E+02
 -12.702  0.5661E-12  0.1200E+02
 -12.692  0.4098E-12  0.1200E+02
 -12.682  0.2962E-12  0.1200E+02
 -12.672  0.2137E-12  0.1200E+02
 -12.662  0.1539E-12  0.1200E+02
 -12.652  0.1107E-12  0.1200E+02
 -12.642  0.7942E-13  0.1200E+02
 -12.632  0.5691E-13  0.1200E+02
 -12.622  0.4071E-13  0.1200E+02
 -12.612  0.2907E-13  0.1200E+02
 -12.602  0.2072E-13  0.1200E+02
 -12.592  0.1475E-13  0.1200E+02
 -12.582  0.1048E-13  0.1200E+02
 -12.572  0.7432E-14  0.1200E+02
 -12.562  0.5262E-14  0.1200E+02
 -12.552  0.3719E-14  0.1200E+02
 -12.542  0.2625E-14  0.1200E+02
 -12.532  0.1849E-14  0.1200E+02
 -12.522  0.1300E-14  0.1200E+02
 -12.512  0.9127E-15  0.1200E+02
 -12.502  0.6396E-15  0.1200E+02
 -12.492  0.4475E-15  0.1200E+02
 -12.482  0.3125E-15  0.1200E+02
 -12.472  0.2179E-15  0.1200E+02
 -12.462  0.1517E-15  0.1200E+02
 -12.452  0.1054E-15  0.1200E+02
 -12.442  0.7311E-16  0.1200E+02
 -12.432  0.5063E-16  0.1200E+02
 -12.422  0.3500E-16  0.1200E+02
 -12.412  0.2415E-16  0.1200E+02
 -12.402  0.1664E-16  0.1200E+02
 -12.392  0.1144E-16  0.1200E+02
 -12.382  0.7858E-17  0.1200E+02
 -12.372  0.5386E-17  0.1200E+02
 -12.362  0.3685E-17  0.1200E+02
 -12.352  0.2517E-17  0.1200E+02
 -12.342  0.1717E-17  0.1200E+02
 -12.332  0.1169E-17  0.1200E+02
 -12.322  0.7942E-18  0.1200E+02
 -12.312  0.5388E-18  0.1200E+02
 -12.302  0.3649E-18  0.1200E+02
 -12.292  0.2467E-18  0.1200E+02
 -12.282  0.1665E-18  0.1200E+02
 -12.272  0.1122E-18  0.1200E+02
 -12.262  0.7548E-19  0.1200E+02
 -12.252  0.5068E-19  0.1200E+02
 -12.242  0.3398E-19  0.1200E+02
 -12.232  0.2274E-19  0.1200E+02
 -12.222  0.1519E-19  0.1200E+02
 -12.212  0.1013E-19  0.1200E+02
 -12.202  0.6745E-20  0.1200E+02
 -12.192  0.4483E-20  0.1200E+02
 -12.182  0.2975E-20  0.1200E+02
 -12.172  0.1970E-20  0.1200E+02
 -12.162  0.1303E-20  0.1200E+02
 -12.152  0.8601E-21  0.1200E+02
 -12.142  0.5668E-21  0.1200E+02
 -12.132  0.3729E-21  0.1200E+02
 -12.122  0.2449E-21  0.1200E+02
 -12.112  0.1605E-21  0.1200E+02
 -12.102  0.1051E-21  0.1200E+02
 -12.092  0.6866E-22  0.1200E+02
 -12.082  0.4478E-22  0.1200E+02
 -12.072  0.2916E-22  0.1200E+02
 -12.062  0.1896E-22  0.1200E+02
 -12.052  0.1230E-22  0.1200E+02
 -12.042  0.7969E-23  0.1200E+02
 -12.032  0.5153E-23  0.1200E+02
 -12.022  0.3327E-23  0.1200E+02
 -12.012  0.2144E-23  0.1200E+02
 -12.002  0.1380E-23  0.1200E+02
 -11.992  0.8862E-24  0.1200E+02
 -11.982  0.5682E-24  0.1200E+02
 -11.972  0.3637E-24  0.1200E+02
 -11.962  0.2324E-24  0.1200E+02
 -11.952  0.1483E-24  0.1200E+02
 -11.942  0.9442E-25  0.1200E+02
 -11.932  0.6003E-25  0.1200E+02
 -11.922  0.3810E-25  0.1200E+02
 -11.912  0.2414E-25  0.1200E+02
 -11.902  0.1527E-25  0.1200E+02
 -11.892  0.9639E-26  0.1200E+02
 -11.882  0.6076E-26  0.1200E+02
 -11.872  0.3823E-26  0.1200E+02
 -11.862  0.2402E-26  0.1200E+02
 -11.852  0.1506E-26  0.1200E+02
 -11.842  0.9429E-27  0.1200E+02
 -11.832  0.5893E-27  0.1200E+02
 -11.822  0.3676E-27  0.1200E+02
 -11.812  0.2290E-27  0.1200E+02
 -11.802  0.1424E-27  0.1200E+02
 -11.792  0.8836E-28  0.1200E+02
 -11.782  0.5475E-28  0.1200E+02
 -11.772  0.3387E-28  0.1200E+02
 -11.762  0.2091E-28  0.1200E+02
 -11.752  0.1289E-28  0.1200E+02
 -11.742  0.7934E-29  0.1200E+02
 -11.732  0.4875E-29  0.1200E+02
 -11.722  0.2990E-29  0.1200E+02
 -11.712  0.1830E-29  0.1200E+02
 -11.702  0.1119E-29  0.1200E+02
 -11.692  0.6826E-30  0.1200E+02
 -11.682  0.4158E-30  0.1200E+02
 -11.672  0.2528E-30  0.1200E+02
 -11.662  0.1535E-30  0.1200E+02
 -11.652  0.9301E-31  0.1200E+02
 -11.642  0.5627E-31  0.1200E+02
 -11.632  0.3398E-31  0.1200E+02
 -11.622  0.2049E-31  0.1200E+02
 -11.612  0.1233E-31  0.1200E+02
 -11.602  0.7408E-32  0.1200E+02
 -11.592  0.4444E-32  0.1200E+02
 -11.582  0.2661E-32  0.1200E+02
 -11.572  0.1590E-32  0.1200E+02
 -11.562  0.9491E-33  0.1200E+02
 -11.552  0.5654E-33  0.1200E+02
 -11.542  0.3362E-33  0.1200E+02
 -11.532  0.1996E-33  0.1200E+02
 -11.522  0.1183E-33  0.1200E+02
 -11.512  0.6999E-34  0.1200E+02
 -11.502  0.4134E-34  0.1200E+02
 -11.492  0.2438E-34  0.1200E+02
 -11.482  0.1435E-34  0.1200E+02
 -11.472  0.8431E-35  0.1200E+02
 -11.462  0.4946E-35  0.1200E+02
 -11.452  0.2896E-35  0.1200E+02
 -11.442  0.1693E-35  0.1200E+02
 -11.432  0.9881E-36  0.1200E+02
 -11.422  0.5756E-36  0.1200E+02
 -11.412  0.3348E-36  0.1200E+02
 -11.402  0.1944E-36  0.1200E+02
 -11.392  0.1127E-36  0.1200E+02
 -11.382  0.6519E-37  0.1200E+02
 -11.372  0.3766E-37  0.1200E+02
 -11.362  0.2171E-37  0.1200E+02
 -11.352  0.1250E-37  0.1200E+02
 -11.342  0.7183E-38  0.1200E+02
 -11.332  0.4121E-38  0.1200E+02
 -11.322  0.2360E-38  0.1200E+02
 -11.312  0.1349E-38  0.1200E+02
 -11.302  0.7701E-39  0.1200E+02
 -11.292  0.4388E-39  0.1200E+02
 -11.282  0.2496E-39  0.1200E+02
 -11.272  0.1417E-39  0.1200E+02
 -11.262  0.8033E-40  0.1200E+02
 -11.252  0.4546E-40  0.1200E+02
 -11.242  0.2568E-40  0.1200E+02
 -11.232  0.1448E-40  0.1200E+02
 -11.222  0.8153E-41  0.1200E+02
 -11.212  0.4582E-41  0.1200E+02
 -11.202  0.2571E-41  0.1200E+02
 -11.192  0.1440E-41  0.1200E+02
 -11.182  0.8051E-42  0.1200E+02
 -11.172  0.4494E-42  0.1200E+02
 -11.162  0.2504E-42  0.1200E+02
 -11.152  0.1393E-42  0.1200E+02
 -11.142  0.7735E-43  0.1200E+02
 -11.132  0.4288E-43  0.1200E+02
 -11.122  0.2373E-43  0.1200E+02
 -11.112  0.1311E-43  0.1200E+02
 -11.102  0.7231E-44  0.1200E+02
 -11.092  0.3981E-44  0.1200E+02
 -11.082  0.2188E-44  0.1200E+02
 -11.072  0.1201E-44  0.1200E+02
 -11.062  0.6577E-45  0.1200E+02
 -11.052  0.3596E-45  0.1200E+02
 -11.042  0.1963E-45  0.1200E+02
 -11.032  0.1070E-45  0.1200E+02
 -11.022  0.5820E-46  0.1200E+02
 -11.012  0.3161E-46  0.1200E+02
 -11.002  0.1714E-46  0.1200E+02
 -10.992  0.9274E-47  0.1200E+02
 -10.982  0.5011E-47  0.1200E+02
 -10.972  0.2703E-47  0.1200E+02
 -10.962  0.1455E-47  0.1200E+02
 -10.952  0.7823E-48  0.1200E+02
 -10.942  0.4198E-48  0.1200E+02
 -10.932  0.2249E-48  0.1200E+02
 -10.922  0.1203E-48  0.1200E+02
 -10.912  0.6420E-49  0.1200E+02
 -10.902  0.3421E-49  0.1200E+02
 -10.892  0.1820E-49  0.1200E+02
 -10.882  0.9668E-50  0.1200E+02
 -10.872  0.5126E-50  0.1200E+02
 -10.862  0.2713E-50  0.1200E+02
 -10.852  0.1434E-50  0.1200E+02
 -10.842  0.7562E-51  0.1200E+02
 -10.832  0.3982E-51  0.1200E+02
 -10.822  0.2093E-51  0.1200E+02
 -10.812  0.1099E-51  0.1200E+02
 -10.802  0.5755E-52  0.1200E+02
 -10.792  0.3010E-52  0.1200E+02
 -10.782  0.1571E-52  0.1200E+02
 -10.772  0.8190E-53  0.1200E+02
 -10.762  0.4261E-53  0.1200E+02
 -10.752  0.2213E-53  0.1200E+02
 -10.742  0.1148E-53  0.1200E+02
 -10.732  0.5941E-54  0.1200E+02
 -10.722  0.3070E-54  0.1200E+02
 -10.712  0.1584E-54  0.1200E+02
 -10.702  0.8157E-55  0.1200E+02
 -10.692  0.4195E-55  0.1200E+02
 -10.682  0.2156E-55  0.1200E+02
 -10.672  0.1110E-55  0.1200E+02
 -10.662  0.5787E-56  0.1200E+02
 -10.652  0.3168E-56  0.1200E+02
 -10.642  0.2031E-56  0.1200E+02
 -10.632  0.1845E-56  0.1200E+02
 -10.622  0.2514E-56  0.1200E+02
 -10.612  0.4336E-56  0.1200E+02
 -10.602  0.8127E-56  0.1200E+02
 -10.592  0.1558E-55  0.1200E+02
 -10.582  0.3001E-55  0.1200E+02
 -10.572  0.5781E-55  0.1200E+02
 -10.562  0.1112E-54  0.1200E+02
 -10.552  0.2136E-54  0.1200E+02
 -10.542  0.4097E-54  0.1200E+02
 -10.532  0.7842E-54  0.1200E+02
 -10.522  0.1498E-53  0.1200E+02
 -10.512  0.2859E-53  0.1200E+02
 -10.502  0.5444E-53  0.1200E+02
 -10.492  0.1035E-52  0.1200E+02
 -10.482  0.1964E-52  0.1200E+02
 -10.472  0.3721E-52  0.1200E+02
 -10.462  0.7036E-52  0.1200E+02
 -10.452  0.1328E-51  0.1200E+02
 -10.442  0.2504E-51  0.1200E+02
 -10.432  0.4710E-51  0.1200E+02
 -10.422  0.8847E-51  0.1200E+02
 -10.412  0.1659E-50  0.1200E+02
 -10.402  0.3105E-50  0.1200E+02
 -10.392  0.5801E-50  0.1200E+02
 -10.382  0.1082E-49  0.1200E+02
 -10.372  0.2015E-49  0.1200E+02
 -10.362  0.3745E-49  0.1200E+02
 -10.352  0.6949E-49  0.1200E+02
 -10.342  0.1287E-48  0.1200E+02
 -10.332  0.2380E-48  0.1200E+02
 -10.322  0.4394E-48  0.1200E+02
 -10.312  0.8097E-48  0.1200E+02
 -10.302  0.1490E-47  0.1200E+02
 -10.292  0.2736E-47  0.1200E+02
 -10.282  0.5015E-47  0.1200E+02
 -10.272  0.9178E-47  0.1200E+02
 -10.262  0.1677E-46  0.1200E+02
 -10.252  0.3058E-46  0.1200E+02
 -10.242  0.5568E-46  0.1200E+02
 -10.232  0.1012E-45  0.1200E+02
 -10.222  0.1836E-45  0.1200E+02
 -10.212  0.3325E-45  0.1200E+02
 -10.202  0.6012E-45  0.1200E+02
 -10.192  0.1085E-44  0.1200E+02
 -10.182  0.1955E-44  0.1200E+02
 -10.172  0.3517E-44  0.1200E+02
 -10.162  0.6316E-44  0.1200E+02
 -10.152  0.1132E-43  0.1200E+02
 -10.142  0.2026E-43  0.1200E+02
 -10.132  0.3619E-43  0.1200E+02
 -10.122  0.6453E-43  0.1200E+02
 -10.112  0.1149E-42  0.1200E+02
 -10.102  0.2042E-42  0.1200E+02
 -10.092  0.3622E-42  0.1200E+02
 -10.082  0.6414E-42  0.1200E+02
 -10.072  0.1134E-41  0.1200E+02
 -10.062  0.2001E-41  0.1200E+02
 -10.052  0.3526E-41  0.1200E+02
 -10.042  0.6201E-41  0.1200E+02
 -10.032  0.1089E-40  0.1200E+02
 -10.022  0.1908E-40  0.1200E+02
 -10.012  0.3339E-40  0.1200E+02
 -10.002  0.5831E-40  0.1200E+02
  -9.992  0.1017E-39  0.1200E+02
  -9.982  0.1770E-39  0.1200E+02
  -9.972  0.3075E-39  0.1200E+02
  -9.962  0.5334E-39  0.1200E+02
  -9.952  0.9237E-39  0.1200E+02
  -9.942  0.1597E-38  0.1200E+02
  -9.932  0.2755E-38  0.1200E+02
  -9.922  0.4747E-38  0.1200E+02
  -9.912  0.8163E-38  0.1200E+02
  -9.902  0.1401E-37  0.1200E+02
  -9.892  0.2401E-37  0.1200E+02
  -9.882  0.4108E-37  0.1200E+02
  -9.872  0.7017E-37  0.1200E+02
  -9.862  0.1196E-36  0.1200E+02
  -9.852  0.2036E-36  0.1200E+02
  -9.842  0.3459E-36  0.1200E+02
  -9.832  0.5867E-36  0.1200E+02
  -9.822  0.9933E-36  0.1200E+02
  -9.812  0.1679E-35  0.1200E+02
  -9.802  0.2833E-35  0.1200E+02
  -9.792  0.4771E-35  0.1200E+02
  -9.782  0.8023E-35  0.1200E+02
  -9.772  0.1347E-34  0.1200E+02
  -9.762  0.2257E-34  0.1200E+02
  -9.752  0.3775E-34  0.1200E+02
  -9.742  0.6304E-34  0.1200E+02
  -9.732  0.1051E-33  0.1200E+02
  -9.722  0.1749E-33  0.1200E+02
  -9.712  0.2905E-33  0.1200E+02
  -9.702  0.4817E-33  0.1200E+02
  -9.692  0.7975E-33  0.1200E+02
  -9.682  0.1318E-32  0.1200E+02
  -9.672  0.2175E-32  0.1200E+02
  -9.662  0.3581E-32  0.1200E+02
  -9.652  0.5888E-32  0.1200E+02
  -9.642  0.9664E-32  0.1200E+02
  -9.632  0.1583E-31  0.1200E+02
  -9.622  0.2590E-31  0.1200E+02
  -9.612  0.4228E-31  0.1200E+02
  -9.602  0.6892E-31  0.1200E+02
  -9.592  0.1121E-30  0.1200E+02
  -9.582  0.1822E-30  0.1200E+02
  -9.572  0.2954E-30  0.1200E+02
  -9.562  0.4781E-30  0.1200E+02
  -9.552  0.7726E-30  0.1200E+02
  -9.542  0.1246E-29  0.1200E+02
  -9.532  0.2007E-29  0.1200E+02
  -9.522  0.3226E-29  0.1200E+02
  -9.512  0.5178E-29  0.1200E+02
  -9.502  0.8295E-29  0.1200E+02
  -9.492  0.1327E-28  0.1200E+02
  -9.482  0.2118E-28  0.1200E+02
  -9.472  0.3375E-28  0.1200E+02
  -9.462  0.5370E-28  0.1200E+02
  -9.452  0.8529E-28  0.1200E+02
  -9.442  0.1352E-27  0.1200E+02
  -9.432  0.2140E-27  0.1200E+02
  -9.422  0.3382E-27  0.1200E+02
  -9.412  0.5334E-27  0.1200E+02
  -9.402  0.8398E-27  0.1200E+02
  -9.392  0.1320E-26  0.1200E+02
  -9.382  0.2071E-26  0.1200E+02
  -9.372  0.3245E-26  0.1200E+02
  -9.362  0.5074E-26  0.1200E+02
  -9.352  0.7920E-26  0.1200E+02
  -9.342  0.1234E-25  0.1200E+02
  -9.332  0.1920E-25  0.1200E+02
  -9.322  0.2982E-25  0.1200E+02
  -9.312  0.4622E-25  0.1200E+02
  -9.302  0.7153E-25  0.1200E+02
  -9.292  0.1105E-24  0.1200E+02
  -9.282  0.1704E-24  0.1200E+02
  -9.272  0.2624E-24  0.1200E+02
  -9.262  0.4033E-24  0.1200E+02
  -9.252  0.6187E-24  0.1200E+02
  -9.242  0.9476E-24  0.1200E+02
  -9.232  0.1449E-23  0.1200E+02
  -9.222  0.2212E-23  0.1200E+02
  -9.212  0.3370E-23  0.1200E+02
  -9.202  0.5125E-23  0.1200E+02
  -9.192  0.7783E-23  0.1200E+02
  -9.182  0.1180E-22  0.1200E+02
  -9.172  0.1785E-22  0.1200E+02
  -9.162  0.2697E-22  0.1200E+02
  -9.152  0.4066E-22  0.1200E+02
  -9.142  0.6121E-22  0.1200E+02
  -9.132  0.9199E-22  0.1200E+02
  -9.122  0.1380E-21  0.1200E+02
  -9.112  0.2067E-21  0.1200E+02
  -9.102  0.3090E-21  0.1200E+02
  -9.092  0.4611E-21  0.1200E+02
  -9.082  0.6869E-21  0.1200E+02
  -9.072  0.1022E-20  0.1200E+02
  -9.062  0.1517E-20  0.1200E+02
  -9.052  0.2248E-20  0.1200E+02
  -9.042  0.3326E-20  0.1200E+02
  -9.032  0.4913E-20  0.1200E+02
  -9.022  0.7244E-20  0.1200E+02
  -9.012  0.1066E-19  0.1200E+02
  -9.002  0.1567E-19  0.1200E+02
  -8.992  0.2298E-19  0.1200E+02
  -8.982  0.3365E-19  0.1200E+02
  -8.972  0.4919E-19  0.1200E+02
  -8.962  0.7178E-19  0.1200E+02
  -8.952  0.1046E-18  0.1200E+02
  -8.942  0.1521E-18  0.1200E+02
  -8.932  0.2207E-18  0.1200E+02
  -8.922  0.3199E-18  0.1200E+02
  -8.912  0.4628E-18  0.1200E+02
  -8.902  0.6683E-18  0.1200E+02
  -8.892  0.9635E-18  0.1200E+02
  -8.882  0.1387E-17  0.1200E+02
  -8.872  0.1992E-17  0.1200E+02
  -8.862  0.2857E-17  0.1200E+02
  -8.852  0.4091E-17  0.1200E+02
  -8.842  0.5847E-17  0.1200E+02
  -8.832  0.8343E-17  0.1200E+02
  -8.822  0.1188E-16  0.1200E+02
  -8.812  0.1690E-16  0.1200E+02
  -8.802  0.2398E-16  0.1200E+02
  -8.792  0.3399E-16  0.1200E+02
  -8.782  0.4807E-16  0.1200E+02
  -8.772  0.6788E-16  0.1200E+02
  -8.762  0.9569E-16  0.1200E+02
  -8.752  0.1347E-15  0.1200E+02
  -8.742  0.1892E-15  0.1200E+02
  -8.732  0.2653E-15  0.1200E+02
  -8.722  0.3714E-15  0.1200E+02
  -8.712  0.5190E-15  0.1200E+02
  -8.702  0.7241E-15  0.1200E+02
  -8.692  0.1008E-14  0.1200E+02
  -8.682  0.1402E-14  0.1200E+02
  -8.672  0.1946E-14  0.1200E+02
  -8.662  0.2696E-14  0.1200E+02
  -8.652  0.3729E-14  0.1200E+02
  -8.642  0.5148E-14  0.1200E+02
  -8.632  0.7096E-14  0.1200E+02
  -8.622  0.9764E-14  0.1200E+02
  -8.612  0.1341E-13  0.1200E+02
  -8.602  0.1839E-13  0.1200E+02
  -8.592  0.2517E-13  0.1200E+02
  -8.582  0.3440E-13  0.1200E+02
  -8.572  0.4692E-13  0.1200E+02
  -8.562  0.6390E-13  0.1200E+02
  -8.552  0.8686E-13  0.1200E+02
  -8.542  0.1179E-12  0.1200E+02
  -8.532  0.1597E-12  0.1200E+02
  -8.522  0.2160E-12  0.1200E+02
  -8.512  0.2916E-12  0.1200E+02
  -8.502  0.3929E-12  0.1200E+02
  -8.492  0.5286E-12  0.1200E+02
  -8.482  0.7100E-12  0.1200E+02
  -8.472  0.9519E-12  0.1200E+02
  -8.462  0.1274E-11  0.1200E+02
  -8.452  0.1702E-11  0.1200E+02
  -8.442  0.2271E-11  0.1200E+02
  -8.432  0.3023E-11  0.1200E+02
  -8.422  0.4019E-11  0.1200E+02
  -8.412  0.5332E-11  0.1200E+02
  -8.402  0.7063E-11  0.1200E+02
  -8.392  0.9340E-11  0.1200E+02
  -8.382  0.1233E-10  0.1200E+02
  -8.372  0.1625E-10  0.1200E+02
  -8.362  0.2137E-10  0.1200E+02
  -8.352  0.2807E-10  0.1200E+02
  -8.342  0.3679E-10  0.1200E+02
  -8.332  0.4815E-10  0.1200E+02
  -8.322  0.6291E-10  0.1200E+02
  -8.312  0.8204E-10  0.1200E+02
  -8.302  0.1068E-09  0.1200E+02
  -8.292  0.1388E-09  0.1200E+02
  -8.282  0.1801E-09  0.1200E+02
  -8.272  0.2333E-09  0.1200E+02
  -8.262  0.3016E-09  0.1200E+02
  -8.252  0.3893E-09  0.1200E+02
  -8.242  0.5016E-09  0.1200E+02
  -8.232  0.6452E-09  0.1200E+02
  -8.222  0.8285E-09  0.1200E+02
  -8.212  0.1062E-08  0.1200E+02
  -8.202  0.1359E-08  0.1200E+02
  -8.192  0.1736E-08  0.1200E+02
  -8.182  0.2214E-08  0.1200E+02
  -8.172  0.2818E-08  0.1200E+02
  -8.162  0.3581E-08  0.1200E+02
  -8.152  0.4543E-08  0.1200E+02
  -8.142  0.5754E-08  0.1200E+02
  -8.132  0.7274E-08  0.1200E+02
  -8.122  0.9181E-08  0.1200E+02
  -8.112  0.1157E-07  0.1200E+02
  -8.102  0.1455E-07  0.1200E+02
  -8.092  0.1827E-07  0.1200E+02
  -8.082  0.2289E-07  0.1200E+02
  -8.072  0.2865E-07  0.1200E+02
  -8.062  0.3578E-07  0.1200E+02
  -8.052  0.4462E-07  0.1200E+02
  -8.042  0.5554E-07  0.1200E+02
  -8.032  0.6901E-07  0.1200E+02
  -8.022  0.8561E-07  0.1200E+02
  -8.012  0.1060E-06  0.1200E+02
  -8.002  0.1311E-06  0.1200E+02
  -7.992  0.1617E-06  0.1200E+02
  -7.982  0.1993E-06  0.1200E+02
  -7.972  0.2450E-06  0.1200E+02
  -7.962  0.3009E-06  0.1200E+02
  -7.952  0.3687E-06  0.1200E+02
  -7.942  0.4511E-06  0.1200E+02
  -7.932  0.5510E-06  0.1200E+02
  -7.922  0.6719E-06  0.1200E+02
  -7.912  0.8178E-06  0.1200E+02
  -7.902  0.9937E-06  0.1200E+02
  -7.892  0.1205E-05  0.1200E+02
  -7.882  0.1460E-05  0.1200E+02
  -7.872  0.1765E-05  0.1200E+02
  -7.862  0.2129E-05  0.1200E+02
  -7.852  0.2565E-05  0.1200E+02
  -7.842  0.3085E-05  0.1200E+02
  -7.832  0.3704E-05  0.1200E+02
  -7.822  0.4439E-05  0.1200E+02
  -7.812  0.5311E-05  0.1200E+02
  -7.802  0.6344E-05  0.1200E+02
  -7.792  0.7565E-05  0.1200E+02
  -7.782  0.9004E-05  0.1200E+02
  -7.772  0.1070E-04  0.1200E+02
  -7.762  0.1269E-04  0.1200E+02
  -7.752  0.1503E-04  0.1200E+02
  -7.742  0.1777E-04  0.1200E+02
  -7.732  0.2097E-04  0.1200E+02
  -7.722  0.2471E-04  0.1200E+02
  -7.712  0.2906E-04  0.1200E+02
  -7.702  0.3413E-04  0.1200E+02
  -7.692  0.4000E-04  0.1200E+02
  -7.682  0.4681E-04  0.1200E+02
  -7.672  0.5468E-04  0.1200E+02
  -7.662  0.6377E-04  0.1200E+02
  -7.652  0.7425E-04  0.1200E+02
  -7.642  0.8630E-04  0.1200E+02
  -7.632  0.1001E-03  0.1200E+02
  -7.622  0.1160E-03  0.1200E+02
  -7.612  0.1341E-03  0.1200E+02
  -7.602  0.1549E-03  0.1200E+02
  -7.592  0.1785E-03  0.1200E+02
  -7.582  0.2053E-03  0.1200E+02
  -7.572  0.2359E-03  0.1200E+02
  -7.562  0.2705E-03  0.1200E+02
  -7.552  0.3097E-03  0.1200E+02
  -7.542  0.3539E-03  0.1200E+02
  -7.532  0.4038E-03  0.1200E+02
  -7.522  0.4600E-03  0.1200E+02
  -7.512  0.5232E-03  0.1200E+02
  -7.502  0.5940E-03  0.1200E+02
  -7.492  0.6733E-03  0.1200E+02
  -7.482  0.7620E-03  0.1200E+02
  -7.472  0.8609E-03  0.1200E+02
  -7.462  0.9710E-03  0.1200E+02
  -7.452  0.1094E-02  0.1200E+02
  -7.442  0.1229E-02  0.1200E+02
  -7.432  0.1380E-02  0.1200E+02
  -7.422  0.1547E-02  0.1200E+02
  -7.412  0.1731E-02  0.1200E+02
  -7.402  0.1933E-02  0.1200E+02
  -7.392  0.2157E-02  0.1200E+02
  -7.382  0.2402E-02  0.1200E+02
  -7.372  0.2670E-02  0.1200E+02
  -7.362  0.2965E-02  0.1200E+02
  -7.352  0.3286E-02  0.1200E+02
  -7.342  0.3637E-02  0.1200E+02
  -7.332  0.4019E-02  0.1200E+02
  -7.322  0.4435E-02  0.1200E+02
  -7.312  0.4886E-02  0.1200E+02
  -7.302  0.5376E-02  0.1200E+02
  -7.292  0.5905E-02  0.1200E+02
  -7.282  0.6478E-02  0.1200E+02
  -7.272  0.7096E-02  0.1200E+02
  -7.262  0.7762E-02  0.1200E+02
  -7.252  0.8478E-02  0.1200E+02
  -7.242  0.9247E-02  0.1200E+02
  -7.232  0.1007E-01  0.1200E+02
  -7.222  0.1096E-01  0.1200E+02
  -7.212  0.1190E-01  0.1200E+02
  -7.202  0.1292E-01  0.1200E+02
  -7.192  0.1400E-01  0.1200E+02
  -7.182  0.1515E-01  0.1200E+02
  -7.172  0.1637E-01  0.1200E+02
  -7.162  0.1767E-01  0.1200E+02
  -7.152  0.1906E-01  0.1200E+02
  -7.142  0.2053E-01  0.1200E+02
  -7.132  0.2208E-01  0.1200E+02
  -7.122  0.2373E-01  0.1200E+02
  -7.112  0.2548E-01  0.1200E+02
  -7.102  0.2732E-01  0.1200E+02
  -7.092  0.2927E-01  0.1200E+02
  -7.082  0.3133E-01  0.1200E+02
  -7.072  0.3350E-01  0.1200E+02
  -7.062  0.3579E-01  0.1200E+02
  -7.052  0.3821E-01  0.1201E+02
  -7.042  0.4075E-01  0.1201E+02
  -7.032  0.4342E-01  0.1201E+02
  -7.022  0.4623E-01  0.1201E+02
  -7.012  0.4919E-01  0.1201E+02
  -7.002  0.5231E-01  0.1201E+02
  -6.992  0.5558E-01  0.1201E+02
  -6.982  0.5902E-01  0.1201E+02
  -6.972  0.6263E-01  0.1201E+02
  -6.962  0.6642E-01  0.1201E+02
  -6.952  0.7041E-01  0.1201E+02
  -6.942  0.7459E-01  0.1201E+02
  -6.932  0.7899E-01  0.1201E+02
  -6.922  0.8360E-01  0.1201E+02
  -6.912  0.8844E-01  0.1201E+02
  -6.902  0.9352E-01  0.1201E+02
  -6.892  0.9886E-01  0.1202E+02
  -6.882  0.1045E+00  0.1202E+02
  -6.872  0.1103E+00  0.1202E+02
  -6.862  0.1165E+00  0.1202E+02
  -6.852  0.1229E+00  0.1202E+02
  -6.842  0.1297E+00  0.1202E+02
  -6.832  0.1368E+00  0.1202E+02
  -6.822  0.1442E+00  0.1202E+02
  -6.812  0.1520E+00  0.1203E+02
  -6.802  0.1602E+00  0.1203E+02
  -6.792  0.1687E+00  0.1203E+02
  -6.782  0.1776E+00  0.1203E+02
  -6.772  0.1869E+00  0.1203E+02
  -6.762  0.1966E+00  0.1203E+02
  -6.752  0.2068E+00  0.1204E+02
  -6.742  0.2174E+00  0.1204E+02
  -6.732  0.2284E+00  0.1204E+02
  -6.722  0.2399E+00  0.1204E+02
  -6.712  0.2519E+00  0.1205E+02
  -6.702  0.2644E+00  0.1205E+02
  -6.692  0.2773E+00  0.1205E+02
  -6.682  0.2907E+00  0.1205E+02
  -6.672  0.3046E+00  0.1206E+02
  -6.662  0.3190E+00  0.1206E+02
  -6.652  0.3339E+00  0.1206E+02
  -6.642  0.3493E+00  0.1207E+02
  -6.632  0.3653E+00  0.1207E+02
  -6.622  0.3817E+00  0.1208E+02
  -6.612  0.3986E+00  0.1208E+02
  -6.602  0.4160E+00  0.1208E+02
  -6.592  0.4338E+00  0.1209E+02
  -6.582  0.4522E+00  0.1209E+02
  -6.572  0.4710E+00  0.1210E+02
  -6.562  0.4903E+00  0.1210E+02
  -6.552  0.5100E+00  0.1211E+02
  -6.542  0.5301E+00  0.1211E+02
  -6.532  0.5507E+00  0.1212E+02
  -6.522  0.5717E+00  0.1212E+02
  -6.512  0.5930E+00  0.1213E+02
  -6.502  0.6147E+00  0.1214E+02
  -6.492  0.6368E+00  0.1214E+02
  -6.482  0.6592E+00  0.1215E+02
  -6.472  0.6819E+00  0.1216E+02
  -6.462  0.7049E+00  0.1216E+02
  -6.452  0.7281E+00  0.1217E+02
  -6.442  0.7517E+00  0.1218E+02
  -6.432  0.7755E+00  0.1218E+02
  -6.422  0.7995E+00  0.1219E+02
  -6.412  0.8238E+00  0.1220E+02
  -6.402  0.8482E+00  0.1221E+02
  -6.392  0.8729E+00  0.1222E+02
  -6.382  0.8977E+00  0.1223E+02
  -6.372  0.9228E+00  0.1224E+02
  -6.362  0.9480E+00  0.1225E+02
  -6.352  0.9734E+00  0.1226E+02
  -6.342  0.9989E+00  0.1227E+02
  -6.332  0.1025E+01  0.1228E+02
  -6.322  0.1051E+01  0.1229E+02
  -6.312  0.1077E+01  0.1230E+02
  -6.302  0.1103E+01  0.1231E+02
  -6.292  0.1129E+01  0.1232E+02
  -6.282  0.1156E+01  0.1233E+02
  -6.272  0.1183E+01  0.1234E+02
  -6.262  0.1210E+01  0.1236E+02
  -6.252  0.1238E+01  0.1237E+02
  -6.242  0.1266E+01  0.1238E+02
  -6.232  0.1294E+01  0.1239E+02
  -6.222  0.1322E+01  0.1241E+02
  -6.212  0.1351E+01  0.1242E+02
  -6.202  0.1380E+01  0.1243E+02
  -6.192  0.1410E+01  0.1245E+02
  -6.182  0.1439E+01  0.1246E+02
  -6.172  0.1470E+01  0.1248E+02
  -6.162  0.1500E+01  0.1249E+02
  -6.152  0.1532E+01  0.1251E+02
  -6.142  0.1563E+01  0.1252E+02
  -6.132  0.1595E+01  0.1254E+02
  -6.122  0.1627E+01  0.1255E+02
  -6.112  0.1660E+01  0.1257E+02
  -6.102  0.1693E+01  0.1259E+02
  -6.092  0.1727E+01  0.1261E+02
  -6.082  0.1760E+01  0.1262E+02
  -6.072  0.1794E+01  0.1264E+02
  -6.062  0.1829E+01  0.1266E+02
  -6.052  0.1863E+01  0.1268E+02
  -6.042  0.1897E+01  0.1270E+02
  -6.032  0.1932E+01  0.1272E+02
  -6.022  0.1966E+01  0.1274E+02
  -6.012  0.2001E+01  0.1276E+02
  -6.002  0.2034E+01  0.1278E+02
  -5.992  0.2068E+01  0.1280E+02
  -5.982  0.2101E+01  0.1282E+02
  -5.972  0.2134E+01  0.1284E+02
  -5.962  0.2166E+01  0.1286E+02
  -5.952  0.2197E+01  0.1288E+02
  -5.942  0.2227E+01  0.1291E+02
  -5.932  0.2256E+01  0.1293E+02
  -5.922  0.2283E+01  0.1295E+02
  -5.912  0.2310E+01  0.1297E+02
  -5.902  0.2334E+01  0.1300E+02
  -5.892  0.2358E+01  0.1302E+02
  -5.882  0.2379E+01  0.1304E+02
  -5.872  0.2398E+01  0.1307E+02
  -5.862  0.2416E+01  0.1309E+02
  -5.852  0.2431E+01  0.1312E+02
  -5.842  0.2444E+01  0.1314E+02
  -5.832  0.2455E+01  0.1317E+02
  -5.822  0.2463E+01  0.1319E+02
  -5.812  0.2469E+01  0.1322E+02
  -5.802  0.2473E+01  0.1324E+02
  -5.792  0.2473E+01  0.1326E+02
  -5.782  0.2471E+01  0.1329E+02
  -5.772  0.2466E+01  0.1331E+02
  -5.762  0.2459E+01  0.1334E+02
  -5.752  0.2448E+01  0.1336E+02
  -5.742  0.2435E+01  0.1339E+02
  -5.732  0.2420E+01  0.1341E+02
  -5.722  0.2401E+01  0.1344E+02
  -5.712  0.2380E+01  0.1346E+02
  -5.702  0.2357E+01  0.1348E+02
  -5.692  0.2331E+01  0.1351E+02
  -5.682  0.2302E+01  0.1353E+02
  -5.672  0.2272E+01  0.1355E+02
  -5.662  0.2239E+01  0.1357E+02
  -5.652  0.2204E+01  0.1360E+02
  -5.642  0.2167E+01  0.1362E+02
  -5.632  0.2129E+01  0.1364E+02
  -5.622  0.2088E+01  0.1366E+02
  -5.612  0.2047E+01  0.1368E+02
  -5.602  0.2004E+01  0.1370E+02
  -5.592  0.1960E+01  0.1372E+02
  -5.582  0.1915E+01  0.1374E+02
  -5.572  0.1869E+01  0.1376E+02
  -5.562  0.1822E+01  0.1378E+02
  -5.552  0.1775E+01  0.1379E+02
  -5.542  0.1728E+01  0.1381E+02
  -5.532  0.1680E+01  0.1383E+02
  -5.522  0.1633E+01  0.1384E+02
  -5.512  0.1586E+01  0.1386E+02
  -5.502  0.1539E+01  0.1388E+02
  -5.492  0.1492E+01  0.1389E+02
  -5.482  0.1446E+01  0.1391E+02
  -5.472  0.1401E+01  0.1392E+02
  -5.462  0.1357E+01  0.1393E+02
  -5.452  0.1314E+01  0.1395E+02
  -5.442  0.1271E+01  0.1396E+02
  -5.432  0.1230E+01  0.1397E+02
  -5.422  0.1191E+01  0.1398E+02
  -5.412  0.1153E+01  0.1399E+02
  -5.402  0.1116E+01  0.1401E+02
  -5.392  0.1081E+01  0.1402E+02
  -5.382  0.1047E+01  0.1403E+02
  -5.372  0.1015E+01  0.1404E+02
  -5.362  0.9855E+00  0.1405E+02
  -5.352  0.9575E+00  0.1406E+02
  -5.342  0.9314E+00  0.1407E+02
  -5.332  0.9072E+00  0.1408E+02
  -5.322  0.8851E+00  0.1408E+02
  -5.312  0.8651E+00  0.1409E+02
  -5.302  0.8472E+00  0.1410E+02
  -5.292  0.8315E+00  0.1411E+02
  -5.282  0.8180E+00  0.1412E+02
  -5.272  0.8067E+00  0.1413E+02
  -5.262  0.7977E+00  0.1413E+02
  -5.252  0.7911E+00  0.1414E+02
  -5.242  0.7868E+00  0.1415E+02
  -5.232  0.7849E+00  0.1416E+02
  -5.222  0.7854E+00  0.1417E+02
  -5.212  0.7884E+00  0.1417E+02
  -5.202  0.7939E+00  0.1418E+02
  -5.192  0.8018E+00  0.1419E+02
  -5.182  0.8122E+00  0.1420E+02
  -5.172  0.8252E+00  0.1421E+02
  -5.162  0.8406E+00  0.1421E+02
  -5.152  0.8586E+00  0.1422E+02
  -5.142  0.8792E+00  0.1423E+02
  -5.132  0.9022E+00  0.1424E+02
  -5.122  0.9277E+00  0.1425E+02
  -5.112  0.9557E+00  0.1426E+02
  -5.102  0.9862E+00  0.1427E+02
  -5.092  0.1019E+01  0.1428E+02
  -5.082  0.1054E+01  0.1429E+02
  -5.072  0.1092E+01  0.1430E+02
  -5.062  0.1131E+01  0.1431E+02
  -5.052  0.1173E+01  0.1432E+02
  -5.042  0.1217E+01  0.1434E+02
  -5.032  0.1262E+01  0.1435E+02
  -5.022  0.1310E+01  0.1436E+02
  -5.012  0.1359E+01  0.1437E+02
  -5.002  0.1409E+01  0.1439E+02
  -4.992  0.1461E+01  0.1440E+02
  -4.982  0.1514E+01  0.1442E+02
  -4.972  0.1568E+01  0.1443E+02
  -4.962  0.1623E+01  0.1445E+02
  -4.952  0.1678E+01  0.1447E+02
  -4.942  0.1734E+01  0.1448E+02
  -4.932  0.1789E+01  0.1450E+02
  -4.922  0.1845E+01  0.1452E+02
  -4.912  0.1900E+01  0.1454E+02
  -4.902  0.1955E+01  0.1456E+02
  -4.892  0.2009E+01  0.1458E+02
  -4.882  0.2062E+01  0.1460E+02
  -4.872  0.2113E+01  0.1462E+02
  -4.862  0.2163E+01  0.1464E+02
  -4.852  0.2211E+01  0.1467E+02
  -4.842  0.2258E+01  0.1469E+02
  -4.832  0.2301E+01  0.1471E+02
  -4.822  0.2343E+01  0.1473E+02
  -4.812  0.2382E+01  0.1476E+02
  -4.802  0.2417E+01  0.1478E+02
  -4.792  0.2450E+01  0.1481E+02
  -4.782  0.2480E+01  0.1483E+02
  -4.772  0.2506E+01  0.1486E+02
  -4.762  0.2528E+01  0.1488E+02
  -4.752  0.2547E+01  0.1491E+02
  -4.742  0.2562E+01  0.1493E+02
  -4.732  0.2574E+01  0.1496E+02
  -4.722  0.2581E+01  0.1498E+02
  -4.712  0.2585E+01  0.1501E+02
  -4.702  0.2585E+01  0.1504E+02
  -4.692  0.2580E+01  0.1506E+02
  -4.682  0.2572E+01  0.1509E+02
  -4.672  0.2561E+01  0.1511E+02
  -4.662  0.2545E+01  0.1514E+02
  -4.652  0.2526E+01  0.1516E+02
  -4.642  0.2503E+01  0.1519E+02
  -4.632  0.2477E+01  0.1521E+02
  -4.622  0.2448E+01  0.1524E+02
  -4.612  0.2415E+01  0.1526E+02
  -4.602  0.2380E+01  0.1529E+02
  -4.592  0.2342E+01  0.1531E+02
  -4.582  0.2302E+01  0.1533E+02
  -4.572  0.2259E+01  0.1536E+02
  -4.562  0.2215E+01  0.1538E+02
  -4.552  0.2169E+01  0.1540E+02
  -4.542  0.2121E+01  0.1542E+02
  -4.532  0.2073E+01  0.1544E+02
  -4.522  0.2023E+01  0.1546E+02
  -4.512  0.1973E+01  0.1548E+02
  -4.502  0.1922E+01  0.1550E+02
  -4.492  0.1871E+01  0.1552E+02
  -4.482  0.1820E+01  0.1554E+02
  -4.472  0.1770E+01  0.1555E+02
  -4.462  0.1720E+01  0.1557E+02
  -4.452  0.1671E+01  0.1559E+02
  -4.442  0.1623E+01  0.1561E+02
  -4.432  0.1577E+01  0.1562E+02
  -4.422  0.1532E+01  0.1564E+02
  -4.412  0.1488E+01  0.1565E+02
  -4.402  0.1447E+01  0.1567E+02
  -4.392  0.1407E+01  0.1568E+02
  -4.382  0.1370E+01  0.1569E+02
  -4.372  0.1335E+01  0.1571E+02
  -4.362  0.1302E+01  0.1572E+02
  -4.352  0.1272E+01  0.1573E+02
  -4.342  0.1244E+01  0.1574E+02
  -4.332  0.1220E+01  0.1576E+02
  -4.322  0.1198E+01  0.1577E+02
  -4.312  0.1178E+01  0.1578E+02
  -4.302  0.1162E+01  0.1579E+02
  -4.292  0.1148E+01  0.1580E+02
  -4.282  0.1138E+01  0.1582E+02
  -4.272  0.1130E+01  0.1583E+02
  -4.262  0.1125E+01  0.1584E+02
  -4.252  0.1123E+01  0.1585E+02
  -4.242  0.1123E+01  0.1586E+02
  -4.232  0.1126E+01  0.1587E+02
  -4.222  0.1132E+01  0.1588E+02
  -4.212  0.1141E+01  0.1589E+02
  -4.202  0.1152E+01  0.1591E+02
  -4.192  0.1165E+01  0.1592E+02
  -4.182  0.1181E+01  0.1593E+02
  -4.172  0.1199E+01  0.1594E+02
  -4.162  0.1219E+01  0.1595E+02
  -4.152  0.1241E+01  0.1597E+02
  -4.142  0.1265E+01  0.1598E+02
  -4.132  0.1291E+01  0.1599E+02
  -4.122  0.1318E+01  0.1600E+02
  -4.112  0.1347E+01  0.1602E+02
  -4.102  0.1377E+01  0.1603E+02
  -4.092  0.1409E+01  0.1605E+02
  -4.082  0.1441E+01  0.1606E+02
  -4.072  0.1475E+01  0.1608E+02
  -4.062  0.1509E+01  0.1609E+02
  -4.052  0.1544E+01  0.1611E+02
  -4.042  0.1580E+01  0.1612E+02
  -4.032  0.1616E+01  0.1614E+02
  -4.022  0.1652E+01  0.1615E+02
  -4.012  0.1688E+01  0.1617E+02
  -4.002  0.1725E+01  0.1619E+02
  -3.992  0.1761E+01  0.1621E+02
  -3.982  0.1797E+01  0.1622E+02
  -3.972  0.1833E+01  0.1624E+02
  -3.962  0.1868E+01  0.1626E+02
  -3.952  0.1902E+01  0.1628E+02
  -3.942  0.1935E+01  0.1630E+02
  -3.932  0.1968E+01  0.1632E+02
  -3.922  0.2000E+01  0.1634E+02
  -3.912  0.2030E+01  0.1636E+02
  -3.902  0.2060E+01  0.1638E+02
  -3.892  0.2088E+01  0.1640E+02
  -3.882  0.2115E+01  0.1642E+02
  -3.872  0.2140E+01  0.1644E+02
  -3.862  0.2164E+01  0.1646E+02
  -3.852  0.2186E+01  0.1649E+02
  -3.842  0.2206E+01  0.1651E+02
  -3.832  0.2225E+01  0.1653E+02
  -3.822  0.2242E+01  0.1655E+02
  -3.812  0.2257E+01  0.1658E+02
  -3.802  0.2271E+01  0.1660E+02
  -3.792  0.2283E+01  0.1662E+02
  -3.782  0.2293E+01  0.1664E+02
  -3.772  0.2301E+01  0.1667E+02
  -3.762  0.2308E+01  0.1669E+02
  -3.752  0.2312E+01  0.1671E+02
  -3.742  0.2315E+01  0.1674E+02
  -3.732  0.2317E+01  0.1676E+02
  -3.722  0.2316E+01  0.1678E+02
  -3.712  0.2314E+01  0.1681E+02
  -3.702  0.2311E+01  0.1683E+02
  -3.692  0.2306E+01  0.1685E+02
  -3.682  0.2300E+01  0.1688E+02
  -3.672  0.2293E+01  0.1690E+02
  -3.662  0.2284E+01  0.1692E+02
  -3.652  0.2275E+01  0.1694E+02
  -3.642  0.2264E+01  0.1697E+02
  -3.632  0.2252E+01  0.1699E+02
  -3.622  0.2240E+01  0.1701E+02
  -3.612  0.2227E+01  0.1703E+02
  -3.602  0.2214E+01  0.1706E+02
  -3.592  0.2201E+01  0.1708E+02
  -3.582  0.2187E+01  0.1710E+02
  -3.572  0.2173E+01  0.1712E+02
  -3.562  0.2159E+01  0.1714E+02
  -3.552  0.2145E+01  0.1716E+02
  -3.542  0.2132E+01  0.1719E+02
  -3.532  0.2119E+01  0.1721E+02
  -3.522  0.2107E+01  0.1723E+02
  -3.512  0.2096E+01  0.1725E+02
  -3.502  0.2086E+01  0.1727E+02
  -3.492  0.2077E+01  0.1729E+02
  -3.482  0.2070E+01  0.1731E+02
  -3.472  0.2064E+01  0.1733E+02
  -3.462  0.2059E+01  0.1735E+02
  -3.452  0.2057E+01  0.1737E+02
  -3.442  0.2056E+01  0.1739E+02
  -3.432  0.2058E+01  0.1741E+02
  -3.422  0.2062E+01  0.1743E+02
  -3.412  0.2069E+01  0.1746E+02
  -3.402  0.2078E+01  0.1748E+02
  -3.392  0.2090E+01  0.1750E+02
  -3.382  0.2106E+01  0.1752E+02
  -3.372  0.2124E+01  0.1754E+02
  -3.362  0.2146E+01  0.1756E+02
  -3.352  0.2171E+01  0.1758E+02
  -3.342  0.2199E+01  0.1760E+02
  -3.332  0.2231E+01  0.1763E+02
  -3.322  0.2267E+01  0.1765E+02
  -3.312  0.2307E+01  0.1767E+02
  -3.302  0.2351E+01  0.1770E+02
  -3.292  0.2398E+01  0.1772E+02
  -3.282  0.2450E+01  0.1774E+02
  -3.272  0.2506E+01  0.1777E+02
  -3.262  0.2565E+01  0.1780E+02
  -3.252  0.2629E+01  0.1782E+02
  -3.242  0.2697E+01  0.1785E+02
  -3.232  0.2769E+01  0.1788E+02
  -3.222  0.2845E+01  0.1790E+02
  -3.212  0.2924E+01  0.1793E+02
  -3.202  0.3008E+01  0.1796E+02
  -3.192  0.3095E+01  0.1800E+02
  -3.182  0.3185E+01  0.1803E+02
  -3.172  0.3279E+01  0.1806E+02
  -3.162  0.3376E+01  0.1809E+02
  -3.152  0.3476E+01  0.1813E+02
  -3.142  0.3578E+01  0.1816E+02
  -3.132  0.3683E+01  0.1820E+02
  -3.122  0.3791E+01  0.1824E+02
  -3.112  0.3900E+01  0.1828E+02
  -3.102  0.4011E+01  0.1832E+02
  -3.092  0.4123E+01  0.1836E+02
  -3.082  0.4237E+01  0.1840E+02
  -3.072  0.4351E+01  0.1845E+02
  -3.062  0.4466E+01  0.1849E+02
  -3.052  0.4581E+01  0.1854E+02
  -3.042  0.4695E+01  0.1858E+02
  -3.032  0.4810E+01  0.1863E+02
  -3.022  0.4923E+01  0.1868E+02
  -3.012  0.5035E+01  0.1873E+02
  -3.002  0.5145E+01  0.1878E+02
  -2.992  0.5254E+01  0.1883E+02
  -2.982  0.5360E+01  0.1889E+02
  -2.972  0.5464E+01  0.1894E+02
  -2.962  0.5565E+01  0.1900E+02
  -2.952  0.5664E+01  0.1905E+02
  -2.942  0.5758E+01  0.1911E+02
  -2.932  0.5850E+01  0.1917E+02
  -2.922  0.5937E+01  0.1923E+02
  -2.912  0.6021E+01  0.1929E+02
  -2.902  0.6100E+01  0.1935E+02
  -2.892  0.6175E+01  0.1941E+02
  -2.882  0.6246E+01  0.1948E+02
  -2.872  0.6312E+01  0.1954E+02
  -2.862  0.6373E+01  0.1960E+02
  -2.852  0.6429E+01  0.1967E+02
  -2.842  0.6480E+01  0.1973E+02
  -2.832  0.6527E+01  0.1980E+02
  -2.822  0.6569E+01  0.1986E+02
  -2.812  0.6605E+01  0.1993E+02
  -2.802  0.6637E+01  0.1999E+02
  -2.792  0.6664E+01  0.2006E+02
  -2.782  0.6686E+01  0.2013E+02
  -2.772  0.6704E+01  0.2020E+02
  -2.762  0.6717E+01  0.2026E+02
  -2.752  0.6725E+01  0.2033E+02
  -2.742  0.6728E+01  0.2040E+02
  -2.732  0.6728E+01  0.2046E+02
  -2.722  0.6723E+01  0.2053E+02
  -2.712  0.6714E+01  0.2060E+02
  -2.702  0.6702E+01  0.2067E+02
  -2.692  0.6685E+01  0.2073E+02
  -2.682  0.6665E+01  0.2080E+02
  -2.672  0.6642E+01  0.2087E+02
  -2.662  0.6615E+01  0.2093E+02
  -2.652  0.6585E+01  0.2100E+02
  -2.642  0.6552E+01  0.2106E+02
  -2.632  0.6516E+01  0.2113E+02
  -2.622  0.6477E+01  0.2119E+02
  -2.612  0.6435E+01  0.2126E+02
  -2.602  0.6392E+01  0.2132E+02
  -2.592  0.6345E+01  0.2138E+02
  -2.582  0.6297E+01  0.2145E+02
  -2.572  0.6246E+01  0.2151E+02
  -2.562  0.6193E+01  0.2157E+02
  -2.552  0.6138E+01  0.2163E+02
  -2.542  0.6081E+01  0.2169E+02
  -2.532  0.6023E+01  0.2175E+02
  -2.522  0.5962E+01  0.2181E+02
  -2.512  0.5900E+01  0.2187E+02
  -2.502  0.5836E+01  0.2193E+02
  -2.492  0.5771E+01  0.2199E+02
  -2.482  0.5704E+01  0.2205E+02
  -2.472  0.5635E+01  0.2210E+02
  -2.462  0.5565E+01  0.2216E+02
  -2.452  0.5493E+01  0.2221E+02
  -2.442  0.5420E+01  0.2227E+02
  -2.432  0.5345E+01  0.2232E+02
  -2.422  0.5269E+01  0.2237E+02
  -2.412  0.5191E+01  0.2243E+02
  -2.402  0.5112E+01  0.2248E+02
  -2.392  0.5032E+01  0.2253E+02
  -2.382  0.4950E+01  0.2258E+02
  -2.372  0.4867E+01  0.2263E+02
  -2.362  0.4782E+01  0.2267E+02
  -2.352  0.4696E+01  0.2272E+02
  -2.342  0.4609E+01  0.2277E+02
  -2.332  0.4521E+01  0.2281E+02
  -2.322  0.4432E+01  0.2286E+02
  -2.312  0.4341E+01  0.2290E+02
  -2.302  0.4250E+01  0.2294E+02
  -2.292  0.4157E+01  0.2298E+02
  -2.282  0.4064E+01  0.2302E+02
  -2.272  0.3970E+01  0.2306E+02
  -2.262  0.3875E+01  0.2310E+02
  -2.252  0.3780E+01  0.2314E+02
  -2.242  0.3683E+01  0.2318E+02
  -2.232  0.3587E+01  0.2321E+02
  -2.222  0.3490E+01  0.2325E+02
  -2.212  0.3393E+01  0.2328E+02
  -2.202  0.3296E+01  0.2331E+02
  -2.192  0.3198E+01  0.2335E+02
  -2.182  0.3101E+01  0.2338E+02
  -2.172  0.3004E+01  0.2341E+02
  -2.162  0.2908E+01  0.2344E+02
  -2.152  0.2812E+01  0.2346E+02
  -2.142  0.2716E+01  0.2349E+02
  -2.132  0.2621E+01  0.2352E+02
  -2.122  0.2527E+01  0.2354E+02
  -2.112  0.2434E+01  0.2357E+02
  -2.102  0.2343E+01  0.2359E+02
  -2.092  0.2252E+01  0.2361E+02
  -2.082  0.2162E+01  0.2364E+02
  -2.072  0.2074E+01  0.2366E+02
  -2.062  0.1987E+01  0.2368E+02
  -2.052  0.1902E+01  0.2369E+02
  -2.042  0.1819E+01  0.2371E+02
  -2.032  0.1737E+01  0.2373E+02
  -2.022  0.1658E+01  0.2375E+02
  -2.012  0.1580E+01  0.2376E+02
  -2.002  0.1504E+01  0.2378E+02
  -1.992  0.1430E+01  0.2379E+02
  -1.982  0.1358E+01  0.2381E+02
  -1.972  0.1289E+01  0.2382E+02
  -1.962  0.1221E+01  0.2383E+02
  -1.952  0.1156E+01  0.2384E+02
  -1.942  0.1093E+01  0.2385E+02
  -1.932  0.1032E+01  0.2386E+02
  -1.922  0.9730E+00  0.2387E+02
  -1.912  0.9165E+00  0.2388E+02
  -1.902  0.8623E+00  0.2389E+02
  -1.892  0.8103E+00  0.2390E+02
  -1.882  0.7605E+00  0.2391E+02
  -1.872  0.7128E+00  0.2391E+02
  -1.862  0.6674E+00  0.2392E+02
  -1.852  0.6240E+00  0.2393E+02
  -1.842  0.5827E+00  0.2393E+02
  -1.832  0.5435E+00  0.2394E+02
  -1.822  0.5062E+00  0.2394E+02
  -1.812  0.4709E+00  0.2395E+02
  -1.802  0.4375E+00  0.2395E+02
  -1.792  0.4060E+00  0.2396E+02
  -1.782  0.3762E+00  0.2396E+02
  -1.772  0.3482E+00  0.2396E+02
  -1.762  0.3218E+00  0.2397E+02
  -1.752  0.2970E+00  0.2397E+02
  -1.742  0.2738E+00  0.2397E+02
  -1.732  0.2520E+00  0.2398E+02
  -1.722  0.2317E+00  0.2398E+02
  -1.712  0.2127E+00  0.2398E+02
  -1.702  0.1950E+00  0.2398E+02
  -1.692  0.1786E+00  0.2398E+02
  -1.682  0.1633E+00  0.2398E+02
  -1.672  0.1491E+00  0.2399E+02
  -1.662  0.1360E+00  0.2399E+02
  -1.652  0.1238E+00  0.2399E+02
  -1.642  0.1126E+00  0.2399E+02
  -1.632  0.1023E+00  0.2399E+02
  -1.622  0.9282E-01  0.2399E+02
  -1.612  0.8411E-01  0.2399E+02
  -1.602  0.7612E-01  0.2399E+02
  -1.592  0.6882E-01  0.2399E+02
  -1.582  0.6216E-01  0.2400E+02
  -1.572  0.5610E-01  0.2400E+02
  -1.562  0.5059E-01  0.2400E+02
  -1.552  0.4561E-01  0.2400E+02
  -1.542  0.4111E-01  0.2400E+02
  -1.532  0.3707E-01  0.2400E+02
  -1.522  0.3345E-01  0.2400E+02
  -1.512  0.3023E-01  0.2400E+02
  -1.502  0.2738E-01  0.2400E+02
  -1.492  0.2488E-01  0.2400E+02
  -1.482  0.2271E-01  0.2400E+02
  -1.472  0.2085E-01  0.2400E+02
  -1.462  0.1930E-01  0.2400E+02
  -1.452  0.1803E-01  0.2400E+02
  -1.442  0.1703E-01  0.2400E+02
  -1.432  0.1631E-01  0.2400E+02
  -1.422  0.1585E-01  0.2400E+02
  -1.412  0.1566E-01  0.2400E+02
  -1.402  0.1573E-01  0.2400E+02
  -1.392  0.1608E-01  0.2400E+02
  -1.382  0.1670E-01  0.2400E+02
  -1.372  0.1761E-01  0.2400E+02
  -1.362  0.1882E-01  0.2400E+02
  -1.352  0.2034E-01  0.2400E+02
  -1.342  0.2220E-01  0.2400E+02
  -1.332  0.2442E-01  0.2400E+02
  -1.322  0.2702E-01  0.2400E+02
  -1.312  0.3004E-01  0.2400E+02
  -1.302  0.3350E-01  0.2400E+02
  -1.292  0.3745E-01  0.2400E+02
  -1.282  0.4192E-01  0.2400E+02
  -1.272  0.4696E-01  0.2400E+02
  -1.262  0.5262E-01  0.2400E+02
  -1.252  0.5894E-01  0.2400E+02
  -1.242  0.6600E-01  0.2401E+02
  -1.232  0.7383E-01  0.2401E+02
  -1.222  0.8252E-01  0.2401E+02
  -1.212  0.9213E-01  0.2401E+02
  -1.202  0.1027E+00  0.2401E+02
  -1.192  0.1144E+00  0.2401E+02
  -1.182  0.1272E+00  0.2401E+02
  -1.172  0.1413E+00  0.2401E+02
  -1.162  0.1566E+00  0.2401E+02
  -1.152  0.1734E+00  0.2402E+02
  -1.142  0.1917E+00  0.2402E+02
  -1.132  0.2116E+00  0.2402E+02
  -1.122  0.2333E+00  0.2402E+02
  -1.112  0.2567E+00  0.2402E+02
  -1.102  0.2820E+00  0.2403E+02
  -1.092  0.3094E+00  0.2403E+02
  -1.082  0.3389E+00  0.2403E+02
  -1.072  0.3706E+00  0.2404E+02
  -1.062  0.4047E+00  0.2404E+02
  -1.052  0.4412E+00  0.2405E+02
  -1.042  0.4803E+00  0.2405E+02
  -1.032  0.5221E+00  0.2406E+02
  -1.022  0.5666E+00  0.2406E+02
  -1.012  0.6139E+00  0.2407E+02
  -1.002  0.6642E+00  0.2407E+02
  -0.992  0.7175E+00  0.2408E+02
  -0.982  0.7739E+00  0.2409E+02
  -0.972  0.8335E+00  0.2410E+02
  -0.962  0.8964E+00  0.2411E+02
  -0.952  0.9625E+00  0.2412E+02
  -0.942  0.1032E+01  0.2413E+02
  -0.932  0.1105E+01  0.2414E+02
  -0.922  0.1181E+01  0.2415E+02
  -0.912  0.1260E+01  0.2416E+02
  -0.902  0.1343E+01  0.2418E+02
  -0.892  0.1430E+01  0.2419E+02
  -0.882  0.1519E+01  0.2421E+02
  -0.872  0.1612E+01  0.2422E+02
  -0.862  0.1708E+01  0.2424E+02
  -0.852  0.1808E+01  0.2426E+02
  -0.842  0.1910E+01  0.2428E+02
  -0.832  0.2015E+01  0.2430E+02
  -0.822  0.2123E+01  0.2432E+02
  -0.812  0.2234E+01  0.2434E+02
  -0.802  0.2347E+01  0.2436E+02
  -0.792  0.2463E+01  0.2439E+02
  -0.782  0.2580E+01  0.2441E+02
  -0.772  0.2700E+01  0.2444E+02
  -0.762  0.2822E+01  0.2447E+02
  -0.752  0.2945E+01  0.2450E+02
  -0.742  0.3069E+01  0.2453E+02
  -0.732  0.3194E+01  0.2456E+02
  -0.722  0.3320E+01  0.2459E+02
  -0.712  0.3447E+01  0.2463E+02
  -0.702  0.3574E+01  0.2466E+02
  -0.692  0.3701E+01  0.2470E+02
  -0.682  0.3828E+01  0.2474E+02
  -0.672  0.3954E+01  0.2478E+02
  -0.662  0.4079E+01  0.2482E+02
  -0.652  0.4204E+01  0.2486E+02
  -0.642  0.4327E+01  0.2491E+02
  -0.632  0.4449E+01  0.2495E+02
  -0.622  0.4569E+01  0.2500E+02
  -0.612  0.4687E+01  0.2504E+02
  -0.602  0.4803E+01  0.2509E+02
  -0.592  0.4916E+01  0.2514E+02
  -0.582  0.5027E+01  0.2519E+02
  -0.572  0.5135E+01  0.2524E+02
  -0.562  0.5239E+01  0.2529E+02
  -0.552  0.5341E+01  0.2535E+02
  -0.542  0.5440E+01  0.2540E+02
  -0.532  0.5535E+01  0.2546E+02
  -0.522  0.5627E+01  0.2551E+02
  -0.512  0.5715E+01  0.2557E+02
  -0.502  0.5799E+01  0.2563E+02
  -0.492  0.5880E+01  0.2569E+02
  -0.482  0.5957E+01  0.2575E+02
  -0.472  0.6030E+01  0.2581E+02
  -0.462  0.6100E+01  0.2587E+02
  -0.452  0.6166E+01  0.2593E+02
  -0.442  0.6228E+01  0.2599E+02
  -0.432  0.6286E+01  0.2605E+02
  -0.422  0.6341E+01  0.2612E+02
  -0.412  0.6392E+01  0.2618E+02
  -0.402  0.6440E+01  0.2625E+02
  -0.392  0.6484E+01  0.2631E+02
  -0.382  0.6525E+01  0.2638E+02
  -0.372  0.6563E+01  0.2644E+02
  -0.362  0.6598E+01  0.2651E+02
  -0.352  0.6629E+01  0.2657E+02
  -0.342  0.6658E+01  0.2664E+02
  -0.332  0.6684E+01  0.2671E+02
  -0.322  0.6707E+01  0.2677E+02
  -0.312  0.6728E+01  0.2684E+02
  -0.302  0.6746E+01  0.2691E+02
  -0.292  0.6762E+01  0.2698E+02
  -0.282  0.6775E+01  0.2704E+02
  -0.272  0.6786E+01  0.2711E+02
  -0.262  0.6796E+01  0.2718E+02
  -0.252  0.6803E+01  0.2725E+02
  -0.242  0.6808E+01  0.2732E+02
  -0.232  0.6812E+01  0.2738E+02
  -0.222  0.6814E+01  0.2745E+02
  -0.212  0.6814E+01  0.2752E+02
  -0.202  0.6813E+01  0.2759E+02
  -0.192  0.6811E+01  0.2766E+02
  -0.182  0.6807E+01  0.2773E+02
  -0.172  0.6802E+01  0.2779E+02
  -0.162  0.6795E+01  0.2786E+02
  -0.152  0.6788E+01  0.2793E+02
  -0.142  0.6779E+01  0.2800E+02
  -0.132  0.6770E+01  0.2806E+02
  -0.122  0.6759E+01  0.2813E+02
  -0.112  0.6748E+01  0.2820E+02
  -0.102  0.6736E+01  0.2827E+02
  -0.092  0.6723E+01  0.2833E+02
  -0.082  0.6710E+01  0.2840E+02
  -0.072  0.6697E+01  0.2847E+02
  -0.062  0.6683E+01  0.2854E+02
  -0.052  0.6669E+01  0.2860E+02
  -0.042  0.6655E+01  0.2867E+02
  -0.032  0.6640E+01  0.2873E+02
  -0.022  0.6626E+01  0.2880E+02
  -0.012  0.6612E+01  0.2887E+02
  -0.002  0.6598E+01  0.2893E+02
   0.008  0.6585E+01  0.2900E+02
   0.018  0.6572E+01  0.2906E+02
   0.028  0.6560E+01  0.2913E+02
   0.038  0.6548E+01  0.2920E+02
   0.048  0.6538E+01  0.2926E+02
   0.058  0.6528E+01  0.2933E+02
   0.068  0.6519E+01  0.2939E+02
   0.078  0.6512E+01  0.2946E+02
   0.088  0.6505E+01  0.2952E+02
   0.098  0.6500E+01  0.2959E+02
   0.108  0.6497E+01  0.2965E+02
   0.118  0.6494E+01  0.2972E+02
   0.128  0.6494E+01  0.2978E+02
   0.138  0.6495E+01  0.2985E+02
   0.148  0.6497E+01  0.2991E+02
   0.158  0.6501E+01  0.2998E+02
   0.168  0.6507E+01  0.3004E+02
   0.178  0.6514E+01  0.3011E+02
   0.188  0.6523E+01  0.3017E+02
   0.198  0.6533E+01  0.3024E+02
   0.208  0.6545E+01  0.3030E+02
   0.218  0.6559E+01  0.3037E+02
   0.228  0.6573E+01  0.3043E+02
   0.238  0.6589E+01  0.3050E+02
   0.248  0.6607E+01  0.3057E+02
   0.258  0.6625E+01  0.3063E+02
   0.268  0.6645E+01  0.3070E+02
   0.278  0.6665E+01  0.3077E+02
   0.288  0.6686E+01  0.3083E+02
   0.298  0.6708E+01  0.3090E+02
   0.308  0.6730E+01  0.3097E+02
   0.318  0.6752E+01  0.3103E+02
   0.328  0.6775E+01  0.3110E+02
   0.338  0.6798E+01  0.3117E+02
   0.348  0.6821E+01  0.3124E+02
   0.358  0.6843E+01  0.3131E+02
   0.368  0.6865E+01  0.3138E+02
   0.378  0.6887E+01  0.3144E+02
   0.388  0.6908E+01  0.3151E+02
   0.398  0.6928E+01  0.3158E+02
   0.408  0.6948E+01  0.3165E+02
   0.418  0.6966E+01  0.3172E+02
   0.428  0.6984E+01  0.3179E+02
   0.438  0.7000E+01  0.3186E+02
   0.448  0.7015E+01  0.3193E+02
   0.458  0.7029E+01  0.3200E+02
   0.468  0.7042E+01  0.3207E+02
   0.478  0.7054E+01  0.3214E+02
   0.488  0.7064E+01  0.3221E+02
   0.498  0.7073E+01  0.3228E+02
   0.508  0.7081E+01  0.3236E+02
   0.518  0.7088E+01  0.3243E+02
   0.528  0.7093E+01  0.3250E+02
   0.538  0.7097E+01  0.3257E+02
   0.548  0.7101E+01  0.3264E+02
   0.558  0.7103E+01  0.3271E+02
   0.568  0.7105E+01  0.3278E+02
   0.578  0.7106E+01  0.3285E+02
   0.588  0.7106E+01  0.3292E+02
   0.598  0.7106E+01  0.3299E+02
   0.608  0.7105E+01  0.3307E+02
   0.618  0.7105E+01  0.3314E+02
   0.628  0.7104E+01  0.3321E+02
   0.638  0.7103E+01  0.3328E+02
   0.648  0.7103E+01  0.3335E+02
   0.658  0.7103E+01  0.3342E+02
   0.668  0.7103E+01  0.3349E+02
   0.678  0.7104E+01  0.3356E+02
   0.688  0.7105E+01  0.3363E+02
   0.698  0.7108E+01  0.3370E+02
   0.708  0.7111E+01  0.3378E+02
   0.718  0.7116E+01  0.3385E+02
   0.728  0.7122E+01  0.3392E+02
   0.738  0.7129E+01  0.3399E+02
   0.748  0.7137E+01  0.3406E+02
   0.758  0.7147E+01  0.3413E+02
   0.768  0.7158E+01  0.3420E+02
   0.778  0.7171E+01  0.3428E+02
   0.788  0.7185E+01  0.3435E+02
   0.798  0.7201E+01  0.3442E+02
   0.808  0.7218E+01  0.3449E+02
   0.818  0.7237E+01  0.3456E+02
   0.828  0.7257E+01  0.3464E+02
   0.838  0.7279E+01  0.3471E+02
   0.848  0.7302E+01  0.3478E+02
   0.858  0.7326E+01  0.3486E+02
   0.868  0.7352E+01  0.3493E+02
   0.878  0.7379E+01  0.3500E+02
   0.888  0.7407E+01  0.3508E+02
   0.898  0.7436E+01  0.3515E+02
   0.908  0.7465E+01  0.3523E+02
   0.918  0.7496E+01  0.3530E+02
   0.928  0.7527E+01  0.3538E+02
   0.938  0.7558E+01  0.3545E+02
   0.948  0.7590E+01  0.3553E+02
   0.958  0.7622E+01  0.3560E+02
   0.968  0.7655E+01  0.3568E+02
   0.978  0.7687E+01  0.3576E+02
   0.988  0.7719E+01  0.3583E+02
   0.998  0.7751E+01  0.3591E+02
   1.008  0.7782E+01  0.3599E+02
   1.018  0.7813E+01  0.3607E+02
   1.028  0.7844E+01  0.3615E+02
   1.038  0.7873E+01  0.3623E+02
   1.048  0.7902E+01  0.3630E+02
   1.058  0.7930E+01  0.3638E+02
   1.068  0.7957E+01  0.3646E+02
   1.078  0.7983E+01  0.3654E+02
   1.088  0.8009E+01  0.3662E+02
   1.098  0.8033E+01  0.3670E+02
   1.108  0.8055E+01  0.3678E+02
   1.118  0.8077E+01  0.3686E+02
   1.128  0.8098E+01  0.3695E+02
   1.138  0.8117E+01  0.3703E+02
   1.148  0.8136E+01  0.3711E+02
   1.158  0.8153E+01  0.3719E+02
   1.168  0.8169E+01  0.3727E+02
   1.178  0.8183E+01  0.3735E+02
   1.188  0.8197E+01  0.3744E+02
   1.198  0.8210E+01  0.3752E+02
   1.208  0.8222E+01  0.3760E+02
   1.218  0.8233E+01  0.3768E+02
   1.228  0.8242E+01  0.3776E+02
   1.238  0.8251E+01  0.3785E+02
   1.248  0.8259E+01  0.3793E+02
   1.258  0.8267E+01  0.3801E+02
   1.268  0.8273E+01  0.3809E+02
   1.278  0.8279E+01  0.3818E+02
   1.288  0.8284E+01  0.3826E+02
   1.298  0.8288E+01  0.3834E+02
   1.308  0.8292E+01  0.3843E+02
   1.318  0.8295E+01  0.3851E+02
   1.328  0.8297E+01  0.3859E+02
   1.338  0.8299E+01  0.3868E+02
   1.348  0.8301E+01  0.3876E+02
   1.358  0.8301E+01  0.3884E+02
   1.368  0.8301E+01  0.3892E+02
   1.378  0.8300E+01  0.3901E+02
   1.388  0.8299E+01  0.3909E+02
   1.398  0.8297E+01  0.3917E+02
   1.408  0.8294E+01  0.3926E+02
   1.418  0.8291E+01  0.3934E+02
   1.428  0.8286E+01  0.3942E+02
   1.438  0.8281E+01  0.3950E+02
   1.448  0.8275E+01  0.3959E+02
   1.458  0.8268E+01  0.3967E+02
   1.468  0.8260E+01  0.3975E+02
   1.478  0.8251E+01  0.3984E+02
   1.488  0.8241E+01  0.3992E+02
   1.498  0.8229E+01  0.4000E+02
   1.508  0.8217E+01  0.4008E+02
   1.518  0.8203E+01  0.4016E+02
   1.528  0.8188E+01  0.4025E+02
   1.538  0.8171E+01  0.4033E+02
   1.548  0.8153E+01  0.4041E+02
   1.558  0.8134E+01  0.4049E+02
   1.568  0.8114E+01  0.4057E+02
   1.578  0.8092E+01  0.4065E+02
   1.588  0.8069E+01  0.4073E+02
   1.598  0.8044E+01  0.4081E+02
   1.608  0.8018E+01  0.4089E+02
   1.618  0.7991E+01  0.4097E+02
   1.628  0.7962E+01  0.4105E+02
   1.638  0.7932E+01  0.4113E+02
   1.648  0.7901E+01  0.4121E+02
   1.658  0.7868E+01  0.4129E+02
   1.668  0.7835E+01  0.4137E+02
   1.678  0.7800E+01  0.4145E+02
   1.688  0.7765E+01  0.4152E+02
   1.698  0.7729E+01  0.4160E+02
   1.708  0.7692E+01  0.4168E+02
   1.718  0.7654E+01  0.4176E+02
   1.728  0.7616E+01  0.4183E+02
   1.738  0.7577E+01  0.4191E+02
   1.748  0.7538E+01  0.4198E+02
   1.758  0.7499E+01  0.4206E+02
   1.768  0.7460E+01  0.4213E+02
   1.778  0.7421E+01  0.4221E+02
   1.788  0.7382E+01  0.4228E+02
   1.798  0.7344E+01  0.4235E+02
   1.808  0.7306E+01  0.4243E+02
   1.818  0.7268E+01  0.4250E+02
   1.828  0.7231E+01  0.4257E+02
   1.838  0.7195E+01  0.4264E+02
   1.848  0.7160E+01  0.4272E+02
   1.858  0.7126E+01  0.4279E+02
   1.868  0.7092E+01  0.4286E+02
   1.878  0.7061E+01  0.4293E+02
   1.888  0.7030E+01  0.4300E+02
   1.898  0.7001E+01  0.4307E+02
   1.908  0.6973E+01  0.4314E+02
   1.918  0.6946E+01  0.4321E+02
   1.928  0.6922E+01  0.4328E+02
   1.938  0.6898E+01  0.4335E+02
   1.948  0.6876E+01  0.4341E+02
   1.958  0.6856E+01  0.4348E+02
   1.968  0.6838E+01  0.4355E+02
   1.978  0.6821E+01  0.4362E+02
   1.988  0.6805E+01  0.4369E+02
   1.998  0.6791E+01  0.4376E+02
   2.008  0.6778E+01  0.4382E+02
   2.018  0.6767E+01  0.4389E+02
   2.028  0.6757E+01  0.4396E+02
   2.038  0.6748E+01  0.4403E+02
   2.048  0.6740E+01  0.4409E+02
   2.058  0.6734E+01  0.4416E+02
   2.068  0.6728E+01  0.4423E+02
   2.078  0.6722E+01  0.4430E+02
   2.088  0.6718E+01  0.4436E+02
   2.098  0.6713E+01  0.4443E+02
   2.108  0.6709E+01  0.4450E+02
   2.118  0.6705E+01  0.4456E+02
   2.128  0.6701E+01  0.4463E+02
   2.138  0.6696E+01  0.4470E+02
   2.148  0.6691E+01  0.4476E+02
   2.158  0.6686E+01  0.4483E+02
   2.168  0.6679E+01  0.4490E+02
   2.178  0.6671E+01  0.4496E+02
   2.188  0.6662E+01  0.4503E+02
   2.198  0.6651E+01  0.4510E+02
   2.208  0.6639E+01  0.4516E+02
   2.218  0.6624E+01  0.4523E+02
   2.228  0.6608E+01  0.4530E+02
   2.238  0.6589E+01  0.4536E+02
   2.248  0.6567E+01  0.4543E+02
   2.258  0.6543E+01  0.4549E+02
   2.268  0.6516E+01  0.4556E+02
   2.278  0.6486E+01  0.4562E+02
   2.288  0.6453E+01  0.4569E+02
   2.298  0.6416E+01  0.4575E+02
   2.308  0.6376E+01  0.4582E+02
   2.318  0.6332E+01  0.4588E+02
   2.328  0.6285E+01  0.4594E+02
   2.338  0.6234E+01  0.4600E+02
   2.348  0.6179E+01  0.4607E+02
   2.358  0.6120E+01  0.4613E+02
   2.368  0.6058E+01  0.4619E+02
   2.378  0.5991E+01  0.4625E+02
   2.388  0.5920E+01  0.4631E+02
   2.398  0.5846E+01  0.4637E+02
   2.408  0.5767E+01  0.4642E+02
   2.418  0.5685E+01  0.4648E+02
   2.428  0.5599E+01  0.4654E+02
   2.438  0.5509E+01  0.4659E+02
   2.448  0.5415E+01  0.4665E+02
   2.458  0.5319E+01  0.4670E+02
   2.468  0.5218E+01  0.4675E+02
   2.478  0.5115E+01  0.4680E+02
   2.488  0.5009E+01  0.4685E+02
   2.498  0.4899E+01  0.4690E+02
   2.508  0.4788E+01  0.4695E+02
   2.518  0.4673E+01  0.4700E+02
   2.528  0.4557E+01  0.4704E+02
   2.538  0.4438E+01  0.4709E+02
   2.548  0.4318E+01  0.4713E+02
   2.558  0.4197E+01  0.4717E+02
   2.568  0.4074E+01  0.4721E+02
   2.578  0.3950E+01  0.4725E+02
   2.588  0.3825E+01  0.4729E+02
   2.598  0.3700E+01  0.4733E+02
   2.608  0.3575E+01  0.4736E+02
   2.618  0.3449E+01  0.4740E+02
   2.628  0.3324E+01  0.4743E+02
   2.638  0.3200E+01  0.4746E+02
   2.648  0.3076E+01  0.4749E+02
   2.658  0.2954E+01  0.4752E+02
   2.668  0.2832E+01  0.4755E+02
   2.678  0.2712E+01  0.4758E+02
   2.688  0.2594E+01  0.4760E+02
   2.698  0.2478E+01  0.4763E+02
   2.708  0.2364E+01  0.4765E+02
   2.718  0.2252E+01  0.4767E+02
   2.728  0.2142E+01  0.4770E+02
   2.738  0.2035E+01  0.4772E+02
   2.748  0.1931E+01  0.4774E+02
   2.758  0.1829E+01  0.4775E+02
   2.768  0.1731E+01  0.4777E+02
   2.778  0.1635E+01  0.4779E+02
   2.788  0.1543E+01  0.4780E+02
   2.798  0.1454E+01  0.4782E+02
   2.808  0.1368E+01  0.4783E+02
   2.818  0.1285E+01  0.4784E+02
   2.828  0.1206E+01  0.4786E+02
   2.838  0.1130E+01  0.4787E+02
   2.848  0.1057E+01  0.4788E+02
   2.858  0.9872E+00  0.4789E+02
   2.868  0.9208E+00  0.4790E+02
   2.878  0.8577E+00  0.4791E+02
   2.888  0.7977E+00  0.4791E+02
   2.898  0.7408E+00  0.4792E+02
   2.908  0.6870E+00  0.4793E+02
   2.918  0.6361E+00  0.4793E+02
   2.928  0.5881E+00  0.4794E+02
   2.938  0.5430E+00  0.4795E+02
   2.948  0.5005E+00  0.4795E+02
   2.958  0.4607E+00  0.4796E+02
   2.968  0.4234E+00  0.4796E+02
   2.978  0.3885E+00  0.4796E+02
   2.988  0.3560E+00  0.4797E+02
   2.998  0.3257E+00  0.4797E+02
   3.008  0.2975E+00  0.4797E+02
   3.018  0.2714E+00  0.4798E+02
   3.028  0.2471E+00  0.4798E+02
   3.038  0.2247E+00  0.4798E+02
   3.048  0.2040E+00  0.4798E+02
   3.058  0.1849E+00  0.4798E+02
   3.068  0.1674E+00  0.4799E+02
   3.078  0.1513E+00  0.4799E+02
   3.088  0.1365E+00  0.4799E+02
   3.098  0.1230E+00  0.4799E+02
   3.108  0.1106E+00  0.4799E+02
   3.118  0.9932E-01  0.4799E+02
   3.128  0.8905E-01  0.4799E+02
   3.138  0.7973E-01  0.4799E+02
   3.148  0.7126E-01  0.4799E+02
   3.158  0.6360E-01  0.4800E+02
   3.168  0.5667E-01  0.4800E+02
   3.178  0.5041E-01  0.4800E+02
   3.188  0.4478E-01  0.4800E+02
   3.198  0.3971E-01  0.4800E+02
   3.208  0.3516E-01  0.4800E+02
