#  E (eV)   dos(E)     Int dos(E) EFermi =   2.546 eV
 -17.384  0.8529E-04  0.8529E-06
 -17.374  0.1142E-03  0.1995E-05
 -17.364  0.1521E-03  0.3515E-05
 -17.354  0.2016E-03  0.5532E-05
 -17.344  0.2660E-03  0.8192E-05
 -17.334  0.3493E-03  0.1169E-04
 -17.324  0.4565E-03  0.1625E-04
 -17.314  0.5937E-03  0.2219E-04
 -17.304  0.7684E-03  0.2987E-04
 -17.294  0.9898E-03  0.3977E-04
 -17.284  0.1269E-02  0.5246E-04
 -17.274  0.1619E-02  0.6865E-04
 -17.264  0.2055E-02  0.8920E-04
 -17.254  0.2597E-02  0.1152E-03
 -17.244  0.3266E-02  0.1478E-03
 -17.234  0.4088E-02  0.1887E-03
 -17.224  0.5092E-02  0.2396E-03
 -17.214  0.6311E-02  0.3027E-03
 -17.204  0.7786E-02  0.3806E-03
 -17.194  0.9559E-02  0.4762E-03
 -17.184  0.1168E-01  0.5930E-03
 -17.174  0.1420E-01  0.7350E-03
 -17.164  0.1719E-01  0.9069E-03
 -17.154  0.2070E-01  0.1114E-02
 -17.144  0.2481E-01  0.1362E-02
 -17.134  0.2960E-01  0.1658E-02
 -17.124  0.3513E-01  0.2009E-02
 -17.114  0.4151E-01  0.2424E-02
 -17.104  0.4881E-01  0.2912E-02
 -17.094  0.5711E-01  0.3484E-02
 -17.084  0.6651E-01  0.4149E-02
 -17.074  0.7708E-01  0.4919E-02
 -17.064  0.8891E-01  0.5809E-02
 -17.054  0.1021E+00  0.6829E-02
 -17.044  0.1166E+00  0.7995E-02
 -17.034  0.1326E+00  0.9321E-02
 -17.024  0.1500E+00  0.1082E-01
 -17.014  0.1689E+00  0.1251E-01
 -17.004  0.1893E+00  0.1440E-01
 -16.994  0.2111E+00  0.1651E-01
 -16.984  0.2343E+00  0.1886E-01
 -16.974  0.2589E+00  0.2145E-01
 -16.964  0.2846E+00  0.2429E-01
 -16.954  0.3114E+00  0.2741E-01
 -16.944  0.3391E+00  0.3080E-01
 -16.934  0.3675E+00  0.3447E-01
 -16.924  0.3964E+00  0.3844E-01
 -16.914  0.4255E+00  0.4269E-01
 -16.904  0.4546E+00  0.4724E-01
 -16.894  0.4833E+00  0.5207E-01
 -16.884  0.5115E+00  0.5718E-01
 -16.874  0.5387E+00  0.6257E-01
 -16.864  0.5648E+00  0.6822E-01
 -16.854  0.5893E+00  0.7411E-01
 -16.844  0.6121E+00  0.8023E-01
 -16.834  0.6328E+00  0.8656E-01
 -16.824  0.6513E+00  0.9307E-01
 -16.814  0.6673E+00  0.9975E-01
 -16.804  0.6808E+00  0.1066E+00
 -16.794  0.6915E+00  0.1135E+00
 -16.784  0.6995E+00  0.1205E+00
 -16.774  0.7048E+00  0.1275E+00
 -16.764  0.7075E+00  0.1346E+00
 -16.754  0.7077E+00  0.1417E+00
 -16.744  0.7057E+00  0.1487E+00
 -16.734  0.7017E+00  0.1557E+00
 -16.724  0.6962E+00  0.1627E+00
 -16.714  0.6895E+00  0.1696E+00
 -16.704  0.6823E+00  0.1764E+00
 -16.694  0.6750E+00  0.1832E+00
 -16.684  0.6682E+00  0.1899E+00
 -16.674  0.6628E+00  0.1965E+00
 -16.664  0.6594E+00  0.2031E+00
 -16.654  0.6589E+00  0.2097E+00
 -16.644  0.6619E+00  0.2163E+00
 -16.634  0.6695E+00  0.2230E+00
 -16.624  0.6824E+00  0.2298E+00
 -16.614  0.7016E+00  0.2368E+00
 -16.604  0.7278E+00  0.2441E+00
 -16.594  0.7620E+00  0.2517E+00
 -16.584  0.8048E+00  0.2598E+00
 -16.574  0.8572E+00  0.2683E+00
 -16.564  0.9197E+00  0.2775E+00
 -16.554  0.9931E+00  0.2875E+00
 -16.544  0.1078E+01  0.2982E+00
 -16.534  0.1174E+01  0.3100E+00
 -16.524  0.1282E+01  0.3228E+00
 -16.514  0.1403E+01  0.3368E+00
 -16.504  0.1536E+01  0.3522E+00
 -16.494  0.1680E+01  0.3690E+00
 -16.484  0.1836E+01  0.3874E+00
 -16.474  0.2003E+01  0.4074E+00
 -16.464  0.2181E+01  0.4292E+00
 -16.454  0.2367E+01  0.4529E+00
 -16.444  0.2562E+01  0.4785E+00
 -16.434  0.2763E+01  0.5061E+00
 -16.424  0.2969E+01  0.5358E+00
 -16.414  0.3179E+01  0.5676E+00
 -16.404  0.3390E+01  0.6015E+00
 -16.394  0.3601E+01  0.6375E+00
 -16.384  0.3809E+01  0.6756E+00
 -16.374  0.4012E+01  0.7157E+00
 -16.364  0.4208E+01  0.7578E+00
 -16.354  0.4394E+01  0.8017E+00
 -16.344  0.4570E+01  0.8474E+00
 -16.334  0.4731E+01  0.8947E+00
 -16.324  0.4877E+01  0.9435E+00
 -16.314  0.5006E+01  0.9936E+00
 -16.304  0.5116E+01  0.1045E+01
 -16.294  0.5205E+01  0.1097E+01
 -16.284  0.5273E+01  0.1150E+01
 -16.274  0.5319E+01  0.1203E+01
 -16.264  0.5343E+01  0.1256E+01
 -16.254  0.5344E+01  0.1310E+01
 -16.244  0.5322E+01  0.1363E+01
 -16.234  0.5278E+01  0.1416E+01
 -16.224  0.5213E+01  0.1468E+01
 -16.214  0.5128E+01  0.1519E+01
 -16.204  0.5025E+01  0.1569E+01
 -16.194  0.4905E+01  0.1618E+01
 -16.184  0.4770E+01  0.1666E+01
 -16.174  0.4623E+01  0.1712E+01
 -16.164  0.4466E+01  0.1757E+01
 -16.154  0.4301E+01  0.1800E+01
 -16.144  0.4131E+01  0.1841E+01
 -16.134  0.3959E+01  0.1881E+01
 -16.124  0.3787E+01  0.1919E+01
 -16.114  0.3618E+01  0.1955E+01
 -16.104  0.3454E+01  0.1989E+01
 -16.094  0.3299E+01  0.2022E+01
 -16.084  0.3153E+01  0.2054E+01
 -16.074  0.3019E+01  0.2084E+01
 -16.064  0.2899E+01  0.2113E+01
 -16.054  0.2794E+01  0.2141E+01
 -16.044  0.2706E+01  0.2168E+01
 -16.034  0.2635E+01  0.2194E+01
 -16.024  0.2583E+01  0.2220E+01
 -16.014  0.2549E+01  0.2246E+01
 -16.004  0.2535E+01  0.2271E+01
 -15.994  0.2538E+01  0.2296E+01
 -15.984  0.2560E+01  0.2322E+01
 -15.974  0.2599E+01  0.2348E+01
 -15.964  0.2654E+01  0.2375E+01
 -15.954  0.2724E+01  0.2402E+01
 -15.944  0.2807E+01  0.2430E+01
 -15.934  0.2901E+01  0.2459E+01
 -15.924  0.3004E+01  0.2489E+01
 -15.914  0.3114E+01  0.2520E+01
 -15.904  0.3229E+01  0.2552E+01
 -15.894  0.3347E+01  0.2586E+01
 -15.884  0.3464E+01  0.2620E+01
 -15.874  0.3579E+01  0.2656E+01
 -15.864  0.3689E+01  0.2693E+01
 -15.854  0.3792E+01  0.2731E+01
 -15.844  0.3886E+01  0.2770E+01
 -15.834  0.3969E+01  0.2810E+01
 -15.824  0.4039E+01  0.2850E+01
 -15.814  0.4095E+01  0.2891E+01
 -15.804  0.4134E+01  0.2932E+01
 -15.794  0.4158E+01  0.2974E+01
 -15.784  0.4164E+01  0.3016E+01
 -15.774  0.4153E+01  0.3057E+01
 -15.764  0.4124E+01  0.3098E+01
 -15.754  0.4078E+01  0.3139E+01
 -15.744  0.4016E+01  0.3179E+01
 -15.734  0.3938E+01  0.3219E+01
 -15.724  0.3845E+01  0.3257E+01
 -15.714  0.3740E+01  0.3294E+01
 -15.704  0.3623E+01  0.3331E+01
 -15.694  0.3497E+01  0.3366E+01
 -15.684  0.3364E+01  0.3399E+01
 -15.674  0.3225E+01  0.3432E+01
 -15.664  0.3083E+01  0.3462E+01
 -15.654  0.2941E+01  0.3492E+01
 -15.644  0.2799E+01  0.3520E+01
 -15.634  0.2661E+01  0.3546E+01
 -15.624  0.2529E+01  0.3572E+01
 -15.614  0.2404E+01  0.3596E+01
 -15.604  0.2289E+01  0.3619E+01
 -15.594  0.2185E+01  0.3640E+01
 -15.584  0.2093E+01  0.3661E+01
 -15.574  0.2015E+01  0.3682E+01
 -15.564  0.1953E+01  0.3701E+01
 -15.554  0.1907E+01  0.3720E+01
 -15.544  0.1878E+01  0.3739E+01
 -15.534  0.1866E+01  0.3758E+01
 -15.524  0.1872E+01  0.3776E+01
 -15.514  0.1896E+01  0.3795E+01
 -15.504  0.1937E+01  0.3815E+01
 -15.494  0.1996E+01  0.3835E+01
 -15.484  0.2071E+01  0.3855E+01
 -15.474  0.2163E+01  0.3877E+01
 -15.464  0.2269E+01  0.3900E+01
 -15.454  0.2390E+01  0.3924E+01
 -15.444  0.2523E+01  0.3949E+01
 -15.434  0.2668E+01  0.3975E+01
 -15.424  0.2822E+01  0.4004E+01
 -15.414  0.2985E+01  0.4034E+01
 -15.404  0.3153E+01  0.4065E+01
 -15.394  0.3325E+01  0.4098E+01
 -15.384  0.3500E+01  0.4133E+01
 -15.374  0.3675E+01  0.4170E+01
 -15.364  0.3848E+01  0.4209E+01
 -15.354  0.4016E+01  0.4249E+01
 -15.344  0.4179E+01  0.4290E+01
 -15.334  0.4334E+01  0.4334E+01
 -15.324  0.4478E+01  0.4379E+01
 -15.314  0.4611E+01  0.4425E+01
 -15.304  0.4730E+01  0.4472E+01
 -15.294  0.4834E+01  0.4520E+01
 -15.284  0.4921E+01  0.4570E+01
 -15.274  0.4991E+01  0.4619E+01
 -15.264  0.5042E+01  0.4670E+01
 -15.254  0.5075E+01  0.4721E+01
 -15.244  0.5087E+01  0.4771E+01
 -15.234  0.5079E+01  0.4822E+01
 -15.224  0.5052E+01  0.4873E+01
 -15.214  0.5005E+01  0.4923E+01
 -15.204  0.4939E+01  0.4972E+01
 -15.194  0.4854E+01  0.5021E+01
 -15.184  0.4753E+01  0.5068E+01
 -15.174  0.4635E+01  0.5115E+01
 -15.164  0.4503E+01  0.5160E+01
 -15.154  0.4358E+01  0.5203E+01
 -15.144  0.4202E+01  0.5245E+01
 -15.134  0.4036E+01  0.5286E+01
 -15.124  0.3863E+01  0.5324E+01
 -15.114  0.3685E+01  0.5361E+01
 -15.104  0.3504E+01  0.5396E+01
 -15.094  0.3322E+01  0.5429E+01
 -15.084  0.3142E+01  0.5461E+01
 -15.074  0.2965E+01  0.5490E+01
 -15.064  0.2794E+01  0.5518E+01
 -15.054  0.2631E+01  0.5545E+01
 -15.044  0.2478E+01  0.5569E+01
 -15.034  0.2338E+01  0.5593E+01
 -15.024  0.2211E+01  0.5615E+01
 -15.014  0.2102E+01  0.5636E+01
 -15.004  0.2010E+01  0.5656E+01
 -14.994  0.1939E+01  0.5675E+01
 -14.984  0.1890E+01  0.5694E+01
 -14.974  0.1866E+01  0.5713E+01
 -14.964  0.1867E+01  0.5732E+01
 -14.954  0.1895E+01  0.5751E+01
 -14.944  0.1954E+01  0.5770E+01
 -14.934  0.2043E+01  0.5791E+01
 -14.924  0.2164E+01  0.5812E+01
 -14.914  0.2320E+01  0.5835E+01
 -14.904  0.2511E+01  0.5861E+01
 -14.894  0.2737E+01  0.5888E+01
 -14.884  0.3001E+01  0.5918E+01
 -14.874  0.3303E+01  0.5951E+01
 -14.864  0.3643E+01  0.5987E+01
 -14.854  0.4021E+01  0.6028E+01
 -14.844  0.4437E+01  0.6072E+01
 -14.834  0.4889E+01  0.6121E+01
 -14.824  0.5378E+01  0.6175E+01
 -14.814  0.5900E+01  0.6234E+01
 -14.804  0.6453E+01  0.6298E+01
 -14.794  0.7036E+01  0.6369E+01
 -14.784  0.7644E+01  0.6445E+01
 -14.774  0.8273E+01  0.6528E+01
 -14.764  0.8918E+01  0.6617E+01
 -14.754  0.9576E+01  0.6713E+01
 -14.744  0.1024E+02  0.6815E+01
 -14.734  0.1090E+02  0.6924E+01
 -14.724  0.1156E+02  0.7040E+01
 -14.714  0.1221E+02  0.7162E+01
 -14.704  0.1283E+02  0.7290E+01
 -14.694  0.1343E+02  0.7424E+01
 -14.684  0.1399E+02  0.7564E+01
 -14.674  0.1452E+02  0.7709E+01
 -14.664  0.1500E+02  0.7859E+01
 -14.654  0.1542E+02  0.8014E+01
 -14.644  0.1579E+02  0.8172E+01
 -14.634  0.1610E+02  0.8333E+01
 -14.624  0.1634E+02  0.8496E+01
 -14.614  0.1651E+02  0.8661E+01
 -14.604  0.1661E+02  0.8827E+01
 -14.594  0.1663E+02  0.8993E+01
 -14.584  0.1658E+02  0.9159E+01
 -14.574  0.1646E+02  0.9324E+01
 -14.564  0.1627E+02  0.9487E+01
 -14.554  0.1600E+02  0.9647E+01
 -14.544  0.1567E+02  0.9803E+01
 -14.534  0.1528E+02  0.9956E+01
 -14.524  0.1483E+02  0.1010E+02
 -14.514  0.1434E+02  0.1025E+02
 -14.504  0.1379E+02  0.1039E+02
 -14.494  0.1321E+02  0.1052E+02
 -14.484  0.1260E+02  0.1064E+02
 -14.474  0.1196E+02  0.1076E+02
 -14.464  0.1130E+02  0.1088E+02
 -14.454  0.1063E+02  0.1098E+02
 -14.444  0.9955E+01  0.1108E+02
 -14.434  0.9282E+01  0.1118E+02
 -14.424  0.8615E+01  0.1126E+02
 -14.414  0.7960E+01  0.1134E+02
 -14.404  0.7322E+01  0.1141E+02
 -14.394  0.6705E+01  0.1148E+02
 -14.384  0.6112E+01  0.1154E+02
 -14.374  0.5546E+01  0.1160E+02
 -14.364  0.5010E+01  0.1165E+02
 -14.354  0.4506E+01  0.1169E+02
 -14.344  0.4034E+01  0.1173E+02
 -14.334  0.3595E+01  0.1177E+02
 -14.324  0.3190E+01  0.1180E+02
 -14.314  0.2817E+01  0.1183E+02
 -14.304  0.2477E+01  0.1185E+02
 -14.294  0.2168E+01  0.1188E+02
 -14.284  0.1889E+01  0.1189E+02
 -14.274  0.1638E+01  0.1191E+02
 -14.264  0.1414E+01  0.1193E+02
 -14.254  0.1215E+01  0.1194E+02
 -14.244  0.1040E+01  0.1195E+02
 -14.234  0.8857E+00  0.1196E+02
 -14.224  0.7509E+00  0.1196E+02
 -14.214  0.6338E+00  0.1197E+02
 -14.204  0.5325E+00  0.1198E+02
 -14.194  0.4453E+00  0.1198E+02
 -14.184  0.3707E+00  0.1198E+02
 -14.174  0.3072E+00  0.1199E+02
 -14.164  0.2535E+00  0.1199E+02
 -14.154  0.2082E+00  0.1199E+02
 -14.144  0.1702E+00  0.1199E+02
 -14.134  0.1385E+00  0.1199E+02
 -14.124  0.1122E+00  0.1200E+02
 -14.114  0.9045E-01  0.1200E+02
 -14.104  0.7261E-01  0.1200E+02
 -14.094  0.5802E-01  0.1200E+02
 -14.084  0.4615E-01  0.1200E+02
 -14.074  0.3654E-01  0.1200E+02
 -14.064  0.2880E-01  0.1200E+02
 -14.054  0.2259E-01  0.1200E+02
 -14.044  0.1765E-01  0.1200E+02
 -14.034  0.1372E-01  0.1200E+02
 -14.024  0.1062E-01  0.1200E+02
 -14.014  0.8178E-02  0.1200E+02
 -14.004  0.6271E-02  0.1200E+02
 -13.994  0.4787E-02  0.1200E+02
 -13.984  0.3637E-02  0.1200E+02
 -13.974  0.2751E-02  0.1200E+02
 -13.964  0.2071E-02  0.1200E+02
 -13.954  0.1552E-02  0.1200E+02
 -13.944  0.1158E-02  0.1200E+02
 -13.934  0.8600E-03  0.1200E+02
 -13.924  0.6358E-03  0.1200E+02
 -13.914  0.4678E-03  0.1200E+02
 -13.904  0.3427E-03  0.1200E+02
 -13.894  0.2498E-03  0.1200E+02
 -13.884  0.1813E-03  0.1200E+02
 -13.874  0.1310E-03  0.1200E+02
 -13.864  0.9421E-04  0.1200E+02
 -13.854  0.6744E-04  0.1200E+02
 -13.844  0.4806E-04  0.1200E+02
 -13.834  0.3409E-04  0.1200E+02
 -13.824  0.2407E-04  0.1200E+02
 -13.814  0.1692E-04  0.1200E+02
 -13.804  0.1183E-04  0.1200E+02
 -13.794  0.8241E-05  0.1200E+02
 -13.784  0.5713E-05  0.1200E+02
 -13.774  0.3942E-05  0.1200E+02
 -13.764  0.2707E-05  0.1200E+02
 -13.754  0.1851E-05  0.1200E+02
 -13.744  0.1260E-05  0.1200E+02
 -13.734  0.8534E-06  0.1200E+02
 -13.724  0.5755E-06  0.1200E+02
 -13.714  0.3863E-06  0.1200E+02
 -13.704  0.2581E-06  0.1200E+02
 -13.694  0.1716E-06  0.1200E+02
 -13.684  0.1136E-06  0.1200E+02
 -13.674  0.7487E-07  0.1200E+02
 -13.664  0.4911E-07  0.1200E+02
 -13.654  0.3206E-07  0.1200E+02
 -13.644  0.2084E-07  0.1200E+02
 -13.634  0.1348E-07  0.1200E+02
 -13.624  0.8680E-08  0.1200E+02
 -13.614  0.5564E-08  0.1200E+02
 -13.604  0.3550E-08  0.1200E+02
 -13.594  0.2254E-08  0.1200E+02
 -13.584  0.1425E-08  0.1200E+02
 -13.574  0.8966E-09  0.1200E+02
 -13.564  0.5615E-09  0.1200E+02
 -13.554  0.3501E-09  0.1200E+02
 -13.544  0.2172E-09  0.1200E+02
 -13.534  0.1342E-09  0.1200E+02
 -13.524  0.8250E-10  0.1200E+02
 -13.514  0.5049E-10  0.1200E+02
 -13.504  0.3075E-10  0.1200E+02
 -13.494  0.1865E-10  0.1200E+02
 -13.484  0.1125E-10  0.1200E+02
 -13.474  0.6760E-11  0.1200E+02
 -13.464  0.4042E-11  0.1200E+02
 -13.454  0.2406E-11  0.1200E+02
 -13.444  0.1425E-11  0.1200E+02
 -13.434  0.8405E-12  0.1200E+02
 -13.424  0.4933E-12  0.1200E+02
 -13.414  0.2882E-12  0.1200E+02
 -13.404  0.1676E-12  0.1200E+02
 -13.394  0.9701E-13  0.1200E+02
 -13.384  0.5589E-13  0.1200E+02
 -13.374  0.3205E-13  0.1200E+02
 -13.364  0.1829E-13  0.1200E+02
 -13.354  0.1039E-13  0.1200E+02
 -13.344  0.5877E-14  0.1200E+02
 -13.334  0.3308E-14  0.1200E+02
 -13.324  0.1853E-14  0.1200E+02
 -13.314  0.1033E-14  0.1200E+02
 -13.304  0.5736E-15  0.1200E+02
 -13.294  0.3169E-15  0.1200E+02
 -13.284  0.1743E-15  0.1200E+02
 -13.274  0.9537E-16  0.1200E+02
 -13.264  0.5196E-16  0.1200E+02
 -13.254  0.2817E-16  0.1200E+02
 -13.244  0.1520E-16  0.1200E+02
 -13.234  0.8167E-17  0.1200E+02
 -13.224  0.4367E-17  0.1200E+02
 -13.214  0.2324E-17  0.1200E+02
 -13.204  0.1231E-17  0.1200E+02
 -13.194  0.6490E-18  0.1200E+02
 -13.184  0.3405E-18  0.1200E+02
 -13.174  0.1779E-18  0.1200E+02
 -13.164  0.9246E-19  0.1200E+02
 -13.154  0.4784E-19  0.1200E+02
 -13.144  0.2464E-19  0.1200E+02
 -13.134  0.1263E-19  0.1200E+02
 -13.124  0.6443E-20  0.1200E+02
 -13.114  0.3272E-20  0.1200E+02
 -13.104  0.1654E-20  0.1200E+02
 -13.094  0.8318E-21  0.1200E+02
 -13.084  0.4165E-21  0.1200E+02
 -13.074  0.2076E-21  0.1200E+02
 -13.064  0.1029E-21  0.1200E+02
 -13.054  0.5082E-22  0.1200E+02
 -13.044  0.2497E-22  0.1200E+02
 -13.034  0.1221E-22  0.1200E+02
 -13.024  0.5944E-23  0.1200E+02
 -13.014  0.2880E-23  0.1200E+02
 -13.004  0.1388E-23  0.1200E+02
 -12.994  0.6664E-24  0.1200E+02
 -12.984  0.3183E-24  0.1200E+02
 -12.974  0.1513E-24  0.1200E+02
 -12.964  0.7160E-25  0.1200E+02
 -12.954  0.3372E-25  0.1200E+02
 -12.944  0.1580E-25  0.1200E+02
 -12.934  0.7373E-26  0.1200E+02
 -12.924  0.3424E-26  0.1200E+02
 -12.914  0.1582E-26  0.1200E+02
 -12.904  0.7277E-27  0.1200E+02
 -12.894  0.3331E-27  0.1200E+02
 -12.884  0.1518E-27  0.1200E+02
 -12.874  0.6883E-28  0.1200E+02
 -12.864  0.3106E-28  0.1200E+02
 -12.854  0.1395E-28  0.1200E+02
 -12.844  0.6239E-29  0.1200E+02
 -12.834  0.2776E-29  0.1200E+02
 -12.824  0.1229E-29  0.1200E+02
 -12.814  0.5419E-30  0.1200E+02
 -12.804  0.2377E-30  0.1200E+02
 -12.794  0.1038E-30  0.1200E+02
 -12.784  0.4511E-31  0.1200E+02
 -12.774  0.1951E-31  0.1200E+02
 -12.764  0.8398E-32  0.1200E+02
 -12.754  0.3598E-32  0.1200E+02
 -12.744  0.1534E-32  0.1200E+02
 -12.734  0.6510E-33  0.1200E+02
 -12.724  0.2750E-33  0.1200E+02
 -12.714  0.1156E-33  0.1200E+02
 -12.704  0.4836E-34  0.1200E+02
 -12.694  0.2014E-34  0.1200E+02
 -12.684  0.8345E-35  0.1200E+02
 -12.674  0.3442E-35  0.1200E+02
 -12.664  0.1413E-35  0.1200E+02
 -12.654  0.5773E-36  0.1200E+02
 -12.644  0.2347E-36  0.1200E+02
 -12.634  0.9500E-37  0.1200E+02
 -12.624  0.3826E-37  0.1200E+02
 -12.614  0.1534E-37  0.1200E+02
 -12.604  0.6120E-38  0.1200E+02
 -12.594  0.2430E-38  0.1200E+02
 -12.584  0.9603E-39  0.1200E+02
 -12.574  0.3777E-39  0.1200E+02
 -12.564  0.1478E-39  0.1200E+02
 -12.554  0.5760E-40  0.1200E+02
 -12.544  0.2233E-40  0.1200E+02
 -12.534  0.8618E-41  0.1200E+02
 -12.524  0.3310E-41  0.1200E+02
 -12.514  0.1265E-41  0.1200E+02
 -12.504  0.4813E-42  0.1200E+02
 -12.494  0.1822E-42  0.1200E+02
 -12.484  0.6867E-43  0.1200E+02
 -12.474  0.2575E-43  0.1200E+02
 -12.464  0.9611E-44  0.1200E+02
 -12.454  0.3570E-44  0.1200E+02
 -12.444  0.1320E-44  0.1200E+02
 -12.434  0.4857E-45  0.1200E+02
 -12.424  0.1779E-45  0.1200E+02
 -12.414  0.6482E-46  0.1200E+02
 -12.404  0.2351E-46  0.1200E+02
 -12.394  0.8487E-47  0.1200E+02
 -12.384  0.3049E-47  0.1200E+02
 -12.374  0.1090E-47  0.1200E+02
 -12.364  0.3880E-48  0.1200E+02
 -12.354  0.1374E-48  0.1200E+02
 -12.344  0.4844E-49  0.1200E+02
 -12.334  0.1699E-49  0.1200E+02
 -12.324  0.5933E-50  0.1200E+02
 -12.314  0.2061E-50  0.1200E+02
 -12.304  0.7129E-51  0.1200E+02
 -12.294  0.2453E-51  0.1200E+02
 -12.284  0.8404E-52  0.1200E+02
 -12.274  0.2865E-52  0.1200E+02
 -12.264  0.9720E-53  0.1200E+02
 -12.254  0.3282E-53  0.1200E+02
 -12.244  0.1103E-53  0.1200E+02
 -12.234  0.3689E-54  0.1200E+02
 -12.224  0.1228E-54  0.1200E+02
 -12.214  0.4067E-55  0.1200E+02
 -12.204  0.1341E-55  0.1200E+02
 -12.194  0.4400E-56  0.1200E+02
 -12.184  0.1437E-56  0.1200E+02
 -12.174  0.4670E-57  0.1200E+02
 -12.164  0.1510E-57  0.1200E+02
 -12.154  0.4862E-58  0.1200E+02
 -12.144  0.1558E-58  0.1200E+02
 -12.134  0.4967E-59  0.1200E+02
 -12.124  0.1576E-59  0.1200E+02
 -12.114  0.4977E-60  0.1200E+02
 -12.104  0.1564E-60  0.1200E+02
 -12.094  0.4893E-61  0.1200E+02
 -12.084  0.1523E-61  0.1200E+02
 -12.074  0.4720E-62  0.1200E+02
 -12.064  0.1455E-62  0.1200E+02
 -12.054  0.4466E-63  0.1200E+02
 -12.044  0.1364E-63  0.1200E+02
 -12.034  0.4146E-64  0.1200E+02
 -12.024  0.1254E-64  0.1200E+02
 -12.014  0.3776E-65  0.1200E+02
 -12.004  0.1131E-65  0.1200E+02
 -11.994  0.3374E-66  0.1200E+02
 -11.984  0.1001E-66  0.1200E+02
 -11.974  0.2957E-67  0.1200E+02
 -11.964  0.8692E-68  0.1200E+02
 -11.954  0.2543E-68  0.1200E+02
 -11.944  0.7403E-69  0.1200E+02
 -11.934  0.2145E-69  0.1200E+02
 -11.924  0.6186E-70  0.1200E+02
 -11.914  0.1775E-70  0.1200E+02
 -11.904  0.5070E-71  0.1200E+02
 -11.894  0.1441E-71  0.1200E+02
 -11.884  0.4077E-72  0.1200E+02
 -11.874  0.1148E-72  0.1200E+02
 -11.864  0.3217E-73  0.1200E+02
 -11.854  0.8971E-74  0.1200E+02
 -11.844  0.2490E-74  0.1200E+02
 -11.834  0.6877E-75  0.1200E+02
 -11.824  0.1890E-75  0.1200E+02
 -11.814  0.5171E-76  0.1200E+02
 -11.804  0.1408E-76  0.1200E+02
 -11.794  0.3815E-77  0.1200E+02
 -11.784  0.1029E-77  0.1200E+02
 -11.774  0.2761E-78  0.1200E+02
 -11.764  0.7375E-79  0.1200E+02
 -11.754  0.1961E-79  0.1200E+02
 -11.744  0.5187E-80  0.1200E+02
 -11.734  0.1366E-80  0.1200E+02
 -11.724  0.3580E-81  0.1200E+02
 -11.714  0.9348E-82  0.1200E+02
 -11.704  0.2439E-82  0.1200E+02
 -11.694  0.6427E-83  0.1200E+02
 -11.684  0.1784E-83  0.1200E+02
 -11.674  0.5904E-84  0.1200E+02
 -11.664  0.2851E-84  0.1200E+02
 -11.654  0.2079E-84  0.1200E+02
 -11.644  0.1890E-84  0.1200E+02
 -11.634  0.1843E-84  0.1200E+02
 -11.624  0.1836E-84  0.1200E+02
 -11.614  0.1836E-84  0.1200E+02
 -11.604  0.1836E-84  0.1200E+02
 -11.594  0.1836E-84  0.1200E+02
 -11.584  0.1836E-84  0.1200E+02
 -11.574  0.1836E-84  0.1200E+02
 -11.564  0.1836E-84  0.1200E+02
 -11.554  0.1836E-84  0.1200E+02
 -11.544  0.1836E-84  0.1200E+02
 -11.534  0.1836E-84  0.1200E+02
 -11.524  0.1836E-84  0.1200E+02
 -11.514  0.1836E-84  0.1200E+02
 -11.504  0.1836E-84  0.1200E+02
 -11.494  0.1836E-84  0.1200E+02
 -11.484  0.1836E-84  0.1200E+02
 -11.474  0.1836E-84  0.1200E+02
 -11.464  0.1836E-84  0.1200E+02
 -11.454  0.1836E-84  0.1200E+02
 -11.444  0.1836E-84  0.1200E+02
 -11.434  0.1836E-84  0.1200E+02
 -11.424  0.1836E-84  0.1200E+02
 -11.414  0.1836E-84  0.1200E+02
 -11.404  0.1836E-84  0.1200E+02
 -11.394  0.1836E-84  0.1200E+02
 -11.384  0.1836E-84  0.1200E+02
 -11.374  0.1836E-84  0.1200E+02
 -11.364  0.1836E-84  0.1200E+02
 -11.354  0.1836E-84  0.1200E+02
 -11.344  0.1836E-84  0.1200E+02
 -11.334  0.1836E-84  0.1200E+02
 -11.324  0.1836E-84  0.1200E+02
 -11.314  0.1836E-84  0.1200E+02
 -11.304  0.1836E-84  0.1200E+02
 -11.294  0.1836E-84  0.1200E+02
 -11.284  0.1836E-84  0.1200E+02
 -11.274  0.1836E-84  0.1200E+02
 -11.264  0.1836E-84  0.1200E+02
 -11.254  0.1836E-84  0.1200E+02
 -11.244  0.1836E-84  0.1200E+02
 -11.234  0.1836E-84  0.1200E+02
 -11.224  0.1836E-84  0.1200E+02
 -11.214  0.1836E-84  0.1200E+02
 -11.204  0.1836E-84  0.1200E+02
 -11.194  0.1836E-84  0.1200E+02
 -11.184  0.1836E-84  0.1200E+02
 -11.174  0.1836E-84  0.1200E+02
 -11.164  0.1836E-84  0.1200E+02
 -11.154  0.1836E-84  0.1200E+02
 -11.144  0.1836E-84  0.1200E+02
 -11.134  0.1836E-84  0.1200E+02
 -11.124  0.1836E-84  0.1200E+02
 -11.114  0.1836E-84  0.1200E+02
 -11.104  0.1836E-84  0.1200E+02
 -11.094  0.1836E-84  0.1200E+02
 -11.084  0.1836E-84  0.1200E+02
 -11.074  0.1836E-84  0.1200E+02
 -11.064  0.1836E-84  0.1200E+02
 -11.054  0.1836E-84  0.1200E+02
 -11.044  0.1836E-84  0.1200E+02
 -11.034  0.1836E-84  0.1200E+02
 -11.024  0.1836E-84  0.1200E+02
 -11.014  0.1836E-84  0.1200E+02
 -11.004  0.1836E-84  0.1200E+02
 -10.994  0.1836E-84  0.1200E+02
 -10.984  0.1836E-84  0.1200E+02
 -10.974  0.1836E-84  0.1200E+02
 -10.964  0.1836E-84  0.1200E+02
 -10.954  0.1836E-84  0.1200E+02
 -10.944  0.1836E-84  0.1200E+02
 -10.934  0.1836E-84  0.1200E+02
 -10.924  0.1836E-84  0.1200E+02
 -10.914  0.1836E-84  0.1200E+02
 -10.904  0.1836E-84  0.1200E+02
 -10.894  0.1836E-84  0.1200E+02
 -10.884  0.1836E-84  0.1200E+02
 -10.874  0.1836E-84  0.1200E+02
 -10.864  0.1836E-84  0.1200E+02
 -10.854  0.1836E-84  0.1200E+02
 -10.844  0.1836E-84  0.1200E+02
 -10.834  0.1836E-84  0.1200E+02
 -10.824  0.1836E-84  0.1200E+02
 -10.814  0.1836E-84  0.1200E+02
 -10.804  0.1836E-84  0.1200E+02
 -10.794  0.1836E-84  0.1200E+02
 -10.784  0.1836E-84  0.1200E+02
 -10.774  0.1836E-84  0.1200E+02
 -10.764  0.1836E-84  0.1200E+02
 -10.754  0.1836E-84  0.1200E+02
 -10.744  0.1836E-84  0.1200E+02
 -10.734  0.1836E-84  0.1200E+02
 -10.724  0.1836E-84  0.1200E+02
 -10.714  0.1836E-84  0.1200E+02
 -10.704  0.1836E-84  0.1200E+02
 -10.694  0.1836E-84  0.1200E+02
 -10.684  0.1836E-84  0.1200E+02
 -10.674  0.1836E-84  0.1200E+02
 -10.664  0.1836E-84  0.1200E+02
 -10.654  0.1836E-84  0.1200E+02
 -10.644  0.1836E-84  0.1200E+02
 -10.634  0.1836E-84  0.1200E+02
 -10.624  0.1836E-84  0.1200E+02
 -10.614  0.1836E-84  0.1200E+02
 -10.604  0.1836E-84  0.1200E+02
 -10.594  0.1836E-84  0.1200E+02
 -10.584  0.1836E-84  0.1200E+02
 -10.574  0.1836E-84  0.1200E+02
 -10.564  0.1836E-84  0.1200E+02
 -10.554  0.1836E-84  0.1200E+02
 -10.544  0.1836E-84  0.1200E+02
 -10.534  0.1836E-84  0.1200E+02
 -10.524  0.1836E-84  0.1200E+02
 -10.514  0.1836E-84  0.1200E+02
 -10.504  0.1836E-84  0.1200E+02
 -10.494  0.1836E-84  0.1200E+02
 -10.484  0.1836E-84  0.1200E+02
 -10.474  0.1836E-84  0.1200E+02
 -10.464  0.1836E-84  0.1200E+02
 -10.454  0.1836E-84  0.1200E+02
 -10.444  0.1836E-84  0.1200E+02
 -10.434  0.1836E-84  0.1200E+02
 -10.424  0.1836E-84  0.1200E+02
 -10.414  0.1836E-84  0.1200E+02
 -10.404  0.1836E-84  0.1200E+02
 -10.394  0.1836E-84  0.1200E+02
 -10.384  0.1836E-84  0.1200E+02
 -10.374  0.1836E-84  0.1200E+02
 -10.364  0.1836E-84  0.1200E+02
 -10.354  0.1836E-84  0.1200E+02
 -10.344  0.1836E-84  0.1200E+02
 -10.334  0.1836E-84  0.1200E+02
 -10.324  0.1836E-84  0.1200E+02
 -10.314  0.1836E-84  0.1200E+02
 -10.304  0.1836E-84  0.1200E+02
 -10.294  0.1836E-84  0.1200E+02
 -10.284  0.1836E-84  0.1200E+02
 -10.274  0.1836E-84  0.1200E+02
 -10.264  0.1836E-84  0.1200E+02
 -10.254  0.1836E-84  0.1200E+02
 -10.244  0.1836E-84  0.1200E+02
 -10.234  0.1836E-84  0.1200E+02
 -10.224  0.1836E-84  0.1200E+02
 -10.214  0.1836E-84  0.1200E+02
 -10.204  0.1836E-84  0.1200E+02
 -10.194  0.1836E-84  0.1200E+02
 -10.184  0.1836E-84  0.1200E+02
 -10.174  0.1836E-84  0.1200E+02
 -10.164  0.1836E-84  0.1200E+02
 -10.154  0.1836E-84  0.1200E+02
 -10.144  0.1836E-84  0.1200E+02
 -10.134  0.1836E-84  0.1200E+02
 -10.124  0.1836E-84  0.1200E+02
 -10.114  0.1836E-84  0.1200E+02
 -10.104  0.1836E-84  0.1200E+02
 -10.094  0.1836E-84  0.1200E+02
 -10.084  0.1836E-84  0.1200E+02
 -10.074  0.1836E-84  0.1200E+02
 -10.064  0.1836E-84  0.1200E+02
 -10.054  0.1836E-84  0.1200E+02
 -10.044  0.1836E-84  0.1200E+02
 -10.034  0.1836E-84  0.1200E+02
 -10.024  0.1836E-84  0.1200E+02
 -10.014  0.1836E-84  0.1200E+02
 -10.004  0.1836E-84  0.1200E+02
  -9.994  0.1836E-84  0.1200E+02
  -9.984  0.1836E-84  0.1200E+02
  -9.974  0.1836E-84  0.1200E+02
  -9.964  0.1836E-84  0.1200E+02
  -9.954  0.1836E-84  0.1200E+02
  -9.944  0.1836E-84  0.1200E+02
  -9.934  0.1836E-84  0.1200E+02
  -9.924  0.1836E-84  0.1200E+02
  -9.914  0.1836E-84  0.1200E+02
  -9.904  0.1836E-84  0.1200E+02
  -9.894  0.1836E-84  0.1200E+02
  -9.884  0.1836E-84  0.1200E+02
  -9.874  0.1836E-84  0.1200E+02
  -9.864  0.1836E-84  0.1200E+02
  -9.854  0.1836E-84  0.1200E+02
  -9.844  0.1836E-84  0.1200E+02
  -9.834  0.1836E-84  0.1200E+02
  -9.824  0.1836E-84  0.1200E+02
  -9.814  0.1836E-84  0.1200E+02
  -9.804  0.1836E-84  0.1200E+02
  -9.794  0.1836E-84  0.1200E+02
  -9.784  0.1836E-84  0.1200E+02
  -9.774  0.1836E-84  0.1200E+02
  -9.764  0.1836E-84  0.1200E+02
  -9.754  0.1836E-84  0.1200E+02
  -9.744  0.1836E-84  0.1200E+02
  -9.734  0.1836E-84  0.1200E+02
  -9.724  0.1836E-84  0.1200E+02
  -9.714  0.1836E-84  0.1200E+02
  -9.704  0.1836E-84  0.1200E+02
  -9.694  0.1836E-84  0.1200E+02
  -9.684  0.1836E-84  0.1200E+02
  -9.674  0.1836E-84  0.1200E+02
  -9.664  0.1842E-84  0.1200E+02
  -9.654  0.1886E-84  0.1200E+02
  -9.644  0.2062E-84  0.1200E+02
  -9.634  0.2753E-84  0.1200E+02
  -9.624  0.5463E-84  0.1200E+02
  -9.614  0.1603E-83  0.1200E+02
  -9.604  0.5707E-83  0.1200E+02
  -9.594  0.2156E-82  0.1200E+02
  -9.584  0.8251E-82  0.1200E+02
  -9.574  0.3157E-81  0.1200E+02
  -9.564  0.1204E-80  0.1200E+02
  -9.554  0.4569E-80  0.1200E+02
  -9.544  0.1726E-79  0.1200E+02
  -9.534  0.6489E-79  0.1200E+02
  -9.524  0.2428E-78  0.1200E+02
  -9.514  0.9041E-78  0.1200E+02
  -9.504  0.3351E-77  0.1200E+02
  -9.494  0.1236E-76  0.1200E+02
  -9.484  0.4536E-76  0.1200E+02
  -9.474  0.1657E-75  0.1200E+02
  -9.464  0.6024E-75  0.1200E+02
  -9.454  0.2180E-74  0.1200E+02
  -9.444  0.7848E-74  0.1200E+02
  -9.434  0.2812E-73  0.1200E+02
  -9.424  0.1003E-72  0.1200E+02
  -9.414  0.3560E-72  0.1200E+02
  -9.404  0.1257E-71  0.1200E+02
  -9.394  0.4420E-71  0.1200E+02
  -9.384  0.1546E-70  0.1200E+02
  -9.374  0.5384E-70  0.1200E+02
  -9.364  0.1865E-69  0.1200E+02
  -9.354  0.6433E-69  0.1200E+02
  -9.344  0.2208E-68  0.1200E+02
  -9.334  0.7540E-68  0.1200E+02
  -9.324  0.2563E-67  0.1200E+02
  -9.314  0.8670E-67  0.1200E+02
  -9.304  0.2919E-66  0.1200E+02
  -9.294  0.9780E-66  0.1200E+02
  -9.284  0.3261E-65  0.1200E+02
  -9.274  0.1082E-64  0.1200E+02
  -9.264  0.3574E-64  0.1200E+02
  -9.254  0.1175E-63  0.1200E+02
  -9.244  0.3842E-63  0.1200E+02
  -9.234  0.1251E-62  0.1200E+02
  -9.224  0.4052E-62  0.1200E+02
  -9.214  0.1307E-61  0.1200E+02
  -9.204  0.4193E-61  0.1200E+02
  -9.194  0.1339E-60  0.1200E+02
  -9.184  0.4255E-60  0.1200E+02
  -9.174  0.1346E-59  0.1200E+02
  -9.164  0.4236E-59  0.1200E+02
  -9.154  0.1327E-58  0.1200E+02
  -9.144  0.4137E-58  0.1200E+02
  -9.134  0.1284E-57  0.1200E+02
  -9.124  0.3964E-57  0.1200E+02
  -9.114  0.1218E-56  0.1200E+02
  -9.104  0.3725E-56  0.1200E+02
  -9.094  0.1134E-55  0.1200E+02
  -9.084  0.3435E-55  0.1200E+02
  -9.074  0.1035E-54  0.1200E+02
  -9.064  0.3106E-54  0.1200E+02
  -9.054  0.9275E-54  0.1200E+02
  -9.044  0.2756E-53  0.1200E+02
  -9.034  0.8150E-53  0.1200E+02
  -9.024  0.2399E-52  0.1200E+02
  -9.014  0.7026E-52  0.1200E+02
  -9.004  0.2048E-51  0.1200E+02
  -8.994  0.5941E-51  0.1200E+02
  -8.984  0.1715E-50  0.1200E+02
  -8.974  0.4928E-50  0.1200E+02
  -8.964  0.1409E-49  0.1200E+02
  -8.954  0.4011E-49  0.1200E+02
  -8.944  0.1136E-48  0.1200E+02
  -8.934  0.3202E-48  0.1200E+02
  -8.924  0.8981E-48  0.1200E+02
  -8.914  0.2507E-47  0.1200E+02
  -8.904  0.6965E-47  0.1200E+02
  -8.894  0.1926E-46  0.1200E+02
  -8.884  0.5300E-46  0.1200E+02
  -8.874  0.1451E-45  0.1200E+02
  -8.864  0.3955E-45  0.1200E+02
  -8.854  0.1073E-44  0.1200E+02
  -8.844  0.2896E-44  0.1200E+02
  -8.834  0.7780E-44  0.1200E+02
  -8.824  0.2080E-43  0.1200E+02
  -8.814  0.5535E-43  0.1200E+02
  -8.804  0.1466E-42  0.1200E+02
  -8.794  0.3862E-42  0.1200E+02
  -8.784  0.1013E-41  0.1200E+02
  -8.774  0.2644E-41  0.1200E+02
  -8.764  0.6868E-41  0.1200E+02
  -8.754  0.1776E-40  0.1200E+02
  -8.744  0.4568E-40  0.1200E+02
  -8.734  0.1170E-39  0.1200E+02
  -8.724  0.2981E-39  0.1200E+02
  -8.714  0.7559E-39  0.1200E+02
  -8.704  0.1908E-38  0.1200E+02
  -8.694  0.4792E-38  0.1200E+02
  -8.684  0.1198E-37  0.1200E+02
  -8.674  0.2980E-37  0.1200E+02
  -8.664  0.7379E-37  0.1200E+02
  -8.654  0.1818E-36  0.1200E+02
  -8.644  0.4458E-36  0.1200E+02
  -8.634  0.1088E-35  0.1200E+02
  -8.624  0.2643E-35  0.1200E+02
  -8.614  0.6388E-35  0.1200E+02
  -8.604  0.1537E-34  0.1200E+02
  -8.594  0.3679E-34  0.1200E+02
  -8.584  0.8764E-34  0.1200E+02
  -8.574  0.2078E-33  0.1200E+02
  -8.564  0.4904E-33  0.1200E+02
  -8.554  0.1152E-32  0.1200E+02
  -8.544  0.2692E-32  0.1200E+02
  -8.534  0.6261E-32  0.1200E+02
  -8.524  0.1449E-31  0.1200E+02
  -8.514  0.3339E-31  0.1200E+02
  -8.504  0.7656E-31  0.1200E+02
  -8.494  0.1747E-30  0.1200E+02
  -8.484  0.3967E-30  0.1200E+02
  -8.474  0.8966E-30  0.1200E+02
  -8.464  0.2016E-29  0.1200E+02
  -8.454  0.4514E-29  0.1200E+02
  -8.444  0.1005E-28  0.1200E+02
  -8.434  0.2229E-28  0.1200E+02
  -8.424  0.4918E-28  0.1200E+02
  -8.414  0.1080E-27  0.1200E+02
  -8.404  0.2360E-27  0.1200E+02
  -8.394  0.5133E-27  0.1200E+02
  -8.384  0.1111E-26  0.1200E+02
  -8.374  0.2393E-26  0.1200E+02
  -8.364  0.5130E-26  0.1200E+02
  -8.354  0.1094E-25  0.1200E+02
  -8.344  0.2324E-25  0.1200E+02
  -8.334  0.4910E-25  0.1200E+02
  -8.324  0.1033E-24  0.1200E+02
  -8.314  0.2161E-24  0.1200E+02
  -8.304  0.4501E-24  0.1200E+02
  -8.294  0.9330E-24  0.1200E+02
  -8.284  0.1925E-23  0.1200E+02
  -8.274  0.3951E-23  0.1200E+02
  -8.264  0.8073E-23  0.1200E+02
  -8.254  0.1642E-22  0.1200E+02
  -8.244  0.3322E-22  0.1200E+02
  -8.234  0.6691E-22  0.1200E+02
  -8.224  0.1341E-21  0.1200E+02
  -8.214  0.2675E-21  0.1200E+02
  -8.204  0.5310E-21  0.1200E+02
  -8.194  0.1049E-20  0.1200E+02
  -8.184  0.2063E-20  0.1200E+02
  -8.174  0.4037E-20  0.1200E+02
  -8.164  0.7861E-20  0.1200E+02
  -8.154  0.1523E-19  0.1200E+02
  -8.144  0.2939E-19  0.1200E+02
  -8.134  0.5641E-19  0.1200E+02
  -8.124  0.1078E-18  0.1200E+02
  -8.114  0.2049E-18  0.1200E+02
  -8.104  0.3876E-18  0.1200E+02
  -8.094  0.7299E-18  0.1200E+02
  -8.084  0.1368E-17  0.1200E+02
  -8.074  0.2551E-17  0.1200E+02
  -8.064  0.4735E-17  0.1200E+02
  -8.054  0.8747E-17  0.1200E+02
  -8.044  0.1608E-16  0.1200E+02
  -8.034  0.2942E-16  0.1200E+02
  -8.024  0.5357E-16  0.1200E+02
  -8.014  0.9707E-16  0.1200E+02
  -8.004  0.1751E-15  0.1200E+02
  -7.994  0.3142E-15  0.1200E+02
  -7.984  0.5612E-15  0.1200E+02
  -7.974  0.9975E-15  0.1200E+02
  -7.964  0.1765E-14  0.1200E+02
  -7.954  0.3107E-14  0.1200E+02
  -7.944  0.5444E-14  0.1200E+02
  -7.934  0.9493E-14  0.1200E+02
  -7.924  0.1647E-13  0.1200E+02
  -7.914  0.2845E-13  0.1200E+02
  -7.904  0.4891E-13  0.1200E+02
  -7.894  0.8366E-13  0.1200E+02
  -7.884  0.1424E-12  0.1200E+02
  -7.874  0.2413E-12  0.1200E+02
  -7.864  0.4069E-12  0.1200E+02
  -7.854  0.6828E-12  0.1200E+02
  -7.844  0.1140E-11  0.1200E+02
  -7.834  0.1895E-11  0.1200E+02
  -7.824  0.3135E-11  0.1200E+02
  -7.814  0.5160E-11  0.1200E+02
  -7.804  0.8454E-11  0.1200E+02
  -7.794  0.1378E-10  0.1200E+02
  -7.784  0.2236E-10  0.1200E+02
  -7.774  0.3612E-10  0.1200E+02
  -7.764  0.5804E-10  0.1200E+02
  -7.754  0.9283E-10  0.1200E+02
  -7.744  0.1478E-09  0.1200E+02
  -7.734  0.2341E-09  0.1200E+02
  -7.724  0.3690E-09  0.1200E+02
  -7.714  0.5790E-09  0.1200E+02
  -7.704  0.9040E-09  0.1200E+02
  -7.694  0.1405E-08  0.1200E+02
  -7.684  0.2173E-08  0.1200E+02
  -7.674  0.3344E-08  0.1200E+02
  -7.664  0.5122E-08  0.1200E+02
  -7.654  0.7808E-08  0.1200E+02
  -7.644  0.1185E-07  0.1200E+02
  -7.634  0.1789E-07  0.1200E+02
  -7.624  0.2687E-07  0.1200E+02
  -7.614  0.4019E-07  0.1200E+02
  -7.604  0.5981E-07  0.1200E+02
  -7.594  0.8859E-07  0.1200E+02
  -7.584  0.1306E-06  0.1200E+02
  -7.574  0.1916E-06  0.1200E+02
  -7.564  0.2797E-06  0.1200E+02
  -7.554  0.4063E-06  0.1200E+02
  -7.544  0.5875E-06  0.1200E+02
  -7.534  0.8455E-06  0.1200E+02
  -7.524  0.1211E-05  0.1200E+02
  -7.514  0.1726E-05  0.1200E+02
  -7.504  0.2448E-05  0.1200E+02
  -7.494  0.3456E-05  0.1200E+02
  -7.484  0.4855E-05  0.1200E+02
  -7.474  0.6788E-05  0.1200E+02
  -7.464  0.9446E-05  0.1200E+02
  -7.454  0.1308E-04  0.1200E+02
  -7.444  0.1803E-04  0.1200E+02
  -7.434  0.2473E-04  0.1200E+02
  -7.424  0.3375E-04  0.1200E+02
  -7.414  0.4585E-04  0.1200E+02
  -7.404  0.6199E-04  0.1200E+02
  -7.394  0.8341E-04  0.1200E+02
  -7.384  0.1117E-03  0.1200E+02
  -7.374  0.1488E-03  0.1200E+02
  -7.364  0.1974E-03  0.1200E+02
  -7.354  0.2605E-03  0.1200E+02
  -7.344  0.3422E-03  0.1200E+02
  -7.334  0.4474E-03  0.1200E+02
  -7.324  0.5821E-03  0.1200E+02
  -7.314  0.7537E-03  0.1200E+02
  -7.304  0.9712E-03  0.1200E+02
  -7.294  0.1245E-02  0.1200E+02
  -7.284  0.1590E-02  0.1200E+02
  -7.274  0.2019E-02  0.1200E+02
  -7.264  0.2552E-02  0.1200E+02
  -7.254  0.3211E-02  0.1200E+02
  -7.244  0.4020E-02  0.1200E+02
  -7.234  0.5008E-02  0.1200E+02
  -7.224  0.6210E-02  0.1200E+02
  -7.214  0.7664E-02  0.1200E+02
  -7.204  0.9413E-02  0.1200E+02
  -7.194  0.1151E-01  0.1200E+02
  -7.184  0.1400E-01  0.1200E+02
  -7.174  0.1694E-01  0.1200E+02
  -7.164  0.2041E-01  0.1200E+02
  -7.154  0.2448E-01  0.1200E+02
  -7.144  0.2921E-01  0.1200E+02
  -7.134  0.3469E-01  0.1200E+02
  -7.124  0.4099E-01  0.1200E+02
  -7.114  0.4822E-01  0.1200E+02
  -7.104  0.5644E-01  0.1200E+02
  -7.094  0.6576E-01  0.1200E+02
  -7.084  0.7624E-01  0.1200E+02
  -7.074  0.8797E-01  0.1201E+02
  -7.064  0.1010E+00  0.1201E+02
  -7.054  0.1154E+00  0.1201E+02
  -7.044  0.1313E+00  0.1201E+02
  -7.034  0.1486E+00  0.1201E+02
  -7.024  0.1674E+00  0.1201E+02
  -7.014  0.1877E+00  0.1201E+02
  -7.004  0.2094E+00  0.1202E+02
  -6.994  0.2325E+00  0.1202E+02
  -6.984  0.2569E+00  0.1202E+02
  -6.974  0.2826E+00  0.1202E+02
  -6.964  0.3092E+00  0.1203E+02
  -6.954  0.3368E+00  0.1203E+02
  -6.944  0.3651E+00  0.1203E+02
  -6.934  0.3939E+00  0.1204E+02
  -6.924  0.4229E+00  0.1204E+02
  -6.914  0.4519E+00  0.1205E+02
  -6.904  0.4806E+00  0.1205E+02
  -6.894  0.5086E+00  0.1206E+02
  -6.884  0.5357E+00  0.1206E+02
  -6.874  0.5615E+00  0.1207E+02
  -6.864  0.5857E+00  0.1207E+02
  -6.854  0.6081E+00  0.1208E+02
  -6.844  0.6283E+00  0.1209E+02
  -6.834  0.6460E+00  0.1209E+02
  -6.824  0.6611E+00  0.1210E+02
  -6.814  0.6733E+00  0.1211E+02
  -6.804  0.6824E+00  0.1211E+02
  -6.794  0.6883E+00  0.1212E+02
  -6.784  0.6910E+00  0.1213E+02
  -6.774  0.6903E+00  0.1213E+02
  -6.764  0.6863E+00  0.1214E+02
  -6.754  0.6791E+00  0.1215E+02
  -6.744  0.6688E+00  0.1215E+02
  -6.734  0.6554E+00  0.1216E+02
  -6.724  0.6393E+00  0.1217E+02
  -6.714  0.6205E+00  0.1217E+02
  -6.704  0.5995E+00  0.1218E+02
  -6.694  0.5763E+00  0.1218E+02
  -6.684  0.5514E+00  0.1219E+02
  -6.674  0.5251E+00  0.1220E+02
  -6.664  0.4976E+00  0.1220E+02
  -6.654  0.4693E+00  0.1220E+02
  -6.644  0.4404E+00  0.1221E+02
  -6.634  0.4114E+00  0.1221E+02
  -6.624  0.3825E+00  0.1222E+02
  -6.614  0.3538E+00  0.1222E+02
  -6.604  0.3258E+00  0.1222E+02
  -6.594  0.2985E+00  0.1223E+02
  -6.584  0.2722E+00  0.1223E+02
  -6.574  0.2471E+00  0.1223E+02
  -6.564  0.2232E+00  0.1223E+02
  -6.554  0.2006E+00  0.1224E+02
  -6.544  0.1795E+00  0.1224E+02
  -6.534  0.1598E+00  0.1224E+02
  -6.524  0.1416E+00  0.1224E+02
  -6.514  0.1249E+00  0.1224E+02
  -6.504  0.1096E+00  0.1224E+02
  -6.494  0.9573E-01  0.1224E+02
  -6.484  0.8323E-01  0.1225E+02
  -6.474  0.7203E-01  0.1225E+02
  -6.464  0.6206E-01  0.1225E+02
  -6.454  0.5324E-01  0.1225E+02
  -6.444  0.4549E-01  0.1225E+02
  -6.434  0.3873E-01  0.1225E+02
  -6.424  0.3287E-01  0.1225E+02
  -6.414  0.2785E-01  0.1225E+02
  -6.404  0.2359E-01  0.1225E+02
  -6.394  0.2003E-01  0.1225E+02
  -6.384  0.1710E-01  0.1225E+02
  -6.374  0.1476E-01  0.1225E+02
  -6.364  0.1297E-01  0.1225E+02
  -6.354  0.1170E-01  0.1225E+02
  -6.344  0.1094E-01  0.1225E+02
  -6.334  0.1067E-01  0.1225E+02
  -6.324  0.1091E-01  0.1225E+02
  -6.314  0.1168E-01  0.1225E+02
  -6.304  0.1302E-01  0.1225E+02
  -6.294  0.1499E-01  0.1225E+02
  -6.284  0.1766E-01  0.1225E+02
  -6.274  0.2112E-01  0.1225E+02
  -6.264  0.2548E-01  0.1225E+02
  -6.254  0.3088E-01  0.1225E+02
  -6.244  0.3748E-01  0.1225E+02
  -6.234  0.4546E-01  0.1225E+02
  -6.224  0.5502E-01  0.1225E+02
  -6.214  0.6639E-01  0.1225E+02
  -6.204  0.7984E-01  0.1225E+02
  -6.194  0.9563E-01  0.1226E+02
  -6.184  0.1141E+00  0.1226E+02
  -6.174  0.1355E+00  0.1226E+02
  -6.164  0.1603E+00  0.1226E+02
  -6.154  0.1889E+00  0.1226E+02
  -6.144  0.2215E+00  0.1226E+02
  -6.134  0.2586E+00  0.1227E+02
  -6.124  0.3007E+00  0.1227E+02
  -6.114  0.3482E+00  0.1227E+02
  -6.104  0.4014E+00  0.1228E+02
  -6.094  0.4608E+00  0.1228E+02
  -6.084  0.5267E+00  0.1229E+02
  -6.074  0.5996E+00  0.1229E+02
  -6.064  0.6797E+00  0.1230E+02
  -6.054  0.7673E+00  0.1231E+02
  -6.044  0.8627E+00  0.1232E+02
  -6.034  0.9660E+00  0.1233E+02
  -6.024  0.1077E+01  0.1234E+02
  -6.014  0.1197E+01  0.1235E+02
  -6.004  0.1324E+01  0.1236E+02
  -5.994  0.1459E+01  0.1238E+02
  -5.984  0.1602E+01  0.1239E+02
  -5.974  0.1751E+01  0.1241E+02
  -5.964  0.1908E+01  0.1243E+02
  -5.954  0.2070E+01  0.1245E+02
  -5.944  0.2238E+01  0.1247E+02
  -5.934  0.2410E+01  0.1250E+02
  -5.924  0.2585E+01  0.1252E+02
  -5.914  0.2764E+01  0.1255E+02
  -5.904  0.2943E+01  0.1258E+02
  -5.894  0.3123E+01  0.1261E+02
  -5.884  0.3302E+01  0.1264E+02
  -5.874  0.3478E+01  0.1268E+02
  -5.864  0.3651E+01  0.1271E+02
  -5.854  0.3818E+01  0.1275E+02
  -5.844  0.3979E+01  0.1279E+02
  -5.834  0.4131E+01  0.1283E+02
  -5.824  0.4274E+01  0.1288E+02
  -5.814  0.4405E+01  0.1292E+02
  -5.804  0.4525E+01  0.1297E+02
  -5.794  0.4631E+01  0.1301E+02
  -5.784  0.4722E+01  0.1306E+02
  -5.774  0.4797E+01  0.1311E+02
  -5.764  0.4857E+01  0.1316E+02
  -5.754  0.4898E+01  0.1320E+02
  -5.744  0.4922E+01  0.1325E+02
  -5.734  0.4928E+01  0.1330E+02
  -5.724  0.4915E+01  0.1335E+02
  -5.714  0.4885E+01  0.1340E+02
  -5.704  0.4836E+01  0.1345E+02
  -5.694  0.4769E+01  0.1350E+02
  -5.684  0.4685E+01  0.1354E+02
  -5.674  0.4585E+01  0.1359E+02
  -5.664  0.4469E+01  0.1363E+02
  -5.654  0.4339E+01  0.1368E+02
  -5.644  0.4197E+01  0.1372E+02
  -5.634  0.4043E+01  0.1376E+02
  -5.624  0.3879E+01  0.1380E+02
  -5.614  0.3706E+01  0.1384E+02
  -5.604  0.3527E+01  0.1387E+02
  -5.594  0.3342E+01  0.1390E+02
  -5.584  0.3155E+01  0.1394E+02
  -5.574  0.2965E+01  0.1397E+02
  -5.564  0.2775E+01  0.1399E+02
  -5.554  0.2586E+01  0.1402E+02
  -5.544  0.2400E+01  0.1404E+02
  -5.534  0.2217E+01  0.1407E+02
  -5.524  0.2040E+01  0.1409E+02
  -5.514  0.1868E+01  0.1410E+02
  -5.504  0.1704E+01  0.1412E+02
  -5.494  0.1547E+01  0.1414E+02
  -5.484  0.1399E+01  0.1415E+02
  -5.474  0.1259E+01  0.1416E+02
  -5.464  0.1128E+01  0.1418E+02
  -5.454  0.1006E+01  0.1419E+02
  -5.444  0.8937E+00  0.1419E+02
  -5.434  0.7901E+00  0.1420E+02
  -5.424  0.6955E+00  0.1421E+02
  -5.414  0.6094E+00  0.1421E+02
  -5.404  0.5317E+00  0.1422E+02
  -5.394  0.4619E+00  0.1422E+02
  -5.384  0.3995E+00  0.1423E+02
  -5.374  0.3442E+00  0.1423E+02
  -5.364  0.2955E+00  0.1424E+02
  -5.354  0.2528E+00  0.1424E+02
  -5.344  0.2157E+00  0.1424E+02
  -5.334  0.1837E+00  0.1424E+02
  -5.324  0.1565E+00  0.1424E+02
  -5.314  0.1335E+00  0.1424E+02
  -5.304  0.1145E+00  0.1425E+02
  -5.294  0.9902E-01  0.1425E+02
  -5.284  0.8688E-01  0.1425E+02
  -5.274  0.7780E-01  0.1425E+02
  -5.264  0.7161E-01  0.1425E+02
  -5.254  0.6815E-01  0.1425E+02
  -5.244  0.6733E-01  0.1425E+02
  -5.234  0.6913E-01  0.1425E+02
  -5.224  0.7354E-01  0.1425E+02
  -5.214  0.8062E-01  0.1425E+02
  -5.204  0.9049E-01  0.1425E+02
  -5.194  0.1033E+00  0.1425E+02
  -5.184  0.1192E+00  0.1426E+02
  -5.174  0.1385E+00  0.1426E+02
  -5.164  0.1614E+00  0.1426E+02
  -5.154  0.1882E+00  0.1426E+02
  -5.144  0.2192E+00  0.1426E+02
  -5.134  0.2549E+00  0.1427E+02
  -5.124  0.2954E+00  0.1427E+02
  -5.114  0.3413E+00  0.1427E+02
  -5.104  0.3927E+00  0.1428E+02
  -5.094  0.4501E+00  0.1428E+02
  -5.084  0.5138E+00  0.1429E+02
  -5.074  0.5840E+00  0.1429E+02
  -5.064  0.6610E+00  0.1430E+02
  -5.054  0.7450E+00  0.1431E+02
  -5.044  0.8360E+00  0.1431E+02
  -5.034  0.9341E+00  0.1432E+02
  -5.024  0.1039E+01  0.1433E+02
  -5.014  0.1151E+01  0.1435E+02
  -5.004  0.1270E+01  0.1436E+02
  -4.994  0.1395E+01  0.1437E+02
  -4.984  0.1525E+01  0.1439E+02
  -4.974  0.1661E+01  0.1440E+02
  -4.964  0.1801E+01  0.1442E+02
  -4.954  0.1945E+01  0.1444E+02
  -4.944  0.2091E+01  0.1446E+02
  -4.934  0.2240E+01  0.1448E+02
  -4.924  0.2388E+01  0.1451E+02
  -4.914  0.2536E+01  0.1453E+02
  -4.904  0.2682E+01  0.1456E+02
  -4.894  0.2825E+01  0.1459E+02
  -4.884  0.2963E+01  0.1462E+02
  -4.874  0.3095E+01  0.1465E+02
  -4.864  0.3220E+01  0.1468E+02
  -4.854  0.3336E+01  0.1471E+02
  -4.844  0.3442E+01  0.1475E+02
  -4.834  0.3537E+01  0.1478E+02
  -4.824  0.3621E+01  0.1482E+02
  -4.814  0.3691E+01  0.1486E+02
  -4.804  0.3747E+01  0.1490E+02
  -4.794  0.3789E+01  0.1493E+02
  -4.784  0.3816E+01  0.1497E+02
  -4.774  0.3828E+01  0.1501E+02
  -4.764  0.3824E+01  0.1505E+02
  -4.754  0.3805E+01  0.1509E+02
  -4.744  0.3770E+01  0.1512E+02
  -4.734  0.3721E+01  0.1516E+02
  -4.724  0.3658E+01  0.1520E+02
  -4.714  0.3581E+01  0.1523E+02
  -4.704  0.3492E+01  0.1527E+02
  -4.694  0.3391E+01  0.1530E+02
  -4.684  0.3280E+01  0.1533E+02
  -4.674  0.3159E+01  0.1537E+02
  -4.664  0.3031E+01  0.1540E+02
  -4.654  0.2895E+01  0.1543E+02
  -4.644  0.2755E+01  0.1545E+02
  -4.634  0.2610E+01  0.1548E+02
  -4.624  0.2463E+01  0.1550E+02
  -4.614  0.2315E+01  0.1553E+02
  -4.604  0.2166E+01  0.1555E+02
  -4.594  0.2019E+01  0.1557E+02
  -4.584  0.1874E+01  0.1559E+02
  -4.574  0.1731E+01  0.1560E+02
  -4.564  0.1593E+01  0.1562E+02
  -4.554  0.1460E+01  0.1564E+02
  -4.544  0.1332E+01  0.1565E+02
  -4.534  0.1210E+01  0.1566E+02
  -4.524  0.1095E+01  0.1567E+02
  -4.514  0.9865E+00  0.1568E+02
  -4.504  0.8848E+00  0.1569E+02
  -4.494  0.7902E+00  0.1570E+02
  -4.484  0.7026E+00  0.1571E+02
  -4.474  0.6221E+00  0.1571E+02
  -4.464  0.5484E+00  0.1572E+02
  -4.454  0.4814E+00  0.1572E+02
  -4.444  0.4207E+00  0.1573E+02
  -4.434  0.3662E+00  0.1573E+02
  -4.424  0.3174E+00  0.1573E+02
  -4.414  0.2740E+00  0.1574E+02
  -4.404  0.2357E+00  0.1574E+02
  -4.394  0.2020E+00  0.1574E+02
  -4.384  0.1727E+00  0.1574E+02
  -4.374  0.1474E+00  0.1574E+02
  -4.364  0.1257E+00  0.1574E+02
  -4.354  0.1073E+00  0.1575E+02
  -4.344  0.9200E-01  0.1575E+02
  -4.334  0.7947E-01  0.1575E+02
  -4.324  0.6952E-01  0.1575E+02
  -4.314  0.6195E-01  0.1575E+02
  -4.304  0.5663E-01  0.1575E+02
  -4.294  0.5345E-01  0.1575E+02
  -4.284  0.5234E-01  0.1575E+02
  -4.274  0.5327E-01  0.1575E+02
  -4.264  0.5624E-01  0.1575E+02
  -4.254  0.6133E-01  0.1575E+02
  -4.244  0.6859E-01  0.1575E+02
  -4.234  0.7818E-01  0.1575E+02
  -4.224  0.9023E-01  0.1575E+02
  -4.214  0.1049E+00  0.1576E+02
  -4.204  0.1225E+00  0.1576E+02
  -4.194  0.1433E+00  0.1576E+02
  -4.184  0.1674E+00  0.1576E+02
  -4.174  0.1952E+00  0.1576E+02
  -4.164  0.2270E+00  0.1576E+02
  -4.154  0.2630E+00  0.1577E+02
  -4.144  0.3037E+00  0.1577E+02
  -4.134  0.3492E+00  0.1577E+02
  -4.124  0.3998E+00  0.1578E+02
  -4.114  0.4558E+00  0.1578E+02
  -4.104  0.5174E+00  0.1579E+02
  -4.094  0.5848E+00  0.1579E+02
  -4.084  0.6580E+00  0.1580E+02
  -4.074  0.7370E+00  0.1581E+02
  -4.064  0.8220E+00  0.1581E+02
  -4.054  0.9127E+00  0.1582E+02
  -4.044  0.1009E+01  0.1583E+02
  -4.034  0.1111E+01  0.1585E+02
  -4.024  0.1217E+01  0.1586E+02
  -4.014  0.1328E+01  0.1587E+02
  -4.004  0.1443E+01  0.1589E+02
  -3.994  0.1560E+01  0.1590E+02
  -3.984  0.1681E+01  0.1592E+02
  -3.974  0.1803E+01  0.1594E+02
  -3.964  0.1925E+01  0.1595E+02
  -3.954  0.2047E+01  0.1598E+02
  -3.944  0.2168E+01  0.1600E+02
  -3.934  0.2287E+01  0.1602E+02
  -3.924  0.2402E+01  0.1604E+02
  -3.914  0.2512E+01  0.1607E+02
  -3.904  0.2617E+01  0.1610E+02
  -3.894  0.2715E+01  0.1612E+02
  -3.884  0.2805E+01  0.1615E+02
  -3.874  0.2887E+01  0.1618E+02
  -3.864  0.2959E+01  0.1621E+02
  -3.854  0.3021E+01  0.1624E+02
  -3.844  0.3073E+01  0.1627E+02
  -3.834  0.3113E+01  0.1630E+02
  -3.824  0.3142E+01  0.1633E+02
  -3.814  0.3159E+01  0.1636E+02
  -3.804  0.3164E+01  0.1640E+02
  -3.794  0.3158E+01  0.1643E+02
  -3.784  0.3141E+01  0.1646E+02
  -3.774  0.3112E+01  0.1649E+02
  -3.764  0.3074E+01  0.1652E+02
  -3.754  0.3026E+01  0.1655E+02
  -3.744  0.2969E+01  0.1658E+02
  -3.734  0.2904E+01  0.1661E+02
  -3.724  0.2833E+01  0.1664E+02
  -3.714  0.2756E+01  0.1667E+02
  -3.704  0.2675E+01  0.1669E+02
  -3.694  0.2590E+01  0.1672E+02
  -3.684  0.2504E+01  0.1674E+02
  -3.674  0.2417E+01  0.1677E+02
  -3.664  0.2331E+01  0.1679E+02
  -3.654  0.2247E+01  0.1681E+02
  -3.644  0.2166E+01  0.1683E+02
  -3.634  0.2090E+01  0.1686E+02
  -3.624  0.2018E+01  0.1688E+02
  -3.614  0.1953E+01  0.1690E+02
  -3.604  0.1895E+01  0.1691E+02
  -3.594  0.1845E+01  0.1693E+02
  -3.584  0.1803E+01  0.1695E+02
  -3.574  0.1770E+01  0.1697E+02
  -3.564  0.1746E+01  0.1699E+02
  -3.554  0.1731E+01  0.1700E+02
  -3.544  0.1724E+01  0.1702E+02
  -3.534  0.1726E+01  0.1704E+02
  -3.524  0.1737E+01  0.1705E+02
  -3.514  0.1755E+01  0.1707E+02
  -3.504  0.1780E+01  0.1709E+02
  -3.494  0.1811E+01  0.1711E+02
  -3.484  0.1848E+01  0.1713E+02
  -3.474  0.1889E+01  0.1715E+02
  -3.464  0.1933E+01  0.1717E+02
  -3.454  0.1980E+01  0.1718E+02
  -3.444  0.2028E+01  0.1721E+02
  -3.434  0.2077E+01  0.1723E+02
  -3.424  0.2125E+01  0.1725E+02
  -3.414  0.2172E+01  0.1727E+02
  -3.404  0.2216E+01  0.1729E+02
  -3.394  0.2258E+01  0.1731E+02
  -3.384  0.2296E+01  0.1734E+02
  -3.374  0.2331E+01  0.1736E+02
  -3.364  0.2362E+01  0.1738E+02
  -3.354  0.2389E+01  0.1741E+02
  -3.344  0.2412E+01  0.1743E+02
  -3.334  0.2432E+01  0.1746E+02
  -3.324  0.2450E+01  0.1748E+02
  -3.314  0.2465E+01  0.1750E+02
  -3.304  0.2479E+01  0.1753E+02
  -3.294  0.2492E+01  0.1755E+02
  -3.284  0.2506E+01  0.1758E+02
  -3.274  0.2522E+01  0.1760E+02
  -3.264  0.2541E+01  0.1763E+02
  -3.254  0.2564E+01  0.1766E+02
  -3.244  0.2593E+01  0.1768E+02
  -3.234  0.2629E+01  0.1771E+02
  -3.224  0.2673E+01  0.1773E+02
  -3.214  0.2726E+01  0.1776E+02
  -3.204  0.2790E+01  0.1779E+02
  -3.194  0.2865E+01  0.1782E+02
  -3.184  0.2952E+01  0.1785E+02
  -3.174  0.3052E+01  0.1788E+02
  -3.164  0.3166E+01  0.1791E+02
  -3.154  0.3294E+01  0.1794E+02
  -3.144  0.3437E+01  0.1798E+02
  -3.134  0.3593E+01  0.1801E+02
  -3.124  0.3764E+01  0.1805E+02
  -3.114  0.3949E+01  0.1809E+02
  -3.104  0.4147E+01  0.1813E+02
  -3.094  0.4357E+01  0.1818E+02
  -3.084  0.4578E+01  0.1822E+02
  -3.074  0.4810E+01  0.1827E+02
  -3.064  0.5051E+01  0.1832E+02
  -3.054  0.5298E+01  0.1837E+02
  -3.044  0.5551E+01  0.1843E+02
  -3.034  0.5808E+01  0.1849E+02
  -3.024  0.6066E+01  0.1855E+02
  -3.014  0.6323E+01  0.1861E+02
  -3.004  0.6578E+01  0.1868E+02
  -2.994  0.6827E+01  0.1874E+02
  -2.984  0.7068E+01  0.1882E+02
  -2.974  0.7300E+01  0.1889E+02
  -2.964  0.7519E+01  0.1896E+02
  -2.954  0.7724E+01  0.1904E+02
  -2.944  0.7913E+01  0.1912E+02
  -2.934  0.8084E+01  0.1920E+02
  -2.924  0.8235E+01  0.1928E+02
  -2.914  0.8365E+01  0.1937E+02
  -2.904  0.8472E+01  0.1945E+02
  -2.894  0.8557E+01  0.1954E+02
  -2.884  0.8617E+01  0.1962E+02
  -2.874  0.8654E+01  0.1971E+02
  -2.864  0.8667E+01  0.1980E+02
  -2.854  0.8656E+01  0.1988E+02
  -2.844  0.8622E+01  0.1997E+02
  -2.834  0.8566E+01  0.2005E+02
  -2.824  0.8490E+01  0.2014E+02
  -2.814  0.8395E+01  0.2022E+02
  -2.804  0.8282E+01  0.2031E+02
  -2.794  0.8154E+01  0.2039E+02
  -2.784  0.8013E+01  0.2047E+02
  -2.774  0.7860E+01  0.2055E+02
  -2.764  0.7698E+01  0.2062E+02
  -2.754  0.7530E+01  0.2070E+02
  -2.744  0.7357E+01  0.2077E+02
  -2.734  0.7182E+01  0.2084E+02
  -2.724  0.7007E+01  0.2091E+02
  -2.714  0.6833E+01  0.2098E+02
  -2.704  0.6663E+01  0.2105E+02
  -2.694  0.6498E+01  0.2111E+02
  -2.684  0.6340E+01  0.2118E+02
  -2.674  0.6189E+01  0.2124E+02
  -2.664  0.6046E+01  0.2130E+02
  -2.654  0.5912E+01  0.2136E+02
  -2.644  0.5787E+01  0.2142E+02
  -2.634  0.5672E+01  0.2147E+02
  -2.624  0.5566E+01  0.2153E+02
  -2.614  0.5469E+01  0.2158E+02
  -2.604  0.5381E+01  0.2164E+02
  -2.594  0.5300E+01  0.2169E+02
  -2.584  0.5226E+01  0.2174E+02
  -2.574  0.5158E+01  0.2180E+02
  -2.564  0.5094E+01  0.2185E+02
  -2.554  0.5034E+01  0.2190E+02
  -2.544  0.4977E+01  0.2195E+02
  -2.534  0.4921E+01  0.2200E+02
  -2.524  0.4866E+01  0.2204E+02
  -2.514  0.4810E+01  0.2209E+02
  -2.504  0.4753E+01  0.2214E+02
  -2.494  0.4693E+01  0.2219E+02
  -2.484  0.4631E+01  0.2223E+02
  -2.474  0.4566E+01  0.2228E+02
  -2.464  0.4498E+01  0.2232E+02
  -2.454  0.4426E+01  0.2237E+02
  -2.444  0.4352E+01  0.2241E+02
  -2.434  0.4274E+01  0.2245E+02
  -2.424  0.4195E+01  0.2250E+02
  -2.414  0.4113E+01  0.2254E+02
  -2.404  0.4031E+01  0.2258E+02
  -2.394  0.3948E+01  0.2262E+02
  -2.384  0.3866E+01  0.2266E+02
  -2.374  0.3786E+01  0.2269E+02
  -2.364  0.3708E+01  0.2273E+02
  -2.354  0.3634E+01  0.2277E+02
  -2.344  0.3564E+01  0.2280E+02
  -2.334  0.3499E+01  0.2284E+02
  -2.324  0.3440E+01  0.2287E+02
  -2.314  0.3386E+01  0.2291E+02
  -2.304  0.3339E+01  0.2294E+02
  -2.294  0.3299E+01  0.2297E+02
  -2.284  0.3265E+01  0.2300E+02
  -2.274  0.3238E+01  0.2304E+02
  -2.264  0.3216E+01  0.2307E+02
  -2.254  0.3199E+01  0.2310E+02
  -2.244  0.3188E+01  0.2313E+02
  -2.234  0.3179E+01  0.2316E+02
  -2.224  0.3174E+01  0.2320E+02
  -2.214  0.3170E+01  0.2323E+02
  -2.204  0.3166E+01  0.2326E+02
  -2.194  0.3161E+01  0.2329E+02
  -2.184  0.3155E+01  0.2332E+02
  -2.174  0.3145E+01  0.2335E+02
  -2.164  0.3131E+01  0.2339E+02
  -2.154  0.3111E+01  0.2342E+02
  -2.144  0.3085E+01  0.2345E+02
  -2.134  0.3053E+01  0.2348E+02
  -2.124  0.3012E+01  0.2351E+02
  -2.114  0.2964E+01  0.2354E+02
  -2.104  0.2907E+01  0.2357E+02
  -2.094  0.2842E+01  0.2360E+02
  -2.084  0.2768E+01  0.2362E+02
  -2.074  0.2687E+01  0.2365E+02
  -2.064  0.2598E+01  0.2368E+02
  -2.054  0.2502E+01  0.2370E+02
  -2.044  0.2400E+01  0.2373E+02
  -2.034  0.2293E+01  0.2375E+02
  -2.024  0.2181E+01  0.2377E+02
  -2.014  0.2066E+01  0.2379E+02
  -2.004  0.1949E+01  0.2381E+02
  -1.994  0.1830E+01  0.2383E+02
  -1.984  0.1710E+01  0.2385E+02
  -1.974  0.1592E+01  0.2386E+02
  -1.964  0.1475E+01  0.2388E+02
  -1.954  0.1360E+01  0.2389E+02
  -1.944  0.1248E+01  0.2390E+02
  -1.934  0.1141E+01  0.2391E+02
  -1.924  0.1037E+01  0.2392E+02
  -1.914  0.9393E+00  0.2393E+02
  -1.904  0.8464E+00  0.2394E+02
  -1.894  0.7591E+00  0.2395E+02
  -1.884  0.6777E+00  0.2396E+02
  -1.874  0.6021E+00  0.2396E+02
  -1.864  0.5325E+00  0.2397E+02
  -1.854  0.4687E+00  0.2397E+02
  -1.844  0.4106E+00  0.2398E+02
  -1.834  0.3580E+00  0.2398E+02
  -1.824  0.3107E+00  0.2398E+02
  -1.814  0.2684E+00  0.2399E+02
  -1.804  0.2307E+00  0.2399E+02
  -1.794  0.1974E+00  0.2399E+02
  -1.784  0.1681E+00  0.2399E+02
  -1.774  0.1424E+00  0.2399E+02
  -1.764  0.1201E+00  0.2399E+02
  -1.754  0.1009E+00  0.2400E+02
  -1.744  0.8426E-01  0.2400E+02
  -1.734  0.7007E-01  0.2400E+02
  -1.724  0.5799E-01  0.2400E+02
  -1.714  0.4776E-01  0.2400E+02
  -1.704  0.3915E-01  0.2400E+02
  -1.694  0.3194E-01  0.2400E+02
  -1.684  0.2594E-01  0.2400E+02
  -1.674  0.2096E-01  0.2400E+02
  -1.664  0.1686E-01  0.2400E+02
  -1.654  0.1349E-01  0.2400E+02
  -1.644  0.1075E-01  0.2400E+02
  -1.634  0.8523E-02  0.2400E+02
  -1.624  0.6726E-02  0.2400E+02
  -1.614  0.5282E-02  0.2400E+02
  -1.604  0.4128E-02  0.2400E+02
  -1.594  0.3212E-02  0.2400E+02
  -1.584  0.2486E-02  0.2400E+02
  -1.574  0.1916E-02  0.2400E+02
  -1.564  0.1469E-02  0.2400E+02
  -1.554  0.1121E-02  0.2400E+02
  -1.544  0.8516E-03  0.2400E+02
  -1.534  0.6437E-03  0.2400E+02
  -1.524  0.4843E-03  0.2400E+02
  -1.514  0.3626E-03  0.2400E+02
  -1.504  0.2702E-03  0.2400E+02
  -1.494  0.2004E-03  0.2400E+02
  -1.484  0.1480E-03  0.2400E+02
  -1.474  0.1087E-03  0.2400E+02
  -1.464  0.7951E-04  0.2400E+02
  -1.454  0.5790E-04  0.2400E+02
  -1.444  0.4199E-04  0.2400E+02
  -1.434  0.3037E-04  0.2400E+02
  -1.424  0.2193E-04  0.2400E+02
  -1.414  0.1588E-04  0.2400E+02
  -1.404  0.1162E-04  0.2400E+02
  -1.394  0.8705E-05  0.2400E+02
  -1.384  0.6844E-05  0.2400E+02
  -1.374  0.5838E-05  0.2400E+02
  -1.364  0.5584E-05  0.2400E+02
  -1.354  0.6058E-05  0.2400E+02
  -1.344  0.7318E-05  0.2400E+02
  -1.334  0.9507E-05  0.2400E+02
  -1.324  0.1287E-04  0.2400E+02
  -1.314  0.1777E-04  0.2400E+02
  -1.304  0.2472E-04  0.2400E+02
  -1.294  0.3445E-04  0.2400E+02
  -1.284  0.4791E-04  0.2400E+02
  -1.274  0.6642E-04  0.2400E+02
  -1.264  0.9170E-04  0.2400E+02
  -1.254  0.1260E-03  0.2400E+02
  -1.244  0.1725E-03  0.2400E+02
  -1.234  0.2349E-03  0.2400E+02
  -1.224  0.3184E-03  0.2400E+02
  -1.214  0.4295E-03  0.2400E+02
  -1.204  0.5766E-03  0.2400E+02
  -1.194  0.7705E-03  0.2400E+02
  -1.184  0.1025E-02  0.2400E+02
  -1.174  0.1356E-02  0.2400E+02
  -1.164  0.1787E-02  0.2400E+02
  -1.154  0.2343E-02  0.2400E+02
  -1.144  0.3057E-02  0.2400E+02
  -1.134  0.3971E-02  0.2400E+02
  -1.124  0.5132E-02  0.2400E+02
  -1.114  0.6603E-02  0.2400E+02
  -1.104  0.8454E-02  0.2400E+02
  -1.094  0.1077E-01  0.2400E+02
  -1.084  0.1367E-01  0.2400E+02
  -1.074  0.1725E-01  0.2400E+02
  -1.064  0.2168E-01  0.2400E+02
  -1.054  0.2711E-01  0.2400E+02
  -1.044  0.3374E-01  0.2400E+02
  -1.034  0.4180E-01  0.2400E+02
  -1.024  0.5154E-01  0.2400E+02
  -1.014  0.6325E-01  0.2400E+02
  -1.004  0.7727E-01  0.2400E+02
  -0.994  0.9395E-01  0.2400E+02
  -0.984  0.1137E+00  0.2401E+02
  -0.974  0.1370E+00  0.2401E+02
  -0.964  0.1642E+00  0.2401E+02
  -0.954  0.1960E+00  0.2401E+02
  -0.944  0.2328E+00  0.2401E+02
  -0.934  0.2752E+00  0.2402E+02
  -0.924  0.3240E+00  0.2402E+02
  -0.914  0.3795E+00  0.2402E+02
  -0.904  0.4426E+00  0.2403E+02
  -0.894  0.5138E+00  0.2403E+02
  -0.884  0.5938E+00  0.2404E+02
  -0.874  0.6831E+00  0.2405E+02
  -0.864  0.7823E+00  0.2405E+02
  -0.854  0.8918E+00  0.2406E+02
  -0.844  0.1012E+01  0.2407E+02
  -0.834  0.1144E+01  0.2408E+02
  -0.824  0.1286E+01  0.2410E+02
  -0.814  0.1441E+01  0.2411E+02
  -0.804  0.1606E+01  0.2413E+02
  -0.794  0.1783E+01  0.2414E+02
  -0.784  0.1971E+01  0.2416E+02
  -0.774  0.2169E+01  0.2419E+02
  -0.764  0.2377E+01  0.2421E+02
  -0.754  0.2594E+01  0.2424E+02
  -0.744  0.2819E+01  0.2426E+02
  -0.734  0.3051E+01  0.2429E+02
  -0.724  0.3289E+01  0.2433E+02
  -0.714  0.3530E+01  0.2436E+02
  -0.704  0.3775E+01  0.2440E+02
  -0.694  0.4020E+01  0.2444E+02
  -0.684  0.4264E+01  0.2448E+02
  -0.674  0.4507E+01  0.2453E+02
  -0.664  0.4745E+01  0.2458E+02
  -0.654  0.4978E+01  0.2463E+02
  -0.644  0.5204E+01  0.2468E+02
  -0.634  0.5421E+01  0.2473E+02
  -0.624  0.5628E+01  0.2479E+02
  -0.614  0.5823E+01  0.2485E+02
  -0.604  0.6007E+01  0.2491E+02
  -0.594  0.6177E+01  0.2497E+02
  -0.584  0.6332E+01  0.2503E+02
  -0.574  0.6474E+01  0.2510E+02
  -0.564  0.6601E+01  0.2516E+02
  -0.554  0.6713E+01  0.2523E+02
  -0.544  0.6810E+01  0.2530E+02
  -0.534  0.6892E+01  0.2537E+02
  -0.524  0.6961E+01  0.2544E+02
  -0.514  0.7016E+01  0.2551E+02
  -0.504  0.7058E+01  0.2558E+02
  -0.494  0.7088E+01  0.2565E+02
  -0.484  0.7108E+01  0.2572E+02
  -0.474  0.7118E+01  0.2579E+02
  -0.464  0.7118E+01  0.2586E+02
  -0.454  0.7111E+01  0.2593E+02
  -0.444  0.7097E+01  0.2600E+02
  -0.434  0.7078E+01  0.2607E+02
  -0.424  0.7054E+01  0.2614E+02
  -0.414  0.7026E+01  0.2621E+02
  -0.404  0.6996E+01  0.2628E+02
  -0.394  0.6964E+01  0.2635E+02
  -0.384  0.6931E+01  0.2642E+02
  -0.374  0.6898E+01  0.2649E+02
  -0.364  0.6865E+01  0.2656E+02
  -0.354  0.6834E+01  0.2663E+02
  -0.344  0.6805E+01  0.2670E+02
  -0.334  0.6778E+01  0.2677E+02
  -0.324  0.6754E+01  0.2683E+02
  -0.314  0.6733E+01  0.2690E+02
  -0.304  0.6715E+01  0.2697E+02
  -0.294  0.6701E+01  0.2703E+02
  -0.284  0.6690E+01  0.2710E+02
  -0.274  0.6683E+01  0.2717E+02
  -0.264  0.6679E+01  0.2724E+02
  -0.254  0.6677E+01  0.2730E+02
  -0.244  0.6678E+01  0.2737E+02
  -0.234  0.6682E+01  0.2744E+02
  -0.224  0.6687E+01  0.2750E+02
  -0.214  0.6692E+01  0.2757E+02
  -0.204  0.6698E+01  0.2764E+02
  -0.194  0.6704E+01  0.2770E+02
  -0.184  0.6708E+01  0.2777E+02
  -0.174  0.6710E+01  0.2784E+02
  -0.164  0.6709E+01  0.2790E+02
  -0.154  0.6705E+01  0.2797E+02
  -0.144  0.6697E+01  0.2804E+02
  -0.134  0.6684E+01  0.2811E+02
  -0.124  0.6666E+01  0.2817E+02
  -0.114  0.6642E+01  0.2824E+02
  -0.104  0.6613E+01  0.2830E+02
  -0.094  0.6578E+01  0.2837E+02
  -0.084  0.6538E+01  0.2844E+02
  -0.074  0.6492E+01  0.2850E+02
  -0.064  0.6442E+01  0.2857E+02
  -0.054  0.6388E+01  0.2863E+02
  -0.044  0.6330E+01  0.2869E+02
  -0.034  0.6270E+01  0.2876E+02
  -0.024  0.6209E+01  0.2882E+02
  -0.014  0.6146E+01  0.2888E+02
  -0.004  0.6084E+01  0.2894E+02
   0.006  0.6024E+01  0.2900E+02
   0.016  0.5965E+01  0.2906E+02
   0.026  0.5910E+01  0.2912E+02
   0.036  0.5858E+01  0.2918E+02
   0.046  0.5812E+01  0.2924E+02
   0.056  0.5770E+01  0.2929E+02
   0.066  0.5735E+01  0.2935E+02
   0.076  0.5705E+01  0.2941E+02
   0.086  0.5682E+01  0.2946E+02
   0.096  0.5666E+01  0.2952E+02
   0.106  0.5656E+01  0.2958E+02
   0.116  0.5653E+01  0.2963E+02
   0.126  0.5656E+01  0.2969E+02
   0.136  0.5666E+01  0.2975E+02
   0.146  0.5681E+01  0.2980E+02
   0.156  0.5703E+01  0.2986E+02
   0.166  0.5730E+01  0.2992E+02
   0.176  0.5764E+01  0.2998E+02
   0.186  0.5802E+01  0.3003E+02
   0.196  0.5847E+01  0.3009E+02
   0.206  0.5896E+01  0.3015E+02
   0.216  0.5952E+01  0.3021E+02
   0.226  0.6013E+01  0.3027E+02
   0.236  0.6081E+01  0.3033E+02
   0.246  0.6155E+01  0.3039E+02
   0.256  0.6235E+01  0.3046E+02
   0.266  0.6321E+01  0.3052E+02
   0.276  0.6414E+01  0.3058E+02
   0.286  0.6514E+01  0.3065E+02
   0.296  0.6621E+01  0.3071E+02
   0.306  0.6734E+01  0.3078E+02
   0.316  0.6853E+01  0.3085E+02
   0.326  0.6978E+01  0.3092E+02
   0.336  0.7107E+01  0.3099E+02
   0.346  0.7240E+01  0.3106E+02
   0.356  0.7376E+01  0.3114E+02
   0.366  0.7513E+01  0.3121E+02
   0.376  0.7649E+01  0.3129E+02
   0.386  0.7784E+01  0.3137E+02
   0.396  0.7915E+01  0.3145E+02
   0.406  0.8041E+01  0.3153E+02
   0.416  0.8159E+01  0.3161E+02
   0.426  0.8268E+01  0.3169E+02
   0.436  0.8366E+01  0.3177E+02
   0.446  0.8451E+01  0.3186E+02
   0.456  0.8521E+01  0.3194E+02
   0.466  0.8575E+01  0.3203E+02
   0.476  0.8613E+01  0.3212E+02
   0.486  0.8632E+01  0.3220E+02
   0.496  0.8633E+01  0.3229E+02
   0.506  0.8616E+01  0.3237E+02
   0.516  0.8580E+01  0.3246E+02
   0.526  0.8526E+01  0.3255E+02
   0.536  0.8455E+01  0.3263E+02
   0.546  0.8368E+01  0.3271E+02
   0.556  0.8268E+01  0.3280E+02
   0.566  0.8154E+01  0.3288E+02
   0.576  0.8031E+01  0.3296E+02
   0.586  0.7899E+01  0.3304E+02
   0.596  0.7761E+01  0.3312E+02
   0.606  0.7621E+01  0.3319E+02
   0.616  0.7479E+01  0.3327E+02
   0.626  0.7340E+01  0.3334E+02
   0.636  0.7204E+01  0.3341E+02
   0.646  0.7075E+01  0.3348E+02
   0.656  0.6955E+01  0.3355E+02
   0.666  0.6845E+01  0.3362E+02
   0.676  0.6747E+01  0.3369E+02
   0.686  0.6663E+01  0.3375E+02
   0.696  0.6593E+01  0.3382E+02
   0.706  0.6538E+01  0.3389E+02
   0.716  0.6499E+01  0.3395E+02
   0.726  0.6476E+01  0.3402E+02
   0.736  0.6468E+01  0.3408E+02
   0.746  0.6476E+01  0.3414E+02
   0.756  0.6498E+01  0.3421E+02
   0.766  0.6535E+01  0.3428E+02
   0.776  0.6584E+01  0.3434E+02
   0.786  0.6644E+01  0.3441E+02
   0.796  0.6714E+01  0.3447E+02
   0.806  0.6793E+01  0.3454E+02
   0.816  0.6879E+01  0.3461E+02
   0.826  0.6971E+01  0.3468E+02
   0.836  0.7066E+01  0.3475E+02
   0.846  0.7163E+01  0.3482E+02
   0.856  0.7261E+01  0.3490E+02
   0.866  0.7358E+01  0.3497E+02
   0.876  0.7452E+01  0.3504E+02
   0.886  0.7542E+01  0.3512E+02
   0.896  0.7626E+01  0.3520E+02
   0.906  0.7704E+01  0.3527E+02
   0.916  0.7774E+01  0.3535E+02
   0.926  0.7835E+01  0.3543E+02
   0.936  0.7886E+01  0.3551E+02
   0.946  0.7926E+01  0.3559E+02
   0.956  0.7955E+01  0.3567E+02
   0.966  0.7972E+01  0.3575E+02
   0.976  0.7977E+01  0.3583E+02
   0.986  0.7969E+01  0.3591E+02
   0.996  0.7948E+01  0.3599E+02
   1.006  0.7915E+01  0.3606E+02
   1.016  0.7870E+01  0.3614E+02
   1.026  0.7813E+01  0.3622E+02
   1.036  0.7746E+01  0.3630E+02
   1.046  0.7668E+01  0.3638E+02
   1.056  0.7582E+01  0.3645E+02
   1.066  0.7488E+01  0.3653E+02
   1.076  0.7387E+01  0.3660E+02
   1.086  0.7282E+01  0.3667E+02
   1.096  0.7174E+01  0.3674E+02
   1.106  0.7065E+01  0.3682E+02
   1.116  0.6956E+01  0.3688E+02
   1.126  0.6850E+01  0.3695E+02
   1.136  0.6749E+01  0.3702E+02
   1.146  0.6655E+01  0.3709E+02
   1.156  0.6568E+01  0.3715E+02
   1.166  0.6493E+01  0.3722E+02
   1.176  0.6429E+01  0.3728E+02
   1.186  0.6378E+01  0.3735E+02
   1.196  0.6342E+01  0.3741E+02
   1.206  0.6322E+01  0.3747E+02
   1.216  0.6319E+01  0.3754E+02
   1.226  0.6333E+01  0.3760E+02
   1.236  0.6365E+01  0.3766E+02
   1.246  0.6415E+01  0.3773E+02
   1.256  0.6482E+01  0.3779E+02
   1.266  0.6567E+01  0.3786E+02
   1.276  0.6668E+01  0.3792E+02
   1.286  0.6784E+01  0.3799E+02
   1.296  0.6915E+01  0.3806E+02
   1.306  0.7059E+01  0.3813E+02
   1.316  0.7214E+01  0.3820E+02
   1.326  0.7379E+01  0.3828E+02
   1.336  0.7551E+01  0.3835E+02
   1.346  0.7730E+01  0.3843E+02
   1.356  0.7912E+01  0.3851E+02
   1.366  0.8096E+01  0.3859E+02
   1.376  0.8281E+01  0.3867E+02
   1.386  0.8464E+01  0.3876E+02
   1.396  0.8643E+01  0.3884E+02
   1.406  0.8816E+01  0.3893E+02
   1.416  0.8983E+01  0.3902E+02
   1.426  0.9142E+01  0.3911E+02
   1.436  0.9291E+01  0.3921E+02
   1.446  0.9430E+01  0.3930E+02
   1.456  0.9558E+01  0.3940E+02
   1.466  0.9674E+01  0.3949E+02
   1.476  0.9778E+01  0.3959E+02
   1.486  0.9869E+01  0.3969E+02
   1.496  0.9948E+01  0.3979E+02
   1.506  0.1001E+02  0.3989E+02
   1.516  0.1007E+02  0.3999E+02
   1.526  0.1011E+02  0.4009E+02
   1.536  0.1014E+02  0.4019E+02
   1.546  0.1017E+02  0.4029E+02
   1.556  0.1018E+02  0.4040E+02
   1.566  0.1018E+02  0.4050E+02
   1.576  0.1018E+02  0.4060E+02
   1.586  0.1016E+02  0.4070E+02
   1.596  0.1014E+02  0.4080E+02
   1.606  0.1012E+02  0.4090E+02
   1.616  0.1009E+02  0.4100E+02
   1.626  0.1005E+02  0.4111E+02
   1.636  0.1000E+02  0.4121E+02
   1.646  0.9956E+01  0.4130E+02
   1.656  0.9902E+01  0.4140E+02
   1.666  0.9843E+01  0.4150E+02
   1.676  0.9779E+01  0.4160E+02
   1.686  0.9709E+01  0.4170E+02
   1.696  0.9633E+01  0.4179E+02
   1.706  0.9551E+01  0.4189E+02
   1.716  0.9463E+01  0.4198E+02
   1.726  0.9367E+01  0.4208E+02
   1.736  0.9265E+01  0.4217E+02
   1.746  0.9154E+01  0.4226E+02
   1.756  0.9036E+01  0.4235E+02
   1.766  0.8910E+01  0.4244E+02
   1.776  0.8776E+01  0.4253E+02
   1.786  0.8634E+01  0.4262E+02
   1.796  0.8484E+01  0.4270E+02
   1.806  0.8327E+01  0.4278E+02
   1.816  0.8162E+01  0.4286E+02
   1.826  0.7991E+01  0.4294E+02
   1.836  0.7813E+01  0.4302E+02
   1.846  0.7630E+01  0.4310E+02
   1.856  0.7442E+01  0.4317E+02
   1.866  0.7250E+01  0.4325E+02
   1.876  0.7054E+01  0.4332E+02
   1.886  0.6856E+01  0.4339E+02
   1.896  0.6657E+01  0.4345E+02
   1.906  0.6458E+01  0.4352E+02
   1.916  0.6259E+01  0.4358E+02
   1.926  0.6062E+01  0.4364E+02
   1.936  0.5868E+01  0.4370E+02
   1.946  0.5678E+01  0.4375E+02
   1.956  0.5493E+01  0.4381E+02
   1.966  0.5314E+01  0.4386E+02
   1.976  0.5143E+01  0.4391E+02
   1.986  0.4981E+01  0.4396E+02
   1.996  0.4829E+01  0.4401E+02
   2.006  0.4688E+01  0.4406E+02
   2.016  0.4559E+01  0.4410E+02
   2.026  0.4445E+01  0.4415E+02
   2.036  0.4344E+01  0.4419E+02
   2.046  0.4260E+01  0.4424E+02
   2.056  0.4193E+01  0.4428E+02
   2.066  0.4143E+01  0.4432E+02
   2.076  0.4113E+01  0.4436E+02
   2.086  0.4101E+01  0.4440E+02
   2.096  0.4109E+01  0.4444E+02
   2.106  0.4138E+01  0.4448E+02
   2.116  0.4186E+01  0.4453E+02
   2.126  0.4255E+01  0.4457E+02
   2.136  0.4344E+01  0.4461E+02
   2.146  0.4451E+01  0.4466E+02
   2.156  0.4577E+01  0.4470E+02
   2.166  0.4720E+01  0.4475E+02
   2.176  0.4879E+01  0.4480E+02
   2.186  0.5051E+01  0.4485E+02
   2.196  0.5236E+01  0.4490E+02
   2.206  0.5431E+01  0.4495E+02
   2.216  0.5634E+01  0.4501E+02
   2.226  0.5842E+01  0.4507E+02
   2.236  0.6053E+01  0.4513E+02
   2.246  0.6264E+01  0.4519E+02
   2.256  0.6473E+01  0.4526E+02
   2.266  0.6677E+01  0.4532E+02
   2.276  0.6873E+01  0.4539E+02
   2.286  0.7060E+01  0.4546E+02
   2.296  0.7234E+01  0.4554E+02
   2.306  0.7394E+01  0.4561E+02
   2.316  0.7537E+01  0.4569E+02
   2.326  0.7662E+01  0.4576E+02
   2.336  0.7768E+01  0.4584E+02
   2.346  0.7852E+01  0.4592E+02
   2.356  0.7915E+01  0.4600E+02
   2.366  0.7955E+01  0.4608E+02
   2.376  0.7972E+01  0.4616E+02
   2.386  0.7966E+01  0.4624E+02
   2.396  0.7937E+01  0.4632E+02
   2.406  0.7886E+01  0.4639E+02
   2.416  0.7812E+01  0.4647E+02
   2.426  0.7717E+01  0.4655E+02
   2.436  0.7601E+01  0.4663E+02
   2.446  0.7467E+01  0.4670E+02
   2.456  0.7314E+01  0.4677E+02
   2.466  0.7144E+01  0.4684E+02
   2.476  0.6959E+01  0.4691E+02
   2.486  0.6761E+01  0.4698E+02
   2.496  0.6550E+01  0.4705E+02
   2.506  0.6328E+01  0.4711E+02
   2.516  0.6097E+01  0.4717E+02
   2.526  0.5859E+01  0.4723E+02
   2.536  0.5614E+01  0.4729E+02
   2.546  0.5364E+01  0.4734E+02
   2.556  0.5112E+01  0.4739E+02
   2.566  0.4857E+01  0.4744E+02
   2.576  0.4602E+01  0.4749E+02
   2.586  0.4348E+01  0.4753E+02
   2.596  0.4096E+01  0.4757E+02
   2.606  0.3847E+01  0.4761E+02
   2.616  0.3602E+01  0.4764E+02
   2.626  0.3362E+01  0.4768E+02
   2.636  0.3128E+01  0.4771E+02
   2.646  0.2902E+01  0.4774E+02
   2.656  0.2683E+01  0.4777E+02
   2.666  0.2472E+01  0.4779E+02
   2.676  0.2270E+01  0.4781E+02
   2.686  0.2078E+01  0.4783E+02
   2.696  0.1895E+01  0.4785E+02
   2.706  0.1722E+01  0.4787E+02
   2.716  0.1559E+01  0.4789E+02
   2.726  0.1407E+01  0.4790E+02
   2.736  0.1265E+01  0.4791E+02
   2.746  0.1132E+01  0.4792E+02
   2.756  0.1010E+01  0.4793E+02
   2.766  0.8974E+00  0.4794E+02
   2.776  0.7942E+00  0.4795E+02
   2.786  0.7000E+00  0.4796E+02
   2.796  0.6146E+00  0.4796E+02
   2.806  0.5373E+00  0.4797E+02
   2.816  0.4679E+00  0.4797E+02
   2.826  0.4057E+00  0.4798E+02
   2.836  0.3503E+00  0.4798E+02
   2.846  0.3012E+00  0.4798E+02
   2.856  0.2579E+00  0.4799E+02
   2.866  0.2198E+00  0.4799E+02
   2.876  0.1866E+00  0.4799E+02
