#  E (eV)   dos(E)     Int dos(E) EFermi =   2.546 eV
 -18.405  0.3242E-04  0.3242E-06
 -18.395  0.3620E-04  0.6861E-06
 -18.385  0.4039E-04  0.1090E-05
 -18.375  0.4505E-04  0.1541E-05
 -18.365  0.5021E-04  0.2043E-05
 -18.355  0.5592E-04  0.2602E-05
 -18.345  0.6223E-04  0.3224E-05
 -18.335  0.6922E-04  0.3916E-05
 -18.325  0.7694E-04  0.4686E-05
 -18.315  0.8547E-04  0.5540E-05
 -18.305  0.9488E-04  0.6489E-05
 -18.295  0.1053E-03  0.7542E-05
 -18.285  0.1167E-03  0.8709E-05
 -18.275  0.1293E-03  0.1000E-04
 -18.265  0.1431E-03  0.1143E-04
 -18.255  0.1584E-03  0.1302E-04
 -18.245  0.1751E-03  0.1477E-04
 -18.235  0.1935E-03  0.1670E-04
 -18.225  0.2137E-03  0.1884E-04
 -18.215  0.2358E-03  0.2120E-04
 -18.205  0.2601E-03  0.2380E-04
 -18.195  0.2867E-03  0.2667E-04
 -18.185  0.3158E-03  0.2982E-04
 -18.175  0.3476E-03  0.3330E-04
 -18.165  0.3823E-03  0.3712E-04
 -18.155  0.4203E-03  0.4133E-04
 -18.145  0.4618E-03  0.4594E-04
 -18.135  0.5070E-03  0.5101E-04
 -18.125  0.5563E-03  0.5658E-04
 -18.115  0.6099E-03  0.6268E-04
 -18.105  0.6684E-03  0.6936E-04
 -18.095  0.7320E-03  0.7668E-04
 -18.085  0.8011E-03  0.8469E-04
 -18.075  0.8761E-03  0.9345E-04
 -18.065  0.9577E-03  0.1030E-03
 -18.055  0.1046E-02  0.1135E-03
 -18.045  0.1142E-02  0.1249E-03
 -18.035  0.1246E-02  0.1374E-03
 -18.025  0.1358E-02  0.1509E-03
 -18.015  0.1480E-02  0.1657E-03
 -18.005  0.1612E-02  0.1819E-03
 -17.995  0.1754E-02  0.1994E-03
 -17.985  0.1907E-02  0.2185E-03
 -17.975  0.2073E-02  0.2392E-03
 -17.965  0.2252E-02  0.2617E-03
 -17.955  0.2445E-02  0.2862E-03
 -17.945  0.2652E-02  0.3127E-03
 -17.935  0.2875E-02  0.3414E-03
 -17.925  0.3116E-02  0.3726E-03
 -17.915  0.3374E-02  0.4063E-03
 -17.905  0.3651E-02  0.4429E-03
 -17.895  0.3949E-02  0.4824E-03
 -17.885  0.4269E-02  0.5250E-03
 -17.875  0.4612E-02  0.5712E-03
 -17.865  0.4979E-02  0.6210E-03
 -17.855  0.5372E-02  0.6747E-03
 -17.845  0.5793E-02  0.7326E-03
 -17.835  0.6244E-02  0.7950E-03
 -17.825  0.6725E-02  0.8623E-03
 -17.815  0.7239E-02  0.9347E-03
 -17.805  0.7788E-02  0.1013E-02
 -17.795  0.8374E-02  0.1096E-02
 -17.785  0.8999E-02  0.1186E-02
 -17.775  0.9664E-02  0.1283E-02
 -17.765  0.1037E-01  0.1387E-02
 -17.755  0.1113E-01  0.1498E-02
 -17.745  0.1193E-01  0.1617E-02
 -17.735  0.1278E-01  0.1745E-02
 -17.725  0.1369E-01  0.1882E-02
 -17.715  0.1465E-01  0.2029E-02
 -17.705  0.1568E-01  0.2185E-02
 -17.695  0.1676E-01  0.2353E-02
 -17.685  0.1791E-01  0.2532E-02
 -17.675  0.1913E-01  0.2723E-02
 -17.665  0.2042E-01  0.2927E-02
 -17.655  0.2178E-01  0.3145E-02
 -17.645  0.2322E-01  0.3377E-02
 -17.635  0.2475E-01  0.3625E-02
 -17.625  0.2636E-01  0.3889E-02
 -17.615  0.2806E-01  0.4169E-02
 -17.605  0.2986E-01  0.4468E-02
 -17.595  0.3176E-01  0.4785E-02
 -17.585  0.3375E-01  0.5123E-02
 -17.575  0.3586E-01  0.5482E-02
 -17.565  0.3808E-01  0.5862E-02
 -17.555  0.4041E-01  0.6266E-02
 -17.545  0.4287E-01  0.6695E-02
 -17.535  0.4546E-01  0.7150E-02
 -17.525  0.4817E-01  0.7631E-02
 -17.515  0.5103E-01  0.8142E-02
 -17.505  0.5402E-01  0.8682E-02
 -17.495  0.5717E-01  0.9254E-02
 -17.485  0.6047E-01  0.9858E-02
 -17.475  0.6393E-01  0.1050E-01
 -17.465  0.6756E-01  0.1117E-01
 -17.455  0.7136E-01  0.1189E-01
 -17.445  0.7534E-01  0.1264E-01
 -17.435  0.7950E-01  0.1344E-01
 -17.425  0.8386E-01  0.1427E-01
 -17.415  0.8842E-01  0.1516E-01
 -17.405  0.9319E-01  0.1609E-01
 -17.395  0.9817E-01  0.1707E-01
 -17.385  0.1034E+00  0.1811E-01
 -17.375  0.1088E+00  0.1919E-01
 -17.365  0.1145E+00  0.2034E-01
 -17.355  0.1204E+00  0.2154E-01
 -17.345  0.1265E+00  0.2281E-01
 -17.335  0.1330E+00  0.2414E-01
 -17.325  0.1396E+00  0.2553E-01
 -17.315  0.1466E+00  0.2700E-01
 -17.305  0.1539E+00  0.2854E-01
 -17.295  0.1614E+00  0.3015E-01
 -17.285  0.1693E+00  0.3184E-01
 -17.275  0.1774E+00  0.3362E-01
 -17.265  0.1859E+00  0.3548E-01
 -17.255  0.1947E+00  0.3743E-01
 -17.245  0.2039E+00  0.3946E-01
 -17.235  0.2134E+00  0.4160E-01
 -17.225  0.2232E+00  0.4383E-01
 -17.215  0.2335E+00  0.4616E-01
 -17.205  0.2441E+00  0.4861E-01
 -17.195  0.2551E+00  0.5116E-01
 -17.185  0.2664E+00  0.5382E-01
 -17.175  0.2782E+00  0.5660E-01
 -17.165  0.2904E+00  0.5951E-01
 -17.155  0.3031E+00  0.6254E-01
 -17.145  0.3161E+00  0.6570E-01
 -17.135  0.3296E+00  0.6900E-01
 -17.125  0.3436E+00  0.7243E-01
 -17.115  0.3580E+00  0.7601E-01
 -17.105  0.3729E+00  0.7974E-01
 -17.095  0.3883E+00  0.8362E-01
 -17.085  0.4042E+00  0.8767E-01
 -17.075  0.4205E+00  0.9187E-01
 -17.065  0.4374E+00  0.9625E-01
 -17.055  0.4548E+00  0.1008E+00
 -17.045  0.4727E+00  0.1055E+00
 -17.035  0.4911E+00  0.1104E+00
 -17.025  0.5101E+00  0.1155E+00
 -17.015  0.5296E+00  0.1208E+00
 -17.005  0.5497E+00  0.1263E+00
 -16.995  0.5703E+00  0.1320E+00
 -16.985  0.5915E+00  0.1379E+00
 -16.975  0.6132E+00  0.1441E+00
 -16.965  0.6355E+00  0.1504E+00
 -16.955  0.6584E+00  0.1570E+00
 -16.945  0.6819E+00  0.1638E+00
 -16.935  0.7059E+00  0.1709E+00
 -16.925  0.7306E+00  0.1782E+00
 -16.915  0.7558E+00  0.1858E+00
 -16.905  0.7816E+00  0.1936E+00
 -16.895  0.8079E+00  0.2017E+00
 -16.885  0.8349E+00  0.2100E+00
 -16.875  0.8624E+00  0.2186E+00
 -16.865  0.8905E+00  0.2275E+00
 -16.855  0.9192E+00  0.2367E+00
 -16.845  0.9484E+00  0.2462E+00
 -16.835  0.9782E+00  0.2560E+00
 -16.825  0.1009E+01  0.2661E+00
 -16.815  0.1039E+01  0.2765E+00
 -16.805  0.1071E+01  0.2872E+00
 -16.795  0.1103E+01  0.2982E+00
 -16.785  0.1135E+01  0.3096E+00
 -16.775  0.1168E+01  0.3212E+00
 -16.765  0.1202E+01  0.3333E+00
 -16.755  0.1236E+01  0.3456E+00
 -16.745  0.1270E+01  0.3583E+00
 -16.735  0.1305E+01  0.3714E+00
 -16.725  0.1340E+01  0.3848E+00
 -16.715  0.1376E+01  0.3985E+00
 -16.705  0.1412E+01  0.4126E+00
 -16.695  0.1448E+01  0.4271E+00
 -16.685  0.1485E+01  0.4420E+00
 -16.675  0.1522E+01  0.4572E+00
 -16.665  0.1559E+01  0.4728E+00
 -16.655  0.1597E+01  0.4887E+00
 -16.645  0.1634E+01  0.5051E+00
 -16.635  0.1672E+01  0.5218E+00
 -16.625  0.1711E+01  0.5389E+00
 -16.615  0.1749E+01  0.5564E+00
 -16.605  0.1787E+01  0.5743E+00
 -16.595  0.1826E+01  0.5925E+00
 -16.585  0.1865E+01  0.6112E+00
 -16.575  0.1903E+01  0.6302E+00
 -16.565  0.1942E+01  0.6496E+00
 -16.555  0.1981E+01  0.6694E+00
 -16.545  0.2019E+01  0.6896E+00
 -16.535  0.2058E+01  0.7102E+00
 -16.525  0.2096E+01  0.7312E+00
 -16.515  0.2134E+01  0.7525E+00
 -16.505  0.2172E+01  0.7742E+00
 -16.495  0.2210E+01  0.7963E+00
 -16.485  0.2248E+01  0.8188E+00
 -16.475  0.2285E+01  0.8417E+00
 -16.465  0.2322E+01  0.8649E+00
 -16.455  0.2358E+01  0.8885E+00
 -16.445  0.2395E+01  0.9124E+00
 -16.435  0.2430E+01  0.9367E+00
 -16.425  0.2466E+01  0.9614E+00
 -16.415  0.2500E+01  0.9864E+00
 -16.405  0.2535E+01  0.1012E+01
 -16.395  0.2569E+01  0.1037E+01
 -16.385  0.2602E+01  0.1063E+01
 -16.375  0.2634E+01  0.1090E+01
 -16.365  0.2666E+01  0.1116E+01
 -16.355  0.2698E+01  0.1143E+01
 -16.345  0.2729E+01  0.1171E+01
 -16.335  0.2759E+01  0.1198E+01
 -16.325  0.2788E+01  0.1226E+01
 -16.315  0.2817E+01  0.1254E+01
 -16.305  0.2845E+01  0.1283E+01
 -16.295  0.2872E+01  0.1312E+01
 -16.285  0.2898E+01  0.1340E+01
 -16.275  0.2924E+01  0.1370E+01
 -16.265  0.2949E+01  0.1399E+01
 -16.255  0.2973E+01  0.1429E+01
 -16.245  0.2996E+01  0.1459E+01
 -16.235  0.3019E+01  0.1489E+01
 -16.225  0.3040E+01  0.1520E+01
 -16.215  0.3061E+01  0.1550E+01
 -16.205  0.3081E+01  0.1581E+01
 -16.195  0.3101E+01  0.1612E+01
 -16.185  0.3119E+01  0.1643E+01
 -16.175  0.3137E+01  0.1674E+01
 -16.165  0.3153E+01  0.1706E+01
 -16.155  0.3170E+01  0.1738E+01
 -16.145  0.3185E+01  0.1770E+01
 -16.135  0.3199E+01  0.1802E+01
 -16.125  0.3213E+01  0.1834E+01
 -16.115  0.3226E+01  0.1866E+01
 -16.105  0.3238E+01  0.1898E+01
 -16.095  0.3250E+01  0.1931E+01
 -16.085  0.3260E+01  0.1963E+01
 -16.075  0.3270E+01  0.1996E+01
 -16.065  0.3280E+01  0.2029E+01
 -16.055  0.3289E+01  0.2062E+01
 -16.045  0.3297E+01  0.2095E+01
 -16.035  0.3304E+01  0.2128E+01
 -16.025  0.3311E+01  0.2161E+01
 -16.015  0.3317E+01  0.2194E+01
 -16.005  0.3323E+01  0.2227E+01
 -15.995  0.3329E+01  0.2261E+01
 -15.985  0.3333E+01  0.2294E+01
 -15.975  0.3338E+01  0.2327E+01
 -15.965  0.3342E+01  0.2361E+01
 -15.955  0.3345E+01  0.2394E+01
 -15.945  0.3348E+01  0.2428E+01
 -15.935  0.3351E+01  0.2461E+01
 -15.925  0.3354E+01  0.2495E+01
 -15.915  0.3356E+01  0.2528E+01
 -15.905  0.3358E+01  0.2562E+01
 -15.895  0.3359E+01  0.2595E+01
 -15.885  0.3361E+01  0.2629E+01
 -15.875  0.3362E+01  0.2663E+01
 -15.865  0.3363E+01  0.2696E+01
 -15.855  0.3364E+01  0.2730E+01
 -15.845  0.3365E+01  0.2764E+01
 -15.835  0.3366E+01  0.2797E+01
 -15.825  0.3367E+01  0.2831E+01
 -15.815  0.3368E+01  0.2865E+01
 -15.805  0.3369E+01  0.2898E+01
 -15.795  0.3370E+01  0.2932E+01
 -15.785  0.3371E+01  0.2966E+01
 -15.775  0.3372E+01  0.2999E+01
 -15.765  0.3374E+01  0.3033E+01
 -15.755  0.3375E+01  0.3067E+01
 -15.745  0.3377E+01  0.3101E+01
 -15.735  0.3379E+01  0.3135E+01
 -15.725  0.3381E+01  0.3168E+01
 -15.715  0.3384E+01  0.3202E+01
 -15.705  0.3387E+01  0.3236E+01
 -15.695  0.3390E+01  0.3270E+01
 -15.685  0.3394E+01  0.3304E+01
 -15.675  0.3398E+01  0.3338E+01
 -15.665  0.3402E+01  0.3372E+01
 -15.655  0.3407E+01  0.3406E+01
 -15.645  0.3412E+01  0.3440E+01
 -15.635  0.3418E+01  0.3474E+01
 -15.625  0.3425E+01  0.3509E+01
 -15.615  0.3431E+01  0.3543E+01
 -15.605  0.3439E+01  0.3577E+01
 -15.595  0.3447E+01  0.3612E+01
 -15.585  0.3456E+01  0.3646E+01
 -15.575  0.3465E+01  0.3681E+01
 -15.565  0.3475E+01  0.3716E+01
 -15.555  0.3486E+01  0.3751E+01
 -15.545  0.3498E+01  0.3785E+01
 -15.535  0.3510E+01  0.3821E+01
 -15.525  0.3523E+01  0.3856E+01
 -15.515  0.3537E+01  0.3891E+01
 -15.505  0.3551E+01  0.3927E+01
 -15.495  0.3567E+01  0.3962E+01
 -15.485  0.3583E+01  0.3998E+01
 -15.475  0.3600E+01  0.4034E+01
 -15.465  0.3618E+01  0.4070E+01
 -15.455  0.3637E+01  0.4107E+01
 -15.445  0.3657E+01  0.4143E+01
 -15.435  0.3678E+01  0.4180E+01
 -15.425  0.3700E+01  0.4217E+01
 -15.415  0.3723E+01  0.4254E+01
 -15.405  0.3747E+01  0.4292E+01
 -15.395  0.3772E+01  0.4330E+01
 -15.385  0.3798E+01  0.4368E+01
 -15.375  0.3825E+01  0.4406E+01
 -15.365  0.3854E+01  0.4444E+01
 -15.355  0.3883E+01  0.4483E+01
 -15.345  0.3914E+01  0.4522E+01
 -15.335  0.3945E+01  0.4562E+01
 -15.325  0.3978E+01  0.4601E+01
 -15.315  0.4012E+01  0.4642E+01
 -15.305  0.4048E+01  0.4682E+01
 -15.295  0.4084E+01  0.4723E+01
 -15.285  0.4122E+01  0.4764E+01
 -15.275  0.4160E+01  0.4806E+01
 -15.265  0.4200E+01  0.4848E+01
 -15.255  0.4242E+01  0.4890E+01
 -15.245  0.4284E+01  0.4933E+01
 -15.235  0.4328E+01  0.4976E+01
 -15.225  0.4373E+01  0.5020E+01
 -15.215  0.4419E+01  0.5064E+01
 -15.205  0.4466E+01  0.5109E+01
 -15.195  0.4514E+01  0.5154E+01
 -15.185  0.4563E+01  0.5200E+01
 -15.175  0.4614E+01  0.5246E+01
 -15.165  0.4666E+01  0.5292E+01
 -15.155  0.4718E+01  0.5340E+01
 -15.145  0.4772E+01  0.5387E+01
 -15.135  0.4827E+01  0.5436E+01
 -15.125  0.4882E+01  0.5484E+01
 -15.115  0.4939E+01  0.5534E+01
 -15.105  0.4996E+01  0.5584E+01
 -15.095  0.5054E+01  0.5634E+01
 -15.085  0.5113E+01  0.5685E+01
 -15.075  0.5173E+01  0.5737E+01
 -15.065  0.5233E+01  0.5790E+01
 -15.055  0.5294E+01  0.5842E+01
 -15.045  0.5355E+01  0.5896E+01
 -15.035  0.5417E+01  0.5950E+01
 -15.025  0.5479E+01  0.6005E+01
 -15.015  0.5541E+01  0.6060E+01
 -15.005  0.5604E+01  0.6116E+01
 -14.995  0.5666E+01  0.6173E+01
 -14.985  0.5729E+01  0.6230E+01
 -14.975  0.5791E+01  0.6288E+01
 -14.965  0.5853E+01  0.6347E+01
 -14.955  0.5915E+01  0.6406E+01
 -14.945  0.5976E+01  0.6466E+01
 -14.935  0.6037E+01  0.6526E+01
 -14.925  0.6097E+01  0.6587E+01
 -14.915  0.6157E+01  0.6649E+01
 -14.905  0.6215E+01  0.6711E+01
 -14.895  0.6273E+01  0.6774E+01
 -14.885  0.6329E+01  0.6837E+01
 -14.875  0.6384E+01  0.6901E+01
 -14.865  0.6438E+01  0.6965E+01
 -14.855  0.6490E+01  0.7030E+01
 -14.845  0.6541E+01  0.7095E+01
 -14.835  0.6589E+01  0.7161E+01
 -14.825  0.6636E+01  0.7228E+01
 -14.815  0.6681E+01  0.7294E+01
 -14.805  0.6724E+01  0.7362E+01
 -14.795  0.6765E+01  0.7429E+01
 -14.785  0.6803E+01  0.7497E+01
 -14.775  0.6839E+01  0.7566E+01
 -14.765  0.6873E+01  0.7634E+01
 -14.755  0.6904E+01  0.7703E+01
 -14.745  0.6932E+01  0.7773E+01
 -14.735  0.6957E+01  0.7842E+01
 -14.725  0.6979E+01  0.7912E+01
 -14.715  0.6998E+01  0.7982E+01
 -14.705  0.7014E+01  0.8052E+01
 -14.695  0.7027E+01  0.8123E+01
 -14.685  0.7037E+01  0.8193E+01
 -14.675  0.7043E+01  0.8263E+01
 -14.665  0.7046E+01  0.8334E+01
 -14.655  0.7046E+01  0.8404E+01
 -14.645  0.7042E+01  0.8475E+01
 -14.635  0.7034E+01  0.8545E+01
 -14.625  0.7023E+01  0.8615E+01
 -14.615  0.7008E+01  0.8685E+01
 -14.605  0.6990E+01  0.8755E+01
 -14.595  0.6968E+01  0.8825E+01
 -14.585  0.6942E+01  0.8894E+01
 -14.575  0.6913E+01  0.8963E+01
 -14.565  0.6880E+01  0.9032E+01
 -14.555  0.6844E+01  0.9101E+01
 -14.545  0.6804E+01  0.9169E+01
 -14.535  0.6761E+01  0.9236E+01
 -14.525  0.6714E+01  0.9304E+01
 -14.515  0.6663E+01  0.9370E+01
 -14.505  0.6610E+01  0.9436E+01
 -14.495  0.6552E+01  0.9502E+01
 -14.485  0.6492E+01  0.9567E+01
 -14.475  0.6428E+01  0.9631E+01
 -14.465  0.6362E+01  0.9695E+01
 -14.455  0.6292E+01  0.9758E+01
 -14.445  0.6220E+01  0.9820E+01
 -14.435  0.6144E+01  0.9881E+01
 -14.425  0.6066E+01  0.9942E+01
 -14.415  0.5985E+01  0.1000E+02
 -14.405  0.5902E+01  0.1006E+02
 -14.395  0.5817E+01  0.1012E+02
 -14.385  0.5729E+01  0.1018E+02
 -14.375  0.5639E+01  0.1023E+02
 -14.365  0.5547E+01  0.1029E+02
 -14.355  0.5453E+01  0.1034E+02
 -14.345  0.5358E+01  0.1040E+02
 -14.335  0.5261E+01  0.1045E+02
 -14.325  0.5162E+01  0.1050E+02
 -14.315  0.5062E+01  0.1055E+02
 -14.305  0.4961E+01  0.1060E+02
 -14.295  0.4859E+01  0.1065E+02
 -14.285  0.4756E+01  0.1070E+02
 -14.275  0.4653E+01  0.1074E+02
 -14.265  0.4548E+01  0.1079E+02
 -14.255  0.4444E+01  0.1083E+02
 -14.245  0.4339E+01  0.1088E+02
 -14.235  0.4233E+01  0.1092E+02
 -14.225  0.4128E+01  0.1096E+02
 -14.215  0.4022E+01  0.1100E+02
 -14.205  0.3917E+01  0.1104E+02
 -14.195  0.3812E+01  0.1108E+02
 -14.185  0.3708E+01  0.1111E+02
 -14.175  0.3604E+01  0.1115E+02
 -14.165  0.3501E+01  0.1119E+02
 -14.155  0.3398E+01  0.1122E+02
 -14.145  0.3297E+01  0.1125E+02
 -14.135  0.3196E+01  0.1128E+02
 -14.125  0.3097E+01  0.1132E+02
 -14.115  0.2998E+01  0.1135E+02
 -14.105  0.2901E+01  0.1137E+02
 -14.095  0.2805E+01  0.1140E+02
 -14.085  0.2711E+01  0.1143E+02
 -14.075  0.2618E+01  0.1146E+02
 -14.065  0.2526E+01  0.1148E+02
 -14.055  0.2436E+01  0.1151E+02
 -14.045  0.2348E+01  0.1153E+02
 -14.035  0.2262E+01  0.1155E+02
 -14.025  0.2177E+01  0.1157E+02
 -14.015  0.2094E+01  0.1159E+02
 -14.005  0.2013E+01  0.1161E+02
 -13.995  0.1934E+01  0.1163E+02
 -13.985  0.1857E+01  0.1165E+02
 -13.975  0.1781E+01  0.1167E+02
 -13.965  0.1708E+01  0.1169E+02
 -13.955  0.1636E+01  0.1170E+02
 -13.945  0.1567E+01  0.1172E+02
 -13.935  0.1499E+01  0.1173E+02
 -13.925  0.1433E+01  0.1175E+02
 -13.915  0.1370E+01  0.1176E+02
 -13.905  0.1308E+01  0.1178E+02
 -13.895  0.1248E+01  0.1179E+02
 -13.885  0.1191E+01  0.1180E+02
 -13.875  0.1135E+01  0.1181E+02
 -13.865  0.1081E+01  0.1182E+02
 -13.855  0.1029E+01  0.1183E+02
 -13.845  0.9785E+00  0.1184E+02
 -13.835  0.9301E+00  0.1185E+02
 -13.825  0.8835E+00  0.1186E+02
 -13.815  0.8387E+00  0.1187E+02
 -13.805  0.7957E+00  0.1188E+02
 -13.795  0.7543E+00  0.1188E+02
 -13.785  0.7147E+00  0.1189E+02
 -13.775  0.6766E+00  0.1190E+02
 -13.765  0.6402E+00  0.1190E+02
 -13.755  0.6053E+00  0.1191E+02
 -13.745  0.5720E+00  0.1192E+02
 -13.735  0.5401E+00  0.1192E+02
 -13.725  0.5096E+00  0.1193E+02
 -13.715  0.4806E+00  0.1193E+02
 -13.705  0.4529E+00  0.1194E+02
 -13.695  0.4265E+00  0.1194E+02
 -13.685  0.4014E+00  0.1194E+02
 -13.675  0.3775E+00  0.1195E+02
 -13.665  0.3548E+00  0.1195E+02
 -13.655  0.3333E+00  0.1196E+02
 -13.645  0.3128E+00  0.1196E+02
 -13.635  0.2934E+00  0.1196E+02
 -13.625  0.2751E+00  0.1196E+02
 -13.615  0.2577E+00  0.1197E+02
 -13.605  0.2412E+00  0.1197E+02
 -13.595  0.2257E+00  0.1197E+02
 -13.585  0.2110E+00  0.1197E+02
 -13.575  0.1971E+00  0.1198E+02
 -13.565  0.1840E+00  0.1198E+02
 -13.555  0.1717E+00  0.1198E+02
 -13.545  0.1601E+00  0.1198E+02
 -13.535  0.1492E+00  0.1198E+02
 -13.525  0.1389E+00  0.1198E+02
 -13.515  0.1292E+00  0.1198E+02
 -13.505  0.1202E+00  0.1199E+02
 -13.495  0.1117E+00  0.1199E+02
 -13.485  0.1037E+00  0.1199E+02
 -13.475  0.9625E-01  0.1199E+02
 -13.465  0.8927E-01  0.1199E+02
 -13.455  0.8273E-01  0.1199E+02
 -13.445  0.7663E-01  0.1199E+02
 -13.435  0.7092E-01  0.1199E+02
 -13.425  0.6560E-01  0.1199E+02
 -13.415  0.6064E-01  0.1199E+02
 -13.405  0.5601E-01  0.1199E+02
 -13.395  0.5170E-01  0.1199E+02
 -13.385  0.4770E-01  0.1199E+02
 -13.375  0.4397E-01  0.1200E+02
 -13.365  0.4051E-01  0.1200E+02
 -13.355  0.3729E-01  0.1200E+02
 -13.345  0.3431E-01  0.1200E+02
 -13.335  0.3154E-01  0.1200E+02
 -13.325  0.2898E-01  0.1200E+02
 -13.315  0.2661E-01  0.1200E+02
 -13.305  0.2442E-01  0.1200E+02
 -13.295  0.2239E-01  0.1200E+02
 -13.285  0.2052E-01  0.1200E+02
 -13.275  0.1879E-01  0.1200E+02
 -13.265  0.1719E-01  0.1200E+02
 -13.255  0.1572E-01  0.1200E+02
 -13.245  0.1437E-01  0.1200E+02
 -13.235  0.1312E-01  0.1200E+02
 -13.225  0.1198E-01  0.1200E+02
 -13.215  0.1092E-01  0.1200E+02
 -13.205  0.9957E-02  0.1200E+02
 -13.195  0.9069E-02  0.1200E+02
 -13.185  0.8255E-02  0.1200E+02
 -13.175  0.7509E-02  0.1200E+02
 -13.165  0.6826E-02  0.1200E+02
 -13.155  0.6200E-02  0.1200E+02
 -13.145  0.5629E-02  0.1200E+02
 -13.135  0.5106E-02  0.1200E+02
 -13.125  0.4629E-02  0.1200E+02
 -13.115  0.4194E-02  0.1200E+02
 -13.105  0.3797E-02  0.1200E+02
 -13.095  0.3436E-02  0.1200E+02
 -13.085  0.3106E-02  0.1200E+02
 -13.075  0.2807E-02  0.1200E+02
 -13.065  0.2534E-02  0.1200E+02
 -13.055  0.2287E-02  0.1200E+02
 -13.045  0.2062E-02  0.1200E+02
 -13.035  0.1858E-02  0.1200E+02
 -13.025  0.1674E-02  0.1200E+02
 -13.015  0.1506E-02  0.1200E+02
 -13.005  0.1355E-02  0.1200E+02
 -12.995  0.1217E-02  0.1200E+02
 -12.985  0.1093E-02  0.1200E+02
 -12.975  0.9813E-03  0.1200E+02
 -12.965  0.8802E-03  0.1200E+02
 -12.955  0.7889E-03  0.1200E+02
 -12.945  0.7067E-03  0.1200E+02
 -12.935  0.6326E-03  0.1200E+02
 -12.925  0.5659E-03  0.1200E+02
 -12.915  0.5058E-03  0.1200E+02
 -12.905  0.4519E-03  0.1200E+02
 -12.895  0.4034E-03  0.1200E+02
 -12.885  0.3599E-03  0.1200E+02
 -12.875  0.3209E-03  0.1200E+02
 -12.865  0.2859E-03  0.1200E+02
 -12.855  0.2545E-03  0.1200E+02
 -12.845  0.2265E-03  0.1200E+02
 -12.835  0.2014E-03  0.1200E+02
 -12.825  0.1789E-03  0.1200E+02
 -12.815  0.1589E-03  0.1200E+02
 -12.805  0.1410E-03  0.1200E+02
 -12.795  0.1250E-03  0.1200E+02
 -12.785  0.1108E-03  0.1200E+02
 -12.775  0.9813E-04  0.1200E+02
 -12.765  0.8685E-04  0.1200E+02
 -12.755  0.7681E-04  0.1200E+02
 -12.745  0.6789E-04  0.1200E+02
 -12.735  0.5996E-04  0.1200E+02
 -12.725  0.5292E-04  0.1200E+02
 -12.715  0.4668E-04  0.1200E+02
 -12.705  0.4115E-04  0.1200E+02
 -12.695  0.3625E-04  0.1200E+02
 -12.685  0.3191E-04  0.1200E+02
 -12.675  0.2807E-04  0.1200E+02
 -12.665  0.2467E-04  0.1200E+02
 -12.655  0.2168E-04  0.1200E+02
 -12.645  0.1903E-04  0.1200E+02
 -12.635  0.1670E-04  0.1200E+02
 -12.625  0.1464E-04  0.1200E+02
 -12.615  0.1283E-04  0.1200E+02
 -12.605  0.1123E-04  0.1200E+02
 -12.595  0.9826E-05  0.1200E+02
 -12.585  0.8592E-05  0.1200E+02
 -12.575  0.7508E-05  0.1200E+02
 -12.565  0.6556E-05  0.1200E+02
 -12.555  0.5721E-05  0.1200E+02
 -12.545  0.4989E-05  0.1200E+02
 -12.535  0.4348E-05  0.1200E+02
 -12.525  0.3787E-05  0.1200E+02
 -12.515  0.3296E-05  0.1200E+02
 -12.505  0.2867E-05  0.1200E+02
 -12.495  0.2491E-05  0.1200E+02
 -12.485  0.2164E-05  0.1200E+02
 -12.475  0.1878E-05  0.1200E+02
 -12.465  0.1629E-05  0.1200E+02
 -12.455  0.1412E-05  0.1200E+02
 -12.445  0.1223E-05  0.1200E+02
 -12.435  0.1059E-05  0.1200E+02
 -12.425  0.9162E-06  0.1200E+02
 -12.415  0.7921E-06  0.1200E+02
 -12.405  0.6843E-06  0.1200E+02
 -12.395  0.5908E-06  0.1200E+02
 -12.385  0.5097E-06  0.1200E+02
 -12.375  0.4395E-06  0.1200E+02
 -12.365  0.3787E-06  0.1200E+02
 -12.355  0.3260E-06  0.1200E+02
 -12.345  0.2805E-06  0.1200E+02
 -12.335  0.2412E-06  0.1200E+02
 -12.325  0.2073E-06  0.1200E+02
 -12.315  0.1780E-06  0.1200E+02
 -12.305  0.1528E-06  0.1200E+02
 -12.295  0.1310E-06  0.1200E+02
 -12.285  0.1123E-06  0.1200E+02
 -12.275  0.9616E-07  0.1200E+02
 -12.265  0.8230E-07  0.1200E+02
 -12.255  0.7039E-07  0.1200E+02
 -12.245  0.6017E-07  0.1200E+02
 -12.235  0.5139E-07  0.1200E+02
 -12.225  0.4387E-07  0.1200E+02
 -12.215  0.3742E-07  0.1200E+02
 -12.205  0.3190E-07  0.1200E+02
 -12.195  0.2717E-07  0.1200E+02
 -12.185  0.2313E-07  0.1200E+02
 -12.175  0.1968E-07  0.1200E+02
 -12.165  0.1673E-07  0.1200E+02
 -12.155  0.1421E-07  0.1200E+02
 -12.145  0.1207E-07  0.1200E+02
 -12.135  0.1024E-07  0.1200E+02
 -12.125  0.8681E-08  0.1200E+02
 -12.115  0.7356E-08  0.1200E+02
 -12.105  0.6228E-08  0.1200E+02
 -12.095  0.5270E-08  0.1200E+02
 -12.085  0.4457E-08  0.1200E+02
 -12.075  0.3766E-08  0.1200E+02
 -12.065  0.3180E-08  0.1200E+02
 -12.055  0.2684E-08  0.1200E+02
 -12.045  0.2263E-08  0.1200E+02
 -12.035  0.1908E-08  0.1200E+02
 -12.025  0.1607E-08  0.1200E+02
 -12.015  0.1352E-08  0.1200E+02
 -12.005  0.1137E-08  0.1200E+02
 -11.995  0.9560E-09  0.1200E+02
 -11.985  0.8030E-09  0.1200E+02
 -11.975  0.6740E-09  0.1200E+02
 -11.965  0.5654E-09  0.1200E+02
 -11.955  0.4740E-09  0.1200E+02
 -11.945  0.3970E-09  0.1200E+02
 -11.935  0.3324E-09  0.1200E+02
 -11.925  0.2781E-09  0.1200E+02
 -11.915  0.2325E-09  0.1200E+02
 -11.905  0.1942E-09  0.1200E+02
 -11.895  0.1622E-09  0.1200E+02
 -11.885  0.1353E-09  0.1200E+02
 -11.875  0.1128E-09  0.1200E+02
 -11.865  0.9400E-10  0.1200E+02
 -11.855  0.7828E-10  0.1200E+02
 -11.845  0.6513E-10  0.1200E+02
 -11.835  0.5416E-10  0.1200E+02
 -11.825  0.4501E-10  0.1200E+02
 -11.815  0.3738E-10  0.1200E+02
 -11.805  0.3102E-10  0.1200E+02
 -11.795  0.2573E-10  0.1200E+02
 -11.785  0.2132E-10  0.1200E+02
 -11.775  0.1766E-10  0.1200E+02
 -11.765  0.1462E-10  0.1200E+02
 -11.755  0.1209E-10  0.1200E+02
 -11.745  0.9993E-11  0.1200E+02
 -11.735  0.8254E-11  0.1200E+02
 -11.725  0.6813E-11  0.1200E+02
 -11.715  0.5620E-11  0.1200E+02
 -11.705  0.4633E-11  0.1200E+02
 -11.695  0.3817E-11  0.1200E+02
 -11.685  0.3142E-11  0.1200E+02
 -11.675  0.2585E-11  0.1200E+02
 -11.665  0.2125E-11  0.1200E+02
 -11.655  0.1746E-11  0.1200E+02
 -11.645  0.1434E-11  0.1200E+02
 -11.635  0.1176E-11  0.1200E+02
 -11.625  0.9645E-12  0.1200E+02
 -11.615  0.7903E-12  0.1200E+02
 -11.605  0.6472E-12  0.1200E+02
 -11.595  0.5296E-12  0.1200E+02
 -11.585  0.4330E-12  0.1200E+02
 -11.575  0.3539E-12  0.1200E+02
 -11.565  0.2890E-12  0.1200E+02
 -11.555  0.2359E-12  0.1200E+02
 -11.545  0.1924E-12  0.1200E+02
 -11.535  0.1568E-12  0.1200E+02
 -11.525  0.1277E-12  0.1200E+02
 -11.515  0.1039E-12  0.1200E+02
 -11.505  0.8453E-13  0.1200E+02
 -11.495  0.6871E-13  0.1200E+02
 -11.485  0.5581E-13  0.1200E+02
 -11.475  0.4531E-13  0.1200E+02
 -11.465  0.3675E-13  0.1200E+02
 -11.455  0.2979E-13  0.1200E+02
 -11.445  0.2414E-13  0.1200E+02
 -11.435  0.1954E-13  0.1200E+02
 -11.425  0.1581E-13  0.1200E+02
 -11.415  0.1278E-13  0.1200E+02
 -11.405  0.1033E-13  0.1200E+02
 -11.395  0.8337E-14  0.1200E+02
 -11.385  0.6727E-14  0.1200E+02
 -11.375  0.5424E-14  0.1200E+02
 -11.365  0.4371E-14  0.1200E+02
 -11.355  0.3519E-14  0.1200E+02
 -11.345  0.2832E-14  0.1200E+02
 -11.335  0.2277E-14  0.1200E+02
 -11.325  0.1830E-14  0.1200E+02
 -11.315  0.1470E-14  0.1200E+02
 -11.305  0.1180E-14  0.1200E+02
 -11.295  0.9461E-15  0.1200E+02
 -11.285  0.7582E-15  0.1200E+02
 -11.275  0.6073E-15  0.1200E+02
 -11.265  0.4861E-15  0.1200E+02
 -11.255  0.3888E-15  0.1200E+02
 -11.245  0.3108E-15  0.1200E+02
 -11.235  0.2482E-15  0.1200E+02
 -11.225  0.1982E-15  0.1200E+02
 -11.215  0.1581E-15  0.1200E+02
 -11.205  0.1260E-15  0.1200E+02
 -11.195  0.1004E-15  0.1200E+02
 -11.185  0.7992E-16  0.1200E+02
 -11.175  0.6358E-16  0.1200E+02
 -11.165  0.5055E-16  0.1200E+02
 -11.155  0.4017E-16  0.1200E+02
 -11.145  0.3189E-16  0.1200E+02
 -11.135  0.2530E-16  0.1200E+02
 -11.125  0.2006E-16  0.1200E+02
 -11.115  0.1590E-16  0.1200E+02
 -11.105  0.1259E-16  0.1200E+02
 -11.095  0.9962E-17  0.1200E+02
 -11.085  0.7878E-17  0.1200E+02
 -11.075  0.6226E-17  0.1200E+02
 -11.065  0.4917E-17  0.1200E+02
 -11.055  0.3880E-17  0.1200E+02
 -11.045  0.3060E-17  0.1200E+02
 -11.035  0.2412E-17  0.1200E+02
 -11.025  0.1900E-17  0.1200E+02
 -11.015  0.1495E-17  0.1200E+02
 -11.005  0.1176E-17  0.1200E+02
 -10.995  0.9245E-18  0.1200E+02
 -10.985  0.7262E-18  0.1200E+02
 -10.975  0.5701E-18  0.1200E+02
 -10.965  0.4472E-18  0.1200E+02
 -10.955  0.3506E-18  0.1200E+02
 -10.945  0.2746E-18  0.1200E+02
 -10.935  0.2150E-18  0.1200E+02
 -10.925  0.1682E-18  0.1200E+02
 -10.915  0.1315E-18  0.1200E+02
 -10.905  0.1028E-18  0.1200E+02
 -10.895  0.8023E-19  0.1200E+02
 -10.885  0.6260E-19  0.1200E+02
 -10.875  0.4881E-19  0.1200E+02
 -10.865  0.3803E-19  0.1200E+02
 -10.855  0.2962E-19  0.1200E+02
 -10.845  0.2305E-19  0.1200E+02
 -10.835  0.1792E-19  0.1200E+02
 -10.825  0.1393E-19  0.1200E+02
 -10.815  0.1082E-19  0.1200E+02
 -10.805  0.8395E-20  0.1200E+02
 -10.795  0.6512E-20  0.1200E+02
 -10.785  0.5047E-20  0.1200E+02
 -10.775  0.3910E-20  0.1200E+02
 -10.765  0.3027E-20  0.1200E+02
 -10.755  0.2342E-20  0.1200E+02
 -10.745  0.1811E-20  0.1200E+02
 -10.735  0.1400E-20  0.1200E+02
 -10.725  0.1083E-20  0.1200E+02
 -10.715  0.8373E-21  0.1200E+02
 -10.705  0.6483E-21  0.1200E+02
 -10.695  0.5032E-21  0.1200E+02
 -10.685  0.3922E-21  0.1200E+02
 -10.675  0.3080E-21  0.1200E+02
 -10.665  0.2450E-21  0.1200E+02
 -10.655  0.1988E-21  0.1200E+02
 -10.645  0.1664E-21  0.1200E+02
 -10.635  0.1455E-21  0.1200E+02
 -10.625  0.1348E-21  0.1200E+02
 -10.615  0.1333E-21  0.1200E+02
 -10.605  0.1409E-21  0.1200E+02
 -10.595  0.1581E-21  0.1200E+02
 -10.585  0.1860E-21  0.1200E+02
 -10.575  0.2262E-21  0.1200E+02
 -10.565  0.2813E-21  0.1200E+02
 -10.555  0.3548E-21  0.1200E+02
 -10.545  0.4513E-21  0.1200E+02
 -10.535  0.5769E-21  0.1200E+02
 -10.525  0.7394E-21  0.1200E+02
 -10.515  0.9490E-21  0.1200E+02
 -10.505  0.1219E-20  0.1200E+02
 -10.495  0.1565E-20  0.1200E+02
 -10.485  0.2009E-20  0.1200E+02
 -10.475  0.2578E-20  0.1200E+02
 -10.465  0.3306E-20  0.1200E+02
 -10.455  0.4238E-20  0.1200E+02
 -10.445  0.5429E-20  0.1200E+02
 -10.435  0.6950E-20  0.1200E+02
 -10.425  0.8891E-20  0.1200E+02
 -10.415  0.1137E-19  0.1200E+02
 -10.405  0.1452E-19  0.1200E+02
 -10.395  0.1854E-19  0.1200E+02
 -10.385  0.2366E-19  0.1200E+02
 -10.375  0.3017E-19  0.1200E+02
 -10.365  0.3844E-19  0.1200E+02
 -10.355  0.4894E-19  0.1200E+02
 -10.345  0.6228E-19  0.1200E+02
 -10.335  0.7919E-19  0.1200E+02
 -10.325  0.1006E-18  0.1200E+02
 -10.315  0.1278E-18  0.1200E+02
 -10.305  0.1622E-18  0.1200E+02
 -10.295  0.2057E-18  0.1200E+02
 -10.285  0.2607E-18  0.1200E+02
 -10.275  0.3301E-18  0.1200E+02
 -10.265  0.4178E-18  0.1200E+02
 -10.255  0.5284E-18  0.1200E+02
 -10.245  0.6679E-18  0.1200E+02
 -10.235  0.8435E-18  0.1200E+02
 -10.225  0.1065E-17  0.1200E+02
 -10.215  0.1343E-17  0.1200E+02
 -10.205  0.1693E-17  0.1200E+02
 -10.195  0.2132E-17  0.1200E+02
 -10.185  0.2684E-17  0.1200E+02
 -10.175  0.3377E-17  0.1200E+02
 -10.165  0.4245E-17  0.1200E+02
 -10.155  0.5332E-17  0.1200E+02
 -10.145  0.6694E-17  0.1200E+02
 -10.135  0.8398E-17  0.1200E+02
 -10.125  0.1053E-16  0.1200E+02
 -10.115  0.1319E-16  0.1200E+02
 -10.105  0.1652E-16  0.1200E+02
 -10.095  0.2066E-16  0.1200E+02
 -10.085  0.2584E-16  0.1200E+02
 -10.075  0.3228E-16  0.1200E+02
 -10.065  0.4031E-16  0.1200E+02
 -10.055  0.5030E-16  0.1200E+02
 -10.045  0.6272E-16  0.1200E+02
 -10.035  0.7816E-16  0.1200E+02
 -10.025  0.9733E-16  0.1200E+02
 -10.015  0.1211E-15  0.1200E+02
 -10.005  0.1506E-15  0.1200E+02
  -9.995  0.1872E-15  0.1200E+02
  -9.985  0.2325E-15  0.1200E+02
  -9.975  0.2885E-15  0.1200E+02
  -9.965  0.3578E-15  0.1200E+02
  -9.955  0.4435E-15  0.1200E+02
  -9.945  0.5493E-15  0.1200E+02
  -9.935  0.6798E-15  0.1200E+02
  -9.925  0.8409E-15  0.1200E+02
  -9.915  0.1039E-14  0.1200E+02
  -9.905  0.1284E-14  0.1200E+02
  -9.895  0.1585E-14  0.1200E+02
  -9.885  0.1955E-14  0.1200E+02
  -9.875  0.2410E-14  0.1200E+02
  -9.865  0.2969E-14  0.1200E+02
  -9.855  0.3655E-14  0.1200E+02
  -9.845  0.4496E-14  0.1200E+02
  -9.835  0.5527E-14  0.1200E+02
  -9.825  0.6791E-14  0.1200E+02
  -9.815  0.8337E-14  0.1200E+02
  -9.805  0.1023E-13  0.1200E+02
  -9.795  0.1254E-13  0.1200E+02
  -9.785  0.1537E-13  0.1200E+02
  -9.775  0.1882E-13  0.1200E+02
  -9.765  0.2302E-13  0.1200E+02
  -9.755  0.2815E-13  0.1200E+02
  -9.745  0.3440E-13  0.1200E+02
  -9.735  0.4201E-13  0.1200E+02
  -9.725  0.5126E-13  0.1200E+02
  -9.715  0.6251E-13  0.1200E+02
  -9.705  0.7618E-13  0.1200E+02
  -9.695  0.9277E-13  0.1200E+02
  -9.685  0.1129E-12  0.1200E+02
  -9.675  0.1373E-12  0.1200E+02
  -9.665  0.1669E-12  0.1200E+02
  -9.655  0.2027E-12  0.1200E+02
  -9.645  0.2460E-12  0.1200E+02
  -9.635  0.2984E-12  0.1200E+02
  -9.625  0.3617E-12  0.1200E+02
  -9.615  0.4381E-12  0.1200E+02
  -9.605  0.5303E-12  0.1200E+02
  -9.595  0.6414E-12  0.1200E+02
  -9.585  0.7754E-12  0.1200E+02
  -9.575  0.9366E-12  0.1200E+02
  -9.565  0.1131E-11  0.1200E+02
  -9.555  0.1364E-11  0.1200E+02
  -9.545  0.1644E-11  0.1200E+02
  -9.535  0.1981E-11  0.1200E+02
  -9.525  0.2385E-11  0.1200E+02
  -9.515  0.2870E-11  0.1200E+02
  -9.505  0.3450E-11  0.1200E+02
  -9.495  0.4145E-11  0.1200E+02
  -9.485  0.4977E-11  0.1200E+02
  -9.475  0.5972E-11  0.1200E+02
  -9.465  0.7161E-11  0.1200E+02
  -9.455  0.8580E-11  0.1200E+02
  -9.445  0.1027E-10  0.1200E+02
  -9.435  0.1229E-10  0.1200E+02
  -9.425  0.1470E-10  0.1200E+02
  -9.415  0.1757E-10  0.1200E+02
  -9.405  0.2098E-10  0.1200E+02
  -9.395  0.2504E-10  0.1200E+02
  -9.385  0.2986E-10  0.1200E+02
  -9.375  0.3559E-10  0.1200E+02
  -9.365  0.4239E-10  0.1200E+02
  -9.355  0.5045E-10  0.1200E+02
  -9.345  0.6000E-10  0.1200E+02
  -9.335  0.7132E-10  0.1200E+02
  -9.325  0.8471E-10  0.1200E+02
  -9.315  0.1006E-09  0.1200E+02
  -9.305  0.1193E-09  0.1200E+02
  -9.295  0.1414E-09  0.1200E+02
  -9.285  0.1675E-09  0.1200E+02
  -9.275  0.1983E-09  0.1200E+02
  -9.265  0.2345E-09  0.1200E+02
  -9.255  0.2773E-09  0.1200E+02
  -9.245  0.3275E-09  0.1200E+02
  -9.235  0.3867E-09  0.1200E+02
  -9.225  0.4562E-09  0.1200E+02
  -9.215  0.5379E-09  0.1200E+02
  -9.205  0.6337E-09  0.1200E+02
  -9.195  0.7461E-09  0.1200E+02
  -9.185  0.8779E-09  0.1200E+02
  -9.175  0.1032E-08  0.1200E+02
  -9.165  0.1213E-08  0.1200E+02
  -9.155  0.1424E-08  0.1200E+02
  -9.145  0.1671E-08  0.1200E+02
  -9.135  0.1960E-08  0.1200E+02
  -9.125  0.2297E-08  0.1200E+02
  -9.115  0.2689E-08  0.1200E+02
  -9.105  0.3147E-08  0.1200E+02
  -9.095  0.3681E-08  0.1200E+02
  -9.085  0.4302E-08  0.1200E+02
  -9.075  0.5024E-08  0.1200E+02
  -9.065  0.5863E-08  0.1200E+02
  -9.055  0.6838E-08  0.1200E+02
  -9.045  0.7970E-08  0.1200E+02
  -9.035  0.9283E-08  0.1200E+02
  -9.025  0.1081E-07  0.1200E+02
  -9.015  0.1257E-07  0.1200E+02
  -9.005  0.1461E-07  0.1200E+02
  -8.995  0.1697E-07  0.1200E+02
  -8.985  0.1970E-07  0.1200E+02
  -8.975  0.2285E-07  0.1200E+02
  -8.965  0.2649E-07  0.1200E+02
  -8.955  0.3069E-07  0.1200E+02
  -8.945  0.3553E-07  0.1200E+02
  -8.935  0.4110E-07  0.1200E+02
  -8.925  0.4752E-07  0.1200E+02
  -8.915  0.5490E-07  0.1200E+02
  -8.905  0.6339E-07  0.1200E+02
  -8.895  0.7314E-07  0.1200E+02
  -8.885  0.8433E-07  0.1200E+02
  -8.875  0.9717E-07  0.1200E+02
  -8.865  0.1119E-06  0.1200E+02
  -8.855  0.1287E-06  0.1200E+02
  -8.845  0.1480E-06  0.1200E+02
  -8.835  0.1701E-06  0.1200E+02
  -8.825  0.1954E-06  0.1200E+02
  -8.815  0.2242E-06  0.1200E+02
  -8.805  0.2571E-06  0.1200E+02
  -8.795  0.2946E-06  0.1200E+02
  -8.785  0.3374E-06  0.1200E+02
  -8.775  0.3862E-06  0.1200E+02
  -8.765  0.4417E-06  0.1200E+02
  -8.755  0.5048E-06  0.1200E+02
  -8.745  0.5766E-06  0.1200E+02
  -8.735  0.6581E-06  0.1200E+02
  -8.725  0.7506E-06  0.1200E+02
  -8.715  0.8556E-06  0.1200E+02
  -8.705  0.9746E-06  0.1200E+02
  -8.695  0.1109E-05  0.1200E+02
  -8.685  0.1262E-05  0.1200E+02
  -8.675  0.1435E-05  0.1200E+02
  -8.665  0.1630E-05  0.1200E+02
  -8.655  0.1850E-05  0.1200E+02
  -8.645  0.2099E-05  0.1200E+02
  -8.635  0.2379E-05  0.1200E+02
  -8.625  0.2696E-05  0.1200E+02
  -8.615  0.3052E-05  0.1200E+02
  -8.605  0.3453E-05  0.1200E+02
  -8.595  0.3904E-05  0.1200E+02
  -8.585  0.4412E-05  0.1200E+02
  -8.575  0.4981E-05  0.1200E+02
  -8.565  0.5621E-05  0.1200E+02
  -8.555  0.6338E-05  0.1200E+02
  -8.545  0.7142E-05  0.1200E+02
  -8.535  0.8042E-05  0.1200E+02
  -8.525  0.9050E-05  0.1200E+02
  -8.515  0.1018E-04  0.1200E+02
  -8.505  0.1144E-04  0.1200E+02
  -8.495  0.1284E-04  0.1200E+02
  -8.485  0.1441E-04  0.1200E+02
  -8.475  0.1617E-04  0.1200E+02
  -8.465  0.1812E-04  0.1200E+02
  -8.455  0.2029E-04  0.1200E+02
  -8.445  0.2271E-04  0.1200E+02
  -8.435  0.2540E-04  0.1200E+02
  -8.425  0.2840E-04  0.1200E+02
  -8.415  0.3172E-04  0.1200E+02
  -8.405  0.3540E-04  0.1200E+02
  -8.395  0.3949E-04  0.1200E+02
  -8.385  0.4402E-04  0.1200E+02
  -8.375  0.4904E-04  0.1200E+02
  -8.365  0.5459E-04  0.1200E+02
  -8.355  0.6074E-04  0.1200E+02
  -8.345  0.6752E-04  0.1200E+02
  -8.335  0.7501E-04  0.1200E+02
  -8.325  0.8328E-04  0.1200E+02
  -8.315  0.9240E-04  0.1200E+02
  -8.305  0.1024E-03  0.1200E+02
  -8.295  0.1135E-03  0.1200E+02
  -8.285  0.1257E-03  0.1200E+02
  -8.275  0.1391E-03  0.1200E+02
  -8.265  0.1538E-03  0.1200E+02
  -8.255  0.1699E-03  0.1200E+02
  -8.245  0.1876E-03  0.1200E+02
  -8.235  0.2070E-03  0.1200E+02
  -8.225  0.2283E-03  0.1200E+02
  -8.215  0.2516E-03  0.1200E+02
  -8.205  0.2771E-03  0.1200E+02
  -8.195  0.3049E-03  0.1200E+02
  -8.185  0.3353E-03  0.1200E+02
  -8.175  0.3686E-03  0.1200E+02
  -8.165  0.4048E-03  0.1200E+02
  -8.155  0.4443E-03  0.1200E+02
  -8.145  0.4873E-03  0.1200E+02
  -8.135  0.5341E-03  0.1200E+02
  -8.125  0.5850E-03  0.1200E+02
  -8.115  0.6404E-03  0.1200E+02
  -8.105  0.7005E-03  0.1200E+02
  -8.095  0.7657E-03  0.1200E+02
  -8.085  0.8364E-03  0.1200E+02
  -8.075  0.9131E-03  0.1200E+02
  -8.065  0.9960E-03  0.1200E+02
  -8.055  0.1086E-02  0.1200E+02
  -8.045  0.1183E-02  0.1200E+02
  -8.035  0.1288E-02  0.1200E+02
  -8.025  0.1401E-02  0.1200E+02
  -8.015  0.1523E-02  0.1200E+02
  -8.005  0.1655E-02  0.1200E+02
  -7.995  0.1797E-02  0.1200E+02
  -7.985  0.1950E-02  0.1200E+02
  -7.975  0.2114E-02  0.1200E+02
  -7.965  0.2291E-02  0.1200E+02
  -7.955  0.2481E-02  0.1200E+02
  -7.945  0.2684E-02  0.1200E+02
  -7.935  0.2903E-02  0.1200E+02
  -7.925  0.3137E-02  0.1200E+02
  -7.915  0.3388E-02  0.1200E+02
  -7.905  0.3656E-02  0.1200E+02
  -7.895  0.3943E-02  0.1200E+02
  -7.885  0.4249E-02  0.1200E+02
  -7.875  0.4576E-02  0.1200E+02
  -7.865  0.4925E-02  0.1200E+02
  -7.855  0.5298E-02  0.1200E+02
  -7.845  0.5694E-02  0.1200E+02
  -7.835  0.6116E-02  0.1200E+02
  -7.825  0.6565E-02  0.1200E+02
  -7.815  0.7042E-02  0.1200E+02
  -7.805  0.7548E-02  0.1200E+02
  -7.795  0.8086E-02  0.1200E+02
  -7.785  0.8656E-02  0.1200E+02
  -7.775  0.9259E-02  0.1200E+02
  -7.765  0.9899E-02  0.1200E+02
  -7.755  0.1058E-01  0.1200E+02
  -7.745  0.1129E-01  0.1200E+02
  -7.735  0.1205E-01  0.1200E+02
  -7.725  0.1284E-01  0.1200E+02
  -7.715  0.1368E-01  0.1200E+02
  -7.705  0.1457E-01  0.1200E+02
  -7.695  0.1550E-01  0.1200E+02
  -7.685  0.1648E-01  0.1200E+02
  -7.675  0.1751E-01  0.1200E+02
  -7.665  0.1860E-01  0.1200E+02
  -7.655  0.1973E-01  0.1200E+02
  -7.645  0.2093E-01  0.1200E+02
  -7.635  0.2218E-01  0.1200E+02
  -7.625  0.2349E-01  0.1200E+02
  -7.615  0.2486E-01  0.1200E+02
  -7.605  0.2629E-01  0.1200E+02
  -7.595  0.2778E-01  0.1200E+02
  -7.585  0.2934E-01  0.1200E+02
  -7.575  0.3097E-01  0.1201E+02
  -7.565  0.3267E-01  0.1201E+02
  -7.555  0.3443E-01  0.1201E+02
  -7.545  0.3627E-01  0.1201E+02
  -7.535  0.3818E-01  0.1201E+02
  -7.525  0.4016E-01  0.1201E+02
  -7.515  0.4222E-01  0.1201E+02
  -7.505  0.4436E-01  0.1201E+02
  -7.495  0.4657E-01  0.1201E+02
  -7.485  0.4885E-01  0.1201E+02
  -7.475  0.5122E-01  0.1201E+02
  -7.465  0.5367E-01  0.1201E+02
  -7.455  0.5619E-01  0.1201E+02
  -7.445  0.5880E-01  0.1201E+02
  -7.435  0.6148E-01  0.1201E+02
  -7.425  0.6425E-01  0.1201E+02
  -7.415  0.6709E-01  0.1201E+02
  -7.405  0.7001E-01  0.1201E+02
  -7.395  0.7302E-01  0.1201E+02
  -7.385  0.7610E-01  0.1202E+02
  -7.375  0.7926E-01  0.1202E+02
  -7.365  0.8250E-01  0.1202E+02
  -7.355  0.8581E-01  0.1202E+02
  -7.345  0.8920E-01  0.1202E+02
  -7.335  0.9266E-01  0.1202E+02
  -7.325  0.9619E-01  0.1202E+02
  -7.315  0.9979E-01  0.1202E+02
  -7.305  0.1035E+00  0.1202E+02
  -7.295  0.1072E+00  0.1202E+02
  -7.285  0.1110E+00  0.1202E+02
  -7.275  0.1149E+00  0.1203E+02
  -7.265  0.1188E+00  0.1203E+02
  -7.255  0.1228E+00  0.1203E+02
  -7.245  0.1268E+00  0.1203E+02
  -7.235  0.1309E+00  0.1203E+02
  -7.225  0.1350E+00  0.1203E+02
  -7.215  0.1391E+00  0.1203E+02
  -7.205  0.1434E+00  0.1203E+02
  -7.195  0.1476E+00  0.1204E+02
  -7.185  0.1519E+00  0.1204E+02
  -7.175  0.1562E+00  0.1204E+02
  -7.165  0.1605E+00  0.1204E+02
  -7.155  0.1649E+00  0.1204E+02
  -7.145  0.1692E+00  0.1204E+02
  -7.135  0.1736E+00  0.1205E+02
  -7.125  0.1780E+00  0.1205E+02
  -7.115  0.1824E+00  0.1205E+02
  -7.105  0.1868E+00  0.1205E+02
  -7.095  0.1912E+00  0.1205E+02
  -7.085  0.1956E+00  0.1206E+02
  -7.075  0.2000E+00  0.1206E+02
  -7.065  0.2043E+00  0.1206E+02
  -7.055  0.2087E+00  0.1206E+02
  -7.045  0.2130E+00  0.1206E+02
  -7.035  0.2173E+00  0.1207E+02
  -7.025  0.2216E+00  0.1207E+02
  -7.015  0.2259E+00  0.1207E+02
  -7.005  0.2301E+00  0.1207E+02
  -6.995  0.2343E+00  0.1207E+02
  -6.985  0.2385E+00  0.1208E+02
  -6.975  0.2427E+00  0.1208E+02
  -6.965  0.2468E+00  0.1208E+02
  -6.955  0.2509E+00  0.1208E+02
  -6.945  0.2549E+00  0.1209E+02
  -6.935  0.2589E+00  0.1209E+02
  -6.925  0.2629E+00  0.1209E+02
  -6.915  0.2669E+00  0.1210E+02
  -6.905  0.2708E+00  0.1210E+02
  -6.895  0.2747E+00  0.1210E+02
  -6.885  0.2786E+00  0.1210E+02
  -6.875  0.2825E+00  0.1211E+02
  -6.865  0.2864E+00  0.1211E+02
  -6.855  0.2902E+00  0.1211E+02
  -6.845  0.2941E+00  0.1211E+02
  -6.835  0.2979E+00  0.1212E+02
  -6.825  0.3018E+00  0.1212E+02
  -6.815  0.3057E+00  0.1212E+02
  -6.805  0.3096E+00  0.1213E+02
  -6.795  0.3136E+00  0.1213E+02
  -6.785  0.3176E+00  0.1213E+02
  -6.775  0.3217E+00  0.1214E+02
  -6.765  0.3258E+00  0.1214E+02
  -6.755  0.3300E+00  0.1214E+02
  -6.745  0.3343E+00  0.1215E+02
  -6.735  0.3387E+00  0.1215E+02
  -6.725  0.3433E+00  0.1215E+02
  -6.715  0.3479E+00  0.1216E+02
  -6.705  0.3528E+00  0.1216E+02
  -6.695  0.3577E+00  0.1216E+02
  -6.685  0.3629E+00  0.1217E+02
  -6.675  0.3682E+00  0.1217E+02
  -6.665  0.3737E+00  0.1217E+02
  -6.655  0.3795E+00  0.1218E+02
  -6.645  0.3855E+00  0.1218E+02
  -6.635  0.3918E+00  0.1219E+02
  -6.625  0.3983E+00  0.1219E+02
  -6.615  0.4052E+00  0.1219E+02
  -6.605  0.4123E+00  0.1220E+02
  -6.595  0.4198E+00  0.1220E+02
  -6.585  0.4276E+00  0.1221E+02
  -6.575  0.4358E+00  0.1221E+02
  -6.565  0.4443E+00  0.1222E+02
  -6.555  0.4533E+00  0.1222E+02
  -6.545  0.4626E+00  0.1223E+02
  -6.535  0.4724E+00  0.1223E+02
  -6.525  0.4827E+00  0.1223E+02
  -6.515  0.4934E+00  0.1224E+02
  -6.505  0.5045E+00  0.1224E+02
  -6.495  0.5162E+00  0.1225E+02
  -6.485  0.5284E+00  0.1226E+02
  -6.475  0.5411E+00  0.1226E+02
  -6.465  0.5543E+00  0.1227E+02
  -6.455  0.5681E+00  0.1227E+02
  -6.445  0.5824E+00  0.1228E+02
  -6.435  0.5973E+00  0.1228E+02
  -6.425  0.6127E+00  0.1229E+02
  -6.415  0.6288E+00  0.1230E+02
  -6.405  0.6454E+00  0.1230E+02
  -6.395  0.6626E+00  0.1231E+02
  -6.385  0.6804E+00  0.1232E+02
  -6.375  0.6988E+00  0.1232E+02
  -6.365  0.7178E+00  0.1233E+02
  -6.355  0.7374E+00  0.1234E+02
  -6.345  0.7576E+00  0.1234E+02
  -6.335  0.7784E+00  0.1235E+02
  -6.325  0.7997E+00  0.1236E+02
  -6.315  0.8216E+00  0.1237E+02
  -6.305  0.8441E+00  0.1238E+02
  -6.295  0.8672E+00  0.1239E+02
  -6.285  0.8908E+00  0.1239E+02
  -6.275  0.9149E+00  0.1240E+02
  -6.265  0.9395E+00  0.1241E+02
  -6.255  0.9647E+00  0.1242E+02
  -6.245  0.9903E+00  0.1243E+02
  -6.235  0.1016E+01  0.1244E+02
  -6.225  0.1043E+01  0.1245E+02
  -6.215  0.1070E+01  0.1246E+02
  -6.205  0.1097E+01  0.1248E+02
  -6.195  0.1125E+01  0.1249E+02
  -6.185  0.1153E+01  0.1250E+02
  -6.175  0.1181E+01  0.1251E+02
  -6.165  0.1209E+01  0.1252E+02
  -6.155  0.1238E+01  0.1253E+02
  -6.145  0.1267E+01  0.1255E+02
  -6.135  0.1296E+01  0.1256E+02
  -6.125  0.1325E+01  0.1257E+02
  -6.115  0.1354E+01  0.1259E+02
  -6.105  0.1384E+01  0.1260E+02
  -6.095  0.1413E+01  0.1261E+02
  -6.085  0.1442E+01  0.1263E+02
  -6.075  0.1471E+01  0.1264E+02
  -6.065  0.1500E+01  0.1266E+02
  -6.055  0.1529E+01  0.1267E+02
  -6.045  0.1558E+01  0.1269E+02
  -6.035  0.1586E+01  0.1271E+02
  -6.025  0.1614E+01  0.1272E+02
  -6.015  0.1642E+01  0.1274E+02
  -6.005  0.1669E+01  0.1275E+02
  -5.995  0.1696E+01  0.1277E+02
  -5.985  0.1722E+01  0.1279E+02
  -5.975  0.1748E+01  0.1281E+02
  -5.965  0.1773E+01  0.1282E+02
  -5.955  0.1798E+01  0.1284E+02
  -5.945  0.1822E+01  0.1286E+02
  -5.935  0.1845E+01  0.1288E+02
  -5.925  0.1867E+01  0.1290E+02
  -5.915  0.1889E+01  0.1292E+02
  -5.905  0.1910E+01  0.1294E+02
  -5.895  0.1930E+01  0.1295E+02
  -5.885  0.1949E+01  0.1297E+02
  -5.875  0.1967E+01  0.1299E+02
  -5.865  0.1985E+01  0.1301E+02
  -5.855  0.2001E+01  0.1303E+02
  -5.845  0.2017E+01  0.1305E+02
  -5.835  0.2031E+01  0.1307E+02
  -5.825  0.2045E+01  0.1309E+02
  -5.815  0.2057E+01  0.1312E+02
  -5.805  0.2068E+01  0.1314E+02
  -5.795  0.2079E+01  0.1316E+02
  -5.785  0.2088E+01  0.1318E+02
  -5.775  0.2096E+01  0.1320E+02
  -5.765  0.2103E+01  0.1322E+02
  -5.755  0.2109E+01  0.1324E+02
  -5.745  0.2114E+01  0.1326E+02
  -5.735  0.2118E+01  0.1328E+02
  -5.725  0.2120E+01  0.1330E+02
  -5.715  0.2122E+01  0.1333E+02
  -5.705  0.2123E+01  0.1335E+02
  -5.695  0.2123E+01  0.1337E+02
  -5.685  0.2121E+01  0.1339E+02
  -5.675  0.2119E+01  0.1341E+02
  -5.665  0.2116E+01  0.1343E+02
  -5.655  0.2111E+01  0.1345E+02
  -5.645  0.2106E+01  0.1347E+02
  -5.635  0.2100E+01  0.1349E+02
  -5.625  0.2094E+01  0.1352E+02
  -5.615  0.2086E+01  0.1354E+02
  -5.605  0.2078E+01  0.1356E+02
  -5.595  0.2069E+01  0.1358E+02
  -5.585  0.2059E+01  0.1360E+02
  -5.575  0.2049E+01  0.1362E+02
  -5.565  0.2038E+01  0.1364E+02
  -5.555  0.2026E+01  0.1366E+02
  -5.545  0.2014E+01  0.1368E+02
  -5.535  0.2002E+01  0.1370E+02
  -5.525  0.1989E+01  0.1372E+02
  -5.515  0.1975E+01  0.1374E+02
  -5.505  0.1962E+01  0.1376E+02
  -5.495  0.1948E+01  0.1378E+02
  -5.485  0.1934E+01  0.1380E+02
  -5.475  0.1920E+01  0.1382E+02
  -5.465  0.1906E+01  0.1384E+02
  -5.455  0.1891E+01  0.1386E+02
  -5.445  0.1877E+01  0.1387E+02
  -5.435  0.1862E+01  0.1389E+02
  -5.425  0.1848E+01  0.1391E+02
  -5.415  0.1834E+01  0.1393E+02
  -5.405  0.1820E+01  0.1395E+02
  -5.395  0.1806E+01  0.1397E+02
  -5.385  0.1793E+01  0.1398E+02
  -5.375  0.1780E+01  0.1400E+02
  -5.365  0.1767E+01  0.1402E+02
  -5.355  0.1754E+01  0.1404E+02
  -5.345  0.1742E+01  0.1405E+02
  -5.335  0.1730E+01  0.1407E+02
  -5.325  0.1719E+01  0.1409E+02
  -5.315  0.1708E+01  0.1411E+02
  -5.305  0.1698E+01  0.1412E+02
  -5.295  0.1688E+01  0.1414E+02
  -5.285  0.1679E+01  0.1416E+02
  -5.275  0.1670E+01  0.1417E+02
  -5.265  0.1662E+01  0.1419E+02
  -5.255  0.1655E+01  0.1421E+02
  -5.245  0.1648E+01  0.1422E+02
  -5.235  0.1642E+01  0.1424E+02
  -5.225  0.1636E+01  0.1426E+02
  -5.215  0.1631E+01  0.1427E+02
  -5.205  0.1627E+01  0.1429E+02
  -5.195  0.1623E+01  0.1430E+02
  -5.185  0.1620E+01  0.1432E+02
  -5.175  0.1617E+01  0.1434E+02
  -5.165  0.1615E+01  0.1435E+02
  -5.155  0.1614E+01  0.1437E+02
  -5.145  0.1613E+01  0.1438E+02
  -5.135  0.1612E+01  0.1440E+02
  -5.125  0.1612E+01  0.1442E+02
  -5.115  0.1613E+01  0.1443E+02
  -5.105  0.1614E+01  0.1445E+02
  -5.095  0.1615E+01  0.1447E+02
  -5.085  0.1617E+01  0.1448E+02
  -5.075  0.1619E+01  0.1450E+02
  -5.065  0.1622E+01  0.1451E+02
  -5.055  0.1625E+01  0.1453E+02
  -5.045  0.1628E+01  0.1455E+02
  -5.035  0.1631E+01  0.1456E+02
  -5.025  0.1635E+01  0.1458E+02
  -5.015  0.1639E+01  0.1460E+02
  -5.005  0.1643E+01  0.1461E+02
  -4.995  0.1647E+01  0.1463E+02
  -4.985  0.1651E+01  0.1465E+02
  -4.975  0.1655E+01  0.1466E+02
  -4.965  0.1659E+01  0.1468E+02
  -4.955  0.1663E+01  0.1469E+02
  -4.945  0.1667E+01  0.1471E+02
  -4.935  0.1671E+01  0.1473E+02
  -4.925  0.1674E+01  0.1475E+02
  -4.915  0.1678E+01  0.1476E+02
  -4.905  0.1681E+01  0.1478E+02
  -4.895  0.1684E+01  0.1480E+02
  -4.885  0.1687E+01  0.1481E+02
  -4.875  0.1689E+01  0.1483E+02
  -4.865  0.1691E+01  0.1485E+02
  -4.855  0.1693E+01  0.1486E+02
  -4.845  0.1695E+01  0.1488E+02
  -4.835  0.1696E+01  0.1490E+02
  -4.825  0.1696E+01  0.1491E+02
  -4.815  0.1696E+01  0.1493E+02
  -4.805  0.1696E+01  0.1495E+02
  -4.795  0.1695E+01  0.1496E+02
  -4.785  0.1694E+01  0.1498E+02
  -4.775  0.1692E+01  0.1500E+02
  -4.765  0.1690E+01  0.1502E+02
  -4.755  0.1687E+01  0.1503E+02
  -4.745  0.1684E+01  0.1505E+02
  -4.735  0.1680E+01  0.1507E+02
  -4.725  0.1676E+01  0.1508E+02
  -4.715  0.1671E+01  0.1510E+02
  -4.705  0.1666E+01  0.1512E+02
  -4.695  0.1661E+01  0.1513E+02
  -4.685  0.1655E+01  0.1515E+02
  -4.675  0.1648E+01  0.1517E+02
  -4.665  0.1641E+01  0.1518E+02
  -4.655  0.1634E+01  0.1520E+02
  -4.645  0.1626E+01  0.1521E+02
  -4.635  0.1618E+01  0.1523E+02
  -4.625  0.1610E+01  0.1525E+02
  -4.615  0.1601E+01  0.1526E+02
  -4.605  0.1592E+01  0.1528E+02
  -4.595  0.1583E+01  0.1529E+02
  -4.585  0.1573E+01  0.1531E+02
  -4.575  0.1564E+01  0.1533E+02
  -4.565  0.1554E+01  0.1534E+02
  -4.555  0.1544E+01  0.1536E+02
  -4.545  0.1534E+01  0.1537E+02
  -4.535  0.1524E+01  0.1539E+02
  -4.525  0.1514E+01  0.1540E+02
  -4.515  0.1504E+01  0.1542E+02
  -4.505  0.1494E+01  0.1543E+02
  -4.495  0.1484E+01  0.1545E+02
  -4.485  0.1474E+01  0.1546E+02
  -4.475  0.1465E+01  0.1548E+02
  -4.465  0.1455E+01  0.1549E+02
  -4.455  0.1446E+01  0.1551E+02
  -4.445  0.1437E+01  0.1552E+02
  -4.435  0.1429E+01  0.1553E+02
  -4.425  0.1420E+01  0.1555E+02
  -4.415  0.1412E+01  0.1556E+02
  -4.405  0.1405E+01  0.1558E+02
  -4.395  0.1398E+01  0.1559E+02
  -4.385  0.1391E+01  0.1561E+02
  -4.375  0.1385E+01  0.1562E+02
  -4.365  0.1379E+01  0.1563E+02
  -4.355  0.1374E+01  0.1565E+02
  -4.345  0.1370E+01  0.1566E+02
  -4.335  0.1366E+01  0.1567E+02
  -4.325  0.1362E+01  0.1569E+02
  -4.315  0.1359E+01  0.1570E+02
  -4.305  0.1357E+01  0.1571E+02
  -4.295  0.1356E+01  0.1573E+02
  -4.285  0.1355E+01  0.1574E+02
  -4.275  0.1355E+01  0.1576E+02
  -4.265  0.1355E+01  0.1577E+02
  -4.255  0.1357E+01  0.1578E+02
  -4.245  0.1359E+01  0.1580E+02
  -4.235  0.1361E+01  0.1581E+02
  -4.225  0.1365E+01  0.1582E+02
  -4.215  0.1369E+01  0.1584E+02
  -4.205  0.1373E+01  0.1585E+02
  -4.195  0.1379E+01  0.1586E+02
  -4.185  0.1385E+01  0.1588E+02
  -4.175  0.1392E+01  0.1589E+02
  -4.165  0.1399E+01  0.1591E+02
  -4.155  0.1407E+01  0.1592E+02
  -4.145  0.1416E+01  0.1593E+02
  -4.135  0.1426E+01  0.1595E+02
  -4.125  0.1436E+01  0.1596E+02
  -4.115  0.1447E+01  0.1598E+02
  -4.105  0.1458E+01  0.1599E+02
  -4.095  0.1470E+01  0.1601E+02
  -4.085  0.1483E+01  0.1602E+02
  -4.075  0.1496E+01  0.1604E+02
  -4.065  0.1510E+01  0.1605E+02
  -4.055  0.1524E+01  0.1607E+02
  -4.045  0.1539E+01  0.1608E+02
  -4.035  0.1554E+01  0.1610E+02
  -4.025  0.1570E+01  0.1611E+02
  -4.015  0.1586E+01  0.1613E+02
  -4.005  0.1603E+01  0.1615E+02
  -3.995  0.1620E+01  0.1616E+02
  -3.985  0.1637E+01  0.1618E+02
  -3.975  0.1655E+01  0.1619E+02
  -3.965  0.1673E+01  0.1621E+02
  -3.955  0.1692E+01  0.1623E+02
  -3.945  0.1711E+01  0.1625E+02
  -3.935  0.1730E+01  0.1626E+02
  -3.925  0.1750E+01  0.1628E+02
  -3.915  0.1770E+01  0.1630E+02
  -3.905  0.1790E+01  0.1632E+02
  -3.895  0.1810E+01  0.1633E+02
  -3.885  0.1831E+01  0.1635E+02
  -3.875  0.1852E+01  0.1637E+02
  -3.865  0.1873E+01  0.1639E+02
  -3.855  0.1894E+01  0.1641E+02
  -3.845  0.1916E+01  0.1643E+02
  -3.835  0.1938E+01  0.1645E+02
  -3.825  0.1960E+01  0.1647E+02
  -3.815  0.1982E+01  0.1649E+02
  -3.805  0.2005E+01  0.1651E+02
  -3.795  0.2028E+01  0.1653E+02
  -3.785  0.2051E+01  0.1655E+02
  -3.775  0.2074E+01  0.1657E+02
  -3.765  0.2097E+01  0.1659E+02
  -3.755  0.2121E+01  0.1661E+02
  -3.745  0.2145E+01  0.1663E+02
  -3.735  0.2169E+01  0.1665E+02
  -3.725  0.2194E+01  0.1668E+02
  -3.715  0.2219E+01  0.1670E+02
  -3.705  0.2244E+01  0.1672E+02
  -3.695  0.2269E+01  0.1674E+02
  -3.685  0.2295E+01  0.1677E+02
  -3.675  0.2321E+01  0.1679E+02
  -3.665  0.2347E+01  0.1681E+02
  -3.655  0.2374E+01  0.1684E+02
  -3.645  0.2401E+01  0.1686E+02
  -3.635  0.2429E+01  0.1688E+02
  -3.625  0.2457E+01  0.1691E+02
  -3.615  0.2485E+01  0.1693E+02
  -3.605  0.2514E+01  0.1696E+02
  -3.595  0.2543E+01  0.1698E+02
  -3.585  0.2573E+01  0.1701E+02
  -3.575  0.2603E+01  0.1704E+02
  -3.565  0.2634E+01  0.1706E+02
  -3.555  0.2665E+01  0.1709E+02
  -3.545  0.2697E+01  0.1712E+02
  -3.535  0.2729E+01  0.1714E+02
  -3.525  0.2762E+01  0.1717E+02
  -3.515  0.2796E+01  0.1720E+02
  -3.505  0.2830E+01  0.1723E+02
  -3.495  0.2864E+01  0.1726E+02
  -3.485  0.2899E+01  0.1728E+02
  -3.475  0.2935E+01  0.1731E+02
  -3.465  0.2972E+01  0.1734E+02
  -3.455  0.3009E+01  0.1737E+02
  -3.445  0.3046E+01  0.1740E+02
  -3.435  0.3085E+01  0.1744E+02
  -3.425  0.3124E+01  0.1747E+02
  -3.415  0.3163E+01  0.1750E+02
  -3.405  0.3203E+01  0.1753E+02
  -3.395  0.3244E+01  0.1756E+02
  -3.385  0.3285E+01  0.1760E+02
  -3.375  0.3327E+01  0.1763E+02
  -3.365  0.3369E+01  0.1766E+02
  -3.355  0.3412E+01  0.1770E+02
  -3.345  0.3455E+01  0.1773E+02
  -3.335  0.3499E+01  0.1777E+02
  -3.325  0.3543E+01  0.1780E+02
  -3.315  0.3588E+01  0.1784E+02
  -3.305  0.3633E+01  0.1787E+02
  -3.295  0.3678E+01  0.1791E+02
  -3.285  0.3724E+01  0.1795E+02
  -3.275  0.3770E+01  0.1799E+02
  -3.265  0.3816E+01  0.1802E+02
  -3.255  0.3863E+01  0.1806E+02
  -3.245  0.3910E+01  0.1810E+02
  -3.235  0.3956E+01  0.1814E+02
  -3.225  0.4003E+01  0.1818E+02
  -3.215  0.4050E+01  0.1822E+02
  -3.205  0.4097E+01  0.1826E+02
  -3.195  0.4144E+01  0.1830E+02
  -3.185  0.4191E+01  0.1835E+02
  -3.175  0.4237E+01  0.1839E+02
  -3.165  0.4283E+01  0.1843E+02
  -3.155  0.4329E+01  0.1847E+02
  -3.145  0.4375E+01  0.1852E+02
  -3.135  0.4420E+01  0.1856E+02
  -3.125  0.4465E+01  0.1861E+02
  -3.115  0.4509E+01  0.1865E+02
  -3.105  0.4553E+01  0.1870E+02
  -3.095  0.4596E+01  0.1874E+02
  -3.085  0.4638E+01  0.1879E+02
  -3.075  0.4680E+01  0.1884E+02
  -3.065  0.4720E+01  0.1888E+02
  -3.055  0.4760E+01  0.1893E+02
  -3.045  0.4799E+01  0.1898E+02
  -3.035  0.4837E+01  0.1903E+02
  -3.025  0.4874E+01  0.1908E+02
  -3.015  0.4910E+01  0.1913E+02
  -3.005  0.4945E+01  0.1917E+02
  -2.995  0.4978E+01  0.1922E+02
  -2.985  0.5010E+01  0.1927E+02
  -2.975  0.5041E+01  0.1933E+02
  -2.965  0.5071E+01  0.1938E+02
  -2.955  0.5099E+01  0.1943E+02
  -2.945  0.5126E+01  0.1948E+02
  -2.935  0.5151E+01  0.1953E+02
  -2.925  0.5175E+01  0.1958E+02
  -2.915  0.5197E+01  0.1963E+02
  -2.905  0.5217E+01  0.1969E+02
  -2.895  0.5236E+01  0.1974E+02
  -2.885  0.5254E+01  0.1979E+02
  -2.875  0.5269E+01  0.1984E+02
  -2.865  0.5283E+01  0.1990E+02
  -2.855  0.5295E+01  0.1995E+02
  -2.845  0.5306E+01  0.2000E+02
  -2.835  0.5315E+01  0.2006E+02
  -2.825  0.5322E+01  0.2011E+02
  -2.815  0.5327E+01  0.2016E+02
  -2.805  0.5330E+01  0.2021E+02
  -2.795  0.5332E+01  0.2027E+02
  -2.785  0.5331E+01  0.2032E+02
  -2.775  0.5329E+01  0.2037E+02
  -2.765  0.5326E+01  0.2043E+02
  -2.755  0.5320E+01  0.2048E+02
  -2.745  0.5313E+01  0.2053E+02
  -2.735  0.5304E+01  0.2059E+02
  -2.725  0.5293E+01  0.2064E+02
  -2.715  0.5280E+01  0.2069E+02
  -2.705  0.5266E+01  0.2075E+02
  -2.695  0.5250E+01  0.2080E+02
  -2.685  0.5232E+01  0.2085E+02
  -2.675  0.5213E+01  0.2090E+02
  -2.665  0.5192E+01  0.2095E+02
  -2.655  0.5169E+01  0.2101E+02
  -2.645  0.5145E+01  0.2106E+02
  -2.635  0.5119E+01  0.2111E+02
  -2.625  0.5092E+01  0.2116E+02
  -2.615  0.5063E+01  0.2121E+02
  -2.605  0.5033E+01  0.2126E+02
  -2.595  0.5002E+01  0.2131E+02
  -2.585  0.4969E+01  0.2136E+02
  -2.575  0.4935E+01  0.2141E+02
  -2.565  0.4899E+01  0.2146E+02
  -2.555  0.4862E+01  0.2151E+02
  -2.545  0.4824E+01  0.2156E+02
  -2.535  0.4785E+01  0.2160E+02
  -2.525  0.4745E+01  0.2165E+02
  -2.515  0.4704E+01  0.2170E+02
  -2.505  0.4661E+01  0.2174E+02
  -2.495  0.4618E+01  0.2179E+02
  -2.485  0.4574E+01  0.2184E+02
  -2.475  0.4528E+01  0.2188E+02
  -2.465  0.4482E+01  0.2193E+02
  -2.455  0.4435E+01  0.2197E+02
  -2.445  0.4388E+01  0.2202E+02
  -2.435  0.4339E+01  0.2206E+02
  -2.425  0.4290E+01  0.2210E+02
  -2.415  0.4240E+01  0.2214E+02
  -2.405  0.4190E+01  0.2219E+02
  -2.395  0.4139E+01  0.2223E+02
  -2.385  0.4087E+01  0.2227E+02
  -2.375  0.4035E+01  0.2231E+02
  -2.365  0.3983E+01  0.2235E+02
  -2.355  0.3930E+01  0.2239E+02
  -2.345  0.3876E+01  0.2243E+02
  -2.335  0.3823E+01  0.2246E+02
  -2.325  0.3768E+01  0.2250E+02
  -2.315  0.3714E+01  0.2254E+02
  -2.305  0.3660E+01  0.2258E+02
  -2.295  0.3605E+01  0.2261E+02
  -2.285  0.3550E+01  0.2265E+02
  -2.275  0.3495E+01  0.2268E+02
  -2.265  0.3439E+01  0.2272E+02
  -2.255  0.3384E+01  0.2275E+02
  -2.245  0.3329E+01  0.2278E+02
  -2.235  0.3273E+01  0.2282E+02
  -2.225  0.3218E+01  0.2285E+02
  -2.215  0.3162E+01  0.2288E+02
  -2.205  0.3107E+01  0.2291E+02
  -2.195  0.3051E+01  0.2294E+02
  -2.185  0.2996E+01  0.2297E+02
  -2.175  0.2941E+01  0.2300E+02
  -2.165  0.2886E+01  0.2303E+02
  -2.155  0.2831E+01  0.2306E+02
  -2.145  0.2777E+01  0.2309E+02
  -2.135  0.2722E+01  0.2311E+02
  -2.125  0.2668E+01  0.2314E+02
  -2.115  0.2614E+01  0.2317E+02
  -2.105  0.2561E+01  0.2319E+02
  -2.095  0.2507E+01  0.2322E+02
  -2.085  0.2454E+01  0.2324E+02
  -2.075  0.2402E+01  0.2327E+02
  -2.065  0.2350E+01  0.2329E+02
  -2.055  0.2298E+01  0.2331E+02
  -2.045  0.2246E+01  0.2333E+02
  -2.035  0.2195E+01  0.2336E+02
  -2.025  0.2145E+01  0.2338E+02
  -2.015  0.2094E+01  0.2340E+02
  -2.005  0.2045E+01  0.2342E+02
  -1.995  0.1996E+01  0.2344E+02
  -1.985  0.1947E+01  0.2346E+02
  -1.975  0.1899E+01  0.2348E+02
  -1.965  0.1851E+01  0.2350E+02
  -1.955  0.1804E+01  0.2351E+02
  -1.945  0.1758E+01  0.2353E+02
  -1.935  0.1712E+01  0.2355E+02
  -1.925  0.1667E+01  0.2357E+02
  -1.915  0.1622E+01  0.2358E+02
  -1.905  0.1578E+01  0.2360E+02
  -1.895  0.1535E+01  0.2361E+02
  -1.885  0.1492E+01  0.2363E+02
  -1.875  0.1450E+01  0.2364E+02
  -1.865  0.1409E+01  0.2366E+02
  -1.855  0.1368E+01  0.2367E+02
  -1.845  0.1328E+01  0.2368E+02
  -1.835  0.1289E+01  0.2370E+02
  -1.825  0.1251E+01  0.2371E+02
  -1.815  0.1213E+01  0.2372E+02
  -1.805  0.1177E+01  0.2373E+02
  -1.795  0.1141E+01  0.2374E+02
  -1.785  0.1105E+01  0.2376E+02
  -1.775  0.1071E+01  0.2377E+02
  -1.765  0.1037E+01  0.2378E+02
  -1.755  0.1005E+01  0.2379E+02
  -1.745  0.9727E+00  0.2380E+02
  -1.735  0.9416E+00  0.2381E+02
  -1.725  0.9115E+00  0.2381E+02
  -1.715  0.8821E+00  0.2382E+02
  -1.705  0.8537E+00  0.2383E+02
  -1.695  0.8262E+00  0.2384E+02
  -1.685  0.7996E+00  0.2385E+02
  -1.675  0.7738E+00  0.2386E+02
  -1.665  0.7490E+00  0.2386E+02
  -1.655  0.7252E+00  0.2387E+02
  -1.645  0.7023E+00  0.2388E+02
  -1.635  0.6803E+00  0.2388E+02
  -1.625  0.6593E+00  0.2389E+02
  -1.615  0.6392E+00  0.2390E+02
  -1.605  0.6201E+00  0.2390E+02
  -1.595  0.6020E+00  0.2391E+02
  -1.585  0.5849E+00  0.2392E+02
  -1.575  0.5688E+00  0.2392E+02
  -1.565  0.5537E+00  0.2393E+02
  -1.555  0.5396E+00  0.2393E+02
  -1.545  0.5266E+00  0.2394E+02
  -1.535  0.5145E+00  0.2394E+02
  -1.525  0.5036E+00  0.2395E+02
  -1.515  0.4936E+00  0.2395E+02
  -1.505  0.4847E+00  0.2396E+02
  -1.495  0.4769E+00  0.2396E+02
  -1.485  0.4702E+00  0.2397E+02
  -1.475  0.4646E+00  0.2397E+02
  -1.465  0.4600E+00  0.2398E+02
  -1.455  0.4566E+00  0.2398E+02
  -1.445  0.4543E+00  0.2399E+02
  -1.435  0.4531E+00  0.2399E+02
  -1.425  0.4530E+00  0.2399E+02
  -1.415  0.4541E+00  0.2400E+02
  -1.405  0.4563E+00  0.2400E+02
  -1.395  0.4597E+00  0.2401E+02
  -1.385  0.4643E+00  0.2401E+02
  -1.375  0.4701E+00  0.2402E+02
  -1.365  0.4770E+00  0.2402E+02
  -1.355  0.4852E+00  0.2403E+02
  -1.345  0.4946E+00  0.2403E+02
  -1.335  0.5052E+00  0.2404E+02
  -1.325  0.5171E+00  0.2404E+02
  -1.315  0.5302E+00  0.2405E+02
  -1.305  0.5445E+00  0.2405E+02
  -1.295  0.5602E+00  0.2406E+02
  -1.285  0.5771E+00  0.2406E+02
  -1.275  0.5953E+00  0.2407E+02
  -1.265  0.6148E+00  0.2408E+02
  -1.255  0.6356E+00  0.2408E+02
  -1.245  0.6577E+00  0.2409E+02
  -1.235  0.6811E+00  0.2410E+02
  -1.225  0.7059E+00  0.2410E+02
  -1.215  0.7320E+00  0.2411E+02
  -1.205  0.7594E+00  0.2412E+02
  -1.195  0.7882E+00  0.2413E+02
  -1.185  0.8183E+00  0.2413E+02
  -1.175  0.8498E+00  0.2414E+02
  -1.165  0.8826E+00  0.2415E+02
  -1.155  0.9168E+00  0.2416E+02
  -1.145  0.9523E+00  0.2417E+02
  -1.135  0.9892E+00  0.2418E+02
  -1.125  0.1027E+01  0.2419E+02
  -1.115  0.1067E+01  0.2420E+02
  -1.105  0.1108E+01  0.2421E+02
  -1.095  0.1150E+01  0.2422E+02
  -1.085  0.1194E+01  0.2424E+02
  -1.075  0.1239E+01  0.2425E+02
  -1.065  0.1285E+01  0.2426E+02
  -1.055  0.1332E+01  0.2427E+02
  -1.045  0.1381E+01  0.2429E+02
  -1.035  0.1431E+01  0.2430E+02
  -1.025  0.1482E+01  0.2432E+02
  -1.015  0.1535E+01  0.2433E+02
  -1.005  0.1588E+01  0.2435E+02
  -0.995  0.1643E+01  0.2436E+02
  -0.985  0.1699E+01  0.2438E+02
  -0.975  0.1756E+01  0.2440E+02
  -0.965  0.1814E+01  0.2442E+02
  -0.955  0.1873E+01  0.2444E+02
  -0.945  0.1934E+01  0.2446E+02
  -0.935  0.1995E+01  0.2448E+02
  -0.925  0.2057E+01  0.2450E+02
  -0.915  0.2120E+01  0.2452E+02
  -0.905  0.2184E+01  0.2454E+02
  -0.895  0.2249E+01  0.2456E+02
  -0.885  0.2315E+01  0.2458E+02
  -0.875  0.2381E+01  0.2461E+02
  -0.865  0.2448E+01  0.2463E+02
  -0.855  0.2516E+01  0.2466E+02
  -0.845  0.2585E+01  0.2468E+02
  -0.835  0.2654E+01  0.2471E+02
  -0.825  0.2723E+01  0.2474E+02
  -0.815  0.2793E+01  0.2477E+02
  -0.805  0.2863E+01  0.2479E+02
  -0.795  0.2934E+01  0.2482E+02
  -0.785  0.3005E+01  0.2485E+02
  -0.775  0.3076E+01  0.2488E+02
  -0.765  0.3148E+01  0.2492E+02
  -0.755  0.3219E+01  0.2495E+02
  -0.745  0.3291E+01  0.2498E+02
  -0.735  0.3363E+01  0.2501E+02
  -0.725  0.3434E+01  0.2505E+02
  -0.715  0.3506E+01  0.2508E+02
  -0.705  0.3577E+01  0.2512E+02
  -0.695  0.3648E+01  0.2516E+02
  -0.685  0.3719E+01  0.2519E+02
  -0.675  0.3790E+01  0.2523E+02
  -0.665  0.3860E+01  0.2527E+02
  -0.655  0.3930E+01  0.2531E+02
  -0.645  0.3999E+01  0.2535E+02
  -0.635  0.4068E+01  0.2539E+02
  -0.625  0.4137E+01  0.2543E+02
  -0.615  0.4204E+01  0.2547E+02
  -0.605  0.4271E+01  0.2552E+02
  -0.595  0.4338E+01  0.2556E+02
  -0.585  0.4403E+01  0.2560E+02
  -0.575  0.4468E+01  0.2565E+02
  -0.565  0.4532E+01  0.2569E+02
  -0.555  0.4595E+01  0.2574E+02
  -0.545  0.4657E+01  0.2579E+02
  -0.535  0.4718E+01  0.2583E+02
  -0.525  0.4778E+01  0.2588E+02
  -0.515  0.4837E+01  0.2593E+02
  -0.505  0.4895E+01  0.2598E+02
  -0.495  0.4952E+01  0.2603E+02
  -0.485  0.5008E+01  0.2608E+02
  -0.475  0.5063E+01  0.2613E+02
  -0.465  0.5117E+01  0.2618E+02
  -0.455  0.5169E+01  0.2623E+02
  -0.445  0.5221E+01  0.2628E+02
  -0.435  0.5271E+01  0.2634E+02
  -0.425  0.5320E+01  0.2639E+02
  -0.415  0.5368E+01  0.2644E+02
  -0.405  0.5414E+01  0.2650E+02
  -0.395  0.5460E+01  0.2655E+02
  -0.385  0.5504E+01  0.2661E+02
  -0.375  0.5547E+01  0.2666E+02
  -0.365  0.5589E+01  0.2672E+02
  -0.355  0.5629E+01  0.2677E+02
  -0.345  0.5669E+01  0.2683E+02
  -0.335  0.5707E+01  0.2689E+02
  -0.325  0.5744E+01  0.2695E+02
  -0.315  0.5780E+01  0.2700E+02
  -0.305  0.5815E+01  0.2706E+02
  -0.295  0.5849E+01  0.2712E+02
  -0.285  0.5882E+01  0.2718E+02
  -0.275  0.5913E+01  0.2724E+02
  -0.265  0.5944E+01  0.2730E+02
  -0.255  0.5974E+01  0.2736E+02
  -0.245  0.6002E+01  0.2742E+02
  -0.235  0.6030E+01  0.2748E+02
  -0.225  0.6057E+01  0.2754E+02
  -0.215  0.6083E+01  0.2760E+02
  -0.205  0.6108E+01  0.2766E+02
  -0.195  0.6132E+01  0.2772E+02
  -0.185  0.6155E+01  0.2778E+02
  -0.175  0.6178E+01  0.2784E+02
  -0.165  0.6200E+01  0.2791E+02
  -0.155  0.6221E+01  0.2797E+02
  -0.145  0.6242E+01  0.2803E+02
  -0.135  0.6261E+01  0.2809E+02
  -0.125  0.6281E+01  0.2816E+02
  -0.115  0.6299E+01  0.2822E+02
  -0.105  0.6318E+01  0.2828E+02
  -0.095  0.6335E+01  0.2835E+02
  -0.085  0.6353E+01  0.2841E+02
  -0.075  0.6369E+01  0.2847E+02
  -0.065  0.6386E+01  0.2854E+02
  -0.055  0.6402E+01  0.2860E+02
  -0.045  0.6417E+01  0.2867E+02
  -0.035  0.6433E+01  0.2873E+02
  -0.025  0.6448E+01  0.2879E+02
  -0.015  0.6463E+01  0.2886E+02
  -0.005  0.6477E+01  0.2892E+02
   0.005  0.6492E+01  0.2899E+02
   0.015  0.6506E+01  0.2905E+02
   0.025  0.6520E+01  0.2912E+02
   0.035  0.6534E+01  0.2918E+02
   0.045  0.6548E+01  0.2925E+02
   0.055  0.6561E+01  0.2932E+02
   0.065  0.6575E+01  0.2938E+02
   0.075  0.6588E+01  0.2945E+02
   0.085  0.6602E+01  0.2951E+02
   0.095  0.6615E+01  0.2958E+02
   0.105  0.6629E+01  0.2965E+02
   0.115  0.6642E+01  0.2971E+02
   0.125  0.6655E+01  0.2978E+02
   0.135  0.6669E+01  0.2985E+02
   0.145  0.6682E+01  0.2991E+02
   0.155  0.6695E+01  0.2998E+02
   0.165  0.6709E+01  0.3005E+02
   0.175  0.6722E+01  0.3011E+02
   0.185  0.6735E+01  0.3018E+02
   0.195  0.6749E+01  0.3025E+02
   0.205  0.6762E+01  0.3032E+02
   0.215  0.6775E+01  0.3038E+02
   0.225  0.6789E+01  0.3045E+02
   0.235  0.6802E+01  0.3052E+02
   0.245  0.6815E+01  0.3059E+02
   0.255  0.6829E+01  0.3066E+02
   0.265  0.6842E+01  0.3072E+02
   0.275  0.6855E+01  0.3079E+02
   0.285  0.6869E+01  0.3086E+02
   0.295  0.6882E+01  0.3093E+02
   0.305  0.6895E+01  0.3100E+02
   0.315  0.6908E+01  0.3107E+02
   0.325  0.6921E+01  0.3114E+02
   0.335  0.6934E+01  0.3121E+02
   0.345  0.6947E+01  0.3128E+02
   0.355  0.6960E+01  0.3135E+02
   0.365  0.6972E+01  0.3142E+02
   0.375  0.6985E+01  0.3149E+02
   0.385  0.6997E+01  0.3156E+02
   0.395  0.7010E+01  0.3163E+02
   0.405  0.7022E+01  0.3170E+02
   0.415  0.7034E+01  0.3177E+02
   0.425  0.7046E+01  0.3184E+02
   0.435  0.7057E+01  0.3191E+02
   0.445  0.7069E+01  0.3198E+02
   0.455  0.7080E+01  0.3205E+02
   0.465  0.7091E+01  0.3212E+02
   0.475  0.7102E+01  0.3219E+02
   0.485  0.7113E+01  0.3226E+02
   0.495  0.7124E+01  0.3233E+02
   0.505  0.7134E+01  0.3240E+02
   0.515  0.7144E+01  0.3248E+02
   0.525  0.7154E+01  0.3255E+02
   0.535  0.7164E+01  0.3262E+02
   0.545  0.7173E+01  0.3269E+02
   0.555  0.7183E+01  0.3276E+02
   0.565  0.7192E+01  0.3283E+02
   0.575  0.7201E+01  0.3291E+02
   0.585  0.7209E+01  0.3298E+02
   0.595  0.7218E+01  0.3305E+02
   0.605  0.7226E+01  0.3312E+02
   0.615  0.7235E+01  0.3320E+02
   0.625  0.7243E+01  0.3327E+02
   0.635  0.7250E+01  0.3334E+02
   0.645  0.7258E+01  0.3341E+02
   0.655  0.7266E+01  0.3349E+02
   0.665  0.7273E+01  0.3356E+02
   0.675  0.7280E+01  0.3363E+02
   0.685  0.7288E+01  0.3370E+02
   0.695  0.7295E+01  0.3378E+02
   0.705  0.7302E+01  0.3385E+02
   0.715  0.7309E+01  0.3392E+02
   0.725  0.7316E+01  0.3400E+02
   0.735  0.7322E+01  0.3407E+02
   0.745  0.7329E+01  0.3414E+02
   0.755  0.7336E+01  0.3422E+02
   0.765  0.7343E+01  0.3429E+02
   0.775  0.7350E+01  0.3436E+02
   0.785  0.7356E+01  0.3444E+02
   0.795  0.7363E+01  0.3451E+02
   0.805  0.7370E+01  0.3458E+02
   0.815  0.7377E+01  0.3466E+02
   0.825  0.7384E+01  0.3473E+02
   0.835  0.7391E+01  0.3481E+02
   0.845  0.7399E+01  0.3488E+02
   0.855  0.7406E+01  0.3495E+02
   0.865  0.7414E+01  0.3503E+02
   0.875  0.7421E+01  0.3510E+02
   0.885  0.7429E+01  0.3518E+02
   0.895  0.7437E+01  0.3525E+02
   0.905  0.7446E+01  0.3532E+02
   0.915  0.7454E+01  0.3540E+02
   0.925  0.7463E+01  0.3547E+02
   0.935  0.7472E+01  0.3555E+02
   0.945  0.7481E+01  0.3562E+02
   0.955  0.7490E+01  0.3570E+02
   0.965  0.7500E+01  0.3577E+02
   0.975  0.7509E+01  0.3585E+02
   0.985  0.7519E+01  0.3592E+02
   0.995  0.7530E+01  0.3600E+02
   1.005  0.7540E+01  0.3607E+02
   1.015  0.7551E+01  0.3615E+02
   1.025  0.7562E+01  0.3623E+02
   1.035  0.7573E+01  0.3630E+02
   1.045  0.7584E+01  0.3638E+02
   1.055  0.7596E+01  0.3645E+02
   1.065  0.7608E+01  0.3653E+02
   1.075  0.7620E+01  0.3661E+02
   1.085  0.7632E+01  0.3668E+02
   1.095  0.7645E+01  0.3676E+02
   1.105  0.7657E+01  0.3683E+02
   1.115  0.7670E+01  0.3691E+02
   1.125  0.7683E+01  0.3699E+02
   1.135  0.7696E+01  0.3707E+02
   1.145  0.7709E+01  0.3714E+02
   1.155  0.7722E+01  0.3722E+02
   1.165  0.7735E+01  0.3730E+02
   1.175  0.7749E+01  0.3737E+02
   1.185  0.7762E+01  0.3745E+02
   1.195  0.7775E+01  0.3753E+02
   1.205  0.7788E+01  0.3761E+02
   1.215  0.7801E+01  0.3769E+02
   1.225  0.7814E+01  0.3776E+02
   1.235  0.7827E+01  0.3784E+02
   1.245  0.7840E+01  0.3792E+02
   1.255  0.7852E+01  0.3800E+02
   1.265  0.7864E+01  0.3808E+02
   1.275  0.7876E+01  0.3816E+02
   1.285  0.7888E+01  0.3824E+02
   1.295  0.7899E+01  0.3831E+02
   1.305  0.7910E+01  0.3839E+02
   1.315  0.7921E+01  0.3847E+02
   1.325  0.7931E+01  0.3855E+02
   1.335  0.7940E+01  0.3863E+02
   1.345  0.7949E+01  0.3871E+02
   1.355  0.7958E+01  0.3879E+02
   1.365  0.7966E+01  0.3887E+02
   1.375  0.7973E+01  0.3895E+02
   1.385  0.7980E+01  0.3903E+02
   1.395  0.7985E+01  0.3911E+02
   1.405  0.7991E+01  0.3919E+02
   1.415  0.7995E+01  0.3927E+02
   1.425  0.7999E+01  0.3935E+02
   1.435  0.8002E+01  0.3943E+02
   1.445  0.8004E+01  0.3951E+02
   1.455  0.8005E+01  0.3959E+02
   1.465  0.8005E+01  0.3967E+02
   1.475  0.8004E+01  0.3975E+02
   1.485  0.8002E+01  0.3983E+02
   1.495  0.8000E+01  0.3991E+02
   1.505  0.7996E+01  0.3999E+02
   1.515  0.7992E+01  0.4007E+02
   1.525  0.7986E+01  0.4015E+02
   1.535  0.7979E+01  0.4023E+02
   1.545  0.7971E+01  0.4031E+02
   1.555  0.7963E+01  0.4039E+02
   1.565  0.7953E+01  0.4047E+02
   1.575  0.7942E+01  0.4055E+02
   1.585  0.7930E+01  0.4063E+02
   1.595  0.7917E+01  0.4071E+02
   1.605  0.7903E+01  0.4078E+02
   1.615  0.7888E+01  0.4086E+02
   1.625  0.7871E+01  0.4094E+02
   1.635  0.7854E+01  0.4102E+02
   1.645  0.7836E+01  0.4110E+02
   1.655  0.7817E+01  0.4118E+02
   1.665  0.7796E+01  0.4126E+02
   1.675  0.7775E+01  0.4133E+02
   1.685  0.7753E+01  0.4141E+02
   1.695  0.7729E+01  0.4149E+02
   1.705  0.7705E+01  0.4156E+02
   1.715  0.7680E+01  0.4164E+02
   1.725  0.7654E+01  0.4172E+02
   1.735  0.7627E+01  0.4179E+02
   1.745  0.7599E+01  0.4187E+02
   1.755  0.7571E+01  0.4195E+02
   1.765  0.7542E+01  0.4202E+02
   1.775  0.7512E+01  0.4210E+02
   1.785  0.7481E+01  0.4217E+02
   1.795  0.7449E+01  0.4225E+02
   1.805  0.7417E+01  0.4232E+02
   1.815  0.7384E+01  0.4239E+02
   1.825  0.7351E+01  0.4247E+02
   1.835  0.7317E+01  0.4254E+02
   1.845  0.7283E+01  0.4261E+02
   1.855  0.7248E+01  0.4269E+02
   1.865  0.7212E+01  0.4276E+02
   1.875  0.7176E+01  0.4283E+02
   1.885  0.7140E+01  0.4290E+02
   1.895  0.7104E+01  0.4297E+02
   1.905  0.7066E+01  0.4304E+02
   1.915  0.7029E+01  0.4311E+02
   1.925  0.6991E+01  0.4318E+02
   1.935  0.6953E+01  0.4325E+02
   1.945  0.6915E+01  0.4332E+02
   1.955  0.6877E+01  0.4339E+02
   1.965  0.6838E+01  0.4346E+02
   1.975  0.6799E+01  0.4353E+02
   1.985  0.6760E+01  0.4359E+02
   1.995  0.6720E+01  0.4366E+02
   2.005  0.6681E+01  0.4373E+02
   2.015  0.6641E+01  0.4380E+02
   2.025  0.6601E+01  0.4386E+02
   2.035  0.6561E+01  0.4393E+02
   2.045  0.6520E+01  0.4399E+02
   2.055  0.6480E+01  0.4406E+02
   2.065  0.6439E+01  0.4412E+02
   2.075  0.6398E+01  0.4419E+02
   2.085  0.6357E+01  0.4425E+02
   2.095  0.6316E+01  0.4431E+02
   2.105  0.6275E+01  0.4437E+02
   2.115  0.6233E+01  0.4444E+02
   2.125  0.6191E+01  0.4450E+02
   2.135  0.6149E+01  0.4456E+02
   2.145  0.6107E+01  0.4462E+02
   2.155  0.6064E+01  0.4468E+02
   2.165  0.6021E+01  0.4474E+02
   2.175  0.5978E+01  0.4480E+02
   2.185  0.5934E+01  0.4486E+02
   2.195  0.5890E+01  0.4492E+02
   2.205  0.5846E+01  0.4498E+02
   2.215  0.5801E+01  0.4504E+02
   2.225  0.5756E+01  0.4509E+02
   2.235  0.5710E+01  0.4515E+02
   2.245  0.5664E+01  0.4521E+02
   2.255  0.5617E+01  0.4526E+02
   2.265  0.5570E+01  0.4532E+02
   2.275  0.5522E+01  0.4538E+02
   2.285  0.5474E+01  0.4543E+02
   2.295  0.5425E+01  0.4548E+02
   2.305  0.5376E+01  0.4554E+02
   2.315  0.5326E+01  0.4559E+02
   2.325  0.5275E+01  0.4564E+02
   2.335  0.5223E+01  0.4570E+02
   2.345  0.5171E+01  0.4575E+02
   2.355  0.5119E+01  0.4580E+02
   2.365  0.5065E+01  0.4585E+02
   2.375  0.5011E+01  0.4590E+02
   2.385  0.4956E+01  0.4595E+02
   2.395  0.4900E+01  0.4600E+02
   2.405  0.4844E+01  0.4605E+02
   2.415  0.4787E+01  0.4609E+02
   2.425  0.4729E+01  0.4614E+02
   2.435  0.4671E+01  0.4619E+02
   2.445  0.4611E+01  0.4623E+02
   2.455  0.4551E+01  0.4628E+02
   2.465  0.4491E+01  0.4633E+02
   2.475  0.4429E+01  0.4637E+02
   2.485  0.4367E+01  0.4641E+02
   2.495  0.4305E+01  0.4646E+02
   2.505  0.4242E+01  0.4650E+02
   2.515  0.4178E+01  0.4654E+02
   2.525  0.4113E+01  0.4658E+02
   2.535  0.4048E+01  0.4662E+02
   2.545  0.3983E+01  0.4666E+02
   2.555  0.3917E+01  0.4670E+02
   2.565  0.3850E+01  0.4674E+02
   2.575  0.3783E+01  0.4678E+02
   2.585  0.3716E+01  0.4681E+02
   2.595  0.3648E+01  0.4685E+02
   2.605  0.3580E+01  0.4689E+02
   2.615  0.3512E+01  0.4692E+02
   2.625  0.3444E+01  0.4696E+02
   2.635  0.3375E+01  0.4699E+02
   2.645  0.3306E+01  0.4702E+02
   2.655  0.3237E+01  0.4706E+02
   2.665  0.3169E+01  0.4709E+02
   2.675  0.3100E+01  0.4712E+02
   2.685  0.3031E+01  0.4715E+02
   2.695  0.2962E+01  0.4718E+02
   2.705  0.2894E+01  0.4721E+02
   2.715  0.2825E+01  0.4724E+02
   2.725  0.2757E+01  0.4726E+02
   2.735  0.2689E+01  0.4729E+02
   2.745  0.2622E+01  0.4732E+02
   2.755  0.2555E+01  0.4734E+02
   2.765  0.2488E+01  0.4737E+02
   2.775  0.2422E+01  0.4739E+02
   2.785  0.2356E+01  0.4741E+02
   2.795  0.2291E+01  0.4744E+02
   2.805  0.2227E+01  0.4746E+02
   2.815  0.2163E+01  0.4748E+02
   2.825  0.2100E+01  0.4750E+02
   2.835  0.2038E+01  0.4752E+02
   2.845  0.1976E+01  0.4754E+02
   2.855  0.1916E+01  0.4756E+02
   2.865  0.1856E+01  0.4758E+02
   2.875  0.1797E+01  0.4760E+02
   2.885  0.1739E+01  0.4762E+02
   2.895  0.1682E+01  0.4763E+02
   2.905  0.1625E+01  0.4765E+02
   2.915  0.1570E+01  0.4766E+02
   2.925  0.1516E+01  0.4768E+02
   2.935  0.1463E+01  0.4769E+02
   2.945  0.1411E+01  0.4771E+02
   2.955  0.1360E+01  0.4772E+02
   2.965  0.1310E+01  0.4773E+02
   2.975  0.1261E+01  0.4775E+02
   2.985  0.1214E+01  0.4776E+02
   2.995  0.1167E+01  0.4777E+02
   3.005  0.1122E+01  0.4778E+02
   3.015  0.1078E+01  0.4779E+02
   3.025  0.1035E+01  0.4780E+02
   3.035  0.9925E+00  0.4781E+02
   3.045  0.9517E+00  0.4782E+02
   3.055  0.9120E+00  0.4783E+02
   3.065  0.8735E+00  0.4784E+02
   3.075  0.8361E+00  0.4785E+02
   3.085  0.7998E+00  0.4786E+02
   3.095  0.7646E+00  0.4786E+02
   3.105  0.7306E+00  0.4787E+02
   3.115  0.6976E+00  0.4788E+02
   3.125  0.6658E+00  0.4789E+02
   3.135  0.6350E+00  0.4789E+02
   3.145  0.6053E+00  0.4790E+02
   3.155  0.5766E+00  0.4790E+02
   3.165  0.5489E+00  0.4791E+02
   3.175  0.5223E+00  0.4791E+02
   3.185  0.4966E+00  0.4792E+02
   3.195  0.4720E+00  0.4792E+02
   3.205  0.4482E+00  0.4793E+02
   3.215  0.4254E+00  0.4793E+02
   3.225  0.4036E+00  0.4794E+02
   3.235  0.3826E+00  0.4794E+02
   3.245  0.3625E+00  0.4794E+02
   3.255  0.3432E+00  0.4795E+02
   3.265  0.3248E+00  0.4795E+02
   3.275  0.3071E+00  0.4795E+02
   3.285  0.2903E+00  0.4796E+02
   3.295  0.2742E+00  0.4796E+02
   3.305  0.2588E+00  0.4796E+02
   3.315  0.2441E+00  0.4796E+02
   3.325  0.2302E+00  0.4797E+02
   3.335  0.2169E+00  0.4797E+02
   3.345  0.2042E+00  0.4797E+02
   3.355  0.1921E+00  0.4797E+02
   3.365  0.1807E+00  0.4798E+02
   3.375  0.1698E+00  0.4798E+02
   3.385  0.1595E+00  0.4798E+02
   3.395  0.1497E+00  0.4798E+02
   3.405  0.1405E+00  0.4798E+02
   3.415  0.1317E+00  0.4798E+02
   3.425  0.1234E+00  0.4798E+02
   3.435  0.1155E+00  0.4798E+02
   3.445  0.1081E+00  0.4799E+02
   3.455  0.1011E+00  0.4799E+02
   3.465  0.9451E-01  0.4799E+02
   3.475  0.8827E-01  0.4799E+02
   3.485  0.8240E-01  0.4799E+02
   3.495  0.7686E-01  0.4799E+02
   3.505  0.7166E-01  0.4799E+02
   3.515  0.6676E-01  0.4799E+02
   3.525  0.6216E-01  0.4799E+02
   3.535  0.5784E-01  0.4799E+02
   3.545  0.5379E-01  0.4799E+02
   3.555  0.4999E-01  0.4799E+02
   3.565  0.4643E-01  0.4799E+02
   3.575  0.4310E-01  0.4799E+02
   3.585  0.3997E-01  0.4800E+02
   3.595  0.3706E-01  0.4800E+02
   3.605  0.3433E-01  0.4800E+02
   3.615  0.3178E-01  0.4800E+02
   3.625  0.2941E-01  0.4800E+02
   3.635  0.2719E-01  0.4800E+02
   3.645  0.2513E-01  0.4800E+02
   3.655  0.2321E-01  0.4800E+02
   3.665  0.2142E-01  0.4800E+02
   3.675  0.1975E-01  0.4800E+02
   3.685  0.1821E-01  0.4800E+02
   3.695  0.1677E-01  0.4800E+02
   3.705  0.1544E-01  0.4800E+02
   3.715  0.1421E-01  0.4800E+02
   3.725  0.1306E-01  0.4800E+02
   3.735  0.1200E-01  0.4800E+02
   3.745  0.1102E-01  0.4800E+02
   3.755  0.1011E-01  0.4800E+02
   3.765  0.9273E-02  0.4800E+02
   3.775  0.8499E-02  0.4800E+02
   3.785  0.7784E-02  0.4800E+02
   3.795  0.7125E-02  0.4800E+02
   3.805  0.6517E-02  0.4800E+02
   3.815  0.5958E-02  0.4800E+02
   3.825  0.5443E-02  0.4800E+02
   3.835  0.4969E-02  0.4800E+02
   3.845  0.4534E-02  0.4800E+02
   3.855  0.4134E-02  0.4800E+02
   3.865  0.3767E-02  0.4800E+02
   3.875  0.3431E-02  0.4800E+02
   3.885  0.3122E-02  0.4800E+02
   3.895  0.2840E-02  0.4800E+02
