#  E (eV)   dos(E)     Int dos(E) EFermi =   2.556 eV
 -18.200  0.1012E-04  0.1012E-06
 -18.190  0.1157E-04  0.2169E-06
 -18.180  0.1323E-04  0.3492E-06
 -18.170  0.1511E-04  0.5003E-06
 -18.160  0.1725E-04  0.6728E-06
 -18.150  0.1967E-04  0.8695E-06
 -18.140  0.2242E-04  0.1094E-05
 -18.130  0.2553E-04  0.1349E-05
 -18.120  0.2904E-04  0.1639E-05
 -18.110  0.3302E-04  0.1970E-05
 -18.100  0.3751E-04  0.2345E-05
 -18.090  0.4257E-04  0.2770E-05
 -18.080  0.4829E-04  0.3253E-05
 -18.070  0.5472E-04  0.3801E-05
 -18.060  0.6197E-04  0.4420E-05
 -18.050  0.7012E-04  0.5121E-05
 -18.040  0.7928E-04  0.5914E-05
 -18.030  0.8957E-04  0.6810E-05
 -18.020  0.1011E-03  0.7821E-05
 -18.010  0.1141E-03  0.8962E-05
 -18.000  0.1285E-03  0.1025E-04
 -17.990  0.1448E-03  0.1169E-04
 -17.980  0.1629E-03  0.1332E-04
 -17.970  0.1832E-03  0.1516E-04
 -17.960  0.2058E-03  0.1721E-04
 -17.950  0.2311E-03  0.1953E-04
 -17.940  0.2593E-03  0.2212E-04
 -17.930  0.2906E-03  0.2502E-04
 -17.920  0.3256E-03  0.2828E-04
 -17.910  0.3644E-03  0.3192E-04
 -17.900  0.4075E-03  0.3600E-04
 -17.890  0.4554E-03  0.4055E-04
 -17.880  0.5085E-03  0.4564E-04
 -17.870  0.5674E-03  0.5131E-04
 -17.860  0.6327E-03  0.5764E-04
 -17.850  0.7048E-03  0.6469E-04
 -17.840  0.7846E-03  0.7253E-04
 -17.830  0.8728E-03  0.8126E-04
 -17.820  0.9702E-03  0.9096E-04
 -17.810  0.1078E-02  0.1017E-03
 -17.800  0.1196E-02  0.1137E-03
 -17.790  0.1326E-02  0.1270E-03
 -17.780  0.1470E-02  0.1417E-03
 -17.770  0.1627E-02  0.1579E-03
 -17.760  0.1801E-02  0.1759E-03
 -17.750  0.1991E-02  0.1958E-03
 -17.740  0.2199E-02  0.2178E-03
 -17.730  0.2428E-02  0.2421E-03
 -17.720  0.2678E-02  0.2689E-03
 -17.710  0.2952E-02  0.2984E-03
 -17.700  0.3252E-02  0.3309E-03
 -17.690  0.3579E-02  0.3667E-03
 -17.680  0.3936E-02  0.4061E-03
 -17.670  0.4325E-02  0.4493E-03
 -17.660  0.4750E-02  0.4968E-03
 -17.650  0.5212E-02  0.5490E-03
 -17.640  0.5715E-02  0.6061E-03
 -17.630  0.6262E-02  0.6687E-03
 -17.620  0.6856E-02  0.7373E-03
 -17.610  0.7501E-02  0.8123E-03
 -17.600  0.8200E-02  0.8943E-03
 -17.590  0.8958E-02  0.9839E-03
 -17.580  0.9778E-02  0.1082E-02
 -17.570  0.1067E-01  0.1188E-02
 -17.560  0.1163E-01  0.1305E-02
 -17.550  0.1266E-01  0.1431E-02
 -17.540  0.1378E-01  0.1569E-02
 -17.530  0.1499E-01  0.1719E-02
 -17.520  0.1629E-01  0.1882E-02
 -17.510  0.1769E-01  0.2059E-02
 -17.500  0.1920E-01  0.2251E-02
 -17.490  0.2082E-01  0.2459E-02
 -17.480  0.2256E-01  0.2685E-02
 -17.470  0.2443E-01  0.2929E-02
 -17.460  0.2644E-01  0.3193E-02
 -17.450  0.2859E-01  0.3479E-02
 -17.440  0.3089E-01  0.3788E-02
 -17.430  0.3335E-01  0.4122E-02
 -17.420  0.3599E-01  0.4482E-02
 -17.410  0.3880E-01  0.4870E-02
 -17.400  0.4180E-01  0.5288E-02
 -17.390  0.4501E-01  0.5738E-02
 -17.380  0.4843E-01  0.6222E-02
 -17.370  0.5206E-01  0.6743E-02
 -17.360  0.5593E-01  0.7302E-02
 -17.350  0.6005E-01  0.7902E-02
 -17.340  0.6443E-01  0.8547E-02
 -17.330  0.6907E-01  0.9237E-02
 -17.320  0.7400E-01  0.9977E-02
 -17.310  0.7922E-01  0.1077E-01
 -17.300  0.8476E-01  0.1162E-01
 -17.290  0.9061E-01  0.1252E-01
 -17.280  0.9681E-01  0.1349E-01
 -17.270  0.1034E+00  0.1452E-01
 -17.260  0.1103E+00  0.1563E-01
 -17.250  0.1176E+00  0.1680E-01
 -17.240  0.1252E+00  0.1806E-01
 -17.230  0.1333E+00  0.1939E-01
 -17.220  0.1419E+00  0.2081E-01
 -17.210  0.1508E+00  0.2232E-01
 -17.200  0.1603E+00  0.2392E-01
 -17.190  0.1702E+00  0.2562E-01
 -17.180  0.1806E+00  0.2743E-01
 -17.170  0.1915E+00  0.2934E-01
 -17.160  0.2029E+00  0.3137E-01
 -17.150  0.2148E+00  0.3352E-01
 -17.140  0.2273E+00  0.3579E-01
 -17.130  0.2404E+00  0.3820E-01
 -17.120  0.2541E+00  0.4074E-01
 -17.110  0.2683E+00  0.4342E-01
 -17.100  0.2832E+00  0.4625E-01
 -17.090  0.2987E+00  0.4924E-01
 -17.080  0.3148E+00  0.5238E-01
 -17.070  0.3316E+00  0.5570E-01
 -17.060  0.3490E+00  0.5919E-01
 -17.050  0.3671E+00  0.6286E-01
 -17.040  0.3859E+00  0.6672E-01
 -17.030  0.4054E+00  0.7078E-01
 -17.020  0.4257E+00  0.7503E-01
 -17.010  0.4466E+00  0.7950E-01
 -17.000  0.4683E+00  0.8418E-01
 -16.990  0.4907E+00  0.8909E-01
 -16.980  0.5138E+00  0.9423E-01
 -16.970  0.5377E+00  0.9960E-01
 -16.960  0.5624E+00  0.1052E+00
 -16.950  0.5877E+00  0.1111E+00
 -16.940  0.6139E+00  0.1172E+00
 -16.930  0.6408E+00  0.1237E+00
 -16.920  0.6685E+00  0.1303E+00
 -16.910  0.6969E+00  0.1373E+00
 -16.900  0.7261E+00  0.1446E+00
 -16.890  0.7560E+00  0.1521E+00
 -16.880  0.7867E+00  0.1600E+00
 -16.870  0.8181E+00  0.1682E+00
 -16.860  0.8503E+00  0.1767E+00
 -16.850  0.8831E+00  0.1855E+00
 -16.840  0.9167E+00  0.1947E+00
 -16.830  0.9509E+00  0.2042E+00
 -16.820  0.9858E+00  0.2140E+00
 -16.810  0.1021E+01  0.2243E+00
 -16.800  0.1058E+01  0.2348E+00
 -16.790  0.1094E+01  0.2458E+00
 -16.780  0.1132E+01  0.2571E+00
 -16.770  0.1170E+01  0.2688E+00
 -16.760  0.1209E+01  0.2809E+00
 -16.750  0.1248E+01  0.2934E+00
 -16.740  0.1287E+01  0.3062E+00
 -16.730  0.1327E+01  0.3195E+00
 -16.720  0.1368E+01  0.3332E+00
 -16.710  0.1409E+01  0.3473E+00
 -16.700  0.1450E+01  0.3618E+00
 -16.690  0.1492E+01  0.3767E+00
 -16.680  0.1534E+01  0.3920E+00
 -16.670  0.1576E+01  0.4078E+00
 -16.660  0.1618E+01  0.4240E+00
 -16.650  0.1661E+01  0.4406E+00
 -16.640  0.1704E+01  0.4576E+00
 -16.630  0.1747E+01  0.4751E+00
 -16.620  0.1790E+01  0.4930E+00
 -16.610  0.1833E+01  0.5113E+00
 -16.600  0.1876E+01  0.5301E+00
 -16.590  0.1919E+01  0.5492E+00
 -16.580  0.1962E+01  0.5689E+00
 -16.570  0.2004E+01  0.5889E+00
 -16.560  0.2047E+01  0.6094E+00
 -16.550  0.2089E+01  0.6303E+00
 -16.540  0.2131E+01  0.6516E+00
 -16.530  0.2173E+01  0.6733E+00
 -16.520  0.2215E+01  0.6955E+00
 -16.510  0.2256E+01  0.7180E+00
 -16.500  0.2296E+01  0.7410E+00
 -16.490  0.2337E+01  0.7644E+00
 -16.480  0.2376E+01  0.7881E+00
 -16.470  0.2416E+01  0.8123E+00
 -16.460  0.2454E+01  0.8368E+00
 -16.450  0.2492E+01  0.8617E+00
 -16.440  0.2530E+01  0.8870E+00
 -16.430  0.2566E+01  0.9127E+00
 -16.420  0.2602E+01  0.9387E+00
 -16.410  0.2638E+01  0.9651E+00
 -16.400  0.2672E+01  0.9918E+00
 -16.390  0.2706E+01  0.1019E+01
 -16.380  0.2739E+01  0.1046E+01
 -16.370  0.2771E+01  0.1074E+01
 -16.360  0.2803E+01  0.1102E+01
 -16.350  0.2833E+01  0.1130E+01
 -16.340  0.2863E+01  0.1159E+01
 -16.330  0.2891E+01  0.1188E+01
 -16.320  0.2919E+01  0.1217E+01
 -16.310  0.2946E+01  0.1247E+01
 -16.300  0.2972E+01  0.1276E+01
 -16.290  0.2997E+01  0.1306E+01
 -16.280  0.3022E+01  0.1336E+01
 -16.270  0.3045E+01  0.1367E+01
 -16.260  0.3067E+01  0.1398E+01
 -16.250  0.3088E+01  0.1428E+01
 -16.240  0.3109E+01  0.1460E+01
 -16.230  0.3128E+01  0.1491E+01
 -16.220  0.3147E+01  0.1522E+01
 -16.210  0.3165E+01  0.1554E+01
 -16.200  0.3181E+01  0.1586E+01
 -16.190  0.3197E+01  0.1618E+01
 -16.180  0.3212E+01  0.1650E+01
 -16.170  0.3226E+01  0.1682E+01
 -16.160  0.3240E+01  0.1715E+01
 -16.150  0.3252E+01  0.1747E+01
 -16.140  0.3264E+01  0.1780E+01
 -16.130  0.3274E+01  0.1812E+01
 -16.120  0.3284E+01  0.1845E+01
 -16.110  0.3293E+01  0.1878E+01
 -16.100  0.3302E+01  0.1911E+01
 -16.090  0.3310E+01  0.1944E+01
 -16.080  0.3317E+01  0.1977E+01
 -16.070  0.3323E+01  0.2011E+01
 -16.060  0.3328E+01  0.2044E+01
 -16.050  0.3333E+01  0.2077E+01
 -16.040  0.3337E+01  0.2111E+01
 -16.030  0.3341E+01  0.2144E+01
 -16.020  0.3344E+01  0.2178E+01
 -16.010  0.3346E+01  0.2211E+01
 -16.000  0.3348E+01  0.2244E+01
 -15.990  0.3350E+01  0.2278E+01
 -15.980  0.3350E+01  0.2311E+01
 -15.970  0.3351E+01  0.2345E+01
 -15.960  0.3350E+01  0.2378E+01
 -15.950  0.3350E+01  0.2412E+01
 -15.940  0.3349E+01  0.2445E+01
 -15.930  0.3347E+01  0.2479E+01
 -15.920  0.3345E+01  0.2512E+01
 -15.910  0.3343E+01  0.2546E+01
 -15.900  0.3341E+01  0.2579E+01
 -15.890  0.3338E+01  0.2613E+01
 -15.880  0.3335E+01  0.2646E+01
 -15.870  0.3331E+01  0.2679E+01
 -15.860  0.3328E+01  0.2713E+01
 -15.850  0.3324E+01  0.2746E+01
 -15.840  0.3320E+01  0.2779E+01
 -15.830  0.3316E+01  0.2812E+01
 -15.820  0.3311E+01  0.2845E+01
 -15.810  0.3307E+01  0.2878E+01
 -15.800  0.3302E+01  0.2911E+01
 -15.790  0.3298E+01  0.2944E+01
 -15.780  0.3293E+01  0.2977E+01
 -15.770  0.3289E+01  0.3010E+01
 -15.760  0.3284E+01  0.3043E+01
 -15.750  0.3280E+01  0.3076E+01
 -15.740  0.3276E+01  0.3109E+01
 -15.730  0.3271E+01  0.3141E+01
 -15.720  0.3267E+01  0.3174E+01
 -15.710  0.3264E+01  0.3207E+01
 -15.700  0.3260E+01  0.3239E+01
 -15.690  0.3257E+01  0.3272E+01
 -15.680  0.3254E+01  0.3304E+01
 -15.670  0.3251E+01  0.3337E+01
 -15.660  0.3249E+01  0.3369E+01
 -15.650  0.3247E+01  0.3402E+01
 -15.640  0.3245E+01  0.3434E+01
 -15.630  0.3244E+01  0.3467E+01
 -15.620  0.3244E+01  0.3499E+01
 -15.610  0.3244E+01  0.3532E+01
 -15.600  0.3244E+01  0.3564E+01
 -15.590  0.3246E+01  0.3596E+01
 -15.580  0.3248E+01  0.3629E+01
 -15.570  0.3250E+01  0.3661E+01
 -15.560  0.3254E+01  0.3694E+01
 -15.550  0.3258E+01  0.3727E+01
 -15.540  0.3263E+01  0.3759E+01
 -15.530  0.3269E+01  0.3792E+01
 -15.520  0.3276E+01  0.3825E+01
 -15.510  0.3283E+01  0.3857E+01
 -15.500  0.3292E+01  0.3890E+01
 -15.490  0.3302E+01  0.3923E+01
 -15.480  0.3313E+01  0.3957E+01
 -15.470  0.3325E+01  0.3990E+01
 -15.460  0.3338E+01  0.4023E+01
 -15.450  0.3352E+01  0.4057E+01
 -15.440  0.3368E+01  0.4090E+01
 -15.430  0.3384E+01  0.4124E+01
 -15.420  0.3403E+01  0.4158E+01
 -15.410  0.3422E+01  0.4192E+01
 -15.400  0.3443E+01  0.4227E+01
 -15.390  0.3465E+01  0.4262E+01
 -15.380  0.3489E+01  0.4296E+01
 -15.370  0.3514E+01  0.4332E+01
 -15.360  0.3541E+01  0.4367E+01
 -15.350  0.3570E+01  0.4403E+01
 -15.340  0.3600E+01  0.4439E+01
 -15.330  0.3632E+01  0.4475E+01
 -15.320  0.3665E+01  0.4512E+01
 -15.310  0.3700E+01  0.4549E+01
 -15.300  0.3737E+01  0.4586E+01
 -15.290  0.3776E+01  0.4624E+01
 -15.280  0.3817E+01  0.4662E+01
 -15.270  0.3859E+01  0.4701E+01
 -15.260  0.3903E+01  0.4740E+01
 -15.250  0.3950E+01  0.4779E+01
 -15.240  0.3998E+01  0.4819E+01
 -15.230  0.4048E+01  0.4859E+01
 -15.220  0.4100E+01  0.4900E+01
 -15.210  0.4154E+01  0.4942E+01
 -15.200  0.4210E+01  0.4984E+01
 -15.190  0.4268E+01  0.5027E+01
 -15.180  0.4329E+01  0.5070E+01
 -15.170  0.4390E+01  0.5114E+01
 -15.160  0.4454E+01  0.5159E+01
 -15.150  0.4520E+01  0.5204E+01
 -15.140  0.4588E+01  0.5250E+01
 -15.130  0.4658E+01  0.5296E+01
 -15.120  0.4729E+01  0.5344E+01
 -15.110  0.4803E+01  0.5392E+01
 -15.100  0.4878E+01  0.5440E+01
 -15.090  0.4954E+01  0.5490E+01
 -15.080  0.5033E+01  0.5540E+01
 -15.070  0.5113E+01  0.5591E+01
 -15.060  0.5194E+01  0.5643E+01
 -15.050  0.5277E+01  0.5696E+01
 -15.040  0.5361E+01  0.5750E+01
 -15.030  0.5446E+01  0.5804E+01
 -15.020  0.5532E+01  0.5859E+01
 -15.010  0.5620E+01  0.5916E+01
 -15.000  0.5708E+01  0.5973E+01
 -14.990  0.5797E+01  0.6031E+01
 -14.980  0.5886E+01  0.6090E+01
 -14.970  0.5976E+01  0.6149E+01
 -14.960  0.6066E+01  0.6210E+01
 -14.950  0.6156E+01  0.6272E+01
 -14.940  0.6246E+01  0.6334E+01
 -14.930  0.6336E+01  0.6397E+01
 -14.920  0.6425E+01  0.6462E+01
 -14.910  0.6513E+01  0.6527E+01
 -14.900  0.6601E+01  0.6593E+01
 -14.890  0.6688E+01  0.6660E+01
 -14.880  0.6773E+01  0.6727E+01
 -14.870  0.6857E+01  0.6796E+01
 -14.860  0.6940E+01  0.6865E+01
 -14.850  0.7020E+01  0.6936E+01
 -14.840  0.7099E+01  0.7006E+01
 -14.830  0.7175E+01  0.7078E+01
 -14.820  0.7248E+01  0.7151E+01
 -14.810  0.7319E+01  0.7224E+01
 -14.800  0.7387E+01  0.7298E+01
 -14.790  0.7452E+01  0.7372E+01
 -14.780  0.7513E+01  0.7447E+01
 -14.770  0.7571E+01  0.7523E+01
 -14.760  0.7625E+01  0.7599E+01
 -14.750  0.7675E+01  0.7676E+01
 -14.740  0.7721E+01  0.7753E+01
 -14.730  0.7763E+01  0.7831E+01
 -14.720  0.7801E+01  0.7909E+01
 -14.710  0.7833E+01  0.7987E+01
 -14.700  0.7861E+01  0.8066E+01
 -14.690  0.7884E+01  0.8145E+01
 -14.680  0.7903E+01  0.8224E+01
 -14.670  0.7916E+01  0.8303E+01
 -14.660  0.7923E+01  0.8382E+01
 -14.650  0.7926E+01  0.8461E+01
 -14.640  0.7923E+01  0.8541E+01
 -14.630  0.7915E+01  0.8620E+01
 -14.620  0.7901E+01  0.8699E+01
 -14.610  0.7882E+01  0.8778E+01
 -14.600  0.7857E+01  0.8856E+01
 -14.590  0.7826E+01  0.8934E+01
 -14.580  0.7790E+01  0.9012E+01
 -14.570  0.7749E+01  0.9090E+01
 -14.560  0.7702E+01  0.9167E+01
 -14.550  0.7650E+01  0.9243E+01
 -14.540  0.7592E+01  0.9319E+01
 -14.530  0.7530E+01  0.9395E+01
 -14.520  0.7462E+01  0.9469E+01
 -14.510  0.7389E+01  0.9543E+01
 -14.500  0.7311E+01  0.9616E+01
 -14.490  0.7228E+01  0.9689E+01
 -14.480  0.7141E+01  0.9760E+01
 -14.470  0.7049E+01  0.9830E+01
 -14.460  0.6953E+01  0.9900E+01
 -14.450  0.6853E+01  0.9968E+01
 -14.440  0.6749E+01  0.1004E+02
 -14.430  0.6641E+01  0.1010E+02
 -14.420  0.6530E+01  0.1017E+02
 -14.410  0.6416E+01  0.1023E+02
 -14.400  0.6298E+01  0.1029E+02
 -14.390  0.6178E+01  0.1036E+02
 -14.380  0.6055E+01  0.1042E+02
 -14.370  0.5929E+01  0.1048E+02
 -14.360  0.5802E+01  0.1053E+02
 -14.350  0.5672E+01  0.1059E+02
 -14.340  0.5541E+01  0.1065E+02
 -14.330  0.5409E+01  0.1070E+02
 -14.320  0.5275E+01  0.1075E+02
 -14.310  0.5140E+01  0.1080E+02
 -14.300  0.5005E+01  0.1085E+02
 -14.290  0.4869E+01  0.1090E+02
 -14.280  0.4733E+01  0.1095E+02
 -14.270  0.4597E+01  0.1100E+02
 -14.260  0.4461E+01  0.1104E+02
 -14.250  0.4326E+01  0.1108E+02
 -14.240  0.4191E+01  0.1113E+02
 -14.230  0.4057E+01  0.1117E+02
 -14.220  0.3924E+01  0.1121E+02
 -14.210  0.3792E+01  0.1124E+02
 -14.200  0.3661E+01  0.1128E+02
 -14.190  0.3532E+01  0.1132E+02
 -14.180  0.3404E+01  0.1135E+02
 -14.170  0.3279E+01  0.1138E+02
 -14.160  0.3155E+01  0.1141E+02
 -14.150  0.3034E+01  0.1145E+02
 -14.140  0.2914E+01  0.1147E+02
 -14.130  0.2797E+01  0.1150E+02
 -14.120  0.2683E+01  0.1153E+02
 -14.110  0.2570E+01  0.1155E+02
 -14.100  0.2461E+01  0.1158E+02
 -14.090  0.2354E+01  0.1160E+02
 -14.080  0.2250E+01  0.1163E+02
 -14.070  0.2149E+01  0.1165E+02
 -14.060  0.2050E+01  0.1167E+02
 -14.050  0.1954E+01  0.1169E+02
 -14.040  0.1861E+01  0.1171E+02
 -14.030  0.1771E+01  0.1172E+02
 -14.020  0.1684E+01  0.1174E+02
 -14.010  0.1600E+01  0.1176E+02
 -14.000  0.1519E+01  0.1177E+02
 -13.990  0.1441E+01  0.1179E+02
 -13.980  0.1365E+01  0.1180E+02
 -13.970  0.1292E+01  0.1181E+02
 -13.960  0.1223E+01  0.1182E+02
 -13.950  0.1155E+01  0.1184E+02
 -13.940  0.1091E+01  0.1185E+02
 -13.930  0.1029E+01  0.1186E+02
 -13.920  0.9705E+00  0.1187E+02
 -13.910  0.9141E+00  0.1188E+02
 -13.900  0.8602E+00  0.1188E+02
 -13.890  0.8088E+00  0.1189E+02
 -13.880  0.7599E+00  0.1190E+02
 -13.870  0.7132E+00  0.1191E+02
 -13.860  0.6689E+00  0.1191E+02
 -13.850  0.6268E+00  0.1192E+02
 -13.840  0.5868E+00  0.1193E+02
 -13.830  0.5489E+00  0.1193E+02
 -13.820  0.5130E+00  0.1194E+02
 -13.810  0.4790E+00  0.1194E+02
 -13.800  0.4469E+00  0.1195E+02
 -13.790  0.4166E+00  0.1195E+02
 -13.780  0.3880E+00  0.1195E+02
 -13.770  0.3610E+00  0.1196E+02
 -13.760  0.3356E+00  0.1196E+02
 -13.750  0.3118E+00  0.1196E+02
 -13.740  0.2894E+00  0.1197E+02
 -13.730  0.2683E+00  0.1197E+02
 -13.720  0.2486E+00  0.1197E+02
 -13.710  0.2301E+00  0.1197E+02
 -13.700  0.2129E+00  0.1198E+02
 -13.690  0.1967E+00  0.1198E+02
 -13.680  0.1816E+00  0.1198E+02
 -13.670  0.1675E+00  0.1198E+02
 -13.660  0.1544E+00  0.1198E+02
 -13.650  0.1422E+00  0.1199E+02
 -13.640  0.1308E+00  0.1199E+02
 -13.630  0.1203E+00  0.1199E+02
 -13.620  0.1105E+00  0.1199E+02
 -13.610  0.1014E+00  0.1199E+02
 -13.600  0.9296E-01  0.1199E+02
 -13.590  0.8516E-01  0.1199E+02
 -13.580  0.7795E-01  0.1199E+02
 -13.570  0.7129E-01  0.1199E+02
 -13.560  0.6513E-01  0.1199E+02
 -13.550  0.5946E-01  0.1199E+02
 -13.540  0.5424E-01  0.1199E+02
 -13.530  0.4943E-01  0.1200E+02
 -13.520  0.4501E-01  0.1200E+02
 -13.510  0.4094E-01  0.1200E+02
 -13.500  0.3722E-01  0.1200E+02
 -13.490  0.3380E-01  0.1200E+02
 -13.480  0.3067E-01  0.1200E+02
 -13.470  0.2780E-01  0.1200E+02
 -13.460  0.2518E-01  0.1200E+02
 -13.450  0.2279E-01  0.1200E+02
 -13.440  0.2061E-01  0.1200E+02
 -13.430  0.1862E-01  0.1200E+02
 -13.420  0.1680E-01  0.1200E+02
 -13.410  0.1515E-01  0.1200E+02
 -13.400  0.1366E-01  0.1200E+02
 -13.390  0.1229E-01  0.1200E+02
 -13.380  0.1106E-01  0.1200E+02
 -13.370  0.9938E-02  0.1200E+02
 -13.360  0.8924E-02  0.1200E+02
 -13.350  0.8006E-02  0.1200E+02
 -13.340  0.7176E-02  0.1200E+02
 -13.330  0.6427E-02  0.1200E+02
 -13.320  0.5751E-02  0.1200E+02
 -13.310  0.5141E-02  0.1200E+02
 -13.300  0.4592E-02  0.1200E+02
 -13.290  0.4099E-02  0.1200E+02
 -13.280  0.3655E-02  0.1200E+02
 -13.270  0.3256E-02  0.1200E+02
 -13.260  0.2898E-02  0.1200E+02
 -13.250  0.2577E-02  0.1200E+02
 -13.240  0.2290E-02  0.1200E+02
 -13.230  0.2033E-02  0.1200E+02
 -13.220  0.1804E-02  0.1200E+02
 -13.210  0.1598E-02  0.1200E+02
 -13.200  0.1415E-02  0.1200E+02
 -13.190  0.1252E-02  0.1200E+02
 -13.180  0.1107E-02  0.1200E+02
 -13.170  0.9776E-03  0.1200E+02
 -13.160  0.8626E-03  0.1200E+02
 -13.150  0.7605E-03  0.1200E+02
 -13.140  0.6699E-03  0.1200E+02
 -13.130  0.5895E-03  0.1200E+02
 -13.120  0.5184E-03  0.1200E+02
 -13.110  0.4554E-03  0.1200E+02
 -13.100  0.3998E-03  0.1200E+02
 -13.090  0.3506E-03  0.1200E+02
 -13.080  0.3072E-03  0.1200E+02
 -13.070  0.2690E-03  0.1200E+02
 -13.060  0.2353E-03  0.1200E+02
 -13.050  0.2056E-03  0.1200E+02
 -13.040  0.1795E-03  0.1200E+02
 -13.030  0.1566E-03  0.1200E+02
 -13.020  0.1365E-03  0.1200E+02
 -13.010  0.1189E-03  0.1200E+02
 -13.000  0.1035E-03  0.1200E+02
 -12.990  0.8996E-04  0.1200E+02
 -12.980  0.7814E-04  0.1200E+02
 -12.970  0.6782E-04  0.1200E+02
 -12.960  0.5881E-04  0.1200E+02
 -12.950  0.5095E-04  0.1200E+02
 -12.940  0.4410E-04  0.1200E+02
 -12.930  0.3814E-04  0.1200E+02
 -12.920  0.3296E-04  0.1200E+02
 -12.910  0.2845E-04  0.1200E+02
 -12.900  0.2454E-04  0.1200E+02
 -12.890  0.2115E-04  0.1200E+02
 -12.880  0.1821E-04  0.1200E+02
 -12.870  0.1567E-04  0.1200E+02
 -12.860  0.1347E-04  0.1200E+02
 -12.850  0.1157E-04  0.1200E+02
 -12.840  0.9926E-05  0.1200E+02
 -12.830  0.8510E-05  0.1200E+02
 -12.820  0.7289E-05  0.1200E+02
 -12.810  0.6238E-05  0.1200E+02
 -12.800  0.5334E-05  0.1200E+02
 -12.790  0.4557E-05  0.1200E+02
 -12.780  0.3890E-05  0.1200E+02
 -12.770  0.3318E-05  0.1200E+02
 -12.760  0.2827E-05  0.1200E+02
 -12.750  0.2407E-05  0.1200E+02
 -12.740  0.2047E-05  0.1200E+02
 -12.730  0.1740E-05  0.1200E+02
 -12.720  0.1477E-05  0.1200E+02
 -12.710  0.1253E-05  0.1200E+02
 -12.700  0.1062E-05  0.1200E+02
 -12.690  0.8997E-06  0.1200E+02
 -12.680  0.7613E-06  0.1200E+02
 -12.670  0.6436E-06  0.1200E+02
 -12.660  0.5436E-06  0.1200E+02
 -12.650  0.4588E-06  0.1200E+02
 -12.640  0.3869E-06  0.1200E+02
 -12.630  0.3259E-06  0.1200E+02
 -12.620  0.2743E-06  0.1200E+02
 -12.610  0.2307E-06  0.1200E+02
 -12.600  0.1939E-06  0.1200E+02
 -12.590  0.1627E-06  0.1200E+02
 -12.580  0.1365E-06  0.1200E+02
 -12.570  0.1144E-06  0.1200E+02
 -12.560  0.9580E-07  0.1200E+02
 -12.550  0.8014E-07  0.1200E+02
 -12.540  0.6699E-07  0.1200E+02
 -12.530  0.5594E-07  0.1200E+02
 -12.520  0.4668E-07  0.1200E+02
 -12.510  0.3892E-07  0.1200E+02
 -12.500  0.3241E-07  0.1200E+02
 -12.490  0.2698E-07  0.1200E+02
 -12.480  0.2243E-07  0.1200E+02
 -12.470  0.1863E-07  0.1200E+02
 -12.460  0.1547E-07  0.1200E+02
 -12.450  0.1283E-07  0.1200E+02
 -12.440  0.1063E-07  0.1200E+02
 -12.430  0.8799E-08  0.1200E+02
 -12.420  0.7278E-08  0.1200E+02
 -12.410  0.6014E-08  0.1200E+02
 -12.400  0.4966E-08  0.1200E+02
 -12.390  0.4097E-08  0.1200E+02
 -12.380  0.3377E-08  0.1200E+02
 -12.370  0.2781E-08  0.1200E+02
 -12.360  0.2288E-08  0.1200E+02
 -12.350  0.1881E-08  0.1200E+02
 -12.340  0.1545E-08  0.1200E+02
 -12.330  0.1268E-08  0.1200E+02
 -12.320  0.1040E-08  0.1200E+02
 -12.310  0.8517E-09  0.1200E+02
 -12.300  0.6971E-09  0.1200E+02
 -12.290  0.5701E-09  0.1200E+02
 -12.280  0.4658E-09  0.1200E+02
 -12.270  0.3803E-09  0.1200E+02
 -12.260  0.3102E-09  0.1200E+02
 -12.250  0.2528E-09  0.1200E+02
 -12.240  0.2058E-09  0.1200E+02
 -12.230  0.1674E-09  0.1200E+02
 -12.220  0.1361E-09  0.1200E+02
 -12.210  0.1105E-09  0.1200E+02
 -12.200  0.8966E-10  0.1200E+02
 -12.190  0.7269E-10  0.1200E+02
 -12.180  0.5887E-10  0.1200E+02
 -12.170  0.4764E-10  0.1200E+02
 -12.160  0.3852E-10  0.1200E+02
 -12.150  0.3112E-10  0.1200E+02
 -12.140  0.2512E-10  0.1200E+02
 -12.130  0.2025E-10  0.1200E+02
 -12.120  0.1632E-10  0.1200E+02
 -12.110  0.1314E-10  0.1200E+02
 -12.100  0.1057E-10  0.1200E+02
 -12.090  0.8491E-11  0.1200E+02
 -12.080  0.6817E-11  0.1200E+02
 -12.070  0.5469E-11  0.1200E+02
 -12.060  0.4383E-11  0.1200E+02
 -12.050  0.3510E-11  0.1200E+02
 -12.040  0.2808E-11  0.1200E+02
 -12.030  0.2245E-11  0.1200E+02
 -12.020  0.1793E-11  0.1200E+02
 -12.010  0.1431E-11  0.1200E+02
 -12.000  0.1141E-11  0.1200E+02
 -11.990  0.9087E-12  0.1200E+02
 -11.980  0.7233E-12  0.1200E+02
 -11.970  0.5752E-12  0.1200E+02
 -11.960  0.4570E-12  0.1200E+02
 -11.950  0.3627E-12  0.1200E+02
 -11.940  0.2877E-12  0.1200E+02
 -11.930  0.2280E-12  0.1200E+02
 -11.920  0.1805E-12  0.1200E+02
 -11.910  0.1428E-12  0.1200E+02
 -11.900  0.1128E-12  0.1200E+02
 -11.890  0.8911E-13  0.1200E+02
 -11.880  0.7031E-13  0.1200E+02
 -11.870  0.5542E-13  0.1200E+02
 -11.860  0.4365E-13  0.1200E+02
 -11.850  0.3435E-13  0.1200E+02
 -11.840  0.2700E-13  0.1200E+02
 -11.830  0.2121E-13  0.1200E+02
 -11.820  0.1665E-13  0.1200E+02
 -11.810  0.1305E-13  0.1200E+02
 -11.800  0.1023E-13  0.1200E+02
 -11.790  0.8006E-14  0.1200E+02
 -11.780  0.6261E-14  0.1200E+02
 -11.770  0.4893E-14  0.1200E+02
 -11.760  0.3820E-14  0.1200E+02
 -11.750  0.2980E-14  0.1200E+02
 -11.740  0.2322E-14  0.1200E+02
 -11.730  0.1808E-14  0.1200E+02
 -11.720  0.1407E-14  0.1200E+02
 -11.710  0.1093E-14  0.1200E+02
 -11.700  0.8492E-15  0.1200E+02
 -11.690  0.6590E-15  0.1200E+02
 -11.680  0.5109E-15  0.1200E+02
 -11.670  0.3957E-15  0.1200E+02
 -11.660  0.3063E-15  0.1200E+02
 -11.650  0.2368E-15  0.1200E+02
 -11.640  0.1829E-15  0.1200E+02
 -11.630  0.1412E-15  0.1200E+02
 -11.620  0.1089E-15  0.1200E+02
 -11.610  0.8392E-16  0.1200E+02
 -11.600  0.6460E-16  0.1200E+02
 -11.590  0.4969E-16  0.1200E+02
 -11.580  0.3819E-16  0.1200E+02
 -11.570  0.2932E-16  0.1200E+02
 -11.560  0.2250E-16  0.1200E+02
 -11.550  0.1724E-16  0.1200E+02
 -11.540  0.1320E-16  0.1200E+02
 -11.530  0.1010E-16  0.1200E+02
 -11.520  0.7724E-17  0.1200E+02
 -11.510  0.5900E-17  0.1200E+02
 -11.500  0.4503E-17  0.1200E+02
 -11.490  0.3433E-17  0.1200E+02
 -11.480  0.2615E-17  0.1200E+02
 -11.470  0.1991E-17  0.1200E+02
 -11.460  0.1514E-17  0.1200E+02
 -11.450  0.1150E-17  0.1200E+02
 -11.440  0.8732E-18  0.1200E+02
 -11.430  0.6623E-18  0.1200E+02
 -11.420  0.5019E-18  0.1200E+02
 -11.410  0.3800E-18  0.1200E+02
 -11.400  0.2875E-18  0.1200E+02
 -11.390  0.2173E-18  0.1200E+02
 -11.380  0.1641E-18  0.1200E+02
 -11.370  0.1238E-18  0.1200E+02
 -11.360  0.9333E-19  0.1200E+02
 -11.350  0.7030E-19  0.1200E+02
 -11.340  0.5290E-19  0.1200E+02
 -11.330  0.3977E-19  0.1200E+02
 -11.320  0.2988E-19  0.1200E+02
 -11.310  0.2243E-19  0.1200E+02
 -11.300  0.1682E-19  0.1200E+02
 -11.290  0.1260E-19  0.1200E+02
 -11.280  0.9432E-20  0.1200E+02
 -11.270  0.7055E-20  0.1200E+02
 -11.260  0.5272E-20  0.1200E+02
 -11.250  0.3936E-20  0.1200E+02
 -11.240  0.2936E-20  0.1200E+02
 -11.230  0.2188E-20  0.1200E+02
 -11.220  0.1630E-20  0.1200E+02
 -11.210  0.1212E-20  0.1200E+02
 -11.200  0.9012E-21  0.1200E+02
 -11.190  0.6694E-21  0.1200E+02
 -11.180  0.4967E-21  0.1200E+02
 -11.170  0.3683E-21  0.1200E+02
 -11.160  0.2728E-21  0.1200E+02
 -11.150  0.2019E-21  0.1200E+02
 -11.140  0.1493E-21  0.1200E+02
 -11.130  0.1103E-21  0.1200E+02
 -11.120  0.8142E-22  0.1200E+02
 -11.110  0.6005E-22  0.1200E+02
 -11.100  0.4425E-22  0.1200E+02
 -11.090  0.3258E-22  0.1200E+02
 -11.080  0.2396E-22  0.1200E+02
 -11.070  0.1761E-22  0.1200E+02
 -11.060  0.1293E-22  0.1200E+02
 -11.050  0.9487E-23  0.1200E+02
 -11.040  0.6954E-23  0.1200E+02
 -11.030  0.5093E-23  0.1200E+02
 -11.020  0.3727E-23  0.1200E+02
 -11.010  0.2724E-23  0.1200E+02
 -11.000  0.1990E-23  0.1200E+02
 -10.990  0.1452E-23  0.1200E+02
 -10.980  0.1059E-23  0.1200E+02
 -10.970  0.7715E-24  0.1200E+02
 -10.960  0.5616E-24  0.1200E+02
 -10.950  0.4084E-24  0.1200E+02
 -10.940  0.2968E-24  0.1200E+02
 -10.930  0.2154E-24  0.1200E+02
 -10.920  0.1563E-24  0.1200E+02
 -10.910  0.1132E-24  0.1200E+02
 -10.900  0.8200E-25  0.1200E+02
 -10.890  0.5932E-25  0.1200E+02
 -10.880  0.4288E-25  0.1200E+02
 -10.870  0.3096E-25  0.1200E+02
 -10.860  0.2234E-25  0.1200E+02
 -10.850  0.1611E-25  0.1200E+02
 -10.840  0.1160E-25  0.1200E+02
 -10.830  0.8349E-26  0.1200E+02
 -10.820  0.6003E-26  0.1200E+02
 -10.810  0.4312E-26  0.1200E+02
 -10.800  0.3095E-26  0.1200E+02
 -10.790  0.2220E-26  0.1200E+02
 -10.780  0.1590E-26  0.1200E+02
 -10.770  0.1138E-26  0.1200E+02
 -10.760  0.8143E-27  0.1200E+02
 -10.750  0.5819E-27  0.1200E+02
 -10.740  0.4155E-27  0.1200E+02
 -10.730  0.2964E-27  0.1200E+02
 -10.720  0.2113E-27  0.1200E+02
 -10.710  0.1505E-27  0.1200E+02
 -10.700  0.1072E-27  0.1200E+02
 -10.690  0.7628E-28  0.1200E+02
 -10.680  0.5432E-28  0.1200E+02
 -10.670  0.3874E-28  0.1200E+02
 -10.660  0.2774E-28  0.1200E+02
 -10.650  0.2004E-28  0.1200E+02
 -10.640  0.1473E-28  0.1200E+02
 -10.630  0.1119E-28  0.1200E+02
 -10.620  0.8986E-29  0.1200E+02
 -10.610  0.7859E-29  0.1200E+02
 -10.600  0.7666E-29  0.1200E+02
 -10.590  0.8375E-29  0.1200E+02
 -10.580  0.1005E-28  0.1200E+02
 -10.570  0.1288E-28  0.1200E+02
 -10.560  0.1717E-28  0.1200E+02
 -10.550  0.2337E-28  0.1200E+02
 -10.540  0.3217E-28  0.1200E+02
 -10.530  0.4452E-28  0.1200E+02
 -10.520  0.6174E-28  0.1200E+02
 -10.510  0.8568E-28  0.1200E+02
 -10.500  0.1189E-27  0.1200E+02
 -10.490  0.1649E-27  0.1200E+02
 -10.480  0.2286E-27  0.1200E+02
 -10.470  0.3166E-27  0.1200E+02
 -10.460  0.4382E-27  0.1200E+02
 -10.450  0.6059E-27  0.1200E+02
 -10.440  0.8370E-27  0.1200E+02
 -10.430  0.1155E-26  0.1200E+02
 -10.420  0.1593E-26  0.1200E+02
 -10.410  0.2195E-26  0.1200E+02
 -10.400  0.3022E-26  0.1200E+02
 -10.390  0.4157E-26  0.1200E+02
 -10.380  0.5712E-26  0.1200E+02
 -10.370  0.7843E-26  0.1200E+02
 -10.360  0.1076E-25  0.1200E+02
 -10.350  0.1475E-25  0.1200E+02
 -10.340  0.2019E-25  0.1200E+02
 -10.330  0.2763E-25  0.1200E+02
 -10.320  0.3777E-25  0.1200E+02
 -10.310  0.5158E-25  0.1200E+02
 -10.300  0.7039E-25  0.1200E+02
 -10.290  0.9597E-25  0.1200E+02
 -10.280  0.1307E-24  0.1200E+02
 -10.270  0.1779E-24  0.1200E+02
 -10.260  0.2419E-24  0.1200E+02
 -10.250  0.3287E-24  0.1200E+02
 -10.240  0.4461E-24  0.1200E+02
 -10.230  0.6050E-24  0.1200E+02
 -10.220  0.8198E-24  0.1200E+02
 -10.210  0.1110E-23  0.1200E+02
 -10.200  0.1501E-23  0.1200E+02
 -10.190  0.2029E-23  0.1200E+02
 -10.180  0.2739E-23  0.1200E+02
 -10.170  0.3695E-23  0.1200E+02
 -10.160  0.4980E-23  0.1200E+02
 -10.150  0.6707E-23  0.1200E+02
 -10.140  0.9023E-23  0.1200E+02
 -10.130  0.1213E-22  0.1200E+02
 -10.120  0.1629E-22  0.1200E+02
 -10.110  0.2186E-22  0.1200E+02
 -10.100  0.2931E-22  0.1200E+02
 -10.090  0.3926E-22  0.1200E+02
 -10.080  0.5255E-22  0.1200E+02
 -10.070  0.7026E-22  0.1200E+02
 -10.060  0.9387E-22  0.1200E+02
 -10.050  0.1253E-21  0.1200E+02
 -10.040  0.1671E-21  0.1200E+02
 -10.030  0.2227E-21  0.1200E+02
 -10.020  0.2964E-21  0.1200E+02
 -10.010  0.3943E-21  0.1200E+02
 -10.000  0.5240E-21  0.1200E+02
  -9.990  0.6957E-21  0.1200E+02
  -9.980  0.9230E-21  0.1200E+02
  -9.970  0.1223E-20  0.1200E+02
  -9.960  0.1620E-20  0.1200E+02
  -9.950  0.2143E-20  0.1200E+02
  -9.940  0.2833E-20  0.1200E+02
  -9.930  0.3742E-20  0.1200E+02
  -9.920  0.4938E-20  0.1200E+02
  -9.910  0.6511E-20  0.1200E+02
  -9.900  0.8577E-20  0.1200E+02
  -9.890  0.1129E-19  0.1200E+02
  -9.880  0.1484E-19  0.1200E+02
  -9.870  0.1950E-19  0.1200E+02
  -9.860  0.2560E-19  0.1200E+02
  -9.850  0.3357E-19  0.1200E+02
  -9.840  0.4399E-19  0.1200E+02
  -9.830  0.5759E-19  0.1200E+02
  -9.820  0.7533E-19  0.1200E+02
  -9.810  0.9844E-19  0.1200E+02
  -9.800  0.1285E-18  0.1200E+02
  -9.790  0.1677E-18  0.1200E+02
  -9.780  0.2186E-18  0.1200E+02
  -9.770  0.2846E-18  0.1200E+02
  -9.760  0.3703E-18  0.1200E+02
  -9.750  0.4814E-18  0.1200E+02
  -9.740  0.6253E-18  0.1200E+02
  -9.730  0.8114E-18  0.1200E+02
  -9.720  0.1052E-17  0.1200E+02
  -9.710  0.1363E-17  0.1200E+02
  -9.700  0.1764E-17  0.1200E+02
  -9.690  0.2281E-17  0.1200E+02
  -9.680  0.2947E-17  0.1200E+02
  -9.670  0.3804E-17  0.1200E+02
  -9.660  0.4906E-17  0.1200E+02
  -9.650  0.6322E-17  0.1200E+02
  -9.640  0.8139E-17  0.1200E+02
  -9.630  0.1047E-16  0.1200E+02
  -9.620  0.1345E-16  0.1200E+02
  -9.610  0.1728E-16  0.1200E+02
  -9.600  0.2216E-16  0.1200E+02
  -9.590  0.2841E-16  0.1200E+02
  -9.580  0.3638E-16  0.1200E+02
  -9.570  0.4655E-16  0.1200E+02
  -9.560  0.5951E-16  0.1200E+02
  -9.550  0.7600E-16  0.1200E+02
  -9.540  0.9699E-16  0.1200E+02
  -9.530  0.1237E-15  0.1200E+02
  -9.520  0.1575E-15  0.1200E+02
  -9.510  0.2005E-15  0.1200E+02
  -9.500  0.2550E-15  0.1200E+02
  -9.490  0.3239E-15  0.1200E+02
  -9.480  0.4112E-15  0.1200E+02
  -9.470  0.5215E-15  0.1200E+02
  -9.460  0.6609E-15  0.1200E+02
  -9.450  0.8367E-15  0.1200E+02
  -9.440  0.1058E-14  0.1200E+02
  -9.430  0.1338E-14  0.1200E+02
  -9.420  0.1689E-14  0.1200E+02
  -9.410  0.2131E-14  0.1200E+02
  -9.400  0.2686E-14  0.1200E+02
  -9.390  0.3383E-14  0.1200E+02
  -9.380  0.4256E-14  0.1200E+02
  -9.370  0.5351E-14  0.1200E+02
  -9.360  0.6721E-14  0.1200E+02
  -9.350  0.8434E-14  0.1200E+02
  -9.340  0.1057E-13  0.1200E+02
  -9.330  0.1325E-13  0.1200E+02
  -9.320  0.1658E-13  0.1200E+02
  -9.310  0.2074E-13  0.1200E+02
  -9.300  0.2591E-13  0.1200E+02
  -9.290  0.3234E-13  0.1200E+02
  -9.280  0.4034E-13  0.1200E+02
  -9.270  0.5027E-13  0.1200E+02
  -9.260  0.6258E-13  0.1200E+02
  -9.250  0.7785E-13  0.1200E+02
  -9.240  0.9676E-13  0.1200E+02
  -9.230  0.1201E-12  0.1200E+02
  -9.220  0.1491E-12  0.1200E+02
  -9.210  0.1848E-12  0.1200E+02
  -9.200  0.2288E-12  0.1200E+02
  -9.190  0.2832E-12  0.1200E+02
  -9.180  0.3501E-12  0.1200E+02
  -9.170  0.4324E-12  0.1200E+02
  -9.160  0.5337E-12  0.1200E+02
  -9.150  0.6580E-12  0.1200E+02
  -9.140  0.8107E-12  0.1200E+02
  -9.130  0.9978E-12  0.1200E+02
  -9.120  0.1227E-11  0.1200E+02
  -9.110  0.1508E-11  0.1200E+02
  -9.100  0.1851E-11  0.1200E+02
  -9.090  0.2270E-11  0.1200E+02
  -9.080  0.2782E-11  0.1200E+02
  -9.070  0.3407E-11  0.1200E+02
  -9.060  0.4167E-11  0.1200E+02
  -9.050  0.5094E-11  0.1200E+02
  -9.040  0.6220E-11  0.1200E+02
  -9.030  0.7589E-11  0.1200E+02
  -9.020  0.9252E-11  0.1200E+02
  -9.010  0.1127E-10  0.1200E+02
  -9.000  0.1371E-10  0.1200E+02
  -8.990  0.1667E-10  0.1200E+02
  -8.980  0.2025E-10  0.1200E+02
  -8.970  0.2458E-10  0.1200E+02
  -8.960  0.2981E-10  0.1200E+02
  -8.950  0.3611E-10  0.1200E+02
  -8.940  0.4371E-10  0.1200E+02
  -8.930  0.5287E-10  0.1200E+02
  -8.920  0.6388E-10  0.1200E+02
  -8.910  0.7713E-10  0.1200E+02
  -8.900  0.9303E-10  0.1200E+02
  -8.890  0.1121E-09  0.1200E+02
  -8.880  0.1350E-09  0.1200E+02
  -8.870  0.1624E-09  0.1200E+02
  -8.860  0.1952E-09  0.1200E+02
  -8.850  0.2345E-09  0.1200E+02
  -8.840  0.2814E-09  0.1200E+02
  -8.830  0.3373E-09  0.1200E+02
  -8.820  0.4040E-09  0.1200E+02
  -8.810  0.4836E-09  0.1200E+02
  -8.800  0.5782E-09  0.1200E+02
  -8.790  0.6908E-09  0.1200E+02
  -8.780  0.8245E-09  0.1200E+02
  -8.770  0.9833E-09  0.1200E+02
  -8.760  0.1172E-08  0.1200E+02
  -8.750  0.1395E-08  0.1200E+02
  -8.740  0.1659E-08  0.1200E+02
  -8.730  0.1972E-08  0.1200E+02
  -8.720  0.2341E-08  0.1200E+02
  -8.710  0.2777E-08  0.1200E+02
  -8.700  0.3292E-08  0.1200E+02
  -8.690  0.3899E-08  0.1200E+02
  -8.680  0.4613E-08  0.1200E+02
  -8.670  0.5454E-08  0.1200E+02
  -8.660  0.6442E-08  0.1200E+02
  -8.650  0.7602E-08  0.1200E+02
  -8.640  0.8964E-08  0.1200E+02
  -8.630  0.1056E-07  0.1200E+02
  -8.620  0.1243E-07  0.1200E+02
  -8.610  0.1462E-07  0.1200E+02
  -8.600  0.1718E-07  0.1200E+02
  -8.590  0.2016E-07  0.1200E+02
  -8.580  0.2365E-07  0.1200E+02
  -8.570  0.2772E-07  0.1200E+02
  -8.560  0.3246E-07  0.1200E+02
  -8.550  0.3797E-07  0.1200E+02
  -8.540  0.4438E-07  0.1200E+02
  -8.530  0.5183E-07  0.1200E+02
  -8.520  0.6048E-07  0.1200E+02
  -8.510  0.7051E-07  0.1200E+02
  -8.500  0.8214E-07  0.1200E+02
  -8.490  0.9559E-07  0.1200E+02
  -8.480  0.1112E-06  0.1200E+02
  -8.470  0.1291E-06  0.1200E+02
  -8.460  0.1499E-06  0.1200E+02
  -8.450  0.1739E-06  0.1200E+02
  -8.440  0.2015E-06  0.1200E+02
  -8.430  0.2333E-06  0.1200E+02
  -8.420  0.2698E-06  0.1200E+02
  -8.410  0.3119E-06  0.1200E+02
  -8.400  0.3602E-06  0.1200E+02
  -8.390  0.4156E-06  0.1200E+02
  -8.380  0.4791E-06  0.1200E+02
  -8.370  0.5518E-06  0.1200E+02
  -8.360  0.6351E-06  0.1200E+02
  -8.350  0.7302E-06  0.1200E+02
  -8.340  0.8389E-06  0.1200E+02
  -8.330  0.9630E-06  0.1200E+02
  -8.320  0.1104E-05  0.1200E+02
  -8.310  0.1266E-05  0.1200E+02
  -8.300  0.1449E-05  0.1200E+02
  -8.290  0.1658E-05  0.1200E+02
  -8.280  0.1895E-05  0.1200E+02
  -8.270  0.2164E-05  0.1200E+02
  -8.260  0.2469E-05  0.1200E+02
  -8.250  0.2815E-05  0.1200E+02
  -8.240  0.3206E-05  0.1200E+02
  -8.230  0.3649E-05  0.1200E+02
  -8.220  0.4149E-05  0.1200E+02
  -8.210  0.4715E-05  0.1200E+02
  -8.200  0.5352E-05  0.1200E+02
  -8.190  0.6071E-05  0.1200E+02
  -8.180  0.6880E-05  0.1200E+02
  -8.170  0.7791E-05  0.1200E+02
  -8.160  0.8815E-05  0.1200E+02
  -8.150  0.9965E-05  0.1200E+02
  -8.140  0.1126E-04  0.1200E+02
  -8.130  0.1270E-04  0.1200E+02
  -8.120  0.1432E-04  0.1200E+02
  -8.110  0.1614E-04  0.1200E+02
  -8.100  0.1817E-04  0.1200E+02
  -8.090  0.2044E-04  0.1200E+02
  -8.080  0.2297E-04  0.1200E+02
  -8.070  0.2579E-04  0.1200E+02
  -8.060  0.2894E-04  0.1200E+02
  -8.050  0.3244E-04  0.1200E+02
  -8.040  0.3634E-04  0.1200E+02
  -8.030  0.4067E-04  0.1200E+02
  -8.020  0.4549E-04  0.1200E+02
  -8.010  0.5083E-04  0.1200E+02
  -8.000  0.5675E-04  0.1200E+02
  -7.990  0.6331E-04  0.1200E+02
  -7.980  0.7057E-04  0.1200E+02
  -7.970  0.7861E-04  0.1200E+02
  -7.960  0.8748E-04  0.1200E+02
  -7.950  0.9728E-04  0.1200E+02
  -7.940  0.1081E-03  0.1200E+02
  -7.930  0.1200E-03  0.1200E+02
  -7.920  0.1331E-03  0.1200E+02
  -7.910  0.1476E-03  0.1200E+02
  -7.900  0.1634E-03  0.1200E+02
  -7.890  0.1809E-03  0.1200E+02
  -7.880  0.2000E-03  0.1200E+02
  -7.870  0.2210E-03  0.1200E+02
  -7.860  0.2440E-03  0.1200E+02
  -7.850  0.2692E-03  0.1200E+02
  -7.840  0.2968E-03  0.1200E+02
  -7.830  0.3269E-03  0.1200E+02
  -7.820  0.3598E-03  0.1200E+02
  -7.810  0.3958E-03  0.1200E+02
  -7.800  0.4349E-03  0.1200E+02
  -7.790  0.4776E-03  0.1200E+02
  -7.780  0.5241E-03  0.1200E+02
  -7.770  0.5747E-03  0.1200E+02
  -7.760  0.6297E-03  0.1200E+02
  -7.750  0.6895E-03  0.1200E+02
  -7.740  0.7543E-03  0.1200E+02
  -7.730  0.8247E-03  0.1200E+02
  -7.720  0.9009E-03  0.1200E+02
  -7.710  0.9835E-03  0.1200E+02
  -7.700  0.1073E-02  0.1200E+02
  -7.690  0.1170E-02  0.1200E+02
  -7.680  0.1274E-02  0.1200E+02
  -7.670  0.1387E-02  0.1200E+02
  -7.660  0.1509E-02  0.1200E+02
  -7.650  0.1640E-02  0.1200E+02
  -7.640  0.1781E-02  0.1200E+02
  -7.630  0.1934E-02  0.1200E+02
  -7.620  0.2097E-02  0.1200E+02
  -7.610  0.2274E-02  0.1200E+02
  -7.600  0.2463E-02  0.1200E+02
  -7.590  0.2666E-02  0.1200E+02
  -7.580  0.2885E-02  0.1200E+02
  -7.570  0.3118E-02  0.1200E+02
  -7.560  0.3369E-02  0.1200E+02
  -7.550  0.3638E-02  0.1200E+02
  -7.540  0.3925E-02  0.1200E+02
  -7.530  0.4232E-02  0.1200E+02
  -7.520  0.4561E-02  0.1200E+02
  -7.510  0.4912E-02  0.1200E+02
  -7.500  0.5287E-02  0.1200E+02
  -7.490  0.5686E-02  0.1200E+02
  -7.480  0.6112E-02  0.1200E+02
  -7.470  0.6567E-02  0.1200E+02
  -7.460  0.7050E-02  0.1200E+02
  -7.450  0.7565E-02  0.1200E+02
  -7.440  0.8113E-02  0.1200E+02
  -7.430  0.8695E-02  0.1200E+02
  -7.420  0.9313E-02  0.1200E+02
  -7.410  0.9970E-02  0.1200E+02
  -7.400  0.1067E-01  0.1200E+02
  -7.390  0.1141E-01  0.1200E+02
  -7.380  0.1219E-01  0.1200E+02
  -7.370  0.1302E-01  0.1200E+02
  -7.360  0.1390E-01  0.1200E+02
  -7.350  0.1483E-01  0.1200E+02
  -7.340  0.1582E-01  0.1200E+02
  -7.330  0.1686E-01  0.1200E+02
  -7.320  0.1796E-01  0.1200E+02
  -7.310  0.1912E-01  0.1200E+02
  -7.300  0.2035E-01  0.1200E+02
  -7.290  0.2164E-01  0.1200E+02
  -7.280  0.2301E-01  0.1200E+02
  -7.270  0.2445E-01  0.1200E+02
  -7.260  0.2597E-01  0.1200E+02
  -7.250  0.2756E-01  0.1200E+02
  -7.240  0.2925E-01  0.1200E+02
  -7.230  0.3102E-01  0.1200E+02
  -7.220  0.3288E-01  0.1201E+02
  -7.210  0.3484E-01  0.1201E+02
  -7.200  0.3689E-01  0.1201E+02
  -7.190  0.3905E-01  0.1201E+02
  -7.180  0.4132E-01  0.1201E+02
  -7.170  0.4370E-01  0.1201E+02
  -7.160  0.4619E-01  0.1201E+02
  -7.150  0.4881E-01  0.1201E+02
  -7.140  0.5155E-01  0.1201E+02
  -7.130  0.5442E-01  0.1201E+02
  -7.120  0.5742E-01  0.1201E+02
  -7.110  0.6056E-01  0.1201E+02
  -7.100  0.6385E-01  0.1201E+02
  -7.090  0.6729E-01  0.1201E+02
  -7.080  0.7088E-01  0.1201E+02
  -7.070  0.7463E-01  0.1201E+02
  -7.060  0.7855E-01  0.1201E+02
  -7.050  0.8264E-01  0.1201E+02
  -7.040  0.8690E-01  0.1202E+02
  -7.030  0.9134E-01  0.1202E+02
  -7.020  0.9597E-01  0.1202E+02
  -7.010  0.1008E+00  0.1202E+02
  -7.000  0.1058E+00  0.1202E+02
  -6.990  0.1110E+00  0.1202E+02
  -6.980  0.1165E+00  0.1202E+02
  -6.970  0.1221E+00  0.1202E+02
  -6.960  0.1280E+00  0.1202E+02
  -6.950  0.1341E+00  0.1203E+02
  -6.940  0.1404E+00  0.1203E+02
  -6.930  0.1470E+00  0.1203E+02
  -6.920  0.1538E+00  0.1203E+02
  -6.910  0.1608E+00  0.1203E+02
  -6.900  0.1681E+00  0.1203E+02
  -6.890  0.1757E+00  0.1204E+02
  -6.880  0.1835E+00  0.1204E+02
  -6.870  0.1916E+00  0.1204E+02
  -6.860  0.2000E+00  0.1204E+02
  -6.850  0.2087E+00  0.1204E+02
  -6.840  0.2176E+00  0.1205E+02
  -6.830  0.2268E+00  0.1205E+02
  -6.820  0.2364E+00  0.1205E+02
  -6.810  0.2462E+00  0.1205E+02
  -6.800  0.2563E+00  0.1205E+02
  -6.790  0.2667E+00  0.1206E+02
  -6.780  0.2775E+00  0.1206E+02
  -6.770  0.2885E+00  0.1206E+02
  -6.760  0.2999E+00  0.1207E+02
  -6.750  0.3116E+00  0.1207E+02
  -6.740  0.3236E+00  0.1207E+02
  -6.730  0.3359E+00  0.1208E+02
  -6.720  0.3486E+00  0.1208E+02
  -6.710  0.3616E+00  0.1208E+02
  -6.700  0.3749E+00  0.1209E+02
  -6.690  0.3886E+00  0.1209E+02
  -6.680  0.4026E+00  0.1209E+02
  -6.670  0.4169E+00  0.1210E+02
  -6.660  0.4316E+00  0.1210E+02
  -6.650  0.4466E+00  0.1211E+02
  -6.640  0.4620E+00  0.1211E+02
  -6.630  0.4777E+00  0.1212E+02
  -6.620  0.4937E+00  0.1212E+02
  -6.610  0.5101E+00  0.1213E+02
  -6.600  0.5268E+00  0.1213E+02
  -6.590  0.5438E+00  0.1214E+02
  -6.580  0.5612E+00  0.1214E+02
  -6.570  0.5789E+00  0.1215E+02
  -6.560  0.5969E+00  0.1216E+02
  -6.550  0.6153E+00  0.1216E+02
  -6.540  0.6339E+00  0.1217E+02
  -6.530  0.6529E+00  0.1217E+02
  -6.520  0.6723E+00  0.1218E+02
  -6.510  0.6919E+00  0.1219E+02
  -6.500  0.7118E+00  0.1219E+02
  -6.490  0.7321E+00  0.1220E+02
  -6.480  0.7527E+00  0.1221E+02
  -6.470  0.7735E+00  0.1222E+02
  -6.460  0.7946E+00  0.1223E+02
  -6.450  0.8161E+00  0.1223E+02
  -6.440  0.8378E+00  0.1224E+02
  -6.430  0.8597E+00  0.1225E+02
  -6.420  0.8819E+00  0.1226E+02
  -6.410  0.9044E+00  0.1227E+02
  -6.400  0.9271E+00  0.1228E+02
  -6.390  0.9501E+00  0.1229E+02
  -6.380  0.9733E+00  0.1230E+02
  -6.370  0.9967E+00  0.1231E+02
  -6.360  0.1020E+01  0.1232E+02
  -6.350  0.1044E+01  0.1233E+02
  -6.340  0.1068E+01  0.1234E+02
  -6.330  0.1092E+01  0.1235E+02
  -6.320  0.1117E+01  0.1236E+02
  -6.310  0.1141E+01  0.1237E+02
  -6.300  0.1166E+01  0.1238E+02
  -6.290  0.1190E+01  0.1240E+02
  -6.280  0.1215E+01  0.1241E+02
  -6.270  0.1240E+01  0.1242E+02
  -6.260  0.1265E+01  0.1243E+02
  -6.250  0.1290E+01  0.1245E+02
  -6.240  0.1315E+01  0.1246E+02
  -6.230  0.1340E+01  0.1247E+02
  -6.220  0.1364E+01  0.1249E+02
  -6.210  0.1389E+01  0.1250E+02
  -6.200  0.1414E+01  0.1251E+02
  -6.190  0.1439E+01  0.1253E+02
  -6.180  0.1463E+01  0.1254E+02
  -6.170  0.1488E+01  0.1256E+02
  -6.160  0.1512E+01  0.1257E+02
  -6.150  0.1536E+01  0.1259E+02
  -6.140  0.1560E+01  0.1260E+02
  -6.130  0.1584E+01  0.1262E+02
  -6.120  0.1607E+01  0.1264E+02
  -6.110  0.1630E+01  0.1265E+02
  -6.100  0.1652E+01  0.1267E+02
  -6.090  0.1675E+01  0.1268E+02
  -6.080  0.1696E+01  0.1270E+02
  -6.070  0.1718E+01  0.1272E+02
  -6.060  0.1739E+01  0.1274E+02
  -6.050  0.1759E+01  0.1275E+02
  -6.040  0.1779E+01  0.1277E+02
  -6.030  0.1798E+01  0.1279E+02
  -6.020  0.1817E+01  0.1281E+02
  -6.010  0.1835E+01  0.1283E+02
  -6.000  0.1852E+01  0.1284E+02
  -5.990  0.1868E+01  0.1286E+02
  -5.980  0.1884E+01  0.1288E+02
  -5.970  0.1899E+01  0.1290E+02
  -5.960  0.1914E+01  0.1292E+02
  -5.950  0.1927E+01  0.1294E+02
  -5.940  0.1940E+01  0.1296E+02
  -5.930  0.1951E+01  0.1298E+02
  -5.920  0.1962E+01  0.1300E+02
  -5.910  0.1972E+01  0.1302E+02
  -5.900  0.1981E+01  0.1304E+02
  -5.890  0.1989E+01  0.1306E+02
  -5.880  0.1996E+01  0.1308E+02
  -5.870  0.2002E+01  0.1310E+02
  -5.860  0.2007E+01  0.1312E+02
  -5.850  0.2011E+01  0.1314E+02
  -5.840  0.2014E+01  0.1316E+02
  -5.830  0.2015E+01  0.1318E+02
  -5.820  0.2016E+01  0.1320E+02
  -5.810  0.2016E+01  0.1322E+02
  -5.800  0.2015E+01  0.1324E+02
  -5.790  0.2012E+01  0.1326E+02
  -5.780  0.2009E+01  0.1328E+02
  -5.770  0.2004E+01  0.1330E+02
  -5.760  0.1999E+01  0.1332E+02
  -5.750  0.1992E+01  0.1334E+02
  -5.740  0.1984E+01  0.1336E+02
  -5.730  0.1976E+01  0.1338E+02
  -5.720  0.1966E+01  0.1340E+02
  -5.710  0.1956E+01  0.1342E+02
  -5.700  0.1945E+01  0.1344E+02
  -5.690  0.1933E+01  0.1346E+02
  -5.680  0.1920E+01  0.1348E+02
  -5.670  0.1906E+01  0.1349E+02
  -5.660  0.1891E+01  0.1351E+02
  -5.650  0.1876E+01  0.1353E+02
  -5.640  0.1860E+01  0.1355E+02
  -5.630  0.1843E+01  0.1357E+02
  -5.620  0.1826E+01  0.1359E+02
  -5.610  0.1808E+01  0.1361E+02
  -5.600  0.1790E+01  0.1362E+02
  -5.590  0.1771E+01  0.1364E+02
  -5.580  0.1752E+01  0.1366E+02
  -5.570  0.1733E+01  0.1368E+02
  -5.560  0.1713E+01  0.1369E+02
  -5.550  0.1693E+01  0.1371E+02
  -5.540  0.1673E+01  0.1373E+02
  -5.530  0.1653E+01  0.1374E+02
  -5.520  0.1633E+01  0.1376E+02
  -5.510  0.1613E+01  0.1378E+02
  -5.500  0.1593E+01  0.1379E+02
  -5.490  0.1573E+01  0.1381E+02
  -5.480  0.1553E+01  0.1382E+02
  -5.470  0.1534E+01  0.1384E+02
  -5.460  0.1514E+01  0.1385E+02
  -5.450  0.1496E+01  0.1387E+02
  -5.440  0.1477E+01  0.1388E+02
  -5.430  0.1460E+01  0.1390E+02
  -5.420  0.1443E+01  0.1391E+02
  -5.410  0.1426E+01  0.1393E+02
  -5.400  0.1410E+01  0.1394E+02
  -5.390  0.1395E+01  0.1395E+02
  -5.380  0.1380E+01  0.1397E+02
  -5.370  0.1367E+01  0.1398E+02
  -5.360  0.1354E+01  0.1400E+02
  -5.350  0.1342E+01  0.1401E+02
  -5.340  0.1331E+01  0.1402E+02
  -5.330  0.1321E+01  0.1404E+02
  -5.320  0.1312E+01  0.1405E+02
  -5.310  0.1304E+01  0.1406E+02
  -5.300  0.1297E+01  0.1407E+02
  -5.290  0.1291E+01  0.1409E+02
  -5.280  0.1286E+01  0.1410E+02
  -5.270  0.1282E+01  0.1411E+02
  -5.260  0.1280E+01  0.1413E+02
  -5.250  0.1278E+01  0.1414E+02
  -5.240  0.1278E+01  0.1415E+02
  -5.230  0.1279E+01  0.1416E+02
  -5.220  0.1281E+01  0.1418E+02
  -5.210  0.1284E+01  0.1419E+02
  -5.200  0.1289E+01  0.1420E+02
  -5.190  0.1294E+01  0.1422E+02
  -5.180  0.1301E+01  0.1423E+02
  -5.170  0.1308E+01  0.1424E+02
  -5.160  0.1317E+01  0.1426E+02
  -5.150  0.1327E+01  0.1427E+02
  -5.140  0.1337E+01  0.1428E+02
  -5.130  0.1349E+01  0.1430E+02
  -5.120  0.1362E+01  0.1431E+02
  -5.110  0.1375E+01  0.1432E+02
  -5.100  0.1390E+01  0.1434E+02
  -5.090  0.1405E+01  0.1435E+02
  -5.080  0.1421E+01  0.1436E+02
  -5.070  0.1437E+01  0.1438E+02
  -5.060  0.1455E+01  0.1439E+02
  -5.050  0.1473E+01  0.1441E+02
  -5.040  0.1491E+01  0.1442E+02
  -5.030  0.1510E+01  0.1444E+02
  -5.020  0.1529E+01  0.1445E+02
  -5.010  0.1549E+01  0.1447E+02
  -5.000  0.1569E+01  0.1449E+02
  -4.990  0.1589E+01  0.1450E+02
  -4.980  0.1610E+01  0.1452E+02
  -4.970  0.1630E+01  0.1453E+02
  -4.960  0.1651E+01  0.1455E+02
  -4.950  0.1671E+01  0.1457E+02
  -4.940  0.1692E+01  0.1458E+02
  -4.930  0.1712E+01  0.1460E+02
  -4.920  0.1732E+01  0.1462E+02
  -4.910  0.1751E+01  0.1464E+02
  -4.900  0.1771E+01  0.1465E+02
  -4.890  0.1790E+01  0.1467E+02
  -4.880  0.1808E+01  0.1469E+02
  -4.870  0.1826E+01  0.1471E+02
  -4.860  0.1843E+01  0.1473E+02
  -4.850  0.1859E+01  0.1474E+02
  -4.840  0.1875E+01  0.1476E+02
  -4.830  0.1890E+01  0.1478E+02
  -4.820  0.1904E+01  0.1480E+02
  -4.810  0.1917E+01  0.1482E+02
  -4.800  0.1929E+01  0.1484E+02
  -4.790  0.1941E+01  0.1486E+02
  -4.780  0.1951E+01  0.1488E+02
  -4.770  0.1961E+01  0.1490E+02
  -4.760  0.1969E+01  0.1492E+02
  -4.750  0.1976E+01  0.1494E+02
  -4.740  0.1983E+01  0.1496E+02
  -4.730  0.1988E+01  0.1498E+02
  -4.720  0.1992E+01  0.1500E+02
  -4.710  0.1995E+01  0.1502E+02
  -4.700  0.1997E+01  0.1504E+02
  -4.690  0.1998E+01  0.1506E+02
  -4.680  0.1997E+01  0.1508E+02
  -4.670  0.1996E+01  0.1510E+02
  -4.660  0.1994E+01  0.1512E+02
  -4.650  0.1990E+01  0.1514E+02
  -4.640  0.1986E+01  0.1516E+02
  -4.630  0.1981E+01  0.1518E+02
  -4.620  0.1974E+01  0.1520E+02
  -4.610  0.1967E+01  0.1522E+02
  -4.600  0.1959E+01  0.1524E+02
  -4.590  0.1951E+01  0.1525E+02
  -4.580  0.1941E+01  0.1527E+02
  -4.570  0.1931E+01  0.1529E+02
  -4.560  0.1920E+01  0.1531E+02
  -4.550  0.1908E+01  0.1533E+02
  -4.540  0.1896E+01  0.1535E+02
  -4.530  0.1884E+01  0.1537E+02
  -4.520  0.1871E+01  0.1539E+02
  -4.510  0.1858E+01  0.1541E+02
  -4.500  0.1844E+01  0.1543E+02
  -4.490  0.1830E+01  0.1544E+02
  -4.480  0.1816E+01  0.1546E+02
  -4.470  0.1802E+01  0.1548E+02
  -4.460  0.1788E+01  0.1550E+02
  -4.450  0.1774E+01  0.1552E+02
  -4.440  0.1760E+01  0.1553E+02
  -4.430  0.1746E+01  0.1555E+02
  -4.420  0.1732E+01  0.1557E+02
  -4.410  0.1719E+01  0.1559E+02
  -4.400  0.1706E+01  0.1560E+02
  -4.390  0.1693E+01  0.1562E+02
  -4.380  0.1681E+01  0.1564E+02
  -4.370  0.1669E+01  0.1565E+02
  -4.360  0.1658E+01  0.1567E+02
  -4.350  0.1647E+01  0.1569E+02
  -4.340  0.1637E+01  0.1570E+02
  -4.330  0.1628E+01  0.1572E+02
  -4.320  0.1619E+01  0.1573E+02
  -4.310  0.1611E+01  0.1575E+02
  -4.300  0.1604E+01  0.1577E+02
  -4.290  0.1597E+01  0.1578E+02
  -4.280  0.1592E+01  0.1580E+02
  -4.270  0.1587E+01  0.1581E+02
  -4.260  0.1583E+01  0.1583E+02
  -4.250  0.1580E+01  0.1585E+02
  -4.240  0.1578E+01  0.1586E+02
  -4.230  0.1576E+01  0.1588E+02
  -4.220  0.1576E+01  0.1589E+02
  -4.210  0.1576E+01  0.1591E+02
  -4.200  0.1577E+01  0.1592E+02
  -4.190  0.1580E+01  0.1594E+02
  -4.180  0.1583E+01  0.1596E+02
  -4.170  0.1586E+01  0.1597E+02
  -4.160  0.1591E+01  0.1599E+02
  -4.150  0.1597E+01  0.1600E+02
  -4.140  0.1603E+01  0.1602E+02
  -4.130  0.1610E+01  0.1604E+02
  -4.120  0.1617E+01  0.1605E+02
  -4.110  0.1626E+01  0.1607E+02
  -4.100  0.1635E+01  0.1609E+02
  -4.090  0.1645E+01  0.1610E+02
  -4.080  0.1655E+01  0.1612E+02
  -4.070  0.1666E+01  0.1613E+02
  -4.060  0.1677E+01  0.1615E+02
  -4.050  0.1689E+01  0.1617E+02
  -4.040  0.1701E+01  0.1619E+02
  -4.030  0.1714E+01  0.1620E+02
  -4.020  0.1727E+01  0.1622E+02
  -4.010  0.1740E+01  0.1624E+02
  -4.000  0.1753E+01  0.1625E+02
  -3.990  0.1767E+01  0.1627E+02
  -3.980  0.1781E+01  0.1629E+02
  -3.970  0.1795E+01  0.1631E+02
  -3.960  0.1810E+01  0.1633E+02
  -3.950  0.1824E+01  0.1634E+02
  -3.940  0.1838E+01  0.1636E+02
  -3.930  0.1853E+01  0.1638E+02
  -3.920  0.1867E+01  0.1640E+02
  -3.910  0.1881E+01  0.1642E+02
  -3.900  0.1895E+01  0.1644E+02
  -3.890  0.1909E+01  0.1646E+02
  -3.880  0.1923E+01  0.1648E+02
  -3.870  0.1937E+01  0.1650E+02
  -3.860  0.1951E+01  0.1652E+02
  -3.850  0.1964E+01  0.1653E+02
  -3.840  0.1977E+01  0.1655E+02
  -3.830  0.1990E+01  0.1657E+02
  -3.820  0.2003E+01  0.1659E+02
  -3.810  0.2016E+01  0.1661E+02
  -3.800  0.2028E+01  0.1663E+02
  -3.790  0.2040E+01  0.1666E+02
  -3.780  0.2052E+01  0.1668E+02
  -3.770  0.2063E+01  0.1670E+02
  -3.760  0.2075E+01  0.1672E+02
  -3.750  0.2086E+01  0.1674E+02
  -3.740  0.2097E+01  0.1676E+02
  -3.730  0.2108E+01  0.1678E+02
  -3.720  0.2119E+01  0.1680E+02
  -3.710  0.2129E+01  0.1682E+02
  -3.700  0.2140E+01  0.1684E+02
  -3.690  0.2151E+01  0.1687E+02
  -3.680  0.2161E+01  0.1689E+02
  -3.670  0.2172E+01  0.1691E+02
  -3.660  0.2182E+01  0.1693E+02
  -3.650  0.2193E+01  0.1695E+02
  -3.640  0.2204E+01  0.1697E+02
  -3.630  0.2215E+01  0.1700E+02
  -3.620  0.2227E+01  0.1702E+02
  -3.610  0.2239E+01  0.1704E+02
  -3.600  0.2251E+01  0.1706E+02
  -3.590  0.2264E+01  0.1709E+02
  -3.580  0.2277E+01  0.1711E+02
  -3.570  0.2290E+01  0.1713E+02
  -3.560  0.2305E+01  0.1716E+02
  -3.550  0.2319E+01  0.1718E+02
  -3.540  0.2335E+01  0.1720E+02
  -3.530  0.2351E+01  0.1723E+02
  -3.520  0.2368E+01  0.1725E+02
  -3.510  0.2386E+01  0.1727E+02
  -3.500  0.2405E+01  0.1730E+02
  -3.490  0.2425E+01  0.1732E+02
  -3.480  0.2446E+01  0.1735E+02
  -3.470  0.2468E+01  0.1737E+02
  -3.460  0.2491E+01  0.1740E+02
  -3.450  0.2516E+01  0.1742E+02
  -3.440  0.2541E+01  0.1745E+02
  -3.430  0.2568E+01  0.1747E+02
  -3.420  0.2596E+01  0.1750E+02
  -3.410  0.2626E+01  0.1752E+02
  -3.400  0.2656E+01  0.1755E+02
  -3.390  0.2688E+01  0.1758E+02
  -3.380  0.2722E+01  0.1760E+02
  -3.370  0.2757E+01  0.1763E+02
  -3.360  0.2793E+01  0.1766E+02
  -3.350  0.2831E+01  0.1769E+02
  -3.340  0.2871E+01  0.1772E+02
  -3.330  0.2912E+01  0.1775E+02
  -3.320  0.2954E+01  0.1778E+02
  -3.310  0.2997E+01  0.1781E+02
  -3.300  0.3043E+01  0.1784E+02
  -3.290  0.3089E+01  0.1787E+02
  -3.280  0.3137E+01  0.1790E+02
  -3.270  0.3187E+01  0.1793E+02
  -3.260  0.3237E+01  0.1796E+02
  -3.250  0.3289E+01  0.1800E+02
  -3.240  0.3342E+01  0.1803E+02
  -3.230  0.3397E+01  0.1806E+02
  -3.220  0.3452E+01  0.1810E+02
  -3.210  0.3509E+01  0.1813E+02
  -3.200  0.3567E+01  0.1817E+02
  -3.190  0.3626E+01  0.1820E+02
  -3.180  0.3685E+01  0.1824E+02
  -3.170  0.3746E+01  0.1828E+02
  -3.160  0.3807E+01  0.1832E+02
  -3.150  0.3869E+01  0.1836E+02
  -3.140  0.3931E+01  0.1839E+02
  -3.130  0.3994E+01  0.1843E+02
  -3.120  0.4058E+01  0.1848E+02
  -3.110  0.4121E+01  0.1852E+02
  -3.100  0.4185E+01  0.1856E+02
  -3.090  0.4249E+01  0.1860E+02
  -3.080  0.4313E+01  0.1864E+02
  -3.070  0.4377E+01  0.1869E+02
  -3.060  0.4441E+01  0.1873E+02
  -3.050  0.4504E+01  0.1878E+02
  -3.040  0.4567E+01  0.1882E+02
  -3.030  0.4630E+01  0.1887E+02
  -3.020  0.4692E+01  0.1892E+02
  -3.010  0.4753E+01  0.1896E+02
  -3.000  0.4813E+01  0.1901E+02
  -2.990  0.4873E+01  0.1906E+02
  -2.980  0.4931E+01  0.1911E+02
  -2.970  0.4988E+01  0.1916E+02
  -2.960  0.5044E+01  0.1921E+02
  -2.950  0.5099E+01  0.1926E+02
  -2.940  0.5152E+01  0.1931E+02
  -2.930  0.5204E+01  0.1936E+02
  -2.920  0.5254E+01  0.1942E+02
  -2.910  0.5303E+01  0.1947E+02
  -2.900  0.5349E+01  0.1952E+02
  -2.890  0.5394E+01  0.1958E+02
  -2.880  0.5437E+01  0.1963E+02
  -2.870  0.5478E+01  0.1969E+02
  -2.860  0.5517E+01  0.1974E+02
  -2.850  0.5553E+01  0.1980E+02
  -2.840  0.5588E+01  0.1985E+02
  -2.830  0.5620E+01  0.1991E+02
  -2.820  0.5650E+01  0.1997E+02
  -2.810  0.5678E+01  0.2002E+02
  -2.800  0.5703E+01  0.2008E+02
  -2.790  0.5725E+01  0.2014E+02
  -2.780  0.5746E+01  0.2019E+02
  -2.770  0.5763E+01  0.2025E+02
  -2.760  0.5779E+01  0.2031E+02
  -2.750  0.5791E+01  0.2037E+02
  -2.740  0.5801E+01  0.2043E+02
  -2.730  0.5809E+01  0.2048E+02
  -2.720  0.5814E+01  0.2054E+02
  -2.710  0.5816E+01  0.2060E+02
  -2.700  0.5816E+01  0.2066E+02
  -2.690  0.5813E+01  0.2072E+02
  -2.680  0.5808E+01  0.2077E+02
  -2.670  0.5800E+01  0.2083E+02
  -2.660  0.5789E+01  0.2089E+02
  -2.650  0.5776E+01  0.2095E+02
  -2.640  0.5760E+01  0.2101E+02
  -2.630  0.5742E+01  0.2106E+02
  -2.620  0.5722E+01  0.2112E+02
  -2.610  0.5699E+01  0.2118E+02
  -2.600  0.5674E+01  0.2123E+02
  -2.590  0.5646E+01  0.2129E+02
  -2.580  0.5616E+01  0.2135E+02
  -2.570  0.5584E+01  0.2140E+02
  -2.560  0.5549E+01  0.2146E+02
  -2.550  0.5512E+01  0.2151E+02
  -2.540  0.5474E+01  0.2157E+02
  -2.530  0.5433E+01  0.2162E+02
  -2.520  0.5390E+01  0.2168E+02
  -2.510  0.5345E+01  0.2173E+02
  -2.500  0.5298E+01  0.2178E+02
  -2.490  0.5250E+01  0.2184E+02
  -2.480  0.5199E+01  0.2189E+02
  -2.470  0.5147E+01  0.2194E+02
  -2.460  0.5093E+01  0.2199E+02
  -2.450  0.5037E+01  0.2204E+02
  -2.440  0.4980E+01  0.2209E+02
  -2.430  0.4922E+01  0.2214E+02
  -2.420  0.4862E+01  0.2219E+02
  -2.410  0.4800E+01  0.2224E+02
  -2.400  0.4737E+01  0.2228E+02
  -2.390  0.4673E+01  0.2233E+02
  -2.380  0.4608E+01  0.2238E+02
  -2.370  0.4542E+01  0.2242E+02
  -2.360  0.4474E+01  0.2247E+02
  -2.350  0.4406E+01  0.2251E+02
  -2.340  0.4337E+01  0.2255E+02
  -2.330  0.4267E+01  0.2260E+02
  -2.320  0.4196E+01  0.2264E+02
  -2.310  0.4124E+01  0.2268E+02
  -2.300  0.4052E+01  0.2272E+02
  -2.290  0.3979E+01  0.2276E+02
  -2.280  0.3905E+01  0.2280E+02
  -2.270  0.3831E+01  0.2284E+02
  -2.260  0.3757E+01  0.2287E+02
  -2.250  0.3682E+01  0.2291E+02
  -2.240  0.3608E+01  0.2295E+02
  -2.230  0.3533E+01  0.2298E+02
  -2.220  0.3457E+01  0.2302E+02
  -2.210  0.3382E+01  0.2305E+02
  -2.200  0.3307E+01  0.2308E+02
  -2.190  0.3232E+01  0.2312E+02
  -2.180  0.3156E+01  0.2315E+02
  -2.170  0.3082E+01  0.2318E+02
  -2.160  0.3007E+01  0.2321E+02
  -2.150  0.2932E+01  0.2324E+02
  -2.140  0.2858E+01  0.2327E+02
  -2.130  0.2785E+01  0.2329E+02
  -2.120  0.2712E+01  0.2332E+02
  -2.110  0.2639E+01  0.2335E+02
  -2.100  0.2567E+01  0.2337E+02
  -2.090  0.2495E+01  0.2340E+02
  -2.080  0.2425E+01  0.2342E+02
  -2.070  0.2354E+01  0.2345E+02
  -2.060  0.2285E+01  0.2347E+02
  -2.050  0.2217E+01  0.2349E+02
  -2.040  0.2149E+01  0.2351E+02
  -2.030  0.2082E+01  0.2353E+02
  -2.020  0.2016E+01  0.2355E+02
  -2.010  0.1951E+01  0.2357E+02
  -2.000  0.1888E+01  0.2359E+02
  -1.990  0.1825E+01  0.2361E+02
  -1.980  0.1763E+01  0.2363E+02
  -1.970  0.1702E+01  0.2365E+02
  -1.960  0.1643E+01  0.2366E+02
  -1.950  0.1584E+01  0.2368E+02
  -1.940  0.1527E+01  0.2369E+02
  -1.930  0.1471E+01  0.2371E+02
  -1.920  0.1416E+01  0.2372E+02
  -1.910  0.1363E+01  0.2374E+02
  -1.900  0.1310E+01  0.2375E+02
  -1.890  0.1259E+01  0.2376E+02
  -1.880  0.1209E+01  0.2377E+02
  -1.870  0.1161E+01  0.2378E+02
  -1.860  0.1113E+01  0.2380E+02
  -1.850  0.1067E+01  0.2381E+02
  -1.840  0.1023E+01  0.2382E+02
  -1.830  0.9792E+00  0.2383E+02
  -1.820  0.9371E+00  0.2384E+02
  -1.810  0.8962E+00  0.2384E+02
  -1.800  0.8566E+00  0.2385E+02
  -1.790  0.8183E+00  0.2386E+02
  -1.780  0.7813E+00  0.2387E+02
  -1.770  0.7456E+00  0.2388E+02
  -1.760  0.7111E+00  0.2388E+02
  -1.750  0.6778E+00  0.2389E+02
  -1.740  0.6458E+00  0.2390E+02
  -1.730  0.6150E+00  0.2390E+02
  -1.720  0.5854E+00  0.2391E+02
  -1.710  0.5571E+00  0.2391E+02
  -1.700  0.5299E+00  0.2392E+02
  -1.690  0.5038E+00  0.2393E+02
  -1.680  0.4790E+00  0.2393E+02
  -1.670  0.4552E+00  0.2393E+02
  -1.660  0.4326E+00  0.2394E+02
  -1.650  0.4111E+00  0.2394E+02
  -1.640  0.3907E+00  0.2395E+02
  -1.630  0.3713E+00  0.2395E+02
  -1.620  0.3531E+00  0.2395E+02
  -1.610  0.3358E+00  0.2396E+02
  -1.600  0.3196E+00  0.2396E+02
  -1.590  0.3044E+00  0.2396E+02
  -1.580  0.2902E+00  0.2397E+02
  -1.570  0.2770E+00  0.2397E+02
  -1.560  0.2648E+00  0.2397E+02
  -1.550  0.2536E+00  0.2397E+02
  -1.540  0.2433E+00  0.2398E+02
  -1.530  0.2339E+00  0.2398E+02
  -1.520  0.2255E+00  0.2398E+02
  -1.510  0.2181E+00  0.2398E+02
  -1.500  0.2115E+00  0.2399E+02
  -1.490  0.2059E+00  0.2399E+02
  -1.480  0.2012E+00  0.2399E+02
  -1.470  0.1974E+00  0.2399E+02
  -1.460  0.1945E+00  0.2399E+02
  -1.450  0.1925E+00  0.2400E+02
  -1.440  0.1915E+00  0.2400E+02
  -1.430  0.1914E+00  0.2400E+02
  -1.420  0.1922E+00  0.2400E+02
  -1.410  0.1939E+00  0.2400E+02
  -1.400  0.1966E+00  0.2401E+02
  -1.390  0.2002E+00  0.2401E+02
  -1.380  0.2048E+00  0.2401E+02
  -1.370  0.2104E+00  0.2401E+02
  -1.360  0.2170E+00  0.2401E+02
  -1.350  0.2245E+00  0.2402E+02
  -1.340  0.2331E+00  0.2402E+02
  -1.330  0.2427E+00  0.2402E+02
  -1.320  0.2534E+00  0.2402E+02
  -1.310  0.2652E+00  0.2403E+02
  -1.300  0.2781E+00  0.2403E+02
  -1.290  0.2921E+00  0.2403E+02
  -1.280  0.3072E+00  0.2403E+02
  -1.270  0.3235E+00  0.2404E+02
  -1.260  0.3411E+00  0.2404E+02
  -1.250  0.3598E+00  0.2405E+02
  -1.240  0.3798E+00  0.2405E+02
  -1.230  0.4010E+00  0.2405E+02
  -1.220  0.4236E+00  0.2406E+02
  -1.210  0.4474E+00  0.2406E+02
  -1.200  0.4727E+00  0.2407E+02
  -1.190  0.4993E+00  0.2407E+02
  -1.180  0.5273E+00  0.2408E+02
  -1.170  0.5567E+00  0.2408E+02
  -1.160  0.5876E+00  0.2409E+02
  -1.150  0.6200E+00  0.2409E+02
  -1.140  0.6538E+00  0.2410E+02
  -1.130  0.6892E+00  0.2411E+02
  -1.120  0.7262E+00  0.2411E+02
  -1.110  0.7647E+00  0.2412E+02
  -1.100  0.8047E+00  0.2413E+02
  -1.090  0.8464E+00  0.2414E+02
  -1.080  0.8897E+00  0.2415E+02
  -1.070  0.9346E+00  0.2416E+02
  -1.060  0.9811E+00  0.2417E+02
  -1.050  0.1029E+01  0.2418E+02
  -1.040  0.1079E+01  0.2419E+02
  -1.030  0.1130E+01  0.2420E+02
  -1.020  0.1184E+01  0.2421E+02
  -1.010  0.1238E+01  0.2422E+02
  -1.000  0.1295E+01  0.2424E+02
  -0.990  0.1353E+01  0.2425E+02
  -0.980  0.1412E+01  0.2426E+02
  -0.970  0.1473E+01  0.2428E+02
  -0.960  0.1536E+01  0.2429E+02
  -0.950  0.1600E+01  0.2431E+02
  -0.940  0.1666E+01  0.2433E+02
  -0.930  0.1733E+01  0.2434E+02
  -0.920  0.1802E+01  0.2436E+02
  -0.910  0.1872E+01  0.2438E+02
  -0.900  0.1944E+01  0.2440E+02
  -0.890  0.2017E+01  0.2442E+02
  -0.880  0.2091E+01  0.2444E+02
  -0.870  0.2166E+01  0.2446E+02
  -0.860  0.2243E+01  0.2449E+02
  -0.850  0.2320E+01  0.2451E+02
  -0.840  0.2399E+01  0.2453E+02
  -0.830  0.2479E+01  0.2456E+02
  -0.820  0.2560E+01  0.2458E+02
  -0.810  0.2641E+01  0.2461E+02
  -0.800  0.2723E+01  0.2464E+02
  -0.790  0.2806E+01  0.2467E+02
  -0.780  0.2890E+01  0.2469E+02
  -0.770  0.2974E+01  0.2472E+02
  -0.760  0.3059E+01  0.2475E+02
  -0.750  0.3144E+01  0.2479E+02
  -0.740  0.3230E+01  0.2482E+02
  -0.730  0.3315E+01  0.2485E+02
  -0.720  0.3401E+01  0.2489E+02
  -0.710  0.3487E+01  0.2492E+02
  -0.700  0.3573E+01  0.2496E+02
  -0.690  0.3659E+01  0.2499E+02
  -0.680  0.3744E+01  0.2503E+02
  -0.670  0.3830E+01  0.2507E+02
  -0.660  0.3915E+01  0.2511E+02
  -0.650  0.3999E+01  0.2515E+02
  -0.640  0.4083E+01  0.2519E+02
  -0.630  0.4166E+01  0.2523E+02
  -0.620  0.4249E+01  0.2527E+02
  -0.610  0.4331E+01  0.2532E+02
  -0.600  0.4412E+01  0.2536E+02
  -0.590  0.4492E+01  0.2540E+02
  -0.580  0.4571E+01  0.2545E+02
  -0.570  0.4649E+01  0.2550E+02
  -0.560  0.4725E+01  0.2554E+02
  -0.550  0.4801E+01  0.2559E+02
  -0.540  0.4875E+01  0.2564E+02
  -0.530  0.4948E+01  0.2569E+02
  -0.520  0.5020E+01  0.2574E+02
  -0.510  0.5090E+01  0.2579E+02
  -0.500  0.5158E+01  0.2584E+02
  -0.490  0.5225E+01  0.2590E+02
  -0.480  0.5291E+01  0.2595E+02
  -0.470  0.5355E+01  0.2600E+02
  -0.460  0.5417E+01  0.2606E+02
  -0.450  0.5477E+01  0.2611E+02
  -0.440  0.5536E+01  0.2617E+02
  -0.430  0.5593E+01  0.2622E+02
  -0.420  0.5648E+01  0.2628E+02
  -0.410  0.5702E+01  0.2634E+02
  -0.400  0.5754E+01  0.2639E+02
  -0.390  0.5804E+01  0.2645E+02
  -0.380  0.5852E+01  0.2651E+02
  -0.370  0.5898E+01  0.2657E+02
  -0.360  0.5943E+01  0.2663E+02
  -0.350  0.5985E+01  0.2669E+02
  -0.340  0.6026E+01  0.2675E+02
  -0.330  0.6066E+01  0.2681E+02
  -0.320  0.6103E+01  0.2687E+02
  -0.310  0.6139E+01  0.2693E+02
  -0.300  0.6173E+01  0.2699E+02
  -0.290  0.6206E+01  0.2705E+02
  -0.280  0.6237E+01  0.2712E+02
  -0.270  0.6266E+01  0.2718E+02
  -0.260  0.6294E+01  0.2724E+02
  -0.250  0.6320E+01  0.2731E+02
  -0.240  0.6345E+01  0.2737E+02
  -0.230  0.6368E+01  0.2743E+02
  -0.220  0.6390E+01  0.2750E+02
  -0.210  0.6411E+01  0.2756E+02
  -0.200  0.6430E+01  0.2763E+02
  -0.190  0.6448E+01  0.2769E+02
  -0.180  0.6465E+01  0.2775E+02
  -0.170  0.6481E+01  0.2782E+02
  -0.160  0.6495E+01  0.2788E+02
  -0.150  0.6509E+01  0.2795E+02
  -0.140  0.6522E+01  0.2801E+02
  -0.130  0.6534E+01  0.2808E+02
  -0.120  0.6545E+01  0.2815E+02
  -0.110  0.6555E+01  0.2821E+02
  -0.100  0.6564E+01  0.2828E+02
  -0.090  0.6573E+01  0.2834E+02
  -0.080  0.6581E+01  0.2841E+02
  -0.070  0.6588E+01  0.2847E+02
  -0.060  0.6595E+01  0.2854E+02
  -0.050  0.6601E+01  0.2861E+02
  -0.040  0.6607E+01  0.2867E+02
  -0.030  0.6613E+01  0.2874E+02
  -0.020  0.6618E+01  0.2880E+02
  -0.010  0.6623E+01  0.2887E+02
  -0.000  0.6627E+01  0.2894E+02
   0.010  0.6632E+01  0.2900E+02
   0.020  0.6636E+01  0.2907E+02
   0.030  0.6640E+01  0.2914E+02
   0.040  0.6644E+01  0.2920E+02
   0.050  0.6648E+01  0.2927E+02
   0.060  0.6652E+01  0.2934E+02
   0.070  0.6656E+01  0.2940E+02
   0.080  0.6660E+01  0.2947E+02
   0.090  0.6664E+01  0.2954E+02
   0.100  0.6668E+01  0.2960E+02
   0.110  0.6672E+01  0.2967E+02
   0.120  0.6676E+01  0.2974E+02
   0.130  0.6681E+01  0.2980E+02
   0.140  0.6686E+01  0.2987E+02
   0.150  0.6691E+01  0.2994E+02
   0.160  0.6696E+01  0.3000E+02
   0.170  0.6701E+01  0.3007E+02
   0.180  0.6707E+01  0.3014E+02
   0.190  0.6712E+01  0.3020E+02
   0.200  0.6718E+01  0.3027E+02
   0.210  0.6725E+01  0.3034E+02
   0.220  0.6731E+01  0.3041E+02
   0.230  0.6738E+01  0.3047E+02
   0.240  0.6745E+01  0.3054E+02
   0.250  0.6752E+01  0.3061E+02
   0.260  0.6759E+01  0.3068E+02
   0.270  0.6767E+01  0.3074E+02
   0.280  0.6775E+01  0.3081E+02
   0.290  0.6783E+01  0.3088E+02
   0.300  0.6791E+01  0.3095E+02
   0.310  0.6800E+01  0.3101E+02
   0.320  0.6809E+01  0.3108E+02
   0.330  0.6818E+01  0.3115E+02
   0.340  0.6827E+01  0.3122E+02
   0.350  0.6836E+01  0.3129E+02
   0.360  0.6845E+01  0.3136E+02
   0.370  0.6855E+01  0.3142E+02
   0.380  0.6865E+01  0.3149E+02
   0.390  0.6874E+01  0.3156E+02
   0.400  0.6884E+01  0.3163E+02
   0.410  0.6894E+01  0.3170E+02
   0.420  0.6905E+01  0.3177E+02
   0.430  0.6915E+01  0.3184E+02
   0.440  0.6925E+01  0.3191E+02
   0.450  0.6936E+01  0.3198E+02
   0.460  0.6946E+01  0.3205E+02
   0.470  0.6957E+01  0.3212E+02
   0.480  0.6968E+01  0.3219E+02
   0.490  0.6978E+01  0.3226E+02
   0.500  0.6989E+01  0.3233E+02
   0.510  0.7000E+01  0.3240E+02
   0.520  0.7011E+01  0.3247E+02
   0.530  0.7023E+01  0.3254E+02
   0.540  0.7034E+01  0.3261E+02
   0.550  0.7045E+01  0.3268E+02
   0.560  0.7056E+01  0.3275E+02
   0.570  0.7068E+01  0.3282E+02
   0.580  0.7080E+01  0.3289E+02
   0.590  0.7091E+01  0.3296E+02
   0.600  0.7103E+01  0.3303E+02
   0.610  0.7115E+01  0.3310E+02
   0.620  0.7127E+01  0.3317E+02
   0.630  0.7140E+01  0.3324E+02
   0.640  0.7152E+01  0.3332E+02
   0.650  0.7165E+01  0.3339E+02
   0.660  0.7177E+01  0.3346E+02
   0.670  0.7190E+01  0.3353E+02
   0.680  0.7203E+01  0.3360E+02
   0.690  0.7217E+01  0.3368E+02
   0.700  0.7230E+01  0.3375E+02
   0.710  0.7244E+01  0.3382E+02
   0.720  0.7258E+01  0.3389E+02
   0.730  0.7272E+01  0.3397E+02
   0.740  0.7286E+01  0.3404E+02
   0.750  0.7300E+01  0.3411E+02
   0.760  0.7315E+01  0.3418E+02
   0.770  0.7330E+01  0.3426E+02
   0.780  0.7345E+01  0.3433E+02
   0.790  0.7361E+01  0.3440E+02
   0.800  0.7376E+01  0.3448E+02
   0.810  0.7392E+01  0.3455E+02
   0.820  0.7408E+01  0.3463E+02
   0.830  0.7424E+01  0.3470E+02
   0.840  0.7440E+01  0.3477E+02
   0.850  0.7457E+01  0.3485E+02
   0.860  0.7474E+01  0.3492E+02
   0.870  0.7491E+01  0.3500E+02
   0.880  0.7508E+01  0.3507E+02
   0.890  0.7525E+01  0.3515E+02
   0.900  0.7542E+01  0.3522E+02
   0.910  0.7559E+01  0.3530E+02
   0.920  0.7577E+01  0.3538E+02
   0.930  0.7594E+01  0.3545E+02
   0.940  0.7611E+01  0.3553E+02
   0.950  0.7629E+01  0.3560E+02
   0.960  0.7646E+01  0.3568E+02
   0.970  0.7664E+01  0.3576E+02
   0.980  0.7681E+01  0.3583E+02
   0.990  0.7699E+01  0.3591E+02
   1.000  0.7716E+01  0.3599E+02
   1.010  0.7733E+01  0.3607E+02
   1.020  0.7750E+01  0.3614E+02
   1.030  0.7767E+01  0.3622E+02
   1.040  0.7783E+01  0.3630E+02
   1.050  0.7800E+01  0.3638E+02
   1.060  0.7816E+01  0.3646E+02
   1.070  0.7831E+01  0.3653E+02
   1.080  0.7847E+01  0.3661E+02
   1.090  0.7862E+01  0.3669E+02
   1.100  0.7877E+01  0.3677E+02
   1.110  0.7891E+01  0.3685E+02
   1.120  0.7905E+01  0.3693E+02
   1.130  0.7919E+01  0.3701E+02
   1.140  0.7932E+01  0.3709E+02
   1.150  0.7945E+01  0.3717E+02
   1.160  0.7957E+01  0.3724E+02
   1.170  0.7969E+01  0.3732E+02
   1.180  0.7980E+01  0.3740E+02
   1.190  0.7991E+01  0.3748E+02
   1.200  0.8001E+01  0.3756E+02
   1.210  0.8010E+01  0.3764E+02
   1.220  0.8019E+01  0.3772E+02
   1.230  0.8027E+01  0.3780E+02
   1.240  0.8035E+01  0.3789E+02
   1.250  0.8041E+01  0.3797E+02
   1.260  0.8048E+01  0.3805E+02
   1.270  0.8053E+01  0.3813E+02
   1.280  0.8058E+01  0.3821E+02
   1.290  0.8062E+01  0.3829E+02
   1.300  0.8065E+01  0.3837E+02
   1.310  0.8068E+01  0.3845E+02
   1.320  0.8070E+01  0.3853E+02
   1.330  0.8071E+01  0.3861E+02
   1.340  0.8072E+01  0.3869E+02
   1.350  0.8071E+01  0.3877E+02
   1.360  0.8070E+01  0.3885E+02
   1.370  0.8068E+01  0.3893E+02
   1.380  0.8066E+01  0.3901E+02
   1.390  0.8062E+01  0.3909E+02
   1.400  0.8058E+01  0.3918E+02
   1.410  0.8053E+01  0.3926E+02
   1.420  0.8047E+01  0.3934E+02
   1.430  0.8041E+01  0.3942E+02
   1.440  0.8034E+01  0.3950E+02
   1.450  0.8026E+01  0.3958E+02
   1.460  0.8017E+01  0.3966E+02
   1.470  0.8007E+01  0.3974E+02
   1.480  0.7997E+01  0.3982E+02
   1.490  0.7986E+01  0.3990E+02
   1.500  0.7975E+01  0.3998E+02
   1.510  0.7962E+01  0.4006E+02
   1.520  0.7949E+01  0.4014E+02
   1.530  0.7935E+01  0.4022E+02
   1.540  0.7921E+01  0.4029E+02
   1.550  0.7906E+01  0.4037E+02
   1.560  0.7890E+01  0.4045E+02
   1.570  0.7874E+01  0.4053E+02
   1.580  0.7857E+01  0.4061E+02
   1.590  0.7840E+01  0.4069E+02
   1.600  0.7822E+01  0.4077E+02
   1.610  0.7804E+01  0.4084E+02
   1.620  0.7785E+01  0.4092E+02
   1.630  0.7765E+01  0.4100E+02
   1.640  0.7745E+01  0.4108E+02
   1.650  0.7725E+01  0.4115E+02
   1.660  0.7704E+01  0.4123E+02
   1.670  0.7683E+01  0.4131E+02
   1.680  0.7661E+01  0.4139E+02
   1.690  0.7640E+01  0.4146E+02
   1.700  0.7617E+01  0.4154E+02
   1.710  0.7595E+01  0.4161E+02
   1.720  0.7572E+01  0.4169E+02
   1.730  0.7549E+01  0.4177E+02
   1.740  0.7526E+01  0.4184E+02
   1.750  0.7503E+01  0.4192E+02
   1.760  0.7479E+01  0.4199E+02
   1.770  0.7455E+01  0.4206E+02
   1.780  0.7431E+01  0.4214E+02
   1.790  0.7407E+01  0.4221E+02
   1.800  0.7383E+01  0.4229E+02
   1.810  0.7359E+01  0.4236E+02
   1.820  0.7334E+01  0.4243E+02
   1.830  0.7310E+01  0.4251E+02
   1.840  0.7285E+01  0.4258E+02
   1.850  0.7261E+01  0.4265E+02
   1.860  0.7236E+01  0.4272E+02
   1.870  0.7211E+01  0.4280E+02
   1.880  0.7187E+01  0.4287E+02
   1.890  0.7162E+01  0.4294E+02
   1.900  0.7137E+01  0.4301E+02
   1.910  0.7112E+01  0.4308E+02
   1.920  0.7087E+01  0.4315E+02
   1.930  0.7062E+01  0.4322E+02
   1.940  0.7037E+01  0.4329E+02
   1.950  0.7012E+01  0.4336E+02
   1.960  0.6986E+01  0.4343E+02
   1.970  0.6961E+01  0.4350E+02
   1.980  0.6935E+01  0.4357E+02
   1.990  0.6909E+01  0.4364E+02
   2.000  0.6883E+01  0.4371E+02
   2.010  0.6856E+01  0.4378E+02
   2.020  0.6830E+01  0.4385E+02
   2.030  0.6803E+01  0.4392E+02
   2.040  0.6775E+01  0.4398E+02
   2.050  0.6747E+01  0.4405E+02
   2.060  0.6719E+01  0.4412E+02
   2.070  0.6690E+01  0.4419E+02
   2.080  0.6661E+01  0.4425E+02
   2.090  0.6631E+01  0.4432E+02
   2.100  0.6600E+01  0.4438E+02
   2.110  0.6569E+01  0.4445E+02
   2.120  0.6537E+01  0.4452E+02
   2.130  0.6505E+01  0.4458E+02
   2.140  0.6471E+01  0.4465E+02
   2.150  0.6437E+01  0.4471E+02
   2.160  0.6401E+01  0.4477E+02
   2.170  0.6365E+01  0.4484E+02
   2.180  0.6328E+01  0.4490E+02
   2.190  0.6289E+01  0.4496E+02
   2.200  0.6250E+01  0.4503E+02
   2.210  0.6209E+01  0.4509E+02
   2.220  0.6168E+01  0.4515E+02
   2.230  0.6125E+01  0.4521E+02
   2.240  0.6080E+01  0.4527E+02
   2.250  0.6035E+01  0.4533E+02
   2.260  0.5988E+01  0.4539E+02
   2.270  0.5940E+01  0.4545E+02
   2.280  0.5890E+01  0.4551E+02
   2.290  0.5839E+01  0.4557E+02
   2.300  0.5787E+01  0.4563E+02
   2.310  0.5733E+01  0.4568E+02
   2.320  0.5678E+01  0.4574E+02
   2.330  0.5621E+01  0.4580E+02
   2.340  0.5563E+01  0.4585E+02
   2.350  0.5503E+01  0.4591E+02
   2.360  0.5442E+01  0.4596E+02
   2.370  0.5379E+01  0.4602E+02
   2.380  0.5315E+01  0.4607E+02
   2.390  0.5250E+01  0.4612E+02
   2.400  0.5183E+01  0.4617E+02
   2.410  0.5115E+01  0.4622E+02
   2.420  0.5045E+01  0.4628E+02
   2.430  0.4975E+01  0.4632E+02
   2.440  0.4902E+01  0.4637E+02
   2.450  0.4829E+01  0.4642E+02
   2.460  0.4755E+01  0.4647E+02
   2.470  0.4679E+01  0.4652E+02
   2.480  0.4602E+01  0.4656E+02
   2.490  0.4524E+01  0.4661E+02
   2.500  0.4446E+01  0.4665E+02
   2.510  0.4366E+01  0.4670E+02
   2.520  0.4285E+01  0.4674E+02
   2.530  0.4204E+01  0.4678E+02
   2.540  0.4122E+01  0.4682E+02
   2.550  0.4039E+01  0.4686E+02
   2.560  0.3956E+01  0.4690E+02
   2.570  0.3872E+01  0.4694E+02
   2.580  0.3788E+01  0.4698E+02
   2.590  0.3704E+01  0.4702E+02
   2.600  0.3619E+01  0.4705E+02
   2.610  0.3534E+01  0.4709E+02
   2.620  0.3449E+01  0.4712E+02
   2.630  0.3365E+01  0.4716E+02
   2.640  0.3280E+01  0.4719E+02
   2.650  0.3195E+01  0.4722E+02
   2.660  0.3111E+01  0.4725E+02
   2.670  0.3027E+01  0.4728E+02
   2.680  0.2943E+01  0.4731E+02
   2.690  0.2860E+01  0.4734E+02
   2.700  0.2777E+01  0.4737E+02
   2.710  0.2695E+01  0.4739E+02
   2.720  0.2614E+01  0.4742E+02
   2.730  0.2533E+01  0.4745E+02
   2.740  0.2454E+01  0.4747E+02
   2.750  0.2375E+01  0.4749E+02
   2.760  0.2297E+01  0.4752E+02
   2.770  0.2221E+01  0.4754E+02
   2.780  0.2145E+01  0.4756E+02
   2.790  0.2070E+01  0.4758E+02
   2.800  0.1997E+01  0.4760E+02
   2.810  0.1925E+01  0.4762E+02
   2.820  0.1855E+01  0.4764E+02
   2.830  0.1785E+01  0.4766E+02
   2.840  0.1717E+01  0.4767E+02
   2.850  0.1651E+01  0.4769E+02
   2.860  0.1586E+01  0.4771E+02
   2.870  0.1522E+01  0.4772E+02
   2.880  0.1460E+01  0.4774E+02
   2.890  0.1400E+01  0.4775E+02
   2.900  0.1341E+01  0.4776E+02
   2.910  0.1283E+01  0.4778E+02
   2.920  0.1227E+01  0.4779E+02
   2.930  0.1173E+01  0.4780E+02
   2.940  0.1120E+01  0.4781E+02
   2.950  0.1069E+01  0.4782E+02
   2.960  0.1019E+01  0.4783E+02
   2.970  0.9714E+00  0.4784E+02
   2.980  0.9250E+00  0.4785E+02
   2.990  0.8802E+00  0.4786E+02
   3.000  0.8369E+00  0.4787E+02
   3.010  0.7951E+00  0.4788E+02
   3.020  0.7548E+00  0.4788E+02
   3.030  0.7161E+00  0.4789E+02
   3.040  0.6788E+00  0.4790E+02
   3.050  0.6430E+00  0.4790E+02
   3.060  0.6086E+00  0.4791E+02
   3.070  0.5756E+00  0.4792E+02
   3.080  0.5439E+00  0.4792E+02
   3.090  0.5137E+00  0.4793E+02
   3.100  0.4847E+00  0.4793E+02
   3.110  0.4570E+00  0.4794E+02
   3.120  0.4305E+00  0.4794E+02
   3.130  0.4053E+00  0.4794E+02
   3.140  0.3813E+00  0.4795E+02
   3.150  0.3584E+00  0.4795E+02
   3.160  0.3366E+00  0.4796E+02
   3.170  0.3159E+00  0.4796E+02
   3.180  0.2962E+00  0.4796E+02
   3.190  0.2776E+00  0.4796E+02
   3.200  0.2599E+00  0.4797E+02
   3.210  0.2431E+00  0.4797E+02
   3.220  0.2273E+00  0.4797E+02
   3.230  0.2123E+00  0.4797E+02
   3.240  0.1981E+00  0.4798E+02
   3.250  0.1848E+00  0.4798E+02
   3.260  0.1722E+00  0.4798E+02
   3.270  0.1603E+00  0.4798E+02
   3.280  0.1492E+00  0.4798E+02
   3.290  0.1387E+00  0.4798E+02
   3.300  0.1288E+00  0.4799E+02
   3.310  0.1196E+00  0.4799E+02
   3.320  0.1109E+00  0.4799E+02
   3.330  0.1027E+00  0.4799E+02
   3.340  0.9513E-01  0.4799E+02
   3.350  0.8801E-01  0.4799E+02
   3.360  0.8136E-01  0.4799E+02
   3.370  0.7515E-01  0.4799E+02
   3.380  0.6935E-01  0.4799E+02
   3.390  0.6396E-01  0.4799E+02
   3.400  0.5893E-01  0.4799E+02
   3.410  0.5426E-01  0.4799E+02
   3.420  0.4991E-01  0.4799E+02
   3.430  0.4588E-01  0.4800E+02
   3.440  0.4214E-01  0.4800E+02
   3.450  0.3867E-01  0.4800E+02
   3.460  0.3546E-01  0.4800E+02
   3.470  0.3249E-01  0.4800E+02
   3.480  0.2974E-01  0.4800E+02
   3.490  0.2720E-01  0.4800E+02
   3.500  0.2486E-01  0.4800E+02
   3.510  0.2270E-01  0.4800E+02
   3.520  0.2072E-01  0.4800E+02
   3.530  0.1889E-01  0.4800E+02
   3.540  0.1721E-01  0.4800E+02
   3.550  0.1566E-01  0.4800E+02
   3.560  0.1424E-01  0.4800E+02
   3.570  0.1294E-01  0.4800E+02
   3.580  0.1175E-01  0.4800E+02
   3.590  0.1066E-01  0.4800E+02
   3.600  0.9664E-02  0.4800E+02
   3.610  0.8753E-02  0.4800E+02
   3.620  0.7921E-02  0.4800E+02
