#  E (eV)   dos(E)     Int dos(E) EFermi =   2.556 eV
 -17.384  0.1123E-04  0.1123E-06
 -17.374  0.1509E-04  0.2632E-06
 -17.364  0.2018E-04  0.4650E-06
 -17.354  0.2686E-04  0.7335E-06
 -17.344  0.3559E-04  0.1089E-05
 -17.334  0.4694E-04  0.1559E-05
 -17.324  0.6164E-04  0.2175E-05
 -17.314  0.8059E-04  0.2981E-05
 -17.304  0.1049E-03  0.4030E-05
 -17.294  0.1359E-03  0.5389E-05
 -17.284  0.1754E-03  0.7143E-05
 -17.274  0.2252E-03  0.9395E-05
 -17.264  0.2881E-03  0.1228E-04
 -17.254  0.3668E-03  0.1594E-04
 -17.244  0.4651E-03  0.2060E-04
 -17.234  0.5873E-03  0.2647E-04
 -17.224  0.7384E-03  0.3385E-04
 -17.214  0.9245E-03  0.4310E-04
 -17.204  0.1153E-02  0.5463E-04
 -17.194  0.1432E-02  0.6894E-04
 -17.184  0.1770E-02  0.8665E-04
 -17.174  0.2181E-02  0.1085E-03
 -17.164  0.2676E-02  0.1352E-03
 -17.154  0.3270E-02  0.1679E-03
 -17.144  0.3981E-02  0.2077E-03
 -17.134  0.4829E-02  0.2560E-03
 -17.124  0.5834E-02  0.3144E-03
 -17.114  0.7023E-02  0.3846E-03
 -17.104  0.8423E-02  0.4688E-03
 -17.094  0.1007E-01  0.5695E-03
 -17.084  0.1199E-01  0.6893E-03
 -17.074  0.1422E-01  0.8316E-03
 -17.064  0.1682E-01  0.9998E-03
 -17.054  0.1983E-01  0.1198E-02
 -17.044  0.2329E-01  0.1431E-02
 -17.034  0.2727E-01  0.1704E-02
 -17.024  0.3183E-01  0.2022E-02
 -17.014  0.3704E-01  0.2392E-02
 -17.004  0.4296E-01  0.2822E-02
 -16.994  0.4968E-01  0.3319E-02
 -16.984  0.5728E-01  0.3892E-02
 -16.974  0.6584E-01  0.4550E-02
 -16.964  0.7546E-01  0.5305E-02
 -16.954  0.8624E-01  0.6167E-02
 -16.944  0.9829E-01  0.7150E-02
 -16.934  0.1117E+00  0.8267E-02
 -16.924  0.1266E+00  0.9533E-02
 -16.914  0.1431E+00  0.1096E-01
 -16.904  0.1612E+00  0.1258E-01
 -16.894  0.1812E+00  0.1439E-01
 -16.884  0.2032E+00  0.1642E-01
 -16.874  0.2271E+00  0.1869E-01
 -16.864  0.2532E+00  0.2122E-01
 -16.854  0.2816E+00  0.2404E-01
 -16.844  0.3122E+00  0.2716E-01
 -16.834  0.3453E+00  0.3061E-01
 -16.824  0.3809E+00  0.3442E-01
 -16.814  0.4190E+00  0.3861E-01
 -16.804  0.4596E+00  0.4321E-01
 -16.794  0.5028E+00  0.4824E-01
 -16.784  0.5486E+00  0.5372E-01
 -16.774  0.5970E+00  0.5969E-01
 -16.764  0.6478E+00  0.6617E-01
 -16.754  0.7011E+00  0.7318E-01
 -16.744  0.7567E+00  0.8075E-01
 -16.734  0.8145E+00  0.8889E-01
 -16.724  0.8744E+00  0.9764E-01
 -16.714  0.9362E+00  0.1070E+00
 -16.704  0.9998E+00  0.1170E+00
 -16.694  0.1065E+01  0.1276E+00
 -16.684  0.1131E+01  0.1390E+00
 -16.674  0.1199E+01  0.1510E+00
 -16.664  0.1268E+01  0.1636E+00
 -16.654  0.1337E+01  0.1770E+00
 -16.644  0.1407E+01  0.1911E+00
 -16.634  0.1478E+01  0.2059E+00
 -16.624  0.1549E+01  0.2213E+00
 -16.614  0.1620E+01  0.2375E+00
 -16.604  0.1692E+01  0.2545E+00
 -16.594  0.1764E+01  0.2721E+00
 -16.584  0.1836E+01  0.2905E+00
 -16.574  0.1908E+01  0.3095E+00
 -16.564  0.1981E+01  0.3294E+00
 -16.554  0.2055E+01  0.3499E+00
 -16.544  0.2129E+01  0.3712E+00
 -16.534  0.2205E+01  0.3932E+00
 -16.524  0.2282E+01  0.4161E+00
 -16.514  0.2361E+01  0.4397E+00
 -16.504  0.2441E+01  0.4641E+00
 -16.494  0.2524E+01  0.4893E+00
 -16.484  0.2609E+01  0.5154E+00
 -16.474  0.2696E+01  0.5424E+00
 -16.464  0.2786E+01  0.5702E+00
 -16.454  0.2878E+01  0.5990E+00
 -16.444  0.2973E+01  0.6287E+00
 -16.434  0.3070E+01  0.6594E+00
 -16.424  0.3170E+01  0.6911E+00
 -16.414  0.3270E+01  0.7238E+00
 -16.404  0.3372E+01  0.7576E+00
 -16.394  0.3474E+01  0.7923E+00
 -16.384  0.3576E+01  0.8281E+00
 -16.374  0.3676E+01  0.8648E+00
 -16.364  0.3774E+01  0.9026E+00
 -16.354  0.3869E+01  0.9412E+00
 -16.344  0.3959E+01  0.9808E+00
 -16.334  0.4043E+01  0.1021E+01
 -16.324  0.4120E+01  0.1062E+01
 -16.314  0.4190E+01  0.1104E+01
 -16.304  0.4250E+01  0.1147E+01
 -16.294  0.4300E+01  0.1190E+01
 -16.284  0.4339E+01  0.1233E+01
 -16.274  0.4366E+01  0.1277E+01
 -16.264  0.4380E+01  0.1321E+01
 -16.254  0.4382E+01  0.1365E+01
 -16.244  0.4370E+01  0.1408E+01
 -16.234  0.4345E+01  0.1452E+01
 -16.224  0.4307E+01  0.1495E+01
 -16.214  0.4256E+01  0.1537E+01
 -16.204  0.4193E+01  0.1579E+01
 -16.194  0.4119E+01  0.1620E+01
 -16.184  0.4035E+01  0.1661E+01
 -16.174  0.3942E+01  0.1700E+01
 -16.164  0.3842E+01  0.1739E+01
 -16.154  0.3735E+01  0.1776E+01
 -16.144  0.3625E+01  0.1812E+01
 -16.134  0.3512E+01  0.1847E+01
 -16.124  0.3399E+01  0.1881E+01
 -16.114  0.3287E+01  0.1914E+01
 -16.104  0.3179E+01  0.1946E+01
 -16.094  0.3076E+01  0.1977E+01
 -16.084  0.2980E+01  0.2007E+01
 -16.074  0.2892E+01  0.2035E+01
 -16.064  0.2815E+01  0.2064E+01
 -16.054  0.2750E+01  0.2091E+01
 -16.044  0.2698E+01  0.2118E+01
 -16.034  0.2660E+01  0.2145E+01
 -16.024  0.2636E+01  0.2171E+01
 -16.014  0.2628E+01  0.2197E+01
 -16.004  0.2635E+01  0.2224E+01
 -15.994  0.2658E+01  0.2250E+01
 -15.984  0.2697E+01  0.2277E+01
 -15.974  0.2750E+01  0.2305E+01
 -15.964  0.2817E+01  0.2333E+01
 -15.954  0.2896E+01  0.2362E+01
 -15.944  0.2988E+01  0.2392E+01
 -15.934  0.3089E+01  0.2423E+01
 -15.924  0.3198E+01  0.2455E+01
 -15.914  0.3314E+01  0.2488E+01
 -15.904  0.3433E+01  0.2522E+01
 -15.894  0.3554E+01  0.2558E+01
 -15.884  0.3675E+01  0.2594E+01
 -15.874  0.3793E+01  0.2632E+01
 -15.864  0.3907E+01  0.2671E+01
 -15.854  0.4013E+01  0.2712E+01
 -15.844  0.4109E+01  0.2753E+01
 -15.834  0.4194E+01  0.2795E+01
 -15.824  0.4267E+01  0.2837E+01
 -15.814  0.4325E+01  0.2880E+01
 -15.804  0.4367E+01  0.2924E+01
 -15.794  0.4392E+01  0.2968E+01
 -15.784  0.4400E+01  0.3012E+01
 -15.774  0.4390E+01  0.3056E+01
 -15.764  0.4362E+01  0.3100E+01
 -15.754  0.4317E+01  0.3143E+01
 -15.744  0.4255E+01  0.3185E+01
 -15.734  0.4176E+01  0.3227E+01
 -15.724  0.4084E+01  0.3268E+01
 -15.714  0.3977E+01  0.3308E+01
 -15.704  0.3859E+01  0.3346E+01
 -15.694  0.3731E+01  0.3384E+01
 -15.684  0.3596E+01  0.3420E+01
 -15.674  0.3454E+01  0.3454E+01
 -15.664  0.3308E+01  0.3487E+01
 -15.654  0.3161E+01  0.3519E+01
 -15.644  0.3014E+01  0.3549E+01
 -15.634  0.2869E+01  0.3578E+01
 -15.624  0.2728E+01  0.3605E+01
 -15.614  0.2594E+01  0.3631E+01
 -15.604  0.2468E+01  0.3655E+01
 -15.594  0.2351E+01  0.3679E+01
 -15.584  0.2244E+01  0.3701E+01
 -15.574  0.2149E+01  0.3723E+01
 -15.564  0.2067E+01  0.3744E+01
 -15.554  0.1999E+01  0.3764E+01
 -15.544  0.1945E+01  0.3783E+01
 -15.534  0.1906E+01  0.3802E+01
 -15.524  0.1881E+01  0.3821E+01
 -15.514  0.1871E+01  0.3840E+01
 -15.504  0.1876E+01  0.3858E+01
 -15.494  0.1895E+01  0.3877E+01
 -15.484  0.1928E+01  0.3897E+01
 -15.474  0.1975E+01  0.3916E+01
 -15.464  0.2034E+01  0.3937E+01
 -15.454  0.2105E+01  0.3958E+01
 -15.444  0.2188E+01  0.3980E+01
 -15.434  0.2280E+01  0.4002E+01
 -15.424  0.2381E+01  0.4026E+01
 -15.414  0.2489E+01  0.4051E+01
 -15.404  0.2604E+01  0.4077E+01
 -15.394  0.2724E+01  0.4104E+01
 -15.384  0.2847E+01  0.4133E+01
 -15.374  0.2972E+01  0.4163E+01
 -15.364  0.3098E+01  0.4194E+01
 -15.354  0.3223E+01  0.4226E+01
 -15.344  0.3345E+01  0.4259E+01
 -15.334  0.3462E+01  0.4294E+01
 -15.324  0.3575E+01  0.4330E+01
 -15.314  0.3681E+01  0.4366E+01
 -15.304  0.3778E+01  0.4404E+01
 -15.294  0.3866E+01  0.4443E+01
 -15.284  0.3944E+01  0.4482E+01
 -15.274  0.4011E+01  0.4522E+01
 -15.264  0.4066E+01  0.4563E+01
 -15.254  0.4108E+01  0.4604E+01
 -15.244  0.4138E+01  0.4646E+01
 -15.234  0.4155E+01  0.4687E+01
 -15.224  0.4158E+01  0.4729E+01
 -15.214  0.4150E+01  0.4770E+01
 -15.204  0.4129E+01  0.4811E+01
 -15.194  0.4097E+01  0.4852E+01
 -15.184  0.4054E+01  0.4893E+01
 -15.174  0.4001E+01  0.4933E+01
 -15.164  0.3940E+01  0.4972E+01
 -15.154  0.3871E+01  0.5011E+01
 -15.144  0.3796E+01  0.5049E+01
 -15.134  0.3717E+01  0.5086E+01
 -15.124  0.3634E+01  0.5123E+01
 -15.114  0.3549E+01  0.5158E+01
 -15.104  0.3463E+01  0.5193E+01
 -15.094  0.3378E+01  0.5226E+01
 -15.084  0.3296E+01  0.5259E+01
 -15.074  0.3217E+01  0.5292E+01
 -15.064  0.3144E+01  0.5323E+01
 -15.054  0.3076E+01  0.5354E+01
 -15.044  0.3017E+01  0.5384E+01
 -15.034  0.2966E+01  0.5414E+01
 -15.024  0.2926E+01  0.5443E+01
 -15.014  0.2897E+01  0.5472E+01
 -15.004  0.2881E+01  0.5501E+01
 -14.994  0.2879E+01  0.5529E+01
 -14.984  0.2893E+01  0.5558E+01
 -14.974  0.2923E+01  0.5588E+01
 -14.964  0.2972E+01  0.5617E+01
 -14.954  0.3041E+01  0.5648E+01
 -14.944  0.3130E+01  0.5679E+01
 -14.934  0.3243E+01  0.5711E+01
 -14.924  0.3380E+01  0.5745E+01
 -14.914  0.3543E+01  0.5781E+01
 -14.904  0.3734E+01  0.5818E+01
 -14.894  0.3953E+01  0.5858E+01
 -14.884  0.4202E+01  0.5900E+01
 -14.874  0.4483E+01  0.5944E+01
 -14.864  0.4795E+01  0.5992E+01
 -14.854  0.5139E+01  0.6044E+01
 -14.844  0.5517E+01  0.6099E+01
 -14.834  0.5926E+01  0.6158E+01
 -14.824  0.6368E+01  0.6222E+01
 -14.814  0.6839E+01  0.6290E+01
 -14.804  0.7340E+01  0.6364E+01
 -14.794  0.7867E+01  0.6442E+01
 -14.784  0.8417E+01  0.6527E+01
 -14.774  0.8987E+01  0.6616E+01
 -14.764  0.9574E+01  0.6712E+01
 -14.754  0.1017E+02  0.6814E+01
 -14.744  0.1077E+02  0.6922E+01
 -14.734  0.1138E+02  0.7035E+01
 -14.724  0.1198E+02  0.7155E+01
 -14.714  0.1256E+02  0.7281E+01
 -14.704  0.1313E+02  0.7412E+01
 -14.694  0.1367E+02  0.7549E+01
 -14.684  0.1418E+02  0.7690E+01
 -14.674  0.1465E+02  0.7837E+01
 -14.664  0.1507E+02  0.7988E+01
 -14.654  0.1545E+02  0.8142E+01
 -14.644  0.1577E+02  0.8300E+01
 -14.634  0.1603E+02  0.8460E+01
 -14.624  0.1622E+02  0.8622E+01
 -14.614  0.1635E+02  0.8786E+01
 -14.604  0.1640E+02  0.8950E+01
 -14.594  0.1639E+02  0.9114E+01
 -14.584  0.1630E+02  0.9277E+01
 -14.574  0.1615E+02  0.9438E+01
 -14.564  0.1592E+02  0.9598E+01
 -14.554  0.1563E+02  0.9754E+01
 -14.544  0.1528E+02  0.9907E+01
 -14.534  0.1487E+02  0.1006E+02
 -14.524  0.1440E+02  0.1020E+02
 -14.514  0.1389E+02  0.1034E+02
 -14.504  0.1334E+02  0.1047E+02
 -14.494  0.1275E+02  0.1060E+02
 -14.484  0.1213E+02  0.1072E+02
 -14.474  0.1149E+02  0.1084E+02
 -14.464  0.1084E+02  0.1094E+02
 -14.454  0.1017E+02  0.1105E+02
 -14.444  0.9506E+01  0.1114E+02
 -14.434  0.8844E+01  0.1123E+02
 -14.424  0.8190E+01  0.1131E+02
 -14.414  0.7551E+01  0.1139E+02
 -14.404  0.6930E+01  0.1146E+02
 -14.394  0.6331E+01  0.1152E+02
 -14.384  0.5757E+01  0.1158E+02
 -14.374  0.5212E+01  0.1163E+02
 -14.364  0.4697E+01  0.1168E+02
 -14.354  0.4214E+01  0.1172E+02
 -14.344  0.3763E+01  0.1176E+02
 -14.334  0.3345E+01  0.1179E+02
 -14.324  0.2961E+01  0.1182E+02
 -14.314  0.2608E+01  0.1184E+02
 -14.304  0.2287E+01  0.1187E+02
 -14.294  0.1996E+01  0.1189E+02
 -14.284  0.1734E+01  0.1190E+02
 -14.274  0.1500E+01  0.1192E+02
 -14.264  0.1292E+01  0.1193E+02
 -14.254  0.1107E+01  0.1194E+02
 -14.244  0.9445E+00  0.1195E+02
 -14.234  0.8021E+00  0.1196E+02
 -14.224  0.6780E+00  0.1197E+02
 -14.214  0.5706E+00  0.1197E+02
 -14.204  0.4779E+00  0.1198E+02
 -14.194  0.3985E+00  0.1198E+02
 -14.184  0.3307E+00  0.1199E+02
 -14.174  0.2732E+00  0.1199E+02
 -14.164  0.2247E+00  0.1199E+02
 -14.154  0.1840E+00  0.1199E+02
 -14.144  0.1499E+00  0.1199E+02
 -14.134  0.1216E+00  0.1200E+02
 -14.124  0.9816E-01  0.1200E+02
 -14.114  0.7889E-01  0.1200E+02
 -14.104  0.6311E-01  0.1200E+02
 -14.094  0.5026E-01  0.1200E+02
 -14.084  0.3984E-01  0.1200E+02
 -14.074  0.3143E-01  0.1200E+02
 -14.064  0.2468E-01  0.1200E+02
 -14.054  0.1930E-01  0.1200E+02
 -14.044  0.1502E-01  0.1200E+02
 -14.034  0.1163E-01  0.1200E+02
 -14.024  0.8967E-02  0.1200E+02
 -14.014  0.6881E-02  0.1200E+02
 -14.004  0.5256E-02  0.1200E+02
 -13.994  0.3997E-02  0.1200E+02
 -13.984  0.3025E-02  0.1200E+02
 -13.974  0.2279E-02  0.1200E+02
 -13.964  0.1709E-02  0.1200E+02
 -13.954  0.1276E-02  0.1200E+02
 -13.944  0.9476E-03  0.1200E+02
 -13.934  0.7008E-03  0.1200E+02
 -13.924  0.5159E-03  0.1200E+02
 -13.914  0.3780E-03  0.1200E+02
 -13.904  0.2757E-03  0.1200E+02
 -13.894  0.2001E-03  0.1200E+02
 -13.884  0.1446E-03  0.1200E+02
 -13.874  0.1040E-03  0.1200E+02
 -13.864  0.7445E-04  0.1200E+02
 -13.854  0.5305E-04  0.1200E+02
 -13.844  0.3763E-04  0.1200E+02
 -13.834  0.2656E-04  0.1200E+02
 -13.824  0.1867E-04  0.1200E+02
 -13.814  0.1306E-04  0.1200E+02
 -13.804  0.9090E-05  0.1200E+02
 -13.794  0.6299E-05  0.1200E+02
 -13.784  0.4345E-05  0.1200E+02
 -13.774  0.2983E-05  0.1200E+02
 -13.764  0.2038E-05  0.1200E+02
 -13.754  0.1387E-05  0.1200E+02
 -13.744  0.9387E-06  0.1200E+02
 -13.734  0.6326E-06  0.1200E+02
 -13.724  0.4243E-06  0.1200E+02
 -13.714  0.2833E-06  0.1200E+02
 -13.704  0.1883E-06  0.1200E+02
 -13.694  0.1245E-06  0.1200E+02
 -13.684  0.8198E-07  0.1200E+02
 -13.674  0.5372E-07  0.1200E+02
 -13.664  0.3504E-07  0.1200E+02
 -13.654  0.2275E-07  0.1200E+02
 -13.644  0.1470E-07  0.1200E+02
 -13.634  0.9455E-08  0.1200E+02
 -13.624  0.6053E-08  0.1200E+02
 -13.614  0.3857E-08  0.1200E+02
 -13.604  0.2446E-08  0.1200E+02
 -13.594  0.1544E-08  0.1200E+02
 -13.584  0.9704E-09  0.1200E+02
 -13.574  0.6069E-09  0.1200E+02
 -13.564  0.3778E-09  0.1200E+02
 -13.554  0.2341E-09  0.1200E+02
 -13.544  0.1444E-09  0.1200E+02
 -13.534  0.8862E-10  0.1200E+02
 -13.524  0.5414E-10  0.1200E+02
 -13.514  0.3293E-10  0.1200E+02
 -13.504  0.1993E-10  0.1200E+02
 -13.494  0.1201E-10  0.1200E+02
 -13.484  0.7200E-11  0.1200E+02
 -13.474  0.4298E-11  0.1200E+02
 -13.464  0.2553E-11  0.1200E+02
 -13.454  0.1510E-11  0.1200E+02
 -13.444  0.8885E-12  0.1200E+02
 -13.434  0.5205E-12  0.1200E+02
 -13.424  0.3035E-12  0.1200E+02
 -13.414  0.1761E-12  0.1200E+02
 -13.404  0.1017E-12  0.1200E+02
 -13.394  0.5849E-13  0.1200E+02
 -13.384  0.3347E-13  0.1200E+02
 -13.374  0.1907E-13  0.1200E+02
 -13.364  0.1081E-13  0.1200E+02
 -13.354  0.6099E-14  0.1200E+02
 -13.344  0.3425E-14  0.1200E+02
 -13.334  0.1915E-14  0.1200E+02
 -13.324  0.1065E-14  0.1200E+02
 -13.314  0.5900E-15  0.1200E+02
 -13.304  0.3252E-15  0.1200E+02
 -13.294  0.1784E-15  0.1200E+02
 -13.284  0.9743E-16  0.1200E+02
 -13.274  0.5295E-16  0.1200E+02
 -13.264  0.2865E-16  0.1200E+02
 -13.254  0.1542E-16  0.1200E+02
 -13.244  0.8266E-17  0.1200E+02
 -13.234  0.4409E-17  0.1200E+02
 -13.224  0.2341E-17  0.1200E+02
 -13.214  0.1237E-17  0.1200E+02
 -13.204  0.6506E-18  0.1200E+02
 -13.194  0.3406E-18  0.1200E+02
 -13.184  0.1775E-18  0.1200E+02
 -13.174  0.9204E-19  0.1200E+02
 -13.164  0.4751E-19  0.1200E+02
 -13.154  0.2441E-19  0.1200E+02
 -13.144  0.1248E-19  0.1200E+02
 -13.134  0.6352E-20  0.1200E+02
 -13.124  0.3218E-20  0.1200E+02
 -13.114  0.1623E-20  0.1200E+02
 -13.104  0.8143E-21  0.1200E+02
 -13.094  0.4067E-21  0.1200E+02
 -13.084  0.2022E-21  0.1200E+02
 -13.074  0.1001E-21  0.1200E+02
 -13.064  0.4928E-22  0.1200E+02
 -13.054  0.2416E-22  0.1200E+02
 -13.044  0.1179E-22  0.1200E+02
 -13.034  0.5724E-23  0.1200E+02
 -13.024  0.2766E-23  0.1200E+02
 -13.014  0.1331E-23  0.1200E+02
 -13.004  0.6372E-24  0.1200E+02
 -12.994  0.3037E-24  0.1200E+02
 -12.984  0.1440E-24  0.1200E+02
 -12.974  0.6801E-25  0.1200E+02
 -12.964  0.3196E-25  0.1200E+02
 -12.954  0.1495E-25  0.1200E+02
 -12.944  0.6957E-26  0.1200E+02
 -12.934  0.3223E-26  0.1200E+02
 -12.924  0.1486E-26  0.1200E+02
 -12.914  0.6822E-27  0.1200E+02
 -12.904  0.3117E-27  0.1200E+02
 -12.894  0.1417E-27  0.1200E+02
 -12.884  0.6413E-28  0.1200E+02
 -12.874  0.2888E-28  0.1200E+02
 -12.864  0.1295E-28  0.1200E+02
 -12.854  0.5778E-29  0.1200E+02
 -12.844  0.2566E-29  0.1200E+02
 -12.834  0.1134E-29  0.1200E+02
 -12.824  0.4990E-30  0.1200E+02
 -12.814  0.2185E-30  0.1200E+02
 -12.804  0.9521E-31  0.1200E+02
 -12.794  0.4130E-31  0.1200E+02
 -12.784  0.1783E-31  0.1200E+02
 -12.774  0.7662E-32  0.1200E+02
 -12.764  0.3277E-32  0.1200E+02
 -12.754  0.1395E-32  0.1200E+02
 -12.744  0.5909E-33  0.1200E+02
 -12.734  0.2492E-33  0.1200E+02
 -12.724  0.1046E-33  0.1200E+02
 -12.714  0.4368E-34  0.1200E+02
 -12.704  0.1816E-34  0.1200E+02
 -12.694  0.7515E-35  0.1200E+02
 -12.684  0.3095E-35  0.1200E+02
 -12.674  0.1269E-35  0.1200E+02
 -12.664  0.5176E-36  0.1200E+02
 -12.654  0.2102E-36  0.1200E+02
 -12.644  0.8493E-37  0.1200E+02
 -12.634  0.3416E-37  0.1200E+02
 -12.624  0.1368E-37  0.1200E+02
 -12.614  0.5450E-38  0.1200E+02
 -12.604  0.2161E-38  0.1200E+02
 -12.594  0.8531E-39  0.1200E+02
 -12.584  0.3351E-39  0.1200E+02
 -12.574  0.1310E-39  0.1200E+02
 -12.564  0.5100E-40  0.1200E+02
 -12.554  0.1975E-40  0.1200E+02
 -12.544  0.7614E-41  0.1200E+02
 -12.534  0.2922E-41  0.1200E+02
 -12.524  0.1116E-41  0.1200E+02
 -12.514  0.4240E-42  0.1200E+02
 -12.504  0.1604E-42  0.1200E+02
 -12.494  0.6039E-43  0.1200E+02
 -12.484  0.2263E-43  0.1200E+02
 -12.474  0.8440E-44  0.1200E+02
 -12.464  0.3133E-44  0.1200E+02
 -12.454  0.1157E-44  0.1200E+02
 -12.444  0.4256E-45  0.1200E+02
 -12.434  0.1557E-45  0.1200E+02
 -12.424  0.5673E-46  0.1200E+02
 -12.414  0.2056E-46  0.1200E+02
 -12.404  0.7419E-47  0.1200E+02
 -12.394  0.2664E-47  0.1200E+02
 -12.384  0.9522E-48  0.1200E+02
 -12.374  0.3387E-48  0.1200E+02
 -12.364  0.1199E-48  0.1200E+02
 -12.354  0.4225E-49  0.1200E+02
 -12.344  0.1482E-49  0.1200E+02
 -12.334  0.5172E-50  0.1200E+02
 -12.324  0.1797E-50  0.1200E+02
 -12.314  0.6212E-51  0.1200E+02
 -12.304  0.2138E-51  0.1200E+02
 -12.294  0.7321E-52  0.1200E+02
 -12.284  0.2496E-52  0.1200E+02
 -12.274  0.8466E-53  0.1200E+02
 -12.264  0.2859E-53  0.1200E+02
 -12.254  0.9606E-54  0.1200E+02
 -12.244  0.3213E-54  0.1200E+02
 -12.234  0.1070E-54  0.1200E+02
 -12.224  0.3543E-55  0.1200E+02
 -12.214  0.1168E-55  0.1200E+02
 -12.204  0.3834E-56  0.1200E+02
 -12.194  0.1252E-56  0.1200E+02
 -12.184  0.4071E-57  0.1200E+02
 -12.174  0.1317E-57  0.1200E+02
 -12.164  0.4241E-58  0.1200E+02
 -12.154  0.1359E-58  0.1200E+02
 -12.144  0.4335E-59  0.1200E+02
 -12.134  0.1376E-59  0.1200E+02
 -12.124  0.4348E-60  0.1200E+02
 -12.114  0.1367E-60  0.1200E+02
 -12.104  0.4279E-61  0.1200E+02
 -12.094  0.1333E-61  0.1200E+02
 -12.084  0.4132E-62  0.1200E+02
 -12.074  0.1275E-62  0.1200E+02
 -12.064  0.3915E-63  0.1200E+02
 -12.054  0.1196E-63  0.1200E+02
 -12.044  0.3639E-64  0.1200E+02
 -12.034  0.1102E-64  0.1200E+02
 -12.024  0.3319E-65  0.1200E+02
 -12.014  0.9951E-66  0.1200E+02
 -12.004  0.2970E-66  0.1200E+02
 -11.994  0.8821E-67  0.1200E+02
 -11.984  0.2608E-67  0.1200E+02
 -11.974  0.7672E-68  0.1200E+02
 -11.964  0.2246E-68  0.1200E+02
 -11.954  0.6546E-69  0.1200E+02
 -11.944  0.1899E-69  0.1200E+02
 -11.934  0.5481E-70  0.1200E+02
 -11.924  0.1575E-70  0.1200E+02
 -11.914  0.4502E-71  0.1200E+02
 -11.904  0.1281E-71  0.1200E+02
 -11.894  0.3628E-72  0.1200E+02
 -11.884  0.1023E-72  0.1200E+02
 -11.874  0.2869E-73  0.1200E+02
 -11.864  0.8011E-74  0.1200E+02
 -11.854  0.2226E-74  0.1200E+02
 -11.844  0.6156E-75  0.1200E+02
 -11.834  0.1694E-75  0.1200E+02
 -11.824  0.4642E-76  0.1200E+02
 -11.814  0.1265E-76  0.1200E+02
 -11.804  0.3434E-77  0.1200E+02
 -11.794  0.9273E-78  0.1200E+02
 -11.784  0.2492E-78  0.1200E+02
 -11.774  0.6666E-79  0.1200E+02
 -11.764  0.1775E-79  0.1200E+02
 -11.754  0.4702E-80  0.1200E+02
 -11.744  0.1240E-80  0.1200E+02
 -11.734  0.3255E-81  0.1200E+02
 -11.724  0.8515E-82  0.1200E+02
 -11.714  0.2226E-82  0.1200E+02
 -11.704  0.5887E-83  0.1200E+02
 -11.694  0.1645E-83  0.1200E+02
 -11.684  0.5529E-84  0.1200E+02
 -11.674  0.2750E-84  0.1200E+02
 -11.664  0.2052E-84  0.1200E+02
 -11.654  0.1885E-84  0.1200E+02
 -11.644  0.1846E-84  0.1200E+02
 -11.634  0.1837E-84  0.1200E+02
 -11.624  0.1836E-84  0.1200E+02
 -11.614  0.1836E-84  0.1200E+02
 -11.604  0.1836E-84  0.1200E+02
 -11.594  0.1836E-84  0.1200E+02
 -11.584  0.1836E-84  0.1200E+02
 -11.574  0.1836E-84  0.1200E+02
 -11.564  0.1836E-84  0.1200E+02
 -11.554  0.1836E-84  0.1200E+02
 -11.544  0.1836E-84  0.1200E+02
 -11.534  0.1836E-84  0.1200E+02
 -11.524  0.1836E-84  0.1200E+02
 -11.514  0.1836E-84  0.1200E+02
 -11.504  0.1836E-84  0.1200E+02
 -11.494  0.1836E-84  0.1200E+02
 -11.484  0.1836E-84  0.1200E+02
 -11.474  0.1836E-84  0.1200E+02
 -11.464  0.1836E-84  0.1200E+02
 -11.454  0.1836E-84  0.1200E+02
 -11.444  0.1836E-84  0.1200E+02
 -11.434  0.1836E-84  0.1200E+02
 -11.424  0.1836E-84  0.1200E+02
 -11.414  0.1836E-84  0.1200E+02
 -11.404  0.1836E-84  0.1200E+02
 -11.394  0.1836E-84  0.1200E+02
 -11.384  0.1836E-84  0.1200E+02
 -11.374  0.1836E-84  0.1200E+02
 -11.364  0.1836E-84  0.1200E+02
 -11.354  0.1836E-84  0.1200E+02
 -11.344  0.1836E-84  0.1200E+02
 -11.334  0.1836E-84  0.1200E+02
 -11.324  0.1836E-84  0.1200E+02
 -11.314  0.1836E-84  0.1200E+02
 -11.304  0.1836E-84  0.1200E+02
 -11.294  0.1836E-84  0.1200E+02
 -11.284  0.1836E-84  0.1200E+02
 -11.274  0.1836E-84  0.1200E+02
 -11.264  0.1836E-84  0.1200E+02
 -11.254  0.1836E-84  0.1200E+02
 -11.244  0.1836E-84  0.1200E+02
 -11.234  0.1836E-84  0.1200E+02
 -11.224  0.1836E-84  0.1200E+02
 -11.214  0.1836E-84  0.1200E+02
 -11.204  0.1836E-84  0.1200E+02
 -11.194  0.1836E-84  0.1200E+02
 -11.184  0.1836E-84  0.1200E+02
 -11.174  0.1836E-84  0.1200E+02
 -11.164  0.1836E-84  0.1200E+02
 -11.154  0.1836E-84  0.1200E+02
 -11.144  0.1836E-84  0.1200E+02
 -11.134  0.1836E-84  0.1200E+02
 -11.124  0.1836E-84  0.1200E+02
 -11.114  0.1836E-84  0.1200E+02
 -11.104  0.1836E-84  0.1200E+02
 -11.094  0.1836E-84  0.1200E+02
 -11.084  0.1836E-84  0.1200E+02
 -11.074  0.1836E-84  0.1200E+02
 -11.064  0.1836E-84  0.1200E+02
 -11.054  0.1836E-84  0.1200E+02
 -11.044  0.1836E-84  0.1200E+02
 -11.034  0.1836E-84  0.1200E+02
 -11.024  0.1836E-84  0.1200E+02
 -11.014  0.1836E-84  0.1200E+02
 -11.004  0.1836E-84  0.1200E+02
 -10.994  0.1836E-84  0.1200E+02
 -10.984  0.1836E-84  0.1200E+02
 -10.974  0.1836E-84  0.1200E+02
 -10.964  0.1836E-84  0.1200E+02
 -10.954  0.1836E-84  0.1200E+02
 -10.944  0.1836E-84  0.1200E+02
 -10.934  0.1836E-84  0.1200E+02
 -10.924  0.1836E-84  0.1200E+02
 -10.914  0.1836E-84  0.1200E+02
 -10.904  0.1836E-84  0.1200E+02
 -10.894  0.1836E-84  0.1200E+02
 -10.884  0.1836E-84  0.1200E+02
 -10.874  0.1836E-84  0.1200E+02
 -10.864  0.1836E-84  0.1200E+02
 -10.854  0.1836E-84  0.1200E+02
 -10.844  0.1836E-84  0.1200E+02
 -10.834  0.1836E-84  0.1200E+02
 -10.824  0.1836E-84  0.1200E+02
 -10.814  0.1836E-84  0.1200E+02
 -10.804  0.1836E-84  0.1200E+02
 -10.794  0.1836E-84  0.1200E+02
 -10.784  0.1836E-84  0.1200E+02
 -10.774  0.1836E-84  0.1200E+02
 -10.764  0.1836E-84  0.1200E+02
 -10.754  0.1836E-84  0.1200E+02
 -10.744  0.1836E-84  0.1200E+02
 -10.734  0.1836E-84  0.1200E+02
 -10.724  0.1836E-84  0.1200E+02
 -10.714  0.1836E-84  0.1200E+02
 -10.704  0.1836E-84  0.1200E+02
 -10.694  0.1836E-84  0.1200E+02
 -10.684  0.1836E-84  0.1200E+02
 -10.674  0.1836E-84  0.1200E+02
 -10.664  0.1836E-84  0.1200E+02
 -10.654  0.1836E-84  0.1200E+02
 -10.644  0.1836E-84  0.1200E+02
 -10.634  0.1836E-84  0.1200E+02
 -10.624  0.1836E-84  0.1200E+02
 -10.614  0.1836E-84  0.1200E+02
 -10.604  0.1836E-84  0.1200E+02
 -10.594  0.1836E-84  0.1200E+02
 -10.584  0.1836E-84  0.1200E+02
 -10.574  0.1836E-84  0.1200E+02
 -10.564  0.1836E-84  0.1200E+02
 -10.554  0.1836E-84  0.1200E+02
 -10.544  0.1836E-84  0.1200E+02
 -10.534  0.1836E-84  0.1200E+02
 -10.524  0.1836E-84  0.1200E+02
 -10.514  0.1836E-84  0.1200E+02
 -10.504  0.1836E-84  0.1200E+02
 -10.494  0.1836E-84  0.1200E+02
 -10.484  0.1836E-84  0.1200E+02
 -10.474  0.1836E-84  0.1200E+02
 -10.464  0.1836E-84  0.1200E+02
 -10.454  0.1836E-84  0.1200E+02
 -10.444  0.1836E-84  0.1200E+02
 -10.434  0.1836E-84  0.1200E+02
 -10.424  0.1836E-84  0.1200E+02
 -10.414  0.1836E-84  0.1200E+02
 -10.404  0.1836E-84  0.1200E+02
 -10.394  0.1836E-84  0.1200E+02
 -10.384  0.1836E-84  0.1200E+02
 -10.374  0.1836E-84  0.1200E+02
 -10.364  0.1836E-84  0.1200E+02
 -10.354  0.1836E-84  0.1200E+02
 -10.344  0.1836E-84  0.1200E+02
 -10.334  0.1836E-84  0.1200E+02
 -10.324  0.1836E-84  0.1200E+02
 -10.314  0.1836E-84  0.1200E+02
 -10.304  0.1836E-84  0.1200E+02
 -10.294  0.1836E-84  0.1200E+02
 -10.284  0.1836E-84  0.1200E+02
 -10.274  0.1836E-84  0.1200E+02
 -10.264  0.1836E-84  0.1200E+02
 -10.254  0.1836E-84  0.1200E+02
 -10.244  0.1836E-84  0.1200E+02
 -10.234  0.1836E-84  0.1200E+02
 -10.224  0.1836E-84  0.1200E+02
 -10.214  0.1836E-84  0.1200E+02
 -10.204  0.1836E-84  0.1200E+02
 -10.194  0.1836E-84  0.1200E+02
 -10.184  0.1836E-84  0.1200E+02
 -10.174  0.1836E-84  0.1200E+02
 -10.164  0.1836E-84  0.1200E+02
 -10.154  0.1836E-84  0.1200E+02
 -10.144  0.1836E-84  0.1200E+02
 -10.134  0.1836E-84  0.1200E+02
 -10.124  0.1836E-84  0.1200E+02
 -10.114  0.1836E-84  0.1200E+02
 -10.104  0.1836E-84  0.1200E+02
 -10.094  0.1836E-84  0.1200E+02
 -10.084  0.1836E-84  0.1200E+02
 -10.074  0.1836E-84  0.1200E+02
 -10.064  0.1836E-84  0.1200E+02
 -10.054  0.1836E-84  0.1200E+02
 -10.044  0.1836E-84  0.1200E+02
 -10.034  0.1836E-84  0.1200E+02
 -10.024  0.1836E-84  0.1200E+02
 -10.014  0.1836E-84  0.1200E+02
 -10.004  0.1836E-84  0.1200E+02
  -9.994  0.1836E-84  0.1200E+02
  -9.984  0.1836E-84  0.1200E+02
  -9.974  0.1836E-84  0.1200E+02
  -9.964  0.1836E-84  0.1200E+02
  -9.954  0.1836E-84  0.1200E+02
  -9.944  0.1836E-84  0.1200E+02
  -9.934  0.1836E-84  0.1200E+02
  -9.924  0.1836E-84  0.1200E+02
  -9.914  0.1836E-84  0.1200E+02
  -9.904  0.1836E-84  0.1200E+02
  -9.894  0.1836E-84  0.1200E+02
  -9.884  0.1836E-84  0.1200E+02
  -9.874  0.1836E-84  0.1200E+02
  -9.864  0.1836E-84  0.1200E+02
  -9.854  0.1836E-84  0.1200E+02
  -9.844  0.1836E-84  0.1200E+02
  -9.834  0.1836E-84  0.1200E+02
  -9.824  0.1836E-84  0.1200E+02
  -9.814  0.1836E-84  0.1200E+02
  -9.804  0.1836E-84  0.1200E+02
  -9.794  0.1836E-84  0.1200E+02
  -9.784  0.1836E-84  0.1200E+02
  -9.774  0.1836E-84  0.1200E+02
  -9.764  0.1836E-84  0.1200E+02
  -9.754  0.1836E-84  0.1200E+02
  -9.744  0.1836E-84  0.1200E+02
  -9.734  0.1836E-84  0.1200E+02
  -9.724  0.1836E-84  0.1200E+02
  -9.714  0.1836E-84  0.1200E+02
  -9.704  0.1836E-84  0.1200E+02
  -9.694  0.1836E-84  0.1200E+02
  -9.684  0.1836E-84  0.1200E+02
  -9.674  0.1836E-84  0.1200E+02
  -9.664  0.1837E-84  0.1200E+02
  -9.654  0.1843E-84  0.1200E+02
  -9.644  0.1865E-84  0.1200E+02
  -9.634  0.1951E-84  0.1200E+02
  -9.624  0.2290E-84  0.1200E+02
  -9.614  0.3611E-84  0.1200E+02
  -9.604  0.8741E-84  0.1200E+02
  -9.594  0.2856E-83  0.1200E+02
  -9.584  0.1047E-82  0.1200E+02
  -9.574  0.3962E-82  0.1200E+02
  -9.564  0.1506E-81  0.1200E+02
  -9.554  0.5712E-81  0.1200E+02
  -9.544  0.2158E-80  0.1200E+02
  -9.534  0.8111E-80  0.1200E+02
  -9.524  0.3035E-79  0.1200E+02
  -9.514  0.1130E-78  0.1200E+02
  -9.504  0.4188E-78  0.1200E+02
  -9.494  0.1545E-77  0.1200E+02
  -9.484  0.5670E-77  0.1200E+02
  -9.474  0.2071E-76  0.1200E+02
  -9.464  0.7530E-76  0.1200E+02
  -9.454  0.2724E-75  0.1200E+02
  -9.444  0.9810E-75  0.1200E+02
  -9.434  0.3515E-74  0.1200E+02
  -9.424  0.1254E-73  0.1200E+02
  -9.414  0.4450E-73  0.1200E+02
  -9.404  0.1572E-72  0.1200E+02
  -9.394  0.5525E-72  0.1200E+02
  -9.384  0.1933E-71  0.1200E+02
  -9.374  0.6730E-71  0.1200E+02
  -9.364  0.2332E-70  0.1200E+02
  -9.354  0.8041E-70  0.1200E+02
  -9.344  0.2760E-69  0.1200E+02
  -9.334  0.9426E-69  0.1200E+02
  -9.324  0.3204E-68  0.1200E+02
  -9.314  0.1084E-67  0.1200E+02
  -9.304  0.3649E-67  0.1200E+02
  -9.294  0.1223E-66  0.1200E+02
  -9.284  0.4076E-66  0.1200E+02
  -9.274  0.1353E-65  0.1200E+02
  -9.264  0.4468E-65  0.1200E+02
  -9.254  0.1468E-64  0.1200E+02
  -9.244  0.4803E-64  0.1200E+02
  -9.234  0.1564E-63  0.1200E+02
  -9.224  0.5065E-63  0.1200E+02
  -9.214  0.1633E-62  0.1200E+02
  -9.204  0.5241E-62  0.1200E+02
  -9.194  0.1674E-61  0.1200E+02
  -9.184  0.5319E-61  0.1200E+02
  -9.174  0.1682E-60  0.1200E+02
  -9.164  0.5295E-60  0.1200E+02
  -9.154  0.1659E-59  0.1200E+02
  -9.144  0.5172E-59  0.1200E+02
  -9.134  0.1605E-58  0.1200E+02
  -9.124  0.4955E-58  0.1200E+02
  -9.114  0.1523E-57  0.1200E+02
  -9.104  0.4657E-57  0.1200E+02
  -9.094  0.1417E-56  0.1200E+02
  -9.084  0.4293E-56  0.1200E+02
  -9.074  0.1294E-55  0.1200E+02
  -9.064  0.3883E-55  0.1200E+02
  -9.054  0.1159E-54  0.1200E+02
  -9.044  0.3445E-54  0.1200E+02
  -9.034  0.1019E-53  0.1200E+02
  -9.024  0.2998E-53  0.1200E+02
  -9.014  0.8782E-53  0.1200E+02
  -9.004  0.2560E-52  0.1200E+02
  -8.994  0.7427E-52  0.1200E+02
  -8.984  0.2144E-51  0.1200E+02
  -8.974  0.6161E-51  0.1200E+02
  -8.964  0.1762E-50  0.1200E+02
  -8.954  0.5013E-50  0.1200E+02
  -8.944  0.1420E-49  0.1200E+02
  -8.934  0.4002E-49  0.1200E+02
  -8.924  0.1123E-48  0.1200E+02
  -8.914  0.3134E-48  0.1200E+02
  -8.904  0.8707E-48  0.1200E+02
  -8.894  0.2407E-47  0.1200E+02
  -8.884  0.6625E-47  0.1200E+02
  -8.874  0.1814E-46  0.1200E+02
  -8.864  0.4944E-46  0.1200E+02
  -8.854  0.1341E-45  0.1200E+02
  -8.844  0.3620E-45  0.1200E+02
  -8.834  0.9725E-45  0.1200E+02
  -8.824  0.2600E-44  0.1200E+02
  -8.814  0.6918E-44  0.1200E+02
  -8.804  0.1832E-43  0.1200E+02
  -8.794  0.4828E-43  0.1200E+02
  -8.784  0.1266E-42  0.1200E+02
  -8.774  0.3305E-42  0.1200E+02
  -8.764  0.8586E-42  0.1200E+02
  -8.754  0.2220E-41  0.1200E+02
  -8.744  0.5711E-41  0.1200E+02
  -8.734  0.1462E-40  0.1200E+02
  -8.724  0.3726E-40  0.1200E+02
  -8.714  0.9449E-40  0.1200E+02
  -8.704  0.2385E-39  0.1200E+02
  -8.694  0.5990E-39  0.1200E+02
  -8.684  0.1497E-38  0.1200E+02
  -8.674  0.3725E-38  0.1200E+02
  -8.664  0.9223E-38  0.1200E+02
  -8.654  0.2273E-37  0.1200E+02
  -8.644  0.5573E-37  0.1200E+02
  -8.634  0.1360E-36  0.1200E+02
  -8.624  0.3303E-36  0.1200E+02
  -8.614  0.7984E-36  0.1200E+02
  -8.604  0.1921E-35  0.1200E+02
  -8.594  0.4598E-35  0.1200E+02
  -8.584  0.1096E-34  0.1200E+02
  -8.574  0.2598E-34  0.1200E+02
  -8.564  0.6130E-34  0.1200E+02
  -8.554  0.1440E-33  0.1200E+02
  -8.544  0.3365E-33  0.1200E+02
  -8.534  0.7827E-33  0.1200E+02
  -8.524  0.1812E-32  0.1200E+02
  -8.514  0.4174E-32  0.1200E+02
  -8.504  0.9570E-32  0.1200E+02
  -8.494  0.2184E-31  0.1200E+02
  -8.484  0.4959E-31  0.1200E+02
  -8.474  0.1121E-30  0.1200E+02
  -8.464  0.2521E-30  0.1200E+02
  -8.454  0.5642E-30  0.1200E+02
  -8.444  0.1257E-29  0.1200E+02
  -8.434  0.2786E-29  0.1200E+02
  -8.424  0.6148E-29  0.1200E+02
  -8.414  0.1350E-28  0.1200E+02
  -8.404  0.2950E-28  0.1200E+02
  -8.394  0.6416E-28  0.1200E+02
  -8.384  0.1389E-27  0.1200E+02
  -8.374  0.2991E-27  0.1200E+02
  -8.364  0.6412E-27  0.1200E+02
  -8.354  0.1368E-26  0.1200E+02
  -8.344  0.2905E-26  0.1200E+02
  -8.334  0.6137E-26  0.1200E+02
  -8.324  0.1291E-25  0.1200E+02
  -8.314  0.2701E-25  0.1200E+02
  -8.304  0.5626E-25  0.1200E+02
  -8.294  0.1166E-24  0.1200E+02
  -8.284  0.2406E-24  0.1200E+02
  -8.274  0.4939E-24  0.1200E+02
  -8.264  0.1009E-23  0.1200E+02
  -8.254  0.2052E-23  0.1200E+02
  -8.244  0.4153E-23  0.1200E+02
  -8.234  0.8363E-23  0.1200E+02
  -8.224  0.1676E-22  0.1200E+02
  -8.214  0.3344E-22  0.1200E+02
  -8.204  0.6638E-22  0.1200E+02
  -8.194  0.1311E-21  0.1200E+02
  -8.184  0.2579E-21  0.1200E+02
  -8.174  0.5046E-21  0.1200E+02
  -8.164  0.9826E-21  0.1200E+02
  -8.154  0.1904E-20  0.1200E+02
  -8.144  0.3673E-20  0.1200E+02
  -8.134  0.7051E-20  0.1200E+02
  -8.124  0.1347E-19  0.1200E+02
  -8.114  0.2561E-19  0.1200E+02
  -8.104  0.4845E-19  0.1200E+02
  -8.094  0.9124E-19  0.1200E+02
  -8.084  0.1710E-18  0.1200E+02
  -8.074  0.3189E-18  0.1200E+02
  -8.064  0.5919E-18  0.1200E+02
  -8.054  0.1093E-17  0.1200E+02
  -8.044  0.2010E-17  0.1200E+02
  -8.034  0.3678E-17  0.1200E+02
  -8.024  0.6696E-17  0.1200E+02
  -8.014  0.1213E-16  0.1200E+02
  -8.004  0.2188E-16  0.1200E+02
  -7.994  0.3927E-16  0.1200E+02
  -7.984  0.7015E-16  0.1200E+02
  -7.974  0.1247E-15  0.1200E+02
  -7.964  0.2206E-15  0.1200E+02
  -7.954  0.3884E-15  0.1200E+02
  -7.944  0.6805E-15  0.1200E+02
  -7.934  0.1187E-14  0.1200E+02
  -7.924  0.2059E-14  0.1200E+02
  -7.914  0.3557E-14  0.1200E+02
  -7.904  0.6114E-14  0.1200E+02
  -7.894  0.1046E-13  0.1200E+02
  -7.884  0.1780E-13  0.1200E+02
  -7.874  0.3016E-13  0.1200E+02
  -7.864  0.5086E-13  0.1200E+02
  -7.854  0.8535E-13  0.1200E+02
  -7.844  0.1425E-12  0.1200E+02
  -7.834  0.2369E-12  0.1200E+02
  -7.824  0.3918E-12  0.1200E+02
  -7.814  0.6450E-12  0.1200E+02
  -7.804  0.1057E-11  0.1200E+02
  -7.794  0.1723E-11  0.1200E+02
  -7.784  0.2796E-11  0.1200E+02
  -7.774  0.4514E-11  0.1200E+02
  -7.764  0.7255E-11  0.1200E+02
  -7.754  0.1160E-10  0.1200E+02
  -7.744  0.1847E-10  0.1200E+02
  -7.734  0.2926E-10  0.1200E+02
  -7.724  0.4613E-10  0.1200E+02
  -7.714  0.7237E-10  0.1200E+02
  -7.704  0.1130E-09  0.1200E+02
  -7.694  0.1756E-09  0.1200E+02
  -7.684  0.2716E-09  0.1200E+02
  -7.674  0.4180E-09  0.1200E+02
  -7.664  0.6403E-09  0.1200E+02
  -7.654  0.9760E-09  0.1200E+02
  -7.644  0.1481E-08  0.1200E+02
  -7.634  0.2236E-08  0.1200E+02
  -7.624  0.3359E-08  0.1200E+02
  -7.614  0.5024E-08  0.1200E+02
  -7.604  0.7476E-08  0.1200E+02
  -7.594  0.1107E-07  0.1200E+02
  -7.584  0.1632E-07  0.1200E+02
  -7.574  0.2394E-07  0.1200E+02
  -7.564  0.3496E-07  0.1200E+02
  -7.554  0.5079E-07  0.1200E+02
  -7.544  0.7344E-07  0.1200E+02
  -7.534  0.1057E-06  0.1200E+02
  -7.524  0.1514E-06  0.1200E+02
  -7.514  0.2157E-06  0.1200E+02
  -7.504  0.3060E-06  0.1200E+02
  -7.494  0.4320E-06  0.1200E+02
  -7.484  0.6069E-06  0.1200E+02
  -7.474  0.8486E-06  0.1200E+02
  -7.464  0.1181E-05  0.1200E+02
  -7.454  0.1635E-05  0.1200E+02
  -7.444  0.2254E-05  0.1200E+02
  -7.434  0.3091E-05  0.1200E+02
  -7.424  0.4219E-05  0.1200E+02
  -7.414  0.5732E-05  0.1200E+02
  -7.404  0.7749E-05  0.1200E+02
  -7.394  0.1043E-04  0.1200E+02
  -7.384  0.1396E-04  0.1200E+02
  -7.374  0.1861E-04  0.1200E+02
  -7.364  0.2468E-04  0.1200E+02
  -7.354  0.3257E-04  0.1200E+02
  -7.344  0.4278E-04  0.1200E+02
  -7.334  0.5593E-04  0.1200E+02
  -7.324  0.7277E-04  0.1200E+02
  -7.314  0.9422E-04  0.1200E+02
  -7.304  0.1214E-03  0.1200E+02
  -7.294  0.1557E-03  0.1200E+02
  -7.284  0.1987E-03  0.1200E+02
  -7.274  0.2524E-03  0.1200E+02
  -7.264  0.3191E-03  0.1200E+02
  -7.254  0.4014E-03  0.1200E+02
  -7.244  0.5026E-03  0.1200E+02
  -7.234  0.6263E-03  0.1200E+02
  -7.224  0.7766E-03  0.1200E+02
  -7.214  0.9585E-03  0.1200E+02
  -7.204  0.1177E-02  0.1200E+02
  -7.194  0.1439E-02  0.1200E+02
  -7.184  0.1751E-02  0.1200E+02
  -7.174  0.2120E-02  0.1200E+02
  -7.164  0.2554E-02  0.1200E+02
  -7.154  0.3063E-02  0.1200E+02
  -7.144  0.3655E-02  0.1200E+02
  -7.134  0.4342E-02  0.1200E+02
  -7.124  0.5133E-02  0.1200E+02
  -7.114  0.6039E-02  0.1200E+02
  -7.104  0.7071E-02  0.1200E+02
  -7.094  0.8241E-02  0.1200E+02
  -7.084  0.9559E-02  0.1200E+02
  -7.074  0.1103E-01  0.1200E+02
  -7.064  0.1268E-01  0.1200E+02
  -7.054  0.1450E-01  0.1200E+02
  -7.044  0.1650E-01  0.1200E+02
  -7.034  0.1869E-01  0.1200E+02
  -7.024  0.2108E-01  0.1200E+02
  -7.014  0.2366E-01  0.1200E+02
  -7.004  0.2643E-01  0.1200E+02
  -6.994  0.2939E-01  0.1200E+02
  -6.984  0.3254E-01  0.1200E+02
  -6.974  0.3586E-01  0.1200E+02
  -6.964  0.3935E-01  0.1200E+02
  -6.954  0.4298E-01  0.1200E+02
  -6.944  0.4674E-01  0.1200E+02
  -6.934  0.5062E-01  0.1200E+02
  -6.924  0.5458E-01  0.1201E+02
  -6.914  0.5862E-01  0.1201E+02
  -6.904  0.6270E-01  0.1201E+02
  -6.894  0.6682E-01  0.1201E+02
  -6.884  0.7093E-01  0.1201E+02
  -6.874  0.7503E-01  0.1201E+02
  -6.864  0.7910E-01  0.1201E+02
  -6.854  0.8314E-01  0.1201E+02
  -6.844  0.8712E-01  0.1201E+02
  -6.834  0.9105E-01  0.1201E+02
  -6.824  0.9494E-01  0.1201E+02
  -6.814  0.9879E-01  0.1201E+02
  -6.804  0.1026E+00  0.1202E+02
  -6.794  0.1065E+00  0.1202E+02
  -6.784  0.1104E+00  0.1202E+02
  -6.774  0.1144E+00  0.1202E+02
  -6.764  0.1186E+00  0.1202E+02
  -6.754  0.1230E+00  0.1202E+02
  -6.744  0.1276E+00  0.1202E+02
  -6.734  0.1327E+00  0.1202E+02
  -6.724  0.1381E+00  0.1202E+02
  -6.714  0.1441E+00  0.1203E+02
  -6.704  0.1507E+00  0.1203E+02
  -6.694  0.1581E+00  0.1203E+02
  -6.684  0.1662E+00  0.1203E+02
  -6.674  0.1752E+00  0.1203E+02
  -6.664  0.1851E+00  0.1203E+02
  -6.654  0.1962E+00  0.1204E+02
  -6.644  0.2083E+00  0.1204E+02
  -6.634  0.2216E+00  0.1204E+02
  -6.624  0.2362E+00  0.1204E+02
  -6.614  0.2520E+00  0.1205E+02
  -6.604  0.2692E+00  0.1205E+02
  -6.594  0.2877E+00  0.1205E+02
  -6.584  0.3076E+00  0.1205E+02
  -6.574  0.3288E+00  0.1206E+02
  -6.564  0.3514E+00  0.1206E+02
  -6.554  0.3752E+00  0.1206E+02
  -6.544  0.4003E+00  0.1207E+02
  -6.534  0.4266E+00  0.1207E+02
  -6.524  0.4540E+00  0.1208E+02
  -6.514  0.4826E+00  0.1208E+02
  -6.504  0.5121E+00  0.1209E+02
  -6.494  0.5425E+00  0.1209E+02
  -6.484  0.5737E+00  0.1210E+02
  -6.474  0.6056E+00  0.1210E+02
  -6.464  0.6382E+00  0.1211E+02
  -6.454  0.6712E+00  0.1212E+02
  -6.444  0.7047E+00  0.1213E+02
  -6.434  0.7386E+00  0.1213E+02
  -6.424  0.7727E+00  0.1214E+02
  -6.414  0.8069E+00  0.1215E+02
  -6.404  0.8411E+00  0.1216E+02
  -6.394  0.8753E+00  0.1217E+02
  -6.384  0.9094E+00  0.1217E+02
  -6.374  0.9432E+00  0.1218E+02
  -6.364  0.9767E+00  0.1219E+02
  -6.354  0.1010E+01  0.1220E+02
  -6.344  0.1042E+01  0.1221E+02
  -6.334  0.1074E+01  0.1222E+02
  -6.324  0.1105E+01  0.1224E+02
  -6.314  0.1135E+01  0.1225E+02
  -6.304  0.1165E+01  0.1226E+02
  -6.294  0.1193E+01  0.1227E+02
  -6.284  0.1220E+01  0.1228E+02
  -6.274  0.1245E+01  0.1230E+02
  -6.264  0.1269E+01  0.1231E+02
  -6.254  0.1291E+01  0.1232E+02
  -6.244  0.1312E+01  0.1233E+02
  -6.234  0.1330E+01  0.1235E+02
  -6.224  0.1347E+01  0.1236E+02
  -6.214  0.1362E+01  0.1237E+02
  -6.204  0.1375E+01  0.1239E+02
  -6.194  0.1386E+01  0.1240E+02
  -6.184  0.1396E+01  0.1242E+02
  -6.174  0.1404E+01  0.1243E+02
  -6.164  0.1411E+01  0.1244E+02
  -6.154  0.1417E+01  0.1246E+02
  -6.144  0.1422E+01  0.1247E+02
  -6.134  0.1427E+01  0.1249E+02
  -6.124  0.1432E+01  0.1250E+02
  -6.114  0.1438E+01  0.1252E+02
  -6.104  0.1445E+01  0.1253E+02
  -6.094  0.1454E+01  0.1254E+02
  -6.084  0.1466E+01  0.1256E+02
  -6.074  0.1480E+01  0.1257E+02
  -6.064  0.1499E+01  0.1259E+02
  -6.054  0.1522E+01  0.1260E+02
  -6.044  0.1550E+01  0.1262E+02
  -6.034  0.1584E+01  0.1264E+02
  -6.024  0.1624E+01  0.1265E+02
  -6.014  0.1670E+01  0.1267E+02
  -6.004  0.1722E+01  0.1269E+02
  -5.994  0.1782E+01  0.1270E+02
  -5.984  0.1848E+01  0.1272E+02
  -5.974  0.1921E+01  0.1274E+02
  -5.964  0.2000E+01  0.1276E+02
  -5.954  0.2085E+01  0.1278E+02
  -5.944  0.2176E+01  0.1280E+02
  -5.934  0.2271E+01  0.1283E+02
  -5.924  0.2371E+01  0.1285E+02
  -5.914  0.2473E+01  0.1288E+02
  -5.904  0.2577E+01  0.1290E+02
  -5.894  0.2682E+01  0.1293E+02
  -5.884  0.2787E+01  0.1296E+02
  -5.874  0.2889E+01  0.1298E+02
  -5.864  0.2989E+01  0.1301E+02
  -5.854  0.3084E+01  0.1305E+02
  -5.844  0.3173E+01  0.1308E+02
  -5.834  0.3256E+01  0.1311E+02
  -5.824  0.3329E+01  0.1314E+02
  -5.814  0.3394E+01  0.1318E+02
  -5.804  0.3448E+01  0.1321E+02
  -5.794  0.3491E+01  0.1325E+02
  -5.784  0.3521E+01  0.1328E+02
  -5.774  0.3539E+01  0.1332E+02
  -5.764  0.3544E+01  0.1335E+02
  -5.754  0.3536E+01  0.1339E+02
  -5.744  0.3514E+01  0.1342E+02
  -5.734  0.3480E+01  0.1346E+02
  -5.724  0.3432E+01  0.1349E+02
  -5.714  0.3373E+01  0.1353E+02
  -5.704  0.3301E+01  0.1356E+02
  -5.694  0.3219E+01  0.1359E+02
  -5.684  0.3127E+01  0.1362E+02
  -5.674  0.3027E+01  0.1365E+02
  -5.664  0.2919E+01  0.1368E+02
  -5.654  0.2804E+01  0.1371E+02
  -5.644  0.2684E+01  0.1374E+02
  -5.634  0.2560E+01  0.1376E+02
  -5.624  0.2434E+01  0.1379E+02
  -5.614  0.2307E+01  0.1381E+02
  -5.604  0.2180E+01  0.1383E+02
  -5.594  0.2053E+01  0.1385E+02
  -5.584  0.1929E+01  0.1387E+02
  -5.574  0.1809E+01  0.1389E+02
  -5.564  0.1692E+01  0.1391E+02
  -5.554  0.1580E+01  0.1392E+02
  -5.544  0.1474E+01  0.1394E+02
  -5.534  0.1375E+01  0.1395E+02
  -5.524  0.1281E+01  0.1396E+02
  -5.514  0.1195E+01  0.1398E+02
  -5.504  0.1116E+01  0.1399E+02
  -5.494  0.1044E+01  0.1400E+02
  -5.484  0.9787E+00  0.1401E+02
  -5.474  0.9205E+00  0.1402E+02
  -5.464  0.8690E+00  0.1402E+02
  -5.454  0.8239E+00  0.1403E+02
  -5.444  0.7847E+00  0.1404E+02
  -5.434  0.7509E+00  0.1405E+02
  -5.424  0.7221E+00  0.1406E+02
  -5.414  0.6977E+00  0.1406E+02
  -5.404  0.6772E+00  0.1407E+02
  -5.394  0.6599E+00  0.1408E+02
  -5.384  0.6453E+00  0.1408E+02
  -5.374  0.6329E+00  0.1409E+02
  -5.364  0.6221E+00  0.1409E+02
  -5.354  0.6124E+00  0.1410E+02
  -5.344  0.6034E+00  0.1411E+02
  -5.334  0.5946E+00  0.1411E+02
  -5.324  0.5858E+00  0.1412E+02
  -5.314  0.5765E+00  0.1412E+02
  -5.304  0.5665E+00  0.1413E+02
  -5.294  0.5557E+00  0.1414E+02
  -5.284  0.5439E+00  0.1414E+02
  -5.274  0.5312E+00  0.1415E+02
  -5.264  0.5174E+00  0.1415E+02
  -5.254  0.5026E+00  0.1416E+02
  -5.244  0.4870E+00  0.1416E+02
  -5.234  0.4706E+00  0.1417E+02
  -5.224  0.4538E+00  0.1417E+02
  -5.214  0.4368E+00  0.1417E+02
  -5.204  0.4197E+00  0.1418E+02
  -5.194  0.4030E+00  0.1418E+02
  -5.184  0.3870E+00  0.1419E+02
  -5.174  0.3721E+00  0.1419E+02
  -5.164  0.3586E+00  0.1419E+02
  -5.154  0.3469E+00  0.1420E+02
  -5.144  0.3375E+00  0.1420E+02
  -5.134  0.3307E+00  0.1420E+02
  -5.124  0.3271E+00  0.1421E+02
  -5.114  0.3271E+00  0.1421E+02
  -5.104  0.3310E+00  0.1421E+02
  -5.094  0.3395E+00  0.1422E+02
  -5.084  0.3528E+00  0.1422E+02
  -5.074  0.3715E+00  0.1422E+02
  -5.064  0.3960E+00  0.1423E+02
  -5.054  0.4268E+00  0.1423E+02
  -5.044  0.4642E+00  0.1424E+02
  -5.034  0.5087E+00  0.1424E+02
  -5.024  0.5606E+00  0.1425E+02
  -5.014  0.6202E+00  0.1425E+02
  -5.004  0.6879E+00  0.1426E+02
  -4.994  0.7639E+00  0.1427E+02
  -4.984  0.8483E+00  0.1428E+02
  -4.974  0.9413E+00  0.1429E+02
  -4.964  0.1043E+01  0.1430E+02
  -4.954  0.1153E+01  0.1431E+02
  -4.944  0.1271E+01  0.1432E+02
  -4.934  0.1397E+01  0.1434E+02
  -4.924  0.1531E+01  0.1435E+02
  -4.914  0.1672E+01  0.1437E+02
  -4.904  0.1819E+01  0.1439E+02
  -4.894  0.1972E+01  0.1441E+02
  -4.884  0.2129E+01  0.1443E+02
  -4.874  0.2289E+01  0.1445E+02
  -4.864  0.2452E+01  0.1447E+02
  -4.854  0.2615E+01  0.1450E+02
  -4.844  0.2777E+01  0.1453E+02
  -4.834  0.2938E+01  0.1456E+02
  -4.824  0.3095E+01  0.1459E+02
  -4.814  0.3246E+01  0.1462E+02
  -4.804  0.3390E+01  0.1466E+02
  -4.794  0.3525E+01  0.1469E+02
  -4.784  0.3650E+01  0.1473E+02
  -4.774  0.3764E+01  0.1476E+02
  -4.764  0.3864E+01  0.1480E+02
  -4.754  0.3950E+01  0.1484E+02
  -4.744  0.4020E+01  0.1488E+02
  -4.734  0.4073E+01  0.1492E+02
  -4.724  0.4109E+01  0.1496E+02
  -4.714  0.4128E+01  0.1501E+02
  -4.704  0.4128E+01  0.1505E+02
  -4.694  0.4110E+01  0.1509E+02
  -4.684  0.4075E+01  0.1513E+02
  -4.674  0.4021E+01  0.1517E+02
  -4.664  0.3952E+01  0.1521E+02
  -4.654  0.3866E+01  0.1525E+02
  -4.644  0.3765E+01  0.1528E+02
  -4.634  0.3651E+01  0.1532E+02
  -4.624  0.3524E+01  0.1536E+02
  -4.614  0.3387E+01  0.1539E+02
  -4.604  0.3241E+01  0.1542E+02
  -4.594  0.3087E+01  0.1545E+02
  -4.584  0.2928E+01  0.1548E+02
  -4.574  0.2765E+01  0.1551E+02
  -4.564  0.2600E+01  0.1554E+02
  -4.554  0.2434E+01  0.1556E+02
  -4.544  0.2269E+01  0.1558E+02
  -4.534  0.2106E+01  0.1560E+02
  -4.524  0.1947E+01  0.1562E+02
  -4.514  0.1793E+01  0.1564E+02
  -4.504  0.1645E+01  0.1566E+02
  -4.494  0.1503E+01  0.1567E+02
  -4.484  0.1370E+01  0.1569E+02
  -4.474  0.1244E+01  0.1570E+02
  -4.464  0.1128E+01  0.1571E+02
  -4.454  0.1020E+01  0.1572E+02
  -4.444  0.9217E+00  0.1573E+02
  -4.434  0.8327E+00  0.1574E+02
  -4.424  0.7530E+00  0.1575E+02
  -4.414  0.6825E+00  0.1575E+02
  -4.404  0.6209E+00  0.1576E+02
  -4.394  0.5681E+00  0.1577E+02
  -4.384  0.5237E+00  0.1577E+02
  -4.374  0.4872E+00  0.1578E+02
  -4.364  0.4583E+00  0.1578E+02
  -4.354  0.4366E+00  0.1578E+02
  -4.344  0.4215E+00  0.1579E+02
  -4.334  0.4126E+00  0.1579E+02
  -4.324  0.4094E+00  0.1580E+02
  -4.314  0.4115E+00  0.1580E+02
  -4.304  0.4183E+00  0.1580E+02
  -4.294  0.4296E+00  0.1581E+02
  -4.284  0.4448E+00  0.1581E+02
  -4.274  0.4635E+00  0.1582E+02
  -4.264  0.4854E+00  0.1582E+02
  -4.254  0.5101E+00  0.1583E+02
  -4.244  0.5374E+00  0.1583E+02
  -4.234  0.5669E+00  0.1584E+02
  -4.224  0.5984E+00  0.1585E+02
  -4.214  0.6317E+00  0.1585E+02
  -4.204  0.6667E+00  0.1586E+02
  -4.194  0.7032E+00  0.1587E+02
  -4.184  0.7410E+00  0.1587E+02
  -4.174  0.7803E+00  0.1588E+02
  -4.164  0.8209E+00  0.1589E+02
  -4.154  0.8628E+00  0.1590E+02
  -4.144  0.9062E+00  0.1591E+02
  -4.134  0.9510E+00  0.1592E+02
  -4.124  0.9974E+00  0.1593E+02
  -4.114  0.1045E+01  0.1594E+02
  -4.104  0.1095E+01  0.1595E+02
  -4.094  0.1147E+01  0.1596E+02
  -4.084  0.1201E+01  0.1597E+02
  -4.074  0.1257E+01  0.1598E+02
  -4.064  0.1314E+01  0.1600E+02
  -4.054  0.1375E+01  0.1601E+02
  -4.044  0.1437E+01  0.1602E+02
  -4.034  0.1502E+01  0.1604E+02
  -4.024  0.1569E+01  0.1606E+02
  -4.014  0.1637E+01  0.1607E+02
  -4.004  0.1708E+01  0.1609E+02
  -3.994  0.1780E+01  0.1611E+02
  -3.984  0.1854E+01  0.1613E+02
  -3.974  0.1928E+01  0.1614E+02
  -3.964  0.2004E+01  0.1616E+02
  -3.954  0.2079E+01  0.1619E+02
  -3.944  0.2154E+01  0.1621E+02
  -3.934  0.2228E+01  0.1623E+02
  -3.924  0.2300E+01  0.1625E+02
  -3.914  0.2371E+01  0.1628E+02
  -3.904  0.2439E+01  0.1630E+02
  -3.894  0.2504E+01  0.1633E+02
  -3.884  0.2565E+01  0.1635E+02
  -3.874  0.2622E+01  0.1638E+02
  -3.864  0.2674E+01  0.1640E+02
  -3.854  0.2721E+01  0.1643E+02
  -3.844  0.2763E+01  0.1646E+02
  -3.834  0.2798E+01  0.1649E+02
  -3.824  0.2828E+01  0.1651E+02
  -3.814  0.2851E+01  0.1654E+02
  -3.804  0.2868E+01  0.1657E+02
  -3.794  0.2879E+01  0.1660E+02
  -3.784  0.2883E+01  0.1663E+02
  -3.774  0.2881E+01  0.1666E+02
  -3.764  0.2873E+01  0.1669E+02
  -3.754  0.2859E+01  0.1672E+02
  -3.744  0.2840E+01  0.1674E+02
  -3.734  0.2816E+01  0.1677E+02
  -3.724  0.2787E+01  0.1680E+02
  -3.714  0.2754E+01  0.1683E+02
  -3.704  0.2717E+01  0.1686E+02
  -3.694  0.2678E+01  0.1688E+02
  -3.684  0.2636E+01  0.1691E+02
  -3.674  0.2592E+01  0.1693E+02
  -3.664  0.2547E+01  0.1696E+02
  -3.654  0.2501E+01  0.1698E+02
  -3.644  0.2454E+01  0.1701E+02
  -3.634  0.2408E+01  0.1703E+02
  -3.624  0.2362E+01  0.1706E+02
  -3.614  0.2317E+01  0.1708E+02
  -3.604  0.2273E+01  0.1710E+02
  -3.594  0.2230E+01  0.1712E+02
  -3.584  0.2190E+01  0.1715E+02
  -3.574  0.2151E+01  0.1717E+02
  -3.564  0.2113E+01  0.1719E+02
  -3.554  0.2078E+01  0.1721E+02
  -3.544  0.2045E+01  0.1723E+02
  -3.534  0.2013E+01  0.1725E+02
  -3.524  0.1982E+01  0.1727E+02
  -3.514  0.1953E+01  0.1729E+02
  -3.504  0.1925E+01  0.1731E+02
  -3.494  0.1897E+01  0.1733E+02
  -3.484  0.1870E+01  0.1735E+02
  -3.474  0.1844E+01  0.1737E+02
  -3.464  0.1817E+01  0.1738E+02
  -3.454  0.1790E+01  0.1740E+02
  -3.444  0.1763E+01  0.1742E+02
  -3.434  0.1735E+01  0.1744E+02
  -3.424  0.1706E+01  0.1745E+02
  -3.414  0.1677E+01  0.1747E+02
  -3.404  0.1647E+01  0.1749E+02
  -3.394  0.1617E+01  0.1750E+02
  -3.384  0.1586E+01  0.1752E+02
  -3.374  0.1555E+01  0.1753E+02
  -3.364  0.1525E+01  0.1755E+02
  -3.354  0.1496E+01  0.1756E+02
  -3.344  0.1468E+01  0.1758E+02
  -3.334  0.1442E+01  0.1759E+02
  -3.324  0.1419E+01  0.1761E+02
  -3.314  0.1400E+01  0.1762E+02
  -3.304  0.1385E+01  0.1764E+02
  -3.294  0.1375E+01  0.1765E+02
  -3.284  0.1371E+01  0.1766E+02
  -3.274  0.1375E+01  0.1768E+02
  -3.264  0.1387E+01  0.1769E+02
  -3.254  0.1407E+01  0.1770E+02
  -3.244  0.1437E+01  0.1772E+02
  -3.234  0.1478E+01  0.1773E+02
  -3.224  0.1530E+01  0.1775E+02
  -3.214  0.1594E+01  0.1777E+02
  -3.204  0.1671E+01  0.1778E+02
  -3.194  0.1761E+01  0.1780E+02
  -3.184  0.1865E+01  0.1782E+02
  -3.174  0.1983E+01  0.1784E+02
  -3.164  0.2115E+01  0.1786E+02
  -3.154  0.2262E+01  0.1788E+02
  -3.144  0.2422E+01  0.1791E+02
  -3.134  0.2597E+01  0.1793E+02
  -3.124  0.2785E+01  0.1796E+02
  -3.114  0.2986E+01  0.1799E+02
  -3.104  0.3199E+01  0.1802E+02
  -3.094  0.3424E+01  0.1806E+02
  -3.084  0.3659E+01  0.1809E+02
  -3.074  0.3902E+01  0.1813E+02
  -3.064  0.4153E+01  0.1817E+02
  -3.054  0.4409E+01  0.1822E+02
  -3.044  0.4670E+01  0.1826E+02
  -3.034  0.4933E+01  0.1831E+02
  -3.024  0.5196E+01  0.1837E+02
  -3.014  0.5458E+01  0.1842E+02
  -3.004  0.5716E+01  0.1848E+02
  -2.994  0.5968E+01  0.1854E+02
  -2.984  0.6213E+01  0.1860E+02
  -2.974  0.6449E+01  0.1866E+02
  -2.964  0.6673E+01  0.1873E+02
  -2.954  0.6885E+01  0.1880E+02
  -2.944  0.7082E+01  0.1887E+02
  -2.934  0.7263E+01  0.1894E+02
  -2.924  0.7428E+01  0.1902E+02
  -2.914  0.7574E+01  0.1909E+02
  -2.904  0.7703E+01  0.1917E+02
  -2.894  0.7812E+01  0.1925E+02
  -2.884  0.7903E+01  0.1933E+02
  -2.874  0.7975E+01  0.1941E+02
  -2.864  0.8029E+01  0.1949E+02
  -2.854  0.8065E+01  0.1957E+02
  -2.844  0.8083E+01  0.1965E+02
  -2.834  0.8086E+01  0.1973E+02
  -2.824  0.8073E+01  0.1981E+02
  -2.814  0.8047E+01  0.1989E+02
  -2.804  0.8008E+01  0.1997E+02
  -2.794  0.7959E+01  0.2005E+02
  -2.784  0.7900E+01  0.2013E+02
  -2.774  0.7832E+01  0.2021E+02
  -2.764  0.7759E+01  0.2028E+02
  -2.754  0.7680E+01  0.2036E+02
  -2.744  0.7596E+01  0.2044E+02
  -2.734  0.7511E+01  0.2051E+02
  -2.724  0.7423E+01  0.2059E+02
  -2.714  0.7335E+01  0.2066E+02
  -2.704  0.7247E+01  0.2073E+02
  -2.694  0.7160E+01  0.2080E+02
  -2.684  0.7074E+01  0.2087E+02
  -2.674  0.6990E+01  0.2094E+02
  -2.664  0.6909E+01  0.2101E+02
  -2.654  0.6831E+01  0.2108E+02
  -2.644  0.6755E+01  0.2115E+02
  -2.634  0.6683E+01  0.2122E+02
  -2.624  0.6614E+01  0.2128E+02
  -2.614  0.6548E+01  0.2135E+02
  -2.604  0.6485E+01  0.2141E+02
  -2.594  0.6424E+01  0.2148E+02
  -2.584  0.6367E+01  0.2154E+02
  -2.574  0.6313E+01  0.2160E+02
  -2.564  0.6261E+01  0.2167E+02
  -2.554  0.6211E+01  0.2173E+02
  -2.544  0.6163E+01  0.2179E+02
  -2.534  0.6118E+01  0.2185E+02
  -2.524  0.6074E+01  0.2191E+02
  -2.514  0.6031E+01  0.2197E+02
  -2.504  0.5989E+01  0.2203E+02
  -2.494  0.5948E+01  0.2209E+02
  -2.484  0.5907E+01  0.2215E+02
  -2.474  0.5866E+01  0.2221E+02
  -2.464  0.5824E+01  0.2227E+02
  -2.454  0.5781E+01  0.2233E+02
  -2.444  0.5736E+01  0.2238E+02
  -2.434  0.5690E+01  0.2244E+02
  -2.424  0.5640E+01  0.2250E+02
  -2.414  0.5588E+01  0.2255E+02
  -2.404  0.5532E+01  0.2261E+02
  -2.394  0.5472E+01  0.2266E+02
  -2.384  0.5408E+01  0.2272E+02
  -2.374  0.5339E+01  0.2277E+02
  -2.364  0.5264E+01  0.2282E+02
  -2.354  0.5185E+01  0.2287E+02
  -2.344  0.5099E+01  0.2293E+02
  -2.334  0.5009E+01  0.2298E+02
  -2.324  0.4912E+01  0.2302E+02
  -2.314  0.4810E+01  0.2307E+02
  -2.304  0.4702E+01  0.2312E+02
  -2.294  0.4589E+01  0.2317E+02
  -2.284  0.4470E+01  0.2321E+02
  -2.274  0.4347E+01  0.2325E+02
  -2.264  0.4220E+01  0.2330E+02
  -2.254  0.4089E+01  0.2334E+02
  -2.244  0.3954E+01  0.2338E+02
  -2.234  0.3816E+01  0.2341E+02
  -2.224  0.3676E+01  0.2345E+02
  -2.214  0.3535E+01  0.2349E+02
  -2.204  0.3392E+01  0.2352E+02
  -2.194  0.3248E+01  0.2355E+02
  -2.184  0.3104E+01  0.2358E+02
  -2.174  0.2961E+01  0.2361E+02
  -2.164  0.2818E+01  0.2364E+02
  -2.154  0.2677E+01  0.2367E+02
  -2.144  0.2538E+01  0.2369E+02
  -2.134  0.2401E+01  0.2372E+02
  -2.124  0.2266E+01  0.2374E+02
  -2.114  0.2135E+01  0.2376E+02
  -2.104  0.2006E+01  0.2378E+02
  -2.094  0.1882E+01  0.2380E+02
  -2.084  0.1761E+01  0.2382E+02
  -2.074  0.1644E+01  0.2383E+02
  -2.064  0.1531E+01  0.2385E+02
  -2.054  0.1422E+01  0.2386E+02
  -2.044  0.1318E+01  0.2388E+02
  -2.034  0.1219E+01  0.2389E+02
  -2.024  0.1123E+01  0.2390E+02
  -2.014  0.1033E+01  0.2391E+02
  -2.004  0.9473E+00  0.2392E+02
  -1.994  0.8661E+00  0.2393E+02
  -1.984  0.7896E+00  0.2394E+02
  -1.974  0.7177E+00  0.2394E+02
  -1.964  0.6503E+00  0.2395E+02
  -1.954  0.5873E+00  0.2396E+02
  -1.944  0.5287E+00  0.2396E+02
  -1.934  0.4744E+00  0.2397E+02
  -1.924  0.4242E+00  0.2397E+02
  -1.914  0.3780E+00  0.2398E+02
  -1.904  0.3356E+00  0.2398E+02
  -1.894  0.2969E+00  0.2398E+02
  -1.884  0.2617E+00  0.2398E+02
  -1.874  0.2298E+00  0.2399E+02
  -1.864  0.2010E+00  0.2399E+02
  -1.854  0.1751E+00  0.2399E+02
  -1.844  0.1520E+00  0.2399E+02
  -1.834  0.1313E+00  0.2399E+02
  -1.824  0.1131E+00  0.2399E+02
  -1.814  0.9693E-01  0.2400E+02
  -1.804  0.8276E-01  0.2400E+02
  -1.794  0.7035E-01  0.2400E+02
  -1.784  0.5956E-01  0.2400E+02
  -1.774  0.5020E-01  0.2400E+02
  -1.764  0.4214E-01  0.2400E+02
  -1.754  0.3521E-01  0.2400E+02
  -1.744  0.2929E-01  0.2400E+02
  -1.734  0.2426E-01  0.2400E+02
  -1.724  0.2001E-01  0.2400E+02
  -1.714  0.1643E-01  0.2400E+02
  -1.704  0.1343E-01  0.2400E+02
  -1.694  0.1092E-01  0.2400E+02
  -1.684  0.8847E-02  0.2400E+02
  -1.674  0.7132E-02  0.2400E+02
  -1.664  0.5724E-02  0.2400E+02
  -1.654  0.4573E-02  0.2400E+02
  -1.644  0.3636E-02  0.2400E+02
  -1.634  0.2878E-02  0.2400E+02
  -1.624  0.2268E-02  0.2400E+02
  -1.614  0.1778E-02  0.2400E+02
  -1.604  0.1388E-02  0.2400E+02
  -1.594  0.1079E-02  0.2400E+02
  -1.584  0.8342E-03  0.2400E+02
  -1.574  0.6421E-03  0.2400E+02
  -1.564  0.4919E-03  0.2400E+02
  -1.554  0.3751E-03  0.2400E+02
  -1.544  0.2847E-03  0.2400E+02
  -1.534  0.2150E-03  0.2400E+02
  -1.524  0.1617E-03  0.2400E+02
  -1.514  0.1210E-03  0.2400E+02
  -1.504  0.9011E-04  0.2400E+02
  -1.494  0.6680E-04  0.2400E+02
  -1.484  0.4930E-04  0.2400E+02
  -1.474  0.3622E-04  0.2400E+02
  -1.464  0.2650E-04  0.2400E+02
  -1.454  0.1933E-04  0.2400E+02
  -1.444  0.1408E-04  0.2400E+02
  -1.434  0.1026E-04  0.2400E+02
  -1.424  0.7538E-05  0.2400E+02
  -1.414  0.5643E-05  0.2400E+02
  -1.404  0.4393E-05  0.2400E+02
  -1.394  0.3665E-05  0.2400E+02
  -1.384  0.3388E-05  0.2400E+02
  -1.374  0.3537E-05  0.2400E+02
  -1.364  0.4134E-05  0.2400E+02
  -1.354  0.5248E-05  0.2400E+02
  -1.344  0.7002E-05  0.2400E+02
  -1.334  0.9587E-05  0.2400E+02
  -1.324  0.1327E-04  0.2400E+02
  -1.314  0.1844E-04  0.2400E+02
  -1.304  0.2561E-04  0.2400E+02
  -1.294  0.3546E-04  0.2400E+02
  -1.284  0.4893E-04  0.2400E+02
  -1.274  0.6725E-04  0.2400E+02
  -1.264  0.9201E-04  0.2400E+02
  -1.254  0.1253E-03  0.2400E+02
  -1.244  0.1700E-03  0.2400E+02
  -1.234  0.2295E-03  0.2400E+02
  -1.224  0.3084E-03  0.2400E+02
  -1.214  0.4126E-03  0.2400E+02
  -1.204  0.5495E-03  0.2400E+02
  -1.194  0.7286E-03  0.2400E+02
  -1.184  0.9616E-03  0.2400E+02
  -1.174  0.1264E-02  0.2400E+02
  -1.164  0.1653E-02  0.2400E+02
  -1.154  0.2152E-02  0.2400E+02
  -1.144  0.2790E-02  0.2400E+02
  -1.134  0.3600E-02  0.2400E+02
  -1.124  0.4625E-02  0.2400E+02
  -1.114  0.5915E-02  0.2400E+02
  -1.104  0.7531E-02  0.2400E+02
  -1.094  0.9546E-02  0.2400E+02
  -1.084  0.1205E-01  0.2400E+02
  -1.074  0.1513E-01  0.2400E+02
  -1.064  0.1893E-01  0.2400E+02
  -1.054  0.2357E-01  0.2400E+02
  -1.044  0.2922E-01  0.2400E+02
  -1.034  0.3606E-01  0.2400E+02
  -1.024  0.4430E-01  0.2400E+02
  -1.014  0.5419E-01  0.2400E+02
  -1.004  0.6600E-01  0.2400E+02
  -0.994  0.8003E-01  0.2400E+02
  -0.984  0.9661E-01  0.2401E+02
  -0.974  0.1161E+00  0.2401E+02
  -0.964  0.1390E+00  0.2401E+02
  -0.954  0.1656E+00  0.2401E+02
  -0.944  0.1964E+00  0.2401E+02
  -0.934  0.2320E+00  0.2401E+02
  -0.924  0.2729E+00  0.2402E+02
  -0.914  0.3195E+00  0.2402E+02
  -0.904  0.3726E+00  0.2402E+02
  -0.894  0.4326E+00  0.2403E+02
  -0.884  0.5001E+00  0.2403E+02
  -0.874  0.5756E+00  0.2404E+02
  -0.864  0.6598E+00  0.2405E+02
  -0.854  0.7532E+00  0.2405E+02
  -0.844  0.8561E+00  0.2406E+02
  -0.834  0.9690E+00  0.2407E+02
  -0.824  0.1092E+01  0.2408E+02
  -0.814  0.1226E+01  0.2409E+02
  -0.804  0.1371E+01  0.2411E+02
  -0.794  0.1526E+01  0.2412E+02
  -0.784  0.1693E+01  0.2414E+02
  -0.774  0.1870E+01  0.2416E+02
  -0.764  0.2057E+01  0.2418E+02
  -0.754  0.2254E+01  0.2420E+02
  -0.744  0.2460E+01  0.2423E+02
  -0.734  0.2674E+01  0.2425E+02
  -0.724  0.2896E+01  0.2428E+02
  -0.714  0.3125E+01  0.2431E+02
  -0.704  0.3359E+01  0.2435E+02
  -0.694  0.3597E+01  0.2438E+02
  -0.684  0.3839E+01  0.2442E+02
  -0.674  0.4081E+01  0.2446E+02
  -0.664  0.4323E+01  0.2451E+02
  -0.654  0.4564E+01  0.2455E+02
  -0.644  0.4802E+01  0.2460E+02
  -0.634  0.5035E+01  0.2465E+02
  -0.624  0.5262E+01  0.2470E+02
  -0.614  0.5481E+01  0.2476E+02
  -0.604  0.5691E+01  0.2481E+02
  -0.594  0.5891E+01  0.2487E+02
  -0.584  0.6080E+01  0.2493E+02
  -0.574  0.6257E+01  0.2500E+02
  -0.564  0.6421E+01  0.2506E+02
  -0.554  0.6570E+01  0.2513E+02
  -0.544  0.6706E+01  0.2519E+02
  -0.534  0.6827E+01  0.2526E+02
  -0.524  0.6933E+01  0.2533E+02
  -0.514  0.7024E+01  0.2540E+02
  -0.504  0.7100E+01  0.2547E+02
  -0.494  0.7162E+01  0.2554E+02
  -0.484  0.7210E+01  0.2562E+02
  -0.474  0.7245E+01  0.2569E+02
  -0.464  0.7268E+01  0.2576E+02
  -0.454  0.7279E+01  0.2583E+02
  -0.444  0.7279E+01  0.2591E+02
  -0.434  0.7270E+01  0.2598E+02
  -0.424  0.7252E+01  0.2605E+02
  -0.414  0.7227E+01  0.2612E+02
  -0.404  0.7196E+01  0.2620E+02
  -0.394  0.7160E+01  0.2627E+02
  -0.384  0.7121E+01  0.2634E+02
  -0.374  0.7079E+01  0.2641E+02
  -0.364  0.7037E+01  0.2648E+02
  -0.354  0.6994E+01  0.2655E+02
  -0.344  0.6953E+01  0.2662E+02
  -0.334  0.6914E+01  0.2669E+02
  -0.324  0.6879E+01  0.2676E+02
  -0.314  0.6847E+01  0.2683E+02
  -0.304  0.6820E+01  0.2689E+02
  -0.294  0.6799E+01  0.2696E+02
  -0.284  0.6784E+01  0.2703E+02
  -0.274  0.6775E+01  0.2710E+02
  -0.264  0.6772E+01  0.2716E+02
  -0.254  0.6776E+01  0.2723E+02
  -0.244  0.6787E+01  0.2730E+02
  -0.234  0.6803E+01  0.2737E+02
  -0.224  0.6824E+01  0.2744E+02
  -0.214  0.6851E+01  0.2751E+02
  -0.204  0.6881E+01  0.2757E+02
  -0.194  0.6915E+01  0.2764E+02
  -0.184  0.6951E+01  0.2771E+02
  -0.174  0.6987E+01  0.2778E+02
  -0.164  0.7024E+01  0.2785E+02
  -0.154  0.7060E+01  0.2792E+02
  -0.144  0.7093E+01  0.2799E+02
  -0.134  0.7122E+01  0.2807E+02
  -0.124  0.7146E+01  0.2814E+02
  -0.114  0.7165E+01  0.2821E+02
  -0.104  0.7176E+01  0.2828E+02
  -0.094  0.7180E+01  0.2835E+02
  -0.084  0.7176E+01  0.2842E+02
  -0.074  0.7162E+01  0.2850E+02
  -0.064  0.7139E+01  0.2857E+02
  -0.054  0.7107E+01  0.2864E+02
  -0.044  0.7066E+01  0.2871E+02
  -0.034  0.7015E+01  0.2878E+02
  -0.024  0.6956E+01  0.2885E+02
  -0.014  0.6888E+01  0.2892E+02
  -0.004  0.6813E+01  0.2899E+02
   0.006  0.6732E+01  0.2905E+02
   0.016  0.6646E+01  0.2912E+02
   0.026  0.6556E+01  0.2918E+02
   0.036  0.6463E+01  0.2925E+02
   0.046  0.6368E+01  0.2931E+02
   0.056  0.6275E+01  0.2938E+02
   0.066  0.6182E+01  0.2944E+02
   0.076  0.6093E+01  0.2950E+02
   0.086  0.6008E+01  0.2956E+02
   0.096  0.5929E+01  0.2962E+02
   0.106  0.5857E+01  0.2968E+02
   0.116  0.5794E+01  0.2973E+02
   0.126  0.5740E+01  0.2979E+02
   0.136  0.5696E+01  0.2985E+02
   0.146  0.5662E+01  0.2991E+02
   0.156  0.5641E+01  0.2996E+02
   0.166  0.5631E+01  0.3002E+02
   0.176  0.5633E+01  0.3007E+02
   0.186  0.5648E+01  0.3013E+02
   0.196  0.5674E+01  0.3019E+02
   0.206  0.5713E+01  0.3024E+02
   0.216  0.5762E+01  0.3030E+02
   0.226  0.5823E+01  0.3036E+02
   0.236  0.5893E+01  0.3042E+02
   0.246  0.5973E+01  0.3048E+02
   0.256  0.6060E+01  0.3054E+02
   0.266  0.6155E+01  0.3060E+02
   0.276  0.6255E+01  0.3066E+02
   0.286  0.6360E+01  0.3073E+02
   0.296  0.6469E+01  0.3079E+02
   0.306  0.6580E+01  0.3086E+02
   0.316  0.6692E+01  0.3093E+02
   0.326  0.6803E+01  0.3099E+02
   0.336  0.6913E+01  0.3106E+02
   0.346  0.7021E+01  0.3113E+02
   0.356  0.7125E+01  0.3120E+02
   0.366  0.7224E+01  0.3128E+02
   0.376  0.7317E+01  0.3135E+02
   0.386  0.7404E+01  0.3142E+02
   0.396  0.7484E+01  0.3150E+02
   0.406  0.7556E+01  0.3157E+02
   0.416  0.7620E+01  0.3165E+02
   0.426  0.7675E+01  0.3173E+02
   0.436  0.7721E+01  0.3180E+02
   0.446  0.7758E+01  0.3188E+02
   0.456  0.7785E+01  0.3196E+02
   0.466  0.7803E+01  0.3204E+02
   0.476  0.7812E+01  0.3212E+02
   0.486  0.7811E+01  0.3219E+02
   0.496  0.7802E+01  0.3227E+02
   0.506  0.7783E+01  0.3235E+02
   0.516  0.7757E+01  0.3243E+02
   0.526  0.7723E+01  0.3250E+02
   0.536  0.7681E+01  0.3258E+02
   0.546  0.7633E+01  0.3266E+02
   0.556  0.7579E+01  0.3273E+02
   0.566  0.7519E+01  0.3281E+02
   0.576  0.7455E+01  0.3288E+02
   0.586  0.7387E+01  0.3296E+02
   0.596  0.7316E+01  0.3303E+02
   0.606  0.7242E+01  0.3310E+02
   0.616  0.7167E+01  0.3317E+02
   0.626  0.7092E+01  0.3324E+02
   0.636  0.7017E+01  0.3332E+02
   0.646  0.6943E+01  0.3338E+02
   0.656  0.6872E+01  0.3345E+02
   0.666  0.6803E+01  0.3352E+02
   0.676  0.6738E+01  0.3359E+02
   0.686  0.6678E+01  0.3366E+02
   0.696  0.6622E+01  0.3372E+02
   0.706  0.6573E+01  0.3379E+02
   0.716  0.6530E+01  0.3385E+02
   0.726  0.6494E+01  0.3392E+02
   0.736  0.6465E+01  0.3398E+02
   0.746  0.6443E+01  0.3405E+02
   0.756  0.6430E+01  0.3411E+02
   0.766  0.6424E+01  0.3418E+02
   0.776  0.6427E+01  0.3424E+02
   0.786  0.6437E+01  0.3430E+02
   0.796  0.6456E+01  0.3437E+02
   0.806  0.6483E+01  0.3443E+02
   0.816  0.6518E+01  0.3450E+02
   0.826  0.6561E+01  0.3456E+02
   0.836  0.6611E+01  0.3463E+02
   0.846  0.6669E+01  0.3470E+02
   0.856  0.6733E+01  0.3476E+02
   0.866  0.6804E+01  0.3483E+02
   0.876  0.6882E+01  0.3490E+02
   0.886  0.6965E+01  0.3497E+02
   0.896  0.7053E+01  0.3504E+02
   0.906  0.7145E+01  0.3511E+02
   0.916  0.7242E+01  0.3519E+02
   0.926  0.7342E+01  0.3526E+02
   0.936  0.7444E+01  0.3533E+02
   0.946  0.7548E+01  0.3541E+02
   0.956  0.7652E+01  0.3548E+02
   0.966  0.7757E+01  0.3556E+02
   0.976  0.7860E+01  0.3564E+02
   0.986  0.7962E+01  0.3572E+02
   0.996  0.8060E+01  0.3580E+02
   1.006  0.8154E+01  0.3588E+02
   1.016  0.8243E+01  0.3597E+02
   1.026  0.8327E+01  0.3605E+02
   1.036  0.8404E+01  0.3613E+02
   1.046  0.8473E+01  0.3622E+02
   1.056  0.8534E+01  0.3630E+02
   1.066  0.8586E+01  0.3639E+02
   1.076  0.8629E+01  0.3647E+02
   1.086  0.8662E+01  0.3656E+02
   1.096  0.8686E+01  0.3665E+02
   1.106  0.8700E+01  0.3674E+02
   1.116  0.8704E+01  0.3682E+02
   1.126  0.8700E+01  0.3691E+02
   1.136  0.8687E+01  0.3700E+02
   1.146  0.8666E+01  0.3708E+02
   1.156  0.8638E+01  0.3717E+02
   1.166  0.8603E+01  0.3726E+02
   1.176  0.8563E+01  0.3734E+02
   1.186  0.8519E+01  0.3743E+02
   1.196  0.8471E+01  0.3751E+02
   1.206  0.8421E+01  0.3759E+02
   1.216  0.8371E+01  0.3768E+02
   1.226  0.8321E+01  0.3776E+02
   1.236  0.8272E+01  0.3784E+02
   1.246  0.8225E+01  0.3793E+02
   1.256  0.8182E+01  0.3801E+02
   1.266  0.8143E+01  0.3809E+02
   1.276  0.8109E+01  0.3817E+02
   1.286  0.8080E+01  0.3825E+02
   1.296  0.8058E+01  0.3833E+02
   1.306  0.8042E+01  0.3841E+02
   1.316  0.8033E+01  0.3849E+02
   1.326  0.8030E+01  0.3857E+02
   1.336  0.8035E+01  0.3865E+02
   1.346  0.8046E+01  0.3873E+02
   1.356  0.8064E+01  0.3882E+02
   1.366  0.8088E+01  0.3890E+02
   1.376  0.8117E+01  0.3898E+02
   1.386  0.8151E+01  0.3906E+02
   1.396  0.8189E+01  0.3914E+02
   1.406  0.8231E+01  0.3922E+02
   1.416  0.8276E+01  0.3931E+02
   1.426  0.8322E+01  0.3939E+02
   1.436  0.8369E+01  0.3947E+02
   1.446  0.8416E+01  0.3956E+02
   1.456  0.8462E+01  0.3964E+02
   1.466  0.8506E+01  0.3973E+02
   1.476  0.8548E+01  0.3981E+02
   1.486  0.8586E+01  0.3990E+02
   1.496  0.8620E+01  0.3998E+02
   1.506  0.8649E+01  0.4007E+02
   1.516  0.8672E+01  0.4016E+02
   1.526  0.8690E+01  0.4024E+02
   1.536  0.8701E+01  0.4033E+02
   1.546  0.8705E+01  0.4042E+02
   1.556  0.8702E+01  0.4050E+02
   1.566  0.8692E+01  0.4059E+02
   1.576  0.8675E+01  0.4068E+02
   1.586  0.8652E+01  0.4077E+02
   1.596  0.8621E+01  0.4085E+02
   1.606  0.8584E+01  0.4094E+02
   1.616  0.8541E+01  0.4102E+02
   1.626  0.8492E+01  0.4111E+02
   1.636  0.8437E+01  0.4119E+02
   1.646  0.8378E+01  0.4128E+02
   1.656  0.8315E+01  0.4136E+02
   1.666  0.8247E+01  0.4144E+02
   1.676  0.8177E+01  0.4152E+02
   1.686  0.8104E+01  0.4160E+02
   1.696  0.8028E+01  0.4168E+02
   1.706  0.7951E+01  0.4176E+02
   1.716  0.7873E+01  0.4184E+02
   1.726  0.7794E+01  0.4192E+02
   1.736  0.7714E+01  0.4200E+02
   1.746  0.7633E+01  0.4207E+02
   1.756  0.7553E+01  0.4215E+02
   1.766  0.7473E+01  0.4222E+02
   1.776  0.7393E+01  0.4230E+02
   1.786  0.7314E+01  0.4237E+02
   1.796  0.7235E+01  0.4244E+02
   1.806  0.7157E+01  0.4252E+02
   1.816  0.7080E+01  0.4259E+02
   1.826  0.7004E+01  0.4266E+02
   1.836  0.6929E+01  0.4273E+02
   1.846  0.6856E+01  0.4279E+02
   1.856  0.6784E+01  0.4286E+02
   1.866  0.6714E+01  0.4293E+02
   1.876  0.6646E+01  0.4300E+02
   1.886  0.6581E+01  0.4306E+02
   1.896  0.6520E+01  0.4313E+02
   1.906  0.6461E+01  0.4319E+02
   1.916  0.6407E+01  0.4326E+02
   1.926  0.6357E+01  0.4332E+02
   1.936  0.6312E+01  0.4338E+02
   1.946  0.6273E+01  0.4344E+02
   1.956  0.6239E+01  0.4351E+02
   1.966  0.6212E+01  0.4357E+02
   1.976  0.6191E+01  0.4363E+02
   1.986  0.6177E+01  0.4369E+02
   1.996  0.6170E+01  0.4375E+02
   2.006  0.6171E+01  0.4382E+02
   2.016  0.6178E+01  0.4388E+02
   2.026  0.6193E+01  0.4394E+02
   2.036  0.6214E+01  0.4400E+02
   2.046  0.6241E+01  0.4406E+02
   2.056  0.6275E+01  0.4413E+02
   2.066  0.6314E+01  0.4419E+02
   2.076  0.6358E+01  0.4425E+02
   2.086  0.6406E+01  0.4432E+02
   2.096  0.6458E+01  0.4438E+02
   2.106  0.6512E+01  0.4445E+02
   2.116  0.6569E+01  0.4451E+02
   2.126  0.6626E+01  0.4458E+02
   2.136  0.6685E+01  0.4465E+02
   2.146  0.6743E+01  0.4471E+02
   2.156  0.6800E+01  0.4478E+02
   2.166  0.6856E+01  0.4485E+02
   2.176  0.6910E+01  0.4492E+02
   2.186  0.6962E+01  0.4499E+02
   2.196  0.7011E+01  0.4506E+02
   2.206  0.7057E+01  0.4513E+02
   2.216  0.7101E+01  0.4520E+02
   2.226  0.7140E+01  0.4527E+02
   2.236  0.7176E+01  0.4534E+02
   2.246  0.7209E+01  0.4542E+02
   2.256  0.7237E+01  0.4549E+02
   2.266  0.7261E+01  0.4556E+02
   2.276  0.7282E+01  0.4563E+02
   2.286  0.7298E+01  0.4571E+02
   2.296  0.7309E+01  0.4578E+02
   2.306  0.7315E+01  0.4585E+02
   2.316  0.7315E+01  0.4593E+02
   2.326  0.7310E+01  0.4600E+02
   2.336  0.7299E+01  0.4607E+02
   2.346  0.7281E+01  0.4615E+02
   2.356  0.7255E+01  0.4622E+02
   2.366  0.7222E+01  0.4629E+02
   2.376  0.7179E+01  0.4636E+02
   2.386  0.7128E+01  0.4643E+02
   2.396  0.7067E+01  0.4650E+02
   2.406  0.6995E+01  0.4657E+02
   2.416  0.6912E+01  0.4664E+02
   2.426  0.6818E+01  0.4671E+02
   2.436  0.6712E+01  0.4678E+02
   2.446  0.6595E+01  0.4684E+02
   2.456  0.6466E+01  0.4691E+02
   2.466  0.6324E+01  0.4697E+02
   2.476  0.6171E+01  0.4703E+02
   2.486  0.6007E+01  0.4709E+02
   2.496  0.5832E+01  0.4715E+02
   2.506  0.5648E+01  0.4721E+02
   2.516  0.5453E+01  0.4726E+02
   2.526  0.5251E+01  0.4732E+02
   2.536  0.5041E+01  0.4737E+02
   2.546  0.4825E+01  0.4741E+02
   2.556  0.4603E+01  0.4746E+02
   2.566  0.4378E+01  0.4750E+02
   2.576  0.4151E+01  0.4755E+02
   2.586  0.3923E+01  0.4758E+02
   2.596  0.3694E+01  0.4762E+02
   2.606  0.3468E+01  0.4766E+02
   2.616  0.3244E+01  0.4769E+02
   2.626  0.3023E+01  0.4772E+02
   2.636  0.2808E+01  0.4775E+02
   2.646  0.2599E+01  0.4777E+02
   2.656  0.2397E+01  0.4780E+02
   2.666  0.2202E+01  0.4782E+02
   2.676  0.2016E+01  0.4784E+02
   2.686  0.1838E+01  0.4786E+02
   2.696  0.1670E+01  0.4787E+02
   2.706  0.1512E+01  0.4789E+02
   2.716  0.1363E+01  0.4790E+02
   2.726  0.1225E+01  0.4792E+02
   2.736  0.1096E+01  0.4793E+02
   2.746  0.9766E+00  0.4794E+02
   2.756  0.8670E+00  0.4794E+02
   2.766  0.7667E+00  0.4795E+02
   2.776  0.6753E+00  0.4796E+02
   2.786  0.5924E+00  0.4797E+02
   2.796  0.5176E+00  0.4797E+02
   2.806  0.4504E+00  0.4797E+02
