#  E (eV)   dos(E)     Int dos(E) EFermi =   2.581 eV
 -17.792  0.8089E-05  0.8089E-07
 -17.782  0.9773E-05  0.1786E-06
 -17.772  0.1179E-04  0.2965E-06
 -17.762  0.1420E-04  0.4385E-06
 -17.752  0.1707E-04  0.6092E-06
 -17.742  0.2050E-04  0.8142E-06
 -17.732  0.2457E-04  0.1060E-05
 -17.722  0.2940E-04  0.1354E-05
 -17.712  0.3512E-04  0.1705E-05
 -17.702  0.4190E-04  0.2124E-05
 -17.692  0.4990E-04  0.2623E-05
 -17.682  0.5934E-04  0.3216E-05
 -17.672  0.7044E-04  0.3921E-05
 -17.662  0.8349E-04  0.4756E-05
 -17.652  0.9881E-04  0.5744E-05
 -17.642  0.1167E-03  0.6911E-05
 -17.632  0.1377E-03  0.8289E-05
 -17.622  0.1622E-03  0.9911E-05
 -17.612  0.1908E-03  0.1182E-04
 -17.602  0.2240E-03  0.1406E-04
 -17.592  0.2626E-03  0.1668E-04
 -17.582  0.3073E-03  0.1976E-04
 -17.572  0.3591E-03  0.2335E-04
 -17.562  0.4190E-03  0.2754E-04
 -17.552  0.4882E-03  0.3242E-04
 -17.542  0.5678E-03  0.3810E-04
 -17.532  0.6594E-03  0.4469E-04
 -17.522  0.7646E-03  0.5234E-04
 -17.512  0.8853E-03  0.6119E-04
 -17.502  0.1023E-02  0.7143E-04
 -17.492  0.1181E-02  0.8324E-04
 -17.482  0.1361E-02  0.9685E-04
 -17.472  0.1566E-02  0.1125E-03
 -17.462  0.1799E-02  0.1305E-03
 -17.452  0.2064E-02  0.1511E-03
 -17.442  0.2364E-02  0.1748E-03
 -17.432  0.2704E-02  0.2018E-03
 -17.422  0.3088E-02  0.2327E-03
 -17.412  0.3521E-02  0.2679E-03
 -17.402  0.4009E-02  0.3080E-03
 -17.392  0.4557E-02  0.3536E-03
 -17.382  0.5173E-02  0.4053E-03
 -17.372  0.5863E-02  0.4639E-03
 -17.362  0.6635E-02  0.5303E-03
 -17.352  0.7498E-02  0.6053E-03
 -17.342  0.8461E-02  0.6899E-03
 -17.332  0.9533E-02  0.7852E-03
 -17.322  0.1073E-01  0.8925E-03
 -17.312  0.1205E-01  0.1013E-02
 -17.302  0.1352E-01  0.1148E-02
 -17.292  0.1514E-01  0.1300E-02
 -17.282  0.1694E-01  0.1469E-02
 -17.272  0.1892E-01  0.1658E-02
 -17.262  0.2110E-01  0.1869E-02
 -17.252  0.2350E-01  0.2104E-02
 -17.242  0.2614E-01  0.2366E-02
 -17.232  0.2903E-01  0.2656E-02
 -17.222  0.3220E-01  0.2978E-02
 -17.212  0.3567E-01  0.3335E-02
 -17.202  0.3945E-01  0.3729E-02
 -17.192  0.4357E-01  0.4165E-02
 -17.182  0.4806E-01  0.4645E-02
 -17.172  0.5294E-01  0.5175E-02
 -17.162  0.5823E-01  0.5757E-02
 -17.152  0.6397E-01  0.6397E-02
 -17.142  0.7018E-01  0.7099E-02
 -17.132  0.7689E-01  0.7868E-02
 -17.122  0.8413E-01  0.8709E-02
 -17.112  0.9193E-01  0.9628E-02
 -17.102  0.1003E+00  0.1063E-01
 -17.092  0.1093E+00  0.1172E-01
 -17.082  0.1190E+00  0.1291E-01
 -17.072  0.1294E+00  0.1421E-01
 -17.062  0.1405E+00  0.1561E-01
 -17.052  0.1523E+00  0.1714E-01
 -17.042  0.1650E+00  0.1879E-01
 -17.032  0.1785E+00  0.2057E-01
 -17.022  0.1928E+00  0.2250E-01
 -17.012  0.2080E+00  0.2458E-01
 -17.002  0.2242E+00  0.2682E-01
 -16.992  0.2414E+00  0.2924E-01
 -16.982  0.2595E+00  0.3183E-01
 -16.972  0.2787E+00  0.3462E-01
 -16.962  0.2989E+00  0.3761E-01
 -16.952  0.3203E+00  0.4081E-01
 -16.942  0.3428E+00  0.4424E-01
 -16.932  0.3664E+00  0.4790E-01
 -16.922  0.3913E+00  0.5181E-01
 -16.912  0.4173E+00  0.5599E-01
 -16.902  0.4446E+00  0.6043E-01
 -16.892  0.4732E+00  0.6517E-01
 -16.882  0.5030E+00  0.7020E-01
 -16.872  0.5342E+00  0.7554E-01
 -16.862  0.5667E+00  0.8120E-01
 -16.852  0.6005E+00  0.8721E-01
 -16.842  0.6357E+00  0.9357E-01
 -16.832  0.6723E+00  0.1003E+00
 -16.822  0.7102E+00  0.1074E+00
 -16.812  0.7495E+00  0.1149E+00
 -16.802  0.7901E+00  0.1228E+00
 -16.792  0.8321E+00  0.1311E+00
 -16.782  0.8755E+00  0.1399E+00
 -16.772  0.9202E+00  0.1491E+00
 -16.762  0.9663E+00  0.1587E+00
 -16.752  0.1014E+01  0.1689E+00
 -16.742  0.1062E+01  0.1795E+00
 -16.732  0.1112E+01  0.1906E+00
 -16.722  0.1163E+01  0.2022E+00
 -16.712  0.1216E+01  0.2144E+00
 -16.702  0.1269E+01  0.2271E+00
 -16.692  0.1323E+01  0.2403E+00
 -16.682  0.1379E+01  0.2541E+00
 -16.672  0.1435E+01  0.2685E+00
 -16.662  0.1493E+01  0.2834E+00
 -16.652  0.1551E+01  0.2989E+00
 -16.642  0.1610E+01  0.3150E+00
 -16.632  0.1670E+01  0.3317E+00
 -16.622  0.1730E+01  0.3490E+00
 -16.612  0.1791E+01  0.3669E+00
 -16.602  0.1852E+01  0.3854E+00
 -16.592  0.1914E+01  0.4046E+00
 -16.582  0.1975E+01  0.4243E+00
 -16.572  0.2037E+01  0.4447E+00
 -16.562  0.2099E+01  0.4657E+00
 -16.552  0.2161E+01  0.4873E+00
 -16.542  0.2222E+01  0.5095E+00
 -16.532  0.2283E+01  0.5324E+00
 -16.522  0.2344E+01  0.5558E+00
 -16.512  0.2404E+01  0.5798E+00
 -16.502  0.2463E+01  0.6045E+00
 -16.492  0.2522E+01  0.6297E+00
 -16.482  0.2580E+01  0.6555E+00
 -16.472  0.2636E+01  0.6818E+00
 -16.462  0.2691E+01  0.7088E+00
 -16.452  0.2745E+01  0.7362E+00
 -16.442  0.2798E+01  0.7642E+00
 -16.432  0.2849E+01  0.7927E+00
 -16.422  0.2898E+01  0.8217E+00
 -16.412  0.2946E+01  0.8511E+00
 -16.402  0.2992E+01  0.8810E+00
 -16.392  0.3036E+01  0.9114E+00
 -16.382  0.3078E+01  0.9422E+00
 -16.372  0.3118E+01  0.9734E+00
 -16.362  0.3156E+01  0.1005E+01
 -16.352  0.3192E+01  0.1037E+01
 -16.342  0.3226E+01  0.1069E+01
 -16.332  0.3258E+01  0.1102E+01
 -16.322  0.3287E+01  0.1135E+01
 -16.312  0.3315E+01  0.1168E+01
 -16.302  0.3340E+01  0.1201E+01
 -16.292  0.3363E+01  0.1235E+01
 -16.282  0.3384E+01  0.1269E+01
 -16.272  0.3403E+01  0.1303E+01
 -16.262  0.3421E+01  0.1337E+01
 -16.252  0.3436E+01  0.1371E+01
 -16.242  0.3449E+01  0.1406E+01
 -16.232  0.3461E+01  0.1440E+01
 -16.222  0.3470E+01  0.1475E+01
 -16.212  0.3479E+01  0.1510E+01
 -16.202  0.3485E+01  0.1545E+01
 -16.192  0.3491E+01  0.1580E+01
 -16.182  0.3495E+01  0.1614E+01
 -16.172  0.3498E+01  0.1649E+01
 -16.162  0.3500E+01  0.1684E+01
 -16.152  0.3501E+01  0.1719E+01
 -16.142  0.3501E+01  0.1754E+01
 -16.132  0.3501E+01  0.1789E+01
 -16.122  0.3499E+01  0.1824E+01
 -16.112  0.3498E+01  0.1859E+01
 -16.102  0.3496E+01  0.1894E+01
 -16.092  0.3493E+01  0.1929E+01
 -16.082  0.3491E+01  0.1964E+01
 -16.072  0.3488E+01  0.1999E+01
 -16.062  0.3485E+01  0.2034E+01
 -16.052  0.3482E+01  0.2069E+01
 -16.042  0.3479E+01  0.2104E+01
 -16.032  0.3476E+01  0.2138E+01
 -16.022  0.3473E+01  0.2173E+01
 -16.012  0.3470E+01  0.2208E+01
 -16.002  0.3467E+01  0.2242E+01
 -15.992  0.3464E+01  0.2277E+01
 -15.982  0.3462E+01  0.2312E+01
 -15.972  0.3459E+01  0.2346E+01
 -15.962  0.3456E+01  0.2381E+01
 -15.952  0.3453E+01  0.2415E+01
 -15.942  0.3451E+01  0.2450E+01
 -15.932  0.3448E+01  0.2484E+01
 -15.922  0.3444E+01  0.2519E+01
 -15.912  0.3441E+01  0.2553E+01
 -15.902  0.3437E+01  0.2588E+01
 -15.892  0.3433E+01  0.2622E+01
 -15.882  0.3428E+01  0.2656E+01
 -15.872  0.3423E+01  0.2690E+01
 -15.862  0.3417E+01  0.2725E+01
 -15.852  0.3411E+01  0.2759E+01
 -15.842  0.3404E+01  0.2793E+01
 -15.832  0.3396E+01  0.2827E+01
 -15.822  0.3388E+01  0.2861E+01
 -15.812  0.3378E+01  0.2894E+01
 -15.802  0.3368E+01  0.2928E+01
 -15.792  0.3358E+01  0.2962E+01
 -15.782  0.3346E+01  0.2995E+01
 -15.772  0.3334E+01  0.3028E+01
 -15.762  0.3320E+01  0.3062E+01
 -15.752  0.3306E+01  0.3095E+01
 -15.742  0.3292E+01  0.3128E+01
 -15.732  0.3277E+01  0.3160E+01
 -15.722  0.3261E+01  0.3193E+01
 -15.712  0.3245E+01  0.3225E+01
 -15.702  0.3228E+01  0.3258E+01
 -15.692  0.3211E+01  0.3290E+01
 -15.682  0.3194E+01  0.3322E+01
 -15.672  0.3177E+01  0.3354E+01
 -15.662  0.3159E+01  0.3385E+01
 -15.652  0.3142E+01  0.3417E+01
 -15.642  0.3125E+01  0.3448E+01
 -15.632  0.3109E+01  0.3479E+01
 -15.622  0.3093E+01  0.3510E+01
 -15.612  0.3078E+01  0.3541E+01
 -15.602  0.3063E+01  0.3571E+01
 -15.592  0.3050E+01  0.3602E+01
 -15.582  0.3037E+01  0.3632E+01
 -15.572  0.3026E+01  0.3662E+01
 -15.562  0.3015E+01  0.3693E+01
 -15.552  0.3006E+01  0.3723E+01
 -15.542  0.2999E+01  0.3753E+01
 -15.532  0.2992E+01  0.3782E+01
 -15.522  0.2988E+01  0.3812E+01
 -15.512  0.2985E+01  0.3842E+01
 -15.502  0.2983E+01  0.3872E+01
 -15.492  0.2983E+01  0.3902E+01
 -15.482  0.2985E+01  0.3932E+01
 -15.472  0.2989E+01  0.3962E+01
 -15.462  0.2994E+01  0.3992E+01
 -15.452  0.3001E+01  0.4022E+01
 -15.442  0.3009E+01  0.4052E+01
 -15.432  0.3020E+01  0.4082E+01
 -15.422  0.3031E+01  0.4112E+01
 -15.412  0.3044E+01  0.4143E+01
 -15.402  0.3059E+01  0.4173E+01
 -15.392  0.3075E+01  0.4204E+01
 -15.382  0.3092E+01  0.4235E+01
 -15.372  0.3110E+01  0.4266E+01
 -15.362  0.3130E+01  0.4297E+01
 -15.352  0.3151E+01  0.4329E+01
 -15.342  0.3173E+01  0.4361E+01
 -15.332  0.3195E+01  0.4392E+01
 -15.322  0.3219E+01  0.4425E+01
 -15.312  0.3243E+01  0.4457E+01
 -15.302  0.3269E+01  0.4490E+01
 -15.292  0.3295E+01  0.4523E+01
 -15.282  0.3322E+01  0.4556E+01
 -15.272  0.3350E+01  0.4589E+01
 -15.262  0.3379E+01  0.4623E+01
 -15.252  0.3408E+01  0.4657E+01
 -15.242  0.3439E+01  0.4692E+01
 -15.232  0.3470E+01  0.4726E+01
 -15.222  0.3503E+01  0.4761E+01
 -15.212  0.3537E+01  0.4797E+01
 -15.202  0.3573E+01  0.4833E+01
 -15.192  0.3610E+01  0.4869E+01
 -15.182  0.3649E+01  0.4905E+01
 -15.172  0.3690E+01  0.4942E+01
 -15.162  0.3733E+01  0.4979E+01
 -15.152  0.3779E+01  0.5017E+01
 -15.142  0.3827E+01  0.5055E+01
 -15.132  0.3878E+01  0.5094E+01
 -15.122  0.3933E+01  0.5134E+01
 -15.112  0.3991E+01  0.5173E+01
 -15.102  0.4053E+01  0.5214E+01
 -15.092  0.4119E+01  0.5255E+01
 -15.082  0.4189E+01  0.5297E+01
 -15.072  0.4264E+01  0.5340E+01
 -15.062  0.4343E+01  0.5383E+01
 -15.052  0.4428E+01  0.5427E+01
 -15.042  0.4519E+01  0.5473E+01
 -15.032  0.4615E+01  0.5519E+01
 -15.022  0.4716E+01  0.5566E+01
 -15.012  0.4824E+01  0.5614E+01
 -15.002  0.4938E+01  0.5664E+01
 -14.992  0.5058E+01  0.5714E+01
 -14.982  0.5184E+01  0.5766E+01
 -14.972  0.5316E+01  0.5819E+01
 -14.962  0.5455E+01  0.5874E+01
 -14.952  0.5599E+01  0.5930E+01
 -14.942  0.5750E+01  0.5987E+01
 -14.932  0.5906E+01  0.6046E+01
 -14.922  0.6068E+01  0.6107E+01
 -14.912  0.6235E+01  0.6169E+01
 -14.902  0.6407E+01  0.6233E+01
 -14.892  0.6583E+01  0.6299E+01
 -14.882  0.6764E+01  0.6367E+01
 -14.872  0.6947E+01  0.6436E+01
 -14.862  0.7134E+01  0.6508E+01
 -14.852  0.7323E+01  0.6581E+01
 -14.842  0.7513E+01  0.6656E+01
 -14.832  0.7704E+01  0.6733E+01
 -14.822  0.7895E+01  0.6812E+01
 -14.812  0.8085E+01  0.6893E+01
 -14.802  0.8274E+01  0.6976E+01
 -14.792  0.8460E+01  0.7060E+01
 -14.782  0.8643E+01  0.7147E+01
 -14.772  0.8822E+01  0.7235E+01
 -14.762  0.8995E+01  0.7325E+01
 -14.752  0.9162E+01  0.7416E+01
 -14.742  0.9323E+01  0.7510E+01
 -14.732  0.9475E+01  0.7604E+01
 -14.722  0.9619E+01  0.7701E+01
 -14.712  0.9753E+01  0.7798E+01
 -14.702  0.9877E+01  0.7897E+01
 -14.692  0.9989E+01  0.7997E+01
 -14.682  0.1009E+02  0.8098E+01
 -14.672  0.1018E+02  0.8199E+01
 -14.662  0.1025E+02  0.8302E+01
 -14.652  0.1031E+02  0.8405E+01
 -14.642  0.1036E+02  0.8509E+01
 -14.632  0.1039E+02  0.8613E+01
 -14.622  0.1041E+02  0.8717E+01
 -14.612  0.1041E+02  0.8821E+01
 -14.602  0.1040E+02  0.8925E+01
 -14.592  0.1037E+02  0.9028E+01
 -14.582  0.1032E+02  0.9132E+01
 -14.572  0.1026E+02  0.9234E+01
 -14.562  0.1019E+02  0.9336E+01
 -14.552  0.1010E+02  0.9437E+01
 -14.542  0.9990E+01  0.9537E+01
 -14.532  0.9870E+01  0.9636E+01
 -14.522  0.9735E+01  0.9733E+01
 -14.512  0.9588E+01  0.9829E+01
 -14.502  0.9427E+01  0.9923E+01
 -14.492  0.9255E+01  0.1002E+02
 -14.482  0.9071E+01  0.1011E+02
 -14.472  0.8876E+01  0.1020E+02
 -14.462  0.8672E+01  0.1028E+02
 -14.452  0.8458E+01  0.1037E+02
 -14.442  0.8236E+01  0.1045E+02
 -14.432  0.8007E+01  0.1053E+02
 -14.422  0.7772E+01  0.1061E+02
 -14.412  0.7531E+01  0.1068E+02
 -14.402  0.7285E+01  0.1075E+02
 -14.392  0.7036E+01  0.1083E+02
 -14.382  0.6784E+01  0.1089E+02
 -14.372  0.6531E+01  0.1096E+02
 -14.362  0.6276E+01  0.1102E+02
 -14.352  0.6022E+01  0.1108E+02
 -14.342  0.5768E+01  0.1114E+02
 -14.332  0.5515E+01  0.1119E+02
 -14.322  0.5265E+01  0.1125E+02
 -14.312  0.5018E+01  0.1130E+02
 -14.302  0.4775E+01  0.1134E+02
 -14.292  0.4535E+01  0.1139E+02
 -14.282  0.4301E+01  0.1143E+02
 -14.272  0.4072E+01  0.1147E+02
 -14.262  0.3848E+01  0.1151E+02
 -14.252  0.3631E+01  0.1155E+02
 -14.242  0.3420E+01  0.1158E+02
 -14.232  0.3216E+01  0.1161E+02
 -14.222  0.3019E+01  0.1165E+02
 -14.212  0.2830E+01  0.1167E+02
 -14.202  0.2648E+01  0.1170E+02
 -14.192  0.2473E+01  0.1172E+02
 -14.182  0.2306E+01  0.1175E+02
 -14.172  0.2147E+01  0.1177E+02
 -14.162  0.1995E+01  0.1179E+02
 -14.152  0.1851E+01  0.1181E+02
 -14.142  0.1715E+01  0.1182E+02
 -14.132  0.1586E+01  0.1184E+02
 -14.122  0.1464E+01  0.1186E+02
 -14.112  0.1349E+01  0.1187E+02
 -14.102  0.1241E+01  0.1188E+02
 -14.092  0.1140E+01  0.1189E+02
 -14.082  0.1045E+01  0.1190E+02
 -14.072  0.9567E+00  0.1191E+02
 -14.062  0.8743E+00  0.1192E+02
 -14.052  0.7976E+00  0.1193E+02
 -14.042  0.7264E+00  0.1194E+02
 -14.032  0.6605E+00  0.1194E+02
 -14.022  0.5995E+00  0.1195E+02
 -14.012  0.5432E+00  0.1195E+02
 -14.002  0.4914E+00  0.1196E+02
 -13.992  0.4438E+00  0.1196E+02
 -13.982  0.4001E+00  0.1197E+02
 -13.972  0.3601E+00  0.1197E+02
 -13.962  0.3235E+00  0.1197E+02
 -13.952  0.2902E+00  0.1198E+02
 -13.942  0.2599E+00  0.1198E+02
 -13.932  0.2323E+00  0.1198E+02
 -13.922  0.2073E+00  0.1198E+02
 -13.912  0.1847E+00  0.1199E+02
 -13.902  0.1643E+00  0.1199E+02
 -13.892  0.1459E+00  0.1199E+02
 -13.882  0.1293E+00  0.1199E+02
 -13.872  0.1144E+00  0.1199E+02
 -13.862  0.1011E+00  0.1199E+02
 -13.852  0.8914E-01  0.1199E+02
 -13.842  0.7848E-01  0.1199E+02
 -13.832  0.6898E-01  0.1200E+02
 -13.822  0.6052E-01  0.1200E+02
 -13.812  0.5302E-01  0.1200E+02
 -13.802  0.4636E-01  0.1200E+02
 -13.792  0.4047E-01  0.1200E+02
 -13.782  0.3527E-01  0.1200E+02
 -13.772  0.3069E-01  0.1200E+02
 -13.762  0.2665E-01  0.1200E+02
 -13.752  0.2311E-01  0.1200E+02
 -13.742  0.2000E-01  0.1200E+02
 -13.732  0.1729E-01  0.1200E+02
 -13.722  0.1491E-01  0.1200E+02
 -13.712  0.1284E-01  0.1200E+02
 -13.702  0.1104E-01  0.1200E+02
 -13.692  0.9477E-02  0.1200E+02
 -13.682  0.8121E-02  0.1200E+02
 -13.672  0.6946E-02  0.1200E+02
 -13.662  0.5932E-02  0.1200E+02
 -13.652  0.5057E-02  0.1200E+02
 -13.642  0.4303E-02  0.1200E+02
 -13.632  0.3656E-02  0.1200E+02
 -13.622  0.3101E-02  0.1200E+02
 -13.612  0.2626E-02  0.1200E+02
 -13.602  0.2219E-02  0.1200E+02
 -13.592  0.1873E-02  0.1200E+02
 -13.582  0.1578E-02  0.1200E+02
 -13.572  0.1327E-02  0.1200E+02
 -13.562  0.1114E-02  0.1200E+02
 -13.552  0.9336E-03  0.1200E+02
 -13.542  0.7811E-03  0.1200E+02
 -13.532  0.6525E-03  0.1200E+02
 -13.522  0.5441E-03  0.1200E+02
 -13.512  0.4529E-03  0.1200E+02
 -13.502  0.3764E-03  0.1200E+02
 -13.492  0.3122E-03  0.1200E+02
 -13.482  0.2586E-03  0.1200E+02
 -13.472  0.2138E-03  0.1200E+02
 -13.462  0.1765E-03  0.1200E+02
 -13.452  0.1454E-03  0.1200E+02
 -13.442  0.1196E-03  0.1200E+02
 -13.432  0.9823E-04  0.1200E+02
 -13.422  0.8053E-04  0.1200E+02
 -13.412  0.6591E-04  0.1200E+02
 -13.402  0.5385E-04  0.1200E+02
 -13.392  0.4392E-04  0.1200E+02
 -13.382  0.3576E-04  0.1200E+02
 -13.372  0.2907E-04  0.1200E+02
 -13.362  0.2359E-04  0.1200E+02
 -13.352  0.1911E-04  0.1200E+02
 -13.342  0.1545E-04  0.1200E+02
 -13.332  0.1248E-04  0.1200E+02
 -13.322  0.1006E-04  0.1200E+02
 -13.312  0.8090E-05  0.1200E+02
 -13.302  0.6498E-05  0.1200E+02
 -13.292  0.5211E-05  0.1200E+02
 -13.282  0.4171E-05  0.1200E+02
 -13.272  0.3333E-05  0.1200E+02
 -13.262  0.2659E-05  0.1200E+02
 -13.252  0.2118E-05  0.1200E+02
 -13.242  0.1684E-05  0.1200E+02
 -13.232  0.1336E-05  0.1200E+02
 -13.222  0.1059E-05  0.1200E+02
 -13.212  0.8377E-06  0.1200E+02
 -13.202  0.6615E-06  0.1200E+02
 -13.192  0.5214E-06  0.1200E+02
 -13.182  0.4104E-06  0.1200E+02
 -13.172  0.3224E-06  0.1200E+02
 -13.162  0.2529E-06  0.1200E+02
 -13.152  0.1980E-06  0.1200E+02
 -13.142  0.1547E-06  0.1200E+02
 -13.132  0.1208E-06  0.1200E+02
 -13.122  0.9406E-07  0.1200E+02
 -13.112  0.7315E-07  0.1200E+02
 -13.102  0.5679E-07  0.1200E+02
 -13.092  0.4401E-07  0.1200E+02
 -13.082  0.3405E-07  0.1200E+02
 -13.072  0.2630E-07  0.1200E+02
 -13.062  0.2028E-07  0.1200E+02
 -13.052  0.1561E-07  0.1200E+02
 -13.042  0.1199E-07  0.1200E+02
 -13.032  0.9200E-08  0.1200E+02
 -13.022  0.7046E-08  0.1200E+02
 -13.012  0.5386E-08  0.1200E+02
 -13.002  0.4111E-08  0.1200E+02
 -12.992  0.3132E-08  0.1200E+02
 -12.982  0.2382E-08  0.1200E+02
 -12.972  0.1809E-08  0.1200E+02
 -12.962  0.1371E-08  0.1200E+02
 -12.952  0.1038E-08  0.1200E+02
 -12.942  0.7838E-09  0.1200E+02
 -12.932  0.5911E-09  0.1200E+02
 -12.922  0.4450E-09  0.1200E+02
 -12.912  0.3345E-09  0.1200E+02
 -12.902  0.2509E-09  0.1200E+02
 -12.892  0.1880E-09  0.1200E+02
 -12.882  0.1405E-09  0.1200E+02
 -12.872  0.1049E-09  0.1200E+02
 -12.862  0.7818E-10  0.1200E+02
 -12.852  0.5816E-10  0.1200E+02
 -12.842  0.4319E-10  0.1200E+02
 -12.832  0.3202E-10  0.1200E+02
 -12.822  0.2370E-10  0.1200E+02
 -12.812  0.1751E-10  0.1200E+02
 -12.802  0.1292E-10  0.1200E+02
 -12.792  0.9511E-11  0.1200E+02
 -12.782  0.6991E-11  0.1200E+02
 -12.772  0.5130E-11  0.1200E+02
 -12.762  0.3758E-11  0.1200E+02
 -12.752  0.2749E-11  0.1200E+02
 -12.742  0.2007E-11  0.1200E+02
 -12.732  0.1463E-11  0.1200E+02
 -12.722  0.1064E-11  0.1200E+02
 -12.712  0.7730E-12  0.1200E+02
 -12.702  0.5605E-12  0.1200E+02
 -12.692  0.4057E-12  0.1200E+02
 -12.682  0.2932E-12  0.1200E+02
 -12.672  0.2115E-12  0.1200E+02
 -12.662  0.1523E-12  0.1200E+02
 -12.652  0.1095E-12  0.1200E+02
 -12.642  0.7860E-13  0.1200E+02
 -12.632  0.5632E-13  0.1200E+02
 -12.622  0.4028E-13  0.1200E+02
 -12.612  0.2876E-13  0.1200E+02
 -12.602  0.2050E-13  0.1200E+02
 -12.592  0.1459E-13  0.1200E+02
 -12.582  0.1037E-13  0.1200E+02
 -12.572  0.7351E-14  0.1200E+02
 -12.562  0.5204E-14  0.1200E+02
 -12.552  0.3678E-14  0.1200E+02
 -12.542  0.2595E-14  0.1200E+02
 -12.532  0.1828E-14  0.1200E+02
 -12.522  0.1285E-14  0.1200E+02
 -12.512  0.9023E-15  0.1200E+02
 -12.502  0.6323E-15  0.1200E+02
 -12.492  0.4423E-15  0.1200E+02
 -12.482  0.3089E-15  0.1200E+02
 -12.472  0.2154E-15  0.1200E+02
 -12.462  0.1499E-15  0.1200E+02
 -12.452  0.1041E-15  0.1200E+02
 -12.442  0.7223E-16  0.1200E+02
 -12.432  0.5001E-16  0.1200E+02
 -12.422  0.3457E-16  0.1200E+02
 -12.412  0.2386E-16  0.1200E+02
 -12.402  0.1643E-16  0.1200E+02
 -12.392  0.1130E-16  0.1200E+02
 -12.382  0.7759E-17  0.1200E+02
 -12.372  0.5318E-17  0.1200E+02
 -12.362  0.3638E-17  0.1200E+02
 -12.352  0.2485E-17  0.1200E+02
 -12.342  0.1694E-17  0.1200E+02
 -12.332  0.1153E-17  0.1200E+02
 -12.322  0.7838E-18  0.1200E+02
 -12.312  0.5317E-18  0.1200E+02
 -12.302  0.3601E-18  0.1200E+02
 -12.292  0.2434E-18  0.1200E+02
 -12.282  0.1643E-18  0.1200E+02
 -12.272  0.1107E-18  0.1200E+02
 -12.262  0.7444E-19  0.1200E+02
 -12.252  0.4998E-19  0.1200E+02
 -12.242  0.3350E-19  0.1200E+02
 -12.232  0.2242E-19  0.1200E+02
 -12.222  0.1498E-19  0.1200E+02
 -12.212  0.9986E-20  0.1200E+02
 -12.202  0.6648E-20  0.1200E+02
 -12.192  0.4418E-20  0.1200E+02
 -12.182  0.2931E-20  0.1200E+02
 -12.172  0.1941E-20  0.1200E+02
 -12.162  0.1284E-20  0.1200E+02
 -12.152  0.8473E-21  0.1200E+02
 -12.142  0.5583E-21  0.1200E+02
 -12.132  0.3672E-21  0.1200E+02
 -12.122  0.2411E-21  0.1200E+02
 -12.112  0.1581E-21  0.1200E+02
 -12.102  0.1035E-21  0.1200E+02
 -12.092  0.6759E-22  0.1200E+02
 -12.082  0.4408E-22  0.1200E+02
 -12.072  0.2870E-22  0.1200E+02
 -12.062  0.1865E-22  0.1200E+02
 -12.052  0.1210E-22  0.1200E+02
 -12.042  0.7840E-23  0.1200E+02
 -12.032  0.5070E-23  0.1200E+02
 -12.022  0.3273E-23  0.1200E+02
 -12.012  0.2109E-23  0.1200E+02
 -12.002  0.1357E-23  0.1200E+02
 -11.992  0.8713E-24  0.1200E+02
 -11.982  0.5586E-24  0.1200E+02
 -11.972  0.3575E-24  0.1200E+02
 -11.962  0.2284E-24  0.1200E+02
 -11.952  0.1457E-24  0.1200E+02
 -11.942  0.9278E-25  0.1200E+02
 -11.932  0.5897E-25  0.1200E+02
 -11.922  0.3742E-25  0.1200E+02
 -11.912  0.2371E-25  0.1200E+02
 -11.902  0.1499E-25  0.1200E+02
 -11.892  0.9465E-26  0.1200E+02
 -11.882  0.5965E-26  0.1200E+02
 -11.872  0.3753E-26  0.1200E+02
 -11.862  0.2357E-26  0.1200E+02
 -11.852  0.1478E-26  0.1200E+02
 -11.842  0.9252E-27  0.1200E+02
 -11.832  0.5781E-27  0.1200E+02
 -11.822  0.3606E-27  0.1200E+02
 -11.812  0.2246E-27  0.1200E+02
 -11.802  0.1396E-27  0.1200E+02
 -11.792  0.8664E-28  0.1200E+02
 -11.782  0.5368E-28  0.1200E+02
 -11.772  0.3320E-28  0.1200E+02
 -11.762  0.2050E-28  0.1200E+02
 -11.752  0.1263E-28  0.1200E+02
 -11.742  0.7774E-29  0.1200E+02
 -11.732  0.4775E-29  0.1200E+02
 -11.722  0.2928E-29  0.1200E+02
 -11.712  0.1792E-29  0.1200E+02
 -11.702  0.1095E-29  0.1200E+02
 -11.692  0.6683E-30  0.1200E+02
 -11.682  0.4070E-30  0.1200E+02
 -11.672  0.2474E-30  0.1200E+02
 -11.662  0.1502E-30  0.1200E+02
 -11.652  0.9099E-31  0.1200E+02
 -11.642  0.5504E-31  0.1200E+02
 -11.632  0.3323E-31  0.1200E+02
 -11.622  0.2003E-31  0.1200E+02
 -11.612  0.1205E-31  0.1200E+02
 -11.602  0.7242E-32  0.1200E+02
 -11.592  0.4343E-32  0.1200E+02
 -11.582  0.2600E-32  0.1200E+02
 -11.572  0.1554E-32  0.1200E+02
 -11.562  0.9271E-33  0.1200E+02
 -11.552  0.5522E-33  0.1200E+02
 -11.542  0.3283E-33  0.1200E+02
 -11.532  0.1949E-33  0.1200E+02
 -11.522  0.1155E-33  0.1200E+02
 -11.512  0.6831E-34  0.1200E+02
 -11.502  0.4034E-34  0.1200E+02
 -11.492  0.2378E-34  0.1200E+02
 -11.482  0.1399E-34  0.1200E+02
 -11.472  0.8221E-35  0.1200E+02
 -11.462  0.4822E-35  0.1200E+02
 -11.452  0.2823E-35  0.1200E+02
 -11.442  0.1650E-35  0.1200E+02
 -11.432  0.9627E-36  0.1200E+02
 -11.422  0.5608E-36  0.1200E+02
 -11.412  0.3261E-36  0.1200E+02
 -11.402  0.1893E-36  0.1200E+02
 -11.392  0.1097E-36  0.1200E+02
 -11.382  0.6346E-37  0.1200E+02
 -11.372  0.3665E-37  0.1200E+02
 -11.362  0.2113E-37  0.1200E+02
 -11.352  0.1216E-37  0.1200E+02
 -11.342  0.6986E-38  0.1200E+02
 -11.332  0.4007E-38  0.1200E+02
 -11.322  0.2294E-38  0.1200E+02
 -11.312  0.1311E-38  0.1200E+02
 -11.302  0.7483E-39  0.1200E+02
 -11.292  0.4263E-39  0.1200E+02
 -11.282  0.2424E-39  0.1200E+02
 -11.272  0.1376E-39  0.1200E+02
 -11.262  0.7799E-40  0.1200E+02
 -11.252  0.4412E-40  0.1200E+02
 -11.242  0.2492E-40  0.1200E+02
 -11.232  0.1405E-40  0.1200E+02
 -11.222  0.7908E-41  0.1200E+02
 -11.212  0.4443E-41  0.1200E+02
 -11.202  0.2492E-41  0.1200E+02
 -11.192  0.1396E-41  0.1200E+02
 -11.182  0.7802E-42  0.1200E+02
 -11.172  0.4354E-42  0.1200E+02
 -11.162  0.2425E-42  0.1200E+02
 -11.152  0.1349E-42  0.1200E+02
 -11.142  0.7488E-43  0.1200E+02
 -11.132  0.4150E-43  0.1200E+02
 -11.122  0.2296E-43  0.1200E+02
 -11.112  0.1268E-43  0.1200E+02
 -11.102  0.6993E-44  0.1200E+02
 -11.092  0.3849E-44  0.1200E+02
 -11.082  0.2115E-44  0.1200E+02
 -11.072  0.1160E-44  0.1200E+02
 -11.062  0.6354E-45  0.1200E+02
 -11.052  0.3473E-45  0.1200E+02
 -11.042  0.1896E-45  0.1200E+02
 -11.032  0.1033E-45  0.1200E+02
 -11.022  0.5617E-46  0.1200E+02
 -11.012  0.3050E-46  0.1200E+02
 -11.002  0.1653E-46  0.1200E+02
 -10.992  0.8943E-47  0.1200E+02
 -10.982  0.4831E-47  0.1200E+02
 -10.972  0.2605E-47  0.1200E+02
 -10.962  0.1402E-47  0.1200E+02
 -10.952  0.7535E-48  0.1200E+02
 -10.942  0.4042E-48  0.1200E+02
 -10.932  0.2165E-48  0.1200E+02
 -10.922  0.1157E-48  0.1200E+02
 -10.912  0.6176E-49  0.1200E+02
 -10.902  0.3291E-49  0.1200E+02
 -10.892  0.1750E-49  0.1200E+02
 -10.882  0.9293E-50  0.1200E+02
 -10.872  0.4926E-50  0.1200E+02
 -10.862  0.2606E-50  0.1200E+02
 -10.852  0.1377E-50  0.1200E+02
 -10.842  0.7260E-51  0.1200E+02
 -10.832  0.3822E-51  0.1200E+02
 -10.822  0.2009E-51  0.1200E+02
 -10.812  0.1054E-51  0.1200E+02
 -10.802  0.5519E-52  0.1200E+02
 -10.792  0.2885E-52  0.1200E+02
 -10.782  0.1506E-52  0.1200E+02
 -10.772  0.7846E-53  0.1200E+02
 -10.762  0.4081E-53  0.1200E+02
 -10.752  0.2119E-53  0.1200E+02
 -10.742  0.1098E-53  0.1200E+02
 -10.732  0.5684E-54  0.1200E+02
 -10.722  0.2936E-54  0.1200E+02
 -10.712  0.1514E-54  0.1200E+02
 -10.702  0.7796E-55  0.1200E+02
 -10.692  0.4007E-55  0.1200E+02
 -10.682  0.2057E-55  0.1200E+02
 -10.672  0.1055E-55  0.1200E+02
 -10.662  0.5426E-56  0.1200E+02
 -10.652  0.2833E-56  0.1200E+02
 -10.642  0.1567E-56  0.1200E+02
 -10.632  0.1038E-56  0.1200E+02
 -10.622  0.9944E-57  0.1200E+02
 -10.612  0.1411E-56  0.1200E+02
 -10.602  0.2472E-56  0.1200E+02
 -10.592  0.4649E-56  0.1200E+02
 -10.582  0.8911E-56  0.1200E+02
 -10.572  0.1714E-55  0.1200E+02
 -10.562  0.3297E-55  0.1200E+02
 -10.552  0.6332E-55  0.1200E+02
 -10.542  0.1214E-54  0.1200E+02
 -10.532  0.2324E-54  0.1200E+02
 -10.522  0.4441E-54  0.1200E+02
 -10.512  0.8472E-54  0.1200E+02
 -10.502  0.1613E-53  0.1200E+02
 -10.492  0.3067E-53  0.1200E+02
 -10.482  0.5821E-53  0.1200E+02
 -10.472  0.1103E-52  0.1200E+02
 -10.462  0.2085E-52  0.1200E+02
 -10.452  0.3937E-52  0.1200E+02
 -10.442  0.7421E-52  0.1200E+02
 -10.432  0.1396E-51  0.1200E+02
 -10.422  0.2622E-51  0.1200E+02
 -10.412  0.4917E-51  0.1200E+02
 -10.402  0.9202E-51  0.1200E+02
 -10.392  0.1719E-50  0.1200E+02
 -10.382  0.3207E-50  0.1200E+02
 -10.372  0.5972E-50  0.1200E+02
 -10.362  0.1110E-49  0.1200E+02
 -10.352  0.2060E-49  0.1200E+02
 -10.342  0.3816E-49  0.1200E+02
 -10.332  0.7056E-49  0.1200E+02
 -10.322  0.1302E-48  0.1200E+02
 -10.312  0.2400E-48  0.1200E+02
 -10.302  0.4416E-48  0.1200E+02
 -10.292  0.8109E-48  0.1200E+02
 -10.282  0.1487E-47  0.1200E+02
 -10.272  0.2721E-47  0.1200E+02
 -10.262  0.4971E-47  0.1200E+02
 -10.252  0.9065E-47  0.1200E+02
 -10.242  0.1651E-46  0.1200E+02
 -10.232  0.3000E-46  0.1200E+02
 -10.222  0.5443E-46  0.1200E+02
 -10.212  0.9858E-46  0.1200E+02
 -10.202  0.1782E-45  0.1200E+02
 -10.192  0.3217E-45  0.1200E+02
 -10.182  0.5797E-45  0.1200E+02
 -10.172  0.1043E-44  0.1200E+02
 -10.162  0.1872E-44  0.1200E+02
 -10.152  0.3357E-44  0.1200E+02
 -10.142  0.6006E-44  0.1200E+02
 -10.132  0.1073E-43  0.1200E+02
 -10.122  0.1913E-43  0.1200E+02
 -10.112  0.3406E-43  0.1200E+02
 -10.102  0.6053E-43  0.1200E+02
 -10.092  0.1074E-42  0.1200E+02
 -10.082  0.1902E-42  0.1200E+02
 -10.072  0.3362E-42  0.1200E+02
 -10.062  0.5934E-42  0.1200E+02
 -10.052  0.1046E-41  0.1200E+02
 -10.042  0.1839E-41  0.1200E+02
 -10.032  0.3229E-41  0.1200E+02
 -10.022  0.5659E-41  0.1200E+02
 -10.012  0.9901E-41  0.1200E+02
 -10.002  0.1729E-40  0.1200E+02
  -9.992  0.3016E-40  0.1200E+02
  -9.982  0.5249E-40  0.1200E+02
  -9.972  0.9121E-40  0.1200E+02
  -9.962  0.1582E-39  0.1200E+02
  -9.952  0.2740E-39  0.1200E+02
  -9.942  0.4736E-39  0.1200E+02
  -9.932  0.8173E-39  0.1200E+02
  -9.922  0.1408E-38  0.1200E+02
  -9.912  0.2421E-38  0.1200E+02
  -9.902  0.4157E-38  0.1200E+02
  -9.892  0.7124E-38  0.1200E+02
  -9.882  0.1219E-37  0.1200E+02
  -9.872  0.2082E-37  0.1200E+02
  -9.862  0.3549E-37  0.1200E+02
  -9.852  0.6040E-37  0.1200E+02
  -9.842  0.1026E-36  0.1200E+02
  -9.832  0.1741E-36  0.1200E+02
  -9.822  0.2947E-36  0.1200E+02
  -9.812  0.4982E-36  0.1200E+02
  -9.802  0.8406E-36  0.1200E+02
  -9.792  0.1416E-35  0.1200E+02
  -9.782  0.2381E-35  0.1200E+02
  -9.772  0.3997E-35  0.1200E+02
  -9.762  0.6697E-35  0.1200E+02
  -9.752  0.1120E-34  0.1200E+02
  -9.742  0.1871E-34  0.1200E+02
  -9.732  0.3119E-34  0.1200E+02
  -9.722  0.5191E-34  0.1200E+02
  -9.712  0.8623E-34  0.1200E+02
  -9.702  0.1430E-33  0.1200E+02
  -9.692  0.2368E-33  0.1200E+02
  -9.682  0.3913E-33  0.1200E+02
  -9.672  0.6456E-33  0.1200E+02
  -9.662  0.1063E-32  0.1200E+02
  -9.652  0.1748E-32  0.1200E+02
  -9.642  0.2870E-32  0.1200E+02
  -9.632  0.4702E-32  0.1200E+02
  -9.622  0.7691E-32  0.1200E+02
  -9.612  0.1256E-31  0.1200E+02
  -9.602  0.2047E-31  0.1200E+02
  -9.592  0.3331E-31  0.1200E+02
  -9.582  0.5411E-31  0.1200E+02
  -9.572  0.8775E-31  0.1200E+02
  -9.562  0.1420E-30  0.1200E+02
  -9.552  0.2296E-30  0.1200E+02
  -9.542  0.3703E-30  0.1200E+02
  -9.532  0.5964E-30  0.1200E+02
  -9.522  0.9588E-30  0.1200E+02
  -9.512  0.1539E-29  0.1200E+02
  -9.502  0.2465E-29  0.1200E+02
  -9.492  0.3943E-29  0.1200E+02
  -9.482  0.6296E-29  0.1200E+02
  -9.472  0.1003E-28  0.1200E+02
  -9.462  0.1597E-28  0.1200E+02
  -9.452  0.2536E-28  0.1200E+02
  -9.442  0.4021E-28  0.1200E+02
  -9.432  0.6365E-28  0.1200E+02
  -9.422  0.1006E-27  0.1200E+02
  -9.412  0.1586E-27  0.1200E+02
  -9.402  0.2498E-27  0.1200E+02
  -9.392  0.3927E-27  0.1200E+02
  -9.382  0.6163E-27  0.1200E+02
  -9.372  0.9655E-27  0.1200E+02
  -9.362  0.1510E-26  0.1200E+02
  -9.352  0.2357E-26  0.1200E+02
  -9.342  0.3674E-26  0.1200E+02
  -9.332  0.5716E-26  0.1200E+02
  -9.322  0.8877E-26  0.1200E+02
  -9.312  0.1376E-25  0.1200E+02
  -9.302  0.2130E-25  0.1200E+02
  -9.292  0.3291E-25  0.1200E+02
  -9.282  0.5077E-25  0.1200E+02
  -9.272  0.7817E-25  0.1200E+02
  -9.262  0.1202E-24  0.1200E+02
  -9.252  0.1844E-24  0.1200E+02
  -9.242  0.2824E-24  0.1200E+02
  -9.232  0.4319E-24  0.1200E+02
  -9.222  0.6593E-24  0.1200E+02
  -9.212  0.1005E-23  0.1200E+02
  -9.202  0.1529E-23  0.1200E+02
  -9.192  0.2321E-23  0.1200E+02
  -9.182  0.3519E-23  0.1200E+02
  -9.172  0.5326E-23  0.1200E+02
  -9.162  0.8047E-23  0.1200E+02
  -9.152  0.1214E-22  0.1200E+02
  -9.142  0.1827E-22  0.1200E+02
  -9.132  0.2747E-22  0.1200E+02
  -9.122  0.4121E-22  0.1200E+02
  -9.112  0.6173E-22  0.1200E+02
  -9.102  0.9231E-22  0.1200E+02
  -9.092  0.1378E-21  0.1200E+02
  -9.082  0.2053E-21  0.1200E+02
  -9.072  0.3054E-21  0.1200E+02
  -9.062  0.4536E-21  0.1200E+02
  -9.052  0.6724E-21  0.1200E+02
  -9.042  0.9951E-21  0.1200E+02
  -9.032  0.1470E-20  0.1200E+02
  -9.022  0.2168E-20  0.1200E+02
  -9.012  0.3192E-20  0.1200E+02
  -9.002  0.4692E-20  0.1200E+02
  -8.992  0.6884E-20  0.1200E+02
  -8.982  0.1008E-19  0.1200E+02
  -8.972  0.1474E-19  0.1200E+02
  -8.962  0.2152E-19  0.1200E+02
  -8.952  0.3136E-19  0.1200E+02
  -8.942  0.4562E-19  0.1200E+02
  -8.932  0.6624E-19  0.1200E+02
  -8.922  0.9603E-19  0.1200E+02
  -8.912  0.1390E-18  0.1200E+02
  -8.902  0.2008E-18  0.1200E+02
  -8.892  0.2896E-18  0.1200E+02
  -8.882  0.4169E-18  0.1200E+02
  -8.872  0.5991E-18  0.1200E+02
  -8.862  0.8596E-18  0.1200E+02
  -8.852  0.1231E-17  0.1200E+02
  -8.842  0.1761E-17  0.1200E+02
  -8.832  0.2513E-17  0.1200E+02
  -8.822  0.3581E-17  0.1200E+02
  -8.812  0.5094E-17  0.1200E+02
  -8.802  0.7234E-17  0.1200E+02
  -8.792  0.1025E-16  0.1200E+02
  -8.782  0.1451E-16  0.1200E+02
  -8.772  0.2050E-16  0.1200E+02
  -8.762  0.2892E-16  0.1200E+02
  -8.752  0.4071E-16  0.1200E+02
  -8.742  0.5722E-16  0.1200E+02
  -8.732  0.8029E-16  0.1200E+02
  -8.722  0.1125E-15  0.1200E+02
  -8.712  0.1573E-15  0.1200E+02
  -8.702  0.2195E-15  0.1200E+02
  -8.692  0.3059E-15  0.1200E+02
  -8.682  0.4256E-15  0.1200E+02
  -8.672  0.5910E-15  0.1200E+02
  -8.662  0.8194E-15  0.1200E+02
  -8.652  0.1134E-14  0.1200E+02
  -8.642  0.1567E-14  0.1200E+02
  -8.632  0.2161E-14  0.1200E+02
  -8.622  0.2976E-14  0.1200E+02
  -8.612  0.4090E-14  0.1200E+02
  -8.602  0.5613E-14  0.1200E+02
  -8.592  0.7689E-14  0.1200E+02
  -8.582  0.1052E-13  0.1200E+02
  -8.572  0.1436E-13  0.1200E+02
  -8.562  0.1957E-13  0.1200E+02
  -8.552  0.2662E-13  0.1200E+02
  -8.542  0.3616E-13  0.1200E+02
  -8.532  0.4903E-13  0.1200E+02
  -8.522  0.6636E-13  0.1200E+02
  -8.512  0.8968E-13  0.1200E+02
  -8.502  0.1210E-12  0.1200E+02
  -8.492  0.1629E-12  0.1200E+02
  -8.482  0.2191E-12  0.1200E+02
  -8.472  0.2940E-12  0.1200E+02
  -8.462  0.3939E-12  0.1200E+02
  -8.452  0.5269E-12  0.1200E+02
  -8.442  0.7036E-12  0.1200E+02
  -8.432  0.9380E-12  0.1200E+02
  -8.422  0.1248E-11  0.1200E+02
  -8.412  0.1658E-11  0.1200E+02
  -8.402  0.2200E-11  0.1200E+02
  -8.392  0.2912E-11  0.1200E+02
  -8.382  0.3850E-11  0.1200E+02
  -8.372  0.5080E-11  0.1200E+02
  -8.362  0.6693E-11  0.1200E+02
  -8.352  0.8802E-11  0.1200E+02
  -8.342  0.1156E-10  0.1200E+02
  -8.332  0.1515E-10  0.1200E+02
  -8.322  0.1982E-10  0.1200E+02
  -8.312  0.2589E-10  0.1200E+02
  -8.302  0.3376E-10  0.1200E+02
  -8.292  0.4396E-10  0.1200E+02
  -8.282  0.5713E-10  0.1200E+02
  -8.272  0.7413E-10  0.1200E+02
  -8.262  0.9603E-10  0.1200E+02
  -8.252  0.1242E-09  0.1200E+02
  -8.242  0.1603E-09  0.1200E+02
  -8.232  0.2066E-09  0.1200E+02
  -8.222  0.2659E-09  0.1200E+02
  -8.212  0.3416E-09  0.1200E+02
  -8.202  0.4380E-09  0.1200E+02
  -8.192  0.5608E-09  0.1200E+02
  -8.182  0.7168E-09  0.1200E+02
  -8.172  0.9147E-09  0.1200E+02
  -8.162  0.1165E-08  0.1200E+02
  -8.152  0.1482E-08  0.1200E+02
  -8.142  0.1882E-08  0.1200E+02
  -8.132  0.2385E-08  0.1200E+02
  -8.122  0.3019E-08  0.1200E+02
  -8.112  0.3814E-08  0.1200E+02
  -8.102  0.4810E-08  0.1200E+02
  -8.092  0.6058E-08  0.1200E+02
  -8.082  0.7615E-08  0.1200E+02
  -8.072  0.9558E-08  0.1200E+02
  -8.062  0.1198E-07  0.1200E+02
  -8.052  0.1498E-07  0.1200E+02
  -8.042  0.1871E-07  0.1200E+02
  -8.032  0.2334E-07  0.1200E+02
  -8.022  0.2905E-07  0.1200E+02
  -8.012  0.3610E-07  0.1200E+02
  -8.002  0.4480E-07  0.1200E+02
  -7.992  0.5550E-07  0.1200E+02
  -7.982  0.6864E-07  0.1200E+02
  -7.972  0.8476E-07  0.1200E+02
  -7.962  0.1045E-06  0.1200E+02
  -7.952  0.1286E-06  0.1200E+02
  -7.942  0.1581E-06  0.1200E+02
  -7.932  0.1939E-06  0.1200E+02
  -7.922  0.2375E-06  0.1200E+02
  -7.912  0.2905E-06  0.1200E+02
  -7.902  0.3547E-06  0.1200E+02
  -7.892  0.4324E-06  0.1200E+02
  -7.882  0.5263E-06  0.1200E+02
  -7.872  0.6396E-06  0.1200E+02
  -7.862  0.7760E-06  0.1200E+02
  -7.852  0.9400E-06  0.1200E+02
  -7.842  0.1137E-05  0.1200E+02
  -7.832  0.1373E-05  0.1200E+02
  -7.822  0.1655E-05  0.1200E+02
  -7.812  0.1993E-05  0.1200E+02
  -7.802  0.2395E-05  0.1200E+02
  -7.792  0.2874E-05  0.1200E+02
  -7.782  0.3443E-05  0.1200E+02
  -7.772  0.4119E-05  0.1200E+02
  -7.762  0.4921E-05  0.1200E+02
  -7.752  0.5868E-05  0.1200E+02
  -7.742  0.6988E-05  0.1200E+02
  -7.732  0.8309E-05  0.1200E+02
  -7.722  0.9864E-05  0.1200E+02
  -7.712  0.1169E-04  0.1200E+02
  -7.702  0.1384E-04  0.1200E+02
  -7.692  0.1635E-04  0.1200E+02
  -7.682  0.1930E-04  0.1200E+02
  -7.672  0.2274E-04  0.1200E+02
  -7.662  0.2675E-04  0.1200E+02
  -7.652  0.3142E-04  0.1200E+02
  -7.642  0.3686E-04  0.1200E+02
  -7.632  0.4316E-04  0.1200E+02
  -7.622  0.5048E-04  0.1200E+02
  -7.612  0.5895E-04  0.1200E+02
  -7.602  0.6873E-04  0.1200E+02
  -7.592  0.8003E-04  0.1200E+02
  -7.582  0.9304E-04  0.1200E+02
  -7.572  0.1080E-03  0.1200E+02
  -7.562  0.1252E-03  0.1200E+02
  -7.552  0.1449E-03  0.1200E+02
  -7.542  0.1675E-03  0.1200E+02
  -7.532  0.1934E-03  0.1200E+02
  -7.522  0.2229E-03  0.1200E+02
  -7.512  0.2565E-03  0.1200E+02
  -7.502  0.2948E-03  0.1200E+02
  -7.492  0.3384E-03  0.1200E+02
  -7.482  0.3878E-03  0.1200E+02
  -7.472  0.4438E-03  0.1200E+02
  -7.462  0.5071E-03  0.1200E+02
  -7.452  0.5788E-03  0.1200E+02
  -7.442  0.6596E-03  0.1200E+02
  -7.432  0.7506E-03  0.1200E+02
  -7.422  0.8531E-03  0.1200E+02
  -7.412  0.9681E-03  0.1200E+02
  -7.402  0.1097E-02  0.1200E+02
  -7.392  0.1242E-02  0.1200E+02
  -7.382  0.1404E-02  0.1200E+02
  -7.372  0.1584E-02  0.1200E+02
  -7.362  0.1786E-02  0.1200E+02
  -7.352  0.2010E-02  0.1200E+02
  -7.342  0.2259E-02  0.1200E+02
  -7.332  0.2536E-02  0.1200E+02
  -7.322  0.2843E-02  0.1200E+02
  -7.312  0.3183E-02  0.1200E+02
  -7.302  0.3559E-02  0.1200E+02
  -7.292  0.3974E-02  0.1200E+02
  -7.282  0.4431E-02  0.1200E+02
  -7.272  0.4934E-02  0.1200E+02
  -7.262  0.5487E-02  0.1200E+02
  -7.252  0.6094E-02  0.1200E+02
  -7.242  0.6760E-02  0.1200E+02
  -7.232  0.7488E-02  0.1200E+02
  -7.222  0.8283E-02  0.1200E+02
  -7.212  0.9151E-02  0.1200E+02
  -7.202  0.1010E-01  0.1200E+02
  -7.192  0.1113E-01  0.1200E+02
  -7.182  0.1224E-01  0.1200E+02
  -7.172  0.1346E-01  0.1200E+02
  -7.162  0.1477E-01  0.1200E+02
  -7.152  0.1619E-01  0.1200E+02
  -7.142  0.1772E-01  0.1200E+02
  -7.132  0.1938E-01  0.1200E+02
  -7.122  0.2116E-01  0.1200E+02
  -7.112  0.2307E-01  0.1200E+02
  -7.102  0.2513E-01  0.1200E+02
  -7.092  0.2733E-01  0.1200E+02
  -7.082  0.2969E-01  0.1200E+02
  -7.072  0.3222E-01  0.1200E+02
  -7.062  0.3491E-01  0.1200E+02
  -7.052  0.3778E-01  0.1200E+02
  -7.042  0.4083E-01  0.1200E+02
  -7.032  0.4407E-01  0.1201E+02
  -7.022  0.4751E-01  0.1201E+02
  -7.012  0.5116E-01  0.1201E+02
  -7.002  0.5502E-01  0.1201E+02
  -6.992  0.5909E-01  0.1201E+02
  -6.982  0.6339E-01  0.1201E+02
  -6.972  0.6792E-01  0.1201E+02
  -6.962  0.7268E-01  0.1201E+02
  -6.952  0.7768E-01  0.1201E+02
  -6.942  0.8292E-01  0.1201E+02
  -6.932  0.8841E-01  0.1201E+02
  -6.922  0.9415E-01  0.1201E+02
  -6.912  0.1001E+00  0.1201E+02
  -6.902  0.1064E+00  0.1201E+02
  -6.892  0.1129E+00  0.1202E+02
  -6.882  0.1197E+00  0.1202E+02
  -6.872  0.1267E+00  0.1202E+02
  -6.862  0.1340E+00  0.1202E+02
  -6.852  0.1415E+00  0.1202E+02
  -6.842  0.1493E+00  0.1202E+02
  -6.832  0.1574E+00  0.1202E+02
  -6.822  0.1657E+00  0.1203E+02
  -6.812  0.1743E+00  0.1203E+02
  -6.802  0.1832E+00  0.1203E+02
  -6.792  0.1923E+00  0.1203E+02
  -6.782  0.2016E+00  0.1203E+02
  -6.772  0.2112E+00  0.1204E+02
  -6.762  0.2210E+00  0.1204E+02
  -6.752  0.2311E+00  0.1204E+02
  -6.742  0.2414E+00  0.1204E+02
  -6.732  0.2519E+00  0.1205E+02
  -6.722  0.2627E+00  0.1205E+02
  -6.712  0.2737E+00  0.1205E+02
  -6.702  0.2850E+00  0.1205E+02
  -6.692  0.2965E+00  0.1206E+02
  -6.682  0.3082E+00  0.1206E+02
  -6.672  0.3201E+00  0.1206E+02
  -6.662  0.3323E+00  0.1207E+02
  -6.652  0.3448E+00  0.1207E+02
  -6.642  0.3574E+00  0.1207E+02
  -6.632  0.3704E+00  0.1208E+02
  -6.622  0.3836E+00  0.1208E+02
  -6.612  0.3970E+00  0.1208E+02
  -6.602  0.4108E+00  0.1209E+02
  -6.592  0.4248E+00  0.1209E+02
  -6.582  0.4391E+00  0.1210E+02
  -6.572  0.4538E+00  0.1210E+02
  -6.562  0.4688E+00  0.1211E+02
  -6.552  0.4841E+00  0.1211E+02
  -6.542  0.4998E+00  0.1212E+02
  -6.532  0.5159E+00  0.1212E+02
  -6.522  0.5323E+00  0.1213E+02
  -6.512  0.5493E+00  0.1213E+02
  -6.502  0.5666E+00  0.1214E+02
  -6.492  0.5844E+00  0.1214E+02
  -6.482  0.6028E+00  0.1215E+02
  -6.472  0.6216E+00  0.1216E+02
  -6.462  0.6410E+00  0.1216E+02
  -6.452  0.6610E+00  0.1217E+02
  -6.442  0.6815E+00  0.1218E+02
  -6.432  0.7027E+00  0.1218E+02
  -6.422  0.7246E+00  0.1219E+02
  -6.412  0.7470E+00  0.1220E+02
  -6.402  0.7702E+00  0.1221E+02
  -6.392  0.7941E+00  0.1221E+02
  -6.382  0.8187E+00  0.1222E+02
  -6.372  0.8441E+00  0.1223E+02
  -6.362  0.8702E+00  0.1224E+02
  -6.352  0.8971E+00  0.1225E+02
  -6.342  0.9248E+00  0.1226E+02
  -6.332  0.9533E+00  0.1227E+02
  -6.322  0.9826E+00  0.1228E+02
  -6.312  0.1013E+01  0.1229E+02
  -6.302  0.1044E+01  0.1230E+02
  -6.292  0.1075E+01  0.1231E+02
  -6.282  0.1108E+01  0.1232E+02
  -6.272  0.1141E+01  0.1233E+02
  -6.262  0.1175E+01  0.1234E+02
  -6.252  0.1210E+01  0.1235E+02
  -6.242  0.1246E+01  0.1237E+02
  -6.232  0.1282E+01  0.1238E+02
  -6.222  0.1319E+01  0.1239E+02
  -6.212  0.1357E+01  0.1241E+02
  -6.202  0.1395E+01  0.1242E+02
  -6.192  0.1434E+01  0.1243E+02
  -6.182  0.1473E+01  0.1245E+02
  -6.172  0.1513E+01  0.1246E+02
  -6.162  0.1553E+01  0.1248E+02
  -6.152  0.1593E+01  0.1250E+02
  -6.142  0.1634E+01  0.1251E+02
  -6.132  0.1674E+01  0.1253E+02
  -6.122  0.1715E+01  0.1255E+02
  -6.112  0.1756E+01  0.1256E+02
  -6.102  0.1797E+01  0.1258E+02
  -6.092  0.1838E+01  0.1260E+02
  -6.082  0.1878E+01  0.1262E+02
  -6.072  0.1918E+01  0.1264E+02
  -6.062  0.1958E+01  0.1266E+02
  -6.052  0.1997E+01  0.1268E+02
  -6.042  0.2035E+01  0.1270E+02
  -6.032  0.2072E+01  0.1272E+02
  -6.022  0.2109E+01  0.1274E+02
  -6.012  0.2144E+01  0.1276E+02
  -6.002  0.2179E+01  0.1278E+02
  -5.992  0.2212E+01  0.1280E+02
  -5.982  0.2243E+01  0.1283E+02
  -5.972  0.2273E+01  0.1285E+02
  -5.962  0.2302E+01  0.1287E+02
  -5.952  0.2329E+01  0.1290E+02
  -5.942  0.2354E+01  0.1292E+02
  -5.932  0.2377E+01  0.1294E+02
  -5.922  0.2398E+01  0.1297E+02
  -5.912  0.2417E+01  0.1299E+02
  -5.902  0.2433E+01  0.1302E+02
  -5.892  0.2448E+01  0.1304E+02
  -5.882  0.2460E+01  0.1306E+02
  -5.872  0.2469E+01  0.1309E+02
  -5.862  0.2476E+01  0.1311E+02
  -5.852  0.2481E+01  0.1314E+02
  -5.842  0.2483E+01  0.1316E+02
  -5.832  0.2482E+01  0.1319E+02
  -5.822  0.2479E+01  0.1321E+02
  -5.812  0.2473E+01  0.1324E+02
  -5.802  0.2464E+01  0.1326E+02
  -5.792  0.2453E+01  0.1329E+02
  -5.782  0.2439E+01  0.1331E+02
  -5.772  0.2422E+01  0.1334E+02
  -5.762  0.2403E+01  0.1336E+02
  -5.752  0.2382E+01  0.1338E+02
  -5.742  0.2358E+01  0.1341E+02
  -5.732  0.2331E+01  0.1343E+02
  -5.722  0.2303E+01  0.1345E+02
  -5.712  0.2272E+01  0.1348E+02
  -5.702  0.2240E+01  0.1350E+02
  -5.692  0.2205E+01  0.1352E+02
  -5.682  0.2169E+01  0.1354E+02
  -5.672  0.2130E+01  0.1356E+02
  -5.662  0.2091E+01  0.1358E+02
  -5.652  0.2050E+01  0.1361E+02
  -5.642  0.2008E+01  0.1363E+02
  -5.632  0.1964E+01  0.1365E+02
  -5.622  0.1920E+01  0.1366E+02
  -5.612  0.1875E+01  0.1368E+02
  -5.602  0.1830E+01  0.1370E+02
  -5.592  0.1784E+01  0.1372E+02
  -5.582  0.1738E+01  0.1374E+02
  -5.572  0.1692E+01  0.1375E+02
  -5.562  0.1646E+01  0.1377E+02
  -5.552  0.1600E+01  0.1379E+02
  -5.542  0.1555E+01  0.1380E+02
  -5.532  0.1510E+01  0.1382E+02
  -5.522  0.1466E+01  0.1383E+02
  -5.512  0.1422E+01  0.1385E+02
  -5.502  0.1380E+01  0.1386E+02
  -5.492  0.1339E+01  0.1387E+02
  -5.482  0.1299E+01  0.1389E+02
  -5.472  0.1261E+01  0.1390E+02
  -5.462  0.1224E+01  0.1391E+02
  -5.452  0.1189E+01  0.1392E+02
  -5.442  0.1156E+01  0.1393E+02
  -5.432  0.1124E+01  0.1395E+02
  -5.422  0.1094E+01  0.1396E+02
  -5.412  0.1066E+01  0.1397E+02
  -5.402  0.1041E+01  0.1398E+02
  -5.392  0.1017E+01  0.1399E+02
  -5.382  0.9953E+00  0.1400E+02
  -5.372  0.9760E+00  0.1401E+02
  -5.362  0.9589E+00  0.1402E+02
  -5.352  0.9440E+00  0.1403E+02
  -5.342  0.9314E+00  0.1404E+02
  -5.332  0.9210E+00  0.1404E+02
  -5.322  0.9129E+00  0.1405E+02
  -5.312  0.9071E+00  0.1406E+02
  -5.302  0.9035E+00  0.1407E+02
  -5.292  0.9022E+00  0.1408E+02
  -5.282  0.9031E+00  0.1409E+02
  -5.272  0.9061E+00  0.1410E+02
  -5.262  0.9113E+00  0.1411E+02
  -5.252  0.9186E+00  0.1412E+02
  -5.242  0.9280E+00  0.1413E+02
  -5.232  0.9394E+00  0.1414E+02
  -5.222  0.9528E+00  0.1415E+02
  -5.212  0.9681E+00  0.1416E+02
  -5.202  0.9852E+00  0.1416E+02
  -5.192  0.1004E+01  0.1417E+02
  -5.182  0.1025E+01  0.1419E+02
  -5.172  0.1047E+01  0.1420E+02
  -5.162  0.1071E+01  0.1421E+02
  -5.152  0.1096E+01  0.1422E+02
  -5.142  0.1123E+01  0.1423E+02
  -5.132  0.1151E+01  0.1424E+02
  -5.122  0.1181E+01  0.1425E+02
  -5.112  0.1211E+01  0.1426E+02
  -5.102  0.1243E+01  0.1428E+02
  -5.092  0.1276E+01  0.1429E+02
  -5.082  0.1309E+01  0.1430E+02
  -5.072  0.1344E+01  0.1432E+02
  -5.062  0.1379E+01  0.1433E+02
  -5.052  0.1415E+01  0.1434E+02
  -5.042  0.1451E+01  0.1436E+02
  -5.032  0.1488E+01  0.1437E+02
  -5.022  0.1525E+01  0.1439E+02
  -5.012  0.1562E+01  0.1440E+02
  -5.002  0.1600E+01  0.1442E+02
  -4.992  0.1637E+01  0.1444E+02
  -4.982  0.1674E+01  0.1445E+02
  -4.972  0.1712E+01  0.1447E+02
  -4.962  0.1749E+01  0.1449E+02
  -4.952  0.1785E+01  0.1451E+02
  -4.942  0.1821E+01  0.1452E+02
  -4.932  0.1856E+01  0.1454E+02
  -4.922  0.1891E+01  0.1456E+02
  -4.912  0.1925E+01  0.1458E+02
  -4.902  0.1958E+01  0.1460E+02
  -4.892  0.1990E+01  0.1462E+02
  -4.882  0.2020E+01  0.1464E+02
  -4.872  0.2050E+01  0.1466E+02
  -4.862  0.2078E+01  0.1468E+02
  -4.852  0.2105E+01  0.1470E+02
  -4.842  0.2130E+01  0.1472E+02
  -4.832  0.2154E+01  0.1475E+02
  -4.822  0.2176E+01  0.1477E+02
  -4.812  0.2196E+01  0.1479E+02
  -4.802  0.2214E+01  0.1481E+02
  -4.792  0.2231E+01  0.1483E+02
  -4.782  0.2245E+01  0.1486E+02
  -4.772  0.2258E+01  0.1488E+02
  -4.762  0.2269E+01  0.1490E+02
  -4.752  0.2277E+01  0.1492E+02
  -4.742  0.2284E+01  0.1495E+02
  -4.732  0.2288E+01  0.1497E+02
  -4.722  0.2290E+01  0.1499E+02
  -4.712  0.2291E+01  0.1502E+02
  -4.702  0.2289E+01  0.1504E+02
  -4.692  0.2285E+01  0.1506E+02
  -4.682  0.2279E+01  0.1508E+02
  -4.672  0.2271E+01  0.1511E+02
  -4.662  0.2261E+01  0.1513E+02
  -4.652  0.2249E+01  0.1515E+02
  -4.642  0.2235E+01  0.1517E+02
  -4.632  0.2219E+01  0.1520E+02
  -4.622  0.2202E+01  0.1522E+02
  -4.612  0.2183E+01  0.1524E+02
  -4.602  0.2162E+01  0.1526E+02
  -4.592  0.2140E+01  0.1528E+02
  -4.582  0.2117E+01  0.1530E+02
  -4.572  0.2092E+01  0.1533E+02
  -4.562  0.2066E+01  0.1535E+02
  -4.552  0.2040E+01  0.1537E+02
  -4.542  0.2012E+01  0.1539E+02
  -4.532  0.1983E+01  0.1541E+02
  -4.522  0.1954E+01  0.1543E+02
  -4.512  0.1924E+01  0.1545E+02
  -4.502  0.1894E+01  0.1546E+02
  -4.492  0.1863E+01  0.1548E+02
  -4.482  0.1832E+01  0.1550E+02
  -4.472  0.1801E+01  0.1552E+02
  -4.462  0.1770E+01  0.1554E+02
  -4.452  0.1740E+01  0.1555E+02
  -4.442  0.1709E+01  0.1557E+02
  -4.432  0.1679E+01  0.1559E+02
  -4.422  0.1650E+01  0.1560E+02
  -4.412  0.1621E+01  0.1562E+02
  -4.402  0.1593E+01  0.1564E+02
  -4.392  0.1566E+01  0.1565E+02
  -4.382  0.1539E+01  0.1567E+02
  -4.372  0.1514E+01  0.1568E+02
  -4.362  0.1490E+01  0.1570E+02
  -4.352  0.1467E+01  0.1571E+02
  -4.342  0.1445E+01  0.1573E+02
  -4.332  0.1425E+01  0.1574E+02
  -4.322  0.1407E+01  0.1576E+02
  -4.312  0.1389E+01  0.1577E+02
  -4.302  0.1374E+01  0.1578E+02
  -4.292  0.1360E+01  0.1580E+02
  -4.282  0.1348E+01  0.1581E+02
  -4.272  0.1337E+01  0.1582E+02
  -4.262  0.1328E+01  0.1584E+02
  -4.252  0.1321E+01  0.1585E+02
  -4.242  0.1316E+01  0.1586E+02
  -4.232  0.1313E+01  0.1588E+02
  -4.222  0.1311E+01  0.1589E+02
  -4.212  0.1312E+01  0.1590E+02
  -4.202  0.1314E+01  0.1592E+02
  -4.192  0.1318E+01  0.1593E+02
  -4.182  0.1324E+01  0.1594E+02
  -4.172  0.1331E+01  0.1596E+02
  -4.162  0.1341E+01  0.1597E+02
  -4.152  0.1352E+01  0.1598E+02
  -4.142  0.1364E+01  0.1600E+02
  -4.132  0.1379E+01  0.1601E+02
  -4.122  0.1395E+01  0.1602E+02
  -4.112  0.1412E+01  0.1604E+02
  -4.102  0.1431E+01  0.1605E+02
  -4.092  0.1451E+01  0.1607E+02
  -4.082  0.1472E+01  0.1608E+02
  -4.072  0.1495E+01  0.1610E+02
  -4.062  0.1518E+01  0.1611E+02
  -4.052  0.1543E+01  0.1613E+02
  -4.042  0.1568E+01  0.1614E+02
  -4.032  0.1595E+01  0.1616E+02
  -4.022  0.1622E+01  0.1617E+02
  -4.012  0.1649E+01  0.1619E+02
  -4.002  0.1677E+01  0.1621E+02
  -3.992  0.1706E+01  0.1622E+02
  -3.982  0.1734E+01  0.1624E+02
  -3.972  0.1763E+01  0.1626E+02
  -3.962  0.1792E+01  0.1628E+02
  -3.952  0.1820E+01  0.1630E+02
  -3.942  0.1849E+01  0.1631E+02
  -3.932  0.1877E+01  0.1633E+02
  -3.922  0.1905E+01  0.1635E+02
  -3.912  0.1932E+01  0.1637E+02
  -3.902  0.1958E+01  0.1639E+02
  -3.892  0.1984E+01  0.1641E+02
  -3.882  0.2009E+01  0.1643E+02
  -3.872  0.2034E+01  0.1645E+02
  -3.862  0.2057E+01  0.1647E+02
  -3.852  0.2079E+01  0.1649E+02
  -3.842  0.2100E+01  0.1651E+02
  -3.832  0.2120E+01  0.1653E+02
  -3.822  0.2138E+01  0.1656E+02
  -3.812  0.2155E+01  0.1658E+02
  -3.802  0.2171E+01  0.1660E+02
  -3.792  0.2186E+01  0.1662E+02
  -3.782  0.2199E+01  0.1664E+02
  -3.772  0.2211E+01  0.1667E+02
  -3.762  0.2221E+01  0.1669E+02
  -3.752  0.2230E+01  0.1671E+02
  -3.742  0.2237E+01  0.1673E+02
  -3.732  0.2243E+01  0.1675E+02
  -3.722  0.2247E+01  0.1678E+02
  -3.712  0.2250E+01  0.1680E+02
  -3.702  0.2252E+01  0.1682E+02
  -3.692  0.2253E+01  0.1684E+02
  -3.682  0.2252E+01  0.1687E+02
  -3.672  0.2250E+01  0.1689E+02
  -3.662  0.2247E+01  0.1691E+02
  -3.652  0.2242E+01  0.1693E+02
  -3.642  0.2237E+01  0.1696E+02
  -3.632  0.2231E+01  0.1698E+02
  -3.622  0.2225E+01  0.1700E+02
  -3.612  0.2217E+01  0.1702E+02
  -3.602  0.2209E+01  0.1705E+02
  -3.592  0.2201E+01  0.1707E+02
  -3.582  0.2192E+01  0.1709E+02
  -3.572  0.2183E+01  0.1711E+02
  -3.562  0.2174E+01  0.1713E+02
  -3.552  0.2164E+01  0.1716E+02
  -3.542  0.2156E+01  0.1718E+02
  -3.532  0.2147E+01  0.1720E+02
  -3.522  0.2139E+01  0.1722E+02
  -3.512  0.2132E+01  0.1724E+02
  -3.502  0.2125E+01  0.1726E+02
  -3.492  0.2119E+01  0.1728E+02
  -3.482  0.2115E+01  0.1730E+02
  -3.472  0.2111E+01  0.1733E+02
  -3.462  0.2109E+01  0.1735E+02
  -3.452  0.2109E+01  0.1737E+02
  -3.442  0.2111E+01  0.1739E+02
  -3.432  0.2114E+01  0.1741E+02
  -3.422  0.2120E+01  0.1743E+02
  -3.412  0.2127E+01  0.1745E+02
  -3.402  0.2137E+01  0.1747E+02
  -3.392  0.2150E+01  0.1750E+02
  -3.382  0.2165E+01  0.1752E+02
  -3.372  0.2183E+01  0.1754E+02
  -3.362  0.2205E+01  0.1756E+02
  -3.352  0.2229E+01  0.1758E+02
  -3.342  0.2256E+01  0.1761E+02
  -3.332  0.2287E+01  0.1763E+02
  -3.322  0.2321E+01  0.1765E+02
  -3.312  0.2359E+01  0.1768E+02
  -3.302  0.2401E+01  0.1770E+02
  -3.292  0.2446E+01  0.1772E+02
  -3.282  0.2495E+01  0.1775E+02
  -3.272  0.2547E+01  0.1777E+02
  -3.262  0.2604E+01  0.1780E+02
  -3.252  0.2664E+01  0.1783E+02
  -3.242  0.2728E+01  0.1785E+02
  -3.232  0.2796E+01  0.1788E+02
  -3.222  0.2868E+01  0.1791E+02
  -3.212  0.2944E+01  0.1794E+02
  -3.202  0.3023E+01  0.1797E+02
  -3.192  0.3106E+01  0.1800E+02
  -3.182  0.3192E+01  0.1803E+02
  -3.172  0.3281E+01  0.1807E+02
  -3.162  0.3374E+01  0.1810E+02
  -3.152  0.3470E+01  0.1813E+02
  -3.142  0.3568E+01  0.1817E+02
  -3.132  0.3669E+01  0.1821E+02
  -3.122  0.3772E+01  0.1824E+02
  -3.112  0.3878E+01  0.1828E+02
  -3.102  0.3985E+01  0.1832E+02
  -3.092  0.4094E+01  0.1836E+02
  -3.082  0.4205E+01  0.1841E+02
  -3.072  0.4316E+01  0.1845E+02
  -3.062  0.4429E+01  0.1849E+02
  -3.052  0.4541E+01  0.1854E+02
  -3.042  0.4654E+01  0.1859E+02
  -3.032  0.4766E+01  0.1863E+02
  -3.022  0.4878E+01  0.1868E+02
  -3.012  0.4990E+01  0.1873E+02
  -3.002  0.5100E+01  0.1878E+02
  -2.992  0.5208E+01  0.1884E+02
  -2.982  0.5315E+01  0.1889E+02
  -2.972  0.5419E+01  0.1894E+02
  -2.962  0.5521E+01  0.1900E+02
  -2.952  0.5621E+01  0.1905E+02
  -2.942  0.5717E+01  0.1911E+02
  -2.932  0.5810E+01  0.1917E+02
  -2.922  0.5900E+01  0.1923E+02
  -2.912  0.5986E+01  0.1929E+02
  -2.902  0.6068E+01  0.1935E+02
  -2.892  0.6145E+01  0.1941E+02
  -2.882  0.6219E+01  0.1947E+02
  -2.872  0.6288E+01  0.1954E+02
  -2.862  0.6352E+01  0.1960E+02
  -2.852  0.6411E+01  0.1966E+02
  -2.842  0.6466E+01  0.1973E+02
  -2.832  0.6516E+01  0.1979E+02
  -2.822  0.6561E+01  0.1986E+02
  -2.812  0.6600E+01  0.1992E+02
  -2.802  0.6635E+01  0.1999E+02
  -2.792  0.6665E+01  0.2006E+02
  -2.782  0.6690E+01  0.2012E+02
  -2.772  0.6710E+01  0.2019E+02
  -2.762  0.6726E+01  0.2026E+02
  -2.752  0.6736E+01  0.2033E+02
  -2.742  0.6742E+01  0.2039E+02
  -2.732  0.6743E+01  0.2046E+02
  -2.722  0.6740E+01  0.2053E+02
  -2.712  0.6733E+01  0.2060E+02
  -2.702  0.6722E+01  0.2066E+02
  -2.692  0.6706E+01  0.2073E+02
  -2.682  0.6687E+01  0.2080E+02
  -2.672  0.6664E+01  0.2086E+02
  -2.662  0.6637E+01  0.2093E+02
  -2.652  0.6608E+01  0.2100E+02
  -2.642  0.6574E+01  0.2106E+02
  -2.632  0.6538E+01  0.2113E+02
  -2.622  0.6499E+01  0.2119E+02
  -2.612  0.6457E+01  0.2126E+02
  -2.602  0.6413E+01  0.2132E+02
  -2.592  0.6366E+01  0.2138E+02
  -2.582  0.6316E+01  0.2145E+02
  -2.572  0.6264E+01  0.2151E+02
  -2.562  0.6210E+01  0.2157E+02
  -2.552  0.6154E+01  0.2163E+02
  -2.542  0.6096E+01  0.2169E+02
  -2.532  0.6037E+01  0.2176E+02
  -2.522  0.5975E+01  0.2181E+02
  -2.512  0.5912E+01  0.2187E+02
  -2.502  0.5847E+01  0.2193E+02
  -2.492  0.5780E+01  0.2199E+02
  -2.482  0.5711E+01  0.2205E+02
  -2.472  0.5642E+01  0.2210E+02
  -2.462  0.5570E+01  0.2216E+02
  -2.452  0.5497E+01  0.2221E+02
  -2.442  0.5423E+01  0.2227E+02
  -2.432  0.5348E+01  0.2232E+02
  -2.422  0.5270E+01  0.2237E+02
  -2.412  0.5192E+01  0.2243E+02
  -2.402  0.5112E+01  0.2248E+02
  -2.392  0.5031E+01  0.2253E+02
  -2.382  0.4949E+01  0.2258E+02
  -2.372  0.4865E+01  0.2263E+02
  -2.362  0.4780E+01  0.2267E+02
  -2.352  0.4694E+01  0.2272E+02
  -2.342  0.4607E+01  0.2277E+02
  -2.332  0.4518E+01  0.2281E+02
  -2.322  0.4429E+01  0.2286E+02
  -2.312  0.4338E+01  0.2290E+02
  -2.302  0.4246E+01  0.2294E+02
  -2.292  0.4154E+01  0.2298E+02
  -2.282  0.4061E+01  0.2302E+02
  -2.272  0.3966E+01  0.2306E+02
  -2.262  0.3872E+01  0.2310E+02
  -2.252  0.3776E+01  0.2314E+02
  -2.242  0.3680E+01  0.2318E+02
  -2.232  0.3584E+01  0.2321E+02
  -2.222  0.3487E+01  0.2325E+02
  -2.212  0.3390E+01  0.2328E+02
  -2.202  0.3293E+01  0.2332E+02
  -2.192  0.3196E+01  0.2335E+02
  -2.182  0.3099E+01  0.2338E+02
  -2.172  0.3002E+01  0.2341E+02
  -2.162  0.2906E+01  0.2344E+02
  -2.152  0.2810E+01  0.2347E+02
  -2.142  0.2715E+01  0.2349E+02
  -2.132  0.2620E+01  0.2352E+02
  -2.122  0.2526E+01  0.2354E+02
  -2.112  0.2433E+01  0.2357E+02
  -2.102  0.2341E+01  0.2359E+02
  -2.092  0.2251E+01  0.2361E+02
  -2.082  0.2161E+01  0.2364E+02
  -2.072  0.2073E+01  0.2366E+02
  -2.062  0.1987E+01  0.2368E+02
  -2.052  0.1902E+01  0.2370E+02
  -2.042  0.1819E+01  0.2371E+02
  -2.032  0.1737E+01  0.2373E+02
  -2.022  0.1657E+01  0.2375E+02
  -2.012  0.1579E+01  0.2376E+02
  -2.002  0.1504E+01  0.2378E+02
  -1.992  0.1430E+01  0.2379E+02
  -1.982  0.1358E+01  0.2381E+02
  -1.972  0.1288E+01  0.2382E+02
  -1.962  0.1221E+01  0.2383E+02
  -1.952  0.1155E+01  0.2384E+02
  -1.942  0.1092E+01  0.2385E+02
  -1.932  0.1031E+01  0.2386E+02
  -1.922  0.9724E+00  0.2387E+02
  -1.912  0.9159E+00  0.2388E+02
  -1.902  0.8617E+00  0.2389E+02
  -1.892  0.8096E+00  0.2390E+02
  -1.882  0.7598E+00  0.2391E+02
  -1.872  0.7121E+00  0.2391E+02
  -1.862  0.6666E+00  0.2392E+02
  -1.852  0.6232E+00  0.2393E+02
  -1.842  0.5819E+00  0.2393E+02
  -1.832  0.5427E+00  0.2394E+02
  -1.822  0.5054E+00  0.2394E+02
  -1.812  0.4701E+00  0.2395E+02
  -1.802  0.4367E+00  0.2395E+02
  -1.792  0.4051E+00  0.2396E+02
  -1.782  0.3754E+00  0.2396E+02
  -1.772  0.3473E+00  0.2396E+02
  -1.762  0.3209E+00  0.2397E+02
  -1.752  0.2962E+00  0.2397E+02
  -1.742  0.2730E+00  0.2397E+02
  -1.732  0.2512E+00  0.2398E+02
  -1.722  0.2309E+00  0.2398E+02
  -1.712  0.2120E+00  0.2398E+02
  -1.702  0.1943E+00  0.2398E+02
  -1.692  0.1779E+00  0.2398E+02
  -1.682  0.1626E+00  0.2399E+02
  -1.672  0.1485E+00  0.2399E+02
  -1.662  0.1354E+00  0.2399E+02
  -1.652  0.1233E+00  0.2399E+02
  -1.642  0.1121E+00  0.2399E+02
  -1.632  0.1018E+00  0.2399E+02
  -1.622  0.9237E-01  0.2399E+02
  -1.612  0.8370E-01  0.2399E+02
  -1.602  0.7575E-01  0.2399E+02
  -1.592  0.6848E-01  0.2399E+02
  -1.582  0.6185E-01  0.2400E+02
  -1.572  0.5582E-01  0.2400E+02
  -1.562  0.5035E-01  0.2400E+02
  -1.552  0.4540E-01  0.2400E+02
  -1.542  0.4093E-01  0.2400E+02
  -1.532  0.3691E-01  0.2400E+02
  -1.522  0.3332E-01  0.2400E+02
  -1.512  0.3013E-01  0.2400E+02
  -1.502  0.2731E-01  0.2400E+02
  -1.492  0.2483E-01  0.2400E+02
  -1.482  0.2269E-01  0.2400E+02
  -1.472  0.2086E-01  0.2400E+02
  -1.462  0.1933E-01  0.2400E+02
  -1.452  0.1808E-01  0.2400E+02
  -1.442  0.1711E-01  0.2400E+02
  -1.432  0.1641E-01  0.2400E+02
  -1.422  0.1598E-01  0.2400E+02
  -1.412  0.1582E-01  0.2400E+02
  -1.402  0.1592E-01  0.2400E+02
  -1.392  0.1629E-01  0.2400E+02
  -1.382  0.1694E-01  0.2400E+02
  -1.372  0.1788E-01  0.2400E+02
  -1.362  0.1912E-01  0.2400E+02
  -1.352  0.2068E-01  0.2400E+02
  -1.342  0.2257E-01  0.2400E+02
  -1.332  0.2483E-01  0.2400E+02
  -1.322  0.2747E-01  0.2400E+02
  -1.312  0.3053E-01  0.2400E+02
  -1.302  0.3404E-01  0.2400E+02
  -1.292  0.3804E-01  0.2400E+02
  -1.282  0.4256E-01  0.2400E+02
  -1.272  0.4766E-01  0.2400E+02
  -1.262  0.5337E-01  0.2400E+02
  -1.252  0.5976E-01  0.2400E+02
  -1.242  0.6687E-01  0.2401E+02
  -1.232  0.7477E-01  0.2401E+02
  -1.222  0.8353E-01  0.2401E+02
  -1.212  0.9321E-01  0.2401E+02
  -1.202  0.1039E+00  0.2401E+02
  -1.192  0.1156E+00  0.2401E+02
  -1.182  0.1285E+00  0.2401E+02
  -1.172  0.1426E+00  0.2401E+02
  -1.162  0.1581E+00  0.2401E+02
  -1.152  0.1750E+00  0.2402E+02
  -1.142  0.1933E+00  0.2402E+02
  -1.132  0.2133E+00  0.2402E+02
  -1.122  0.2350E+00  0.2402E+02
  -1.112  0.2585E+00  0.2403E+02
  -1.102  0.2839E+00  0.2403E+02
  -1.092  0.3113E+00  0.2403E+02
  -1.082  0.3409E+00  0.2403E+02
  -1.072  0.3726E+00  0.2404E+02
  -1.062  0.4067E+00  0.2404E+02
  -1.052  0.4433E+00  0.2405E+02
  -1.042  0.4824E+00  0.2405E+02
  -1.032  0.5241E+00  0.2406E+02
  -1.022  0.5686E+00  0.2406E+02
  -1.012  0.6159E+00  0.2407E+02
  -1.002  0.6662E+00  0.2408E+02
  -0.992  0.7194E+00  0.2408E+02
  -0.982  0.7757E+00  0.2409E+02
  -0.972  0.8352E+00  0.2410E+02
  -0.962  0.8979E+00  0.2411E+02
  -0.952  0.9639E+00  0.2412E+02
  -0.942  0.1033E+01  0.2413E+02
  -0.932  0.1106E+01  0.2414E+02
  -0.922  0.1182E+01  0.2415E+02
  -0.912  0.1261E+01  0.2416E+02
  -0.902  0.1344E+01  0.2418E+02
  -0.892  0.1430E+01  0.2419E+02
  -0.882  0.1519E+01  0.2421E+02
  -0.872  0.1611E+01  0.2422E+02
  -0.862  0.1707E+01  0.2424E+02
  -0.852  0.1806E+01  0.2426E+02
  -0.842  0.1908E+01  0.2428E+02
  -0.832  0.2013E+01  0.2430E+02
  -0.822  0.2120E+01  0.2432E+02
  -0.812  0.2230E+01  0.2434E+02
  -0.802  0.2343E+01  0.2436E+02
  -0.792  0.2458E+01  0.2439E+02
  -0.782  0.2575E+01  0.2441E+02
  -0.772  0.2694E+01  0.2444E+02
  -0.762  0.2815E+01  0.2447E+02
  -0.752  0.2938E+01  0.2450E+02
  -0.742  0.3061E+01  0.2453E+02
  -0.732  0.3186E+01  0.2456E+02
  -0.722  0.3312E+01  0.2459E+02
  -0.712  0.3438E+01  0.2463E+02
  -0.702  0.3565E+01  0.2466E+02
  -0.692  0.3691E+01  0.2470E+02
  -0.682  0.3818E+01  0.2474E+02
  -0.672  0.3944E+01  0.2478E+02
  -0.662  0.4069E+01  0.2482E+02
  -0.652  0.4193E+01  0.2486E+02
  -0.642  0.4316E+01  0.2490E+02
  -0.632  0.4438E+01  0.2495E+02
  -0.622  0.4558E+01  0.2499E+02
  -0.612  0.4676E+01  0.2504E+02
  -0.602  0.4792E+01  0.2509E+02
  -0.592  0.4905E+01  0.2514E+02
  -0.582  0.5016E+01  0.2519E+02
  -0.572  0.5125E+01  0.2524E+02
  -0.562  0.5230E+01  0.2529E+02
  -0.552  0.5333E+01  0.2534E+02
  -0.542  0.5432E+01  0.2540E+02
  -0.532  0.5528E+01  0.2545E+02
  -0.522  0.5620E+01  0.2551E+02
  -0.512  0.5709E+01  0.2557E+02
  -0.502  0.5794E+01  0.2563E+02
  -0.492  0.5876E+01  0.2568E+02
  -0.482  0.5954E+01  0.2574E+02
  -0.472  0.6028E+01  0.2580E+02
  -0.462  0.6098E+01  0.2587E+02
  -0.452  0.6165E+01  0.2593E+02
  -0.442  0.6228E+01  0.2599E+02
  -0.432  0.6287E+01  0.2605E+02
  -0.422  0.6343E+01  0.2612E+02
  -0.412  0.6395E+01  0.2618E+02
  -0.402  0.6443E+01  0.2624E+02
  -0.392  0.6488E+01  0.2631E+02
  -0.382  0.6529E+01  0.2637E+02
  -0.372  0.6568E+01  0.2644E+02
  -0.362  0.6602E+01  0.2651E+02
  -0.352  0.6634E+01  0.2657E+02
  -0.342  0.6663E+01  0.2664E+02
  -0.332  0.6689E+01  0.2671E+02
  -0.322  0.6712E+01  0.2677E+02
  -0.312  0.6732E+01  0.2684E+02
  -0.302  0.6750E+01  0.2691E+02
  -0.292  0.6765E+01  0.2698E+02
  -0.282  0.6778E+01  0.2704E+02
  -0.272  0.6789E+01  0.2711E+02
  -0.262  0.6798E+01  0.2718E+02
  -0.252  0.6804E+01  0.2725E+02
  -0.242  0.6809E+01  0.2732E+02
  -0.232  0.6812E+01  0.2738E+02
  -0.222  0.6813E+01  0.2745E+02
  -0.212  0.6812E+01  0.2752E+02
  -0.202  0.6811E+01  0.2759E+02
  -0.192  0.6807E+01  0.2766E+02
  -0.182  0.6803E+01  0.2772E+02
  -0.172  0.6797E+01  0.2779E+02
  -0.162  0.6790E+01  0.2786E+02
  -0.152  0.6783E+01  0.2793E+02
  -0.142  0.6774E+01  0.2800E+02
  -0.132  0.6765E+01  0.2806E+02
  -0.122  0.6754E+01  0.2813E+02
  -0.112  0.6744E+01  0.2820E+02
  -0.102  0.6733E+01  0.2826E+02
  -0.092  0.6721E+01  0.2833E+02
  -0.082  0.6709E+01  0.2840E+02
  -0.072  0.6697E+01  0.2847E+02
  -0.062  0.6684E+01  0.2853E+02
  -0.052  0.6672E+01  0.2860E+02
  -0.042  0.6660E+01  0.2867E+02
  -0.032  0.6647E+01  0.2873E+02
  -0.022  0.6635E+01  0.2880E+02
  -0.012  0.6624E+01  0.2887E+02
  -0.002  0.6613E+01  0.2893E+02
   0.008  0.6602E+01  0.2900E+02
   0.018  0.6592E+01  0.2906E+02
   0.028  0.6582E+01  0.2913E+02
   0.038  0.6573E+01  0.2920E+02
   0.048  0.6565E+01  0.2926E+02
   0.058  0.6558E+01  0.2933E+02
   0.068  0.6552E+01  0.2939E+02
   0.078  0.6547E+01  0.2946E+02
   0.088  0.6543E+01  0.2952E+02
   0.098  0.6540E+01  0.2959E+02
   0.108  0.6538E+01  0.2965E+02
   0.118  0.6538E+01  0.2972E+02
   0.128  0.6538E+01  0.2978E+02
   0.138  0.6540E+01  0.2985E+02
   0.148  0.6543E+01  0.2992E+02
   0.158  0.6547E+01  0.2998E+02
   0.168  0.6553E+01  0.3005E+02
   0.178  0.6560E+01  0.3011E+02
   0.188  0.6568E+01  0.3018E+02
   0.198  0.6577E+01  0.3024E+02
   0.208  0.6587E+01  0.3031E+02
   0.218  0.6599E+01  0.3038E+02
   0.228  0.6611E+01  0.3044E+02
   0.238  0.6624E+01  0.3051E+02
   0.248  0.6638E+01  0.3057E+02
   0.258  0.6654E+01  0.3064E+02
   0.268  0.6669E+01  0.3071E+02
   0.278  0.6686E+01  0.3077E+02
   0.288  0.6703E+01  0.3084E+02
   0.298  0.6720E+01  0.3091E+02
   0.308  0.6738E+01  0.3098E+02
   0.318  0.6756E+01  0.3104E+02
   0.328  0.6774E+01  0.3111E+02
   0.338  0.6792E+01  0.3118E+02
   0.348  0.6810E+01  0.3125E+02
   0.358  0.6828E+01  0.3132E+02
   0.368  0.6845E+01  0.3138E+02
   0.378  0.6863E+01  0.3145E+02
   0.388  0.6879E+01  0.3152E+02
   0.398  0.6896E+01  0.3159E+02
   0.408  0.6911E+01  0.3166E+02
   0.418  0.6926E+01  0.3173E+02
   0.428  0.6940E+01  0.3180E+02
   0.438  0.6954E+01  0.3187E+02
   0.448  0.6966E+01  0.3194E+02
   0.458  0.6978E+01  0.3201E+02
   0.468  0.6989E+01  0.3208E+02
   0.478  0.6999E+01  0.3215E+02
   0.488  0.7008E+01  0.3222E+02
   0.498  0.7016E+01  0.3229E+02
   0.508  0.7024E+01  0.3236E+02
   0.518  0.7030E+01  0.3243E+02
   0.528  0.7036E+01  0.3250E+02
   0.538  0.7041E+01  0.3257E+02
   0.548  0.7045E+01  0.3264E+02
   0.558  0.7049E+01  0.3271E+02
   0.568  0.7052E+01  0.3278E+02
   0.578  0.7055E+01  0.3285E+02
   0.588  0.7058E+01  0.3292E+02
   0.598  0.7060E+01  0.3299E+02
   0.608  0.7062E+01  0.3306E+02
   0.618  0.7064E+01  0.3313E+02
   0.628  0.7067E+01  0.3320E+02
   0.638  0.7069E+01  0.3327E+02
   0.648  0.7072E+01  0.3334E+02
   0.658  0.7076E+01  0.3342E+02
   0.668  0.7080E+01  0.3349E+02
   0.678  0.7084E+01  0.3356E+02
   0.688  0.7090E+01  0.3363E+02
   0.698  0.7096E+01  0.3370E+02
   0.708  0.7103E+01  0.3377E+02
   0.718  0.7112E+01  0.3384E+02
   0.728  0.7121E+01  0.3391E+02
   0.738  0.7132E+01  0.3398E+02
   0.748  0.7143E+01  0.3405E+02
   0.758  0.7157E+01  0.3413E+02
   0.768  0.7171E+01  0.3420E+02
   0.778  0.7187E+01  0.3427E+02
   0.788  0.7204E+01  0.3434E+02
   0.798  0.7222E+01  0.3441E+02
   0.808  0.7241E+01  0.3449E+02
   0.818  0.7262E+01  0.3456E+02
   0.828  0.7284E+01  0.3463E+02
   0.838  0.7307E+01  0.3471E+02
   0.848  0.7332E+01  0.3478E+02
   0.858  0.7357E+01  0.3485E+02
   0.868  0.7383E+01  0.3493E+02
   0.878  0.7411E+01  0.3500E+02
   0.888  0.7438E+01  0.3507E+02
   0.898  0.7467E+01  0.3515E+02
   0.908  0.7496E+01  0.3522E+02
   0.918  0.7526E+01  0.3530E+02
   0.928  0.7556E+01  0.3537E+02
   0.938  0.7586E+01  0.3545E+02
   0.948  0.7616E+01  0.3553E+02
   0.958  0.7646E+01  0.3560E+02
   0.968  0.7677E+01  0.3568E+02
   0.978  0.7707E+01  0.3576E+02
   0.988  0.7736E+01  0.3583E+02
   0.998  0.7766E+01  0.3591E+02
   1.008  0.7795E+01  0.3599E+02
   1.018  0.7823E+01  0.3607E+02
   1.028  0.7851E+01  0.3615E+02
   1.038  0.7878E+01  0.3623E+02
   1.048  0.7904E+01  0.3630E+02
   1.058  0.7929E+01  0.3638E+02
   1.068  0.7954E+01  0.3646E+02
   1.078  0.7977E+01  0.3654E+02
   1.088  0.8000E+01  0.3662E+02
   1.098  0.8022E+01  0.3670E+02
   1.108  0.8043E+01  0.3678E+02
   1.118  0.8063E+01  0.3686E+02
   1.128  0.8082E+01  0.3695E+02
   1.138  0.8100E+01  0.3703E+02
   1.148  0.8117E+01  0.3711E+02
   1.158  0.8134E+01  0.3719E+02
   1.168  0.8149E+01  0.3727E+02
   1.178  0.8164E+01  0.3735E+02
   1.188  0.8177E+01  0.3743E+02
   1.198  0.8190E+01  0.3752E+02
   1.208  0.8203E+01  0.3760E+02
   1.218  0.8214E+01  0.3768E+02
   1.228  0.8225E+01  0.3776E+02
   1.238  0.8235E+01  0.3784E+02
   1.248  0.8245E+01  0.3793E+02
   1.258  0.8253E+01  0.3801E+02
   1.268  0.8262E+01  0.3809E+02
   1.278  0.8269E+01  0.3817E+02
   1.288  0.8276E+01  0.3826E+02
   1.298  0.8283E+01  0.3834E+02
   1.308  0.8289E+01  0.3842E+02
   1.318  0.8294E+01  0.3851E+02
   1.328  0.8298E+01  0.3859E+02
   1.338  0.8302E+01  0.3867E+02
   1.348  0.8305E+01  0.3876E+02
   1.358  0.8308E+01  0.3884E+02
   1.368  0.8310E+01  0.3892E+02
   1.378  0.8311E+01  0.3900E+02
   1.388  0.8311E+01  0.3909E+02
   1.398  0.8311E+01  0.3917E+02
   1.408  0.8309E+01  0.3925E+02
   1.418  0.8307E+01  0.3934E+02
   1.428  0.8303E+01  0.3942E+02
   1.438  0.8299E+01  0.3950E+02
   1.448  0.8294E+01  0.3959E+02
   1.458  0.8287E+01  0.3967E+02
   1.468  0.8279E+01  0.3975E+02
   1.478  0.8270E+01  0.3983E+02
   1.488  0.8260E+01  0.3992E+02
   1.498  0.8248E+01  0.4000E+02
   1.508  0.8236E+01  0.4008E+02
   1.518  0.8221E+01  0.4016E+02
   1.528  0.8206E+01  0.4025E+02
   1.538  0.8189E+01  0.4033E+02
   1.548  0.8170E+01  0.4041E+02
   1.558  0.8151E+01  0.4049E+02
   1.568  0.8129E+01  0.4057E+02
   1.578  0.8107E+01  0.4065E+02
   1.588  0.8083E+01  0.4073E+02
   1.598  0.8057E+01  0.4081E+02
   1.608  0.8031E+01  0.4090E+02
   1.618  0.8003E+01  0.4098E+02
   1.628  0.7973E+01  0.4105E+02
   1.638  0.7943E+01  0.4113E+02
   1.648  0.7911E+01  0.4121E+02
   1.658  0.7878E+01  0.4129E+02
   1.668  0.7844E+01  0.4137E+02
   1.678  0.7810E+01  0.4145E+02
   1.688  0.7774E+01  0.4153E+02
   1.698  0.7737E+01  0.4160E+02
   1.708  0.7700E+01  0.4168E+02
   1.718  0.7662E+01  0.4176E+02
   1.728  0.7624E+01  0.4183E+02
   1.738  0.7586E+01  0.4191E+02
   1.748  0.7547E+01  0.4199E+02
   1.758  0.7508E+01  0.4206E+02
   1.768  0.7468E+01  0.4213E+02
   1.778  0.7429E+01  0.4221E+02
   1.788  0.7390E+01  0.4228E+02
   1.798  0.7351E+01  0.4236E+02
   1.808  0.7313E+01  0.4243E+02
   1.818  0.7275E+01  0.4250E+02
   1.828  0.7238E+01  0.4257E+02
   1.838  0.7201E+01  0.4265E+02
   1.848  0.7166E+01  0.4272E+02
   1.858  0.7131E+01  0.4279E+02
   1.868  0.7097E+01  0.4286E+02
   1.878  0.7064E+01  0.4293E+02
   1.888  0.7033E+01  0.4300E+02
   1.898  0.7002E+01  0.4307E+02
   1.908  0.6973E+01  0.4314E+02
   1.918  0.6946E+01  0.4321E+02
   1.928  0.6919E+01  0.4328E+02
   1.938  0.6895E+01  0.4335E+02
   1.948  0.6871E+01  0.4342E+02
   1.958  0.6849E+01  0.4349E+02
   1.968  0.6829E+01  0.4355E+02
   1.978  0.6810E+01  0.4362E+02
   1.988  0.6793E+01  0.4369E+02
   1.998  0.6777E+01  0.4376E+02
   2.008  0.6763E+01  0.4383E+02
   2.018  0.6750E+01  0.4389E+02
   2.028  0.6739E+01  0.4396E+02
   2.038  0.6728E+01  0.4403E+02
   2.048  0.6719E+01  0.4410E+02
   2.058  0.6711E+01  0.4416E+02
   2.068  0.6704E+01  0.4423E+02
   2.078  0.6697E+01  0.4430E+02
   2.088  0.6692E+01  0.4436E+02
   2.098  0.6687E+01  0.4443E+02
   2.108  0.6682E+01  0.4450E+02
   2.118  0.6678E+01  0.4456E+02
   2.128  0.6673E+01  0.4463E+02
   2.138  0.6669E+01  0.4470E+02
   2.148  0.6664E+01  0.4476E+02
   2.158  0.6658E+01  0.4483E+02
   2.168  0.6652E+01  0.4490E+02
   2.178  0.6645E+01  0.4496E+02
   2.188  0.6637E+01  0.4503E+02
   2.198  0.6627E+01  0.4510E+02
   2.208  0.6616E+01  0.4516E+02
   2.218  0.6603E+01  0.4523E+02
   2.228  0.6588E+01  0.4529E+02
   2.238  0.6571E+01  0.4536E+02
   2.248  0.6551E+01  0.4543E+02
   2.258  0.6529E+01  0.4549E+02
   2.268  0.6503E+01  0.4556E+02
   2.278  0.6475E+01  0.4562E+02
   2.288  0.6444E+01  0.4568E+02
   2.298  0.6409E+01  0.4575E+02
   2.308  0.6371E+01  0.4581E+02
   2.318  0.6330E+01  0.4588E+02
   2.328  0.6284E+01  0.4594E+02
   2.338  0.6235E+01  0.4600E+02
   2.348  0.6182E+01  0.4606E+02
   2.358  0.6125E+01  0.4612E+02
   2.368  0.6064E+01  0.4619E+02
   2.378  0.5999E+01  0.4624E+02
   2.388  0.5929E+01  0.4630E+02
   2.398  0.5856E+01  0.4636E+02
   2.408  0.5779E+01  0.4642E+02
   2.418  0.5697E+01  0.4648E+02
   2.428  0.5612E+01  0.4653E+02
   2.438  0.5523E+01  0.4659E+02
   2.448  0.5430E+01  0.4664E+02
   2.458  0.5334E+01  0.4670E+02
   2.468  0.5234E+01  0.4675E+02
   2.478  0.5131E+01  0.4680E+02
   2.488  0.5025E+01  0.4685E+02
   2.498  0.4916E+01  0.4690E+02
   2.508  0.4804E+01  0.4695E+02
   2.518  0.4689E+01  0.4699E+02
   2.528  0.4573E+01  0.4704E+02
   2.538  0.4454E+01  0.4708E+02
   2.548  0.4333E+01  0.4713E+02
   2.558  0.4211E+01  0.4717E+02
   2.568  0.4087E+01  0.4721E+02
   2.578  0.3963E+01  0.4725E+02
   2.588  0.3838E+01  0.4729E+02
   2.598  0.3712E+01  0.4733E+02
   2.608  0.3586E+01  0.4736E+02
   2.618  0.3460E+01  0.4740E+02
   2.628  0.3334E+01  0.4743E+02
   2.638  0.3209E+01  0.4746E+02
   2.648  0.3084E+01  0.4749E+02
   2.658  0.2961E+01  0.4752E+02
   2.668  0.2839E+01  0.4755E+02
   2.678  0.2718E+01  0.4758E+02
   2.688  0.2599E+01  0.4760E+02
   2.698  0.2482E+01  0.4763E+02
   2.708  0.2367E+01  0.4765E+02
   2.718  0.2255E+01  0.4768E+02
   2.728  0.2144E+01  0.4770E+02
   2.738  0.2037E+01  0.4772E+02
   2.748  0.1932E+01  0.4774E+02
   2.758  0.1830E+01  0.4775E+02
   2.768  0.1731E+01  0.4777E+02
   2.778  0.1635E+01  0.4779E+02
   2.788  0.1543E+01  0.4780E+02
   2.798  0.1453E+01  0.4782E+02
   2.808  0.1367E+01  0.4783E+02
   2.818  0.1284E+01  0.4784E+02
   2.828  0.1204E+01  0.4786E+02
   2.838  0.1128E+01  0.4787E+02
   2.848  0.1055E+01  0.4788E+02
   2.858  0.9850E+00  0.4789E+02
   2.868  0.9186E+00  0.4790E+02
   2.878  0.8553E+00  0.4791E+02
   2.888  0.7953E+00  0.4791E+02
   2.898  0.7383E+00  0.4792E+02
   2.908  0.6844E+00  0.4793E+02
   2.918  0.6335E+00  0.4793E+02
   2.928  0.5856E+00  0.4794E+02
   2.938  0.5404E+00  0.4795E+02
   2.948  0.4980E+00  0.4795E+02
   2.958  0.4582E+00  0.4796E+02
   2.968  0.4209E+00  0.4796E+02
   2.978  0.3861E+00  0.4796E+02
   2.988  0.3536E+00  0.4797E+02
   2.998  0.3234E+00  0.4797E+02
   3.008  0.2953E+00  0.4797E+02
   3.018  0.2692E+00  0.4798E+02
