#  E (eV)   dos(E)     Int dos(E) EFermi =   2.546 eV
 -18.609  0.2927E-04  0.2927E-06
 -18.599  0.3230E-04  0.6156E-06
 -18.589  0.3562E-04  0.9718E-06
 -18.579  0.3927E-04  0.1364E-05
 -18.569  0.4326E-04  0.1797E-05
 -18.559  0.4765E-04  0.2274E-05
 -18.549  0.5244E-04  0.2798E-05
 -18.539  0.5769E-04  0.3375E-05
 -18.529  0.6344E-04  0.4009E-05
 -18.519  0.6972E-04  0.4707E-05
 -18.509  0.7658E-04  0.5472E-05
 -18.499  0.8408E-04  0.6313E-05
 -18.489  0.9226E-04  0.7236E-05
 -18.479  0.1012E-03  0.8248E-05
 -18.469  0.1109E-03  0.9357E-05
 -18.459  0.1215E-03  0.1057E-04
 -18.449  0.1331E-03  0.1190E-04
 -18.439  0.1457E-03  0.1336E-04
 -18.429  0.1594E-03  0.1495E-04
 -18.419  0.1743E-03  0.1670E-04
 -18.409  0.1905E-03  0.1860E-04
 -18.399  0.2080E-03  0.2068E-04
 -18.389  0.2271E-03  0.2295E-04
 -18.379  0.2479E-03  0.2543E-04
 -18.369  0.2704E-03  0.2814E-04
 -18.359  0.2947E-03  0.3108E-04
 -18.349  0.3212E-03  0.3429E-04
 -18.339  0.3498E-03  0.3779E-04
 -18.329  0.3808E-03  0.4160E-04
 -18.319  0.4143E-03  0.4574E-04
 -18.309  0.4505E-03  0.5025E-04
 -18.299  0.4897E-03  0.5514E-04
 -18.289  0.5320E-03  0.6046E-04
 -18.279  0.5777E-03  0.6624E-04
 -18.269  0.6270E-03  0.7251E-04
 -18.259  0.6802E-03  0.7931E-04
 -18.249  0.7375E-03  0.8669E-04
 -18.239  0.7993E-03  0.9468E-04
 -18.229  0.8658E-03  0.1033E-03
 -18.219  0.9374E-03  0.1127E-03
 -18.209  0.1014E-02  0.1229E-03
 -18.199  0.1097E-02  0.1338E-03
 -18.189  0.1186E-02  0.1457E-03
 -18.179  0.1282E-02  0.1585E-03
 -18.169  0.1385E-02  0.1724E-03
 -18.159  0.1495E-02  0.1873E-03
 -18.149  0.1613E-02  0.2034E-03
 -18.139  0.1740E-02  0.2208E-03
 -18.129  0.1876E-02  0.2396E-03
 -18.119  0.2021E-02  0.2598E-03
 -18.109  0.2177E-02  0.2816E-03
 -18.099  0.2343E-02  0.3050E-03
 -18.089  0.2521E-02  0.3302E-03
 -18.079  0.2712E-02  0.3573E-03
 -18.069  0.2915E-02  0.3865E-03
 -18.059  0.3133E-02  0.4178E-03
 -18.049  0.3365E-02  0.4515E-03
 -18.039  0.3612E-02  0.4876E-03
 -18.029  0.3876E-02  0.5263E-03
 -18.019  0.4157E-02  0.5679E-03
 -18.009  0.4457E-02  0.6125E-03
 -17.999  0.4776E-02  0.6602E-03
 -17.989  0.5115E-02  0.7114E-03
 -17.979  0.5477E-02  0.7662E-03
 -17.969  0.5861E-02  0.8248E-03
 -17.959  0.6269E-02  0.8875E-03
 -17.949  0.6703E-02  0.9545E-03
 -17.939  0.7163E-02  0.1026E-02
 -17.929  0.7652E-02  0.1103E-02
 -17.919  0.8171E-02  0.1184E-02
 -17.909  0.8721E-02  0.1272E-02
 -17.899  0.9303E-02  0.1365E-02
 -17.889  0.9921E-02  0.1464E-02
 -17.879  0.1057E-01  0.1570E-02
 -17.869  0.1127E-01  0.1682E-02
 -17.859  0.1200E-01  0.1802E-02
 -17.849  0.1277E-01  0.1930E-02
 -17.839  0.1359E-01  0.2066E-02
 -17.829  0.1446E-01  0.2210E-02
 -17.819  0.1537E-01  0.2364E-02
 -17.809  0.1634E-01  0.2527E-02
 -17.799  0.1735E-01  0.2701E-02
 -17.789  0.1843E-01  0.2885E-02
 -17.779  0.1956E-01  0.3081E-02
 -17.769  0.2075E-01  0.3288E-02
 -17.759  0.2201E-01  0.3508E-02
 -17.749  0.2333E-01  0.3742E-02
 -17.739  0.2472E-01  0.3989E-02
 -17.729  0.2619E-01  0.4251E-02
 -17.719  0.2773E-01  0.4528E-02
 -17.709  0.2935E-01  0.4822E-02
 -17.699  0.3105E-01  0.5132E-02
 -17.689  0.3284E-01  0.5461E-02
 -17.679  0.3472E-01  0.5808E-02
 -17.669  0.3669E-01  0.6175E-02
 -17.659  0.3875E-01  0.6562E-02
 -17.649  0.4092E-01  0.6971E-02
 -17.639  0.4319E-01  0.7403E-02
 -17.629  0.4558E-01  0.7859E-02
 -17.619  0.4807E-01  0.8340E-02
 -17.609  0.5068E-01  0.8847E-02
 -17.599  0.5341E-01  0.9381E-02
 -17.589  0.5627E-01  0.9943E-02
 -17.579  0.5926E-01  0.1054E-01
 -17.569  0.6239E-01  0.1116E-01
 -17.559  0.6566E-01  0.1182E-01
 -17.549  0.6907E-01  0.1251E-01
 -17.539  0.7263E-01  0.1323E-01
 -17.529  0.7635E-01  0.1400E-01
 -17.519  0.8024E-01  0.1480E-01
 -17.509  0.8428E-01  0.1564E-01
 -17.499  0.8850E-01  0.1653E-01
 -17.489  0.9290E-01  0.1746E-01
 -17.479  0.9749E-01  0.1843E-01
 -17.469  0.1023E+00  0.1945E-01
 -17.459  0.1072E+00  0.2053E-01
 -17.449  0.1124E+00  0.2165E-01
 -17.439  0.1178E+00  0.2283E-01
 -17.429  0.1234E+00  0.2406E-01
 -17.419  0.1292E+00  0.2535E-01
 -17.409  0.1352E+00  0.2671E-01
 -17.399  0.1415E+00  0.2812E-01
 -17.389  0.1480E+00  0.2960E-01
 -17.379  0.1548E+00  0.3115E-01
 -17.369  0.1618E+00  0.3277E-01
 -17.359  0.1691E+00  0.3446E-01
 -17.349  0.1766E+00  0.3622E-01
 -17.339  0.1845E+00  0.3807E-01
 -17.329  0.1926E+00  0.4000E-01
 -17.319  0.2010E+00  0.4200E-01
 -17.309  0.2097E+00  0.4410E-01
 -17.299  0.2186E+00  0.4629E-01
 -17.289  0.2280E+00  0.4857E-01
 -17.279  0.2376E+00  0.5094E-01
 -17.269  0.2475E+00  0.5342E-01
 -17.259  0.2578E+00  0.5600E-01
 -17.249  0.2684E+00  0.5868E-01
 -17.239  0.2794E+00  0.6147E-01
 -17.229  0.2907E+00  0.6438E-01
 -17.219  0.3024E+00  0.6740E-01
 -17.209  0.3144E+00  0.7055E-01
 -17.199  0.3268E+00  0.7382E-01
 -17.189  0.3396E+00  0.7721E-01
 -17.179  0.3528E+00  0.8074E-01
 -17.169  0.3663E+00  0.8440E-01
 -17.159  0.3803E+00  0.8821E-01
 -17.149  0.3946E+00  0.9215E-01
 -17.139  0.4094E+00  0.9625E-01
 -17.129  0.4246E+00  0.1005E+00
 -17.119  0.4402E+00  0.1049E+00
 -17.109  0.4562E+00  0.1095E+00
 -17.099  0.4727E+00  0.1142E+00
 -17.089  0.4896E+00  0.1191E+00
 -17.079  0.5069E+00  0.1241E+00
 -17.069  0.5247E+00  0.1294E+00
 -17.059  0.5429E+00  0.1348E+00
 -17.049  0.5616E+00  0.1404E+00
 -17.039  0.5807E+00  0.1462E+00
 -17.029  0.6003E+00  0.1522E+00
 -17.019  0.6203E+00  0.1585E+00
 -17.009  0.6408E+00  0.1649E+00
 -16.999  0.6617E+00  0.1715E+00
 -16.989  0.6831E+00  0.1783E+00
 -16.979  0.7050E+00  0.1854E+00
 -16.969  0.7273E+00  0.1926E+00
 -16.959  0.7501E+00  0.2001E+00
 -16.949  0.7733E+00  0.2079E+00
 -16.939  0.7970E+00  0.2158E+00
 -16.929  0.8211E+00  0.2240E+00
 -16.919  0.8457E+00  0.2325E+00
 -16.909  0.8707E+00  0.2412E+00
 -16.899  0.8962E+00  0.2502E+00
 -16.889  0.9221E+00  0.2594E+00
 -16.879  0.9484E+00  0.2689E+00
 -16.869  0.9751E+00  0.2786E+00
 -16.859  0.1002E+01  0.2886E+00
 -16.849  0.1030E+01  0.2989E+00
 -16.839  0.1058E+01  0.3095E+00
 -16.829  0.1086E+01  0.3204E+00
 -16.819  0.1115E+01  0.3315E+00
 -16.809  0.1144E+01  0.3430E+00
 -16.799  0.1174E+01  0.3547E+00
 -16.789  0.1203E+01  0.3667E+00
 -16.779  0.1234E+01  0.3791E+00
 -16.769  0.1264E+01  0.3917E+00
 -16.759  0.1295E+01  0.4047E+00
 -16.749  0.1326E+01  0.4179E+00
 -16.739  0.1357E+01  0.4315E+00
 -16.729  0.1389E+01  0.4454E+00
 -16.719  0.1421E+01  0.4596E+00
 -16.709  0.1453E+01  0.4741E+00
 -16.699  0.1486E+01  0.4890E+00
 -16.689  0.1518E+01  0.5042E+00
 -16.679  0.1551E+01  0.5197E+00
 -16.669  0.1584E+01  0.5355E+00
 -16.659  0.1617E+01  0.5517E+00
 -16.649  0.1650E+01  0.5682E+00
 -16.639  0.1684E+01  0.5850E+00
 -16.629  0.1717E+01  0.6022E+00
 -16.619  0.1751E+01  0.6197E+00
 -16.609  0.1784E+01  0.6376E+00
 -16.599  0.1818E+01  0.6557E+00
 -16.589  0.1851E+01  0.6742E+00
 -16.579  0.1885E+01  0.6931E+00
 -16.569  0.1918E+01  0.7123E+00
 -16.559  0.1952E+01  0.7318E+00
 -16.549  0.1985E+01  0.7517E+00
 -16.539  0.2019E+01  0.7718E+00
 -16.529  0.2052E+01  0.7924E+00
 -16.519  0.2085E+01  0.8132E+00
 -16.509  0.2118E+01  0.8344E+00
 -16.499  0.2151E+01  0.8559E+00
 -16.489  0.2183E+01  0.8777E+00
 -16.479  0.2215E+01  0.8999E+00
 -16.469  0.2247E+01  0.9224E+00
 -16.459  0.2279E+01  0.9451E+00
 -16.449  0.2311E+01  0.9683E+00
 -16.439  0.2342E+01  0.9917E+00
 -16.429  0.2373E+01  0.1015E+01
 -16.419  0.2403E+01  0.1039E+01
 -16.409  0.2434E+01  0.1064E+01
 -16.399  0.2463E+01  0.1088E+01
 -16.389  0.2493E+01  0.1113E+01
 -16.379  0.2522E+01  0.1139E+01
 -16.369  0.2550E+01  0.1164E+01
 -16.359  0.2578E+01  0.1190E+01
 -16.349  0.2606E+01  0.1216E+01
 -16.339  0.2633E+01  0.1242E+01
 -16.329  0.2660E+01  0.1269E+01
 -16.319  0.2686E+01  0.1296E+01
 -16.309  0.2712E+01  0.1323E+01
 -16.299  0.2737E+01  0.1350E+01
 -16.289  0.2762E+01  0.1378E+01
 -16.279  0.2786E+01  0.1406E+01
 -16.269  0.2810E+01  0.1434E+01
 -16.259  0.2833E+01  0.1462E+01
 -16.249  0.2855E+01  0.1491E+01
 -16.239  0.2877E+01  0.1519E+01
 -16.229  0.2898E+01  0.1548E+01
 -16.219  0.2919E+01  0.1578E+01
 -16.209  0.2940E+01  0.1607E+01
 -16.199  0.2959E+01  0.1637E+01
 -16.189  0.2978E+01  0.1666E+01
 -16.179  0.2997E+01  0.1696E+01
 -16.169  0.3015E+01  0.1726E+01
 -16.159  0.3032E+01  0.1757E+01
 -16.149  0.3049E+01  0.1787E+01
 -16.139  0.3066E+01  0.1818E+01
 -16.129  0.3081E+01  0.1849E+01
 -16.119  0.3097E+01  0.1880E+01
 -16.109  0.3111E+01  0.1911E+01
 -16.099  0.3125E+01  0.1942E+01
 -16.089  0.3139E+01  0.1973E+01
 -16.079  0.3152E+01  0.2005E+01
 -16.069  0.3165E+01  0.2037E+01
 -16.059  0.3177E+01  0.2068E+01
 -16.049  0.3189E+01  0.2100E+01
 -16.039  0.3200E+01  0.2132E+01
 -16.029  0.3211E+01  0.2164E+01
 -16.019  0.3222E+01  0.2197E+01
 -16.009  0.3232E+01  0.2229E+01
 -15.999  0.3241E+01  0.2261E+01
 -15.989  0.3251E+01  0.2294E+01
 -15.979  0.3260E+01  0.2326E+01
 -15.969  0.3268E+01  0.2359E+01
 -15.959  0.3277E+01  0.2392E+01
 -15.949  0.3285E+01  0.2425E+01
 -15.939  0.3292E+01  0.2458E+01
 -15.929  0.3300E+01  0.2491E+01
 -15.919  0.3307E+01  0.2524E+01
 -15.909  0.3314E+01  0.2557E+01
 -15.899  0.3321E+01  0.2590E+01
 -15.889  0.3328E+01  0.2623E+01
 -15.879  0.3334E+01  0.2657E+01
 -15.869  0.3341E+01  0.2690E+01
 -15.859  0.3347E+01  0.2724E+01
 -15.849  0.3353E+01  0.2757E+01
 -15.839  0.3360E+01  0.2791E+01
 -15.829  0.3366E+01  0.2824E+01
 -15.819  0.3372E+01  0.2858E+01
 -15.809  0.3378E+01  0.2892E+01
 -15.799  0.3385E+01  0.2926E+01
 -15.789  0.3391E+01  0.2960E+01
 -15.779  0.3397E+01  0.2994E+01
 -15.769  0.3404E+01  0.3028E+01
 -15.759  0.3411E+01  0.3062E+01
 -15.749  0.3418E+01  0.3096E+01
 -15.739  0.3425E+01  0.3130E+01
 -15.729  0.3432E+01  0.3165E+01
 -15.719  0.3440E+01  0.3199E+01
 -15.709  0.3448E+01  0.3233E+01
 -15.699  0.3456E+01  0.3268E+01
 -15.689  0.3465E+01  0.3303E+01
 -15.679  0.3473E+01  0.3337E+01
 -15.669  0.3483E+01  0.3372E+01
 -15.659  0.3492E+01  0.3407E+01
 -15.649  0.3502E+01  0.3442E+01
 -15.639  0.3513E+01  0.3477E+01
 -15.629  0.3524E+01  0.3512E+01
 -15.619  0.3535E+01  0.3548E+01
 -15.609  0.3547E+01  0.3583E+01
 -15.599  0.3560E+01  0.3619E+01
 -15.589  0.3573E+01  0.3655E+01
 -15.579  0.3587E+01  0.3690E+01
 -15.569  0.3601E+01  0.3726E+01
 -15.559  0.3616E+01  0.3763E+01
 -15.549  0.3631E+01  0.3799E+01
 -15.539  0.3647E+01  0.3835E+01
 -15.529  0.3664E+01  0.3872E+01
 -15.519  0.3682E+01  0.3909E+01
 -15.509  0.3700E+01  0.3946E+01
 -15.499  0.3719E+01  0.3983E+01
 -15.489  0.3738E+01  0.4020E+01
 -15.479  0.3759E+01  0.4058E+01
 -15.469  0.3780E+01  0.4096E+01
 -15.459  0.3802E+01  0.4134E+01
 -15.449  0.3825E+01  0.4172E+01
 -15.439  0.3848E+01  0.4211E+01
 -15.429  0.3873E+01  0.4249E+01
 -15.419  0.3898E+01  0.4288E+01
 -15.409  0.3924E+01  0.4328E+01
 -15.399  0.3951E+01  0.4367E+01
 -15.389  0.3979E+01  0.4407E+01
 -15.379  0.4007E+01  0.4447E+01
 -15.369  0.4037E+01  0.4487E+01
 -15.359  0.4067E+01  0.4528E+01
 -15.349  0.4098E+01  0.4569E+01
 -15.339  0.4130E+01  0.4610E+01
 -15.329  0.4163E+01  0.4652E+01
 -15.319  0.4197E+01  0.4694E+01
 -15.309  0.4232E+01  0.4736E+01
 -15.299  0.4267E+01  0.4779E+01
 -15.289  0.4303E+01  0.4822E+01
 -15.279  0.4340E+01  0.4865E+01
 -15.269  0.4378E+01  0.4909E+01
 -15.259  0.4417E+01  0.4953E+01
 -15.249  0.4456E+01  0.4998E+01
 -15.239  0.4496E+01  0.5043E+01
 -15.229  0.4537E+01  0.5088E+01
 -15.219  0.4578E+01  0.5134E+01
 -15.209  0.4621E+01  0.5180E+01
 -15.199  0.4663E+01  0.5227E+01
 -15.189  0.4707E+01  0.5274E+01
 -15.179  0.4751E+01  0.5321E+01
 -15.169  0.4795E+01  0.5369E+01
 -15.159  0.4841E+01  0.5418E+01
 -15.149  0.4886E+01  0.5467E+01
 -15.139  0.4932E+01  0.5516E+01
 -15.129  0.4978E+01  0.5566E+01
 -15.119  0.5025E+01  0.5616E+01
 -15.109  0.5072E+01  0.5667E+01
 -15.099  0.5120E+01  0.5718E+01
 -15.089  0.5167E+01  0.5769E+01
 -15.079  0.5215E+01  0.5822E+01
 -15.069  0.5262E+01  0.5874E+01
 -15.059  0.5310E+01  0.5927E+01
 -15.049  0.5358E+01  0.5981E+01
 -15.039  0.5406E+01  0.6035E+01
 -15.029  0.5453E+01  0.6090E+01
 -15.019  0.5500E+01  0.6145E+01
 -15.009  0.5547E+01  0.6200E+01
 -14.999  0.5594E+01  0.6256E+01
 -14.989  0.5640E+01  0.6312E+01
 -14.979  0.5686E+01  0.6369E+01
 -14.969  0.5731E+01  0.6427E+01
 -14.959  0.5776E+01  0.6484E+01
 -14.949  0.5820E+01  0.6542E+01
 -14.939  0.5863E+01  0.6601E+01
 -14.929  0.5905E+01  0.6660E+01
 -14.919  0.5947E+01  0.6720E+01
 -14.909  0.5987E+01  0.6780E+01
 -14.899  0.6026E+01  0.6840E+01
 -14.889  0.6065E+01  0.6900E+01
 -14.879  0.6102E+01  0.6961E+01
 -14.869  0.6137E+01  0.7023E+01
 -14.859  0.6172E+01  0.7085E+01
 -14.849  0.6204E+01  0.7147E+01
 -14.839  0.6236E+01  0.7209E+01
 -14.829  0.6266E+01  0.7272E+01
 -14.819  0.6294E+01  0.7335E+01
 -14.809  0.6320E+01  0.7398E+01
 -14.799  0.6345E+01  0.7461E+01
 -14.789  0.6368E+01  0.7525E+01
 -14.779  0.6388E+01  0.7589E+01
 -14.769  0.6407E+01  0.7653E+01
 -14.759  0.6424E+01  0.7717E+01
 -14.749  0.6439E+01  0.7781E+01
 -14.739  0.6452E+01  0.7846E+01
 -14.729  0.6462E+01  0.7911E+01
 -14.719  0.6471E+01  0.7975E+01
 -14.709  0.6477E+01  0.8040E+01
 -14.699  0.6480E+01  0.8105E+01
 -14.689  0.6482E+01  0.8170E+01
 -14.679  0.6480E+01  0.8234E+01
 -14.669  0.6477E+01  0.8299E+01
 -14.659  0.6471E+01  0.8364E+01
 -14.649  0.6463E+01  0.8429E+01
 -14.639  0.6452E+01  0.8493E+01
 -14.629  0.6438E+01  0.8557E+01
 -14.619  0.6422E+01  0.8622E+01
 -14.609  0.6404E+01  0.8686E+01
 -14.599  0.6383E+01  0.8750E+01
 -14.589  0.6359E+01  0.8813E+01
 -14.579  0.6333E+01  0.8876E+01
 -14.569  0.6305E+01  0.8940E+01
 -14.559  0.6274E+01  0.9002E+01
 -14.549  0.6240E+01  0.9065E+01
 -14.539  0.6204E+01  0.9127E+01
 -14.529  0.6166E+01  0.9188E+01
 -14.519  0.6125E+01  0.9250E+01
 -14.509  0.6081E+01  0.9310E+01
 -14.499  0.6036E+01  0.9371E+01
 -14.489  0.5988E+01  0.9431E+01
 -14.479  0.5938E+01  0.9490E+01
 -14.469  0.5885E+01  0.9549E+01
 -14.459  0.5831E+01  0.9607E+01
 -14.449  0.5774E+01  0.9665E+01
 -14.439  0.5715E+01  0.9722E+01
 -14.429  0.5655E+01  0.9779E+01
 -14.419  0.5592E+01  0.9835E+01
 -14.409  0.5527E+01  0.9890E+01
 -14.399  0.5461E+01  0.9944E+01
 -14.389  0.5393E+01  0.9998E+01
 -14.379  0.5323E+01  0.1005E+02
 -14.369  0.5252E+01  0.1010E+02
 -14.359  0.5179E+01  0.1016E+02
 -14.349  0.5105E+01  0.1021E+02
 -14.339  0.5030E+01  0.1026E+02
 -14.329  0.4953E+01  0.1031E+02
 -14.319  0.4875E+01  0.1036E+02
 -14.309  0.4796E+01  0.1040E+02
 -14.299  0.4716E+01  0.1045E+02
 -14.289  0.4635E+01  0.1050E+02
 -14.279  0.4553E+01  0.1054E+02
 -14.269  0.4471E+01  0.1059E+02
 -14.259  0.4388E+01  0.1063E+02
 -14.249  0.4304E+01  0.1067E+02
 -14.239  0.4220E+01  0.1072E+02
 -14.229  0.4135E+01  0.1076E+02
 -14.219  0.4050E+01  0.1080E+02
 -14.209  0.3965E+01  0.1084E+02
 -14.199  0.3880E+01  0.1088E+02
 -14.189  0.3795E+01  0.1091E+02
 -14.179  0.3709E+01  0.1095E+02
 -14.169  0.3624E+01  0.1099E+02
 -14.159  0.3539E+01  0.1102E+02
 -14.149  0.3455E+01  0.1106E+02
 -14.139  0.3370E+01  0.1109E+02
 -14.129  0.3286E+01  0.1112E+02
 -14.119  0.3203E+01  0.1116E+02
 -14.109  0.3120E+01  0.1119E+02
 -14.099  0.3037E+01  0.1122E+02
 -14.089  0.2956E+01  0.1125E+02
 -14.079  0.2875E+01  0.1128E+02
 -14.069  0.2795E+01  0.1130E+02
 -14.059  0.2715E+01  0.1133E+02
 -14.049  0.2637E+01  0.1136E+02
 -14.039  0.2560E+01  0.1138E+02
 -14.029  0.2483E+01  0.1141E+02
 -14.019  0.2408E+01  0.1143E+02
 -14.009  0.2334E+01  0.1146E+02
 -13.999  0.2260E+01  0.1148E+02
 -13.989  0.2188E+01  0.1150E+02
 -13.979  0.2118E+01  0.1152E+02
 -13.969  0.2048E+01  0.1154E+02
 -13.959  0.1980E+01  0.1156E+02
 -13.949  0.1913E+01  0.1158E+02
 -13.939  0.1847E+01  0.1160E+02
 -13.929  0.1783E+01  0.1162E+02
 -13.919  0.1720E+01  0.1163E+02
 -13.909  0.1658E+01  0.1165E+02
 -13.899  0.1598E+01  0.1167E+02
 -13.889  0.1539E+01  0.1168E+02
 -13.879  0.1482E+01  0.1170E+02
 -13.869  0.1426E+01  0.1171E+02
 -13.859  0.1371E+01  0.1172E+02
 -13.849  0.1318E+01  0.1174E+02
 -13.839  0.1266E+01  0.1175E+02
 -13.829  0.1216E+01  0.1176E+02
 -13.819  0.1167E+01  0.1177E+02
 -13.809  0.1119E+01  0.1179E+02
 -13.799  0.1073E+01  0.1180E+02
 -13.789  0.1028E+01  0.1181E+02
 -13.779  0.9845E+00  0.1182E+02
 -13.769  0.9423E+00  0.1183E+02
 -13.759  0.9015E+00  0.1184E+02
 -13.749  0.8620E+00  0.1184E+02
 -13.739  0.8238E+00  0.1185E+02
 -13.729  0.7869E+00  0.1186E+02
 -13.719  0.7512E+00  0.1187E+02
 -13.709  0.7168E+00  0.1187E+02
 -13.699  0.6836E+00  0.1188E+02
 -13.689  0.6516E+00  0.1189E+02
 -13.679  0.6208E+00  0.1189E+02
 -13.669  0.5911E+00  0.1190E+02
 -13.659  0.5626E+00  0.1191E+02
 -13.649  0.5351E+00  0.1191E+02
 -13.639  0.5088E+00  0.1192E+02
 -13.629  0.4834E+00  0.1192E+02
 -13.619  0.4591E+00  0.1193E+02
 -13.609  0.4358E+00  0.1193E+02
 -13.599  0.4134E+00  0.1193E+02
 -13.589  0.3920E+00  0.1194E+02
 -13.579  0.3715E+00  0.1194E+02
 -13.569  0.3519E+00  0.1195E+02
 -13.559  0.3332E+00  0.1195E+02
 -13.549  0.3152E+00  0.1195E+02
 -13.539  0.2981E+00  0.1195E+02
 -13.529  0.2818E+00  0.1196E+02
 -13.519  0.2662E+00  0.1196E+02
 -13.509  0.2514E+00  0.1196E+02
 -13.499  0.2372E+00  0.1196E+02
 -13.489  0.2238E+00  0.1197E+02
 -13.479  0.2109E+00  0.1197E+02
 -13.469  0.1988E+00  0.1197E+02
 -13.459  0.1872E+00  0.1197E+02
 -13.449  0.1762E+00  0.1197E+02
 -13.439  0.1658E+00  0.1198E+02
 -13.429  0.1558E+00  0.1198E+02
 -13.419  0.1465E+00  0.1198E+02
 -13.409  0.1376E+00  0.1198E+02
 -13.399  0.1291E+00  0.1198E+02
 -13.389  0.1212E+00  0.1198E+02
 -13.379  0.1136E+00  0.1198E+02
 -13.369  0.1065E+00  0.1199E+02
 -13.359  0.9977E-01  0.1199E+02
 -13.349  0.9342E-01  0.1199E+02
 -13.339  0.8742E-01  0.1199E+02
 -13.329  0.8177E-01  0.1199E+02
 -13.319  0.7644E-01  0.1199E+02
 -13.309  0.7142E-01  0.1199E+02
 -13.299  0.6669E-01  0.1199E+02
 -13.289  0.6225E-01  0.1199E+02
 -13.279  0.5807E-01  0.1199E+02
 -13.269  0.5414E-01  0.1199E+02
 -13.259  0.5045E-01  0.1199E+02
 -13.249  0.4699E-01  0.1199E+02
 -13.239  0.4374E-01  0.1199E+02
 -13.229  0.4069E-01  0.1200E+02
 -13.219  0.3784E-01  0.1200E+02
 -13.209  0.3517E-01  0.1200E+02
 -13.199  0.3267E-01  0.1200E+02
 -13.189  0.3033E-01  0.1200E+02
 -13.179  0.2815E-01  0.1200E+02
 -13.169  0.2610E-01  0.1200E+02
 -13.159  0.2420E-01  0.1200E+02
 -13.149  0.2242E-01  0.1200E+02
 -13.139  0.2076E-01  0.1200E+02
 -13.129  0.1921E-01  0.1200E+02
 -13.119  0.1777E-01  0.1200E+02
 -13.109  0.1643E-01  0.1200E+02
 -13.099  0.1518E-01  0.1200E+02
 -13.089  0.1402E-01  0.1200E+02
 -13.079  0.1294E-01  0.1200E+02
 -13.069  0.1194E-01  0.1200E+02
 -13.059  0.1101E-01  0.1200E+02
 -13.049  0.1014E-01  0.1200E+02
 -13.039  0.9344E-02  0.1200E+02
 -13.029  0.8602E-02  0.1200E+02
 -13.019  0.7915E-02  0.1200E+02
 -13.009  0.7279E-02  0.1200E+02
 -12.999  0.6690E-02  0.1200E+02
 -12.989  0.6146E-02  0.1200E+02
 -12.979  0.5643E-02  0.1200E+02
 -12.969  0.5178E-02  0.1200E+02
 -12.959  0.4750E-02  0.1200E+02
 -12.949  0.4354E-02  0.1200E+02
 -12.939  0.3989E-02  0.1200E+02
 -12.929  0.3653E-02  0.1200E+02
 -12.919  0.3344E-02  0.1200E+02
 -12.909  0.3059E-02  0.1200E+02
 -12.899  0.2796E-02  0.1200E+02
 -12.889  0.2555E-02  0.1200E+02
 -12.879  0.2334E-02  0.1200E+02
 -12.869  0.2131E-02  0.1200E+02
 -12.859  0.1944E-02  0.1200E+02
 -12.849  0.1772E-02  0.1200E+02
 -12.839  0.1615E-02  0.1200E+02
 -12.829  0.1472E-02  0.1200E+02
 -12.819  0.1340E-02  0.1200E+02
 -12.809  0.1219E-02  0.1200E+02
 -12.799  0.1109E-02  0.1200E+02
 -12.789  0.1008E-02  0.1200E+02
 -12.779  0.9156E-03  0.1200E+02
 -12.769  0.8313E-03  0.1200E+02
 -12.759  0.7545E-03  0.1200E+02
 -12.749  0.6844E-03  0.1200E+02
 -12.739  0.6204E-03  0.1200E+02
 -12.729  0.5622E-03  0.1200E+02
 -12.719  0.5091E-03  0.1200E+02
 -12.709  0.4608E-03  0.1200E+02
 -12.699  0.4169E-03  0.1200E+02
 -12.689  0.3769E-03  0.1200E+02
 -12.679  0.3406E-03  0.1200E+02
 -12.669  0.3077E-03  0.1200E+02
 -12.659  0.2778E-03  0.1200E+02
 -12.649  0.2506E-03  0.1200E+02
 -12.639  0.2260E-03  0.1200E+02
 -12.629  0.2037E-03  0.1200E+02
 -12.619  0.1835E-03  0.1200E+02
 -12.609  0.1652E-03  0.1200E+02
 -12.599  0.1487E-03  0.1200E+02
 -12.589  0.1337E-03  0.1200E+02
 -12.579  0.1202E-03  0.1200E+02
 -12.569  0.1080E-03  0.1200E+02
 -12.559  0.9698E-04  0.1200E+02
 -12.549  0.8704E-04  0.1200E+02
 -12.539  0.7807E-04  0.1200E+02
 -12.529  0.7000E-04  0.1200E+02
 -12.519  0.6272E-04  0.1200E+02
 -12.509  0.5617E-04  0.1200E+02
 -12.499  0.5028E-04  0.1200E+02
 -12.489  0.4499E-04  0.1200E+02
 -12.479  0.4023E-04  0.1200E+02
 -12.469  0.3595E-04  0.1200E+02
 -12.459  0.3211E-04  0.1200E+02
 -12.449  0.2867E-04  0.1200E+02
 -12.439  0.2558E-04  0.1200E+02
 -12.429  0.2281E-04  0.1200E+02
 -12.419  0.2033E-04  0.1200E+02
 -12.409  0.1811E-04  0.1200E+02
 -12.399  0.1613E-04  0.1200E+02
 -12.389  0.1435E-04  0.1200E+02
 -12.379  0.1277E-04  0.1200E+02
 -12.369  0.1135E-04  0.1200E+02
 -12.359  0.1008E-04  0.1200E+02
 -12.349  0.8956E-05  0.1200E+02
 -12.339  0.7949E-05  0.1200E+02
 -12.329  0.7051E-05  0.1200E+02
 -12.319  0.6252E-05  0.1200E+02
 -12.309  0.5540E-05  0.1200E+02
 -12.299  0.4907E-05  0.1200E+02
 -12.289  0.4344E-05  0.1200E+02
 -12.279  0.3843E-05  0.1200E+02
 -12.269  0.3398E-05  0.1200E+02
 -12.259  0.3004E-05  0.1200E+02
 -12.249  0.2653E-05  0.1200E+02
 -12.239  0.2343E-05  0.1200E+02
 -12.229  0.2067E-05  0.1200E+02
 -12.219  0.1823E-05  0.1200E+02
 -12.209  0.1607E-05  0.1200E+02
 -12.199  0.1416E-05  0.1200E+02
 -12.189  0.1247E-05  0.1200E+02
 -12.179  0.1097E-05  0.1200E+02
 -12.169  0.9651E-06  0.1200E+02
 -12.159  0.8484E-06  0.1200E+02
 -12.149  0.7455E-06  0.1200E+02
 -12.139  0.6547E-06  0.1200E+02
 -12.129  0.5747E-06  0.1200E+02
 -12.119  0.5042E-06  0.1200E+02
 -12.109  0.4421E-06  0.1200E+02
 -12.099  0.3874E-06  0.1200E+02
 -12.089  0.3393E-06  0.1200E+02
 -12.079  0.2970E-06  0.1200E+02
 -12.069  0.2599E-06  0.1200E+02
 -12.059  0.2273E-06  0.1200E+02
 -12.049  0.1987E-06  0.1200E+02
 -12.039  0.1735E-06  0.1200E+02
 -12.029  0.1515E-06  0.1200E+02
 -12.019  0.1322E-06  0.1200E+02
 -12.009  0.1153E-06  0.1200E+02
 -11.999  0.1005E-06  0.1200E+02
 -11.989  0.8759E-07  0.1200E+02
 -11.979  0.7627E-07  0.1200E+02
 -11.969  0.6638E-07  0.1200E+02
 -11.959  0.5775E-07  0.1200E+02
 -11.949  0.5021E-07  0.1200E+02
 -11.939  0.4363E-07  0.1200E+02
 -11.929  0.3789E-07  0.1200E+02
 -11.919  0.3289E-07  0.1200E+02
 -11.909  0.2853E-07  0.1200E+02
 -11.899  0.2474E-07  0.1200E+02
 -11.889  0.2144E-07  0.1200E+02
 -11.879  0.1857E-07  0.1200E+02
 -11.869  0.1608E-07  0.1200E+02
 -11.859  0.1391E-07  0.1200E+02
 -11.849  0.1203E-07  0.1200E+02
 -11.839  0.1040E-07  0.1200E+02
 -11.829  0.8985E-08  0.1200E+02
 -11.819  0.7758E-08  0.1200E+02
 -11.809  0.6695E-08  0.1200E+02
 -11.799  0.5775E-08  0.1200E+02
 -11.789  0.4979E-08  0.1200E+02
 -11.779  0.4290E-08  0.1200E+02
 -11.769  0.3694E-08  0.1200E+02
 -11.759  0.3179E-08  0.1200E+02
 -11.749  0.2735E-08  0.1200E+02
 -11.739  0.2352E-08  0.1200E+02
 -11.729  0.2021E-08  0.1200E+02
 -11.719  0.1736E-08  0.1200E+02
 -11.709  0.1490E-08  0.1200E+02
 -11.699  0.1278E-08  0.1200E+02
 -11.689  0.1096E-08  0.1200E+02
 -11.679  0.9395E-09  0.1200E+02
 -11.669  0.8048E-09  0.1200E+02
 -11.659  0.6890E-09  0.1200E+02
 -11.649  0.5896E-09  0.1200E+02
 -11.639  0.5043E-09  0.1200E+02
 -11.629  0.4310E-09  0.1200E+02
 -11.619  0.3683E-09  0.1200E+02
 -11.609  0.3144E-09  0.1200E+02
 -11.599  0.2684E-09  0.1200E+02
 -11.589  0.2289E-09  0.1200E+02
 -11.579  0.1952E-09  0.1200E+02
 -11.569  0.1663E-09  0.1200E+02
 -11.559  0.1416E-09  0.1200E+02
 -11.549  0.1205E-09  0.1200E+02
 -11.539  0.1025E-09  0.1200E+02
 -11.529  0.8719E-10  0.1200E+02
 -11.519  0.7410E-10  0.1200E+02
 -11.509  0.6294E-10  0.1200E+02
 -11.499  0.5343E-10  0.1200E+02
 -11.489  0.4533E-10  0.1200E+02
 -11.479  0.3844E-10  0.1200E+02
 -11.469  0.3258E-10  0.1200E+02
 -11.459  0.2760E-10  0.1200E+02
 -11.449  0.2337E-10  0.1200E+02
 -11.439  0.1978E-10  0.1200E+02
 -11.429  0.1673E-10  0.1200E+02
 -11.419  0.1414E-10  0.1200E+02
 -11.409  0.1195E-10  0.1200E+02
 -11.399  0.1009E-10  0.1200E+02
 -11.389  0.8514E-11  0.1200E+02
 -11.379  0.7182E-11  0.1200E+02
 -11.369  0.6055E-11  0.1200E+02
 -11.359  0.5102E-11  0.1200E+02
 -11.349  0.4297E-11  0.1200E+02
 -11.339  0.3617E-11  0.1200E+02
 -11.329  0.3043E-11  0.1200E+02
 -11.319  0.2559E-11  0.1200E+02
 -11.309  0.2150E-11  0.1200E+02
 -11.299  0.1806E-11  0.1200E+02
 -11.289  0.1516E-11  0.1200E+02
 -11.279  0.1272E-11  0.1200E+02
 -11.269  0.1067E-11  0.1200E+02
 -11.259  0.8944E-12  0.1200E+02
 -11.249  0.7493E-12  0.1200E+02
 -11.239  0.6274E-12  0.1200E+02
 -11.229  0.5250E-12  0.1200E+02
 -11.219  0.4391E-12  0.1200E+02
 -11.209  0.3671E-12  0.1200E+02
 -11.199  0.3067E-12  0.1200E+02
 -11.189  0.2561E-12  0.1200E+02
 -11.179  0.2138E-12  0.1200E+02
 -11.169  0.1783E-12  0.1200E+02
 -11.159  0.1487E-12  0.1200E+02
 -11.149  0.1239E-12  0.1200E+02
 -11.139  0.1032E-12  0.1200E+02
 -11.129  0.8591E-13  0.1200E+02
 -11.119  0.7147E-13  0.1200E+02
 -11.109  0.5943E-13  0.1200E+02
 -11.099  0.4940E-13  0.1200E+02
 -11.089  0.4103E-13  0.1200E+02
 -11.079  0.3407E-13  0.1200E+02
 -11.069  0.2827E-13  0.1200E+02
 -11.059  0.2344E-13  0.1200E+02
 -11.049  0.1943E-13  0.1200E+02
 -11.039  0.1610E-13  0.1200E+02
 -11.029  0.1333E-13  0.1200E+02
 -11.019  0.1103E-13  0.1200E+02
 -11.009  0.9125E-14  0.1200E+02
 -10.999  0.7544E-14  0.1200E+02
 -10.989  0.6233E-14  0.1200E+02
 -10.979  0.5148E-14  0.1200E+02
 -10.969  0.4249E-14  0.1200E+02
 -10.959  0.3505E-14  0.1200E+02
 -10.949  0.2890E-14  0.1200E+02
 -10.939  0.2382E-14  0.1200E+02
 -10.929  0.1962E-14  0.1200E+02
 -10.919  0.1615E-14  0.1200E+02
 -10.909  0.1329E-14  0.1200E+02
 -10.899  0.1093E-14  0.1200E+02
 -10.889  0.8981E-15  0.1200E+02
 -10.879  0.7377E-15  0.1200E+02
 -10.869  0.6057E-15  0.1200E+02
 -10.859  0.4970E-15  0.1200E+02
 -10.849  0.4077E-15  0.1200E+02
 -10.839  0.3342E-15  0.1200E+02
 -10.829  0.2738E-15  0.1200E+02
 -10.819  0.2242E-15  0.1200E+02
 -10.809  0.1835E-15  0.1200E+02
 -10.799  0.1501E-15  0.1200E+02
 -10.789  0.1228E-15  0.1200E+02
 -10.779  0.1003E-15  0.1200E+02
 -10.769  0.8197E-16  0.1200E+02
 -10.759  0.6694E-16  0.1200E+02
 -10.749  0.5466E-16  0.1200E+02
 -10.739  0.4463E-16  0.1200E+02
 -10.729  0.3644E-16  0.1200E+02
 -10.719  0.2976E-16  0.1200E+02
 -10.709  0.2434E-16  0.1200E+02
 -10.699  0.1993E-16  0.1200E+02
 -10.689  0.1637E-16  0.1200E+02
 -10.679  0.1350E-16  0.1200E+02
 -10.669  0.1121E-16  0.1200E+02
 -10.659  0.9401E-17  0.1200E+02
 -10.649  0.7996E-17  0.1200E+02
 -10.639  0.6936E-17  0.1200E+02
 -10.629  0.6176E-17  0.1200E+02
 -10.619  0.5684E-17  0.1200E+02
 -10.609  0.5436E-17  0.1200E+02
 -10.599  0.5422E-17  0.1200E+02
 -10.589  0.5639E-17  0.1200E+02
 -10.579  0.6094E-17  0.1200E+02
 -10.569  0.6803E-17  0.1200E+02
 -10.559  0.7794E-17  0.1200E+02
 -10.549  0.9103E-17  0.1200E+02
 -10.539  0.1078E-16  0.1200E+02
 -10.529  0.1289E-16  0.1200E+02
 -10.519  0.1552E-16  0.1200E+02
 -10.509  0.1875E-16  0.1200E+02
 -10.499  0.2273E-16  0.1200E+02
 -10.489  0.2759E-16  0.1200E+02
 -10.479  0.3352E-16  0.1200E+02
 -10.469  0.4075E-16  0.1200E+02
 -10.459  0.4953E-16  0.1200E+02
 -10.449  0.6020E-16  0.1200E+02
 -10.439  0.7316E-16  0.1200E+02
 -10.429  0.8887E-16  0.1200E+02
 -10.419  0.1079E-15  0.1200E+02
 -10.409  0.1310E-15  0.1200E+02
 -10.399  0.1589E-15  0.1200E+02
 -10.389  0.1926E-15  0.1200E+02
 -10.379  0.2334E-15  0.1200E+02
 -10.369  0.2827E-15  0.1200E+02
 -10.359  0.3423E-15  0.1200E+02
 -10.349  0.4142E-15  0.1200E+02
 -10.339  0.5009E-15  0.1200E+02
 -10.329  0.6054E-15  0.1200E+02
 -10.319  0.7313E-15  0.1200E+02
 -10.309  0.8830E-15  0.1200E+02
 -10.299  0.1066E-14  0.1200E+02
 -10.289  0.1285E-14  0.1200E+02
 -10.279  0.1549E-14  0.1200E+02
 -10.269  0.1867E-14  0.1200E+02
 -10.259  0.2248E-14  0.1200E+02
 -10.249  0.2705E-14  0.1200E+02
 -10.239  0.3254E-14  0.1200E+02
 -10.229  0.3912E-14  0.1200E+02
 -10.219  0.4701E-14  0.1200E+02
 -10.209  0.5646E-14  0.1200E+02
 -10.199  0.6777E-14  0.1200E+02
 -10.189  0.8131E-14  0.1200E+02
 -10.179  0.9749E-14  0.1200E+02
 -10.169  0.1168E-13  0.1200E+02
 -10.159  0.1399E-13  0.1200E+02
 -10.149  0.1675E-13  0.1200E+02
 -10.139  0.2005E-13  0.1200E+02
 -10.129  0.2397E-13  0.1200E+02
 -10.119  0.2865E-13  0.1200E+02
 -10.109  0.3423E-13  0.1200E+02
 -10.099  0.4087E-13  0.1200E+02
 -10.089  0.4876E-13  0.1200E+02
 -10.079  0.5816E-13  0.1200E+02
 -10.069  0.6933E-13  0.1200E+02
 -10.059  0.8260E-13  0.1200E+02
 -10.049  0.9836E-13  0.1200E+02
 -10.039  0.1171E-12  0.1200E+02
 -10.029  0.1392E-12  0.1200E+02
 -10.019  0.1655E-12  0.1200E+02
 -10.009  0.1967E-12  0.1200E+02
  -9.999  0.2336E-12  0.1200E+02
  -9.989  0.2773E-12  0.1200E+02
  -9.979  0.3289E-12  0.1200E+02
  -9.969  0.3900E-12  0.1200E+02
  -9.959  0.4622E-12  0.1200E+02
  -9.949  0.5475E-12  0.1200E+02
  -9.939  0.6481E-12  0.1200E+02
  -9.929  0.7668E-12  0.1200E+02
  -9.919  0.9068E-12  0.1200E+02
  -9.909  0.1072E-11  0.1200E+02
  -9.899  0.1266E-11  0.1200E+02
  -9.889  0.1495E-11  0.1200E+02
  -9.879  0.1764E-11  0.1200E+02
  -9.869  0.2080E-11  0.1200E+02
  -9.859  0.2452E-11  0.1200E+02
  -9.849  0.2889E-11  0.1200E+02
  -9.839  0.3402E-11  0.1200E+02
  -9.829  0.4003E-11  0.1200E+02
  -9.819  0.4709E-11  0.1200E+02
  -9.809  0.5536E-11  0.1200E+02
  -9.799  0.6504E-11  0.1200E+02
  -9.789  0.7639E-11  0.1200E+02
  -9.779  0.8966E-11  0.1200E+02
  -9.769  0.1052E-10  0.1200E+02
  -9.759  0.1233E-10  0.1200E+02
  -9.749  0.1445E-10  0.1200E+02
  -9.739  0.1693E-10  0.1200E+02
  -9.729  0.1981E-10  0.1200E+02
  -9.719  0.2318E-10  0.1200E+02
  -9.709  0.2711E-10  0.1200E+02
  -9.699  0.3168E-10  0.1200E+02
  -9.689  0.3701E-10  0.1200E+02
  -9.679  0.4321E-10  0.1200E+02
  -9.669  0.5042E-10  0.1200E+02
  -9.659  0.5880E-10  0.1200E+02
  -9.649  0.6854E-10  0.1200E+02
  -9.639  0.7985E-10  0.1200E+02
  -9.629  0.9297E-10  0.1200E+02
  -9.619  0.1082E-09  0.1200E+02
  -9.609  0.1259E-09  0.1200E+02
  -9.599  0.1463E-09  0.1200E+02
  -9.589  0.1700E-09  0.1200E+02
  -9.579  0.1974E-09  0.1200E+02
  -9.569  0.2291E-09  0.1200E+02
  -9.559  0.2658E-09  0.1200E+02
  -9.549  0.3082E-09  0.1200E+02
  -9.539  0.3571E-09  0.1200E+02
  -9.529  0.4136E-09  0.1200E+02
  -9.519  0.4788E-09  0.1200E+02
  -9.509  0.5539E-09  0.1200E+02
  -9.499  0.6405E-09  0.1200E+02
  -9.489  0.7403E-09  0.1200E+02
  -9.479  0.8551E-09  0.1200E+02
  -9.469  0.9872E-09  0.1200E+02
  -9.459  0.1139E-08  0.1200E+02
  -9.449  0.1314E-08  0.1200E+02
  -9.439  0.1514E-08  0.1200E+02
  -9.429  0.1744E-08  0.1200E+02
  -9.419  0.2008E-08  0.1200E+02
  -9.409  0.2311E-08  0.1200E+02
  -9.399  0.2658E-08  0.1200E+02
  -9.389  0.3056E-08  0.1200E+02
  -9.379  0.3511E-08  0.1200E+02
  -9.369  0.4032E-08  0.1200E+02
  -9.359  0.4628E-08  0.1200E+02
  -9.349  0.5309E-08  0.1200E+02
  -9.339  0.6086E-08  0.1200E+02
  -9.329  0.6974E-08  0.1200E+02
  -9.319  0.7988E-08  0.1200E+02
  -9.309  0.9143E-08  0.1200E+02
  -9.299  0.1046E-07  0.1200E+02
  -9.289  0.1196E-07  0.1200E+02
  -9.279  0.1367E-07  0.1200E+02
  -9.269  0.1561E-07  0.1200E+02
  -9.259  0.1783E-07  0.1200E+02
  -9.249  0.2034E-07  0.1200E+02
  -9.239  0.2319E-07  0.1200E+02
  -9.229  0.2644E-07  0.1200E+02
  -9.219  0.3012E-07  0.1200E+02
  -9.209  0.3429E-07  0.1200E+02
  -9.199  0.3902E-07  0.1200E+02
  -9.189  0.4438E-07  0.1200E+02
  -9.179  0.5045E-07  0.1200E+02
  -9.169  0.5732E-07  0.1200E+02
  -9.159  0.6509E-07  0.1200E+02
  -9.149  0.7388E-07  0.1200E+02
  -9.139  0.8380E-07  0.1200E+02
  -9.129  0.9501E-07  0.1200E+02
  -9.119  0.1077E-06  0.1200E+02
  -9.109  0.1219E-06  0.1200E+02
  -9.099  0.1380E-06  0.1200E+02
  -9.089  0.1561E-06  0.1200E+02
  -9.079  0.1765E-06  0.1200E+02
  -9.069  0.1995E-06  0.1200E+02
  -9.059  0.2253E-06  0.1200E+02
  -9.049  0.2544E-06  0.1200E+02
  -9.039  0.2870E-06  0.1200E+02
  -9.029  0.3237E-06  0.1200E+02
  -9.019  0.3648E-06  0.1200E+02
  -9.009  0.4110E-06  0.1200E+02
  -8.999  0.4627E-06  0.1200E+02
  -8.989  0.5207E-06  0.1200E+02
  -8.979  0.5856E-06  0.1200E+02
  -8.969  0.6583E-06  0.1200E+02
  -8.959  0.7396E-06  0.1200E+02
  -8.949  0.8305E-06  0.1200E+02
  -8.939  0.9320E-06  0.1200E+02
  -8.929  0.1045E-05  0.1200E+02
  -8.919  0.1172E-05  0.1200E+02
  -8.909  0.1313E-05  0.1200E+02
  -8.899  0.1471E-05  0.1200E+02
  -8.889  0.1646E-05  0.1200E+02
  -8.879  0.1842E-05  0.1200E+02
  -8.869  0.2059E-05  0.1200E+02
  -8.859  0.2301E-05  0.1200E+02
  -8.849  0.2570E-05  0.1200E+02
  -8.839  0.2869E-05  0.1200E+02
  -8.829  0.3201E-05  0.1200E+02
  -8.819  0.3570E-05  0.1200E+02
  -8.809  0.3979E-05  0.1200E+02
  -8.799  0.4432E-05  0.1200E+02
  -8.789  0.4935E-05  0.1200E+02
  -8.779  0.5491E-05  0.1200E+02
  -8.769  0.6107E-05  0.1200E+02
  -8.759  0.6788E-05  0.1200E+02
  -8.749  0.7542E-05  0.1200E+02
  -8.739  0.8374E-05  0.1200E+02
  -8.729  0.9294E-05  0.1200E+02
  -8.719  0.1031E-04  0.1200E+02
  -8.709  0.1143E-04  0.1200E+02
  -8.699  0.1266E-04  0.1200E+02
  -8.689  0.1402E-04  0.1200E+02
  -8.679  0.1552E-04  0.1200E+02
  -8.669  0.1717E-04  0.1200E+02
  -8.659  0.1898E-04  0.1200E+02
  -8.649  0.2098E-04  0.1200E+02
  -8.639  0.2317E-04  0.1200E+02
  -8.629  0.2558E-04  0.1200E+02
  -8.619  0.2822E-04  0.1200E+02
  -8.609  0.3112E-04  0.1200E+02
  -8.599  0.3430E-04  0.1200E+02
  -8.589  0.3778E-04  0.1200E+02
  -8.579  0.4159E-04  0.1200E+02
  -8.569  0.4577E-04  0.1200E+02
  -8.559  0.5033E-04  0.1200E+02
  -8.549  0.5533E-04  0.1200E+02
  -8.539  0.6078E-04  0.1200E+02
  -8.529  0.6674E-04  0.1200E+02
  -8.519  0.7324E-04  0.1200E+02
  -8.509  0.8034E-04  0.1200E+02
  -8.499  0.8807E-04  0.1200E+02
  -8.489  0.9650E-04  0.1200E+02
  -8.479  0.1057E-03  0.1200E+02
  -8.469  0.1157E-03  0.1200E+02
  -8.459  0.1265E-03  0.1200E+02
  -8.449  0.1383E-03  0.1200E+02
  -8.439  0.1512E-03  0.1200E+02
  -8.429  0.1651E-03  0.1200E+02
  -8.419  0.1802E-03  0.1200E+02
  -8.409  0.1966E-03  0.1200E+02
  -8.399  0.2144E-03  0.1200E+02
  -8.389  0.2337E-03  0.1200E+02
  -8.379  0.2545E-03  0.1200E+02
  -8.369  0.2771E-03  0.1200E+02
  -8.359  0.3015E-03  0.1200E+02
  -8.349  0.3279E-03  0.1200E+02
  -8.339  0.3564E-03  0.1200E+02
  -8.329  0.3872E-03  0.1200E+02
  -8.319  0.4204E-03  0.1200E+02
  -8.309  0.4562E-03  0.1200E+02
  -8.299  0.4948E-03  0.1200E+02
  -8.289  0.5364E-03  0.1200E+02
  -8.279  0.5812E-03  0.1200E+02
  -8.269  0.6294E-03  0.1200E+02
  -8.259  0.6812E-03  0.1200E+02
  -8.249  0.7369E-03  0.1200E+02
  -8.239  0.7967E-03  0.1200E+02
  -8.229  0.8609E-03  0.1200E+02
  -8.219  0.9298E-03  0.1200E+02
  -8.209  0.1004E-02  0.1200E+02
  -8.199  0.1083E-02  0.1200E+02
  -8.189  0.1168E-02  0.1200E+02
  -8.179  0.1258E-02  0.1200E+02
  -8.169  0.1355E-02  0.1200E+02
  -8.159  0.1459E-02  0.1200E+02
  -8.149  0.1570E-02  0.1200E+02
  -8.139  0.1689E-02  0.1200E+02
  -8.129  0.1815E-02  0.1200E+02
  -8.119  0.1950E-02  0.1200E+02
  -8.109  0.2093E-02  0.1200E+02
  -8.099  0.2246E-02  0.1200E+02
  -8.089  0.2410E-02  0.1200E+02
  -8.079  0.2583E-02  0.1200E+02
  -8.069  0.2767E-02  0.1200E+02
  -8.059  0.2964E-02  0.1200E+02
  -8.049  0.3172E-02  0.1200E+02
  -8.039  0.3393E-02  0.1200E+02
  -8.029  0.3628E-02  0.1200E+02
  -8.019  0.3876E-02  0.1200E+02
  -8.009  0.4140E-02  0.1200E+02
  -7.999  0.4419E-02  0.1200E+02
  -7.989  0.4715E-02  0.1200E+02
  -7.979  0.5027E-02  0.1200E+02
  -7.969  0.5358E-02  0.1200E+02
  -7.959  0.5707E-02  0.1200E+02
  -7.949  0.6076E-02  0.1200E+02
  -7.939  0.6465E-02  0.1200E+02
  -7.929  0.6875E-02  0.1200E+02
  -7.919  0.7308E-02  0.1200E+02
  -7.909  0.7763E-02  0.1200E+02
  -7.899  0.8243E-02  0.1200E+02
  -7.889  0.8748E-02  0.1200E+02
  -7.879  0.9278E-02  0.1200E+02
  -7.869  0.9836E-02  0.1200E+02
  -7.859  0.1042E-01  0.1200E+02
  -7.849  0.1104E-01  0.1200E+02
  -7.839  0.1168E-01  0.1200E+02
  -7.829  0.1236E-01  0.1200E+02
  -7.819  0.1306E-01  0.1200E+02
  -7.809  0.1381E-01  0.1200E+02
  -7.799  0.1458E-01  0.1200E+02
  -7.789  0.1539E-01  0.1200E+02
  -7.779  0.1624E-01  0.1200E+02
  -7.769  0.1713E-01  0.1200E+02
  -7.759  0.1805E-01  0.1200E+02
  -7.749  0.1901E-01  0.1200E+02
  -7.739  0.2002E-01  0.1200E+02
  -7.729  0.2107E-01  0.1200E+02
  -7.719  0.2216E-01  0.1200E+02
  -7.709  0.2329E-01  0.1200E+02
  -7.699  0.2447E-01  0.1200E+02
  -7.689  0.2570E-01  0.1200E+02
  -7.679  0.2697E-01  0.1200E+02
  -7.669  0.2829E-01  0.1201E+02
  -7.659  0.2966E-01  0.1201E+02
  -7.649  0.3108E-01  0.1201E+02
  -7.639  0.3255E-01  0.1201E+02
  -7.629  0.3408E-01  0.1201E+02
  -7.619  0.3565E-01  0.1201E+02
  -7.609  0.3728E-01  0.1201E+02
  -7.599  0.3897E-01  0.1201E+02
  -7.589  0.4071E-01  0.1201E+02
  -7.579  0.4250E-01  0.1201E+02
  -7.569  0.4436E-01  0.1201E+02
  -7.559  0.4627E-01  0.1201E+02
  -7.549  0.4823E-01  0.1201E+02
  -7.539  0.5026E-01  0.1201E+02
  -7.529  0.5234E-01  0.1201E+02
  -7.519  0.5448E-01  0.1201E+02
  -7.509  0.5668E-01  0.1201E+02
  -7.499  0.5894E-01  0.1201E+02
  -7.489  0.6125E-01  0.1201E+02
  -7.479  0.6363E-01  0.1201E+02
  -7.469  0.6607E-01  0.1201E+02
  -7.459  0.6856E-01  0.1202E+02
  -7.449  0.7111E-01  0.1202E+02
  -7.439  0.7373E-01  0.1202E+02
  -7.429  0.7640E-01  0.1202E+02
  -7.419  0.7912E-01  0.1202E+02
  -7.409  0.8191E-01  0.1202E+02
  -7.399  0.8475E-01  0.1202E+02
  -7.389  0.8765E-01  0.1202E+02
  -7.379  0.9060E-01  0.1202E+02
  -7.369  0.9361E-01  0.1202E+02
  -7.359  0.9667E-01  0.1202E+02
  -7.349  0.9978E-01  0.1202E+02
  -7.339  0.1029E+00  0.1203E+02
  -7.329  0.1062E+00  0.1203E+02
  -7.319  0.1094E+00  0.1203E+02
  -7.309  0.1127E+00  0.1203E+02
  -7.299  0.1161E+00  0.1203E+02
  -7.289  0.1195E+00  0.1203E+02
  -7.279  0.1230E+00  0.1203E+02
  -7.269  0.1265E+00  0.1203E+02
  -7.259  0.1300E+00  0.1203E+02
  -7.249  0.1336E+00  0.1204E+02
  -7.239  0.1372E+00  0.1204E+02
  -7.229  0.1408E+00  0.1204E+02
  -7.219  0.1445E+00  0.1204E+02
  -7.209  0.1483E+00  0.1204E+02
  -7.199  0.1520E+00  0.1204E+02
  -7.189  0.1558E+00  0.1205E+02
  -7.179  0.1596E+00  0.1205E+02
  -7.169  0.1635E+00  0.1205E+02
  -7.159  0.1674E+00  0.1205E+02
  -7.149  0.1713E+00  0.1205E+02
  -7.139  0.1752E+00  0.1205E+02
  -7.129  0.1792E+00  0.1206E+02
  -7.119  0.1832E+00  0.1206E+02
  -7.109  0.1872E+00  0.1206E+02
  -7.099  0.1912E+00  0.1206E+02
  -7.089  0.1953E+00  0.1206E+02
  -7.079  0.1994E+00  0.1206E+02
  -7.069  0.2035E+00  0.1207E+02
  -7.059  0.2077E+00  0.1207E+02
  -7.049  0.2118E+00  0.1207E+02
  -7.039  0.2160E+00  0.1207E+02
  -7.029  0.2202E+00  0.1208E+02
  -7.019  0.2245E+00  0.1208E+02
  -7.009  0.2287E+00  0.1208E+02
  -6.999  0.2330E+00  0.1208E+02
  -6.989  0.2374E+00  0.1208E+02
  -6.979  0.2417E+00  0.1209E+02
  -6.969  0.2461E+00  0.1209E+02
  -6.959  0.2506E+00  0.1209E+02
  -6.949  0.2550E+00  0.1209E+02
  -6.939  0.2596E+00  0.1210E+02
  -6.929  0.2641E+00  0.1210E+02
  -6.919  0.2687E+00  0.1210E+02
  -6.909  0.2734E+00  0.1211E+02
  -6.899  0.2781E+00  0.1211E+02
  -6.889  0.2829E+00  0.1211E+02
  -6.879  0.2878E+00  0.1211E+02
  -6.869  0.2927E+00  0.1212E+02
  -6.859  0.2978E+00  0.1212E+02
  -6.849  0.3029E+00  0.1212E+02
  -6.839  0.3081E+00  0.1213E+02
  -6.829  0.3134E+00  0.1213E+02
  -6.819  0.3188E+00  0.1213E+02
  -6.809  0.3243E+00  0.1214E+02
  -6.799  0.3299E+00  0.1214E+02
  -6.789  0.3357E+00  0.1214E+02
  -6.779  0.3415E+00  0.1215E+02
  -6.769  0.3476E+00  0.1215E+02
  -6.759  0.3538E+00  0.1215E+02
  -6.749  0.3601E+00  0.1216E+02
  -6.739  0.3666E+00  0.1216E+02
  -6.729  0.3733E+00  0.1216E+02
  -6.719  0.3802E+00  0.1217E+02
  -6.709  0.3872E+00  0.1217E+02
  -6.699  0.3945E+00  0.1217E+02
  -6.689  0.4020E+00  0.1218E+02
  -6.679  0.4097E+00  0.1218E+02
  -6.669  0.4176E+00  0.1219E+02
  -6.659  0.4258E+00  0.1219E+02
  -6.649  0.4342E+00  0.1220E+02
  -6.639  0.4429E+00  0.1220E+02
  -6.629  0.4518E+00  0.1220E+02
  -6.619  0.4611E+00  0.1221E+02
  -6.609  0.4706E+00  0.1221E+02
  -6.599  0.4804E+00  0.1222E+02
  -6.589  0.4905E+00  0.1222E+02
  -6.579  0.5009E+00  0.1223E+02
  -6.569  0.5117E+00  0.1223E+02
  -6.559  0.5228E+00  0.1224E+02
  -6.549  0.5342E+00  0.1224E+02
  -6.539  0.5459E+00  0.1225E+02
  -6.529  0.5580E+00  0.1226E+02
  -6.519  0.5705E+00  0.1226E+02
  -6.509  0.5833E+00  0.1227E+02
  -6.499  0.5964E+00  0.1227E+02
  -6.489  0.6100E+00  0.1228E+02
  -6.479  0.6239E+00  0.1229E+02
  -6.469  0.6382E+00  0.1229E+02
  -6.459  0.6529E+00  0.1230E+02
  -6.449  0.6679E+00  0.1231E+02
  -6.439  0.6833E+00  0.1231E+02
  -6.429  0.6991E+00  0.1232E+02
  -6.419  0.7153E+00  0.1233E+02
  -6.409  0.7319E+00  0.1233E+02
  -6.399  0.7488E+00  0.1234E+02
  -6.389  0.7661E+00  0.1235E+02
  -6.379  0.7838E+00  0.1236E+02
  -6.369  0.8019E+00  0.1236E+02
  -6.359  0.8203E+00  0.1237E+02
  -6.349  0.8390E+00  0.1238E+02
  -6.339  0.8582E+00  0.1239E+02
  -6.329  0.8776E+00  0.1240E+02
  -6.319  0.8974E+00  0.1241E+02
  -6.309  0.9174E+00  0.1242E+02
  -6.299  0.9378E+00  0.1243E+02
  -6.289  0.9585E+00  0.1244E+02
  -6.279  0.9795E+00  0.1245E+02
  -6.269  0.1001E+01  0.1246E+02
  -6.259  0.1022E+01  0.1247E+02
  -6.249  0.1044E+01  0.1248E+02
  -6.239  0.1066E+01  0.1249E+02
  -6.229  0.1088E+01  0.1250E+02
  -6.219  0.1110E+01  0.1251E+02
  -6.209  0.1133E+01  0.1252E+02
  -6.199  0.1155E+01  0.1253E+02
  -6.189  0.1178E+01  0.1254E+02
  -6.179  0.1201E+01  0.1256E+02
  -6.169  0.1224E+01  0.1257E+02
  -6.159  0.1247E+01  0.1258E+02
  -6.149  0.1270E+01  0.1259E+02
  -6.139  0.1293E+01  0.1261E+02
  -6.129  0.1316E+01  0.1262E+02
  -6.119  0.1339E+01  0.1263E+02
  -6.109  0.1362E+01  0.1265E+02
  -6.099  0.1385E+01  0.1266E+02
  -6.089  0.1407E+01  0.1267E+02
  -6.079  0.1430E+01  0.1269E+02
  -6.069  0.1452E+01  0.1270E+02
  -6.059  0.1474E+01  0.1272E+02
  -6.049  0.1496E+01  0.1273E+02
  -6.039  0.1518E+01  0.1275E+02
  -6.029  0.1540E+01  0.1276E+02
  -6.019  0.1561E+01  0.1278E+02
  -6.009  0.1582E+01  0.1279E+02
  -5.999  0.1602E+01  0.1281E+02
  -5.989  0.1622E+01  0.1283E+02
  -5.979  0.1642E+01  0.1284E+02
  -5.969  0.1661E+01  0.1286E+02
  -5.959  0.1680E+01  0.1288E+02
  -5.949  0.1699E+01  0.1289E+02
  -5.939  0.1717E+01  0.1291E+02
  -5.929  0.1734E+01  0.1293E+02
  -5.919  0.1751E+01  0.1295E+02
  -5.909  0.1767E+01  0.1296E+02
  -5.899  0.1783E+01  0.1298E+02
  -5.889  0.1798E+01  0.1300E+02
  -5.879  0.1813E+01  0.1302E+02
  -5.869  0.1827E+01  0.1304E+02
  -5.859  0.1840E+01  0.1305E+02
  -5.849  0.1853E+01  0.1307E+02
  -5.839  0.1865E+01  0.1309E+02
  -5.829  0.1877E+01  0.1311E+02
  -5.819  0.1888E+01  0.1313E+02
  -5.809  0.1898E+01  0.1315E+02
  -5.799  0.1907E+01  0.1317E+02
  -5.789  0.1916E+01  0.1319E+02
  -5.779  0.1924E+01  0.1320E+02
  -5.769  0.1932E+01  0.1322E+02
  -5.759  0.1938E+01  0.1324E+02
  -5.749  0.1945E+01  0.1326E+02
  -5.739  0.1950E+01  0.1328E+02
  -5.729  0.1955E+01  0.1330E+02
  -5.719  0.1959E+01  0.1332E+02
  -5.709  0.1962E+01  0.1334E+02
  -5.699  0.1965E+01  0.1336E+02
  -5.689  0.1967E+01  0.1338E+02
  -5.679  0.1969E+01  0.1340E+02
  -5.669  0.1970E+01  0.1342E+02
  -5.659  0.1970E+01  0.1344E+02
  -5.649  0.1970E+01  0.1346E+02
  -5.639  0.1969E+01  0.1348E+02
  -5.629  0.1967E+01  0.1350E+02
  -5.619  0.1965E+01  0.1352E+02
  -5.609  0.1963E+01  0.1354E+02
  -5.599  0.1960E+01  0.1356E+02
  -5.589  0.1957E+01  0.1358E+02
  -5.579  0.1953E+01  0.1360E+02
  -5.569  0.1948E+01  0.1362E+02
  -5.559  0.1944E+01  0.1364E+02
  -5.549  0.1939E+01  0.1365E+02
  -5.539  0.1933E+01  0.1367E+02
  -5.529  0.1927E+01  0.1369E+02
  -5.519  0.1921E+01  0.1371E+02
  -5.509  0.1915E+01  0.1373E+02
  -5.499  0.1908E+01  0.1375E+02
  -5.489  0.1901E+01  0.1377E+02
  -5.479  0.1894E+01  0.1379E+02
  -5.469  0.1887E+01  0.1381E+02
  -5.459  0.1880E+01  0.1383E+02
  -5.449  0.1872E+01  0.1385E+02
  -5.439  0.1865E+01  0.1386E+02
  -5.429  0.1857E+01  0.1388E+02
  -5.419  0.1849E+01  0.1390E+02
  -5.409  0.1841E+01  0.1392E+02
  -5.399  0.1833E+01  0.1394E+02
  -5.389  0.1826E+01  0.1396E+02
  -5.379  0.1818E+01  0.1397E+02
  -5.369  0.1810E+01  0.1399E+02
  -5.359  0.1803E+01  0.1401E+02
  -5.349  0.1795E+01  0.1403E+02
  -5.339  0.1788E+01  0.1405E+02
  -5.329  0.1780E+01  0.1406E+02
  -5.319  0.1773E+01  0.1408E+02
  -5.309  0.1766E+01  0.1410E+02
  -5.299  0.1760E+01  0.1412E+02
  -5.289  0.1753E+01  0.1413E+02
  -5.279  0.1747E+01  0.1415E+02
  -5.269  0.1740E+01  0.1417E+02
  -5.259  0.1735E+01  0.1419E+02
  -5.249  0.1729E+01  0.1420E+02
  -5.239  0.1723E+01  0.1422E+02
  -5.229  0.1718E+01  0.1424E+02
  -5.219  0.1713E+01  0.1426E+02
  -5.209  0.1708E+01  0.1427E+02
  -5.199  0.1704E+01  0.1429E+02
  -5.189  0.1700E+01  0.1431E+02
  -5.179  0.1695E+01  0.1432E+02
  -5.169  0.1692E+01  0.1434E+02
  -5.159  0.1688E+01  0.1436E+02
  -5.149  0.1685E+01  0.1437E+02
  -5.139  0.1682E+01  0.1439E+02
  -5.129  0.1679E+01  0.1441E+02
  -5.119  0.1676E+01  0.1442E+02
  -5.109  0.1674E+01  0.1444E+02
  -5.099  0.1672E+01  0.1446E+02
  -5.089  0.1670E+01  0.1447E+02
  -5.079  0.1668E+01  0.1449E+02
  -5.069  0.1666E+01  0.1451E+02
  -5.059  0.1665E+01  0.1452E+02
  -5.049  0.1664E+01  0.1454E+02
  -5.039  0.1662E+01  0.1456E+02
  -5.029  0.1661E+01  0.1457E+02
  -5.019  0.1660E+01  0.1459E+02
  -5.009  0.1660E+01  0.1461E+02
  -4.999  0.1659E+01  0.1462E+02
  -4.989  0.1658E+01  0.1464E+02
  -4.979  0.1657E+01  0.1466E+02
  -4.969  0.1657E+01  0.1467E+02
  -4.959  0.1656E+01  0.1469E+02
  -4.949  0.1655E+01  0.1471E+02
  -4.939  0.1655E+01  0.1472E+02
  -4.929  0.1654E+01  0.1474E+02
  -4.919  0.1653E+01  0.1476E+02
  -4.909  0.1652E+01  0.1477E+02
  -4.899  0.1652E+01  0.1479E+02
  -4.889  0.1651E+01  0.1481E+02
  -4.879  0.1650E+01  0.1482E+02
  -4.869  0.1649E+01  0.1484E+02
  -4.859  0.1647E+01  0.1486E+02
  -4.849  0.1646E+01  0.1487E+02
  -4.839  0.1644E+01  0.1489E+02
  -4.829  0.1643E+01  0.1491E+02
  -4.819  0.1641E+01  0.1492E+02
  -4.809  0.1639E+01  0.1494E+02
  -4.799  0.1637E+01  0.1495E+02
  -4.789  0.1635E+01  0.1497E+02
  -4.779  0.1632E+01  0.1499E+02
  -4.769  0.1629E+01  0.1500E+02
  -4.759  0.1627E+01  0.1502E+02
  -4.749  0.1624E+01  0.1504E+02
  -4.739  0.1621E+01  0.1505E+02
  -4.729  0.1617E+01  0.1507E+02
  -4.719  0.1614E+01  0.1508E+02
  -4.709  0.1610E+01  0.1510E+02
  -4.699  0.1606E+01  0.1512E+02
  -4.689  0.1602E+01  0.1513E+02
  -4.679  0.1598E+01  0.1515E+02
  -4.669  0.1594E+01  0.1516E+02
  -4.659  0.1589E+01  0.1518E+02
  -4.649  0.1585E+01  0.1520E+02
  -4.639  0.1580E+01  0.1521E+02
  -4.629  0.1575E+01  0.1523E+02
  -4.619  0.1570E+01  0.1524E+02
  -4.609  0.1565E+01  0.1526E+02
  -4.599  0.1560E+01  0.1527E+02
  -4.589  0.1555E+01  0.1529E+02
  -4.579  0.1550E+01  0.1531E+02
  -4.569  0.1545E+01  0.1532E+02
  -4.559  0.1540E+01  0.1534E+02
  -4.549  0.1535E+01  0.1535E+02
  -4.539  0.1529E+01  0.1537E+02
  -4.529  0.1524E+01  0.1538E+02
  -4.519  0.1519E+01  0.1540E+02
  -4.509  0.1514E+01  0.1541E+02
  -4.499  0.1510E+01  0.1543E+02
  -4.489  0.1505E+01  0.1544E+02
  -4.479  0.1500E+01  0.1546E+02
  -4.469  0.1496E+01  0.1547E+02
  -4.459  0.1491E+01  0.1549E+02
  -4.449  0.1487E+01  0.1550E+02
  -4.439  0.1483E+01  0.1552E+02
  -4.429  0.1480E+01  0.1553E+02
  -4.419  0.1476E+01  0.1555E+02
  -4.409  0.1473E+01  0.1556E+02
  -4.399  0.1470E+01  0.1558E+02
  -4.389  0.1468E+01  0.1559E+02
  -4.379  0.1465E+01  0.1561E+02
  -4.369  0.1463E+01  0.1562E+02
  -4.359  0.1462E+01  0.1564E+02
  -4.349  0.1460E+01  0.1565E+02
  -4.339  0.1459E+01  0.1566E+02
  -4.329  0.1459E+01  0.1568E+02
  -4.319  0.1459E+01  0.1569E+02
  -4.309  0.1459E+01  0.1571E+02
  -4.299  0.1460E+01  0.1572E+02
  -4.289  0.1461E+01  0.1574E+02
  -4.279  0.1462E+01  0.1575E+02
  -4.269  0.1464E+01  0.1577E+02
  -4.259  0.1466E+01  0.1578E+02
  -4.249  0.1469E+01  0.1580E+02
  -4.239  0.1473E+01  0.1581E+02
  -4.229  0.1476E+01  0.1583E+02
  -4.219  0.1481E+01  0.1584E+02
  -4.209  0.1485E+01  0.1586E+02
  -4.199  0.1491E+01  0.1587E+02
  -4.189  0.1496E+01  0.1588E+02
  -4.179  0.1503E+01  0.1590E+02
  -4.169  0.1509E+01  0.1592E+02
  -4.159  0.1517E+01  0.1593E+02
  -4.149  0.1524E+01  0.1595E+02
  -4.139  0.1532E+01  0.1596E+02
  -4.129  0.1541E+01  0.1598E+02
  -4.119  0.1550E+01  0.1599E+02
  -4.109  0.1560E+01  0.1601E+02
  -4.099  0.1570E+01  0.1602E+02
  -4.089  0.1581E+01  0.1604E+02
  -4.079  0.1592E+01  0.1605E+02
  -4.069  0.1604E+01  0.1607E+02
  -4.059  0.1616E+01  0.1609E+02
  -4.049  0.1628E+01  0.1610E+02
  -4.039  0.1641E+01  0.1612E+02
  -4.029  0.1655E+01  0.1614E+02
  -4.019  0.1669E+01  0.1615E+02
  -4.009  0.1683E+01  0.1617E+02
  -3.999  0.1698E+01  0.1619E+02
  -3.989  0.1713E+01  0.1620E+02
  -3.979  0.1729E+01  0.1622E+02
  -3.969  0.1745E+01  0.1624E+02
  -3.959  0.1761E+01  0.1626E+02
  -3.949  0.1778E+01  0.1627E+02
  -3.939  0.1796E+01  0.1629E+02
  -3.929  0.1814E+01  0.1631E+02
  -3.919  0.1832E+01  0.1633E+02
  -3.909  0.1850E+01  0.1635E+02
  -3.899  0.1869E+01  0.1637E+02
  -3.889  0.1889E+01  0.1638E+02
  -3.879  0.1909E+01  0.1640E+02
  -3.869  0.1929E+01  0.1642E+02
  -3.859  0.1949E+01  0.1644E+02
  -3.849  0.1970E+01  0.1646E+02
  -3.839  0.1992E+01  0.1648E+02
  -3.829  0.2013E+01  0.1650E+02
  -3.819  0.2035E+01  0.1652E+02
  -3.809  0.2058E+01  0.1654E+02
  -3.799  0.2081E+01  0.1656E+02
  -3.789  0.2104E+01  0.1658E+02
  -3.779  0.2127E+01  0.1661E+02
  -3.769  0.2151E+01  0.1663E+02
  -3.759  0.2176E+01  0.1665E+02
  -3.749  0.2200E+01  0.1667E+02
  -3.739  0.2225E+01  0.1669E+02
  -3.729  0.2251E+01  0.1672E+02
  -3.719  0.2277E+01  0.1674E+02
  -3.709  0.2303E+01  0.1676E+02
  -3.699  0.2329E+01  0.1679E+02
  -3.689  0.2356E+01  0.1681E+02
  -3.679  0.2384E+01  0.1683E+02
  -3.669  0.2411E+01  0.1686E+02
  -3.659  0.2440E+01  0.1688E+02
  -3.649  0.2468E+01  0.1691E+02
  -3.639  0.2497E+01  0.1693E+02
  -3.629  0.2526E+01  0.1696E+02
  -3.619  0.2556E+01  0.1698E+02
  -3.609  0.2586E+01  0.1701E+02
  -3.599  0.2616E+01  0.1703E+02
  -3.589  0.2647E+01  0.1706E+02
  -3.579  0.2679E+01  0.1709E+02
  -3.569  0.2710E+01  0.1711E+02
  -3.559  0.2742E+01  0.1714E+02
  -3.549  0.2775E+01  0.1717E+02
  -3.539  0.2808E+01  0.1720E+02
  -3.529  0.2841E+01  0.1723E+02
  -3.519  0.2875E+01  0.1725E+02
  -3.509  0.2909E+01  0.1728E+02
  -3.499  0.2943E+01  0.1731E+02
  -3.489  0.2978E+01  0.1734E+02
  -3.479  0.3013E+01  0.1737E+02
  -3.469  0.3048E+01  0.1740E+02
  -3.459  0.3084E+01  0.1743E+02
  -3.449  0.3120E+01  0.1747E+02
  -3.439  0.3157E+01  0.1750E+02
  -3.429  0.3194E+01  0.1753E+02
  -3.419  0.3231E+01  0.1756E+02
  -3.409  0.3268E+01  0.1759E+02
  -3.399  0.3306E+01  0.1763E+02
  -3.389  0.3344E+01  0.1766E+02
  -3.379  0.3382E+01  0.1769E+02
  -3.369  0.3420E+01  0.1773E+02
  -3.359  0.3459E+01  0.1776E+02
  -3.349  0.3498E+01  0.1780E+02
  -3.339  0.3537E+01  0.1783E+02
  -3.329  0.3576E+01  0.1787E+02
  -3.319  0.3615E+01  0.1791E+02
  -3.309  0.3654E+01  0.1794E+02
  -3.299  0.3694E+01  0.1798E+02
  -3.289  0.3733E+01  0.1802E+02
  -3.279  0.3773E+01  0.1805E+02
  -3.269  0.3812E+01  0.1809E+02
  -3.259  0.3851E+01  0.1813E+02
  -3.249  0.3891E+01  0.1817E+02
  -3.239  0.3930E+01  0.1821E+02
  -3.229  0.3969E+01  0.1825E+02
  -3.219  0.4008E+01  0.1829E+02
  -3.209  0.4047E+01  0.1833E+02
  -3.199  0.4085E+01  0.1837E+02
  -3.189  0.4123E+01  0.1841E+02
  -3.179  0.4161E+01  0.1845E+02
  -3.169  0.4199E+01  0.1849E+02
  -3.159  0.4236E+01  0.1854E+02
  -3.149  0.4272E+01  0.1858E+02
  -3.139  0.4309E+01  0.1862E+02
  -3.129  0.4344E+01  0.1867E+02
  -3.119  0.4380E+01  0.1871E+02
  -3.109  0.4414E+01  0.1875E+02
  -3.099  0.4448E+01  0.1880E+02
  -3.089  0.4482E+01  0.1884E+02
  -3.079  0.4514E+01  0.1889E+02
  -3.069  0.4546E+01  0.1893E+02
  -3.059  0.4578E+01  0.1898E+02
  -3.049  0.4608E+01  0.1903E+02
  -3.039  0.4638E+01  0.1907E+02
  -3.029  0.4667E+01  0.1912E+02
  -3.019  0.4694E+01  0.1917E+02
  -3.009  0.4721E+01  0.1921E+02
  -2.999  0.4747E+01  0.1926E+02
  -2.989  0.4772E+01  0.1931E+02
  -2.979  0.4796E+01  0.1936E+02
  -2.969  0.4819E+01  0.1940E+02
  -2.959  0.4841E+01  0.1945E+02
  -2.949  0.4861E+01  0.1950E+02
  -2.939  0.4881E+01  0.1955E+02
  -2.929  0.4899E+01  0.1960E+02
  -2.919  0.4917E+01  0.1965E+02
  -2.909  0.4932E+01  0.1970E+02
  -2.899  0.4947E+01  0.1975E+02
  -2.889  0.4961E+01  0.1980E+02
  -2.879  0.4973E+01  0.1985E+02
  -2.869  0.4984E+01  0.1990E+02
  -2.859  0.4993E+01  0.1995E+02
  -2.849  0.5001E+01  0.2000E+02
  -2.839  0.5008E+01  0.2005E+02
  -2.829  0.5014E+01  0.2010E+02
  -2.819  0.5018E+01  0.2015E+02
  -2.809  0.5021E+01  0.2020E+02
  -2.799  0.5022E+01  0.2025E+02
  -2.789  0.5022E+01  0.2030E+02
  -2.779  0.5021E+01  0.2035E+02
  -2.769  0.5018E+01  0.2040E+02
  -2.759  0.5014E+01  0.2045E+02
  -2.749  0.5008E+01  0.2050E+02
  -2.739  0.5001E+01  0.2055E+02
  -2.729  0.4993E+01  0.2060E+02
  -2.719  0.4983E+01  0.2065E+02
  -2.709  0.4972E+01  0.2070E+02
  -2.699  0.4960E+01  0.2075E+02
  -2.689  0.4946E+01  0.2080E+02
  -2.679  0.4931E+01  0.2085E+02
  -2.669  0.4914E+01  0.2089E+02
  -2.659  0.4896E+01  0.2094E+02
  -2.649  0.4877E+01  0.2099E+02
  -2.639  0.4857E+01  0.2104E+02
  -2.629  0.4835E+01  0.2109E+02
  -2.619  0.4812E+01  0.2114E+02
  -2.609  0.4788E+01  0.2119E+02
  -2.599  0.4763E+01  0.2123E+02
  -2.589  0.4736E+01  0.2128E+02
  -2.579  0.4709E+01  0.2133E+02
  -2.569  0.4680E+01  0.2137E+02
  -2.559  0.4650E+01  0.2142E+02
  -2.549  0.4619E+01  0.2147E+02
  -2.539  0.4587E+01  0.2151E+02
  -2.529  0.4554E+01  0.2156E+02
  -2.519  0.4520E+01  0.2160E+02
  -2.509  0.4485E+01  0.2165E+02
  -2.499  0.4449E+01  0.2169E+02
  -2.489  0.4412E+01  0.2174E+02
  -2.479  0.4374E+01  0.2178E+02
  -2.469  0.4335E+01  0.2182E+02
  -2.459  0.4296E+01  0.2187E+02
  -2.449  0.4256E+01  0.2191E+02
  -2.439  0.4214E+01  0.2195E+02
  -2.429  0.4173E+01  0.2199E+02
  -2.419  0.4130E+01  0.2203E+02
  -2.409  0.4087E+01  0.2208E+02
  -2.399  0.4043E+01  0.2212E+02
  -2.389  0.3999E+01  0.2216E+02
  -2.379  0.3954E+01  0.2220E+02
  -2.369  0.3908E+01  0.2223E+02
  -2.359  0.3862E+01  0.2227E+02
  -2.349  0.3816E+01  0.2231E+02
  -2.339  0.3769E+01  0.2235E+02
  -2.329  0.3721E+01  0.2239E+02
  -2.319  0.3674E+01  0.2242E+02
  -2.309  0.3625E+01  0.2246E+02
  -2.299  0.3577E+01  0.2250E+02
  -2.289  0.3528E+01  0.2253E+02
  -2.279  0.3479E+01  0.2257E+02
  -2.269  0.3430E+01  0.2260E+02
  -2.259  0.3380E+01  0.2263E+02
  -2.249  0.3331E+01  0.2267E+02
  -2.239  0.3281E+01  0.2270E+02
  -2.229  0.3231E+01  0.2273E+02
  -2.219  0.3181E+01  0.2276E+02
  -2.209  0.3131E+01  0.2280E+02
  -2.199  0.3081E+01  0.2283E+02
  -2.189  0.3031E+01  0.2286E+02
  -2.179  0.2981E+01  0.2289E+02
  -2.169  0.2931E+01  0.2292E+02
  -2.159  0.2881E+01  0.2294E+02
  -2.149  0.2831E+01  0.2297E+02
  -2.139  0.2781E+01  0.2300E+02
  -2.129  0.2731E+01  0.2303E+02
  -2.119  0.2682E+01  0.2305E+02
  -2.109  0.2632E+01  0.2308E+02
  -2.099  0.2583E+01  0.2311E+02
  -2.089  0.2534E+01  0.2313E+02
  -2.079  0.2486E+01  0.2316E+02
  -2.069  0.2437E+01  0.2318E+02
  -2.059  0.2389E+01  0.2320E+02
  -2.049  0.2342E+01  0.2323E+02
  -2.039  0.2294E+01  0.2325E+02
  -2.029  0.2247E+01  0.2327E+02
  -2.019  0.2201E+01  0.2330E+02
  -2.009  0.2154E+01  0.2332E+02
  -1.999  0.2109E+01  0.2334E+02
  -1.989  0.2063E+01  0.2336E+02
  -1.979  0.2018E+01  0.2338E+02
  -1.969  0.1974E+01  0.2340E+02
  -1.959  0.1930E+01  0.2342E+02
  -1.949  0.1886E+01  0.2344E+02
  -1.939  0.1844E+01  0.2346E+02
  -1.929  0.1801E+01  0.2347E+02
  -1.919  0.1759E+01  0.2349E+02
  -1.909  0.1718E+01  0.2351E+02
  -1.899  0.1677E+01  0.2353E+02
  -1.889  0.1637E+01  0.2354E+02
  -1.879  0.1598E+01  0.2356E+02
  -1.869  0.1559E+01  0.2357E+02
  -1.859  0.1521E+01  0.2359E+02
  -1.849  0.1484E+01  0.2360E+02
  -1.839  0.1447E+01  0.2362E+02
  -1.829  0.1411E+01  0.2363E+02
  -1.819  0.1376E+01  0.2365E+02
  -1.809  0.1341E+01  0.2366E+02
  -1.799  0.1307E+01  0.2367E+02
  -1.789  0.1274E+01  0.2368E+02
  -1.779  0.1241E+01  0.2370E+02
  -1.769  0.1210E+01  0.2371E+02
  -1.759  0.1179E+01  0.2372E+02
  -1.749  0.1149E+01  0.2373E+02
  -1.739  0.1120E+01  0.2374E+02
  -1.729  0.1091E+01  0.2375E+02
  -1.719  0.1064E+01  0.2377E+02
  -1.709  0.1037E+01  0.2378E+02
  -1.699  0.1011E+01  0.2379E+02
  -1.689  0.9864E+00  0.2380E+02
  -1.679  0.9623E+00  0.2381E+02
  -1.669  0.9391E+00  0.2381E+02
  -1.659  0.9169E+00  0.2382E+02
  -1.649  0.8955E+00  0.2383E+02
  -1.639  0.8750E+00  0.2384E+02
  -1.629  0.8555E+00  0.2385E+02
  -1.619  0.8370E+00  0.2386E+02
  -1.609  0.8194E+00  0.2387E+02
  -1.599  0.8027E+00  0.2387E+02
  -1.589  0.7871E+00  0.2388E+02
  -1.579  0.7724E+00  0.2389E+02
  -1.569  0.7587E+00  0.2390E+02
  -1.559  0.7460E+00  0.2391E+02
  -1.549  0.7343E+00  0.2391E+02
  -1.539  0.7237E+00  0.2392E+02
  -1.529  0.7141E+00  0.2393E+02
  -1.519  0.7055E+00  0.2393E+02
  -1.509  0.6980E+00  0.2394E+02
  -1.499  0.6915E+00  0.2395E+02
  -1.489  0.6861E+00  0.2395E+02
  -1.479  0.6818E+00  0.2396E+02
  -1.469  0.6786E+00  0.2397E+02
  -1.459  0.6764E+00  0.2398E+02
  -1.449  0.6754E+00  0.2398E+02
  -1.439  0.6755E+00  0.2399E+02
  -1.429  0.6766E+00  0.2400E+02
  -1.419  0.6789E+00  0.2400E+02
  -1.409  0.6824E+00  0.2401E+02
  -1.399  0.6869E+00  0.2402E+02
  -1.389  0.6926E+00  0.2402E+02
  -1.379  0.6995E+00  0.2403E+02
  -1.369  0.7075E+00  0.2404E+02
  -1.359  0.7167E+00  0.2404E+02
  -1.349  0.7270E+00  0.2405E+02
  -1.339  0.7385E+00  0.2406E+02
  -1.329  0.7512E+00  0.2407E+02
  -1.319  0.7650E+00  0.2407E+02
  -1.309  0.7801E+00  0.2408E+02
  -1.299  0.7963E+00  0.2409E+02
  -1.289  0.8137E+00  0.2410E+02
  -1.279  0.8323E+00  0.2411E+02
  -1.269  0.8521E+00  0.2411E+02
  -1.259  0.8730E+00  0.2412E+02
  -1.249  0.8952E+00  0.2413E+02
  -1.239  0.9185E+00  0.2414E+02
  -1.229  0.9431E+00  0.2415E+02
  -1.219  0.9688E+00  0.2416E+02
  -1.209  0.9957E+00  0.2417E+02
  -1.199  0.1024E+01  0.2418E+02
  -1.189  0.1053E+01  0.2419E+02
  -1.179  0.1083E+01  0.2420E+02
  -1.169  0.1115E+01  0.2421E+02
  -1.159  0.1148E+01  0.2422E+02
  -1.149  0.1182E+01  0.2424E+02
  -1.139  0.1217E+01  0.2425E+02
  -1.129  0.1253E+01  0.2426E+02
  -1.119  0.1290E+01  0.2427E+02
  -1.109  0.1328E+01  0.2429E+02
  -1.099  0.1368E+01  0.2430E+02
  -1.089  0.1409E+01  0.2432E+02
  -1.079  0.1450E+01  0.2433E+02
  -1.069  0.1493E+01  0.2434E+02
  -1.059  0.1537E+01  0.2436E+02
  -1.049  0.1581E+01  0.2438E+02
  -1.039  0.1627E+01  0.2439E+02
  -1.029  0.1674E+01  0.2441E+02
  -1.019  0.1721E+01  0.2443E+02
  -1.009  0.1770E+01  0.2444E+02
  -0.999  0.1820E+01  0.2446E+02
  -0.989  0.1870E+01  0.2448E+02
  -0.979  0.1921E+01  0.2450E+02
  -0.969  0.1973E+01  0.2452E+02
  -0.959  0.2026E+01  0.2454E+02
  -0.949  0.2080E+01  0.2456E+02
  -0.939  0.2135E+01  0.2458E+02
  -0.929  0.2190E+01  0.2460E+02
  -0.919  0.2246E+01  0.2463E+02
  -0.909  0.2302E+01  0.2465E+02
  -0.899  0.2360E+01  0.2467E+02
  -0.889  0.2417E+01  0.2470E+02
  -0.879  0.2476E+01  0.2472E+02
  -0.869  0.2535E+01  0.2475E+02
  -0.859  0.2594E+01  0.2477E+02
  -0.849  0.2654E+01  0.2480E+02
  -0.839  0.2714E+01  0.2483E+02
  -0.829  0.2775E+01  0.2485E+02
  -0.819  0.2836E+01  0.2488E+02
  -0.809  0.2897E+01  0.2491E+02
  -0.799  0.2959E+01  0.2494E+02
  -0.789  0.3021E+01  0.2497E+02
  -0.779  0.3083E+01  0.2500E+02
  -0.769  0.3145E+01  0.2503E+02
  -0.759  0.3208E+01  0.2507E+02
  -0.749  0.3270E+01  0.2510E+02
  -0.739  0.3333E+01  0.2513E+02
  -0.729  0.3395E+01  0.2517E+02
  -0.719  0.3458E+01  0.2520E+02
  -0.709  0.3520E+01  0.2524E+02
  -0.699  0.3583E+01  0.2527E+02
  -0.689  0.3645E+01  0.2531E+02
  -0.679  0.3707E+01  0.2535E+02
  -0.669  0.3768E+01  0.2538E+02
  -0.659  0.3830E+01  0.2542E+02
  -0.649  0.3891E+01  0.2546E+02
  -0.639  0.3952E+01  0.2550E+02
  -0.629  0.4013E+01  0.2554E+02
  -0.619  0.4073E+01  0.2558E+02
  -0.609  0.4133E+01  0.2562E+02
  -0.599  0.4192E+01  0.2566E+02
  -0.589  0.4251E+01  0.2571E+02
  -0.579  0.4309E+01  0.2575E+02
  -0.569  0.4367E+01  0.2579E+02
  -0.559  0.4424E+01  0.2584E+02
  -0.549  0.4481E+01  0.2588E+02
  -0.539  0.4537E+01  0.2593E+02
  -0.529  0.4592E+01  0.2597E+02
  -0.519  0.4646E+01  0.2602E+02
  -0.509  0.4700E+01  0.2607E+02
  -0.499  0.4754E+01  0.2611E+02
  -0.489  0.4806E+01  0.2616E+02
  -0.479  0.4858E+01  0.2621E+02
  -0.469  0.4909E+01  0.2626E+02
  -0.459  0.4959E+01  0.2631E+02
  -0.449  0.5008E+01  0.2636E+02
  -0.439  0.5057E+01  0.2641E+02
  -0.429  0.5105E+01  0.2646E+02
  -0.419  0.5152E+01  0.2651E+02
  -0.409  0.5198E+01  0.2656E+02
  -0.399  0.5243E+01  0.2662E+02
  -0.389  0.5288E+01  0.2667E+02
  -0.379  0.5331E+01  0.2672E+02
  -0.369  0.5374E+01  0.2678E+02
  -0.359  0.5416E+01  0.2683E+02
  -0.349  0.5457E+01  0.2689E+02
  -0.339  0.5497E+01  0.2694E+02
  -0.329  0.5536E+01  0.2700E+02
  -0.319  0.5575E+01  0.2705E+02
  -0.309  0.5612E+01  0.2711E+02
  -0.299  0.5649E+01  0.2716E+02
  -0.289  0.5685E+01  0.2722E+02
  -0.279  0.5720E+01  0.2728E+02
  -0.269  0.5755E+01  0.2734E+02
  -0.259  0.5788E+01  0.2739E+02
  -0.249  0.5821E+01  0.2745E+02
  -0.239  0.5853E+01  0.2751E+02
  -0.229  0.5884E+01  0.2757E+02
  -0.219  0.5915E+01  0.2763E+02
  -0.209  0.5944E+01  0.2769E+02
  -0.199  0.5973E+01  0.2775E+02
  -0.189  0.6002E+01  0.2781E+02
  -0.179  0.6029E+01  0.2787E+02
  -0.169  0.6056E+01  0.2793E+02
  -0.159  0.6083E+01  0.2799E+02
  -0.149  0.6108E+01  0.2805E+02
  -0.139  0.6133E+01  0.2811E+02
  -0.129  0.6158E+01  0.2817E+02
  -0.119  0.6182E+01  0.2824E+02
  -0.109  0.6205E+01  0.2830E+02
  -0.099  0.6228E+01  0.2836E+02
  -0.089  0.6250E+01  0.2842E+02
  -0.079  0.6272E+01  0.2849E+02
  -0.069  0.6293E+01  0.2855E+02
  -0.059  0.6314E+01  0.2861E+02
  -0.049  0.6334E+01  0.2867E+02
  -0.039  0.6354E+01  0.2874E+02
  -0.029  0.6374E+01  0.2880E+02
  -0.019  0.6393E+01  0.2887E+02
  -0.009  0.6412E+01  0.2893E+02
   0.001  0.6430E+01  0.2899E+02
   0.011  0.6448E+01  0.2906E+02
   0.021  0.6466E+01  0.2912E+02
   0.031  0.6483E+01  0.2919E+02
   0.041  0.6500E+01  0.2925E+02
   0.051  0.6517E+01  0.2932E+02
   0.061  0.6533E+01  0.2938E+02
   0.071  0.6550E+01  0.2945E+02
   0.081  0.6566E+01  0.2951E+02
   0.091  0.6581E+01  0.2958E+02
   0.101  0.6597E+01  0.2965E+02
   0.111  0.6612E+01  0.2971E+02
   0.121  0.6627E+01  0.2978E+02
   0.131  0.6642E+01  0.2985E+02
   0.141  0.6657E+01  0.2991E+02
   0.151  0.6672E+01  0.2998E+02
   0.161  0.6686E+01  0.3005E+02
   0.171  0.6700E+01  0.3011E+02
   0.181  0.6714E+01  0.3018E+02
   0.191  0.6728E+01  0.3025E+02
   0.201  0.6742E+01  0.3031E+02
   0.211  0.6756E+01  0.3038E+02
   0.221  0.6769E+01  0.3045E+02
   0.231  0.6783E+01  0.3052E+02
   0.241  0.6796E+01  0.3059E+02
   0.251  0.6809E+01  0.3065E+02
   0.261  0.6822E+01  0.3072E+02
   0.271  0.6835E+01  0.3079E+02
   0.281  0.6848E+01  0.3086E+02
   0.291  0.6860E+01  0.3093E+02
   0.301  0.6873E+01  0.3100E+02
   0.311  0.6885E+01  0.3106E+02
   0.321  0.6898E+01  0.3113E+02
   0.331  0.6910E+01  0.3120E+02
   0.341  0.6922E+01  0.3127E+02
   0.351  0.6934E+01  0.3134E+02
   0.361  0.6946E+01  0.3141E+02
   0.371  0.6958E+01  0.3148E+02
   0.381  0.6970E+01  0.3155E+02
   0.391  0.6981E+01  0.3162E+02
   0.401  0.6993E+01  0.3169E+02
   0.411  0.7004E+01  0.3176E+02
   0.421  0.7015E+01  0.3183E+02
   0.431  0.7026E+01  0.3190E+02
   0.441  0.7037E+01  0.3197E+02
   0.451  0.7048E+01  0.3204E+02
   0.461  0.7059E+01  0.3211E+02
   0.471  0.7070E+01  0.3218E+02
   0.481  0.7080E+01  0.3225E+02
   0.491  0.7091E+01  0.3232E+02
   0.501  0.7101E+01  0.3240E+02
   0.511  0.7111E+01  0.3247E+02
   0.521  0.7122E+01  0.3254E+02
   0.531  0.7132E+01  0.3261E+02
   0.541  0.7142E+01  0.3268E+02
   0.551  0.7151E+01  0.3275E+02
   0.561  0.7161E+01  0.3282E+02
   0.571  0.7171E+01  0.3290E+02
   0.581  0.7180E+01  0.3297E+02
   0.591  0.7190E+01  0.3304E+02
   0.601  0.7199E+01  0.3311E+02
   0.611  0.7208E+01  0.3318E+02
   0.621  0.7218E+01  0.3326E+02
   0.631  0.7227E+01  0.3333E+02
   0.641  0.7236E+01  0.3340E+02
   0.651  0.7245E+01  0.3347E+02
   0.661  0.7254E+01  0.3354E+02
   0.671  0.7263E+01  0.3362E+02
   0.681  0.7272E+01  0.3369E+02
   0.691  0.7281E+01  0.3376E+02
   0.701  0.7289E+01  0.3384E+02
   0.711  0.7298E+01  0.3391E+02
   0.721  0.7307E+01  0.3398E+02
   0.731  0.7316E+01  0.3405E+02
   0.741  0.7324E+01  0.3413E+02
   0.751  0.7333E+01  0.3420E+02
   0.761  0.7342E+01  0.3427E+02
   0.771  0.7350E+01  0.3435E+02
   0.781  0.7359E+01  0.3442E+02
   0.791  0.7368E+01  0.3450E+02
   0.801  0.7377E+01  0.3457E+02
   0.811  0.7385E+01  0.3464E+02
   0.821  0.7394E+01  0.3472E+02
   0.831  0.7403E+01  0.3479E+02
   0.841  0.7412E+01  0.3487E+02
   0.851  0.7421E+01  0.3494E+02
   0.861  0.7430E+01  0.3501E+02
   0.871  0.7439E+01  0.3509E+02
   0.881  0.7448E+01  0.3516E+02
   0.891  0.7457E+01  0.3524E+02
   0.901  0.7466E+01  0.3531E+02
   0.911  0.7475E+01  0.3539E+02
   0.921  0.7485E+01  0.3546E+02
   0.931  0.7494E+01  0.3554E+02
   0.941  0.7504E+01  0.3561E+02
   0.951  0.7513E+01  0.3569E+02
   0.961  0.7523E+01  0.3576E+02
   0.971  0.7532E+01  0.3584E+02
   0.981  0.7542E+01  0.3591E+02
   0.991  0.7552E+01  0.3599E+02
   1.001  0.7561E+01  0.3606E+02
   1.011  0.7571E+01  0.3614E+02
   1.021  0.7581E+01  0.3622E+02
   1.031  0.7591E+01  0.3629E+02
   1.041  0.7601E+01  0.3637E+02
   1.051  0.7611E+01  0.3644E+02
   1.061  0.7621E+01  0.3652E+02
   1.071  0.7631E+01  0.3660E+02
   1.081  0.7641E+01  0.3667E+02
   1.091  0.7650E+01  0.3675E+02
   1.101  0.7660E+01  0.3683E+02
   1.111  0.7670E+01  0.3690E+02
   1.121  0.7680E+01  0.3698E+02
   1.131  0.7689E+01  0.3706E+02
   1.141  0.7699E+01  0.3713E+02
   1.151  0.7708E+01  0.3721E+02
   1.161  0.7718E+01  0.3729E+02
   1.171  0.7727E+01  0.3736E+02
   1.181  0.7736E+01  0.3744E+02
   1.191  0.7745E+01  0.3752E+02
   1.201  0.7754E+01  0.3760E+02
   1.211  0.7762E+01  0.3767E+02
   1.221  0.7770E+01  0.3775E+02
   1.231  0.7778E+01  0.3783E+02
   1.241  0.7786E+01  0.3791E+02
   1.251  0.7794E+01  0.3799E+02
   1.261  0.7801E+01  0.3806E+02
   1.271  0.7808E+01  0.3814E+02
   1.281  0.7814E+01  0.3822E+02
   1.291  0.7820E+01  0.3830E+02
   1.301  0.7826E+01  0.3838E+02
   1.311  0.7831E+01  0.3845E+02
   1.321  0.7836E+01  0.3853E+02
   1.331  0.7841E+01  0.3861E+02
   1.341  0.7845E+01  0.3869E+02
   1.351  0.7848E+01  0.3877E+02
   1.361  0.7851E+01  0.3885E+02
   1.371  0.7854E+01  0.3893E+02
   1.381  0.7856E+01  0.3900E+02
   1.391  0.7857E+01  0.3908E+02
   1.401  0.7858E+01  0.3916E+02
   1.411  0.7858E+01  0.3924E+02
   1.421  0.7858E+01  0.3932E+02
   1.431  0.7857E+01  0.3940E+02
   1.441  0.7855E+01  0.3948E+02
   1.451  0.7853E+01  0.3955E+02
   1.461  0.7850E+01  0.3963E+02
   1.471  0.7846E+01  0.3971E+02
   1.481  0.7842E+01  0.3979E+02
   1.491  0.7837E+01  0.3987E+02
   1.501  0.7831E+01  0.3995E+02
   1.511  0.7824E+01  0.4002E+02
   1.521  0.7817E+01  0.4010E+02
   1.531  0.7809E+01  0.4018E+02
   1.541  0.7800E+01  0.4026E+02
   1.551  0.7791E+01  0.4034E+02
   1.561  0.7780E+01  0.4041E+02
   1.571  0.7769E+01  0.4049E+02
   1.581  0.7757E+01  0.4057E+02
   1.591  0.7745E+01  0.4065E+02
   1.601  0.7731E+01  0.4072E+02
   1.611  0.7717E+01  0.4080E+02
   1.621  0.7702E+01  0.4088E+02
   1.631  0.7687E+01  0.4096E+02
   1.641  0.7670E+01  0.4103E+02
   1.651  0.7653E+01  0.4111E+02
   1.661  0.7635E+01  0.4118E+02
   1.671  0.7616E+01  0.4126E+02
   1.681  0.7596E+01  0.4134E+02
   1.691  0.7576E+01  0.4141E+02
   1.701  0.7555E+01  0.4149E+02
   1.711  0.7533E+01  0.4156E+02
   1.721  0.7511E+01  0.4164E+02
   1.731  0.7488E+01  0.4171E+02
   1.741  0.7464E+01  0.4179E+02
   1.751  0.7439E+01  0.4186E+02
   1.761  0.7414E+01  0.4194E+02
   1.771  0.7388E+01  0.4201E+02
   1.781  0.7361E+01  0.4208E+02
   1.791  0.7334E+01  0.4216E+02
   1.801  0.7306E+01  0.4223E+02
   1.811  0.7277E+01  0.4230E+02
   1.821  0.7248E+01  0.4238E+02
   1.831  0.7219E+01  0.4245E+02
   1.841  0.7188E+01  0.4252E+02
   1.851  0.7157E+01  0.4259E+02
   1.861  0.7126E+01  0.4266E+02
   1.871  0.7094E+01  0.4273E+02
   1.881  0.7061E+01  0.4280E+02
   1.891  0.7028E+01  0.4287E+02
   1.901  0.6995E+01  0.4294E+02
   1.911  0.6960E+01  0.4301E+02
   1.921  0.6926E+01  0.4308E+02
   1.931  0.6891E+01  0.4315E+02
   1.941  0.6855E+01  0.4322E+02
   1.951  0.6819E+01  0.4329E+02
   1.961  0.6783E+01  0.4336E+02
   1.971  0.6746E+01  0.4342E+02
   1.981  0.6708E+01  0.4349E+02
   1.991  0.6671E+01  0.4356E+02
   2.001  0.6632E+01  0.4362E+02
   2.011  0.6594E+01  0.4369E+02
   2.021  0.6555E+01  0.4376E+02
   2.031  0.6515E+01  0.4382E+02
   2.041  0.6475E+01  0.4389E+02
   2.051  0.6435E+01  0.4395E+02
   2.061  0.6394E+01  0.4401E+02
   2.071  0.6353E+01  0.4408E+02
   2.081  0.6312E+01  0.4414E+02
   2.091  0.6270E+01  0.4420E+02
   2.101  0.6227E+01  0.4427E+02
   2.111  0.6184E+01  0.4433E+02
   2.121  0.6141E+01  0.4439E+02
   2.131  0.6098E+01  0.4445E+02
   2.141  0.6054E+01  0.4451E+02
   2.151  0.6009E+01  0.4457E+02
   2.161  0.5965E+01  0.4463E+02
   2.171  0.5919E+01  0.4469E+02
   2.181  0.5874E+01  0.4475E+02
   2.191  0.5828E+01  0.4481E+02
   2.201  0.5781E+01  0.4486E+02
   2.211  0.5734E+01  0.4492E+02
   2.221  0.5687E+01  0.4498E+02
   2.231  0.5639E+01  0.4503E+02
   2.241  0.5591E+01  0.4509E+02
   2.251  0.5542E+01  0.4515E+02
   2.261  0.5493E+01  0.4520E+02
   2.271  0.5443E+01  0.4526E+02
   2.281  0.5393E+01  0.4531E+02
   2.291  0.5343E+01  0.4536E+02
   2.301  0.5292E+01  0.4542E+02
   2.311  0.5241E+01  0.4547E+02
   2.321  0.5189E+01  0.4552E+02
   2.331  0.5136E+01  0.4557E+02
   2.341  0.5084E+01  0.4562E+02
   2.351  0.5030E+01  0.4567E+02
   2.361  0.4977E+01  0.4572E+02
   2.371  0.4923E+01  0.4577E+02
   2.381  0.4868E+01  0.4582E+02
   2.391  0.4813E+01  0.4587E+02
   2.401  0.4757E+01  0.4592E+02
   2.411  0.4701E+01  0.4596E+02
   2.421  0.4645E+01  0.4601E+02
   2.431  0.4588E+01  0.4606E+02
   2.441  0.4531E+01  0.4610E+02
   2.451  0.4474E+01  0.4615E+02
   2.461  0.4416E+01  0.4619E+02
   2.471  0.4358E+01  0.4623E+02
   2.481  0.4299E+01  0.4628E+02
   2.491  0.4240E+01  0.4632E+02
   2.501  0.4181E+01  0.4636E+02
   2.511  0.4121E+01  0.4640E+02
   2.521  0.4061E+01  0.4644E+02
   2.531  0.4001E+01  0.4648E+02
   2.541  0.3940E+01  0.4652E+02
   2.551  0.3880E+01  0.4656E+02
   2.561  0.3819E+01  0.4660E+02
   2.571  0.3758E+01  0.4664E+02
   2.581  0.3696E+01  0.4667E+02
   2.591  0.3635E+01  0.4671E+02
   2.601  0.3574E+01  0.4675E+02
   2.611  0.3512E+01  0.4678E+02
   2.621  0.3450E+01  0.4681E+02
   2.631  0.3389E+01  0.4685E+02
   2.641  0.3327E+01  0.4688E+02
   2.651  0.3265E+01  0.4691E+02
   2.661  0.3203E+01  0.4695E+02
   2.671  0.3142E+01  0.4698E+02
   2.681  0.3080E+01  0.4701E+02
   2.691  0.3019E+01  0.4704E+02
   2.701  0.2958E+01  0.4707E+02
   2.711  0.2897E+01  0.4710E+02
   2.721  0.2836E+01  0.4713E+02
   2.731  0.2776E+01  0.4715E+02
   2.741  0.2715E+01  0.4718E+02
   2.751  0.2655E+01  0.4721E+02
   2.761  0.2596E+01  0.4723E+02
   2.771  0.2537E+01  0.4726E+02
   2.781  0.2478E+01  0.4728E+02
   2.791  0.2419E+01  0.4731E+02
   2.801  0.2361E+01  0.4733E+02
   2.811  0.2304E+01  0.4735E+02
   2.821  0.2247E+01  0.4738E+02
   2.831  0.2190E+01  0.4740E+02
   2.841  0.2134E+01  0.4742E+02
   2.851  0.2079E+01  0.4744E+02
   2.861  0.2024E+01  0.4746E+02
   2.871  0.1970E+01  0.4748E+02
   2.881  0.1917E+01  0.4750E+02
   2.891  0.1864E+01  0.4752E+02
   2.901  0.1812E+01  0.4754E+02
   2.911  0.1761E+01  0.4755E+02
   2.921  0.1710E+01  0.4757E+02
   2.931  0.1660E+01  0.4759E+02
   2.941  0.1611E+01  0.4760E+02
   2.951  0.1563E+01  0.4762E+02
   2.961  0.1515E+01  0.4763E+02
   2.971  0.1468E+01  0.4765E+02
   2.981  0.1423E+01  0.4766E+02
   2.991  0.1377E+01  0.4768E+02
   3.001  0.1333E+01  0.4769E+02
   3.011  0.1290E+01  0.4770E+02
   3.021  0.1247E+01  0.4772E+02
   3.031  0.1206E+01  0.4773E+02
   3.041  0.1165E+01  0.4774E+02
   3.051  0.1125E+01  0.4775E+02
   3.061  0.1086E+01  0.4776E+02
   3.071  0.1048E+01  0.4777E+02
   3.081  0.1010E+01  0.4778E+02
   3.091  0.9740E+00  0.4779E+02
   3.101  0.9384E+00  0.4780E+02
   3.111  0.9038E+00  0.4781E+02
   3.121  0.8700E+00  0.4782E+02
   3.131  0.8372E+00  0.4783E+02
   3.141  0.8051E+00  0.4784E+02
   3.151  0.7740E+00  0.4784E+02
   3.161  0.7437E+00  0.4785E+02
   3.171  0.7143E+00  0.4786E+02
   3.181  0.6857E+00  0.4787E+02
   3.191  0.6579E+00  0.4787E+02
   3.201  0.6310E+00  0.4788E+02
   3.211  0.6049E+00  0.4788E+02
   3.221  0.5796E+00  0.4789E+02
   3.231  0.5551E+00  0.4790E+02
   3.241  0.5313E+00  0.4790E+02
   3.251  0.5084E+00  0.4791E+02
   3.261  0.4862E+00  0.4791E+02
   3.271  0.4648E+00  0.4792E+02
   3.281  0.4440E+00  0.4792E+02
   3.291  0.4241E+00  0.4792E+02
   3.301  0.4048E+00  0.4793E+02
   3.311  0.3862E+00  0.4793E+02
   3.321  0.3683E+00  0.4794E+02
   3.331  0.3510E+00  0.4794E+02
   3.341  0.3344E+00  0.4794E+02
   3.351  0.3184E+00  0.4795E+02
   3.361  0.3031E+00  0.4795E+02
   3.371  0.2883E+00  0.4795E+02
   3.381  0.2741E+00  0.4795E+02
   3.391  0.2605E+00  0.4796E+02
   3.401  0.2475E+00  0.4796E+02
   3.411  0.2350E+00  0.4796E+02
   3.421  0.2230E+00  0.4796E+02
   3.431  0.2115E+00  0.4797E+02
   3.441  0.2005E+00  0.4797E+02
   3.451  0.1900E+00  0.4797E+02
   3.461  0.1800E+00  0.4797E+02
   3.471  0.1704E+00  0.4797E+02
   3.481  0.1612E+00  0.4798E+02
   3.491  0.1525E+00  0.4798E+02
   3.501  0.1441E+00  0.4798E+02
   3.511  0.1362E+00  0.4798E+02
   3.521  0.1286E+00  0.4798E+02
   3.531  0.1214E+00  0.4798E+02
   3.541  0.1145E+00  0.4798E+02
   3.551  0.1080E+00  0.4798E+02
   3.561  0.1018E+00  0.4799E+02
   3.571  0.9589E-01  0.4799E+02
   3.581  0.9028E-01  0.4799E+02
   3.591  0.8497E-01  0.4799E+02
   3.601  0.7992E-01  0.4799E+02
   3.611  0.7514E-01  0.4799E+02
   3.621  0.7061E-01  0.4799E+02
   3.631  0.6632E-01  0.4799E+02
   3.641  0.6226E-01  0.4799E+02
   3.651  0.5841E-01  0.4799E+02
   3.661  0.5478E-01  0.4799E+02
   3.671  0.5135E-01  0.4799E+02
   3.681  0.4811E-01  0.4799E+02
   3.691  0.4505E-01  0.4799E+02
   3.701  0.4217E-01  0.4799E+02
   3.711  0.3945E-01  0.4799E+02
   3.721  0.3688E-01  0.4800E+02
   3.731  0.3447E-01  0.4800E+02
   3.741  0.3220E-01  0.4800E+02
   3.751  0.3006E-01  0.4800E+02
   3.761  0.2805E-01  0.4800E+02
   3.771  0.2616E-01  0.4800E+02
   3.781  0.2439E-01  0.4800E+02
   3.791  0.2272E-01  0.4800E+02
   3.801  0.2116E-01  0.4800E+02
   3.811  0.1970E-01  0.4800E+02
   3.821  0.1833E-01  0.4800E+02
   3.831  0.1704E-01  0.4800E+02
   3.841  0.1584E-01  0.4800E+02
   3.851  0.1471E-01  0.4800E+02
   3.861  0.1366E-01  0.4800E+02
   3.871  0.1268E-01  0.4800E+02
   3.881  0.1176E-01  0.4800E+02
   3.891  0.1090E-01  0.4800E+02
   3.901  0.1010E-01  0.4800E+02
   3.911  0.9354E-02  0.4800E+02
   3.921  0.8659E-02  0.4800E+02
   3.931  0.8011E-02  0.4800E+02
   3.941  0.7408E-02  0.4800E+02
   3.951  0.6847E-02  0.4800E+02
   3.961  0.6325E-02  0.4800E+02
   3.971  0.5840E-02  0.4800E+02
   3.981  0.5390E-02  0.4800E+02
   3.991  0.4971E-02  0.4800E+02
   4.001  0.4583E-02  0.4800E+02
   4.011  0.4223E-02  0.4800E+02
   4.021  0.3889E-02  0.4800E+02
   4.031  0.3580E-02  0.4800E+02
   4.041  0.3294E-02  0.4800E+02
   4.051  0.3029E-02  0.4800E+02
   4.061  0.2784E-02  0.4800E+02
   4.071  0.2558E-02  0.4800E+02
   4.081  0.2348E-02  0.4800E+02
   4.091  0.2155E-02  0.4800E+02
   4.101  0.1977E-02  0.4800E+02
