#  E (eV)   dos(E)     Int dos(E) EFermi =   2.581 eV
 -17.384  0.2530E-04  0.2530E-06
 -17.374  0.3388E-04  0.5918E-06
 -17.364  0.4513E-04  0.1043E-05
 -17.354  0.5985E-04  0.1642E-05
 -17.344  0.7898E-04  0.2431E-05
 -17.334  0.1037E-03  0.3469E-05
 -17.324  0.1356E-03  0.4825E-05
 -17.314  0.1764E-03  0.6589E-05
 -17.304  0.2284E-03  0.8872E-05
 -17.294  0.2943E-03  0.1182E-04
 -17.284  0.3774E-03  0.1559E-04
 -17.274  0.4817E-03  0.2041E-04
 -17.264  0.6119E-03  0.2652E-04
 -17.254  0.7736E-03  0.3426E-04
 -17.244  0.9734E-03  0.4399E-04
 -17.234  0.1219E-02  0.5618E-04
 -17.224  0.1519E-02  0.7138E-04
 -17.214  0.1885E-02  0.9023E-04
 -17.204  0.2328E-02  0.1135E-03
 -17.194  0.2861E-02  0.1421E-03
 -17.184  0.3499E-02  0.1771E-03
 -17.174  0.4260E-02  0.2197E-03
 -17.164  0.5163E-02  0.2713E-03
 -17.154  0.6228E-02  0.3336E-03
 -17.144  0.7478E-02  0.4084E-03
 -17.134  0.8938E-02  0.4978E-03
 -17.124  0.1063E-01  0.6041E-03
 -17.114  0.1260E-01  0.7301E-03
 -17.104  0.1485E-01  0.8786E-03
 -17.094  0.1743E-01  0.1053E-02
 -17.084  0.2037E-01  0.1257E-02
 -17.074  0.2370E-01  0.1494E-02
 -17.064  0.2746E-01  0.1768E-02
 -17.054  0.3168E-01  0.2085E-02
 -17.044  0.3639E-01  0.2449E-02
 -17.034  0.4162E-01  0.2865E-02
 -17.024  0.4742E-01  0.3339E-02
 -17.014  0.5380E-01  0.3877E-02
 -17.004  0.6081E-01  0.4485E-02
 -16.994  0.6847E-01  0.5170E-02
 -16.984  0.7681E-01  0.5938E-02
 -16.974  0.8587E-01  0.6797E-02
 -16.964  0.9565E-01  0.7754E-02
 -16.954  0.1062E+00  0.8816E-02
 -16.944  0.1175E+00  0.9991E-02
 -16.934  0.1297E+00  0.1129E-01
 -16.924  0.1428E+00  0.1272E-01
 -16.914  0.1567E+00  0.1428E-01
 -16.904  0.1716E+00  0.1600E-01
 -16.894  0.1874E+00  0.1787E-01
 -16.884  0.2044E+00  0.1992E-01
 -16.874  0.2224E+00  0.2214E-01
 -16.864  0.2417E+00  0.2456E-01
 -16.854  0.2623E+00  0.2718E-01
 -16.844  0.2844E+00  0.3003E-01
 -16.834  0.3080E+00  0.3311E-01
 -16.824  0.3333E+00  0.3644E-01
 -16.814  0.3605E+00  0.4004E-01
 -16.804  0.3898E+00  0.4394E-01
 -16.794  0.4213E+00  0.4815E-01
 -16.784  0.4552E+00  0.5271E-01
 -16.774  0.4918E+00  0.5762E-01
 -16.764  0.5312E+00  0.6294E-01
 -16.754  0.5738E+00  0.6868E-01
 -16.744  0.6197E+00  0.7487E-01
 -16.734  0.6691E+00  0.8156E-01
 -16.724  0.7222E+00  0.8879E-01
 -16.714  0.7793E+00  0.9658E-01
 -16.704  0.8405E+00  0.1050E+00
 -16.694  0.9059E+00  0.1140E+00
 -16.684  0.9757E+00  0.1238E+00
 -16.674  0.1050E+01  0.1343E+00
 -16.664  0.1129E+01  0.1456E+00
 -16.654  0.1212E+01  0.1577E+00
 -16.644  0.1299E+01  0.1707E+00
 -16.634  0.1391E+01  0.1846E+00
 -16.624  0.1487E+01  0.1995E+00
 -16.614  0.1587E+01  0.2153E+00
 -16.604  0.1690E+01  0.2322E+00
 -16.594  0.1797E+01  0.2502E+00
 -16.584  0.1907E+01  0.2693E+00
 -16.574  0.2019E+01  0.2895E+00
 -16.564  0.2133E+01  0.3108E+00
 -16.554  0.2249E+01  0.3333E+00
 -16.544  0.2366E+01  0.3570E+00
 -16.534  0.2483E+01  0.3818E+00
 -16.524  0.2599E+01  0.4078E+00
 -16.514  0.2715E+01  0.4349E+00
 -16.504  0.2829E+01  0.4632E+00
 -16.494  0.2940E+01  0.4926E+00
 -16.484  0.3049E+01  0.5231E+00
 -16.474  0.3153E+01  0.5546E+00
 -16.464  0.3254E+01  0.5872E+00
 -16.454  0.3349E+01  0.6207E+00
 -16.444  0.3438E+01  0.6550E+00
 -16.434  0.3521E+01  0.6902E+00
 -16.424  0.3597E+01  0.7262E+00
 -16.414  0.3665E+01  0.7629E+00
 -16.404  0.3726E+01  0.8001E+00
 -16.394  0.3778E+01  0.8379E+00
 -16.384  0.3822E+01  0.8761E+00
 -16.374  0.3857E+01  0.9147E+00
 -16.364  0.3883E+01  0.9535E+00
 -16.354  0.3901E+01  0.9925E+00
 -16.344  0.3910E+01  0.1032E+01
 -16.334  0.3911E+01  0.1071E+01
 -16.324  0.3904E+01  0.1110E+01
 -16.314  0.3889E+01  0.1149E+01
 -16.304  0.3867E+01  0.1187E+01
 -16.294  0.3839E+01  0.1226E+01
 -16.284  0.3805E+01  0.1264E+01
 -16.274  0.3766E+01  0.1301E+01
 -16.264  0.3723E+01  0.1339E+01
 -16.254  0.3676E+01  0.1375E+01
 -16.244  0.3628E+01  0.1412E+01
 -16.234  0.3577E+01  0.1448E+01
 -16.224  0.3527E+01  0.1483E+01
 -16.214  0.3476E+01  0.1518E+01
 -16.204  0.3427E+01  0.1552E+01
 -16.194  0.3381E+01  0.1586E+01
 -16.184  0.3337E+01  0.1619E+01
 -16.174  0.3297E+01  0.1652E+01
 -16.164  0.3262E+01  0.1685E+01
 -16.154  0.3231E+01  0.1717E+01
 -16.144  0.3207E+01  0.1749E+01
 -16.134  0.3188E+01  0.1781E+01
 -16.124  0.3175E+01  0.1813E+01
 -16.114  0.3169E+01  0.1844E+01
 -16.104  0.3170E+01  0.1876E+01
 -16.094  0.3177E+01  0.1908E+01
 -16.084  0.3191E+01  0.1940E+01
 -16.074  0.3211E+01  0.1972E+01
 -16.064  0.3237E+01  0.2004E+01
 -16.054  0.3269E+01  0.2037E+01
 -16.044  0.3306E+01  0.2070E+01
 -16.034  0.3347E+01  0.2103E+01
 -16.024  0.3392E+01  0.2137E+01
 -16.014  0.3441E+01  0.2172E+01
 -16.004  0.3492E+01  0.2207E+01
 -15.994  0.3544E+01  0.2242E+01
 -15.984  0.3598E+01  0.2278E+01
 -15.974  0.3651E+01  0.2315E+01
 -15.964  0.3703E+01  0.2352E+01
 -15.954  0.3754E+01  0.2389E+01
 -15.944  0.3802E+01  0.2427E+01
 -15.934  0.3846E+01  0.2466E+01
 -15.924  0.3887E+01  0.2504E+01
 -15.914  0.3922E+01  0.2544E+01
 -15.904  0.3952E+01  0.2583E+01
 -15.894  0.3975E+01  0.2623E+01
 -15.884  0.3993E+01  0.2663E+01
 -15.874  0.4003E+01  0.2703E+01
 -15.864  0.4006E+01  0.2743E+01
 -15.854  0.4002E+01  0.2783E+01
 -15.844  0.3991E+01  0.2823E+01
 -15.834  0.3972E+01  0.2863E+01
 -15.824  0.3947E+01  0.2902E+01
 -15.814  0.3914E+01  0.2941E+01
 -15.804  0.3876E+01  0.2980E+01
 -15.794  0.3831E+01  0.3018E+01
 -15.784  0.3781E+01  0.3056E+01
 -15.774  0.3726E+01  0.3093E+01
 -15.764  0.3666E+01  0.3130E+01
 -15.754  0.3603E+01  0.3166E+01
 -15.744  0.3537E+01  0.3201E+01
 -15.734  0.3468E+01  0.3236E+01
 -15.724  0.3397E+01  0.3270E+01
 -15.714  0.3325E+01  0.3303E+01
 -15.704  0.3253E+01  0.3336E+01
 -15.694  0.3180E+01  0.3368E+01
 -15.684  0.3107E+01  0.3399E+01
 -15.674  0.3035E+01  0.3429E+01
 -15.664  0.2964E+01  0.3459E+01
 -15.654  0.2895E+01  0.3488E+01
 -15.644  0.2827E+01  0.3516E+01
 -15.634  0.2762E+01  0.3544E+01
 -15.624  0.2699E+01  0.3571E+01
 -15.614  0.2639E+01  0.3597E+01
 -15.604  0.2582E+01  0.3623E+01
 -15.594  0.2527E+01  0.3648E+01
 -15.584  0.2476E+01  0.3673E+01
 -15.574  0.2429E+01  0.3697E+01
 -15.564  0.2386E+01  0.3721E+01
 -15.554  0.2346E+01  0.3744E+01
 -15.544  0.2312E+01  0.3768E+01
 -15.534  0.2281E+01  0.3790E+01
 -15.524  0.2256E+01  0.3813E+01
 -15.514  0.2235E+01  0.3835E+01
 -15.504  0.2221E+01  0.3857E+01
 -15.494  0.2212E+01  0.3880E+01
 -15.484  0.2209E+01  0.3902E+01
 -15.474  0.2212E+01  0.3924E+01
 -15.464  0.2222E+01  0.3946E+01
 -15.454  0.2238E+01  0.3968E+01
 -15.444  0.2262E+01  0.3991E+01
 -15.434  0.2292E+01  0.4014E+01
 -15.424  0.2330E+01  0.4037E+01
 -15.414  0.2375E+01  0.4061E+01
 -15.404  0.2427E+01  0.4085E+01
 -15.394  0.2485E+01  0.4110E+01
 -15.384  0.2551E+01  0.4136E+01
 -15.374  0.2623E+01  0.4162E+01
 -15.364  0.2701E+01  0.4189E+01
 -15.354  0.2785E+01  0.4217E+01
 -15.344  0.2873E+01  0.4245E+01
 -15.334  0.2967E+01  0.4275E+01
 -15.324  0.3064E+01  0.4306E+01
 -15.314  0.3164E+01  0.4337E+01
 -15.304  0.3266E+01  0.4370E+01
 -15.294  0.3369E+01  0.4404E+01
 -15.284  0.3472E+01  0.4438E+01
 -15.274  0.3575E+01  0.4474E+01
 -15.264  0.3675E+01  0.4511E+01
 -15.254  0.3772E+01  0.4549E+01
 -15.244  0.3865E+01  0.4587E+01
 -15.234  0.3953E+01  0.4627E+01
 -15.224  0.4034E+01  0.4667E+01
 -15.214  0.4108E+01  0.4708E+01
 -15.204  0.4173E+01  0.4750E+01
 -15.194  0.4229E+01  0.4792E+01
 -15.184  0.4274E+01  0.4835E+01
 -15.174  0.4308E+01  0.4878E+01
 -15.164  0.4331E+01  0.4921E+01
 -15.154  0.4341E+01  0.4965E+01
 -15.144  0.4340E+01  0.5008E+01
 -15.134  0.4326E+01  0.5051E+01
 -15.124  0.4299E+01  0.5094E+01
 -15.114  0.4261E+01  0.5137E+01
 -15.104  0.4212E+01  0.5179E+01
 -15.094  0.4152E+01  0.5221E+01
 -15.084  0.4082E+01  0.5262E+01
 -15.074  0.4004E+01  0.5302E+01
 -15.064  0.3919E+01  0.5341E+01
 -15.054  0.3828E+01  0.5379E+01
 -15.044  0.3734E+01  0.5416E+01
 -15.034  0.3639E+01  0.5453E+01
 -15.024  0.3545E+01  0.5488E+01
 -15.014  0.3454E+01  0.5523E+01
 -15.004  0.3369E+01  0.5556E+01
 -14.994  0.3293E+01  0.5589E+01
 -14.984  0.3228E+01  0.5622E+01
 -14.974  0.3177E+01  0.5653E+01
 -14.964  0.3144E+01  0.5685E+01
 -14.954  0.3130E+01  0.5716E+01
 -14.944  0.3140E+01  0.5748E+01
 -14.934  0.3176E+01  0.5779E+01
 -14.924  0.3240E+01  0.5812E+01
 -14.914  0.3335E+01  0.5845E+01
 -14.904  0.3464E+01  0.5880E+01
 -14.894  0.3629E+01  0.5916E+01
 -14.884  0.3830E+01  0.5954E+01
 -14.874  0.4071E+01  0.5995E+01
 -14.864  0.4352E+01  0.6039E+01
 -14.854  0.4672E+01  0.6085E+01
 -14.844  0.5034E+01  0.6136E+01
 -14.834  0.5435E+01  0.6190E+01
 -14.824  0.5875E+01  0.6249E+01
 -14.814  0.6353E+01  0.6312E+01
 -14.804  0.6865E+01  0.6381E+01
 -14.794  0.7409E+01  0.6455E+01
 -14.784  0.7982E+01  0.6535E+01
 -14.774  0.8579E+01  0.6621E+01
 -14.764  0.9194E+01  0.6713E+01
 -14.754  0.9824E+01  0.6811E+01
 -14.744  0.1046E+02  0.6915E+01
 -14.734  0.1110E+02  0.7026E+01
 -14.724  0.1173E+02  0.7144E+01
 -14.714  0.1235E+02  0.7267E+01
 -14.704  0.1295E+02  0.7397E+01
 -14.694  0.1353E+02  0.7532E+01
 -14.684  0.1407E+02  0.7673E+01
 -14.674  0.1457E+02  0.7818E+01
 -14.664  0.1502E+02  0.7969E+01
 -14.654  0.1542E+02  0.8123E+01
 -14.644  0.1577E+02  0.8281E+01
 -14.634  0.1604E+02  0.8441E+01
 -14.624  0.1626E+02  0.8604E+01
 -14.614  0.1640E+02  0.8768E+01
 -14.604  0.1647E+02  0.8932E+01
 -14.594  0.1646E+02  0.9097E+01
 -14.584  0.1638E+02  0.9261E+01
 -14.574  0.1623E+02  0.9423E+01
 -14.564  0.1601E+02  0.9583E+01
 -14.554  0.1572E+02  0.9740E+01
 -14.544  0.1537E+02  0.9894E+01
 -14.534  0.1496E+02  0.1004E+02
 -14.524  0.1449E+02  0.1019E+02
 -14.514  0.1398E+02  0.1033E+02
 -14.504  0.1342E+02  0.1046E+02
 -14.494  0.1283E+02  0.1059E+02
 -14.484  0.1221E+02  0.1071E+02
 -14.474  0.1156E+02  0.1083E+02
 -14.464  0.1090E+02  0.1094E+02
 -14.454  0.1023E+02  0.1104E+02
 -14.444  0.9562E+01  0.1114E+02
 -14.434  0.8895E+01  0.1122E+02
 -14.424  0.8237E+01  0.1131E+02
 -14.414  0.7594E+01  0.1138E+02
 -14.404  0.6969E+01  0.1145E+02
 -14.394  0.6366E+01  0.1152E+02
 -14.384  0.5790E+01  0.1157E+02
 -14.374  0.5241E+01  0.1163E+02
 -14.364  0.4723E+01  0.1167E+02
 -14.354  0.4237E+01  0.1172E+02
 -14.344  0.3784E+01  0.1175E+02
 -14.334  0.3364E+01  0.1179E+02
 -14.324  0.2977E+01  0.1182E+02
 -14.314  0.2623E+01  0.1184E+02
 -14.304  0.2300E+01  0.1187E+02
 -14.294  0.2008E+01  0.1189E+02
 -14.284  0.1745E+01  0.1190E+02
 -14.274  0.1509E+01  0.1192E+02
 -14.264  0.1300E+01  0.1193E+02
 -14.254  0.1114E+01  0.1194E+02
 -14.244  0.9507E+00  0.1195E+02
 -14.234  0.8076E+00  0.1196E+02
 -14.224  0.6828E+00  0.1197E+02
 -14.214  0.5747E+00  0.1197E+02
 -14.204  0.4815E+00  0.1198E+02
 -14.194  0.4016E+00  0.1198E+02
 -14.184  0.3334E+00  0.1199E+02
 -14.174  0.2756E+00  0.1199E+02
 -14.164  0.2267E+00  0.1199E+02
 -14.154  0.1856E+00  0.1199E+02
 -14.144  0.1513E+00  0.1199E+02
 -14.134  0.1228E+00  0.1200E+02
 -14.124  0.9917E-01  0.1200E+02
 -14.114  0.7974E-01  0.1200E+02
 -14.104  0.6382E-01  0.1200E+02
 -14.094  0.5084E-01  0.1200E+02
 -14.084  0.4032E-01  0.1200E+02
 -14.074  0.3182E-01  0.1200E+02
 -14.064  0.2501E-01  0.1200E+02
 -14.054  0.1956E-01  0.1200E+02
 -14.044  0.1523E-01  0.1200E+02
 -14.034  0.1180E-01  0.1200E+02
 -14.024  0.9104E-02  0.1200E+02
 -14.014  0.6991E-02  0.1200E+02
 -14.004  0.5344E-02  0.1200E+02
 -13.994  0.4066E-02  0.1200E+02
 -13.984  0.3079E-02  0.1200E+02
 -13.974  0.2321E-02  0.1200E+02
 -13.964  0.1742E-02  0.1200E+02
 -13.954  0.1301E-02  0.1200E+02
 -13.944  0.9674E-03  0.1200E+02
 -13.934  0.7159E-03  0.1200E+02
 -13.924  0.5274E-03  0.1200E+02
 -13.914  0.3867E-03  0.1200E+02
 -13.904  0.2823E-03  0.1200E+02
 -13.894  0.2051E-03  0.1200E+02
 -13.884  0.1483E-03  0.1200E+02
 -13.874  0.1068E-03  0.1200E+02
 -13.864  0.7651E-04  0.1200E+02
 -13.854  0.5457E-04  0.1200E+02
 -13.844  0.3874E-04  0.1200E+02
 -13.834  0.2738E-04  0.1200E+02
 -13.824  0.1926E-04  0.1200E+02
 -13.814  0.1348E-04  0.1200E+02
 -13.804  0.9396E-05  0.1200E+02
 -13.794  0.6518E-05  0.1200E+02
 -13.784  0.4501E-05  0.1200E+02
 -13.774  0.3093E-05  0.1200E+02
 -13.764  0.2116E-05  0.1200E+02
 -13.754  0.1441E-05  0.1200E+02
 -13.744  0.9768E-06  0.1200E+02
 -13.734  0.6591E-06  0.1200E+02
 -13.724  0.4426E-06  0.1200E+02
 -13.714  0.2959E-06  0.1200E+02
 -13.704  0.1969E-06  0.1200E+02
 -13.694  0.1304E-06  0.1200E+02
 -13.684  0.8595E-07  0.1200E+02
 -13.674  0.5640E-07  0.1200E+02
 -13.664  0.3684E-07  0.1200E+02
 -13.654  0.2395E-07  0.1200E+02
 -13.644  0.1550E-07  0.1200E+02
 -13.634  0.9981E-08  0.1200E+02
 -13.624  0.6399E-08  0.1200E+02
 -13.614  0.4084E-08  0.1200E+02
 -13.604  0.2594E-08  0.1200E+02
 -13.594  0.1640E-08  0.1200E+02
 -13.584  0.1032E-08  0.1200E+02
 -13.574  0.6465E-09  0.1200E+02
 -13.564  0.4031E-09  0.1200E+02
 -13.554  0.2502E-09  0.1200E+02
 -13.544  0.1545E-09  0.1200E+02
 -13.534  0.9502E-10  0.1200E+02
 -13.524  0.5815E-10  0.1200E+02
 -13.514  0.3543E-10  0.1200E+02
 -13.504  0.2148E-10  0.1200E+02
 -13.494  0.1296E-10  0.1200E+02
 -13.484  0.7788E-11  0.1200E+02
 -13.474  0.4657E-11  0.1200E+02
 -13.464  0.2771E-11  0.1200E+02
 -13.454  0.1642E-11  0.1200E+02
 -13.444  0.9681E-12  0.1200E+02
 -13.434  0.5682E-12  0.1200E+02
 -13.424  0.3319E-12  0.1200E+02
 -13.414  0.1930E-12  0.1200E+02
 -13.404  0.1117E-12  0.1200E+02
 -13.394  0.6435E-13  0.1200E+02
 -13.384  0.3690E-13  0.1200E+02
 -13.374  0.2106E-13  0.1200E+02
 -13.364  0.1196E-13  0.1200E+02
 -13.354  0.6764E-14  0.1200E+02
 -13.344  0.3807E-14  0.1200E+02
 -13.334  0.2133E-14  0.1200E+02
 -13.324  0.1189E-14  0.1200E+02
 -13.314  0.6599E-15  0.1200E+02
 -13.304  0.3646E-15  0.1200E+02
 -13.294  0.2004E-15  0.1200E+02
 -13.284  0.1097E-15  0.1200E+02
 -13.274  0.5975E-16  0.1200E+02
 -13.264  0.3240E-16  0.1200E+02
 -13.254  0.1748E-16  0.1200E+02
 -13.244  0.9391E-17  0.1200E+02
 -13.234  0.5021E-17  0.1200E+02
 -13.224  0.2672E-17  0.1200E+02
 -13.214  0.1415E-17  0.1200E+02
 -13.204  0.7460E-18  0.1200E+02
 -13.194  0.3915E-18  0.1200E+02
 -13.184  0.2045E-18  0.1200E+02
 -13.174  0.1063E-18  0.1200E+02
 -13.164  0.5499E-19  0.1200E+02
 -13.154  0.2832E-19  0.1200E+02
 -13.144  0.1452E-19  0.1200E+02
 -13.134  0.7407E-20  0.1200E+02
 -13.124  0.3762E-20  0.1200E+02
 -13.114  0.1901E-20  0.1200E+02
 -13.104  0.9565E-21  0.1200E+02
 -13.094  0.4790E-21  0.1200E+02
 -13.084  0.2387E-21  0.1200E+02
 -13.074  0.1184E-21  0.1200E+02
 -13.064  0.5847E-22  0.1200E+02
 -13.054  0.2873E-22  0.1200E+02
 -13.044  0.1405E-22  0.1200E+02
 -13.034  0.6842E-23  0.1200E+02
 -13.024  0.3316E-23  0.1200E+02
 -13.014  0.1599E-23  0.1200E+02
 -13.004  0.7676E-24  0.1200E+02
 -12.994  0.3668E-24  0.1200E+02
 -12.984  0.1744E-24  0.1200E+02
 -12.974  0.8256E-25  0.1200E+02
 -12.964  0.3889E-25  0.1200E+02
 -12.954  0.1824E-25  0.1200E+02
 -12.944  0.8512E-26  0.1200E+02
 -12.934  0.3954E-26  0.1200E+02
 -12.924  0.1828E-26  0.1200E+02
 -12.914  0.8412E-27  0.1200E+02
 -12.904  0.3853E-27  0.1200E+02
 -12.894  0.1756E-27  0.1200E+02
 -12.884  0.7968E-28  0.1200E+02
 -12.874  0.3598E-28  0.1200E+02
 -12.864  0.1617E-28  0.1200E+02
 -12.854  0.7235E-29  0.1200E+02
 -12.844  0.3222E-29  0.1200E+02
 -12.834  0.1428E-29  0.1200E+02
 -12.824  0.6297E-30  0.1200E+02
 -12.814  0.2764E-30  0.1200E+02
 -12.804  0.1208E-30  0.1200E+02
 -12.794  0.5253E-31  0.1200E+02
 -12.784  0.2274E-31  0.1200E+02
 -12.774  0.9795E-32  0.1200E+02
 -12.764  0.4200E-32  0.1200E+02
 -12.754  0.1792E-32  0.1200E+02
 -12.744  0.7613E-33  0.1200E+02
 -12.734  0.3218E-33  0.1200E+02
 -12.724  0.1354E-33  0.1200E+02
 -12.714  0.5671E-34  0.1200E+02
 -12.704  0.2364E-34  0.1200E+02
 -12.694  0.9805E-35  0.1200E+02
 -12.684  0.4048E-35  0.1200E+02
 -12.674  0.1664E-35  0.1200E+02
 -12.664  0.6804E-36  0.1200E+02
 -12.654  0.2770E-36  0.1200E+02
 -12.644  0.1122E-36  0.1200E+02
 -12.634  0.4525E-37  0.1200E+02
 -12.624  0.1816E-37  0.1200E+02
 -12.614  0.7254E-38  0.1200E+02
 -12.604  0.2884E-38  0.1200E+02
 -12.594  0.1141E-38  0.1200E+02
 -12.584  0.4494E-39  0.1200E+02
 -12.574  0.1761E-39  0.1200E+02
 -12.564  0.6870E-40  0.1200E+02
 -12.554  0.2667E-40  0.1200E+02
 -12.544  0.1031E-40  0.1200E+02
 -12.534  0.3964E-41  0.1200E+02
 -12.524  0.1517E-41  0.1200E+02
 -12.514  0.5781E-42  0.1200E+02
 -12.504  0.2192E-42  0.1200E+02
 -12.494  0.8271E-43  0.1200E+02
 -12.484  0.3106E-43  0.1200E+02
 -12.474  0.1161E-43  0.1200E+02
 -12.464  0.4320E-44  0.1200E+02
 -12.454  0.1600E-44  0.1200E+02
 -12.444  0.5895E-45  0.1200E+02
 -12.434  0.2162E-45  0.1200E+02
 -12.424  0.7892E-46  0.1200E+02
 -12.414  0.2867E-46  0.1200E+02
 -12.404  0.1037E-46  0.1200E+02
 -12.394  0.3731E-47  0.1200E+02
 -12.384  0.1336E-47  0.1200E+02
 -12.374  0.4764E-48  0.1200E+02
 -12.364  0.1690E-48  0.1200E+02
 -12.354  0.5968E-49  0.1200E+02
 -12.344  0.2097E-49  0.1200E+02
 -12.334  0.7336E-50  0.1200E+02
 -12.324  0.2553E-50  0.1200E+02
 -12.314  0.8847E-51  0.1200E+02
 -12.304  0.3050E-51  0.1200E+02
 -12.294  0.1047E-51  0.1200E+02
 -12.284  0.3575E-52  0.1200E+02
 -12.274  0.1215E-52  0.1200E+02
 -12.264  0.4111E-53  0.1200E+02
 -12.254  0.1384E-53  0.1200E+02
 -12.244  0.4639E-54  0.1200E+02
 -12.234  0.1547E-54  0.1200E+02
 -12.224  0.5135E-55  0.1200E+02
 -12.214  0.1696E-55  0.1200E+02
 -12.204  0.5577E-56  0.1200E+02
 -12.194  0.1825E-56  0.1200E+02
 -12.184  0.5943E-57  0.1200E+02
 -12.174  0.1926E-57  0.1200E+02
 -12.164  0.6214E-58  0.1200E+02
 -12.154  0.1995E-58  0.1200E+02
 -12.144  0.6374E-59  0.1200E+02
 -12.134  0.2027E-59  0.1200E+02
 -12.124  0.6415E-60  0.1200E+02
 -12.114  0.2020E-60  0.1200E+02
 -12.104  0.6334E-61  0.1200E+02
 -12.094  0.1976E-61  0.1200E+02
 -12.084  0.6136E-62  0.1200E+02
 -12.074  0.1896E-62  0.1200E+02
 -12.064  0.5832E-63  0.1200E+02
 -12.054  0.1785E-63  0.1200E+02
 -12.044  0.5438E-64  0.1200E+02
 -12.034  0.1649E-64  0.1200E+02
 -12.024  0.4975E-65  0.1200E+02
 -12.014  0.1494E-65  0.1200E+02
 -12.004  0.4465E-66  0.1200E+02
 -11.994  0.1328E-66  0.1200E+02
 -11.984  0.3932E-67  0.1200E+02
 -11.974  0.1158E-67  0.1200E+02
 -11.964  0.3397E-68  0.1200E+02
 -11.954  0.9913E-69  0.1200E+02
 -11.944  0.2879E-69  0.1200E+02
 -11.934  0.8322E-70  0.1200E+02
 -11.924  0.2394E-70  0.1200E+02
 -11.914  0.6854E-71  0.1200E+02
 -11.904  0.1953E-71  0.1200E+02
 -11.894  0.5538E-72  0.1200E+02
 -11.884  0.1563E-72  0.1200E+02
 -11.874  0.4391E-73  0.1200E+02
 -11.864  0.1227E-73  0.1200E+02
 -11.854  0.3415E-74  0.1200E+02
 -11.844  0.9455E-75  0.1200E+02
 -11.834  0.2605E-75  0.1200E+02
 -11.824  0.7146E-76  0.1200E+02
 -11.814  0.1950E-76  0.1200E+02
 -11.804  0.5298E-77  0.1200E+02
 -11.794  0.1432E-77  0.1200E+02
 -11.784  0.3854E-78  0.1200E+02
 -11.774  0.1032E-78  0.1200E+02
 -11.764  0.2750E-79  0.1200E+02
 -11.754  0.7294E-80  0.1200E+02
 -11.744  0.1926E-80  0.1200E+02
 -11.734  0.5060E-81  0.1200E+02
 -11.724  0.1324E-81  0.1200E+02
 -11.714  0.3458E-82  0.1200E+02
 -11.704  0.9081E-83  0.1200E+02
 -11.694  0.2470E-83  0.1200E+02
 -11.684  0.7650E-84  0.1200E+02
 -11.674  0.3289E-84  0.1200E+02
 -11.664  0.2193E-84  0.1200E+02
 -11.654  0.1920E-84  0.1200E+02
 -11.644  0.1853E-84  0.1200E+02
 -11.634  0.1836E-84  0.1200E+02
 -11.624  0.1836E-84  0.1200E+02
 -11.614  0.1836E-84  0.1200E+02
 -11.604  0.1836E-84  0.1200E+02
 -11.594  0.1836E-84  0.1200E+02
 -11.584  0.1836E-84  0.1200E+02
 -11.574  0.1836E-84  0.1200E+02
 -11.564  0.1836E-84  0.1200E+02
 -11.554  0.1836E-84  0.1200E+02
 -11.544  0.1836E-84  0.1200E+02
 -11.534  0.1836E-84  0.1200E+02
 -11.524  0.1836E-84  0.1200E+02
 -11.514  0.1836E-84  0.1200E+02
 -11.504  0.1836E-84  0.1200E+02
 -11.494  0.1836E-84  0.1200E+02
 -11.484  0.1836E-84  0.1200E+02
 -11.474  0.1836E-84  0.1200E+02
 -11.464  0.1836E-84  0.1200E+02
 -11.454  0.1836E-84  0.1200E+02
 -11.444  0.1836E-84  0.1200E+02
 -11.434  0.1836E-84  0.1200E+02
 -11.424  0.1836E-84  0.1200E+02
 -11.414  0.1836E-84  0.1200E+02
 -11.404  0.1836E-84  0.1200E+02
 -11.394  0.1836E-84  0.1200E+02
 -11.384  0.1836E-84  0.1200E+02
 -11.374  0.1836E-84  0.1200E+02
 -11.364  0.1836E-84  0.1200E+02
 -11.354  0.1836E-84  0.1200E+02
 -11.344  0.1836E-84  0.1200E+02
 -11.334  0.1836E-84  0.1200E+02
 -11.324  0.1836E-84  0.1200E+02
 -11.314  0.1836E-84  0.1200E+02
 -11.304  0.1836E-84  0.1200E+02
 -11.294  0.1836E-84  0.1200E+02
 -11.284  0.1836E-84  0.1200E+02
 -11.274  0.1836E-84  0.1200E+02
 -11.264  0.1836E-84  0.1200E+02
 -11.254  0.1836E-84  0.1200E+02
 -11.244  0.1836E-84  0.1200E+02
 -11.234  0.1836E-84  0.1200E+02
 -11.224  0.1836E-84  0.1200E+02
 -11.214  0.1836E-84  0.1200E+02
 -11.204  0.1836E-84  0.1200E+02
 -11.194  0.1836E-84  0.1200E+02
 -11.184  0.1836E-84  0.1200E+02
 -11.174  0.1836E-84  0.1200E+02
 -11.164  0.1836E-84  0.1200E+02
 -11.154  0.1836E-84  0.1200E+02
 -11.144  0.1836E-84  0.1200E+02
 -11.134  0.1836E-84  0.1200E+02
 -11.124  0.1836E-84  0.1200E+02
 -11.114  0.1836E-84  0.1200E+02
 -11.104  0.1836E-84  0.1200E+02
 -11.094  0.1836E-84  0.1200E+02
 -11.084  0.1836E-84  0.1200E+02
 -11.074  0.1836E-84  0.1200E+02
 -11.064  0.1836E-84  0.1200E+02
 -11.054  0.1836E-84  0.1200E+02
 -11.044  0.1836E-84  0.1200E+02
 -11.034  0.1836E-84  0.1200E+02
 -11.024  0.1836E-84  0.1200E+02
 -11.014  0.1836E-84  0.1200E+02
 -11.004  0.1836E-84  0.1200E+02
 -10.994  0.1836E-84  0.1200E+02
 -10.984  0.1836E-84  0.1200E+02
 -10.974  0.1836E-84  0.1200E+02
 -10.964  0.1836E-84  0.1200E+02
 -10.954  0.1836E-84  0.1200E+02
 -10.944  0.1836E-84  0.1200E+02
 -10.934  0.1836E-84  0.1200E+02
 -10.924  0.1836E-84  0.1200E+02
 -10.914  0.1836E-84  0.1200E+02
 -10.904  0.1836E-84  0.1200E+02
 -10.894  0.1836E-84  0.1200E+02
 -10.884  0.1836E-84  0.1200E+02
 -10.874  0.1836E-84  0.1200E+02
 -10.864  0.1836E-84  0.1200E+02
 -10.854  0.1836E-84  0.1200E+02
 -10.844  0.1836E-84  0.1200E+02
 -10.834  0.1836E-84  0.1200E+02
 -10.824  0.1836E-84  0.1200E+02
 -10.814  0.1836E-84  0.1200E+02
 -10.804  0.1836E-84  0.1200E+02
 -10.794  0.1836E-84  0.1200E+02
 -10.784  0.1836E-84  0.1200E+02
 -10.774  0.1836E-84  0.1200E+02
 -10.764  0.1836E-84  0.1200E+02
 -10.754  0.1836E-84  0.1200E+02
 -10.744  0.1836E-84  0.1200E+02
 -10.734  0.1836E-84  0.1200E+02
 -10.724  0.1836E-84  0.1200E+02
 -10.714  0.1836E-84  0.1200E+02
 -10.704  0.1836E-84  0.1200E+02
 -10.694  0.1836E-84  0.1200E+02
 -10.684  0.1836E-84  0.1200E+02
 -10.674  0.1836E-84  0.1200E+02
 -10.664  0.1836E-84  0.1200E+02
 -10.654  0.1836E-84  0.1200E+02
 -10.644  0.1836E-84  0.1200E+02
 -10.634  0.1836E-84  0.1200E+02
 -10.624  0.1836E-84  0.1200E+02
 -10.614  0.1836E-84  0.1200E+02
 -10.604  0.1836E-84  0.1200E+02
 -10.594  0.1836E-84  0.1200E+02
 -10.584  0.1836E-84  0.1200E+02
 -10.574  0.1836E-84  0.1200E+02
 -10.564  0.1836E-84  0.1200E+02
 -10.554  0.1836E-84  0.1200E+02
 -10.544  0.1836E-84  0.1200E+02
 -10.534  0.1836E-84  0.1200E+02
 -10.524  0.1836E-84  0.1200E+02
 -10.514  0.1836E-84  0.1200E+02
 -10.504  0.1836E-84  0.1200E+02
 -10.494  0.1836E-84  0.1200E+02
 -10.484  0.1836E-84  0.1200E+02
 -10.474  0.1836E-84  0.1200E+02
 -10.464  0.1836E-84  0.1200E+02
 -10.454  0.1836E-84  0.1200E+02
 -10.444  0.1836E-84  0.1200E+02
 -10.434  0.1836E-84  0.1200E+02
 -10.424  0.1836E-84  0.1200E+02
 -10.414  0.1836E-84  0.1200E+02
 -10.404  0.1836E-84  0.1200E+02
 -10.394  0.1836E-84  0.1200E+02
 -10.384  0.1836E-84  0.1200E+02
 -10.374  0.1836E-84  0.1200E+02
 -10.364  0.1836E-84  0.1200E+02
 -10.354  0.1836E-84  0.1200E+02
 -10.344  0.1836E-84  0.1200E+02
 -10.334  0.1836E-84  0.1200E+02
 -10.324  0.1836E-84  0.1200E+02
 -10.314  0.1836E-84  0.1200E+02
 -10.304  0.1836E-84  0.1200E+02
 -10.294  0.1836E-84  0.1200E+02
 -10.284  0.1836E-84  0.1200E+02
 -10.274  0.1836E-84  0.1200E+02
 -10.264  0.1836E-84  0.1200E+02
 -10.254  0.1836E-84  0.1200E+02
 -10.244  0.1836E-84  0.1200E+02
 -10.234  0.1836E-84  0.1200E+02
 -10.224  0.1836E-84  0.1200E+02
 -10.214  0.1836E-84  0.1200E+02
 -10.204  0.1836E-84  0.1200E+02
 -10.194  0.1836E-84  0.1200E+02
 -10.184  0.1836E-84  0.1200E+02
 -10.174  0.1836E-84  0.1200E+02
 -10.164  0.1836E-84  0.1200E+02
 -10.154  0.1836E-84  0.1200E+02
 -10.144  0.1836E-84  0.1200E+02
 -10.134  0.1836E-84  0.1200E+02
 -10.124  0.1836E-84  0.1200E+02
 -10.114  0.1836E-84  0.1200E+02
 -10.104  0.1836E-84  0.1200E+02
 -10.094  0.1836E-84  0.1200E+02
 -10.084  0.1836E-84  0.1200E+02
 -10.074  0.1836E-84  0.1200E+02
 -10.064  0.1836E-84  0.1200E+02
 -10.054  0.1836E-84  0.1200E+02
 -10.044  0.1836E-84  0.1200E+02
 -10.034  0.1836E-84  0.1200E+02
 -10.024  0.1836E-84  0.1200E+02
 -10.014  0.1836E-84  0.1200E+02
 -10.004  0.1836E-84  0.1200E+02
  -9.994  0.1836E-84  0.1200E+02
  -9.984  0.1836E-84  0.1200E+02
  -9.974  0.1836E-84  0.1200E+02
  -9.964  0.1836E-84  0.1200E+02
  -9.954  0.1836E-84  0.1200E+02
  -9.944  0.1836E-84  0.1200E+02
  -9.934  0.1836E-84  0.1200E+02
  -9.924  0.1836E-84  0.1200E+02
  -9.914  0.1836E-84  0.1200E+02
  -9.904  0.1836E-84  0.1200E+02
  -9.894  0.1836E-84  0.1200E+02
  -9.884  0.1836E-84  0.1200E+02
  -9.874  0.1836E-84  0.1200E+02
  -9.864  0.1836E-84  0.1200E+02
  -9.854  0.1836E-84  0.1200E+02
  -9.844  0.1836E-84  0.1200E+02
  -9.834  0.1836E-84  0.1200E+02
  -9.824  0.1836E-84  0.1200E+02
  -9.814  0.1836E-84  0.1200E+02
  -9.804  0.1836E-84  0.1200E+02
  -9.794  0.1836E-84  0.1200E+02
  -9.784  0.1836E-84  0.1200E+02
  -9.774  0.1836E-84  0.1200E+02
  -9.764  0.1836E-84  0.1200E+02
  -9.754  0.1836E-84  0.1200E+02
  -9.744  0.1836E-84  0.1200E+02
  -9.734  0.1836E-84  0.1200E+02
  -9.724  0.1836E-84  0.1200E+02
  -9.714  0.1836E-84  0.1200E+02
  -9.704  0.1836E-84  0.1200E+02
  -9.694  0.1836E-84  0.1200E+02
  -9.684  0.1836E-84  0.1200E+02
  -9.674  0.1836E-84  0.1200E+02
  -9.664  0.1836E-84  0.1200E+02
  -9.654  0.1836E-84  0.1200E+02
  -9.644  0.1836E-84  0.1200E+02
  -9.634  0.1836E-84  0.1200E+02
  -9.624  0.1836E-84  0.1200E+02
  -9.614  0.1836E-84  0.1200E+02
  -9.604  0.1836E-84  0.1200E+02
  -9.594  0.1836E-84  0.1200E+02
  -9.584  0.1836E-84  0.1200E+02
  -9.574  0.1836E-84  0.1200E+02
  -9.564  0.1836E-84  0.1200E+02
  -9.554  0.1836E-84  0.1200E+02
  -9.544  0.1836E-84  0.1200E+02
  -9.534  0.1836E-84  0.1200E+02
  -9.524  0.1846E-84  0.1200E+02
  -9.514  0.1893E-84  0.1200E+02
  -9.504  0.2077E-84  0.1200E+02
  -9.494  0.2801E-84  0.1200E+02
  -9.484  0.5632E-84  0.1200E+02
  -9.474  0.1665E-83  0.1200E+02
  -9.464  0.5935E-83  0.1200E+02
  -9.454  0.2240E-82  0.1200E+02
  -9.444  0.8557E-82  0.1200E+02
  -9.434  0.3268E-81  0.1200E+02
  -9.424  0.1243E-80  0.1200E+02
  -9.414  0.4710E-80  0.1200E+02
  -9.404  0.1776E-79  0.1200E+02
  -9.394  0.6663E-79  0.1200E+02
  -9.384  0.2488E-78  0.1200E+02
  -9.374  0.9247E-78  0.1200E+02
  -9.364  0.3420E-77  0.1200E+02
  -9.354  0.1259E-76  0.1200E+02
  -9.344  0.4611E-76  0.1200E+02
  -9.334  0.1681E-75  0.1200E+02
  -9.324  0.6100E-75  0.1200E+02
  -9.314  0.2203E-74  0.1200E+02
  -9.304  0.7915E-74  0.1200E+02
  -9.294  0.2831E-73  0.1200E+02
  -9.284  0.1007E-72  0.1200E+02
  -9.274  0.3569E-72  0.1200E+02
  -9.264  0.1258E-71  0.1200E+02
  -9.254  0.4413E-71  0.1200E+02
  -9.244  0.1541E-70  0.1200E+02
  -9.234  0.5354E-70  0.1200E+02
  -9.224  0.1852E-69  0.1200E+02
  -9.214  0.6372E-69  0.1200E+02
  -9.204  0.2183E-68  0.1200E+02
  -9.194  0.7439E-68  0.1200E+02
  -9.184  0.2524E-67  0.1200E+02
  -9.174  0.8520E-67  0.1200E+02
  -9.164  0.2863E-66  0.1200E+02
  -9.154  0.9572E-66  0.1200E+02
  -9.144  0.3185E-65  0.1200E+02
  -9.134  0.1055E-64  0.1200E+02
  -9.124  0.3477E-64  0.1200E+02
  -9.114  0.1141E-63  0.1200E+02
  -9.104  0.3723E-63  0.1200E+02
  -9.094  0.1210E-62  0.1200E+02
  -9.084  0.3911E-62  0.1200E+02
  -9.074  0.1259E-61  0.1200E+02
  -9.064  0.4030E-61  0.1200E+02
  -9.054  0.1284E-60  0.1200E+02
  -9.044  0.4074E-60  0.1200E+02
  -9.034  0.1286E-59  0.1200E+02
  -9.024  0.4040E-59  0.1200E+02
  -9.014  0.1263E-58  0.1200E+02
  -9.004  0.3930E-58  0.1200E+02
  -8.994  0.1217E-57  0.1200E+02
  -8.984  0.3750E-57  0.1200E+02
  -8.974  0.1150E-56  0.1200E+02
  -8.964  0.3510E-56  0.1200E+02
  -8.954  0.1066E-55  0.1200E+02
  -8.944  0.3224E-55  0.1200E+02
  -8.934  0.9698E-55  0.1200E+02
  -8.924  0.2904E-54  0.1200E+02
  -8.914  0.8653E-54  0.1200E+02
  -8.904  0.2566E-53  0.1200E+02
  -8.894  0.7573E-53  0.1200E+02
  -8.884  0.2224E-52  0.1200E+02
  -8.874  0.6502E-52  0.1200E+02
  -8.864  0.1892E-51  0.1200E+02
  -8.854  0.5477E-51  0.1200E+02
  -8.844  0.1578E-50  0.1200E+02
  -8.834  0.4525E-50  0.1200E+02
  -8.824  0.1291E-49  0.1200E+02
  -8.814  0.3667E-49  0.1200E+02
  -8.804  0.1037E-48  0.1200E+02
  -8.794  0.2916E-48  0.1200E+02
  -8.784  0.8163E-48  0.1200E+02
  -8.774  0.2274E-47  0.1200E+02
  -8.764  0.6306E-47  0.1200E+02
  -8.754  0.1740E-46  0.1200E+02
  -8.744  0.4779E-46  0.1200E+02
  -8.734  0.1306E-45  0.1200E+02
  -8.724  0.3553E-45  0.1200E+02
  -8.714  0.9617E-45  0.1200E+02
  -8.704  0.2591E-44  0.1200E+02
  -8.694  0.6946E-44  0.1200E+02
  -8.684  0.1853E-43  0.1200E+02
  -8.674  0.4922E-43  0.1200E+02
  -8.664  0.1301E-42  0.1200E+02
  -8.654  0.3421E-42  0.1200E+02
  -8.644  0.8954E-42  0.1200E+02
  -8.634  0.2332E-41  0.1200E+02
  -8.624  0.6047E-41  0.1200E+02
  -8.614  0.1560E-40  0.1200E+02
  -8.604  0.4006E-40  0.1200E+02
  -8.594  0.1024E-39  0.1200E+02
  -8.584  0.2603E-39  0.1200E+02
  -8.574  0.6589E-39  0.1200E+02
  -8.564  0.1660E-38  0.1200E+02
  -8.554  0.4160E-38  0.1200E+02
  -8.544  0.1038E-37  0.1200E+02
  -8.534  0.2577E-37  0.1200E+02
  -8.524  0.6368E-37  0.1200E+02
  -8.514  0.1566E-36  0.1200E+02
  -8.504  0.3832E-36  0.1200E+02
  -8.494  0.9333E-36  0.1200E+02
  -8.484  0.2262E-35  0.1200E+02
  -8.474  0.5457E-35  0.1200E+02
  -8.464  0.1310E-34  0.1200E+02
  -8.454  0.3130E-34  0.1200E+02
  -8.444  0.7444E-34  0.1200E+02
  -8.434  0.1761E-33  0.1200E+02
  -8.424  0.4148E-33  0.1200E+02
  -8.414  0.9723E-33  0.1200E+02
  -8.404  0.2268E-32  0.1200E+02
  -8.394  0.5265E-32  0.1200E+02
  -8.384  0.1216E-31  0.1200E+02
  -8.374  0.2797E-31  0.1200E+02
  -8.364  0.6399E-31  0.1200E+02
  -8.354  0.1457E-30  0.1200E+02
  -8.344  0.3303E-30  0.1200E+02
  -8.334  0.7449E-30  0.1200E+02
  -8.324  0.1672E-29  0.1200E+02
  -8.314  0.3735E-29  0.1200E+02
  -8.304  0.8304E-29  0.1200E+02
  -8.294  0.1837E-28  0.1200E+02
  -8.284  0.4046E-28  0.1200E+02
  -8.274  0.8866E-28  0.1200E+02
  -8.264  0.1934E-27  0.1200E+02
  -8.254  0.4197E-27  0.1200E+02
  -8.244  0.9065E-27  0.1200E+02
  -8.234  0.1949E-26  0.1200E+02
  -8.224  0.4169E-26  0.1200E+02
  -8.214  0.8877E-26  0.1200E+02
  -8.204  0.1881E-25  0.1200E+02
  -8.194  0.3967E-25  0.1200E+02
  -8.184  0.8325E-25  0.1200E+02
  -8.174  0.1739E-24  0.1200E+02
  -8.164  0.3614E-24  0.1200E+02
  -8.154  0.7477E-24  0.1200E+02
  -8.144  0.1539E-23  0.1200E+02
  -8.134  0.3154E-23  0.1200E+02
  -8.124  0.6432E-23  0.1200E+02
  -8.114  0.1305E-22  0.1200E+02
  -8.104  0.2636E-22  0.1200E+02
  -8.094  0.5298E-22  0.1200E+02
  -8.084  0.1060E-21  0.1200E+02
  -8.074  0.2110E-21  0.1200E+02
  -8.064  0.4180E-21  0.1200E+02
  -8.054  0.8242E-21  0.1200E+02
  -8.044  0.1617E-20  0.1200E+02
  -8.034  0.3159E-20  0.1200E+02
  -8.024  0.6139E-20  0.1200E+02
  -8.014  0.1187E-19  0.1200E+02
  -8.004  0.2286E-19  0.1200E+02
  -7.994  0.4379E-19  0.1200E+02
  -7.984  0.8348E-19  0.1200E+02
  -7.974  0.1584E-18  0.1200E+02
  -7.964  0.2991E-18  0.1200E+02
  -7.954  0.5621E-18  0.1200E+02
  -7.944  0.1051E-17  0.1200E+02
  -7.934  0.1957E-17  0.1200E+02
  -7.924  0.3625E-17  0.1200E+02
  -7.914  0.6682E-17  0.1200E+02
  -7.904  0.1226E-16  0.1200E+02
  -7.894  0.2239E-16  0.1200E+02
  -7.884  0.4068E-16  0.1200E+02
  -7.874  0.7356E-16  0.1200E+02
  -7.864  0.1324E-15  0.1200E+02
  -7.854  0.2372E-15  0.1200E+02
  -7.844  0.4227E-15  0.1200E+02
  -7.834  0.7500E-15  0.1200E+02
  -7.824  0.1324E-14  0.1200E+02
  -7.814  0.2327E-14  0.1200E+02
  -7.804  0.4068E-14  0.1200E+02
  -7.794  0.7080E-14  0.1200E+02
  -7.784  0.1226E-13  0.1200E+02
  -7.774  0.2114E-13  0.1200E+02
  -7.764  0.3626E-13  0.1200E+02
  -7.754  0.6190E-13  0.1200E+02
  -7.744  0.1052E-12  0.1200E+02
  -7.734  0.1778E-12  0.1200E+02
  -7.724  0.2993E-12  0.1200E+02
  -7.714  0.5012E-12  0.1200E+02
  -7.704  0.8353E-12  0.1200E+02
  -7.694  0.1386E-11  0.1200E+02
  -7.684  0.2287E-11  0.1200E+02
  -7.674  0.3757E-11  0.1200E+02
  -7.664  0.6143E-11  0.1200E+02
  -7.654  0.9996E-11  0.1200E+02
  -7.644  0.1619E-10  0.1200E+02
  -7.634  0.2609E-10  0.1200E+02
  -7.624  0.4184E-10  0.1200E+02
  -7.614  0.6679E-10  0.1200E+02
  -7.604  0.1061E-09  0.1200E+02
  -7.594  0.1677E-09  0.1200E+02
  -7.584  0.2639E-09  0.1200E+02
  -7.574  0.4132E-09  0.1200E+02
  -7.564  0.6440E-09  0.1200E+02
  -7.554  0.9987E-09  0.1200E+02
  -7.544  0.1541E-08  0.1200E+02
  -7.534  0.2368E-08  0.1200E+02
  -7.524  0.3620E-08  0.1200E+02
  -7.514  0.5507E-08  0.1200E+02
  -7.504  0.8337E-08  0.1200E+02
  -7.494  0.1256E-07  0.1200E+02
  -7.484  0.1884E-07  0.1200E+02
  -7.474  0.2812E-07  0.1200E+02
  -7.464  0.4176E-07  0.1200E+02
  -7.454  0.6173E-07  0.1200E+02
  -7.444  0.9081E-07  0.1200E+02
  -7.434  0.1329E-06  0.1200E+02
  -7.424  0.1937E-06  0.1200E+02
  -7.414  0.2809E-06  0.1200E+02
  -7.404  0.4053E-06  0.1200E+02
  -7.394  0.5821E-06  0.1200E+02
  -7.384  0.8321E-06  0.1200E+02
  -7.374  0.1184E-05  0.1200E+02
  -7.364  0.1676E-05  0.1200E+02
  -7.354  0.2361E-05  0.1200E+02
  -7.344  0.3310E-05  0.1200E+02
  -7.334  0.4618E-05  0.1200E+02
  -7.324  0.6414E-05  0.1200E+02
  -7.314  0.8864E-05  0.1200E+02
  -7.304  0.1219E-04  0.1200E+02
  -7.294  0.1669E-04  0.1200E+02
  -7.284  0.2273E-04  0.1200E+02
  -7.274  0.3082E-04  0.1200E+02
  -7.264  0.4159E-04  0.1200E+02
  -7.254  0.5585E-04  0.1200E+02
  -7.244  0.7463E-04  0.1200E+02
  -7.234  0.9926E-04  0.1200E+02
  -7.224  0.1314E-03  0.1200E+02
  -7.214  0.1731E-03  0.1200E+02
  -7.204  0.2269E-03  0.1200E+02
  -7.194  0.2960E-03  0.1200E+02
  -7.184  0.3843E-03  0.1200E+02
  -7.174  0.4966E-03  0.1200E+02
  -7.164  0.6387E-03  0.1200E+02
  -7.154  0.8174E-03  0.1200E+02
  -7.144  0.1041E-02  0.1200E+02
  -7.134  0.1320E-02  0.1200E+02
  -7.124  0.1665E-02  0.1200E+02
  -7.114  0.2090E-02  0.1200E+02
  -7.104  0.2612E-02  0.1200E+02
  -7.094  0.3248E-02  0.1200E+02
  -7.084  0.4019E-02  0.1200E+02
  -7.074  0.4950E-02  0.1200E+02
  -7.064  0.6068E-02  0.1200E+02
  -7.054  0.7401E-02  0.1200E+02
  -7.044  0.8985E-02  0.1200E+02
  -7.034  0.1086E-01  0.1200E+02
  -7.024  0.1305E-01  0.1200E+02
  -7.014  0.1562E-01  0.1200E+02
  -7.004  0.1860E-01  0.1200E+02
  -6.994  0.2205E-01  0.1200E+02
  -6.984  0.2601E-01  0.1200E+02
  -6.974  0.3053E-01  0.1200E+02
  -6.964  0.3566E-01  0.1200E+02
  -6.954  0.4146E-01  0.1200E+02
  -6.944  0.4798E-01  0.1200E+02
  -6.934  0.5525E-01  0.1200E+02
  -6.924  0.6332E-01  0.1200E+02
  -6.914  0.7221E-01  0.1200E+02
  -6.904  0.8197E-01  0.1201E+02
  -6.894  0.9259E-01  0.1201E+02
  -6.884  0.1041E+00  0.1201E+02
  -6.874  0.1165E+00  0.1201E+02
  -6.864  0.1297E+00  0.1201E+02
  -6.854  0.1437E+00  0.1201E+02
  -6.844  0.1585E+00  0.1201E+02
  -6.834  0.1740E+00  0.1202E+02
  -6.824  0.1900E+00  0.1202E+02
  -6.814  0.2065E+00  0.1202E+02
  -6.804  0.2235E+00  0.1202E+02
  -6.794  0.2406E+00  0.1202E+02
  -6.784  0.2578E+00  0.1203E+02
  -6.774  0.2749E+00  0.1203E+02
  -6.764  0.2918E+00  0.1203E+02
  -6.754  0.3082E+00  0.1203E+02
  -6.744  0.3239E+00  0.1204E+02
  -6.734  0.3388E+00  0.1204E+02
  -6.724  0.3528E+00  0.1205E+02
  -6.714  0.3655E+00  0.1205E+02
  -6.704  0.3769E+00  0.1205E+02
  -6.694  0.3868E+00  0.1206E+02
  -6.684  0.3950E+00  0.1206E+02
  -6.674  0.4015E+00  0.1206E+02
  -6.664  0.4062E+00  0.1207E+02
  -6.654  0.4089E+00  0.1207E+02
  -6.644  0.4098E+00  0.1208E+02
  -6.634  0.4086E+00  0.1208E+02
  -6.624  0.4056E+00  0.1208E+02
  -6.614  0.4006E+00  0.1209E+02
  -6.604  0.3939E+00  0.1209E+02
  -6.594  0.3855E+00  0.1210E+02
  -6.584  0.3756E+00  0.1210E+02
  -6.574  0.3642E+00  0.1210E+02
  -6.564  0.3517E+00  0.1211E+02
  -6.554  0.3381E+00  0.1211E+02
  -6.544  0.3237E+00  0.1211E+02
  -6.534  0.3088E+00  0.1212E+02
  -6.524  0.2935E+00  0.1212E+02
  -6.514  0.2781E+00  0.1212E+02
  -6.504  0.2628E+00  0.1213E+02
  -6.494  0.2479E+00  0.1213E+02
  -6.484  0.2336E+00  0.1213E+02
  -6.474  0.2203E+00  0.1213E+02
  -6.464  0.2081E+00  0.1213E+02
  -6.454  0.1973E+00  0.1214E+02
  -6.444  0.1882E+00  0.1214E+02
  -6.434  0.1809E+00  0.1214E+02
  -6.424  0.1759E+00  0.1214E+02
  -6.414  0.1734E+00  0.1214E+02
  -6.404  0.1736E+00  0.1215E+02
  -6.394  0.1767E+00  0.1215E+02
  -6.384  0.1832E+00  0.1215E+02
  -6.374  0.1933E+00  0.1215E+02
  -6.364  0.2072E+00  0.1215E+02
  -6.354  0.2253E+00  0.1216E+02
  -6.344  0.2479E+00  0.1216E+02
  -6.334  0.2753E+00  0.1216E+02
  -6.324  0.3077E+00  0.1216E+02
  -6.314  0.3454E+00  0.1217E+02
  -6.304  0.3888E+00  0.1217E+02
  -6.294  0.4379E+00  0.1218E+02
  -6.284  0.4931E+00  0.1218E+02
  -6.274  0.5544E+00  0.1219E+02
  -6.264  0.6220E+00  0.1219E+02
  -6.254  0.6959E+00  0.1220E+02
  -6.244  0.7761E+00  0.1221E+02
  -6.234  0.8625E+00  0.1222E+02
  -6.224  0.9549E+00  0.1222E+02
  -6.214  0.1053E+01  0.1224E+02
  -6.204  0.1157E+01  0.1225E+02
  -6.194  0.1265E+01  0.1226E+02
  -6.184  0.1378E+01  0.1227E+02
  -6.174  0.1494E+01  0.1229E+02
  -6.164  0.1614E+01  0.1230E+02
  -6.154  0.1736E+01  0.1232E+02
  -6.144  0.1859E+01  0.1234E+02
  -6.134  0.1983E+01  0.1236E+02
  -6.124  0.2107E+01  0.1238E+02
  -6.114  0.2229E+01  0.1240E+02
  -6.104  0.2348E+01  0.1243E+02
  -6.094  0.2464E+01  0.1245E+02
  -6.084  0.2576E+01  0.1248E+02
  -6.074  0.2683E+01  0.1250E+02
  -6.064  0.2784E+01  0.1253E+02
  -6.054  0.2878E+01  0.1256E+02
  -6.044  0.2965E+01  0.1259E+02
  -6.034  0.3043E+01  0.1262E+02
  -6.024  0.3114E+01  0.1265E+02
  -6.014  0.3175E+01  0.1268E+02
  -6.004  0.3228E+01  0.1272E+02
  -5.994  0.3271E+01  0.1275E+02
  -5.984  0.3306E+01  0.1278E+02
  -5.974  0.3331E+01  0.1282E+02
  -5.964  0.3348E+01  0.1285E+02
  -5.954  0.3357E+01  0.1288E+02
  -5.944  0.3357E+01  0.1292E+02
  -5.934  0.3350E+01  0.1295E+02
  -5.924  0.3335E+01  0.1298E+02
  -5.914  0.3314E+01  0.1302E+02
  -5.904  0.3287E+01  0.1305E+02
  -5.894  0.3255E+01  0.1308E+02
  -5.884  0.3217E+01  0.1311E+02
  -5.874  0.3175E+01  0.1315E+02
  -5.864  0.3129E+01  0.1318E+02
  -5.854  0.3080E+01  0.1321E+02
  -5.844  0.3028E+01  0.1324E+02
  -5.834  0.2973E+01  0.1327E+02
  -5.824  0.2916E+01  0.1330E+02
  -5.814  0.2857E+01  0.1333E+02
  -5.804  0.2797E+01  0.1335E+02
  -5.794  0.2736E+01  0.1338E+02
  -5.784  0.2674E+01  0.1341E+02
  -5.774  0.2612E+01  0.1343E+02
  -5.764  0.2549E+01  0.1346E+02
  -5.754  0.2486E+01  0.1348E+02
  -5.744  0.2424E+01  0.1351E+02
  -5.734  0.2362E+01  0.1353E+02
  -5.724  0.2300E+01  0.1355E+02
  -5.714  0.2240E+01  0.1358E+02
  -5.704  0.2180E+01  0.1360E+02
  -5.694  0.2120E+01  0.1362E+02
  -5.684  0.2063E+01  0.1364E+02
  -5.674  0.2006E+01  0.1366E+02
  -5.664  0.1950E+01  0.1368E+02
  -5.654  0.1896E+01  0.1370E+02
  -5.644  0.1842E+01  0.1372E+02
  -5.634  0.1790E+01  0.1374E+02
  -5.624  0.1739E+01  0.1375E+02
  -5.614  0.1689E+01  0.1377E+02
  -5.604  0.1640E+01  0.1379E+02
  -5.594  0.1592E+01  0.1380E+02
  -5.584  0.1544E+01  0.1382E+02
  -5.574  0.1497E+01  0.1383E+02
  -5.564  0.1451E+01  0.1385E+02
  -5.554  0.1405E+01  0.1386E+02
  -5.544  0.1359E+01  0.1387E+02
  -5.534  0.1314E+01  0.1389E+02
  -5.524  0.1268E+01  0.1390E+02
  -5.514  0.1224E+01  0.1391E+02
  -5.504  0.1179E+01  0.1392E+02
  -5.494  0.1135E+01  0.1394E+02
  -5.484  0.1091E+01  0.1395E+02
  -5.474  0.1048E+01  0.1396E+02
  -5.464  0.1005E+01  0.1397E+02
  -5.454  0.9641E+00  0.1398E+02
  -5.444  0.9243E+00  0.1399E+02
  -5.434  0.8862E+00  0.1399E+02
  -5.424  0.8500E+00  0.1400E+02
  -5.414  0.8162E+00  0.1401E+02
  -5.404  0.7851E+00  0.1402E+02
  -5.394  0.7570E+00  0.1403E+02
  -5.384  0.7323E+00  0.1403E+02
  -5.374  0.7112E+00  0.1404E+02
  -5.364  0.6942E+00  0.1405E+02
  -5.354  0.6813E+00  0.1406E+02
  -5.344  0.6728E+00  0.1406E+02
  -5.334  0.6689E+00  0.1407E+02
  -5.324  0.6696E+00  0.1408E+02
  -5.314  0.6750E+00  0.1408E+02
  -5.304  0.6850E+00  0.1409E+02
  -5.294  0.6996E+00  0.1410E+02
  -5.284  0.7184E+00  0.1410E+02
  -5.274  0.7414E+00  0.1411E+02
  -5.264  0.7681E+00  0.1412E+02
  -5.254  0.7981E+00  0.1413E+02
  -5.244  0.8310E+00  0.1413E+02
  -5.234  0.8663E+00  0.1414E+02
  -5.224  0.9034E+00  0.1415E+02
  -5.214  0.9417E+00  0.1416E+02
  -5.204  0.9807E+00  0.1417E+02
  -5.194  0.1020E+01  0.1418E+02
  -5.184  0.1058E+01  0.1419E+02
  -5.174  0.1095E+01  0.1420E+02
  -5.164  0.1130E+01  0.1421E+02
  -5.154  0.1162E+01  0.1423E+02
  -5.144  0.1192E+01  0.1424E+02
  -5.134  0.1218E+01  0.1425E+02
  -5.124  0.1241E+01  0.1426E+02
  -5.114  0.1259E+01  0.1428E+02
  -5.104  0.1274E+01  0.1429E+02
  -5.094  0.1284E+01  0.1430E+02
  -5.084  0.1289E+01  0.1431E+02
  -5.074  0.1291E+01  0.1433E+02
  -5.064  0.1289E+01  0.1434E+02
  -5.054  0.1283E+01  0.1435E+02
  -5.044  0.1273E+01  0.1437E+02
  -5.034  0.1261E+01  0.1438E+02
  -5.024  0.1247E+01  0.1439E+02
  -5.014  0.1231E+01  0.1440E+02
  -5.004  0.1215E+01  0.1441E+02
  -4.994  0.1198E+01  0.1443E+02
  -4.984  0.1182E+01  0.1444E+02
  -4.974  0.1168E+01  0.1445E+02
  -4.964  0.1155E+01  0.1446E+02
  -4.954  0.1146E+01  0.1447E+02
  -4.944  0.1140E+01  0.1448E+02
  -4.934  0.1138E+01  0.1450E+02
  -4.924  0.1141E+01  0.1451E+02
  -4.914  0.1149E+01  0.1452E+02
  -4.904  0.1163E+01  0.1453E+02
  -4.894  0.1184E+01  0.1454E+02
  -4.884  0.1210E+01  0.1455E+02
  -4.874  0.1244E+01  0.1457E+02
  -4.864  0.1284E+01  0.1458E+02
  -4.854  0.1330E+01  0.1459E+02
  -4.844  0.1384E+01  0.1461E+02
  -4.834  0.1443E+01  0.1462E+02
  -4.824  0.1509E+01  0.1464E+02
  -4.814  0.1581E+01  0.1465E+02
  -4.804  0.1657E+01  0.1467E+02
  -4.794  0.1738E+01  0.1469E+02
  -4.784  0.1823E+01  0.1470E+02
  -4.774  0.1912E+01  0.1472E+02
  -4.764  0.2002E+01  0.1474E+02
  -4.754  0.2094E+01  0.1476E+02
  -4.744  0.2187E+01  0.1479E+02
  -4.734  0.2279E+01  0.1481E+02
  -4.724  0.2370E+01  0.1483E+02
  -4.714  0.2459E+01  0.1486E+02
  -4.704  0.2545E+01  0.1488E+02
  -4.694  0.2626E+01  0.1491E+02
  -4.684  0.2702E+01  0.1494E+02
  -4.674  0.2771E+01  0.1496E+02
  -4.664  0.2834E+01  0.1499E+02
  -4.654  0.2889E+01  0.1502E+02
  -4.644  0.2935E+01  0.1505E+02
  -4.634  0.2973E+01  0.1508E+02
  -4.624  0.3001E+01  0.1511E+02
  -4.614  0.3019E+01  0.1514E+02
  -4.604  0.3027E+01  0.1517E+02
  -4.594  0.3024E+01  0.1520E+02
  -4.584  0.3012E+01  0.1523E+02
  -4.574  0.2990E+01  0.1526E+02
  -4.564  0.2958E+01  0.1529E+02
  -4.554  0.2917E+01  0.1532E+02
  -4.544  0.2868E+01  0.1535E+02
  -4.534  0.2811E+01  0.1538E+02
  -4.524  0.2747E+01  0.1540E+02
  -4.514  0.2677E+01  0.1543E+02
  -4.504  0.2602E+01  0.1546E+02
  -4.494  0.2524E+01  0.1548E+02
  -4.484  0.2442E+01  0.1551E+02
  -4.474  0.2359E+01  0.1553E+02
  -4.464  0.2275E+01  0.1555E+02
  -4.454  0.2191E+01  0.1557E+02
  -4.444  0.2109E+01  0.1560E+02
  -4.434  0.2029E+01  0.1562E+02
  -4.424  0.1952E+01  0.1564E+02
  -4.414  0.1878E+01  0.1565E+02
  -4.404  0.1810E+01  0.1567E+02
  -4.394  0.1746E+01  0.1569E+02
  -4.384  0.1688E+01  0.1571E+02
  -4.374  0.1635E+01  0.1572E+02
  -4.364  0.1589E+01  0.1574E+02
  -4.354  0.1549E+01  0.1575E+02
  -4.344  0.1515E+01  0.1577E+02
  -4.334  0.1486E+01  0.1578E+02
  -4.324  0.1464E+01  0.1580E+02
  -4.314  0.1447E+01  0.1581E+02
  -4.304  0.1436E+01  0.1583E+02
  -4.294  0.1430E+01  0.1584E+02
  -4.284  0.1427E+01  0.1586E+02
  -4.274  0.1429E+01  0.1587E+02
  -4.264  0.1435E+01  0.1588E+02
  -4.254  0.1443E+01  0.1590E+02
  -4.244  0.1454E+01  0.1591E+02
  -4.234  0.1466E+01  0.1593E+02
  -4.224  0.1480E+01  0.1594E+02
  -4.214  0.1495E+01  0.1596E+02
  -4.204  0.1510E+01  0.1597E+02
  -4.194  0.1524E+01  0.1599E+02
  -4.184  0.1539E+01  0.1600E+02
  -4.174  0.1552E+01  0.1602E+02
  -4.164  0.1563E+01  0.1604E+02
  -4.154  0.1573E+01  0.1605E+02
  -4.144  0.1581E+01  0.1607E+02
  -4.134  0.1587E+01  0.1608E+02
  -4.124  0.1590E+01  0.1610E+02
  -4.114  0.1591E+01  0.1611E+02
  -4.104  0.1589E+01  0.1613E+02
  -4.094  0.1584E+01  0.1615E+02
  -4.084  0.1578E+01  0.1616E+02
  -4.074  0.1568E+01  0.1618E+02
  -4.064  0.1557E+01  0.1619E+02
  -4.054  0.1544E+01  0.1621E+02
  -4.044  0.1529E+01  0.1622E+02
  -4.034  0.1514E+01  0.1624E+02
  -4.024  0.1498E+01  0.1625E+02
  -4.014  0.1481E+01  0.1627E+02
  -4.004  0.1465E+01  0.1628E+02
  -3.994  0.1450E+01  0.1630E+02
  -3.984  0.1437E+01  0.1631E+02
  -3.974  0.1426E+01  0.1633E+02
  -3.964  0.1418E+01  0.1634E+02
  -3.954  0.1413E+01  0.1635E+02
  -3.944  0.1412E+01  0.1637E+02
  -3.934  0.1416E+01  0.1638E+02
  -3.924  0.1425E+01  0.1640E+02
  -3.914  0.1439E+01  0.1641E+02
  -3.904  0.1459E+01  0.1643E+02
  -3.894  0.1485E+01  0.1644E+02
  -3.884  0.1517E+01  0.1646E+02
  -3.874  0.1555E+01  0.1647E+02
  -3.864  0.1598E+01  0.1649E+02
  -3.854  0.1647E+01  0.1650E+02
  -3.844  0.1701E+01  0.1652E+02
  -3.834  0.1760E+01  0.1654E+02
  -3.824  0.1822E+01  0.1656E+02
  -3.814  0.1887E+01  0.1658E+02
  -3.804  0.1954E+01  0.1660E+02
  -3.794  0.2022E+01  0.1662E+02
  -3.784  0.2090E+01  0.1664E+02
  -3.774  0.2157E+01  0.1666E+02
  -3.764  0.2222E+01  0.1668E+02
  -3.754  0.2283E+01  0.1670E+02
  -3.744  0.2339E+01  0.1673E+02
  -3.734  0.2389E+01  0.1675E+02
  -3.724  0.2433E+01  0.1678E+02
  -3.714  0.2469E+01  0.1680E+02
  -3.704  0.2496E+01  0.1682E+02
  -3.694  0.2514E+01  0.1685E+02
  -3.684  0.2523E+01  0.1688E+02
  -3.674  0.2522E+01  0.1690E+02
  -3.664  0.2510E+01  0.1693E+02
  -3.654  0.2489E+01  0.1695E+02
  -3.644  0.2457E+01  0.1697E+02
  -3.634  0.2416E+01  0.1700E+02
  -3.624  0.2367E+01  0.1702E+02
  -3.614  0.2309E+01  0.1705E+02
  -3.604  0.2244E+01  0.1707E+02
  -3.594  0.2173E+01  0.1709E+02
  -3.584  0.2096E+01  0.1711E+02
  -3.574  0.2016E+01  0.1713E+02
  -3.564  0.1932E+01  0.1715E+02
  -3.554  0.1848E+01  0.1717E+02
  -3.544  0.1762E+01  0.1719E+02
  -3.534  0.1678E+01  0.1720E+02
  -3.524  0.1596E+01  0.1722E+02
  -3.514  0.1517E+01  0.1723E+02
  -3.504  0.1442E+01  0.1725E+02
  -3.494  0.1372E+01  0.1726E+02
  -3.484  0.1309E+01  0.1728E+02
  -3.474  0.1252E+01  0.1729E+02
  -3.464  0.1203E+01  0.1730E+02
  -3.454  0.1162E+01  0.1731E+02
  -3.444  0.1129E+01  0.1732E+02
  -3.434  0.1105E+01  0.1733E+02
  -3.424  0.1090E+01  0.1735E+02
  -3.414  0.1083E+01  0.1736E+02
  -3.404  0.1086E+01  0.1737E+02
  -3.394  0.1097E+01  0.1738E+02
  -3.384  0.1117E+01  0.1739E+02
  -3.374  0.1145E+01  0.1740E+02
  -3.364  0.1182E+01  0.1741E+02
  -3.354  0.1226E+01  0.1742E+02
  -3.344  0.1277E+01  0.1744E+02
  -3.334  0.1335E+01  0.1745E+02
  -3.324  0.1400E+01  0.1746E+02
  -3.314  0.1471E+01  0.1748E+02
  -3.304  0.1547E+01  0.1749E+02
  -3.294  0.1629E+01  0.1751E+02
  -3.284  0.1716E+01  0.1753E+02
  -3.274  0.1808E+01  0.1755E+02
  -3.264  0.1905E+01  0.1757E+02
  -3.254  0.2006E+01  0.1759E+02
  -3.244  0.2111E+01  0.1761E+02
  -3.234  0.2221E+01  0.1763E+02
  -3.224  0.2336E+01  0.1765E+02
  -3.214  0.2455E+01  0.1768E+02
  -3.204  0.2580E+01  0.1770E+02
  -3.194  0.2709E+01  0.1773E+02
  -3.184  0.2843E+01  0.1776E+02
  -3.174  0.2983E+01  0.1779E+02
  -3.164  0.3129E+01  0.1782E+02
  -3.154  0.3281E+01  0.1785E+02
  -3.144  0.3440E+01  0.1789E+02
  -3.134  0.3604E+01  0.1792E+02
  -3.124  0.3776E+01  0.1796E+02
  -3.114  0.3953E+01  0.1800E+02
  -3.104  0.4137E+01  0.1804E+02
  -3.094  0.4328E+01  0.1808E+02
  -3.084  0.4523E+01  0.1813E+02
  -3.074  0.4724E+01  0.1818E+02
  -3.064  0.4929E+01  0.1823E+02
  -3.054  0.5137E+01  0.1828E+02
  -3.044  0.5347E+01  0.1833E+02
  -3.034  0.5559E+01  0.1839E+02
  -3.024  0.5769E+01  0.1844E+02
  -3.014  0.5978E+01  0.1850E+02
  -3.004  0.6183E+01  0.1857E+02
  -2.994  0.6383E+01  0.1863E+02
  -2.984  0.6575E+01  0.1870E+02
  -2.974  0.6759E+01  0.1876E+02
  -2.964  0.6932E+01  0.1883E+02
  -2.954  0.7092E+01  0.1890E+02
  -2.944  0.7239E+01  0.1898E+02
  -2.934  0.7370E+01  0.1905E+02
  -2.924  0.7484E+01  0.1912E+02
  -2.914  0.7580E+01  0.1920E+02
  -2.904  0.7658E+01  0.1928E+02
  -2.894  0.7718E+01  0.1935E+02
  -2.884  0.7757E+01  0.1943E+02
  -2.874  0.7778E+01  0.1951E+02
  -2.864  0.7780E+01  0.1959E+02
  -2.854  0.7763E+01  0.1966E+02
  -2.844  0.7730E+01  0.1974E+02
  -2.834  0.7681E+01  0.1982E+02
  -2.824  0.7617E+01  0.1989E+02
  -2.814  0.7540E+01  0.1997E+02
  -2.804  0.7452E+01  0.2004E+02
  -2.794  0.7355E+01  0.2012E+02
  -2.784  0.7251E+01  0.2019E+02
  -2.774  0.7143E+01  0.2026E+02
  -2.764  0.7031E+01  0.2033E+02
  -2.754  0.6919E+01  0.2040E+02
  -2.744  0.6809E+01  0.2047E+02
  -2.734  0.6701E+01  0.2054E+02
  -2.724  0.6599E+01  0.2060E+02
  -2.714  0.6502E+01  0.2067E+02
  -2.704  0.6414E+01  0.2073E+02
  -2.694  0.6334E+01  0.2080E+02
  -2.684  0.6263E+01  0.2086E+02
  -2.674  0.6203E+01  0.2092E+02
  -2.664  0.6152E+01  0.2098E+02
  -2.654  0.6113E+01  0.2104E+02
  -2.644  0.6083E+01  0.2110E+02
  -2.634  0.6064E+01  0.2116E+02
  -2.624  0.6054E+01  0.2122E+02
  -2.614  0.6052E+01  0.2129E+02
  -2.604  0.6058E+01  0.2135E+02
  -2.594  0.6072E+01  0.2141E+02
  -2.584  0.6090E+01  0.2147E+02
  -2.574  0.6114E+01  0.2153E+02
  -2.564  0.6141E+01  0.2159E+02
  -2.554  0.6170E+01  0.2165E+02
  -2.544  0.6200E+01  0.2171E+02
  -2.534  0.6229E+01  0.2178E+02
  -2.524  0.6258E+01  0.2184E+02
  -2.514  0.6284E+01  0.2190E+02
  -2.504  0.6306E+01  0.2196E+02
  -2.494  0.6324E+01  0.2203E+02
  -2.484  0.6336E+01  0.2209E+02
  -2.474  0.6342E+01  0.2215E+02
  -2.464  0.6341E+01  0.2222E+02
  -2.454  0.6332E+01  0.2228E+02
  -2.444  0.6314E+01  0.2234E+02
  -2.434  0.6287E+01  0.2241E+02
  -2.424  0.6251E+01  0.2247E+02
  -2.414  0.6205E+01  0.2253E+02
  -2.404  0.6149E+01  0.2259E+02
  -2.394  0.6082E+01  0.2265E+02
  -2.384  0.6005E+01  0.2271E+02
  -2.374  0.5917E+01  0.2277E+02
  -2.364  0.5819E+01  0.2283E+02
  -2.354  0.5710E+01  0.2289E+02
  -2.344  0.5592E+01  0.2294E+02
  -2.334  0.5464E+01  0.2300E+02
  -2.324  0.5327E+01  0.2305E+02
  -2.314  0.5182E+01  0.2310E+02
  -2.304  0.5028E+01  0.2315E+02
  -2.294  0.4868E+01  0.2320E+02
  -2.284  0.4701E+01  0.2325E+02
  -2.274  0.4530E+01  0.2330E+02
  -2.264  0.4353E+01  0.2334E+02
  -2.254  0.4174E+01  0.2338E+02
  -2.244  0.3992E+01  0.2342E+02
  -2.234  0.3809E+01  0.2346E+02
  -2.224  0.3625E+01  0.2349E+02
  -2.214  0.3443E+01  0.2353E+02
  -2.204  0.3262E+01  0.2356E+02
  -2.194  0.3083E+01  0.2359E+02
  -2.184  0.2909E+01  0.2362E+02
  -2.174  0.2738E+01  0.2365E+02
  -2.164  0.2573E+01  0.2367E+02
  -2.154  0.2413E+01  0.2370E+02
  -2.144  0.2259E+01  0.2372E+02
  -2.134  0.2111E+01  0.2374E+02
  -2.124  0.1971E+01  0.2376E+02
  -2.114  0.1837E+01  0.2378E+02
  -2.104  0.1711E+01  0.2380E+02
  -2.094  0.1592E+01  0.2381E+02
  -2.084  0.1480E+01  0.2383E+02
  -2.074  0.1375E+01  0.2384E+02
  -2.064  0.1276E+01  0.2386E+02
  -2.054  0.1185E+01  0.2387E+02
  -2.044  0.1099E+01  0.2388E+02
  -2.034  0.1019E+01  0.2389E+02
  -2.024  0.9454E+00  0.2390E+02
  -2.014  0.8764E+00  0.2391E+02
  -2.004  0.8123E+00  0.2391E+02
  -1.994  0.7527E+00  0.2392E+02
  -1.984  0.6971E+00  0.2393E+02
  -1.974  0.6453E+00  0.2394E+02
  -1.964  0.5970E+00  0.2394E+02
  -1.954  0.5518E+00  0.2395E+02
  -1.944  0.5096E+00  0.2395E+02
  -1.934  0.4700E+00  0.2396E+02
  -1.924  0.4328E+00  0.2396E+02
  -1.914  0.3980E+00  0.2397E+02
  -1.904  0.3653E+00  0.2397E+02
  -1.894  0.3345E+00  0.2397E+02
  -1.884  0.3057E+00  0.2398E+02
  -1.874  0.2787E+00  0.2398E+02
  -1.864  0.2533E+00  0.2398E+02
  -1.854  0.2297E+00  0.2398E+02
  -1.844  0.2076E+00  0.2398E+02
  -1.834  0.1870E+00  0.2399E+02
  -1.824  0.1679E+00  0.2399E+02
  -1.814  0.1502E+00  0.2399E+02
  -1.804  0.1339E+00  0.2399E+02
  -1.794  0.1190E+00  0.2399E+02
  -1.784  0.1053E+00  0.2399E+02
  -1.774  0.9277E-01  0.2399E+02
  -1.764  0.8142E-01  0.2400E+02
  -1.754  0.7118E-01  0.2400E+02
  -1.744  0.6196E-01  0.2400E+02
  -1.734  0.5370E-01  0.2400E+02
  -1.724  0.4635E-01  0.2400E+02
  -1.714  0.3983E-01  0.2400E+02
  -1.704  0.3407E-01  0.2400E+02
  -1.694  0.2902E-01  0.2400E+02
  -1.684  0.2461E-01  0.2400E+02
  -1.674  0.2077E-01  0.2400E+02
  -1.664  0.1745E-01  0.2400E+02
  -1.654  0.1459E-01  0.2400E+02
  -1.644  0.1215E-01  0.2400E+02
  -1.634  0.1007E-01  0.2400E+02
  -1.624  0.8305E-02  0.2400E+02
  -1.614  0.6818E-02  0.2400E+02
  -1.604  0.5572E-02  0.2400E+02
  -1.594  0.4531E-02  0.2400E+02
  -1.584  0.3668E-02  0.2400E+02
  -1.574  0.2956E-02  0.2400E+02
  -1.564  0.2370E-02  0.2400E+02
  -1.554  0.1892E-02  0.2400E+02
  -1.544  0.1503E-02  0.2400E+02
  -1.534  0.1188E-02  0.2400E+02
  -1.524  0.9347E-03  0.2400E+02
  -1.514  0.7320E-03  0.2400E+02
  -1.504  0.5705E-03  0.2400E+02
  -1.494  0.4425E-03  0.2400E+02
  -1.484  0.3416E-03  0.2400E+02
  -1.474  0.2625E-03  0.2400E+02
  -1.464  0.2008E-03  0.2400E+02
  -1.454  0.1529E-03  0.2400E+02
  -1.444  0.1159E-03  0.2400E+02
  -1.434  0.8754E-04  0.2400E+02
  -1.424  0.6593E-04  0.2400E+02
  -1.414  0.4961E-04  0.2400E+02
  -1.404  0.3743E-04  0.2400E+02
  -1.394  0.2850E-04  0.2400E+02
  -1.384  0.2216E-04  0.2400E+02
  -1.374  0.1793E-04  0.2400E+02
  -1.364  0.1551E-04  0.2400E+02
  -1.354  0.1471E-04  0.2400E+02
  -1.344  0.1553E-04  0.2400E+02
  -1.334  0.1808E-04  0.2400E+02
  -1.324  0.2265E-04  0.2400E+02
  -1.314  0.2969E-04  0.2400E+02
  -1.304  0.3990E-04  0.2400E+02
  -1.294  0.5423E-04  0.2400E+02
  -1.284  0.7402E-04  0.2400E+02
  -1.274  0.1010E-03  0.2400E+02
  -1.264  0.1375E-03  0.2400E+02
  -1.254  0.1865E-03  0.2400E+02
  -1.244  0.2520E-03  0.2400E+02
  -1.234  0.3390E-03  0.2400E+02
  -1.224  0.4540E-03  0.2400E+02
  -1.214  0.6053E-03  0.2400E+02
  -1.204  0.8033E-03  0.2400E+02
  -1.194  0.1061E-02  0.2400E+02
  -1.184  0.1395E-02  0.2400E+02
  -1.174  0.1826E-02  0.2400E+02
  -1.164  0.2379E-02  0.2400E+02
  -1.154  0.3085E-02  0.2400E+02
  -1.144  0.3983E-02  0.2400E+02
  -1.134  0.5118E-02  0.2400E+02
  -1.124  0.6546E-02  0.2400E+02
  -1.114  0.8334E-02  0.2400E+02
  -1.104  0.1056E-01  0.2400E+02
  -1.094  0.1332E-01  0.2400E+02
  -1.084  0.1673E-01  0.2400E+02
  -1.074  0.2091E-01  0.2400E+02
  -1.064  0.2602E-01  0.2400E+02
  -1.054  0.3223E-01  0.2400E+02
  -1.044  0.3974E-01  0.2400E+02
  -1.034  0.4877E-01  0.2400E+02
  -1.024  0.5958E-01  0.2400E+02
  -1.014  0.7246E-01  0.2400E+02
  -1.004  0.8771E-01  0.2400E+02
  -0.994  0.1057E+00  0.2401E+02
  -0.984  0.1268E+00  0.2401E+02
  -0.974  0.1514E+00  0.2401E+02
  -0.964  0.1800E+00  0.2401E+02
  -0.954  0.2130E+00  0.2401E+02
  -0.944  0.2509E+00  0.2401E+02
  -0.934  0.2943E+00  0.2402E+02
  -0.924  0.3435E+00  0.2402E+02
  -0.914  0.3993E+00  0.2403E+02
  -0.904  0.4619E+00  0.2403E+02
  -0.894  0.5320E+00  0.2404E+02
  -0.884  0.6101E+00  0.2404E+02
  -0.874  0.6964E+00  0.2405E+02
  -0.864  0.7914E+00  0.2406E+02
  -0.854  0.8955E+00  0.2407E+02
  -0.844  0.1009E+01  0.2408E+02
  -0.834  0.1131E+01  0.2409E+02
  -0.824  0.1263E+01  0.2410E+02
  -0.814  0.1404E+01  0.2411E+02
  -0.804  0.1554E+01  0.2413E+02
  -0.794  0.1713E+01  0.2415E+02
  -0.784  0.1880E+01  0.2416E+02
  -0.774  0.2055E+01  0.2419E+02
  -0.764  0.2236E+01  0.2421E+02
  -0.754  0.2424E+01  0.2423E+02
  -0.744  0.2616E+01  0.2426E+02
  -0.734  0.2812E+01  0.2429E+02
  -0.724  0.3011E+01  0.2432E+02
  -0.714  0.3211E+01  0.2435E+02
  -0.704  0.3411E+01  0.2438E+02
  -0.694  0.3610E+01  0.2442E+02
  -0.684  0.3807E+01  0.2446E+02
  -0.674  0.4001E+01  0.2450E+02
  -0.664  0.4190E+01  0.2454E+02
  -0.654  0.4373E+01  0.2458E+02
  -0.644  0.4550E+01  0.2463E+02
  -0.634  0.4720E+01  0.2467E+02
  -0.624  0.4882E+01  0.2472E+02
  -0.614  0.5036E+01  0.2477E+02
  -0.604  0.5181E+01  0.2483E+02
  -0.594  0.5319E+01  0.2488E+02
  -0.584  0.5448E+01  0.2493E+02
  -0.574  0.5571E+01  0.2499E+02
  -0.564  0.5686E+01  0.2505E+02
  -0.554  0.5795E+01  0.2510E+02
  -0.544  0.5898E+01  0.2516E+02
  -0.534  0.5997E+01  0.2522E+02
  -0.524  0.6092E+01  0.2528E+02
  -0.514  0.6185E+01  0.2535E+02
  -0.504  0.6276E+01  0.2541E+02
  -0.494  0.6365E+01  0.2547E+02
  -0.484  0.6455E+01  0.2554E+02
  -0.474  0.6545E+01  0.2560E+02
  -0.464  0.6636E+01  0.2567E+02
  -0.454  0.6728E+01  0.2574E+02
  -0.444  0.6821E+01  0.2580E+02
  -0.434  0.6915E+01  0.2587E+02
  -0.424  0.7009E+01  0.2594E+02
  -0.414  0.7104E+01  0.2601E+02
  -0.404  0.7198E+01  0.2609E+02
  -0.394  0.7291E+01  0.2616E+02
  -0.384  0.7381E+01  0.2623E+02
  -0.374  0.7468E+01  0.2631E+02
  -0.364  0.7550E+01  0.2638E+02
  -0.354  0.7626E+01  0.2646E+02
  -0.344  0.7695E+01  0.2654E+02
  -0.334  0.7756E+01  0.2661E+02
  -0.324  0.7807E+01  0.2669E+02
  -0.314  0.7849E+01  0.2677E+02
  -0.304  0.7879E+01  0.2685E+02
  -0.294  0.7899E+01  0.2693E+02
  -0.284  0.7906E+01  0.2701E+02
  -0.274  0.7901E+01  0.2709E+02
  -0.264  0.7884E+01  0.2717E+02
  -0.254  0.7855E+01  0.2724E+02
  -0.244  0.7815E+01  0.2732E+02
  -0.234  0.7763E+01  0.2740E+02
  -0.224  0.7702E+01  0.2748E+02
  -0.214  0.7631E+01  0.2755E+02
  -0.204  0.7552E+01  0.2763E+02
  -0.194  0.7466E+01  0.2770E+02
  -0.184  0.7374E+01  0.2778E+02
  -0.174  0.7278E+01  0.2785E+02
  -0.164  0.7180E+01  0.2792E+02
  -0.154  0.7079E+01  0.2799E+02
  -0.144  0.6979E+01  0.2806E+02
  -0.134  0.6880E+01  0.2813E+02
  -0.124  0.6783E+01  0.2820E+02
  -0.114  0.6690E+01  0.2827E+02
  -0.104  0.6603E+01  0.2833E+02
  -0.094  0.6520E+01  0.2840E+02
  -0.084  0.6445E+01  0.2846E+02
  -0.074  0.6377E+01  0.2853E+02
  -0.064  0.6316E+01  0.2859E+02
  -0.054  0.6264E+01  0.2865E+02
  -0.044  0.6221E+01  0.2871E+02
  -0.034  0.6186E+01  0.2877E+02
  -0.024  0.6160E+01  0.2884E+02
  -0.014  0.6141E+01  0.2890E+02
  -0.004  0.6131E+01  0.2896E+02
   0.006  0.6128E+01  0.2902E+02
   0.016  0.6132E+01  0.2908E+02
   0.026  0.6142E+01  0.2914E+02
   0.036  0.6157E+01  0.2920E+02
   0.046  0.6176E+01  0.2927E+02
   0.056  0.6199E+01  0.2933E+02
   0.066  0.6224E+01  0.2939E+02
   0.076  0.6251E+01  0.2945E+02
   0.086  0.6279E+01  0.2952E+02
   0.096  0.6306E+01  0.2958E+02
   0.106  0.6333E+01  0.2964E+02
   0.116  0.6357E+01  0.2971E+02
   0.126  0.6379E+01  0.2977E+02
   0.136  0.6398E+01  0.2983E+02
   0.146  0.6414E+01  0.2990E+02
   0.156  0.6426E+01  0.2996E+02
   0.166  0.6434E+01  0.3003E+02
   0.176  0.6438E+01  0.3009E+02
   0.186  0.6438E+01  0.3016E+02
   0.196  0.6435E+01  0.3022E+02
   0.206  0.6429E+01  0.3028E+02
   0.216  0.6420E+01  0.3035E+02
   0.226  0.6409E+01  0.3041E+02
   0.236  0.6396E+01  0.3048E+02
   0.246  0.6384E+01  0.3054E+02
   0.256  0.6371E+01  0.3060E+02
   0.266  0.6361E+01  0.3067E+02
   0.276  0.6352E+01  0.3073E+02
   0.286  0.6347E+01  0.3079E+02
   0.296  0.6347E+01  0.3086E+02
   0.306  0.6351E+01  0.3092E+02
   0.316  0.6362E+01  0.3098E+02
   0.326  0.6380E+01  0.3105E+02
   0.336  0.6406E+01  0.3111E+02
   0.346  0.6439E+01  0.3118E+02
   0.356  0.6481E+01  0.3124E+02
   0.366  0.6532E+01  0.3131E+02
   0.376  0.6591E+01  0.3137E+02
   0.386  0.6659E+01  0.3144E+02
   0.396  0.6735E+01  0.3151E+02
   0.406  0.6818E+01  0.3158E+02
   0.416  0.6907E+01  0.3164E+02
   0.426  0.7002E+01  0.3171E+02
   0.436  0.7101E+01  0.3179E+02
   0.446  0.7203E+01  0.3186E+02
   0.456  0.7306E+01  0.3193E+02
   0.466  0.7409E+01  0.3200E+02
   0.476  0.7510E+01  0.3208E+02
   0.486  0.7607E+01  0.3216E+02
   0.496  0.7698E+01  0.3223E+02
   0.506  0.7781E+01  0.3231E+02
   0.516  0.7855E+01  0.3239E+02
   0.526  0.7919E+01  0.3247E+02
   0.536  0.7970E+01  0.3255E+02
   0.546  0.8008E+01  0.3263E+02
   0.556  0.8031E+01  0.3271E+02
   0.566  0.8039E+01  0.3279E+02
   0.576  0.8031E+01  0.3287E+02
   0.586  0.8007E+01  0.3295E+02
   0.596  0.7967E+01  0.3303E+02
   0.606  0.7912E+01  0.3311E+02
   0.616  0.7843E+01  0.3319E+02
   0.626  0.7760E+01  0.3326E+02
   0.636  0.7665E+01  0.3334E+02
   0.646  0.7559E+01  0.3342E+02
   0.656  0.7445E+01  0.3349E+02
   0.666  0.7324E+01  0.3356E+02
   0.676  0.7198E+01  0.3364E+02
   0.686  0.7071E+01  0.3371E+02
   0.696  0.6943E+01  0.3378E+02
   0.706  0.6819E+01  0.3384E+02
   0.716  0.6699E+01  0.3391E+02
   0.726  0.6586E+01  0.3398E+02
   0.736  0.6483E+01  0.3404E+02
   0.746  0.6391E+01  0.3411E+02
   0.756  0.6313E+01  0.3417E+02
   0.766  0.6249E+01  0.3423E+02
   0.776  0.6200E+01  0.3429E+02
   0.786  0.6169E+01  0.3436E+02
   0.796  0.6155E+01  0.3442E+02
   0.806  0.6159E+01  0.3448E+02
   0.816  0.6180E+01  0.3454E+02
   0.826  0.6219E+01  0.3460E+02
   0.836  0.6275E+01  0.3467E+02
   0.846  0.6347E+01  0.3473E+02
   0.856  0.6433E+01  0.3479E+02
   0.866  0.6533E+01  0.3486E+02
   0.876  0.6644E+01  0.3492E+02
   0.886  0.6764E+01  0.3499E+02
   0.896  0.6893E+01  0.3506E+02
   0.906  0.7027E+01  0.3513E+02
   0.916  0.7164E+01  0.3520E+02
   0.926  0.7303E+01  0.3528E+02
   0.936  0.7441E+01  0.3535E+02
   0.946  0.7576E+01  0.3543E+02
   0.956  0.7705E+01  0.3550E+02
   0.966  0.7828E+01  0.3558E+02
   0.976  0.7941E+01  0.3566E+02
   0.986  0.8045E+01  0.3574E+02
   0.996  0.8136E+01  0.3582E+02
   1.006  0.8215E+01  0.3591E+02
   1.016  0.8280E+01  0.3599E+02
   1.026  0.8330E+01  0.3607E+02
   1.036  0.8366E+01  0.3615E+02
   1.046  0.8388E+01  0.3624E+02
   1.056  0.8394E+01  0.3632E+02
   1.066  0.8387E+01  0.3641E+02
   1.076  0.8367E+01  0.3649E+02
   1.086  0.8335E+01  0.3657E+02
   1.096  0.8292E+01  0.3666E+02
   1.106  0.8240E+01  0.3674E+02
   1.116  0.8181E+01  0.3682E+02
   1.126  0.8116E+01  0.3690E+02
   1.136  0.8047E+01  0.3698E+02
   1.146  0.7976E+01  0.3706E+02
   1.156  0.7906E+01  0.3714E+02
   1.166  0.7837E+01  0.3722E+02
   1.176  0.7773E+01  0.3730E+02
   1.186  0.7715E+01  0.3737E+02
   1.196  0.7665E+01  0.3745E+02
   1.206  0.7624E+01  0.3753E+02
   1.216  0.7593E+01  0.3760E+02
   1.226  0.7573E+01  0.3768E+02
   1.236  0.7566E+01  0.3775E+02
   1.246  0.7571E+01  0.3783E+02
   1.256  0.7589E+01  0.3791E+02
   1.266  0.7619E+01  0.3798E+02
   1.276  0.7662E+01  0.3806E+02
   1.286  0.7717E+01  0.3814E+02
   1.296  0.7782E+01  0.3821E+02
   1.306  0.7857E+01  0.3829E+02
   1.316  0.7941E+01  0.3837E+02
   1.326  0.8031E+01  0.3845E+02
   1.336  0.8127E+01  0.3853E+02
   1.346  0.8226E+01  0.3862E+02
   1.356  0.8328E+01  0.3870E+02
   1.366  0.8430E+01  0.3878E+02
   1.376  0.8532E+01  0.3887E+02
   1.386  0.8631E+01  0.3895E+02
   1.396  0.8726E+01  0.3904E+02
   1.406  0.8817E+01  0.3913E+02
   1.416  0.8901E+01  0.3922E+02
   1.426  0.8979E+01  0.3931E+02
   1.436  0.9050E+01  0.3940E+02
   1.446  0.9113E+01  0.3949E+02
   1.456  0.9167E+01  0.3958E+02
   1.466  0.9214E+01  0.3967E+02
   1.476  0.9252E+01  0.3977E+02
   1.486  0.9281E+01  0.3986E+02
   1.496  0.9303E+01  0.3995E+02
   1.506  0.9317E+01  0.4005E+02
   1.516  0.9323E+01  0.4014E+02
   1.526  0.9322E+01  0.4023E+02
   1.536  0.9315E+01  0.4033E+02
   1.546  0.9301E+01  0.4042E+02
   1.556  0.9281E+01  0.4051E+02
   1.566  0.9254E+01  0.4060E+02
   1.576  0.9223E+01  0.4070E+02
   1.586  0.9185E+01  0.4079E+02
   1.596  0.9142E+01  0.4088E+02
   1.606  0.9094E+01  0.4097E+02
   1.616  0.9041E+01  0.4106E+02
   1.626  0.8982E+01  0.4115E+02
   1.636  0.8917E+01  0.4124E+02
   1.646  0.8848E+01  0.4133E+02
   1.656  0.8773E+01  0.4142E+02
   1.666  0.8692E+01  0.4150E+02
   1.676  0.8606E+01  0.4159E+02
   1.686  0.8515E+01  0.4167E+02
   1.696  0.8418E+01  0.4176E+02
   1.706  0.8316E+01  0.4184E+02
   1.716  0.8209E+01  0.4192E+02
   1.726  0.8098E+01  0.4200E+02
   1.736  0.7982E+01  0.4208E+02
   1.746  0.7863E+01  0.4216E+02
   1.756  0.7741E+01  0.4224E+02
   1.766  0.7615E+01  0.4232E+02
   1.776  0.7488E+01  0.4239E+02
   1.786  0.7359E+01  0.4247E+02
   1.796  0.7230E+01  0.4254E+02
   1.806  0.7101E+01  0.4261E+02
   1.816  0.6973E+01  0.4268E+02
   1.826  0.6847E+01  0.4275E+02
   1.836  0.6724E+01  0.4281E+02
   1.846  0.6604E+01  0.4288E+02
   1.856  0.6488E+01  0.4294E+02
   1.866  0.6378E+01  0.4301E+02
   1.876  0.6273E+01  0.4307E+02
   1.886  0.6174E+01  0.4313E+02
   1.896  0.6083E+01  0.4319E+02
   1.906  0.6000E+01  0.4325E+02
   1.916  0.5925E+01  0.4331E+02
   1.926  0.5859E+01  0.4337E+02
   1.936  0.5802E+01  0.4343E+02
   1.946  0.5754E+01  0.4349E+02
   1.956  0.5716E+01  0.4354E+02
   1.966  0.5688E+01  0.4360E+02
   1.976  0.5670E+01  0.4366E+02
   1.986  0.5662E+01  0.4371E+02
   1.996  0.5664E+01  0.4377E+02
   2.006  0.5675E+01  0.4383E+02
   2.016  0.5696E+01  0.4389E+02
   2.026  0.5726E+01  0.4394E+02
   2.036  0.5765E+01  0.4400E+02
   2.046  0.5811E+01  0.4406E+02
   2.056  0.5866E+01  0.4412E+02
   2.066  0.5927E+01  0.4418E+02
   2.076  0.5994E+01  0.4424E+02
   2.086  0.6067E+01  0.4430E+02
   2.096  0.6145E+01  0.4436E+02
   2.106  0.6227E+01  0.4442E+02
   2.116  0.6312E+01  0.4448E+02
   2.126  0.6399E+01  0.4455E+02
   2.136  0.6488E+01  0.4461E+02
   2.146  0.6577E+01  0.4468E+02
   2.156  0.6666E+01  0.4474E+02
   2.166  0.6755E+01  0.4481E+02
   2.176  0.6841E+01  0.4488E+02
   2.186  0.6925E+01  0.4495E+02
   2.196  0.7006E+01  0.4502E+02
   2.206  0.7083E+01  0.4509E+02
   2.216  0.7155E+01  0.4516E+02
   2.226  0.7223E+01  0.4523E+02
   2.236  0.7284E+01  0.4531E+02
   2.246  0.7340E+01  0.4538E+02
   2.256  0.7389E+01  0.4545E+02
   2.266  0.7431E+01  0.4553E+02
   2.276  0.7466E+01  0.4560E+02
   2.286  0.7493E+01  0.4568E+02
   2.296  0.7512E+01  0.4575E+02
   2.306  0.7522E+01  0.4583E+02
   2.316  0.7524E+01  0.4590E+02
   2.326  0.7517E+01  0.4598E+02
   2.336  0.7501E+01  0.4605E+02
   2.346  0.7475E+01  0.4613E+02
   2.356  0.7439E+01  0.4620E+02
   2.366  0.7394E+01  0.4628E+02
   2.376  0.7338E+01  0.4635E+02
   2.386  0.7272E+01  0.4642E+02
   2.396  0.7196E+01  0.4650E+02
   2.406  0.7109E+01  0.4657E+02
   2.416  0.7011E+01  0.4664E+02
   2.426  0.6902E+01  0.4671E+02
   2.436  0.6782E+01  0.4677E+02
   2.446  0.6651E+01  0.4684E+02
   2.456  0.6510E+01  0.4691E+02
   2.466  0.6358E+01  0.4697E+02
   2.476  0.6196E+01  0.4703E+02
   2.486  0.6024E+01  0.4709E+02
   2.496  0.5843E+01  0.4715E+02
   2.506  0.5653E+01  0.4721E+02
   2.516  0.5456E+01  0.4726E+02
   2.526  0.5251E+01  0.4731E+02
   2.536  0.5040E+01  0.4736E+02
   2.546  0.4823E+01  0.4741E+02
   2.556  0.4603E+01  0.4746E+02
   2.566  0.4379E+01  0.4750E+02
   2.576  0.4153E+01  0.4754E+02
   2.586  0.3926E+01  0.4758E+02
   2.596  0.3700E+01  0.4762E+02
   2.606  0.3475E+01  0.4765E+02
   2.616  0.3253E+01  0.4769E+02
   2.626  0.3034E+01  0.4772E+02
   2.636  0.2820E+01  0.4775E+02
   2.646  0.2612E+01  0.4777E+02
   2.656  0.2411E+01  0.4780E+02
   2.666  0.2216E+01  0.4782E+02
   2.676  0.2030E+01  0.4784E+02
   2.686  0.1853E+01  0.4786E+02
   2.696  0.1684E+01  0.4787E+02
   2.706  0.1526E+01  0.4789E+02
   2.716  0.1376E+01  0.4790E+02
   2.726  0.1237E+01  0.4791E+02
   2.736  0.1107E+01  0.4793E+02
   2.746  0.9867E+00  0.4794E+02
   2.756  0.8761E+00  0.4794E+02
   2.766  0.7747E+00  0.4795E+02
   2.776  0.6823E+00  0.4796E+02
   2.786  0.5985E+00  0.4796E+02
   2.796  0.5228E+00  0.4797E+02
   2.806  0.4548E+00  0.4797E+02
   2.816  0.3941E+00  0.4798E+02
   2.826  0.3400E+00  0.4798E+02
   2.836  0.2921E+00  0.4798E+02
   2.846  0.2499E+00  0.4799E+02
   2.856  0.2129E+00  0.4799E+02
   2.866  0.1807E+00  0.4799E+02
