#  E (eV)   dos(E)     Int dos(E) EFermi =   2.581 eV
 -18.405  0.1295E-04  0.1295E-06
 -18.395  0.1453E-04  0.2749E-06
 -18.385  0.1630E-04  0.4378E-06
 -18.375  0.1826E-04  0.6205E-06
 -18.365  0.2045E-04  0.8250E-06
 -18.355  0.2289E-04  0.1054E-05
 -18.345  0.2561E-04  0.1310E-05
 -18.335  0.2863E-04  0.1596E-05
 -18.325  0.3199E-04  0.1916E-05
 -18.315  0.3572E-04  0.2273E-05
 -18.305  0.3987E-04  0.2672E-05
 -18.295  0.4447E-04  0.3117E-05
 -18.285  0.4957E-04  0.3612E-05
 -18.275  0.5522E-04  0.4165E-05
 -18.265  0.6148E-04  0.4779E-05
 -18.255  0.6841E-04  0.5464E-05
 -18.245  0.7608E-04  0.6224E-05
 -18.235  0.8456E-04  0.7070E-05
 -18.225  0.9393E-04  0.8009E-05
 -18.215  0.1043E-03  0.9052E-05
 -18.205  0.1157E-03  0.1021E-04
 -18.195  0.1283E-03  0.1149E-04
 -18.185  0.1422E-03  0.1291E-04
 -18.175  0.1575E-03  0.1449E-04
 -18.165  0.1744E-03  0.1623E-04
 -18.155  0.1929E-03  0.1816E-04
 -18.145  0.2133E-03  0.2029E-04
 -18.135  0.2357E-03  0.2265E-04
 -18.125  0.2603E-03  0.2525E-04
 -18.115  0.2874E-03  0.2813E-04
 -18.105  0.3170E-03  0.3130E-04
 -18.095  0.3495E-03  0.3479E-04
 -18.085  0.3852E-03  0.3865E-04
 -18.075  0.4242E-03  0.4289E-04
 -18.065  0.4670E-03  0.4756E-04
 -18.055  0.5137E-03  0.5270E-04
 -18.045  0.5648E-03  0.5834E-04
 -18.035  0.6207E-03  0.6455E-04
 -18.025  0.6817E-03  0.7137E-04
 -18.015  0.7482E-03  0.7885E-04
 -18.005  0.8208E-03  0.8706E-04
 -17.995  0.9000E-03  0.9606E-04
 -17.985  0.9862E-03  0.1059E-03
 -17.975  0.1080E-02  0.1167E-03
 -17.965  0.1182E-02  0.1285E-03
 -17.955  0.1293E-02  0.1415E-03
 -17.945  0.1414E-02  0.1556E-03
 -17.935  0.1545E-02  0.1711E-03
 -17.925  0.1688E-02  0.1880E-03
 -17.915  0.1843E-02  0.2064E-03
 -17.905  0.2010E-02  0.2265E-03
 -17.895  0.2192E-02  0.2484E-03
 -17.885  0.2389E-02  0.2723E-03
 -17.875  0.2602E-02  0.2983E-03
 -17.865  0.2832E-02  0.3266E-03
 -17.855  0.3082E-02  0.3574E-03
 -17.845  0.3351E-02  0.3910E-03
 -17.835  0.3642E-02  0.4274E-03
 -17.825  0.3956E-02  0.4669E-03
 -17.815  0.4295E-02  0.5099E-03
 -17.805  0.4660E-02  0.5565E-03
 -17.795  0.5054E-02  0.6070E-03
 -17.785  0.5478E-02  0.6618E-03
 -17.775  0.5934E-02  0.7212E-03
 -17.765  0.6425E-02  0.7854E-03
 -17.755  0.6953E-02  0.8549E-03
 -17.745  0.7520E-02  0.9301E-03
 -17.735  0.8129E-02  0.1011E-02
 -17.725  0.8783E-02  0.1099E-02
 -17.715  0.9484E-02  0.1194E-02
 -17.705  0.1024E-01  0.1296E-02
 -17.695  0.1104E-01  0.1407E-02
 -17.685  0.1190E-01  0.1526E-02
 -17.675  0.1283E-01  0.1654E-02
 -17.665  0.1381E-01  0.1792E-02
 -17.655  0.1487E-01  0.1941E-02
 -17.645  0.1599E-01  0.2101E-02
 -17.635  0.1720E-01  0.2273E-02
 -17.625  0.1848E-01  0.2458E-02
 -17.615  0.1985E-01  0.2656E-02
 -17.605  0.2131E-01  0.2869E-02
 -17.595  0.2286E-01  0.3098E-02
 -17.585  0.2451E-01  0.3343E-02
 -17.575  0.2627E-01  0.3606E-02
 -17.565  0.2815E-01  0.3887E-02
 -17.555  0.3013E-01  0.4188E-02
 -17.545  0.3225E-01  0.4511E-02
 -17.535  0.3449E-01  0.4856E-02
 -17.525  0.3686E-01  0.5224E-02
 -17.515  0.3939E-01  0.5618E-02
 -17.505  0.4206E-01  0.6039E-02
 -17.495  0.4489E-01  0.6488E-02
 -17.485  0.4788E-01  0.6966E-02
 -17.475  0.5104E-01  0.7477E-02
 -17.465  0.5439E-01  0.8021E-02
 -17.455  0.5793E-01  0.8600E-02
 -17.445  0.6166E-01  0.9217E-02
 -17.435  0.6560E-01  0.9873E-02
 -17.425  0.6975E-01  0.1057E-01
 -17.415  0.7413E-01  0.1131E-01
 -17.405  0.7874E-01  0.1210E-01
 -17.395  0.8359E-01  0.1293E-01
 -17.385  0.8870E-01  0.1382E-01
 -17.375  0.9406E-01  0.1476E-01
 -17.365  0.9970E-01  0.1576E-01
 -17.355  0.1056E+00  0.1682E-01
 -17.345  0.1118E+00  0.1793E-01
 -17.335  0.1184E+00  0.1912E-01
 -17.325  0.1252E+00  0.2037E-01
 -17.315  0.1323E+00  0.2169E-01
 -17.305  0.1398E+00  0.2309E-01
 -17.295  0.1477E+00  0.2457E-01
 -17.285  0.1559E+00  0.2613E-01
 -17.275  0.1644E+00  0.2777E-01
 -17.265  0.1734E+00  0.2951E-01
 -17.255  0.1827E+00  0.3133E-01
 -17.245  0.1925E+00  0.3326E-01
 -17.235  0.2026E+00  0.3528E-01
 -17.225  0.2132E+00  0.3742E-01
 -17.215  0.2242E+00  0.3966E-01
 -17.205  0.2357E+00  0.4201E-01
 -17.195  0.2476E+00  0.4449E-01
 -17.185  0.2599E+00  0.4709E-01
 -17.175  0.2728E+00  0.4982E-01
 -17.165  0.2861E+00  0.5268E-01
 -17.155  0.3000E+00  0.5568E-01
 -17.145  0.3143E+00  0.5882E-01
 -17.135  0.3292E+00  0.6211E-01
 -17.125  0.3446E+00  0.6556E-01
 -17.115  0.3605E+00  0.6916E-01
 -17.105  0.3769E+00  0.7293E-01
 -17.095  0.3939E+00  0.7687E-01
 -17.085  0.4115E+00  0.8099E-01
 -17.075  0.4296E+00  0.8528E-01
 -17.065  0.4482E+00  0.8976E-01
 -17.055  0.4675E+00  0.9444E-01
 -17.045  0.4873E+00  0.9931E-01
 -17.035  0.5077E+00  0.1044E+00
 -17.025  0.5287E+00  0.1097E+00
 -17.015  0.5502E+00  0.1152E+00
 -17.005  0.5724E+00  0.1209E+00
 -16.995  0.5951E+00  0.1269E+00
 -16.985  0.6185E+00  0.1330E+00
 -16.975  0.6424E+00  0.1395E+00
 -16.965  0.6669E+00  0.1461E+00
 -16.955  0.6920E+00  0.1531E+00
 -16.945  0.7176E+00  0.1602E+00
 -16.935  0.7439E+00  0.1677E+00
 -16.925  0.7707E+00  0.1754E+00
 -16.915  0.7981E+00  0.1834E+00
 -16.905  0.8260E+00  0.1916E+00
 -16.895  0.8545E+00  0.2002E+00
 -16.885  0.8835E+00  0.2090E+00
 -16.875  0.9131E+00  0.2181E+00
 -16.865  0.9432E+00  0.2276E+00
 -16.855  0.9738E+00  0.2373E+00
 -16.845  0.1005E+01  0.2473E+00
 -16.835  0.1036E+01  0.2577E+00
 -16.825  0.1068E+01  0.2684E+00
 -16.815  0.1101E+01  0.2794E+00
 -16.805  0.1134E+01  0.2907E+00
 -16.795  0.1167E+01  0.3024E+00
 -16.785  0.1201E+01  0.3144E+00
 -16.775  0.1235E+01  0.3268E+00
 -16.765  0.1270E+01  0.3395E+00
 -16.755  0.1305E+01  0.3525E+00
 -16.745  0.1340E+01  0.3659E+00
 -16.735  0.1375E+01  0.3797E+00
 -16.725  0.1411E+01  0.3938E+00
 -16.715  0.1447E+01  0.4083E+00
 -16.705  0.1483E+01  0.4231E+00
 -16.695  0.1520E+01  0.4383E+00
 -16.685  0.1556E+01  0.4538E+00
 -16.675  0.1593E+01  0.4698E+00
 -16.665  0.1630E+01  0.4861E+00
 -16.655  0.1667E+01  0.5028E+00
 -16.645  0.1704E+01  0.5198E+00
 -16.635  0.1741E+01  0.5372E+00
 -16.625  0.1779E+01  0.5550E+00
 -16.615  0.1816E+01  0.5732E+00
 -16.605  0.1853E+01  0.5917E+00
 -16.595  0.1890E+01  0.6106E+00
 -16.585  0.1927E+01  0.6299E+00
 -16.575  0.1964E+01  0.6495E+00
 -16.565  0.2001E+01  0.6695E+00
 -16.555  0.2037E+01  0.6899E+00
 -16.545  0.2074E+01  0.7106E+00
 -16.535  0.2110E+01  0.7317E+00
 -16.525  0.2146E+01  0.7532E+00
 -16.515  0.2181E+01  0.7750E+00
 -16.505  0.2217E+01  0.7972E+00
 -16.495  0.2252E+01  0.8197E+00
 -16.485  0.2286E+01  0.8425E+00
 -16.475  0.2321E+01  0.8657E+00
 -16.465  0.2355E+01  0.8893E+00
 -16.455  0.2388E+01  0.9132E+00
 -16.445  0.2421E+01  0.9374E+00
 -16.435  0.2454E+01  0.9619E+00
 -16.425  0.2486E+01  0.9868E+00
 -16.415  0.2517E+01  0.1012E+01
 -16.405  0.2548E+01  0.1037E+01
 -16.395  0.2579E+01  0.1063E+01
 -16.385  0.2609E+01  0.1089E+01
 -16.375  0.2638E+01  0.1116E+01
 -16.365  0.2667E+01  0.1142E+01
 -16.355  0.2695E+01  0.1169E+01
 -16.345  0.2723E+01  0.1197E+01
 -16.335  0.2750E+01  0.1224E+01
 -16.325  0.2776E+01  0.1252E+01
 -16.315  0.2802E+01  0.1280E+01
 -16.305  0.2827E+01  0.1308E+01
 -16.295  0.2851E+01  0.1337E+01
 -16.285  0.2874E+01  0.1365E+01
 -16.275  0.2897E+01  0.1394E+01
 -16.265  0.2920E+01  0.1424E+01
 -16.255  0.2941E+01  0.1453E+01
 -16.245  0.2962E+01  0.1483E+01
 -16.235  0.2982E+01  0.1512E+01
 -16.225  0.3001E+01  0.1542E+01
 -16.215  0.3020E+01  0.1573E+01
 -16.205  0.3038E+01  0.1603E+01
 -16.195  0.3055E+01  0.1634E+01
 -16.185  0.3072E+01  0.1664E+01
 -16.175  0.3088E+01  0.1695E+01
 -16.165  0.3103E+01  0.1726E+01
 -16.155  0.3117E+01  0.1757E+01
 -16.145  0.3131E+01  0.1789E+01
 -16.135  0.3144E+01  0.1820E+01
 -16.125  0.3157E+01  0.1852E+01
 -16.115  0.3168E+01  0.1883E+01
 -16.105  0.3179E+01  0.1915E+01
 -16.095  0.3190E+01  0.1947E+01
 -16.085  0.3200E+01  0.1979E+01
 -16.075  0.3209E+01  0.2011E+01
 -16.065  0.3218E+01  0.2043E+01
 -16.055  0.3226E+01  0.2076E+01
 -16.045  0.3233E+01  0.2108E+01
 -16.035  0.3240E+01  0.2140E+01
 -16.025  0.3247E+01  0.2173E+01
 -16.015  0.3252E+01  0.2205E+01
 -16.005  0.3258E+01  0.2238E+01
 -15.995  0.3263E+01  0.2270E+01
 -15.985  0.3267E+01  0.2303E+01
 -15.975  0.3271E+01  0.2336E+01
 -15.965  0.3274E+01  0.2369E+01
 -15.955  0.3278E+01  0.2401E+01
 -15.945  0.3280E+01  0.2434E+01
 -15.935  0.3283E+01  0.2467E+01
 -15.925  0.3285E+01  0.2500E+01
 -15.915  0.3286E+01  0.2533E+01
 -15.905  0.3288E+01  0.2566E+01
 -15.895  0.3289E+01  0.2598E+01
 -15.885  0.3290E+01  0.2631E+01
 -15.875  0.3291E+01  0.2664E+01
 -15.865  0.3291E+01  0.2697E+01
 -15.855  0.3292E+01  0.2730E+01
 -15.845  0.3292E+01  0.2763E+01
 -15.835  0.3292E+01  0.2796E+01
 -15.825  0.3292E+01  0.2829E+01
 -15.815  0.3292E+01  0.2862E+01
 -15.805  0.3292E+01  0.2895E+01
 -15.795  0.3292E+01  0.2928E+01
 -15.785  0.3293E+01  0.2961E+01
 -15.775  0.3293E+01  0.2993E+01
 -15.765  0.3293E+01  0.3026E+01
 -15.755  0.3294E+01  0.3059E+01
 -15.745  0.3294E+01  0.3092E+01
 -15.735  0.3295E+01  0.3125E+01
 -15.725  0.3296E+01  0.3158E+01
 -15.715  0.3298E+01  0.3191E+01
 -15.705  0.3300E+01  0.3224E+01
 -15.695  0.3302E+01  0.3257E+01
 -15.685  0.3304E+01  0.3290E+01
 -15.675  0.3307E+01  0.3323E+01
 -15.665  0.3311E+01  0.3356E+01
 -15.655  0.3315E+01  0.3390E+01
 -15.645  0.3319E+01  0.3423E+01
 -15.635  0.3324E+01  0.3456E+01
 -15.625  0.3329E+01  0.3489E+01
 -15.615  0.3336E+01  0.3523E+01
 -15.605  0.3342E+01  0.3556E+01
 -15.595  0.3350E+01  0.3590E+01
 -15.585  0.3358E+01  0.3623E+01
 -15.575  0.3367E+01  0.3657E+01
 -15.565  0.3377E+01  0.3691E+01
 -15.555  0.3388E+01  0.3724E+01
 -15.545  0.3399E+01  0.3758E+01
 -15.535  0.3412E+01  0.3793E+01
 -15.525  0.3425E+01  0.3827E+01
 -15.515  0.3440E+01  0.3861E+01
 -15.505  0.3455E+01  0.3896E+01
 -15.495  0.3471E+01  0.3930E+01
 -15.485  0.3489E+01  0.3965E+01
 -15.475  0.3507E+01  0.4000E+01
 -15.465  0.3527E+01  0.4036E+01
 -15.455  0.3547E+01  0.4071E+01
 -15.445  0.3569E+01  0.4107E+01
 -15.435  0.3592E+01  0.4143E+01
 -15.425  0.3616E+01  0.4179E+01
 -15.415  0.3642E+01  0.4215E+01
 -15.405  0.3669E+01  0.4252E+01
 -15.395  0.3697E+01  0.4289E+01
 -15.385  0.3726E+01  0.4326E+01
 -15.375  0.3756E+01  0.4364E+01
 -15.365  0.3788E+01  0.4402E+01
 -15.355  0.3822E+01  0.4440E+01
 -15.345  0.3856E+01  0.4479E+01
 -15.335  0.3892E+01  0.4517E+01
 -15.325  0.3929E+01  0.4557E+01
 -15.315  0.3968E+01  0.4596E+01
 -15.305  0.4008E+01  0.4636E+01
 -15.295  0.4049E+01  0.4677E+01
 -15.285  0.4092E+01  0.4718E+01
 -15.275  0.4136E+01  0.4759E+01
 -15.265  0.4182E+01  0.4801E+01
 -15.255  0.4228E+01  0.4843E+01
 -15.245  0.4276E+01  0.4886E+01
 -15.235  0.4326E+01  0.4929E+01
 -15.225  0.4376E+01  0.4973E+01
 -15.215  0.4428E+01  0.5017E+01
 -15.205  0.4481E+01  0.5062E+01
 -15.195  0.4536E+01  0.5108E+01
 -15.185  0.4591E+01  0.5154E+01
 -15.175  0.4648E+01  0.5200E+01
 -15.165  0.4706E+01  0.5247E+01
 -15.155  0.4765E+01  0.5295E+01
 -15.145  0.4824E+01  0.5343E+01
 -15.135  0.4885E+01  0.5392E+01
 -15.125  0.4947E+01  0.5441E+01
 -15.115  0.5009E+01  0.5491E+01
 -15.105  0.5073E+01  0.5542E+01
 -15.095  0.5136E+01  0.5593E+01
 -15.085  0.5201E+01  0.5645E+01
 -15.075  0.5266E+01  0.5698E+01
 -15.065  0.5332E+01  0.5751E+01
 -15.055  0.5398E+01  0.5805E+01
 -15.045  0.5464E+01  0.5860E+01
 -15.035  0.5531E+01  0.5915E+01
 -15.025  0.5597E+01  0.5971E+01
 -15.015  0.5664E+01  0.6028E+01
 -15.005  0.5731E+01  0.6085E+01
 -14.995  0.5797E+01  0.6143E+01
 -14.985  0.5863E+01  0.6202E+01
 -14.975  0.5929E+01  0.6261E+01
 -14.965  0.5995E+01  0.6321E+01
 -14.955  0.6059E+01  0.6382E+01
 -14.945  0.6123E+01  0.6443E+01
 -14.935  0.6187E+01  0.6505E+01
 -14.925  0.6249E+01  0.6567E+01
 -14.915  0.6310E+01  0.6630E+01
 -14.905  0.6370E+01  0.6694E+01
 -14.895  0.6429E+01  0.6758E+01
 -14.885  0.6486E+01  0.6823E+01
 -14.875  0.6542E+01  0.6889E+01
 -14.865  0.6596E+01  0.6955E+01
 -14.855  0.6648E+01  0.7021E+01
 -14.845  0.6698E+01  0.7088E+01
 -14.835  0.6747E+01  0.7156E+01
 -14.825  0.6793E+01  0.7223E+01
 -14.815  0.6837E+01  0.7292E+01
 -14.805  0.6878E+01  0.7361E+01
 -14.795  0.6917E+01  0.7430E+01
 -14.785  0.6954E+01  0.7499E+01
 -14.775  0.6988E+01  0.7569E+01
 -14.765  0.7019E+01  0.7639E+01
 -14.755  0.7047E+01  0.7710E+01
 -14.745  0.7072E+01  0.7781E+01
 -14.735  0.7094E+01  0.7852E+01
 -14.725  0.7113E+01  0.7923E+01
 -14.715  0.7129E+01  0.7994E+01
 -14.705  0.7141E+01  0.8065E+01
 -14.695  0.7150E+01  0.8137E+01
 -14.685  0.7156E+01  0.8208E+01
 -14.675  0.7158E+01  0.8280E+01
 -14.665  0.7156E+01  0.8352E+01
 -14.655  0.7151E+01  0.8423E+01
 -14.645  0.7143E+01  0.8494E+01
 -14.635  0.7131E+01  0.8566E+01
 -14.625  0.7115E+01  0.8637E+01
 -14.615  0.7095E+01  0.8708E+01
 -14.605  0.7072E+01  0.8779E+01
 -14.595  0.7045E+01  0.8849E+01
 -14.585  0.7015E+01  0.8919E+01
 -14.575  0.6980E+01  0.8989E+01
 -14.565  0.6943E+01  0.9058E+01
 -14.555  0.6901E+01  0.9127E+01
 -14.545  0.6856E+01  0.9196E+01
 -14.535  0.6808E+01  0.9264E+01
 -14.525  0.6756E+01  0.9332E+01
 -14.515  0.6701E+01  0.9399E+01
 -14.505  0.6642E+01  0.9465E+01
 -14.495  0.6581E+01  0.9531E+01
 -14.485  0.6516E+01  0.9596E+01
 -14.475  0.6447E+01  0.9661E+01
 -14.465  0.6376E+01  0.9724E+01
 -14.455  0.6302E+01  0.9787E+01
 -14.445  0.6226E+01  0.9850E+01
 -14.435  0.6146E+01  0.9911E+01
 -14.425  0.6064E+01  0.9972E+01
 -14.415  0.5979E+01  0.1003E+02
 -14.405  0.5893E+01  0.1009E+02
 -14.395  0.5803E+01  0.1015E+02
 -14.385  0.5712E+01  0.1021E+02
 -14.375  0.5619E+01  0.1026E+02
 -14.365  0.5524E+01  0.1032E+02
 -14.355  0.5427E+01  0.1037E+02
 -14.345  0.5329E+01  0.1042E+02
 -14.335  0.5229E+01  0.1048E+02
 -14.325  0.5128E+01  0.1053E+02
 -14.315  0.5026E+01  0.1058E+02
 -14.305  0.4922E+01  0.1063E+02
 -14.295  0.4818E+01  0.1068E+02
 -14.285  0.4714E+01  0.1072E+02
 -14.275  0.4608E+01  0.1077E+02
 -14.265  0.4502E+01  0.1081E+02
 -14.255  0.4396E+01  0.1086E+02
 -14.245  0.4290E+01  0.1090E+02
 -14.235  0.4183E+01  0.1094E+02
 -14.225  0.4077E+01  0.1098E+02
 -14.215  0.3970E+01  0.1102E+02
 -14.205  0.3864E+01  0.1106E+02
 -14.195  0.3759E+01  0.1110E+02
 -14.185  0.3654E+01  0.1114E+02
 -14.175  0.3550E+01  0.1117E+02
 -14.165  0.3446E+01  0.1121E+02
 -14.155  0.3344E+01  0.1124E+02
 -14.145  0.3242E+01  0.1127E+02
 -14.135  0.3141E+01  0.1130E+02
 -14.125  0.3042E+01  0.1133E+02
 -14.115  0.2944E+01  0.1136E+02
 -14.105  0.2847E+01  0.1139E+02
 -14.095  0.2751E+01  0.1142E+02
 -14.085  0.2657E+01  0.1145E+02
 -14.075  0.2565E+01  0.1147E+02
 -14.065  0.2474E+01  0.1150E+02
 -14.055  0.2385E+01  0.1152E+02
 -14.045  0.2298E+01  0.1154E+02
 -14.035  0.2212E+01  0.1156E+02
 -14.025  0.2128E+01  0.1159E+02
 -14.015  0.2046E+01  0.1161E+02
 -14.005  0.1966E+01  0.1163E+02
 -13.995  0.1888E+01  0.1165E+02
 -13.985  0.1811E+01  0.1166E+02
 -13.975  0.1737E+01  0.1168E+02
 -13.965  0.1665E+01  0.1170E+02
 -13.955  0.1594E+01  0.1171E+02
 -13.945  0.1526E+01  0.1173E+02
 -13.935  0.1459E+01  0.1174E+02
 -13.925  0.1395E+01  0.1176E+02
 -13.915  0.1332E+01  0.1177E+02
 -13.905  0.1272E+01  0.1178E+02
 -13.895  0.1213E+01  0.1180E+02
 -13.885  0.1157E+01  0.1181E+02
 -13.875  0.1102E+01  0.1182E+02
 -13.865  0.1049E+01  0.1183E+02
 -13.855  0.9981E+00  0.1184E+02
 -13.845  0.9490E+00  0.1185E+02
 -13.835  0.9017E+00  0.1186E+02
 -13.825  0.8562E+00  0.1187E+02
 -13.815  0.8125E+00  0.1187E+02
 -13.805  0.7704E+00  0.1188E+02
 -13.795  0.7301E+00  0.1189E+02
 -13.785  0.6914E+00  0.1190E+02
 -13.775  0.6544E+00  0.1190E+02
 -13.765  0.6189E+00  0.1191E+02
 -13.755  0.5849E+00  0.1191E+02
 -13.745  0.5525E+00  0.1192E+02
 -13.735  0.5215E+00  0.1192E+02
 -13.725  0.4919E+00  0.1193E+02
 -13.715  0.4637E+00  0.1193E+02
 -13.705  0.4368E+00  0.1194E+02
 -13.695  0.4112E+00  0.1194E+02
 -13.685  0.3869E+00  0.1195E+02
 -13.675  0.3637E+00  0.1195E+02
 -13.665  0.3417E+00  0.1195E+02
 -13.655  0.3208E+00  0.1196E+02
 -13.645  0.3010E+00  0.1196E+02
 -13.635  0.2823E+00  0.1196E+02
 -13.625  0.2645E+00  0.1197E+02
 -13.615  0.2477E+00  0.1197E+02
 -13.605  0.2318E+00  0.1197E+02
 -13.595  0.2167E+00  0.1197E+02
 -13.585  0.2025E+00  0.1197E+02
 -13.575  0.1892E+00  0.1198E+02
 -13.565  0.1765E+00  0.1198E+02
 -13.555  0.1647E+00  0.1198E+02
 -13.545  0.1535E+00  0.1198E+02
 -13.535  0.1429E+00  0.1198E+02
 -13.525  0.1330E+00  0.1198E+02
 -13.515  0.1238E+00  0.1199E+02
 -13.505  0.1150E+00  0.1199E+02
 -13.495  0.1069E+00  0.1199E+02
 -13.485  0.9921E-01  0.1199E+02
 -13.475  0.9204E-01  0.1199E+02
 -13.465  0.8533E-01  0.1199E+02
 -13.455  0.7905E-01  0.1199E+02
 -13.445  0.7319E-01  0.1199E+02
 -13.435  0.6772E-01  0.1199E+02
 -13.425  0.6261E-01  0.1199E+02
 -13.415  0.5786E-01  0.1199E+02
 -13.405  0.5342E-01  0.1199E+02
 -13.395  0.4930E-01  0.1199E+02
 -13.385  0.4546E-01  0.1200E+02
 -13.375  0.4189E-01  0.1200E+02
 -13.365  0.3858E-01  0.1200E+02
 -13.355  0.3550E-01  0.1200E+02
 -13.345  0.3265E-01  0.1200E+02
 -13.335  0.3001E-01  0.1200E+02
 -13.325  0.2756E-01  0.1200E+02
 -13.315  0.2530E-01  0.1200E+02
 -13.305  0.2321E-01  0.1200E+02
 -13.295  0.2127E-01  0.1200E+02
 -13.285  0.1948E-01  0.1200E+02
 -13.275  0.1784E-01  0.1200E+02
 -13.265  0.1632E-01  0.1200E+02
 -13.255  0.1492E-01  0.1200E+02
 -13.245  0.1363E-01  0.1200E+02
 -13.235  0.1244E-01  0.1200E+02
 -13.225  0.1135E-01  0.1200E+02
 -13.215  0.1035E-01  0.1200E+02
 -13.205  0.9428E-02  0.1200E+02
 -13.195  0.8585E-02  0.1200E+02
 -13.185  0.7811E-02  0.1200E+02
 -13.175  0.7103E-02  0.1200E+02
 -13.165  0.6454E-02  0.1200E+02
 -13.155  0.5861E-02  0.1200E+02
 -13.145  0.5319E-02  0.1200E+02
 -13.135  0.4823E-02  0.1200E+02
 -13.125  0.4371E-02  0.1200E+02
 -13.115  0.3959E-02  0.1200E+02
 -13.105  0.3583E-02  0.1200E+02
 -13.095  0.3241E-02  0.1200E+02
 -13.085  0.2929E-02  0.1200E+02
 -13.075  0.2646E-02  0.1200E+02
 -13.065  0.2388E-02  0.1200E+02
 -13.055  0.2154E-02  0.1200E+02
 -13.045  0.1942E-02  0.1200E+02
 -13.035  0.1749E-02  0.1200E+02
 -13.025  0.1575E-02  0.1200E+02
 -13.015  0.1417E-02  0.1200E+02
 -13.005  0.1273E-02  0.1200E+02
 -12.995  0.1144E-02  0.1200E+02
 -12.985  0.1027E-02  0.1200E+02
 -12.975  0.9216E-03  0.1200E+02
 -12.965  0.8263E-03  0.1200E+02
 -12.955  0.7404E-03  0.1200E+02
 -12.945  0.6629E-03  0.1200E+02
 -12.935  0.5932E-03  0.1200E+02
 -12.925  0.5305E-03  0.1200E+02
 -12.915  0.4740E-03  0.1200E+02
 -12.905  0.4233E-03  0.1200E+02
 -12.895  0.3778E-03  0.1200E+02
 -12.885  0.3369E-03  0.1200E+02
 -12.875  0.3003E-03  0.1200E+02
 -12.865  0.2674E-03  0.1200E+02
 -12.855  0.2380E-03  0.1200E+02
 -12.845  0.2117E-03  0.1200E+02
 -12.835  0.1882E-03  0.1200E+02
 -12.825  0.1671E-03  0.1200E+02
 -12.815  0.1484E-03  0.1200E+02
 -12.805  0.1316E-03  0.1200E+02
 -12.795  0.1167E-03  0.1200E+02
 -12.785  0.1033E-03  0.1200E+02
 -12.775  0.9149E-04  0.1200E+02
 -12.765  0.8094E-04  0.1200E+02
 -12.755  0.7156E-04  0.1200E+02
 -12.745  0.6322E-04  0.1200E+02
 -12.735  0.5582E-04  0.1200E+02
 -12.725  0.4925E-04  0.1200E+02
 -12.715  0.4342E-04  0.1200E+02
 -12.705  0.3826E-04  0.1200E+02
 -12.695  0.3369E-04  0.1200E+02
 -12.685  0.2965E-04  0.1200E+02
 -12.675  0.2607E-04  0.1200E+02
 -12.665  0.2291E-04  0.1200E+02
 -12.655  0.2012E-04  0.1200E+02
 -12.645  0.1766E-04  0.1200E+02
 -12.635  0.1548E-04  0.1200E+02
 -12.625  0.1357E-04  0.1200E+02
 -12.615  0.1189E-04  0.1200E+02
 -12.605  0.1040E-04  0.1200E+02
 -12.595  0.9100E-05  0.1200E+02
 -12.585  0.7954E-05  0.1200E+02
 -12.575  0.6948E-05  0.1200E+02
 -12.565  0.6065E-05  0.1200E+02
 -12.555  0.5290E-05  0.1200E+02
 -12.545  0.4612E-05  0.1200E+02
 -12.535  0.4018E-05  0.1200E+02
 -12.525  0.3498E-05  0.1200E+02
 -12.515  0.3043E-05  0.1200E+02
 -12.505  0.2645E-05  0.1200E+02
 -12.495  0.2298E-05  0.1200E+02
 -12.485  0.1996E-05  0.1200E+02
 -12.475  0.1732E-05  0.1200E+02
 -12.465  0.1501E-05  0.1200E+02
 -12.455  0.1301E-05  0.1200E+02
 -12.445  0.1126E-05  0.1200E+02
 -12.435  0.9748E-06  0.1200E+02
 -12.425  0.8430E-06  0.1200E+02
 -12.415  0.7285E-06  0.1200E+02
 -12.405  0.6291E-06  0.1200E+02
 -12.395  0.5429E-06  0.1200E+02
 -12.385  0.4682E-06  0.1200E+02
 -12.375  0.4036E-06  0.1200E+02
 -12.365  0.3476E-06  0.1200E+02
 -12.355  0.2992E-06  0.1200E+02
 -12.345  0.2573E-06  0.1200E+02
 -12.335  0.2212E-06  0.1200E+02
 -12.325  0.1900E-06  0.1200E+02
 -12.315  0.1631E-06  0.1200E+02
 -12.305  0.1399E-06  0.1200E+02
 -12.295  0.1199E-06  0.1200E+02
 -12.285  0.1027E-06  0.1200E+02
 -12.275  0.8796E-07  0.1200E+02
 -12.265  0.7525E-07  0.1200E+02
 -12.255  0.6434E-07  0.1200E+02
 -12.245  0.5497E-07  0.1200E+02
 -12.235  0.4694E-07  0.1200E+02
 -12.225  0.4005E-07  0.1200E+02
 -12.215  0.3415E-07  0.1200E+02
 -12.205  0.2910E-07  0.1200E+02
 -12.195  0.2478E-07  0.1200E+02
 -12.185  0.2108E-07  0.1200E+02
 -12.175  0.1793E-07  0.1200E+02
 -12.165  0.1524E-07  0.1200E+02
 -12.155  0.1294E-07  0.1200E+02
 -12.145  0.1098E-07  0.1200E+02
 -12.135  0.9314E-08  0.1200E+02
 -12.125  0.7894E-08  0.1200E+02
 -12.115  0.6686E-08  0.1200E+02
 -12.105  0.5659E-08  0.1200E+02
 -12.095  0.4787E-08  0.1200E+02
 -12.085  0.4046E-08  0.1200E+02
 -12.075  0.3418E-08  0.1200E+02
 -12.065  0.2885E-08  0.1200E+02
 -12.055  0.2434E-08  0.1200E+02
 -12.045  0.2052E-08  0.1200E+02
 -12.035  0.1728E-08  0.1200E+02
 -12.025  0.1455E-08  0.1200E+02
 -12.015  0.1224E-08  0.1200E+02
 -12.005  0.1029E-08  0.1200E+02
 -11.995  0.8648E-09  0.1200E+02
 -11.985  0.7261E-09  0.1200E+02
 -11.975  0.6092E-09  0.1200E+02
 -11.965  0.5108E-09  0.1200E+02
 -11.955  0.4281E-09  0.1200E+02
 -11.945  0.3584E-09  0.1200E+02
 -11.935  0.3000E-09  0.1200E+02
 -11.925  0.2508E-09  0.1200E+02
 -11.915  0.2096E-09  0.1200E+02
 -11.905  0.1751E-09  0.1200E+02
 -11.895  0.1461E-09  0.1200E+02
 -11.885  0.1219E-09  0.1200E+02
 -11.875  0.1016E-09  0.1200E+02
 -11.865  0.8459E-10  0.1200E+02
 -11.855  0.7041E-10  0.1200E+02
 -11.845  0.5856E-10  0.1200E+02
 -11.835  0.4868E-10  0.1200E+02
 -11.825  0.4044E-10  0.1200E+02
 -11.815  0.3357E-10  0.1200E+02
 -11.805  0.2784E-10  0.1200E+02
 -11.795  0.2308E-10  0.1200E+02
 -11.785  0.1912E-10  0.1200E+02
 -11.775  0.1583E-10  0.1200E+02
 -11.765  0.1310E-10  0.1200E+02
 -11.755  0.1083E-10  0.1200E+02
 -11.745  0.8947E-11  0.1200E+02
 -11.735  0.7387E-11  0.1200E+02
 -11.725  0.6096E-11  0.1200E+02
 -11.715  0.5026E-11  0.1200E+02
 -11.705  0.4142E-11  0.1200E+02
 -11.695  0.3410E-11  0.1200E+02
 -11.685  0.2806E-11  0.1200E+02
 -11.675  0.2308E-11  0.1200E+02
 -11.665  0.1897E-11  0.1200E+02
 -11.655  0.1558E-11  0.1200E+02
 -11.645  0.1278E-11  0.1200E+02
 -11.635  0.1048E-11  0.1200E+02
 -11.625  0.8593E-12  0.1200E+02
 -11.615  0.7038E-12  0.1200E+02
 -11.605  0.5761E-12  0.1200E+02
 -11.595  0.4712E-12  0.1200E+02
 -11.585  0.3852E-12  0.1200E+02
 -11.575  0.3146E-12  0.1200E+02
 -11.565  0.2568E-12  0.1200E+02
 -11.555  0.2095E-12  0.1200E+02
 -11.545  0.1708E-12  0.1200E+02
 -11.535  0.1391E-12  0.1200E+02
 -11.525  0.1133E-12  0.1200E+02
 -11.515  0.9216E-13  0.1200E+02
 -11.505  0.7493E-13  0.1200E+02
 -11.495  0.6088E-13  0.1200E+02
 -11.485  0.4943E-13  0.1200E+02
 -11.475  0.4011E-13  0.1200E+02
 -11.465  0.3252E-13  0.1200E+02
 -11.455  0.2635E-13  0.1200E+02
 -11.445  0.2134E-13  0.1200E+02
 -11.435  0.1727E-13  0.1200E+02
 -11.425  0.1396E-13  0.1200E+02
 -11.415  0.1128E-13  0.1200E+02
 -11.405  0.9113E-14  0.1200E+02
 -11.395  0.7355E-14  0.1200E+02
 -11.385  0.5932E-14  0.1200E+02
 -11.375  0.4781E-14  0.1200E+02
 -11.365  0.3851E-14  0.1200E+02
 -11.355  0.3099E-14  0.1200E+02
 -11.345  0.2493E-14  0.1200E+02
 -11.335  0.2004E-14  0.1200E+02
 -11.325  0.1610E-14  0.1200E+02
 -11.315  0.1292E-14  0.1200E+02
 -11.305  0.1037E-14  0.1200E+02
 -11.295  0.8310E-15  0.1200E+02
 -11.285  0.6657E-15  0.1200E+02
 -11.275  0.5330E-15  0.1200E+02
 -11.265  0.4264E-15  0.1200E+02
 -11.255  0.3409E-15  0.1200E+02
 -11.245  0.2724E-15  0.1200E+02
 -11.235  0.2175E-15  0.1200E+02
 -11.225  0.1735E-15  0.1200E+02
 -11.215  0.1384E-15  0.1200E+02
 -11.205  0.1102E-15  0.1200E+02
 -11.195  0.8779E-16  0.1200E+02
 -11.185  0.6986E-16  0.1200E+02
 -11.175  0.5556E-16  0.1200E+02
 -11.165  0.4415E-16  0.1200E+02
 -11.155  0.3506E-16  0.1200E+02
 -11.145  0.2783E-16  0.1200E+02
 -11.135  0.2207E-16  0.1200E+02
 -11.125  0.1749E-16  0.1200E+02
 -11.115  0.1385E-16  0.1200E+02
 -11.105  0.1097E-16  0.1200E+02
 -11.095  0.8673E-17  0.1200E+02
 -11.085  0.6856E-17  0.1200E+02
 -11.075  0.5415E-17  0.1200E+02
 -11.065  0.4275E-17  0.1200E+02
 -11.055  0.3372E-17  0.1200E+02
 -11.045  0.2658E-17  0.1200E+02
 -11.035  0.2094E-17  0.1200E+02
 -11.025  0.1649E-17  0.1200E+02
 -11.015  0.1297E-17  0.1200E+02
 -11.005  0.1020E-17  0.1200E+02
 -10.995  0.8012E-18  0.1200E+02
 -10.985  0.6291E-18  0.1200E+02
 -10.975  0.4936E-18  0.1200E+02
 -10.965  0.3870E-18  0.1200E+02
 -10.955  0.3033E-18  0.1200E+02
 -10.945  0.2375E-18  0.1200E+02
 -10.935  0.1858E-18  0.1200E+02
 -10.925  0.1453E-18  0.1200E+02
 -10.915  0.1136E-18  0.1200E+02
 -10.905  0.8869E-19  0.1200E+02
 -10.895  0.6922E-19  0.1200E+02
 -10.885  0.5398E-19  0.1200E+02
 -10.875  0.4207E-19  0.1200E+02
 -10.865  0.3277E-19  0.1200E+02
 -10.855  0.2551E-19  0.1200E+02
 -10.845  0.1984E-19  0.1200E+02
 -10.835  0.1542E-19  0.1200E+02
 -10.825  0.1198E-19  0.1200E+02
 -10.815  0.9298E-20  0.1200E+02
 -10.805  0.7213E-20  0.1200E+02
 -10.795  0.5591E-20  0.1200E+02
 -10.785  0.4332E-20  0.1200E+02
 -10.775  0.3353E-20  0.1200E+02
 -10.765  0.2594E-20  0.1200E+02
 -10.755  0.2006E-20  0.1200E+02
 -10.745  0.1550E-20  0.1200E+02
 -10.735  0.1197E-20  0.1200E+02
 -10.725  0.9233E-21  0.1200E+02
 -10.715  0.7119E-21  0.1200E+02
 -10.705  0.5486E-21  0.1200E+02
 -10.695  0.4225E-21  0.1200E+02
 -10.685  0.3252E-21  0.1200E+02
 -10.675  0.2502E-21  0.1200E+02
 -10.665  0.1924E-21  0.1200E+02
 -10.655  0.1479E-21  0.1200E+02
 -10.645  0.1137E-21  0.1200E+02
 -10.635  0.8752E-22  0.1200E+02
 -10.625  0.6746E-22  0.1200E+02
 -10.615  0.5217E-22  0.1200E+02
 -10.605  0.4059E-22  0.1200E+02
 -10.595  0.3191E-22  0.1200E+02
 -10.585  0.2551E-22  0.1200E+02
 -10.575  0.2095E-22  0.1200E+02
 -10.565  0.1790E-22  0.1200E+02
 -10.555  0.1614E-22  0.1200E+02
 -10.545  0.1553E-22  0.1200E+02
 -10.535  0.1604E-22  0.1200E+02
 -10.525  0.1767E-22  0.1200E+02
 -10.515  0.2055E-22  0.1200E+02
 -10.505  0.2484E-22  0.1200E+02
 -10.495  0.3083E-22  0.1200E+02
 -10.485  0.3890E-22  0.1200E+02
 -10.475  0.4960E-22  0.1200E+02
 -10.465  0.6360E-22  0.1200E+02
 -10.455  0.8183E-22  0.1200E+02
 -10.445  0.1054E-21  0.1200E+02
 -10.435  0.1360E-21  0.1200E+02
 -10.425  0.1754E-21  0.1200E+02
 -10.415  0.2261E-21  0.1200E+02
 -10.405  0.2914E-21  0.1200E+02
 -10.395  0.3754E-21  0.1200E+02
 -10.385  0.4834E-21  0.1200E+02
 -10.375  0.6220E-21  0.1200E+02
 -10.365  0.7998E-21  0.1200E+02
 -10.355  0.1028E-20  0.1200E+02
 -10.345  0.1320E-20  0.1200E+02
 -10.335  0.1694E-20  0.1200E+02
 -10.325  0.2172E-20  0.1200E+02
 -10.315  0.2784E-20  0.1200E+02
 -10.305  0.3565E-20  0.1200E+02
 -10.295  0.4563E-20  0.1200E+02
 -10.285  0.5836E-20  0.1200E+02
 -10.275  0.7459E-20  0.1200E+02
 -10.265  0.9528E-20  0.1200E+02
 -10.255  0.1216E-19  0.1200E+02
 -10.245  0.1551E-19  0.1200E+02
 -10.235  0.1977E-19  0.1200E+02
 -10.225  0.2519E-19  0.1200E+02
 -10.215  0.3206E-19  0.1200E+02
 -10.205  0.4079E-19  0.1200E+02
 -10.195  0.5185E-19  0.1200E+02
 -10.185  0.6587E-19  0.1200E+02
 -10.175  0.8363E-19  0.1200E+02
 -10.165  0.1061E-18  0.1200E+02
 -10.155  0.1345E-18  0.1200E+02
 -10.145  0.1704E-18  0.1200E+02
 -10.135  0.2158E-18  0.1200E+02
 -10.125  0.2730E-18  0.1200E+02
 -10.115  0.3452E-18  0.1200E+02
 -10.105  0.4362E-18  0.1200E+02
 -10.095  0.5508E-18  0.1200E+02
 -10.085  0.6950E-18  0.1200E+02
 -10.075  0.8764E-18  0.1200E+02
 -10.065  0.1104E-17  0.1200E+02
 -10.055  0.1391E-17  0.1200E+02
 -10.045  0.1750E-17  0.1200E+02
 -10.035  0.2201E-17  0.1200E+02
 -10.025  0.2766E-17  0.1200E+02
 -10.015  0.3474E-17  0.1200E+02
 -10.005  0.4360E-17  0.1200E+02
  -9.995  0.5468E-17  0.1200E+02
  -9.985  0.6854E-17  0.1200E+02
  -9.975  0.8584E-17  0.1200E+02
  -9.965  0.1074E-16  0.1200E+02
  -9.955  0.1344E-16  0.1200E+02
  -9.945  0.1680E-16  0.1200E+02
  -9.935  0.2098E-16  0.1200E+02
  -9.925  0.2619E-16  0.1200E+02
  -9.915  0.3268E-16  0.1200E+02
  -9.905  0.4073E-16  0.1200E+02
  -9.895  0.5075E-16  0.1200E+02
  -9.885  0.6317E-16  0.1200E+02
  -9.875  0.7859E-16  0.1200E+02
  -9.865  0.9771E-16  0.1200E+02
  -9.855  0.1214E-15  0.1200E+02
  -9.845  0.1507E-15  0.1200E+02
  -9.835  0.1870E-15  0.1200E+02
  -9.825  0.2319E-15  0.1200E+02
  -9.815  0.2873E-15  0.1200E+02
  -9.805  0.3557E-15  0.1200E+02
  -9.795  0.4402E-15  0.1200E+02
  -9.785  0.5443E-15  0.1200E+02
  -9.775  0.6726E-15  0.1200E+02
  -9.765  0.8306E-15  0.1200E+02
  -9.755  0.1025E-14  0.1200E+02
  -9.745  0.1264E-14  0.1200E+02
  -9.735  0.1558E-14  0.1200E+02
  -9.725  0.1918E-14  0.1200E+02
  -9.715  0.2361E-14  0.1200E+02
  -9.705  0.2904E-14  0.1200E+02
  -9.695  0.3569E-14  0.1200E+02
  -9.685  0.4383E-14  0.1200E+02
  -9.675  0.5380E-14  0.1200E+02
  -9.665  0.6599E-14  0.1200E+02
  -9.655  0.8088E-14  0.1200E+02
  -9.645  0.9908E-14  0.1200E+02
  -9.635  0.1213E-13  0.1200E+02
  -9.625  0.1484E-13  0.1200E+02
  -9.615  0.1814E-13  0.1200E+02
  -9.605  0.2215E-13  0.1200E+02
  -9.595  0.2705E-13  0.1200E+02
  -9.585  0.3299E-13  0.1200E+02
  -9.575  0.4022E-13  0.1200E+02
  -9.565  0.4901E-13  0.1200E+02
  -9.555  0.5966E-13  0.1200E+02
  -9.545  0.7259E-13  0.1200E+02
  -9.535  0.8826E-13  0.1200E+02
  -9.525  0.1072E-12  0.1200E+02
  -9.515  0.1302E-12  0.1200E+02
  -9.505  0.1580E-12  0.1200E+02
  -9.495  0.1916E-12  0.1200E+02
  -9.485  0.2321E-12  0.1200E+02
  -9.475  0.2811E-12  0.1200E+02
  -9.465  0.3402E-12  0.1200E+02
  -9.455  0.4114E-12  0.1200E+02
  -9.445  0.4971E-12  0.1200E+02
  -9.435  0.6004E-12  0.1200E+02
  -9.425  0.7245E-12  0.1200E+02
  -9.415  0.8738E-12  0.1200E+02
  -9.405  0.1053E-11  0.1200E+02
  -9.395  0.1268E-11  0.1200E+02
  -9.385  0.1527E-11  0.1200E+02
  -9.375  0.1836E-11  0.1200E+02
  -9.365  0.2207E-11  0.1200E+02
  -9.355  0.2651E-11  0.1200E+02
  -9.345  0.3182E-11  0.1200E+02
  -9.335  0.3817E-11  0.1200E+02
  -9.325  0.4576E-11  0.1200E+02
  -9.315  0.5481E-11  0.1200E+02
  -9.305  0.6562E-11  0.1200E+02
  -9.295  0.7850E-11  0.1200E+02
  -9.285  0.9384E-11  0.1200E+02
  -9.275  0.1121E-10  0.1200E+02
  -9.265  0.1338E-10  0.1200E+02
  -9.255  0.1597E-10  0.1200E+02
  -9.245  0.1904E-10  0.1200E+02
  -9.235  0.2268E-10  0.1200E+02
  -9.225  0.2701E-10  0.1200E+02
  -9.215  0.3214E-10  0.1200E+02
  -9.205  0.3821E-10  0.1200E+02
  -9.195  0.4541E-10  0.1200E+02
  -9.185  0.5392E-10  0.1200E+02
  -9.175  0.6398E-10  0.1200E+02
  -9.165  0.7587E-10  0.1200E+02
  -9.155  0.8991E-10  0.1200E+02
  -9.145  0.1065E-09  0.1200E+02
  -9.135  0.1260E-09  0.1200E+02
  -9.125  0.1490E-09  0.1200E+02
  -9.115  0.1761E-09  0.1200E+02
  -9.105  0.2080E-09  0.1200E+02
  -9.095  0.2455E-09  0.1200E+02
  -9.085  0.2896E-09  0.1200E+02
  -9.075  0.3413E-09  0.1200E+02
  -9.065  0.4020E-09  0.1200E+02
  -9.055  0.4732E-09  0.1200E+02
  -9.045  0.5566E-09  0.1200E+02
  -9.035  0.6543E-09  0.1200E+02
  -9.025  0.7686E-09  0.1200E+02
  -9.015  0.9022E-09  0.1200E+02
  -9.005  0.1058E-08  0.1200E+02
  -8.995  0.1241E-08  0.1200E+02
  -8.985  0.1454E-08  0.1200E+02
  -8.975  0.1702E-08  0.1200E+02
  -8.965  0.1991E-08  0.1200E+02
  -8.955  0.2328E-08  0.1200E+02
  -8.945  0.2720E-08  0.1200E+02
  -8.935  0.3175E-08  0.1200E+02
  -8.925  0.3705E-08  0.1200E+02
  -8.915  0.4320E-08  0.1200E+02
  -8.905  0.5034E-08  0.1200E+02
  -8.895  0.5861E-08  0.1200E+02
  -8.885  0.6820E-08  0.1200E+02
  -8.875  0.7931E-08  0.1200E+02
  -8.865  0.9217E-08  0.1200E+02
  -8.855  0.1070E-07  0.1200E+02
  -8.845  0.1242E-07  0.1200E+02
  -8.835  0.1440E-07  0.1200E+02
  -8.825  0.1669E-07  0.1200E+02
  -8.815  0.1933E-07  0.1200E+02
  -8.805  0.2238E-07  0.1200E+02
  -8.795  0.2588E-07  0.1200E+02
  -8.785  0.2991E-07  0.1200E+02
  -8.775  0.3455E-07  0.1200E+02
  -8.765  0.3988E-07  0.1200E+02
  -8.755  0.4600E-07  0.1200E+02
  -8.745  0.5303E-07  0.1200E+02
  -8.735  0.6108E-07  0.1200E+02
  -8.725  0.7031E-07  0.1200E+02
  -8.715  0.8089E-07  0.1200E+02
  -8.705  0.9299E-07  0.1200E+02
  -8.695  0.1068E-06  0.1200E+02
  -8.685  0.1226E-06  0.1200E+02
  -8.675  0.1407E-06  0.1200E+02
  -8.665  0.1613E-06  0.1200E+02
  -8.655  0.1848E-06  0.1200E+02
  -8.645  0.2116E-06  0.1200E+02
  -8.635  0.2421E-06  0.1200E+02
  -8.625  0.2768E-06  0.1200E+02
  -8.615  0.3163E-06  0.1200E+02
  -8.605  0.3612E-06  0.1200E+02
  -8.595  0.4121E-06  0.1200E+02
  -8.585  0.4700E-06  0.1200E+02
  -8.575  0.5355E-06  0.1200E+02
  -8.565  0.6099E-06  0.1200E+02
  -8.555  0.6940E-06  0.1200E+02
  -8.545  0.7893E-06  0.1200E+02
  -8.535  0.8970E-06  0.1200E+02
  -8.525  0.1019E-05  0.1200E+02
  -8.515  0.1156E-05  0.1200E+02
  -8.505  0.1311E-05  0.1200E+02
  -8.495  0.1486E-05  0.1200E+02
  -8.485  0.1684E-05  0.1200E+02
  -8.475  0.1906E-05  0.1200E+02
  -8.465  0.2155E-05  0.1200E+02
  -8.455  0.2436E-05  0.1200E+02
  -8.445  0.2752E-05  0.1200E+02
  -8.435  0.3107E-05  0.1200E+02
  -8.425  0.3505E-05  0.1200E+02
  -8.415  0.3951E-05  0.1200E+02
  -8.405  0.4451E-05  0.1200E+02
  -8.395  0.5011E-05  0.1200E+02
  -8.385  0.5638E-05  0.1200E+02
  -8.375  0.6339E-05  0.1200E+02
  -8.365  0.7122E-05  0.1200E+02
  -8.355  0.7996E-05  0.1200E+02
  -8.345  0.8972E-05  0.1200E+02
  -8.335  0.1006E-04  0.1200E+02
  -8.325  0.1127E-04  0.1200E+02
  -8.315  0.1262E-04  0.1200E+02
  -8.305  0.1412E-04  0.1200E+02
  -8.295  0.1579E-04  0.1200E+02
  -8.285  0.1765E-04  0.1200E+02
  -8.275  0.1971E-04  0.1200E+02
  -8.265  0.2200E-04  0.1200E+02
  -8.255  0.2453E-04  0.1200E+02
  -8.245  0.2734E-04  0.1200E+02
  -8.235  0.3045E-04  0.1200E+02
  -8.225  0.3389E-04  0.1200E+02
  -8.215  0.3770E-04  0.1200E+02
  -8.205  0.4190E-04  0.1200E+02
  -8.195  0.4654E-04  0.1200E+02
  -8.185  0.5167E-04  0.1200E+02
  -8.175  0.5731E-04  0.1200E+02
  -8.165  0.6353E-04  0.1200E+02
  -8.155  0.7038E-04  0.1200E+02
  -8.145  0.7792E-04  0.1200E+02
  -8.135  0.8620E-04  0.1200E+02
  -8.125  0.9530E-04  0.1200E+02
  -8.115  0.1053E-03  0.1200E+02
  -8.105  0.1162E-03  0.1200E+02
  -8.095  0.1283E-03  0.1200E+02
  -8.085  0.1414E-03  0.1200E+02
  -8.075  0.1558E-03  0.1200E+02
  -8.065  0.1716E-03  0.1200E+02
  -8.055  0.1888E-03  0.1200E+02
  -8.045  0.2076E-03  0.1200E+02
  -8.035  0.2282E-03  0.1200E+02
  -8.025  0.2506E-03  0.1200E+02
  -8.015  0.2750E-03  0.1200E+02
  -8.005  0.3016E-03  0.1200E+02
  -7.995  0.3306E-03  0.1200E+02
  -7.985  0.3621E-03  0.1200E+02
  -7.975  0.3964E-03  0.1200E+02
  -7.965  0.4335E-03  0.1200E+02
  -7.955  0.4739E-03  0.1200E+02
  -7.945  0.5177E-03  0.1200E+02
  -7.935  0.5651E-03  0.1200E+02
  -7.925  0.6165E-03  0.1200E+02
  -7.915  0.6722E-03  0.1200E+02
  -7.905  0.7323E-03  0.1200E+02
  -7.895  0.7973E-03  0.1200E+02
  -7.885  0.8676E-03  0.1200E+02
  -7.875  0.9433E-03  0.1200E+02
  -7.865  0.1025E-02  0.1200E+02
  -7.855  0.1113E-02  0.1200E+02
  -7.845  0.1208E-02  0.1200E+02
  -7.835  0.1310E-02  0.1200E+02
  -7.825  0.1420E-02  0.1200E+02
  -7.815  0.1538E-02  0.1200E+02
  -7.805  0.1664E-02  0.1200E+02
  -7.795  0.1800E-02  0.1200E+02
  -7.785  0.1946E-02  0.1200E+02
  -7.775  0.2102E-02  0.1200E+02
  -7.765  0.2269E-02  0.1200E+02
  -7.755  0.2448E-02  0.1200E+02
  -7.745  0.2640E-02  0.1200E+02
  -7.735  0.2844E-02  0.1200E+02
  -7.725  0.3063E-02  0.1200E+02
  -7.715  0.3296E-02  0.1200E+02
  -7.705  0.3544E-02  0.1200E+02
  -7.695  0.3809E-02  0.1200E+02
  -7.685  0.4091E-02  0.1200E+02
  -7.675  0.4391E-02  0.1200E+02
  -7.665  0.4710E-02  0.1200E+02
  -7.655  0.5049E-02  0.1200E+02
  -7.645  0.5408E-02  0.1200E+02
  -7.635  0.5790E-02  0.1200E+02
  -7.625  0.6195E-02  0.1200E+02
  -7.615  0.6625E-02  0.1200E+02
  -7.605  0.7079E-02  0.1200E+02
  -7.595  0.7560E-02  0.1200E+02
  -7.585  0.8069E-02  0.1200E+02
  -7.575  0.8606E-02  0.1200E+02
  -7.565  0.9174E-02  0.1200E+02
  -7.555  0.9773E-02  0.1200E+02
  -7.545  0.1041E-01  0.1200E+02
  -7.535  0.1107E-01  0.1200E+02
  -7.525  0.1177E-01  0.1200E+02
  -7.515  0.1251E-01  0.1200E+02
  -7.505  0.1329E-01  0.1200E+02
  -7.495  0.1411E-01  0.1200E+02
  -7.485  0.1496E-01  0.1200E+02
  -7.475  0.1586E-01  0.1200E+02
  -7.465  0.1681E-01  0.1200E+02
  -7.455  0.1780E-01  0.1200E+02
  -7.445  0.1884E-01  0.1200E+02
  -7.435  0.1993E-01  0.1200E+02
  -7.425  0.2107E-01  0.1200E+02
  -7.415  0.2226E-01  0.1200E+02
  -7.405  0.2351E-01  0.1200E+02
  -7.395  0.2481E-01  0.1200E+02
  -7.385  0.2617E-01  0.1200E+02
  -7.375  0.2759E-01  0.1200E+02
  -7.365  0.2907E-01  0.1200E+02
  -7.355  0.3061E-01  0.1201E+02
  -7.345  0.3222E-01  0.1201E+02
  -7.335  0.3389E-01  0.1201E+02
  -7.325  0.3564E-01  0.1201E+02
  -7.315  0.3745E-01  0.1201E+02
  -7.305  0.3934E-01  0.1201E+02
  -7.295  0.4130E-01  0.1201E+02
  -7.285  0.4334E-01  0.1201E+02
  -7.275  0.4545E-01  0.1201E+02
  -7.265  0.4765E-01  0.1201E+02
  -7.255  0.4992E-01  0.1201E+02
  -7.245  0.5228E-01  0.1201E+02
  -7.235  0.5473E-01  0.1201E+02
  -7.225  0.5727E-01  0.1201E+02
  -7.215  0.5990E-01  0.1201E+02
  -7.205  0.6262E-01  0.1201E+02
  -7.195  0.6543E-01  0.1201E+02
  -7.185  0.6835E-01  0.1201E+02
  -7.175  0.7136E-01  0.1201E+02
  -7.165  0.7448E-01  0.1201E+02
  -7.155  0.7770E-01  0.1202E+02
  -7.145  0.8103E-01  0.1202E+02
  -7.135  0.8447E-01  0.1202E+02
  -7.125  0.8802E-01  0.1202E+02
  -7.115  0.9169E-01  0.1202E+02
  -7.105  0.9548E-01  0.1202E+02
  -7.095  0.9939E-01  0.1202E+02
  -7.085  0.1034E+00  0.1202E+02
  -7.075  0.1076E+00  0.1202E+02
  -7.065  0.1119E+00  0.1202E+02
  -7.055  0.1163E+00  0.1203E+02
  -7.045  0.1209E+00  0.1203E+02
  -7.035  0.1256E+00  0.1203E+02
  -7.025  0.1305E+00  0.1203E+02
  -7.015  0.1355E+00  0.1203E+02
  -7.005  0.1406E+00  0.1203E+02
  -6.995  0.1460E+00  0.1203E+02
  -6.985  0.1514E+00  0.1204E+02
  -6.975  0.1571E+00  0.1204E+02
  -6.965  0.1629E+00  0.1204E+02
  -6.955  0.1689E+00  0.1204E+02
  -6.945  0.1751E+00  0.1204E+02
  -6.935  0.1815E+00  0.1204E+02
  -6.925  0.1881E+00  0.1205E+02
  -6.915  0.1948E+00  0.1205E+02
  -6.905  0.2018E+00  0.1205E+02
  -6.895  0.2090E+00  0.1205E+02
  -6.885  0.2164E+00  0.1205E+02
  -6.875  0.2240E+00  0.1206E+02
  -6.865  0.2319E+00  0.1206E+02
  -6.855  0.2400E+00  0.1206E+02
  -6.845  0.2483E+00  0.1206E+02
  -6.835  0.2569E+00  0.1207E+02
  -6.825  0.2657E+00  0.1207E+02
  -6.815  0.2748E+00  0.1207E+02
  -6.805  0.2842E+00  0.1207E+02
  -6.795  0.2938E+00  0.1208E+02
  -6.785  0.3037E+00  0.1208E+02
  -6.775  0.3139E+00  0.1208E+02
  -6.765  0.3244E+00  0.1209E+02
  -6.755  0.3352E+00  0.1209E+02
  -6.745  0.3464E+00  0.1209E+02
  -6.735  0.3578E+00  0.1210E+02
  -6.725  0.3695E+00  0.1210E+02
  -6.715  0.3816E+00  0.1210E+02
  -6.705  0.3940E+00  0.1211E+02
  -6.695  0.4068E+00  0.1211E+02
  -6.685  0.4199E+00  0.1212E+02
  -6.675  0.4333E+00  0.1212E+02
  -6.665  0.4471E+00  0.1213E+02
  -6.655  0.4613E+00  0.1213E+02
  -6.645  0.4758E+00  0.1213E+02
  -6.635  0.4907E+00  0.1214E+02
  -6.625  0.5060E+00  0.1214E+02
  -6.615  0.5216E+00  0.1215E+02
  -6.605  0.5376E+00  0.1216E+02
  -6.595  0.5540E+00  0.1216E+02
  -6.585  0.5707E+00  0.1217E+02
  -6.575  0.5879E+00  0.1217E+02
  -6.565  0.6054E+00  0.1218E+02
  -6.555  0.6233E+00  0.1218E+02
  -6.545  0.6415E+00  0.1219E+02
  -6.535  0.6602E+00  0.1220E+02
  -6.525  0.6792E+00  0.1220E+02
  -6.515  0.6985E+00  0.1221E+02
  -6.505  0.7182E+00  0.1222E+02
  -6.495  0.7383E+00  0.1223E+02
  -6.485  0.7587E+00  0.1223E+02
  -6.475  0.7794E+00  0.1224E+02
  -6.465  0.8005E+00  0.1225E+02
  -6.455  0.8219E+00  0.1226E+02
  -6.445  0.8436E+00  0.1227E+02
  -6.435  0.8655E+00  0.1227E+02
  -6.425  0.8878E+00  0.1228E+02
  -6.415  0.9103E+00  0.1229E+02
  -6.405  0.9331E+00  0.1230E+02
  -6.395  0.9561E+00  0.1231E+02
  -6.385  0.9793E+00  0.1232E+02
  -6.375  0.1003E+01  0.1233E+02
  -6.365  0.1026E+01  0.1234E+02
  -6.355  0.1050E+01  0.1235E+02
  -6.345  0.1074E+01  0.1236E+02
  -6.335  0.1098E+01  0.1237E+02
  -6.325  0.1122E+01  0.1238E+02
  -6.315  0.1146E+01  0.1240E+02
  -6.305  0.1171E+01  0.1241E+02
  -6.295  0.1195E+01  0.1242E+02
  -6.285  0.1219E+01  0.1243E+02
  -6.275  0.1243E+01  0.1244E+02
  -6.265  0.1267E+01  0.1246E+02
  -6.255  0.1291E+01  0.1247E+02
  -6.245  0.1315E+01  0.1248E+02
  -6.235  0.1339E+01  0.1250E+02
  -6.225  0.1363E+01  0.1251E+02
  -6.215  0.1386E+01  0.1252E+02
  -6.205  0.1410E+01  0.1254E+02
  -6.195  0.1433E+01  0.1255E+02
  -6.185  0.1455E+01  0.1257E+02
  -6.175  0.1478E+01  0.1258E+02
  -6.165  0.1500E+01  0.1260E+02
  -6.155  0.1522E+01  0.1261E+02
  -6.145  0.1543E+01  0.1263E+02
  -6.135  0.1564E+01  0.1264E+02
  -6.125  0.1584E+01  0.1266E+02
  -6.115  0.1604E+01  0.1268E+02
  -6.105  0.1624E+01  0.1269E+02
  -6.095  0.1643E+01  0.1271E+02
  -6.085  0.1661E+01  0.1272E+02
  -6.075  0.1679E+01  0.1274E+02
  -6.065  0.1696E+01  0.1276E+02
  -6.055  0.1713E+01  0.1278E+02
  -6.045  0.1729E+01  0.1279E+02
  -6.035  0.1744E+01  0.1281E+02
  -6.025  0.1759E+01  0.1283E+02
  -6.015  0.1773E+01  0.1285E+02
  -6.005  0.1786E+01  0.1286E+02
  -5.995  0.1799E+01  0.1288E+02
  -5.985  0.1810E+01  0.1290E+02
  -5.975  0.1821E+01  0.1292E+02
  -5.965  0.1832E+01  0.1294E+02
  -5.955  0.1841E+01  0.1295E+02
  -5.945  0.1850E+01  0.1297E+02
  -5.935  0.1858E+01  0.1299E+02
  -5.925  0.1865E+01  0.1301E+02
  -5.915  0.1871E+01  0.1303E+02
  -5.905  0.1877E+01  0.1305E+02
  -5.895  0.1882E+01  0.1307E+02
  -5.885  0.1886E+01  0.1309E+02
  -5.875  0.1889E+01  0.1310E+02
  -5.865  0.1891E+01  0.1312E+02
  -5.855  0.1893E+01  0.1314E+02
  -5.845  0.1894E+01  0.1316E+02
  -5.835  0.1894E+01  0.1318E+02
  -5.825  0.1893E+01  0.1320E+02
  -5.815  0.1892E+01  0.1322E+02
  -5.805  0.1890E+01  0.1324E+02
  -5.795  0.1887E+01  0.1326E+02
  -5.785  0.1884E+01  0.1327E+02
  -5.775  0.1880E+01  0.1329E+02
  -5.765  0.1875E+01  0.1331E+02
  -5.755  0.1870E+01  0.1333E+02
  -5.745  0.1864E+01  0.1335E+02
  -5.735  0.1857E+01  0.1337E+02
  -5.725  0.1850E+01  0.1339E+02
  -5.715  0.1843E+01  0.1340E+02
  -5.705  0.1835E+01  0.1342E+02
  -5.695  0.1826E+01  0.1344E+02
  -5.685  0.1817E+01  0.1346E+02
  -5.675  0.1808E+01  0.1348E+02
  -5.665  0.1798E+01  0.1350E+02
  -5.655  0.1788E+01  0.1351E+02
  -5.645  0.1777E+01  0.1353E+02
  -5.635  0.1767E+01  0.1355E+02
  -5.625  0.1756E+01  0.1357E+02
  -5.615  0.1744E+01  0.1358E+02
  -5.605  0.1733E+01  0.1360E+02
  -5.595  0.1721E+01  0.1362E+02
  -5.585  0.1709E+01  0.1364E+02
  -5.575  0.1698E+01  0.1365E+02
  -5.565  0.1686E+01  0.1367E+02
  -5.555  0.1674E+01  0.1369E+02
  -5.545  0.1661E+01  0.1370E+02
  -5.535  0.1649E+01  0.1372E+02
  -5.525  0.1637E+01  0.1374E+02
  -5.515  0.1626E+01  0.1375E+02
  -5.505  0.1614E+01  0.1377E+02
  -5.495  0.1602E+01  0.1378E+02
  -5.485  0.1591E+01  0.1380E+02
  -5.475  0.1579E+01  0.1382E+02
  -5.465  0.1568E+01  0.1383E+02
  -5.455  0.1557E+01  0.1385E+02
  -5.445  0.1547E+01  0.1386E+02
  -5.435  0.1536E+01  0.1388E+02
  -5.425  0.1526E+01  0.1389E+02
  -5.415  0.1517E+01  0.1391E+02
  -5.405  0.1507E+01  0.1392E+02
  -5.395  0.1498E+01  0.1394E+02
  -5.385  0.1490E+01  0.1395E+02
  -5.375  0.1482E+01  0.1397E+02
  -5.365  0.1474E+01  0.1398E+02
  -5.355  0.1467E+01  0.1400E+02
  -5.345  0.1460E+01  0.1401E+02
  -5.335  0.1453E+01  0.1403E+02
  -5.325  0.1447E+01  0.1404E+02
  -5.315  0.1442E+01  0.1406E+02
  -5.305  0.1437E+01  0.1407E+02
  -5.295  0.1433E+01  0.1408E+02
  -5.285  0.1429E+01  0.1410E+02
  -5.275  0.1425E+01  0.1411E+02
  -5.265  0.1422E+01  0.1413E+02
  -5.255  0.1420E+01  0.1414E+02
  -5.245  0.1418E+01  0.1416E+02
  -5.235  0.1417E+01  0.1417E+02
  -5.225  0.1416E+01  0.1418E+02
  -5.215  0.1416E+01  0.1420E+02
  -5.205  0.1416E+01  0.1421E+02
  -5.195  0.1417E+01  0.1423E+02
  -5.185  0.1418E+01  0.1424E+02
  -5.175  0.1420E+01  0.1425E+02
  -5.165  0.1422E+01  0.1427E+02
  -5.155  0.1425E+01  0.1428E+02
  -5.145  0.1429E+01  0.1430E+02
  -5.135  0.1432E+01  0.1431E+02
  -5.125  0.1437E+01  0.1433E+02
  -5.115  0.1441E+01  0.1434E+02
  -5.105  0.1446E+01  0.1435E+02
  -5.095  0.1452E+01  0.1437E+02
  -5.085  0.1458E+01  0.1438E+02
  -5.075  0.1464E+01  0.1440E+02
  -5.065  0.1471E+01  0.1441E+02
  -5.055  0.1478E+01  0.1443E+02
  -5.045  0.1486E+01  0.1444E+02
  -5.035  0.1494E+01  0.1446E+02
  -5.025  0.1502E+01  0.1447E+02
  -5.015  0.1510E+01  0.1449E+02
  -5.005  0.1519E+01  0.1450E+02
  -4.995  0.1528E+01  0.1452E+02
  -4.985  0.1537E+01  0.1453E+02
  -4.975  0.1547E+01  0.1455E+02
  -4.965  0.1556E+01  0.1456E+02
  -4.955  0.1566E+01  0.1458E+02
  -4.945  0.1576E+01  0.1460E+02
  -4.935  0.1586E+01  0.1461E+02
  -4.925  0.1596E+01  0.1463E+02
  -4.915  0.1607E+01  0.1464E+02
  -4.905  0.1617E+01  0.1466E+02
  -4.895  0.1627E+01  0.1468E+02
  -4.885  0.1638E+01  0.1469E+02
  -4.875  0.1648E+01  0.1471E+02
  -4.865  0.1659E+01  0.1473E+02
  -4.855  0.1669E+01  0.1474E+02
  -4.845  0.1679E+01  0.1476E+02
  -4.835  0.1690E+01  0.1478E+02
  -4.825  0.1700E+01  0.1479E+02
  -4.815  0.1710E+01  0.1481E+02
  -4.805  0.1720E+01  0.1483E+02
  -4.795  0.1730E+01  0.1484E+02
  -4.785  0.1739E+01  0.1486E+02
  -4.775  0.1749E+01  0.1488E+02
  -4.765  0.1758E+01  0.1490E+02
  -4.755  0.1767E+01  0.1492E+02
  -4.745  0.1776E+01  0.1493E+02
  -4.735  0.1784E+01  0.1495E+02
  -4.725  0.1792E+01  0.1497E+02
  -4.715  0.1800E+01  0.1499E+02
  -4.705  0.1808E+01  0.1500E+02
  -4.695  0.1815E+01  0.1502E+02
  -4.685  0.1823E+01  0.1504E+02
  -4.675  0.1829E+01  0.1506E+02
  -4.665  0.1836E+01  0.1508E+02
  -4.655  0.1842E+01  0.1510E+02
  -4.645  0.1848E+01  0.1511E+02
  -4.635  0.1853E+01  0.1513E+02
  -4.625  0.1858E+01  0.1515E+02
  -4.615  0.1863E+01  0.1517E+02
  -4.605  0.1867E+01  0.1519E+02
  -4.595  0.1872E+01  0.1521E+02
  -4.585  0.1875E+01  0.1523E+02
  -4.575  0.1879E+01  0.1525E+02
  -4.565  0.1882E+01  0.1526E+02
  -4.555  0.1884E+01  0.1528E+02
  -4.545  0.1887E+01  0.1530E+02
  -4.535  0.1889E+01  0.1532E+02
  -4.525  0.1890E+01  0.1534E+02
  -4.515  0.1892E+01  0.1536E+02
  -4.505  0.1893E+01  0.1538E+02
  -4.495  0.1893E+01  0.1540E+02
  -4.485  0.1894E+01  0.1542E+02
  -4.475  0.1894E+01  0.1543E+02
  -4.465  0.1894E+01  0.1545E+02
  -4.455  0.1893E+01  0.1547E+02
  -4.445  0.1893E+01  0.1549E+02
  -4.435  0.1892E+01  0.1551E+02
  -4.425  0.1890E+01  0.1553E+02
  -4.415  0.1889E+01  0.1555E+02
  -4.405  0.1887E+01  0.1557E+02
  -4.395  0.1886E+01  0.1559E+02
  -4.385  0.1884E+01  0.1560E+02
  -4.375  0.1882E+01  0.1562E+02
  -4.365  0.1879E+01  0.1564E+02
  -4.355  0.1877E+01  0.1566E+02
  -4.345  0.1874E+01  0.1568E+02
  -4.335  0.1872E+01  0.1570E+02
  -4.325  0.1869E+01  0.1572E+02
  -4.315  0.1866E+01  0.1574E+02
  -4.305  0.1863E+01  0.1575E+02
  -4.295  0.1860E+01  0.1577E+02
  -4.285  0.1857E+01  0.1579E+02
  -4.275  0.1854E+01  0.1581E+02
  -4.265  0.1851E+01  0.1583E+02
  -4.255  0.1848E+01  0.1585E+02
  -4.245  0.1845E+01  0.1587E+02
  -4.235  0.1842E+01  0.1588E+02
  -4.225  0.1839E+01  0.1590E+02
  -4.215  0.1837E+01  0.1592E+02
  -4.205  0.1834E+01  0.1594E+02
  -4.195  0.1831E+01  0.1596E+02
  -4.185  0.1829E+01  0.1598E+02
  -4.175  0.1826E+01  0.1599E+02
  -4.165  0.1824E+01  0.1601E+02
  -4.155  0.1822E+01  0.1603E+02
  -4.145  0.1820E+01  0.1605E+02
  -4.135  0.1818E+01  0.1607E+02
  -4.125  0.1816E+01  0.1608E+02
  -4.115  0.1815E+01  0.1610E+02
  -4.105  0.1814E+01  0.1612E+02
  -4.095  0.1813E+01  0.1614E+02
  -4.085  0.1812E+01  0.1616E+02
  -4.075  0.1811E+01  0.1618E+02
  -4.065  0.1811E+01  0.1619E+02
  -4.055  0.1811E+01  0.1621E+02
  -4.045  0.1811E+01  0.1623E+02
  -4.035  0.1811E+01  0.1625E+02
  -4.025  0.1812E+01  0.1627E+02
  -4.015  0.1813E+01  0.1628E+02
  -4.005  0.1814E+01  0.1630E+02
  -3.995  0.1815E+01  0.1632E+02
  -3.985  0.1817E+01  0.1634E+02
  -3.975  0.1819E+01  0.1636E+02
  -3.965  0.1821E+01  0.1637E+02
  -3.955  0.1824E+01  0.1639E+02
  -3.945  0.1827E+01  0.1641E+02
  -3.935  0.1830E+01  0.1643E+02
  -3.925  0.1834E+01  0.1645E+02
  -3.915  0.1838E+01  0.1647E+02
  -3.905  0.1842E+01  0.1648E+02
  -3.895  0.1847E+01  0.1650E+02
  -3.885  0.1852E+01  0.1652E+02
  -3.875  0.1857E+01  0.1654E+02
  -3.865  0.1863E+01  0.1656E+02
  -3.855  0.1869E+01  0.1658E+02
  -3.845  0.1876E+01  0.1660E+02
  -3.835  0.1883E+01  0.1662E+02
  -3.825  0.1891E+01  0.1663E+02
  -3.815  0.1899E+01  0.1665E+02
  -3.805  0.1907E+01  0.1667E+02
  -3.795  0.1916E+01  0.1669E+02
  -3.785  0.1926E+01  0.1671E+02
  -3.775  0.1936E+01  0.1673E+02
  -3.765  0.1946E+01  0.1675E+02
  -3.755  0.1957E+01  0.1677E+02
  -3.745  0.1969E+01  0.1679E+02
  -3.735  0.1981E+01  0.1681E+02
  -3.725  0.1993E+01  0.1683E+02
  -3.715  0.2007E+01  0.1685E+02
  -3.705  0.2021E+01  0.1687E+02
  -3.695  0.2035E+01  0.1689E+02
  -3.685  0.2050E+01  0.1691E+02
  -3.675  0.2066E+01  0.1693E+02
  -3.665  0.2083E+01  0.1695E+02
  -3.655  0.2100E+01  0.1697E+02
  -3.645  0.2118E+01  0.1699E+02
  -3.635  0.2136E+01  0.1701E+02
  -3.625  0.2156E+01  0.1704E+02
  -3.615  0.2176E+01  0.1706E+02
  -3.605  0.2197E+01  0.1708E+02
  -3.595  0.2219E+01  0.1710E+02
  -3.585  0.2241E+01  0.1712E+02
  -3.575  0.2265E+01  0.1715E+02
  -3.565  0.2289E+01  0.1717E+02
  -3.555  0.2314E+01  0.1719E+02
  -3.545  0.2340E+01  0.1722E+02
  -3.535  0.2366E+01  0.1724E+02
  -3.525  0.2394E+01  0.1726E+02
  -3.515  0.2422E+01  0.1729E+02
  -3.505  0.2452E+01  0.1731E+02
  -3.495  0.2482E+01  0.1734E+02
  -3.485  0.2513E+01  0.1736E+02
  -3.475  0.2546E+01  0.1739E+02
  -3.465  0.2579E+01  0.1741E+02
  -3.455  0.2612E+01  0.1744E+02
  -3.445  0.2647E+01  0.1747E+02
  -3.435  0.2683E+01  0.1749E+02
  -3.425  0.2720E+01  0.1752E+02
  -3.415  0.2757E+01  0.1755E+02
  -3.405  0.2796E+01  0.1758E+02
  -3.395  0.2835E+01  0.1760E+02
  -3.385  0.2875E+01  0.1763E+02
  -3.375  0.2916E+01  0.1766E+02
  -3.365  0.2958E+01  0.1769E+02
  -3.355  0.3000E+01  0.1772E+02
  -3.345  0.3044E+01  0.1775E+02
  -3.335  0.3088E+01  0.1778E+02
  -3.325  0.3133E+01  0.1781E+02
  -3.315  0.3179E+01  0.1785E+02
  -3.305  0.3225E+01  0.1788E+02
  -3.295  0.3272E+01  0.1791E+02
  -3.285  0.3319E+01  0.1794E+02
  -3.275  0.3368E+01  0.1798E+02
  -3.265  0.3416E+01  0.1801E+02
  -3.255  0.3465E+01  0.1805E+02
  -3.245  0.3515E+01  0.1808E+02
  -3.235  0.3565E+01  0.1812E+02
  -3.225  0.3616E+01  0.1815E+02
  -3.215  0.3666E+01  0.1819E+02
  -3.205  0.3717E+01  0.1823E+02
  -3.195  0.3769E+01  0.1827E+02
  -3.185  0.3820E+01  0.1830E+02
  -3.175  0.3872E+01  0.1834E+02
  -3.165  0.3923E+01  0.1838E+02
  -3.155  0.3975E+01  0.1842E+02
  -3.145  0.4027E+01  0.1846E+02
  -3.135  0.4078E+01  0.1850E+02
  -3.125  0.4130E+01  0.1854E+02
  -3.115  0.4181E+01  0.1859E+02
  -3.105  0.4232E+01  0.1863E+02
  -3.095  0.4282E+01  0.1867E+02
  -3.085  0.4333E+01  0.1871E+02
  -3.075  0.4382E+01  0.1876E+02
  -3.065  0.4432E+01  0.1880E+02
  -3.055  0.4480E+01  0.1885E+02
  -3.045  0.4528E+01  0.1889E+02
  -3.035  0.4576E+01  0.1894E+02
  -3.025  0.4622E+01  0.1898E+02
  -3.015  0.4668E+01  0.1903E+02
  -3.005  0.4713E+01  0.1908E+02
  -2.995  0.4757E+01  0.1913E+02
  -2.985  0.4800E+01  0.1917E+02
  -2.975  0.4842E+01  0.1922E+02
  -2.965  0.4883E+01  0.1927E+02
  -2.955  0.4922E+01  0.1932E+02
  -2.945  0.4961E+01  0.1937E+02
  -2.935  0.4998E+01  0.1942E+02
  -2.925  0.5034E+01  0.1947E+02
  -2.915  0.5069E+01  0.1952E+02
  -2.905  0.5102E+01  0.1957E+02
  -2.895  0.5134E+01  0.1962E+02
  -2.885  0.5164E+01  0.1967E+02
  -2.875  0.5193E+01  0.1973E+02
  -2.865  0.5220E+01  0.1978E+02
  -2.855  0.5246E+01  0.1983E+02
  -2.845  0.5270E+01  0.1988E+02
  -2.835  0.5292E+01  0.1994E+02
  -2.825  0.5313E+01  0.1999E+02
  -2.815  0.5332E+01  0.2004E+02
  -2.805  0.5349E+01  0.2010E+02
  -2.795  0.5364E+01  0.2015E+02
  -2.785  0.5378E+01  0.2020E+02
  -2.775  0.5390E+01  0.2026E+02
  -2.765  0.5400E+01  0.2031E+02
  -2.755  0.5408E+01  0.2037E+02
  -2.745  0.5414E+01  0.2042E+02
  -2.735  0.5418E+01  0.2047E+02
  -2.725  0.5420E+01  0.2053E+02
  -2.715  0.5421E+01  0.2058E+02
  -2.705  0.5419E+01  0.2064E+02
  -2.695  0.5416E+01  0.2069E+02
  -2.685  0.5411E+01  0.2075E+02
  -2.675  0.5404E+01  0.2080E+02
  -2.665  0.5394E+01  0.2085E+02
  -2.655  0.5383E+01  0.2091E+02
  -2.645  0.5370E+01  0.2096E+02
  -2.635  0.5356E+01  0.2101E+02
  -2.625  0.5339E+01  0.2107E+02
  -2.615  0.5320E+01  0.2112E+02
  -2.605  0.5300E+01  0.2117E+02
  -2.595  0.5278E+01  0.2123E+02
  -2.585  0.5254E+01  0.2128E+02
  -2.575  0.5228E+01  0.2133E+02
  -2.565  0.5200E+01  0.2138E+02
  -2.555  0.5171E+01  0.2144E+02
  -2.545  0.5140E+01  0.2149E+02
  -2.535  0.5107E+01  0.2154E+02
  -2.525  0.5072E+01  0.2159E+02
  -2.515  0.5036E+01  0.2164E+02
  -2.505  0.4999E+01  0.2169E+02
  -2.495  0.4959E+01  0.2174E+02
  -2.485  0.4919E+01  0.2179E+02
  -2.475  0.4876E+01  0.2184E+02
  -2.465  0.4832E+01  0.2189E+02
  -2.455  0.4787E+01  0.2193E+02
  -2.445  0.4741E+01  0.2198E+02
  -2.435  0.4693E+01  0.2203E+02
  -2.425  0.4644E+01  0.2207E+02
  -2.415  0.4593E+01  0.2212E+02
  -2.405  0.4542E+01  0.2217E+02
  -2.395  0.4489E+01  0.2221E+02
  -2.385  0.4435E+01  0.2225E+02
  -2.375  0.4380E+01  0.2230E+02
  -2.365  0.4324E+01  0.2234E+02
  -2.355  0.4267E+01  0.2238E+02
  -2.345  0.4209E+01  0.2243E+02
  -2.335  0.4150E+01  0.2247E+02
  -2.325  0.4091E+01  0.2251E+02
  -2.315  0.4031E+01  0.2255E+02
  -2.305  0.3969E+01  0.2259E+02
  -2.295  0.3908E+01  0.2263E+02
  -2.285  0.3845E+01  0.2267E+02
  -2.275  0.3783E+01  0.2270E+02
  -2.265  0.3719E+01  0.2274E+02
  -2.255  0.3656E+01  0.2278E+02
  -2.245  0.3591E+01  0.2281E+02
  -2.235  0.3527E+01  0.2285E+02
  -2.225  0.3462E+01  0.2288E+02
  -2.215  0.3397E+01  0.2292E+02
  -2.205  0.3332E+01  0.2295E+02
  -2.195  0.3266E+01  0.2298E+02
  -2.185  0.3201E+01  0.2302E+02
  -2.175  0.3135E+01  0.2305E+02
  -2.165  0.3070E+01  0.2308E+02
  -2.155  0.3004E+01  0.2311E+02
  -2.145  0.2939E+01  0.2314E+02
  -2.135  0.2874E+01  0.2317E+02
  -2.125  0.2809E+01  0.2319E+02
  -2.115  0.2745E+01  0.2322E+02
  -2.105  0.2680E+01  0.2325E+02
  -2.095  0.2616E+01  0.2327E+02
  -2.085  0.2553E+01  0.2330E+02
  -2.075  0.2489E+01  0.2332E+02
  -2.065  0.2427E+01  0.2335E+02
  -2.055  0.2365E+01  0.2337E+02
  -2.045  0.2303E+01  0.2340E+02
  -2.035  0.2242E+01  0.2342E+02
  -2.025  0.2182E+01  0.2344E+02
  -2.015  0.2122E+01  0.2346E+02
  -2.005  0.2063E+01  0.2348E+02
  -1.995  0.2005E+01  0.2350E+02
  -1.985  0.1947E+01  0.2352E+02
  -1.975  0.1891E+01  0.2354E+02
  -1.965  0.1835E+01  0.2356E+02
  -1.955  0.1780E+01  0.2358E+02
  -1.945  0.1726E+01  0.2359E+02
  -1.935  0.1673E+01  0.2361E+02
  -1.925  0.1620E+01  0.2363E+02
  -1.915  0.1569E+01  0.2364E+02
  -1.905  0.1519E+01  0.2366E+02
  -1.895  0.1469E+01  0.2367E+02
  -1.885  0.1421E+01  0.2369E+02
  -1.875  0.1374E+01  0.2370E+02
  -1.865  0.1328E+01  0.2371E+02
  -1.855  0.1282E+01  0.2373E+02
  -1.845  0.1238E+01  0.2374E+02
  -1.835  0.1195E+01  0.2375E+02
  -1.825  0.1153E+01  0.2376E+02
  -1.815  0.1112E+01  0.2377E+02
  -1.805  0.1072E+01  0.2378E+02
  -1.795  0.1033E+01  0.2379E+02
  -1.785  0.9957E+00  0.2380E+02
  -1.775  0.9592E+00  0.2381E+02
  -1.765  0.9238E+00  0.2382E+02
  -1.755  0.8895E+00  0.2383E+02
  -1.745  0.8563E+00  0.2384E+02
  -1.735  0.8242E+00  0.2385E+02
  -1.725  0.7933E+00  0.2386E+02
  -1.715  0.7634E+00  0.2386E+02
  -1.705  0.7347E+00  0.2387E+02
  -1.695  0.7071E+00  0.2388E+02
  -1.685  0.6806E+00  0.2389E+02
  -1.675  0.6552E+00  0.2389E+02
  -1.665  0.6310E+00  0.2390E+02
  -1.655  0.6078E+00  0.2390E+02
  -1.645  0.5857E+00  0.2391E+02
  -1.635  0.5648E+00  0.2392E+02
  -1.625  0.5449E+00  0.2392E+02
  -1.615  0.5261E+00  0.2393E+02
  -1.605  0.5084E+00  0.2393E+02
  -1.595  0.4918E+00  0.2394E+02
  -1.585  0.4763E+00  0.2394E+02
  -1.575  0.4618E+00  0.2395E+02
  -1.565  0.4485E+00  0.2395E+02
  -1.555  0.4362E+00  0.2395E+02
  -1.545  0.4249E+00  0.2396E+02
  -1.535  0.4148E+00  0.2396E+02
  -1.525  0.4057E+00  0.2397E+02
  -1.515  0.3976E+00  0.2397E+02
  -1.505  0.3907E+00  0.2397E+02
  -1.495  0.3848E+00  0.2398E+02
  -1.485  0.3799E+00  0.2398E+02
  -1.475  0.3762E+00  0.2399E+02
  -1.465  0.3735E+00  0.2399E+02
  -1.455  0.3718E+00  0.2399E+02
  -1.445  0.3713E+00  0.2400E+02
  -1.435  0.3718E+00  0.2400E+02
  -1.425  0.3734E+00  0.2400E+02
  -1.415  0.3761E+00  0.2401E+02
  -1.405  0.3798E+00  0.2401E+02
  -1.395  0.3847E+00  0.2402E+02
  -1.385  0.3906E+00  0.2402E+02
  -1.375  0.3977E+00  0.2402E+02
  -1.365  0.4059E+00  0.2403E+02
  -1.355  0.4152E+00  0.2403E+02
  -1.345  0.4256E+00  0.2404E+02
  -1.335  0.4372E+00  0.2404E+02
  -1.325  0.4499E+00  0.2405E+02
  -1.315  0.4637E+00  0.2405E+02
  -1.305  0.4787E+00  0.2406E+02
  -1.295  0.4949E+00  0.2406E+02
  -1.285  0.5122E+00  0.2407E+02
  -1.275  0.5308E+00  0.2407E+02
  -1.265  0.5505E+00  0.2408E+02
  -1.255  0.5714E+00  0.2408E+02
  -1.245  0.5936E+00  0.2409E+02
  -1.235  0.6169E+00  0.2409E+02
  -1.225  0.6415E+00  0.2410E+02
  -1.215  0.6674E+00  0.2411E+02
  -1.205  0.6944E+00  0.2411E+02
  -1.195  0.7228E+00  0.2412E+02
  -1.185  0.7523E+00  0.2413E+02
  -1.175  0.7832E+00  0.2414E+02
  -1.165  0.8153E+00  0.2414E+02
  -1.155  0.8487E+00  0.2415E+02
  -1.145  0.8834E+00  0.2416E+02
  -1.135  0.9194E+00  0.2417E+02
  -1.125  0.9566E+00  0.2418E+02
  -1.115  0.9951E+00  0.2419E+02
  -1.105  0.1035E+01  0.2420E+02
  -1.095  0.1076E+01  0.2421E+02
  -1.085  0.1118E+01  0.2422E+02
  -1.075  0.1162E+01  0.2423E+02
  -1.065  0.1207E+01  0.2425E+02
  -1.055  0.1253E+01  0.2426E+02
  -1.045  0.1301E+01  0.2427E+02
  -1.035  0.1349E+01  0.2429E+02
  -1.025  0.1399E+01  0.2430E+02
  -1.015  0.1451E+01  0.2431E+02
  -1.005  0.1503E+01  0.2433E+02
  -0.995  0.1556E+01  0.2434E+02
  -0.985  0.1611E+01  0.2436E+02
  -0.975  0.1667E+01  0.2438E+02
  -0.965  0.1724E+01  0.2439E+02
  -0.955  0.1782E+01  0.2441E+02
  -0.945  0.1842E+01  0.2443E+02
  -0.935  0.1902E+01  0.2445E+02
  -0.925  0.1963E+01  0.2447E+02
  -0.915  0.2026E+01  0.2449E+02
  -0.905  0.2089E+01  0.2451E+02
  -0.895  0.2153E+01  0.2453E+02
  -0.885  0.2218E+01  0.2455E+02
  -0.875  0.2284E+01  0.2458E+02
  -0.865  0.2351E+01  0.2460E+02
  -0.855  0.2419E+01  0.2462E+02
  -0.845  0.2487E+01  0.2465E+02
  -0.835  0.2557E+01  0.2468E+02
  -0.825  0.2626E+01  0.2470E+02
  -0.815  0.2697E+01  0.2473E+02
  -0.805  0.2768E+01  0.2476E+02
  -0.795  0.2839E+01  0.2478E+02
  -0.785  0.2911E+01  0.2481E+02
  -0.775  0.2984E+01  0.2484E+02
  -0.765  0.3056E+01  0.2487E+02
  -0.755  0.3129E+01  0.2491E+02
  -0.745  0.3203E+01  0.2494E+02
  -0.735  0.3276E+01  0.2497E+02
  -0.725  0.3350E+01  0.2500E+02
  -0.715  0.3424E+01  0.2504E+02
  -0.705  0.3498E+01  0.2507E+02
  -0.695  0.3571E+01  0.2511E+02
  -0.685  0.3645E+01  0.2515E+02
  -0.675  0.3719E+01  0.2518E+02
  -0.665  0.3792E+01  0.2522E+02
  -0.655  0.3866E+01  0.2526E+02
  -0.645  0.3938E+01  0.2530E+02
  -0.635  0.4011E+01  0.2534E+02
  -0.625  0.4083E+01  0.2538E+02
  -0.615  0.4155E+01  0.2542E+02
  -0.605  0.4226E+01  0.2546E+02
  -0.595  0.4297E+01  0.2551E+02
  -0.585  0.4367E+01  0.2555E+02
  -0.575  0.4436E+01  0.2559E+02
  -0.565  0.4505E+01  0.2564E+02
  -0.555  0.4573E+01  0.2568E+02
  -0.545  0.4640E+01  0.2573E+02
  -0.535  0.4707E+01  0.2578E+02
  -0.525  0.4772E+01  0.2583E+02
  -0.515  0.4837E+01  0.2587E+02
  -0.505  0.4900E+01  0.2592E+02
  -0.495  0.4963E+01  0.2597E+02
  -0.485  0.5024E+01  0.2602E+02
  -0.475  0.5085E+01  0.2607E+02
  -0.465  0.5144E+01  0.2613E+02
  -0.455  0.5202E+01  0.2618E+02
  -0.445  0.5259E+01  0.2623E+02
  -0.435  0.5315E+01  0.2628E+02
  -0.425  0.5370E+01  0.2634E+02
  -0.415  0.5423E+01  0.2639E+02
  -0.405  0.5476E+01  0.2645E+02
  -0.395  0.5527E+01  0.2650E+02
  -0.385  0.5576E+01  0.2656E+02
  -0.375  0.5625E+01  0.2661E+02
  -0.365  0.5672E+01  0.2667E+02
  -0.355  0.5718E+01  0.2673E+02
  -0.345  0.5762E+01  0.2678E+02
  -0.335  0.5805E+01  0.2684E+02
  -0.325  0.5847E+01  0.2690E+02
  -0.315  0.5888E+01  0.2696E+02
  -0.305  0.5927E+01  0.2702E+02
  -0.295  0.5965E+01  0.2708E+02
  -0.285  0.6002E+01  0.2714E+02
  -0.275  0.6038E+01  0.2720E+02
  -0.265  0.6072E+01  0.2726E+02
  -0.255  0.6105E+01  0.2732E+02
  -0.245  0.6137E+01  0.2738E+02
  -0.235  0.6168E+01  0.2744E+02
  -0.225  0.6197E+01  0.2751E+02
  -0.215  0.6225E+01  0.2757E+02
  -0.205  0.6252E+01  0.2763E+02
  -0.195  0.6279E+01  0.2769E+02
  -0.185  0.6304E+01  0.2776E+02
  -0.175  0.6327E+01  0.2782E+02
  -0.165  0.6350E+01  0.2788E+02
  -0.155  0.6372E+01  0.2795E+02
  -0.145  0.6393E+01  0.2801E+02
  -0.135  0.6413E+01  0.2808E+02
  -0.125  0.6432E+01  0.2814E+02
  -0.115  0.6451E+01  0.2820E+02
  -0.105  0.6468E+01  0.2827E+02
  -0.095  0.6485E+01  0.2833E+02
  -0.085  0.6501E+01  0.2840E+02
  -0.075  0.6516E+01  0.2846E+02
  -0.065  0.6530E+01  0.2853E+02
  -0.055  0.6544E+01  0.2859E+02
  -0.045  0.6557E+01  0.2866E+02
  -0.035  0.6570E+01  0.2873E+02
  -0.025  0.6582E+01  0.2879E+02
  -0.015  0.6593E+01  0.2886E+02
  -0.005  0.6604E+01  0.2892E+02
   0.005  0.6615E+01  0.2899E+02
   0.015  0.6625E+01  0.2906E+02
   0.025  0.6634E+01  0.2912E+02
   0.035  0.6644E+01  0.2919E+02
   0.045  0.6653E+01  0.2926E+02
   0.055  0.6661E+01  0.2932E+02
   0.065  0.6670E+01  0.2939E+02
   0.075  0.6678E+01  0.2946E+02
   0.085  0.6686E+01  0.2952E+02
   0.095  0.6694E+01  0.2959E+02
   0.105  0.6701E+01  0.2966E+02
   0.115  0.6709E+01  0.2972E+02
   0.125  0.6716E+01  0.2979E+02
   0.135  0.6723E+01  0.2986E+02
   0.145  0.6730E+01  0.2993E+02
   0.155  0.6737E+01  0.2999E+02
   0.165  0.6744E+01  0.3006E+02
   0.175  0.6751E+01  0.3013E+02
   0.185  0.6758E+01  0.3020E+02
   0.195  0.6765E+01  0.3026E+02
   0.205  0.6772E+01  0.3033E+02
   0.215  0.6779E+01  0.3040E+02
   0.225  0.6786E+01  0.3047E+02
   0.235  0.6793E+01  0.3053E+02
   0.245  0.6800E+01  0.3060E+02
   0.255  0.6807E+01  0.3067E+02
   0.265  0.6814E+01  0.3074E+02
   0.275  0.6821E+01  0.3081E+02
   0.285  0.6829E+01  0.3087E+02
   0.295  0.6836E+01  0.3094E+02
   0.305  0.6844E+01  0.3101E+02
   0.315  0.6851E+01  0.3108E+02
   0.325  0.6859E+01  0.3115E+02
   0.335  0.6867E+01  0.3122E+02
   0.345  0.6875E+01  0.3129E+02
   0.355  0.6883E+01  0.3135E+02
   0.365  0.6891E+01  0.3142E+02
   0.375  0.6899E+01  0.3149E+02
   0.385  0.6908E+01  0.3156E+02
   0.395  0.6916E+01  0.3163E+02
   0.405  0.6925E+01  0.3170E+02
   0.415  0.6934E+01  0.3177E+02
   0.425  0.6943E+01  0.3184E+02
   0.435  0.6952E+01  0.3191E+02
   0.445  0.6961E+01  0.3198E+02
   0.455  0.6970E+01  0.3205E+02
   0.465  0.6979E+01  0.3212E+02
   0.475  0.6989E+01  0.3219E+02
   0.485  0.6998E+01  0.3226E+02
   0.495  0.7008E+01  0.3233E+02
   0.505  0.7017E+01  0.3240E+02
   0.515  0.7027E+01  0.3247E+02
   0.525  0.7037E+01  0.3254E+02
   0.535  0.7047E+01  0.3261E+02
   0.545  0.7058E+01  0.3268E+02
   0.555  0.7068E+01  0.3275E+02
   0.565  0.7078E+01  0.3282E+02
   0.575  0.7089E+01  0.3289E+02
   0.585  0.7099E+01  0.3296E+02
   0.595  0.7110E+01  0.3303E+02
   0.605  0.7121E+01  0.3311E+02
   0.615  0.7132E+01  0.3318E+02
   0.625  0.7143E+01  0.3325E+02
   0.635  0.7154E+01  0.3332E+02
   0.645  0.7165E+01  0.3339E+02
   0.655  0.7177E+01  0.3346E+02
   0.665  0.7188E+01  0.3353E+02
   0.675  0.7200E+01  0.3361E+02
   0.685  0.7212E+01  0.3368E+02
   0.695  0.7224E+01  0.3375E+02
   0.705  0.7236E+01  0.3382E+02
   0.715  0.7248E+01  0.3390E+02
   0.725  0.7260E+01  0.3397E+02
   0.735  0.7272E+01  0.3404E+02
   0.745  0.7285E+01  0.3411E+02
   0.755  0.7297E+01  0.3419E+02
   0.765  0.7310E+01  0.3426E+02
   0.775  0.7323E+01  0.3433E+02
   0.785  0.7336E+01  0.3441E+02
   0.795  0.7349E+01  0.3448E+02
   0.805  0.7362E+01  0.3455E+02
   0.815  0.7375E+01  0.3463E+02
   0.825  0.7389E+01  0.3470E+02
   0.835  0.7402E+01  0.3478E+02
   0.845  0.7416E+01  0.3485E+02
   0.855  0.7429E+01  0.3492E+02
   0.865  0.7443E+01  0.3500E+02
   0.875  0.7457E+01  0.3507E+02
   0.885  0.7471E+01  0.3515E+02
   0.895  0.7485E+01  0.3522E+02
   0.905  0.7499E+01  0.3530E+02
   0.915  0.7513E+01  0.3537E+02
   0.925  0.7527E+01  0.3545E+02
   0.935  0.7542E+01  0.3552E+02
   0.945  0.7556E+01  0.3560E+02
   0.955  0.7570E+01  0.3567E+02
   0.965  0.7584E+01  0.3575E+02
   0.975  0.7599E+01  0.3583E+02
   0.985  0.7613E+01  0.3590E+02
   0.995  0.7627E+01  0.3598E+02
   1.005  0.7641E+01  0.3606E+02
   1.015  0.7656E+01  0.3613E+02
   1.025  0.7670E+01  0.3621E+02
   1.035  0.7684E+01  0.3629E+02
   1.045  0.7698E+01  0.3636E+02
   1.055  0.7711E+01  0.3644E+02
   1.065  0.7725E+01  0.3652E+02
   1.075  0.7739E+01  0.3659E+02
   1.085  0.7752E+01  0.3667E+02
   1.095  0.7765E+01  0.3675E+02
   1.105  0.7778E+01  0.3683E+02
   1.115  0.7791E+01  0.3690E+02
   1.125  0.7803E+01  0.3698E+02
   1.135  0.7816E+01  0.3706E+02
   1.145  0.7828E+01  0.3714E+02
   1.155  0.7839E+01  0.3722E+02
   1.165  0.7851E+01  0.3730E+02
   1.175  0.7862E+01  0.3737E+02
   1.185  0.7872E+01  0.3745E+02
   1.195  0.7883E+01  0.3753E+02
   1.205  0.7893E+01  0.3761E+02
   1.215  0.7902E+01  0.3769E+02
   1.225  0.7911E+01  0.3777E+02
   1.235  0.7920E+01  0.3785E+02
   1.245  0.7928E+01  0.3793E+02
   1.255  0.7935E+01  0.3801E+02
   1.265  0.7942E+01  0.3809E+02
   1.275  0.7949E+01  0.3817E+02
   1.285  0.7955E+01  0.3825E+02
   1.295  0.7960E+01  0.3833E+02
   1.305  0.7965E+01  0.3841E+02
   1.315  0.7969E+01  0.3848E+02
   1.325  0.7973E+01  0.3856E+02
   1.335  0.7976E+01  0.3864E+02
   1.345  0.7978E+01  0.3872E+02
   1.355  0.7980E+01  0.3880E+02
   1.365  0.7981E+01  0.3888E+02
   1.375  0.7981E+01  0.3896E+02
   1.385  0.7981E+01  0.3904E+02
   1.395  0.7980E+01  0.3912E+02
   1.405  0.7978E+01  0.3920E+02
   1.415  0.7976E+01  0.3928E+02
   1.425  0.7973E+01  0.3936E+02
   1.435  0.7969E+01  0.3944E+02
   1.445  0.7964E+01  0.3952E+02
   1.455  0.7959E+01  0.3960E+02
   1.465  0.7952E+01  0.3968E+02
   1.475  0.7946E+01  0.3976E+02
   1.485  0.7938E+01  0.3984E+02
   1.495  0.7930E+01  0.3992E+02
   1.505  0.7921E+01  0.4000E+02
   1.515  0.7911E+01  0.4008E+02
   1.525  0.7900E+01  0.4016E+02
   1.535  0.7889E+01  0.4024E+02
   1.545  0.7877E+01  0.4031E+02
   1.555  0.7865E+01  0.4039E+02
   1.565  0.7851E+01  0.4047E+02
   1.575  0.7837E+01  0.4055E+02
   1.585  0.7823E+01  0.4063E+02
   1.595  0.7807E+01  0.4071E+02
   1.605  0.7791E+01  0.4078E+02
   1.615  0.7775E+01  0.4086E+02
   1.625  0.7757E+01  0.4094E+02
   1.635  0.7740E+01  0.4102E+02
   1.645  0.7721E+01  0.4109E+02
   1.655  0.7702E+01  0.4117E+02
   1.665  0.7682E+01  0.4125E+02
   1.675  0.7662E+01  0.4132E+02
   1.685  0.7642E+01  0.4140E+02
   1.695  0.7620E+01  0.4148E+02
   1.705  0.7599E+01  0.4155E+02
   1.715  0.7576E+01  0.4163E+02
   1.725  0.7554E+01  0.4170E+02
   1.735  0.7531E+01  0.4178E+02
   1.745  0.7507E+01  0.4185E+02
   1.755  0.7483E+01  0.4193E+02
   1.765  0.7459E+01  0.4200E+02
   1.775  0.7434E+01  0.4208E+02
   1.785  0.7409E+01  0.4215E+02
   1.795  0.7383E+01  0.4223E+02
   1.805  0.7357E+01  0.4230E+02
   1.815  0.7331E+01  0.4237E+02
   1.825  0.7304E+01  0.4245E+02
   1.835  0.7278E+01  0.4252E+02
   1.845  0.7250E+01  0.4259E+02
   1.855  0.7223E+01  0.4266E+02
   1.865  0.7195E+01  0.4274E+02
   1.875  0.7167E+01  0.4281E+02
   1.885  0.7138E+01  0.4288E+02
   1.895  0.7109E+01  0.4295E+02
   1.905  0.7080E+01  0.4302E+02
   1.915  0.7051E+01  0.4309E+02
   1.925  0.7021E+01  0.4316E+02
   1.935  0.6991E+01  0.4323E+02
   1.945  0.6960E+01  0.4330E+02
   1.955  0.6930E+01  0.4337E+02
   1.965  0.6899E+01  0.4344E+02
   1.975  0.6867E+01  0.4351E+02
   1.985  0.6836E+01  0.4358E+02
   1.995  0.6803E+01  0.4364E+02
   2.005  0.6771E+01  0.4371E+02
   2.015  0.6738E+01  0.4378E+02
   2.025  0.6705E+01  0.4385E+02
   2.035  0.6671E+01  0.4391E+02
   2.045  0.6637E+01  0.4398E+02
   2.055  0.6602E+01  0.4405E+02
   2.065  0.6567E+01  0.4411E+02
   2.075  0.6531E+01  0.4418E+02
   2.085  0.6495E+01  0.4424E+02
   2.095  0.6458E+01  0.4431E+02
   2.105  0.6421E+01  0.4437E+02
   2.115  0.6383E+01  0.4443E+02
   2.125  0.6344E+01  0.4450E+02
   2.135  0.6305E+01  0.4456E+02
   2.145  0.6265E+01  0.4462E+02
   2.155  0.6225E+01  0.4469E+02
   2.165  0.6183E+01  0.4475E+02
   2.175  0.6141E+01  0.4481E+02
   2.185  0.6099E+01  0.4487E+02
   2.195  0.6055E+01  0.4493E+02
   2.205  0.6011E+01  0.4499E+02
   2.215  0.5966E+01  0.4505E+02
   2.225  0.5920E+01  0.4511E+02
   2.235  0.5873E+01  0.4517E+02
   2.245  0.5825E+01  0.4523E+02
   2.255  0.5777E+01  0.4528E+02
   2.265  0.5727E+01  0.4534E+02
   2.275  0.5677E+01  0.4540E+02
   2.285  0.5626E+01  0.4545E+02
   2.295  0.5573E+01  0.4551E+02
   2.305  0.5520E+01  0.4556E+02
   2.315  0.5466E+01  0.4562E+02
   2.325  0.5411E+01  0.4567E+02
   2.335  0.5355E+01  0.4573E+02
   2.345  0.5299E+01  0.4578E+02
   2.355  0.5241E+01  0.4583E+02
   2.365  0.5182E+01  0.4588E+02
   2.375  0.5123E+01  0.4594E+02
   2.385  0.5062E+01  0.4599E+02
   2.395  0.5001E+01  0.4604E+02
   2.405  0.4939E+01  0.4609E+02
   2.415  0.4876E+01  0.4613E+02
   2.425  0.4812E+01  0.4618E+02
   2.435  0.4747E+01  0.4623E+02
   2.445  0.4682E+01  0.4628E+02
   2.455  0.4616E+01  0.4632E+02
   2.465  0.4549E+01  0.4637E+02
   2.475  0.4481E+01  0.4641E+02
   2.485  0.4413E+01  0.4646E+02
   2.495  0.4344E+01  0.4650E+02
   2.505  0.4275E+01  0.4654E+02
   2.515  0.4205E+01  0.4659E+02
   2.525  0.4134E+01  0.4663E+02
   2.535  0.4063E+01  0.4667E+02
   2.545  0.3992E+01  0.4671E+02
   2.555  0.3920E+01  0.4675E+02
   2.565  0.3848E+01  0.4679E+02
   2.575  0.3776E+01  0.4682E+02
   2.585  0.3703E+01  0.4686E+02
   2.595  0.3630E+01  0.4690E+02
   2.605  0.3557E+01  0.4693E+02
   2.615  0.3484E+01  0.4697E+02
   2.625  0.3411E+01  0.4700E+02
   2.635  0.3338E+01  0.4703E+02
   2.645  0.3265E+01  0.4707E+02
   2.655  0.3192E+01  0.4710E+02
   2.665  0.3119E+01  0.4713E+02
   2.675  0.3047E+01  0.4716E+02
   2.685  0.2975E+01  0.4719E+02
   2.695  0.2903E+01  0.4722E+02
   2.705  0.2831E+01  0.4725E+02
   2.715  0.2760E+01  0.4728E+02
   2.725  0.2689E+01  0.4730E+02
   2.735  0.2619E+01  0.4733E+02
   2.745  0.2549E+01  0.4735E+02
   2.755  0.2480E+01  0.4738E+02
   2.765  0.2412E+01  0.4740E+02
   2.775  0.2344E+01  0.4743E+02
   2.785  0.2277E+01  0.4745E+02
   2.795  0.2211E+01  0.4747E+02
   2.805  0.2146E+01  0.4749E+02
   2.815  0.2081E+01  0.4751E+02
   2.825  0.2018E+01  0.4753E+02
   2.835  0.1955E+01  0.4755E+02
   2.845  0.1893E+01  0.4757E+02
   2.855  0.1833E+01  0.4759E+02
   2.865  0.1773E+01  0.4761E+02
   2.875  0.1714E+01  0.4763E+02
   2.885  0.1656E+01  0.4764E+02
   2.895  0.1600E+01  0.4766E+02
   2.905  0.1544E+01  0.4767E+02
   2.915  0.1490E+01  0.4769E+02
   2.925  0.1436E+01  0.4770E+02
   2.935  0.1384E+01  0.4772E+02
   2.945  0.1333E+01  0.4773E+02
   2.955  0.1283E+01  0.4774E+02
   2.965  0.1235E+01  0.4775E+02
   2.975  0.1187E+01  0.4777E+02
   2.985  0.1141E+01  0.4778E+02
   2.995  0.1096E+01  0.4779E+02
   3.005  0.1052E+01  0.4780E+02
   3.015  0.1009E+01  0.4781E+02
   3.025  0.9677E+00  0.4782E+02
   3.035  0.9274E+00  0.4783E+02
   3.045  0.8882E+00  0.4784E+02
   3.055  0.8502E+00  0.4785E+02
   3.065  0.8133E+00  0.4785E+02
   3.075  0.7776E+00  0.4786E+02
   3.085  0.7430E+00  0.4787E+02
   3.095  0.7096E+00  0.4788E+02
   3.105  0.6772E+00  0.4788E+02
   3.115  0.6460E+00  0.4789E+02
   3.125  0.6159E+00  0.4790E+02
   3.135  0.5868E+00  0.4790E+02
   3.145  0.5587E+00  0.4791E+02
   3.155  0.5317E+00  0.4791E+02
   3.165  0.5057E+00  0.4792E+02
   3.175  0.4807E+00  0.4792E+02
   3.185  0.4566E+00  0.4793E+02
   3.195  0.4335E+00  0.4793E+02
   3.205  0.4113E+00  0.4794E+02
   3.215  0.3900E+00  0.4794E+02
   3.225  0.3696E+00  0.4794E+02
   3.235  0.3501E+00  0.4795E+02
   3.245  0.3314E+00  0.4795E+02
   3.255  0.3135E+00  0.4795E+02
   3.265  0.2964E+00  0.4796E+02
   3.275  0.2801E+00  0.4796E+02
   3.285  0.2645E+00  0.4796E+02
   3.295  0.2496E+00  0.4796E+02
   3.305  0.2354E+00  0.4797E+02
   3.315  0.2219E+00  0.4797E+02
   3.325  0.2090E+00  0.4797E+02
   3.335  0.1968E+00  0.4797E+02
   3.345  0.1851E+00  0.4797E+02
   3.355  0.1741E+00  0.4798E+02
   3.365  0.1636E+00  0.4798E+02
   3.375  0.1536E+00  0.4798E+02
   3.385  0.1442E+00  0.4798E+02
   3.395  0.1353E+00  0.4798E+02
   3.405  0.1268E+00  0.4798E+02
   3.415  0.1188E+00  0.4798E+02
   3.425  0.1112E+00  0.4799E+02
   3.435  0.1041E+00  0.4799E+02
   3.445  0.9732E-01  0.4799E+02
   3.455  0.9095E-01  0.4799E+02
   3.465  0.8494E-01  0.4799E+02
   3.475  0.7928E-01  0.4799E+02
   3.485  0.7396E-01  0.4799E+02
   3.495  0.6894E-01  0.4799E+02
   3.505  0.6423E-01  0.4799E+02
   3.515  0.5981E-01  0.4799E+02
   3.525  0.5565E-01  0.4799E+02
   3.535  0.5175E-01  0.4799E+02
   3.545  0.4809E-01  0.4799E+02
   3.555  0.4467E-01  0.4799E+02
   3.565  0.4146E-01  0.4800E+02
   3.575  0.3846E-01  0.4800E+02
   3.585  0.3565E-01  0.4800E+02
   3.595  0.3303E-01  0.4800E+02
   3.605  0.3058E-01  0.4800E+02
   3.615  0.2830E-01  0.4800E+02
   3.625  0.2617E-01  0.4800E+02
   3.635  0.2418E-01  0.4800E+02
   3.645  0.2233E-01  0.4800E+02
   3.655  0.2061E-01  0.4800E+02
   3.665  0.1901E-01  0.4800E+02
   3.675  0.1753E-01  0.4800E+02
   3.685  0.1614E-01  0.4800E+02
   3.695  0.1486E-01  0.4800E+02
   3.705  0.1368E-01  0.4800E+02
   3.715  0.1257E-01  0.4800E+02
   3.725  0.1155E-01  0.4800E+02
   3.735  0.1061E-01  0.4800E+02
   3.745  0.9738E-02  0.4800E+02
   3.755  0.8931E-02  0.4800E+02
   3.765  0.8186E-02  0.4800E+02
   3.775  0.7498E-02  0.4800E+02
   3.785  0.6864E-02  0.4800E+02
   3.795  0.6279E-02  0.4800E+02
   3.805  0.5741E-02  0.4800E+02
   3.815  0.5245E-02  0.4800E+02
   3.825  0.4789E-02  0.4800E+02
   3.835  0.4370E-02  0.4800E+02
   3.845  0.3985E-02  0.4800E+02
   3.855  0.3632E-02  0.4800E+02
   3.865  0.3308E-02  0.4800E+02
   3.875  0.3011E-02  0.4800E+02
   3.885  0.2739E-02  0.4800E+02
