#  E (eV)   dos(E)     Int dos(E) EFermi =   2.581 eV
 -17.588  0.7169E-05  0.7169E-07
 -17.578  0.9074E-05  0.1624E-06
 -17.568  0.1146E-04  0.2770E-06
 -17.558  0.1443E-04  0.4213E-06
 -17.548  0.1813E-04  0.6025E-06
 -17.538  0.2272E-04  0.8297E-06
 -17.528  0.2840E-04  0.1114E-05
 -17.518  0.3541E-04  0.1468E-05
 -17.508  0.4405E-04  0.1908E-05
 -17.498  0.5466E-04  0.2455E-05
 -17.488  0.6766E-04  0.3131E-05
 -17.478  0.8354E-04  0.3967E-05
 -17.468  0.1029E-03  0.4996E-05
 -17.458  0.1264E-03  0.6260E-05
 -17.448  0.1549E-03  0.7809E-05
 -17.438  0.1894E-03  0.9704E-05
 -17.428  0.2311E-03  0.1201E-04
 -17.418  0.2811E-03  0.1483E-04
 -17.408  0.3412E-03  0.1824E-04
 -17.398  0.4131E-03  0.2237E-04
 -17.388  0.4989E-03  0.2736E-04
 -17.378  0.6011E-03  0.3337E-04
 -17.368  0.7225E-03  0.4059E-04
 -17.358  0.8663E-03  0.4926E-04
 -17.348  0.1036E-02  0.5962E-04
 -17.338  0.1237E-02  0.7199E-04
 -17.328  0.1472E-02  0.8671E-04
 -17.318  0.1748E-02  0.1042E-03
 -17.308  0.2071E-02  0.1249E-03
 -17.298  0.2448E-02  0.1494E-03
 -17.288  0.2886E-02  0.1782E-03
 -17.278  0.3395E-02  0.2122E-03
 -17.268  0.3984E-02  0.2520E-03
 -17.258  0.4664E-02  0.2987E-03
 -17.248  0.5448E-02  0.3531E-03
 -17.238  0.6348E-02  0.4166E-03
 -17.228  0.7380E-02  0.4904E-03
 -17.218  0.8560E-02  0.5760E-03
 -17.208  0.9906E-02  0.6751E-03
 -17.198  0.1144E-01  0.7895E-03
 -17.188  0.1317E-01  0.9212E-03
 -17.178  0.1514E-01  0.1073E-02
 -17.168  0.1736E-01  0.1246E-02
 -17.158  0.1986E-01  0.1445E-02
 -17.148  0.2267E-01  0.1672E-02
 -17.138  0.2582E-01  0.1930E-02
 -17.128  0.2934E-01  0.2223E-02
 -17.118  0.3327E-01  0.2556E-02
 -17.108  0.3764E-01  0.2932E-02
 -17.098  0.4250E-01  0.3357E-02
 -17.088  0.4787E-01  0.3836E-02
 -17.078  0.5381E-01  0.4374E-02
 -17.068  0.6036E-01  0.4978E-02
 -17.058  0.6756E-01  0.5653E-02
 -17.048  0.7546E-01  0.6408E-02
 -17.038  0.8411E-01  0.7249E-02
 -17.028  0.9356E-01  0.8185E-02
 -17.018  0.1039E+00  0.9223E-02
 -17.008  0.1151E+00  0.1037E-01
 -16.998  0.1272E+00  0.1165E-01
 -16.988  0.1404E+00  0.1305E-01
 -16.978  0.1546E+00  0.1459E-01
 -16.968  0.1699E+00  0.1629E-01
 -16.958  0.1863E+00  0.1816E-01
 -16.948  0.2040E+00  0.2020E-01
 -16.938  0.2230E+00  0.2243E-01
 -16.928  0.2432E+00  0.2486E-01
 -16.918  0.2648E+00  0.2751E-01
 -16.908  0.2878E+00  0.3039E-01
 -16.898  0.3123E+00  0.3351E-01
 -16.888  0.3383E+00  0.3689E-01
 -16.878  0.3657E+00  0.4055E-01
 -16.868  0.3948E+00  0.4450E-01
 -16.858  0.4254E+00  0.4875E-01
 -16.848  0.4577E+00  0.5333E-01
 -16.838  0.4916E+00  0.5824E-01
 -16.828  0.5272E+00  0.6352E-01
 -16.818  0.5645E+00  0.6916E-01
 -16.808  0.6036E+00  0.7520E-01
 -16.798  0.6444E+00  0.8164E-01
 -16.788  0.6869E+00  0.8851E-01
 -16.778  0.7312E+00  0.9582E-01
 -16.768  0.7773E+00  0.1036E+00
 -16.758  0.8252E+00  0.1118E+00
 -16.748  0.8748E+00  0.1206E+00
 -16.738  0.9262E+00  0.1299E+00
 -16.728  0.9793E+00  0.1396E+00
 -16.718  0.1034E+01  0.1500E+00
 -16.708  0.1091E+01  0.1609E+00
 -16.698  0.1149E+01  0.1724E+00
 -16.688  0.1209E+01  0.1845E+00
 -16.678  0.1271E+01  0.1972E+00
 -16.668  0.1334E+01  0.2105E+00
 -16.658  0.1399E+01  0.2245E+00
 -16.648  0.1465E+01  0.2392E+00
 -16.638  0.1533E+01  0.2545E+00
 -16.628  0.1602E+01  0.2705E+00
 -16.618  0.1672E+01  0.2872E+00
 -16.608  0.1744E+01  0.3047E+00
 -16.598  0.1816E+01  0.3228E+00
 -16.588  0.1890E+01  0.3417E+00
 -16.578  0.1965E+01  0.3614E+00
 -16.568  0.2040E+01  0.3818E+00
 -16.558  0.2116E+01  0.4029E+00
 -16.548  0.2193E+01  0.4249E+00
 -16.538  0.2269E+01  0.4476E+00
 -16.528  0.2347E+01  0.4710E+00
 -16.518  0.2423E+01  0.4953E+00
 -16.508  0.2500E+01  0.5203E+00
 -16.498  0.2577E+01  0.5460E+00
 -16.488  0.2652E+01  0.5725E+00
 -16.478  0.2727E+01  0.5998E+00
 -16.468  0.2801E+01  0.6278E+00
 -16.458  0.2873E+01  0.6566E+00
 -16.448  0.2944E+01  0.6860E+00
 -16.438  0.3013E+01  0.7161E+00
 -16.428  0.3079E+01  0.7469E+00
 -16.418  0.3144E+01  0.7783E+00
 -16.408  0.3206E+01  0.8104E+00
 -16.398  0.3265E+01  0.8430E+00
 -16.388  0.3320E+01  0.8762E+00
 -16.378  0.3373E+01  0.9100E+00
 -16.368  0.3422E+01  0.9442E+00
 -16.358  0.3468E+01  0.9789E+00
 -16.348  0.3509E+01  0.1014E+01
 -16.338  0.3547E+01  0.1049E+01
 -16.328  0.3581E+01  0.1085E+01
 -16.318  0.3610E+01  0.1121E+01
 -16.308  0.3635E+01  0.1158E+01
 -16.298  0.3656E+01  0.1194E+01
 -16.288  0.3673E+01  0.1231E+01
 -16.278  0.3686E+01  0.1268E+01
 -16.268  0.3694E+01  0.1305E+01
 -16.258  0.3699E+01  0.1342E+01
 -16.248  0.3700E+01  0.1379E+01
 -16.238  0.3697E+01  0.1416E+01
 -16.228  0.3692E+01  0.1453E+01
 -16.218  0.3682E+01  0.1490E+01
 -16.208  0.3671E+01  0.1526E+01
 -16.198  0.3656E+01  0.1563E+01
 -16.188  0.3640E+01  0.1599E+01
 -16.178  0.3622E+01  0.1635E+01
 -16.168  0.3602E+01  0.1671E+01
 -16.158  0.3581E+01  0.1707E+01
 -16.148  0.3560E+01  0.1743E+01
 -16.138  0.3539E+01  0.1778E+01
 -16.128  0.3517E+01  0.1813E+01
 -16.118  0.3496E+01  0.1848E+01
 -16.108  0.3476E+01  0.1883E+01
 -16.098  0.3456E+01  0.1918E+01
 -16.088  0.3439E+01  0.1952E+01
 -16.078  0.3423E+01  0.1986E+01
 -16.068  0.3408E+01  0.2020E+01
 -16.058  0.3396E+01  0.2054E+01
 -16.048  0.3386E+01  0.2088E+01
 -16.038  0.3379E+01  0.2122E+01
 -16.028  0.3374E+01  0.2156E+01
 -16.018  0.3371E+01  0.2189E+01
 -16.008  0.3371E+01  0.2223E+01
 -15.998  0.3373E+01  0.2257E+01
 -15.988  0.3378E+01  0.2291E+01
 -15.978  0.3384E+01  0.2324E+01
 -15.968  0.3393E+01  0.2358E+01
 -15.958  0.3403E+01  0.2392E+01
 -15.948  0.3414E+01  0.2427E+01
 -15.938  0.3427E+01  0.2461E+01
 -15.928  0.3441E+01  0.2495E+01
 -15.918  0.3455E+01  0.2530E+01
 -15.908  0.3470E+01  0.2565E+01
 -15.898  0.3484E+01  0.2599E+01
 -15.888  0.3497E+01  0.2634E+01
 -15.878  0.3510E+01  0.2669E+01
 -15.868  0.3522E+01  0.2705E+01
 -15.858  0.3532E+01  0.2740E+01
 -15.848  0.3540E+01  0.2775E+01
 -15.838  0.3546E+01  0.2811E+01
 -15.828  0.3549E+01  0.2846E+01
 -15.818  0.3550E+01  0.2882E+01
 -15.808  0.3548E+01  0.2917E+01
 -15.798  0.3543E+01  0.2953E+01
 -15.788  0.3535E+01  0.2988E+01
 -15.778  0.3523E+01  0.3023E+01
 -15.768  0.3508E+01  0.3058E+01
 -15.758  0.3490E+01  0.3093E+01
 -15.748  0.3469E+01  0.3128E+01
 -15.738  0.3444E+01  0.3162E+01
 -15.728  0.3417E+01  0.3197E+01
 -15.718  0.3387E+01  0.3230E+01
 -15.708  0.3354E+01  0.3264E+01
 -15.698  0.3319E+01  0.3297E+01
 -15.688  0.3281E+01  0.3330E+01
 -15.678  0.3243E+01  0.3362E+01
 -15.668  0.3202E+01  0.3394E+01
 -15.658  0.3161E+01  0.3426E+01
 -15.648  0.3120E+01  0.3457E+01
 -15.638  0.3078E+01  0.3488E+01
 -15.628  0.3036E+01  0.3518E+01
 -15.618  0.2995E+01  0.3548E+01
 -15.608  0.2956E+01  0.3578E+01
 -15.598  0.2918E+01  0.3607E+01
 -15.588  0.2881E+01  0.3636E+01
 -15.578  0.2848E+01  0.3664E+01
 -15.568  0.2816E+01  0.3693E+01
 -15.558  0.2788E+01  0.3720E+01
 -15.548  0.2764E+01  0.3748E+01
 -15.538  0.2742E+01  0.3775E+01
 -15.528  0.2725E+01  0.3803E+01
 -15.518  0.2712E+01  0.3830E+01
 -15.508  0.2703E+01  0.3857E+01
 -15.498  0.2699E+01  0.3884E+01
 -15.488  0.2699E+01  0.3911E+01
 -15.478  0.2703E+01  0.3938E+01
 -15.468  0.2711E+01  0.3965E+01
 -15.458  0.2724E+01  0.3992E+01
 -15.448  0.2742E+01  0.4020E+01
 -15.438  0.2763E+01  0.4047E+01
 -15.428  0.2788E+01  0.4075E+01
 -15.418  0.2816E+01  0.4103E+01
 -15.408  0.2848E+01  0.4132E+01
 -15.398  0.2883E+01  0.4161E+01
 -15.388  0.2920E+01  0.4190E+01
 -15.378  0.2960E+01  0.4219E+01
 -15.368  0.3001E+01  0.4249E+01
 -15.358  0.3043E+01  0.4280E+01
 -15.348  0.3087E+01  0.4311E+01
 -15.338  0.3131E+01  0.4342E+01
 -15.328  0.3175E+01  0.4374E+01
 -15.318  0.3218E+01  0.4406E+01
 -15.308  0.3261E+01  0.4439E+01
 -15.298  0.3302E+01  0.4472E+01
 -15.288  0.3342E+01  0.4505E+01
 -15.278  0.3380E+01  0.4539E+01
 -15.268  0.3416E+01  0.4573E+01
 -15.258  0.3449E+01  0.4607E+01
 -15.248  0.3480E+01  0.4642E+01
 -15.238  0.3508E+01  0.4677E+01
 -15.228  0.3533E+01  0.4713E+01
 -15.218  0.3555E+01  0.4748E+01
 -15.208  0.3574E+01  0.4784E+01
 -15.198  0.3591E+01  0.4820E+01
 -15.188  0.3604E+01  0.4856E+01
 -15.178  0.3616E+01  0.4892E+01
 -15.168  0.3625E+01  0.4928E+01
 -15.158  0.3633E+01  0.4965E+01
 -15.148  0.3640E+01  0.5001E+01
 -15.138  0.3646E+01  0.5038E+01
 -15.128  0.3652E+01  0.5074E+01
 -15.118  0.3658E+01  0.5111E+01
 -15.108  0.3665E+01  0.5147E+01
 -15.098  0.3675E+01  0.5184E+01
 -15.088  0.3687E+01  0.5221E+01
 -15.078  0.3704E+01  0.5258E+01
 -15.068  0.3724E+01  0.5295E+01
 -15.058  0.3750E+01  0.5333E+01
 -15.048  0.3782E+01  0.5370E+01
 -15.038  0.3822E+01  0.5409E+01
 -15.028  0.3870E+01  0.5447E+01
 -15.018  0.3927E+01  0.5487E+01
 -15.008  0.3994E+01  0.5527E+01
 -14.998  0.4072E+01  0.5567E+01
 -14.988  0.4161E+01  0.5609E+01
 -14.978  0.4264E+01  0.5652E+01
 -14.968  0.4379E+01  0.5695E+01
 -14.958  0.4508E+01  0.5740E+01
 -14.948  0.4651E+01  0.5787E+01
 -14.938  0.4808E+01  0.5835E+01
 -14.928  0.4981E+01  0.5885E+01
 -14.918  0.5169E+01  0.5937E+01
 -14.908  0.5372E+01  0.5990E+01
 -14.898  0.5589E+01  0.6046E+01
 -14.888  0.5822E+01  0.6104E+01
 -14.878  0.6068E+01  0.6165E+01
 -14.868  0.6328E+01  0.6228E+01
 -14.858  0.6601E+01  0.6294E+01
 -14.848  0.6886E+01  0.6363E+01
 -14.838  0.7181E+01  0.6435E+01
 -14.828  0.7486E+01  0.6510E+01
 -14.818  0.7799E+01  0.6588E+01
 -14.808  0.8118E+01  0.6669E+01
 -14.798  0.8441E+01  0.6753E+01
 -14.788  0.8768E+01  0.6841E+01
 -14.778  0.9095E+01  0.6932E+01
 -14.768  0.9420E+01  0.7026E+01
 -14.758  0.9742E+01  0.7124E+01
 -14.748  0.1006E+02  0.7224E+01
 -14.738  0.1037E+02  0.7328E+01
 -14.728  0.1066E+02  0.7435E+01
 -14.718  0.1095E+02  0.7544E+01
 -14.708  0.1122E+02  0.7656E+01
 -14.698  0.1147E+02  0.7771E+01
 -14.688  0.1170E+02  0.7888E+01
 -14.678  0.1192E+02  0.8007E+01
 -14.668  0.1211E+02  0.8128E+01
 -14.658  0.1227E+02  0.8251E+01
 -14.648  0.1241E+02  0.8375E+01
 -14.638  0.1252E+02  0.8500E+01
 -14.628  0.1260E+02  0.8626E+01
 -14.618  0.1265E+02  0.8753E+01
 -14.608  0.1267E+02  0.8879E+01
 -14.598  0.1266E+02  0.9006E+01
 -14.588  0.1262E+02  0.9132E+01
 -14.578  0.1255E+02  0.9258E+01
 -14.568  0.1245E+02  0.9382E+01
 -14.558  0.1232E+02  0.9506E+01
 -14.548  0.1216E+02  0.9627E+01
 -14.538  0.1197E+02  0.9747E+01
 -14.528  0.1176E+02  0.9864E+01
 -14.518  0.1151E+02  0.9980E+01
 -14.508  0.1125E+02  0.1009E+02
 -14.498  0.1096E+02  0.1020E+02
 -14.488  0.1066E+02  0.1031E+02
 -14.478  0.1033E+02  0.1041E+02
 -14.468  0.9994E+01  0.1051E+02
 -14.458  0.9641E+01  0.1061E+02
 -14.448  0.9276E+01  0.1070E+02
 -14.438  0.8902E+01  0.1079E+02
 -14.428  0.8522E+01  0.1087E+02
 -14.418  0.8136E+01  0.1096E+02
 -14.408  0.7748E+01  0.1103E+02
 -14.398  0.7359E+01  0.1111E+02
 -14.388  0.6972E+01  0.1118E+02
 -14.378  0.6588E+01  0.1124E+02
 -14.368  0.6209E+01  0.1131E+02
 -14.358  0.5837E+01  0.1136E+02
 -14.348  0.5472E+01  0.1142E+02
 -14.338  0.5117E+01  0.1147E+02
 -14.328  0.4773E+01  0.1152E+02
 -14.318  0.4441E+01  0.1156E+02
 -14.308  0.4120E+01  0.1160E+02
 -14.298  0.3813E+01  0.1164E+02
 -14.288  0.3520E+01  0.1168E+02
 -14.278  0.3241E+01  0.1171E+02
 -14.268  0.2976E+01  0.1174E+02
 -14.258  0.2725E+01  0.1177E+02
 -14.248  0.2490E+01  0.1179E+02
 -14.238  0.2268E+01  0.1181E+02
 -14.228  0.2061E+01  0.1183E+02
 -14.218  0.1868E+01  0.1185E+02
 -14.208  0.1689E+01  0.1187E+02
 -14.198  0.1523E+01  0.1188E+02
 -14.188  0.1369E+01  0.1190E+02
 -14.178  0.1228E+01  0.1191E+02
 -14.168  0.1099E+01  0.1192E+02
 -14.158  0.9802E+00  0.1193E+02
 -14.148  0.8723E+00  0.1194E+02
 -14.138  0.7742E+00  0.1195E+02
 -14.128  0.6854E+00  0.1195E+02
 -14.118  0.6051E+00  0.1196E+02
 -14.108  0.5329E+00  0.1197E+02
 -14.098  0.4680E+00  0.1197E+02
 -14.088  0.4100E+00  0.1197E+02
 -14.078  0.3582E+00  0.1198E+02
 -14.068  0.3122E+00  0.1198E+02
 -14.058  0.2713E+00  0.1198E+02
 -14.048  0.2352E+00  0.1199E+02
 -14.038  0.2033E+00  0.1199E+02
 -14.028  0.1754E+00  0.1199E+02
 -14.018  0.1508E+00  0.1199E+02
 -14.008  0.1294E+00  0.1199E+02
 -13.998  0.1107E+00  0.1199E+02
 -13.988  0.9444E-01  0.1200E+02
 -13.978  0.8038E-01  0.1200E+02
 -13.968  0.6823E-01  0.1200E+02
 -13.958  0.5776E-01  0.1200E+02
 -13.948  0.4877E-01  0.1200E+02
 -13.938  0.4107E-01  0.1200E+02
 -13.928  0.3450E-01  0.1200E+02
 -13.918  0.2890E-01  0.1200E+02
 -13.908  0.2415E-01  0.1200E+02
 -13.898  0.2012E-01  0.1200E+02
 -13.888  0.1673E-01  0.1200E+02
 -13.878  0.1387E-01  0.1200E+02
 -13.868  0.1146E-01  0.1200E+02
 -13.858  0.9453E-02  0.1200E+02
 -13.848  0.7775E-02  0.1200E+02
 -13.838  0.6378E-02  0.1200E+02
 -13.828  0.5218E-02  0.1200E+02
 -13.818  0.4257E-02  0.1200E+02
 -13.808  0.3465E-02  0.1200E+02
 -13.798  0.2812E-02  0.1200E+02
 -13.788  0.2277E-02  0.1200E+02
 -13.778  0.1838E-02  0.1200E+02
 -13.768  0.1480E-02  0.1200E+02
 -13.758  0.1189E-02  0.1200E+02
 -13.748  0.9524E-03  0.1200E+02
 -13.738  0.7609E-03  0.1200E+02
 -13.728  0.6063E-03  0.1200E+02
 -13.718  0.4818E-03  0.1200E+02
 -13.708  0.3819E-03  0.1200E+02
 -13.698  0.3019E-03  0.1200E+02
 -13.688  0.2381E-03  0.1200E+02
 -13.678  0.1872E-03  0.1200E+02
 -13.668  0.1468E-03  0.1200E+02
 -13.658  0.1148E-03  0.1200E+02
 -13.648  0.8960E-04  0.1200E+02
 -13.638  0.6972E-04  0.1200E+02
 -13.628  0.5411E-04  0.1200E+02
 -13.618  0.4188E-04  0.1200E+02
 -13.608  0.3233E-04  0.1200E+02
 -13.598  0.2489E-04  0.1200E+02
 -13.588  0.1911E-04  0.1200E+02
 -13.578  0.1464E-04  0.1200E+02
 -13.568  0.1118E-04  0.1200E+02
 -13.558  0.8519E-05  0.1200E+02
 -13.548  0.6473E-05  0.1200E+02
 -13.538  0.4905E-05  0.1200E+02
 -13.528  0.3707E-05  0.1200E+02
 -13.518  0.2795E-05  0.1200E+02
 -13.508  0.2101E-05  0.1200E+02
 -13.498  0.1576E-05  0.1200E+02
 -13.488  0.1178E-05  0.1200E+02
 -13.478  0.8788E-06  0.1200E+02
 -13.468  0.6538E-06  0.1200E+02
 -13.458  0.4851E-06  0.1200E+02
 -13.448  0.3589E-06  0.1200E+02
 -13.438  0.2649E-06  0.1200E+02
 -13.428  0.1950E-06  0.1200E+02
 -13.418  0.1431E-06  0.1200E+02
 -13.408  0.1048E-06  0.1200E+02
 -13.398  0.7653E-07  0.1200E+02
 -13.388  0.5574E-07  0.1200E+02
 -13.378  0.4049E-07  0.1200E+02
 -13.368  0.2933E-07  0.1200E+02
 -13.358  0.2119E-07  0.1200E+02
 -13.348  0.1527E-07  0.1200E+02
 -13.338  0.1098E-07  0.1200E+02
 -13.328  0.7868E-08  0.1200E+02
 -13.318  0.5625E-08  0.1200E+02
 -13.308  0.4011E-08  0.1200E+02
 -13.298  0.2852E-08  0.1200E+02
 -13.288  0.2023E-08  0.1200E+02
 -13.278  0.1431E-08  0.1200E+02
 -13.268  0.1010E-08  0.1200E+02
 -13.258  0.7104E-09  0.1200E+02
 -13.248  0.4985E-09  0.1200E+02
 -13.238  0.3489E-09  0.1200E+02
 -13.228  0.2436E-09  0.1200E+02
 -13.218  0.1696E-09  0.1200E+02
 -13.208  0.1177E-09  0.1200E+02
 -13.198  0.8154E-10  0.1200E+02
 -13.188  0.5632E-10  0.1200E+02
 -13.178  0.3880E-10  0.1200E+02
 -13.168  0.2665E-10  0.1200E+02
 -13.158  0.1826E-10  0.1200E+02
 -13.148  0.1248E-10  0.1200E+02
 -13.138  0.8507E-11  0.1200E+02
 -13.128  0.5782E-11  0.1200E+02
 -13.118  0.3920E-11  0.1200E+02
 -13.108  0.2651E-11  0.1200E+02
 -13.098  0.1788E-11  0.1200E+02
 -13.088  0.1202E-11  0.1200E+02
 -13.078  0.8065E-12  0.1200E+02
 -13.068  0.5396E-12  0.1200E+02
 -13.058  0.3600E-12  0.1200E+02
 -13.048  0.2396E-12  0.1200E+02
 -13.038  0.1590E-12  0.1200E+02
 -13.028  0.1053E-12  0.1200E+02
 -13.018  0.6949E-13  0.1200E+02
 -13.008  0.4576E-13  0.1200E+02
 -12.998  0.3005E-13  0.1200E+02
 -12.988  0.1968E-13  0.1200E+02
 -12.978  0.1285E-13  0.1200E+02
 -12.968  0.8374E-14  0.1200E+02
 -12.958  0.5441E-14  0.1200E+02
 -12.948  0.3526E-14  0.1200E+02
 -12.938  0.2279E-14  0.1200E+02
 -12.928  0.1469E-14  0.1200E+02
 -12.918  0.9443E-15  0.1200E+02
 -12.908  0.6054E-15  0.1200E+02
 -12.898  0.3871E-15  0.1200E+02
 -12.888  0.2469E-15  0.1200E+02
 -12.878  0.1570E-15  0.1200E+02
 -12.868  0.9963E-16  0.1200E+02
 -12.858  0.6303E-16  0.1200E+02
 -12.848  0.3977E-16  0.1200E+02
 -12.838  0.2503E-16  0.1200E+02
 -12.828  0.1571E-16  0.1200E+02
 -12.818  0.9834E-17  0.1200E+02
 -12.808  0.6140E-17  0.1200E+02
 -12.798  0.3823E-17  0.1200E+02
 -12.788  0.2374E-17  0.1200E+02
 -12.778  0.1470E-17  0.1200E+02
 -12.768  0.9083E-18  0.1200E+02
 -12.758  0.5596E-18  0.1200E+02
 -12.748  0.3438E-18  0.1200E+02
 -12.738  0.2107E-18  0.1200E+02
 -12.728  0.1288E-18  0.1200E+02
 -12.718  0.7849E-19  0.1200E+02
 -12.708  0.4771E-19  0.1200E+02
 -12.698  0.2893E-19  0.1200E+02
 -12.688  0.1749E-19  0.1200E+02
 -12.678  0.1055E-19  0.1200E+02
 -12.668  0.6345E-20  0.1200E+02
 -12.658  0.3806E-20  0.1200E+02
 -12.648  0.2277E-20  0.1200E+02
 -12.638  0.1359E-20  0.1200E+02
 -12.628  0.8087E-21  0.1200E+02
 -12.618  0.4799E-21  0.1200E+02
 -12.608  0.2841E-21  0.1200E+02
 -12.598  0.1677E-21  0.1200E+02
 -12.588  0.9875E-22  0.1200E+02
 -12.578  0.5799E-22  0.1200E+02
 -12.568  0.3396E-22  0.1200E+02
 -12.558  0.1984E-22  0.1200E+02
 -12.548  0.1156E-22  0.1200E+02
 -12.538  0.6714E-23  0.1200E+02
 -12.528  0.3890E-23  0.1200E+02
 -12.518  0.2248E-23  0.1200E+02
 -12.508  0.1296E-23  0.1200E+02
 -12.498  0.7449E-24  0.1200E+02
 -12.488  0.4271E-24  0.1200E+02
 -12.478  0.2442E-24  0.1200E+02
 -12.468  0.1392E-24  0.1200E+02
 -12.458  0.7919E-25  0.1200E+02
 -12.448  0.4492E-25  0.1200E+02
 -12.438  0.2541E-25  0.1200E+02
 -12.428  0.1434E-25  0.1200E+02
 -12.418  0.8067E-26  0.1200E+02
 -12.408  0.4527E-26  0.1200E+02
 -12.398  0.2534E-26  0.1200E+02
 -12.388  0.1415E-26  0.1200E+02
 -12.378  0.7875E-27  0.1200E+02
 -12.368  0.4373E-27  0.1200E+02
 -12.358  0.2421E-27  0.1200E+02
 -12.348  0.1337E-27  0.1200E+02
 -12.338  0.7366E-28  0.1200E+02
 -12.328  0.4047E-28  0.1200E+02
 -12.318  0.2217E-28  0.1200E+02
 -12.308  0.1211E-28  0.1200E+02
 -12.298  0.6602E-29  0.1200E+02
 -12.288  0.3588E-29  0.1200E+02
 -12.278  0.1945E-29  0.1200E+02
 -12.268  0.1052E-29  0.1200E+02
 -12.258  0.5670E-30  0.1200E+02
 -12.248  0.3049E-30  0.1200E+02
 -12.238  0.1635E-30  0.1200E+02
 -12.228  0.8746E-31  0.1200E+02
 -12.218  0.4666E-31  0.1200E+02
 -12.208  0.2482E-31  0.1200E+02
 -12.198  0.1317E-31  0.1200E+02
 -12.188  0.6970E-32  0.1200E+02
 -12.178  0.3679E-32  0.1200E+02
 -12.168  0.1937E-32  0.1200E+02
 -12.158  0.1017E-32  0.1200E+02
 -12.148  0.5323E-33  0.1200E+02
 -12.138  0.2780E-33  0.1200E+02
 -12.128  0.1448E-33  0.1200E+02
 -12.118  0.7518E-34  0.1200E+02
 -12.108  0.3895E-34  0.1200E+02
 -12.098  0.2012E-34  0.1200E+02
 -12.088  0.1037E-34  0.1200E+02
 -12.078  0.5328E-35  0.1200E+02
 -12.068  0.2730E-35  0.1200E+02
 -12.058  0.1396E-35  0.1200E+02
 -12.048  0.7115E-36  0.1200E+02
 -12.038  0.3617E-36  0.1200E+02
 -12.028  0.1834E-36  0.1200E+02
 -12.018  0.9276E-37  0.1200E+02
 -12.008  0.4678E-37  0.1200E+02
 -11.998  0.2353E-37  0.1200E+02
 -11.988  0.1181E-37  0.1200E+02
 -11.978  0.5907E-38  0.1200E+02
 -11.968  0.2947E-38  0.1200E+02
 -11.958  0.1467E-38  0.1200E+02
 -11.948  0.7280E-39  0.1200E+02
 -11.938  0.3604E-39  0.1200E+02
 -11.928  0.1779E-39  0.1200E+02
 -11.918  0.8760E-40  0.1200E+02
 -11.908  0.4302E-40  0.1200E+02
 -11.898  0.2107E-40  0.1200E+02
 -11.888  0.1029E-40  0.1200E+02
 -11.878  0.5013E-41  0.1200E+02
 -11.868  0.2435E-41  0.1200E+02
 -11.858  0.1180E-41  0.1200E+02
 -11.848  0.5703E-42  0.1200E+02
 -11.838  0.2748E-42  0.1200E+02
 -11.828  0.1321E-42  0.1200E+02
 -11.818  0.6333E-43  0.1200E+02
 -11.808  0.3028E-43  0.1200E+02
 -11.798  0.1444E-43  0.1200E+02
 -11.788  0.6866E-44  0.1200E+02
 -11.778  0.3257E-44  0.1200E+02
 -11.768  0.1540E-44  0.1200E+02
 -11.758  0.7267E-45  0.1200E+02
 -11.748  0.3419E-45  0.1200E+02
 -11.738  0.1604E-45  0.1200E+02
 -11.728  0.7508E-46  0.1200E+02
 -11.718  0.3504E-46  0.1200E+02
 -11.708  0.1631E-46  0.1200E+02
 -11.698  0.7573E-47  0.1200E+02
 -11.688  0.3506E-47  0.1200E+02
 -11.678  0.1619E-47  0.1200E+02
 -11.668  0.7456E-48  0.1200E+02
 -11.658  0.3425E-48  0.1200E+02
 -11.648  0.1569E-48  0.1200E+02
 -11.638  0.7167E-49  0.1200E+02
 -11.628  0.3266E-49  0.1200E+02
 -11.618  0.1484E-49  0.1200E+02
 -11.608  0.6725E-50  0.1200E+02
 -11.598  0.3040E-50  0.1200E+02
 -11.588  0.1370E-50  0.1200E+02
 -11.578  0.6160E-51  0.1200E+02
 -11.568  0.2762E-51  0.1200E+02
 -11.558  0.1235E-51  0.1200E+02
 -11.548  0.5509E-52  0.1200E+02
 -11.538  0.2450E-52  0.1200E+02
 -11.528  0.1087E-52  0.1200E+02
 -11.518  0.4809E-53  0.1200E+02
 -11.508  0.2122E-53  0.1200E+02
 -11.498  0.9337E-54  0.1200E+02
 -11.488  0.4098E-54  0.1200E+02
 -11.478  0.1794E-54  0.1200E+02
 -11.468  0.7830E-55  0.1200E+02
 -11.458  0.3409E-55  0.1200E+02
 -11.448  0.1480E-55  0.1200E+02
 -11.438  0.6409E-56  0.1200E+02
 -11.428  0.2768E-56  0.1200E+02
 -11.418  0.1192E-56  0.1200E+02
 -11.408  0.5122E-57  0.1200E+02
 -11.398  0.2194E-57  0.1200E+02
 -11.388  0.9376E-58  0.1200E+02
 -11.378  0.3996E-58  0.1200E+02
 -11.368  0.1698E-58  0.1200E+02
 -11.358  0.7198E-59  0.1200E+02
 -11.348  0.3043E-59  0.1200E+02
 -11.338  0.1283E-59  0.1200E+02
 -11.328  0.5394E-60  0.1200E+02
 -11.318  0.2262E-60  0.1200E+02
 -11.308  0.9460E-61  0.1200E+02
 -11.298  0.3946E-61  0.1200E+02
 -11.288  0.1641E-61  0.1200E+02
 -11.278  0.6810E-62  0.1200E+02
 -11.268  0.2818E-62  0.1200E+02
 -11.258  0.1163E-62  0.1200E+02
 -11.248  0.4786E-63  0.1200E+02
 -11.238  0.1964E-63  0.1200E+02
 -11.228  0.8041E-64  0.1200E+02
 -11.218  0.3283E-64  0.1200E+02
 -11.208  0.1337E-64  0.1200E+02
 -11.198  0.5428E-65  0.1200E+02
 -11.188  0.2198E-65  0.1200E+02
 -11.178  0.8879E-66  0.1200E+02
 -11.168  0.3577E-66  0.1200E+02
 -11.158  0.1437E-66  0.1200E+02
 -11.148  0.5758E-67  0.1200E+02
 -11.138  0.2301E-67  0.1200E+02
 -11.128  0.9170E-68  0.1200E+02
 -11.118  0.3645E-68  0.1200E+02
 -11.108  0.1445E-68  0.1200E+02
 -11.098  0.5712E-69  0.1200E+02
 -11.088  0.2252E-69  0.1200E+02
 -11.078  0.8856E-70  0.1200E+02
 -11.068  0.3473E-70  0.1200E+02
 -11.058  0.1358E-70  0.1200E+02
 -11.048  0.5299E-71  0.1200E+02
 -11.038  0.2062E-71  0.1200E+02
 -11.028  0.7999E-72  0.1200E+02
 -11.018  0.3095E-72  0.1200E+02
 -11.008  0.1194E-72  0.1200E+02
 -10.998  0.4597E-73  0.1200E+02
 -10.988  0.1765E-73  0.1200E+02
 -10.978  0.6756E-74  0.1200E+02
 -10.968  0.2580E-74  0.1200E+02
 -10.958  0.9822E-75  0.1200E+02
 -10.948  0.3730E-75  0.1200E+02
 -10.938  0.1413E-75  0.1200E+02
 -10.928  0.5337E-76  0.1200E+02
 -10.918  0.2010E-76  0.1200E+02
 -10.908  0.7553E-77  0.1200E+02
 -10.898  0.2830E-77  0.1200E+02
 -10.888  0.1058E-77  0.1200E+02
 -10.878  0.3942E-78  0.1200E+02
 -10.868  0.1465E-78  0.1200E+02
 -10.858  0.5432E-79  0.1200E+02
 -10.848  0.2008E-79  0.1200E+02
 -10.838  0.7405E-80  0.1200E+02
 -10.828  0.2723E-80  0.1200E+02
 -10.818  0.9988E-81  0.1200E+02
 -10.808  0.3654E-81  0.1200E+02
 -10.798  0.1334E-81  0.1200E+02
 -10.788  0.4860E-82  0.1200E+02
 -10.778  0.1771E-82  0.1200E+02
 -10.768  0.6490E-83  0.1200E+02
 -10.758  0.2423E-83  0.1200E+02
 -10.748  0.9543E-84  0.1200E+02
 -10.738  0.4258E-84  0.1200E+02
 -10.728  0.2367E-84  0.1200E+02
 -10.718  0.1704E-84  0.1200E+02
 -10.708  0.1477E-84  0.1200E+02
 -10.698  0.1406E-84  0.1200E+02
 -10.688  0.1383E-84  0.1200E+02
 -10.678  0.1378E-84  0.1200E+02
 -10.668  0.1377E-84  0.1200E+02
 -10.658  0.1377E-84  0.1200E+02
 -10.648  0.1377E-84  0.1200E+02
 -10.638  0.1377E-84  0.1200E+02
 -10.628  0.1377E-84  0.1200E+02
 -10.618  0.1378E-84  0.1200E+02
 -10.608  0.1379E-84  0.1200E+02
 -10.598  0.1384E-84  0.1200E+02
 -10.588  0.1396E-84  0.1200E+02
 -10.578  0.1429E-84  0.1200E+02
 -10.568  0.1523E-84  0.1200E+02
 -10.558  0.1782E-84  0.1200E+02
 -10.548  0.2499E-84  0.1200E+02
 -10.538  0.4476E-84  0.1200E+02
 -10.528  0.9915E-84  0.1200E+02
 -10.518  0.2484E-83  0.1200E+02
 -10.508  0.6566E-83  0.1200E+02
 -10.498  0.1771E-82  0.1200E+02
 -10.488  0.4802E-82  0.1200E+02
 -10.478  0.1303E-81  0.1200E+02
 -10.468  0.3529E-81  0.1200E+02
 -10.458  0.9539E-81  0.1200E+02
 -10.448  0.2572E-80  0.1200E+02
 -10.438  0.6915E-80  0.1200E+02
 -10.428  0.1854E-79  0.1200E+02
 -10.418  0.4959E-79  0.1200E+02
 -10.408  0.1323E-78  0.1200E+02
 -10.398  0.3519E-78  0.1200E+02
 -10.388  0.9335E-78  0.1200E+02
 -10.378  0.2470E-77  0.1200E+02
 -10.368  0.6516E-77  0.1200E+02
 -10.358  0.1715E-76  0.1200E+02
 -10.348  0.4500E-76  0.1200E+02
 -10.338  0.1178E-75  0.1200E+02
 -10.328  0.3074E-75  0.1200E+02
 -10.318  0.8003E-75  0.1200E+02
 -10.308  0.2078E-74  0.1200E+02
 -10.298  0.5379E-74  0.1200E+02
 -10.288  0.1389E-73  0.1200E+02
 -10.278  0.3577E-73  0.1200E+02
 -10.268  0.9187E-73  0.1200E+02
 -10.258  0.2353E-72  0.1200E+02
 -10.248  0.6011E-72  0.1200E+02
 -10.238  0.1531E-71  0.1200E+02
 -10.228  0.3890E-71  0.1200E+02
 -10.218  0.9857E-71  0.1200E+02
 -10.208  0.2491E-70  0.1200E+02
 -10.198  0.6277E-70  0.1200E+02
 -10.188  0.1578E-69  0.1200E+02
 -10.178  0.3955E-69  0.1200E+02
 -10.168  0.9886E-69  0.1200E+02
 -10.158  0.2465E-68  0.1200E+02
 -10.148  0.6128E-68  0.1200E+02
 -10.138  0.1520E-67  0.1200E+02
 -10.128  0.3758E-67  0.1200E+02
 -10.118  0.9268E-67  0.1200E+02
 -10.108  0.2279E-66  0.1200E+02
 -10.098  0.5592E-66  0.1200E+02
 -10.088  0.1368E-65  0.1200E+02
 -10.078  0.3337E-65  0.1200E+02
 -10.068  0.8120E-65  0.1200E+02
 -10.058  0.1971E-64  0.1200E+02
 -10.048  0.4769E-64  0.1200E+02
 -10.038  0.1151E-63  0.1200E+02
 -10.028  0.2770E-63  0.1200E+02
 -10.018  0.6651E-63  0.1200E+02
 -10.008  0.1592E-62  0.1200E+02
  -9.998  0.3802E-62  0.1200E+02
  -9.988  0.9052E-62  0.1200E+02
  -9.978  0.2150E-61  0.1200E+02
  -9.968  0.5091E-61  0.1200E+02
  -9.958  0.1203E-60  0.1200E+02
  -9.948  0.2833E-60  0.1200E+02
  -9.938  0.6655E-60  0.1200E+02
  -9.928  0.1559E-59  0.1200E+02
  -9.918  0.3643E-59  0.1200E+02
  -9.908  0.8489E-59  0.1200E+02
  -9.898  0.1973E-58  0.1200E+02
  -9.888  0.4573E-58  0.1200E+02
  -9.878  0.1057E-57  0.1200E+02
  -9.868  0.2437E-57  0.1200E+02
  -9.858  0.5602E-57  0.1200E+02
  -9.848  0.1284E-56  0.1200E+02
  -9.838  0.2937E-56  0.1200E+02
  -9.828  0.6698E-56  0.1200E+02
  -9.818  0.1523E-55  0.1200E+02
  -9.808  0.3455E-55  0.1200E+02
  -9.798  0.7815E-55  0.1200E+02
  -9.788  0.1763E-54  0.1200E+02
  -9.778  0.3967E-54  0.1200E+02
  -9.768  0.8901E-54  0.1200E+02
  -9.758  0.1992E-53  0.1200E+02
  -9.748  0.4445E-53  0.1200E+02
  -9.738  0.9893E-53  0.1200E+02
  -9.728  0.2196E-52  0.1200E+02
  -9.718  0.4861E-52  0.1200E+02
  -9.708  0.1073E-51  0.1200E+02
  -9.698  0.2363E-51  0.1200E+02
  -9.688  0.5189E-51  0.1200E+02
  -9.678  0.1136E-50  0.1200E+02
  -9.668  0.2482E-50  0.1200E+02
  -9.658  0.5406E-50  0.1200E+02
  -9.648  0.1174E-49  0.1200E+02
  -9.638  0.2544E-49  0.1200E+02
  -9.628  0.5496E-49  0.1200E+02
  -9.618  0.1184E-48  0.1200E+02
  -9.608  0.2545E-48  0.1200E+02
  -9.598  0.5454E-48  0.1200E+02
  -9.588  0.1166E-47  0.1200E+02
  -9.578  0.2485E-47  0.1200E+02
  -9.568  0.5282E-47  0.1200E+02
  -9.558  0.1120E-46  0.1200E+02
  -9.548  0.2368E-46  0.1200E+02
  -9.538  0.4993E-46  0.1200E+02
  -9.528  0.1050E-45  0.1200E+02
  -9.518  0.2202E-45  0.1200E+02
  -9.508  0.4606E-45  0.1200E+02
  -9.498  0.9608E-45  0.1200E+02
  -9.488  0.1999E-44  0.1200E+02
  -9.478  0.4147E-44  0.1200E+02
  -9.468  0.8581E-44  0.1200E+02
  -9.458  0.1771E-43  0.1200E+02
  -9.448  0.3644E-43  0.1200E+02
  -9.438  0.7480E-43  0.1200E+02
  -9.428  0.1531E-42  0.1200E+02
  -9.418  0.3126E-42  0.1200E+02
  -9.408  0.6363E-42  0.1200E+02
  -9.398  0.1292E-41  0.1200E+02
  -9.388  0.2616E-41  0.1200E+02
  -9.378  0.5284E-41  0.1200E+02
  -9.368  0.1064E-40  0.1200E+02
  -9.358  0.2137E-40  0.1200E+02
  -9.348  0.4282E-40  0.1200E+02
  -9.338  0.8554E-40  0.1200E+02
  -9.328  0.1704E-39  0.1200E+02
  -9.318  0.3386E-39  0.1200E+02
  -9.308  0.6710E-39  0.1200E+02
  -9.298  0.1326E-38  0.1200E+02
  -9.288  0.2614E-38  0.1200E+02
  -9.278  0.5138E-38  0.1200E+02
  -9.268  0.1007E-37  0.1200E+02
  -9.258  0.1969E-37  0.1200E+02
  -9.248  0.3840E-37  0.1200E+02
  -9.238  0.7466E-37  0.1200E+02
  -9.228  0.1448E-36  0.1200E+02
  -9.218  0.2800E-36  0.1200E+02
  -9.208  0.5402E-36  0.1200E+02
  -9.198  0.1039E-35  0.1200E+02
  -9.188  0.1993E-35  0.1200E+02
  -9.178  0.3814E-35  0.1200E+02
  -9.168  0.7278E-35  0.1200E+02
  -9.158  0.1385E-34  0.1200E+02
  -9.148  0.2628E-34  0.1200E+02
  -9.138  0.4975E-34  0.1200E+02
  -9.128  0.9390E-34  0.1200E+02
  -9.118  0.1768E-33  0.1200E+02
  -9.108  0.3319E-33  0.1200E+02
  -9.098  0.6214E-33  0.1200E+02
  -9.088  0.1160E-32  0.1200E+02
  -9.078  0.2161E-32  0.1200E+02
  -9.068  0.4014E-32  0.1200E+02
  -9.058  0.7435E-32  0.1200E+02
  -9.048  0.1373E-31  0.1200E+02
  -9.038  0.2530E-31  0.1200E+02
  -9.028  0.4649E-31  0.1200E+02
  -9.018  0.8518E-31  0.1200E+02
  -9.008  0.1557E-30  0.1200E+02
  -8.998  0.2837E-30  0.1200E+02
  -8.988  0.5156E-30  0.1200E+02
  -8.978  0.9347E-30  0.1200E+02
  -8.968  0.1690E-29  0.1200E+02
  -8.958  0.3047E-29  0.1200E+02
  -8.948  0.5478E-29  0.1200E+02
  -8.938  0.9823E-29  0.1200E+02
  -8.928  0.1757E-28  0.1200E+02
  -8.918  0.3133E-28  0.1200E+02
  -8.908  0.5573E-28  0.1200E+02
  -8.898  0.9887E-28  0.1200E+02
  -8.888  0.1749E-27  0.1200E+02
  -8.878  0.3086E-27  0.1200E+02
  -8.868  0.5430E-27  0.1200E+02
  -8.858  0.9530E-27  0.1200E+02
  -8.848  0.1668E-26  0.1200E+02
  -8.838  0.2911E-26  0.1200E+02
  -8.828  0.5068E-26  0.1200E+02
  -8.818  0.8798E-26  0.1200E+02
  -8.808  0.1523E-25  0.1200E+02
  -8.798  0.2630E-25  0.1200E+02
  -8.788  0.4529E-25  0.1200E+02
  -8.778  0.7778E-25  0.1200E+02
  -8.768  0.1332E-24  0.1200E+02
  -8.758  0.2276E-24  0.1200E+02
  -8.748  0.3877E-24  0.1200E+02
  -8.738  0.6586E-24  0.1200E+02
  -8.728  0.1116E-23  0.1200E+02
  -8.718  0.1886E-23  0.1200E+02
  -8.708  0.3178E-23  0.1200E+02
  -8.698  0.5341E-23  0.1200E+02
  -8.688  0.8953E-23  0.1200E+02
  -8.678  0.1497E-22  0.1200E+02
  -8.668  0.2495E-22  0.1200E+02
  -8.658  0.4149E-22  0.1200E+02
  -8.648  0.6879E-22  0.1200E+02
  -8.638  0.1138E-21  0.1200E+02
  -8.628  0.1876E-21  0.1200E+02
  -8.618  0.3086E-21  0.1200E+02
  -8.608  0.5062E-21  0.1200E+02
  -8.598  0.8282E-21  0.1200E+02
  -8.588  0.1351E-20  0.1200E+02
  -8.578  0.2199E-20  0.1200E+02
  -8.568  0.3568E-20  0.1200E+02
  -8.558  0.5774E-20  0.1200E+02
  -8.548  0.9320E-20  0.1200E+02
  -8.538  0.1500E-19  0.1200E+02
  -8.528  0.2409E-19  0.1200E+02
  -8.518  0.3856E-19  0.1200E+02
  -8.508  0.6157E-19  0.1200E+02
  -8.498  0.9805E-19  0.1200E+02
  -8.488  0.1557E-18  0.1200E+02
  -8.478  0.2466E-18  0.1200E+02
  -8.468  0.3896E-18  0.1200E+02
  -8.458  0.6137E-18  0.1200E+02
  -8.448  0.9642E-18  0.1200E+02
  -8.438  0.1511E-17  0.1200E+02
  -8.428  0.2361E-17  0.1200E+02
  -8.418  0.3679E-17  0.1200E+02
  -8.408  0.5719E-17  0.1200E+02
  -8.398  0.8864E-17  0.1200E+02
  -8.388  0.1370E-16  0.1200E+02
  -8.378  0.2113E-16  0.1200E+02
  -8.368  0.3248E-16  0.1200E+02
  -8.358  0.4981E-16  0.1200E+02
  -8.348  0.7618E-16  0.1200E+02
  -8.338  0.1162E-15  0.1200E+02
  -8.328  0.1767E-15  0.1200E+02
  -8.318  0.2681E-15  0.1200E+02
  -8.308  0.4057E-15  0.1200E+02
  -8.298  0.6121E-15  0.1200E+02
  -8.288  0.9211E-15  0.1200E+02
  -8.278  0.1382E-14  0.1200E+02
  -8.268  0.2069E-14  0.1200E+02
  -8.258  0.3089E-14  0.1200E+02
  -8.248  0.4598E-14  0.1200E+02
  -8.238  0.6827E-14  0.1200E+02
  -8.228  0.1011E-13  0.1200E+02
  -8.218  0.1493E-13  0.1200E+02
  -8.208  0.2199E-13  0.1200E+02
  -8.198  0.3230E-13  0.1200E+02
  -8.188  0.4731E-13  0.1200E+02
  -8.178  0.6913E-13  0.1200E+02
  -8.168  0.1007E-12  0.1200E+02
  -8.158  0.1464E-12  0.1200E+02
  -8.148  0.2121E-12  0.1200E+02
  -8.138  0.3066E-12  0.1200E+02
  -8.128  0.4420E-12  0.1200E+02
  -8.118  0.6354E-12  0.1200E+02
  -8.108  0.9111E-12  0.1200E+02
  -8.098  0.1303E-11  0.1200E+02
  -8.088  0.1858E-11  0.1200E+02
  -8.078  0.2643E-11  0.1200E+02
  -8.068  0.3749E-11  0.1200E+02
  -8.058  0.5304E-11  0.1200E+02
  -8.048  0.7484E-11  0.1200E+02
  -8.038  0.1053E-10  0.1200E+02
  -8.028  0.1478E-10  0.1200E+02
  -8.018  0.2069E-10  0.1200E+02
  -8.008  0.2888E-10  0.1200E+02
  -7.998  0.4021E-10  0.1200E+02
  -7.988  0.5583E-10  0.1200E+02
  -7.978  0.7732E-10  0.1200E+02
  -7.968  0.1068E-09  0.1200E+02
  -7.958  0.1471E-09  0.1200E+02
  -7.948  0.2021E-09  0.1200E+02
  -7.938  0.2769E-09  0.1200E+02
  -7.928  0.3784E-09  0.1200E+02
  -7.918  0.5158E-09  0.1200E+02
  -7.908  0.7011E-09  0.1200E+02
  -7.898  0.9506E-09  0.1200E+02
  -7.888  0.1285E-08  0.1200E+02
  -7.878  0.1733E-08  0.1200E+02
  -7.868  0.2331E-08  0.1200E+02
  -7.858  0.3128E-08  0.1200E+02
  -7.848  0.4184E-08  0.1200E+02
  -7.838  0.5584E-08  0.1200E+02
  -7.828  0.7432E-08  0.1200E+02
  -7.818  0.9865E-08  0.1200E+02
  -7.808  0.1306E-07  0.1200E+02
  -7.798  0.1725E-07  0.1200E+02
  -7.788  0.2271E-07  0.1200E+02
  -7.778  0.2984E-07  0.1200E+02
  -7.768  0.3909E-07  0.1200E+02
  -7.758  0.5108E-07  0.1200E+02
  -7.748  0.6658E-07  0.1200E+02
  -7.738  0.8655E-07  0.1200E+02
  -7.728  0.1122E-06  0.1200E+02
  -7.718  0.1451E-06  0.1200E+02
  -7.708  0.1872E-06  0.1200E+02
  -7.698  0.2408E-06  0.1200E+02
  -7.688  0.3090E-06  0.1200E+02
  -7.678  0.3956E-06  0.1200E+02
  -7.668  0.5050E-06  0.1200E+02
  -7.658  0.6431E-06  0.1200E+02
  -7.648  0.8168E-06  0.1200E+02
  -7.638  0.1035E-05  0.1200E+02
  -7.628  0.1308E-05  0.1200E+02
  -7.618  0.1649E-05  0.1200E+02
  -7.608  0.2073E-05  0.1200E+02
  -7.598  0.2600E-05  0.1200E+02
  -7.588  0.3252E-05  0.1200E+02
  -7.578  0.4058E-05  0.1200E+02
  -7.568  0.5052E-05  0.1200E+02
  -7.558  0.6273E-05  0.1200E+02
  -7.548  0.7770E-05  0.1200E+02
  -7.538  0.9600E-05  0.1200E+02
  -7.528  0.1183E-04  0.1200E+02
  -7.518  0.1455E-04  0.1200E+02
  -7.508  0.1784E-04  0.1200E+02
  -7.498  0.2183E-04  0.1200E+02
  -7.488  0.2665E-04  0.1200E+02
  -7.478  0.3245E-04  0.1200E+02
  -7.468  0.3942E-04  0.1200E+02
  -7.458  0.4777E-04  0.1200E+02
  -7.448  0.5775E-04  0.1200E+02
  -7.438  0.6965E-04  0.1200E+02
  -7.428  0.8381E-04  0.1200E+02
  -7.418  0.1006E-03  0.1200E+02
  -7.408  0.1205E-03  0.1200E+02
  -7.398  0.1440E-03  0.1200E+02
  -7.388  0.1717E-03  0.1200E+02
  -7.378  0.2042E-03  0.1200E+02
  -7.368  0.2424E-03  0.1200E+02
  -7.358  0.2870E-03  0.1200E+02
  -7.348  0.3391E-03  0.1200E+02
  -7.338  0.3997E-03  0.1200E+02
  -7.328  0.4702E-03  0.1200E+02
  -7.318  0.5519E-03  0.1200E+02
  -7.308  0.6463E-03  0.1200E+02
  -7.298  0.7553E-03  0.1200E+02
  -7.288  0.8808E-03  0.1200E+02
  -7.278  0.1025E-02  0.1200E+02
  -7.268  0.1190E-02  0.1200E+02
  -7.258  0.1379E-02  0.1200E+02
  -7.248  0.1595E-02  0.1200E+02
  -7.238  0.1841E-02  0.1200E+02
  -7.228  0.2120E-02  0.1200E+02
  -7.218  0.2437E-02  0.1200E+02
  -7.208  0.2795E-02  0.1200E+02
  -7.198  0.3200E-02  0.1200E+02
  -7.188  0.3656E-02  0.1200E+02
  -7.178  0.4169E-02  0.1200E+02
  -7.168  0.4745E-02  0.1200E+02
  -7.158  0.5389E-02  0.1200E+02
  -7.148  0.6110E-02  0.1200E+02
  -7.138  0.6914E-02  0.1200E+02
  -7.128  0.7809E-02  0.1200E+02
  -7.118  0.8803E-02  0.1200E+02
  -7.108  0.9905E-02  0.1200E+02
  -7.098  0.1113E-01  0.1200E+02
  -7.088  0.1247E-01  0.1200E+02
  -7.078  0.1396E-01  0.1200E+02
  -7.068  0.1559E-01  0.1200E+02
  -7.058  0.1738E-01  0.1200E+02
  -7.048  0.1934E-01  0.1200E+02
  -7.038  0.2149E-01  0.1200E+02
  -7.028  0.2383E-01  0.1200E+02
  -7.018  0.2638E-01  0.1200E+02
  -7.008  0.2915E-01  0.1200E+02
  -6.998  0.3216E-01  0.1200E+02
  -6.988  0.3541E-01  0.1200E+02
  -6.978  0.3892E-01  0.1200E+02
  -6.968  0.4270E-01  0.1200E+02
  -6.958  0.4677E-01  0.1200E+02
  -6.948  0.5113E-01  0.1201E+02
  -6.938  0.5581E-01  0.1201E+02
  -6.928  0.6080E-01  0.1201E+02
  -6.918  0.6612E-01  0.1201E+02
  -6.908  0.7179E-01  0.1201E+02
  -6.898  0.7780E-01  0.1201E+02
  -6.888  0.8417E-01  0.1201E+02
  -6.878  0.9090E-01  0.1201E+02
  -6.868  0.9799E-01  0.1201E+02
  -6.858  0.1055E+00  0.1201E+02
  -6.848  0.1133E+00  0.1201E+02
  -6.838  0.1215E+00  0.1201E+02
  -6.828  0.1301E+00  0.1202E+02
  -6.818  0.1390E+00  0.1202E+02
  -6.808  0.1483E+00  0.1202E+02
  -6.798  0.1579E+00  0.1202E+02
  -6.788  0.1679E+00  0.1202E+02
  -6.778  0.1782E+00  0.1202E+02
  -6.768  0.1888E+00  0.1203E+02
  -6.758  0.1996E+00  0.1203E+02
  -6.748  0.2108E+00  0.1203E+02
  -6.738  0.2222E+00  0.1203E+02
  -6.728  0.2339E+00  0.1203E+02
  -6.718  0.2458E+00  0.1204E+02
  -6.708  0.2578E+00  0.1204E+02
  -6.698  0.2700E+00  0.1204E+02
  -6.688  0.2824E+00  0.1204E+02
  -6.678  0.2949E+00  0.1205E+02
  -6.668  0.3075E+00  0.1205E+02
  -6.658  0.3202E+00  0.1205E+02
  -6.648  0.3330E+00  0.1206E+02
  -6.638  0.3458E+00  0.1206E+02
  -6.628  0.3586E+00  0.1206E+02
  -6.618  0.3715E+00  0.1207E+02
  -6.608  0.3844E+00  0.1207E+02
  -6.598  0.3973E+00  0.1208E+02
  -6.588  0.4102E+00  0.1208E+02
  -6.578  0.4232E+00  0.1208E+02
  -6.568  0.4362E+00  0.1209E+02
  -6.558  0.4493E+00  0.1209E+02
  -6.548  0.4624E+00  0.1210E+02
  -6.538  0.4757E+00  0.1210E+02
  -6.528  0.4890E+00  0.1211E+02
  -6.518  0.5026E+00  0.1211E+02
  -6.508  0.5163E+00  0.1212E+02
  -6.498  0.5303E+00  0.1212E+02
  -6.488  0.5447E+00  0.1213E+02
  -6.478  0.5593E+00  0.1213E+02
  -6.468  0.5744E+00  0.1214E+02
  -6.458  0.5900E+00  0.1215E+02
  -6.448  0.6061E+00  0.1215E+02
  -6.438  0.6227E+00  0.1216E+02
  -6.428  0.6401E+00  0.1216E+02
  -6.418  0.6581E+00  0.1217E+02
  -6.408  0.6770E+00  0.1218E+02
  -6.398  0.6966E+00  0.1218E+02
  -6.388  0.7172E+00  0.1219E+02
  -6.378  0.7387E+00  0.1220E+02
  -6.368  0.7612E+00  0.1221E+02
  -6.358  0.7848E+00  0.1221E+02
  -6.348  0.8095E+00  0.1222E+02
  -6.338  0.8353E+00  0.1223E+02
  -6.328  0.8623E+00  0.1224E+02
  -6.318  0.8905E+00  0.1225E+02
  -6.308  0.9199E+00  0.1226E+02
  -6.298  0.9506E+00  0.1227E+02
  -6.288  0.9825E+00  0.1228E+02
  -6.278  0.1016E+01  0.1229E+02
  -6.268  0.1050E+01  0.1230E+02
  -6.258  0.1086E+01  0.1231E+02
  -6.248  0.1123E+01  0.1232E+02
  -6.238  0.1161E+01  0.1233E+02
  -6.228  0.1201E+01  0.1234E+02
  -6.218  0.1241E+01  0.1236E+02
  -6.208  0.1283E+01  0.1237E+02
  -6.198  0.1326E+01  0.1238E+02
  -6.188  0.1370E+01  0.1240E+02
  -6.178  0.1415E+01  0.1241E+02
  -6.168  0.1461E+01  0.1242E+02
  -6.158  0.1508E+01  0.1244E+02
  -6.148  0.1556E+01  0.1246E+02
  -6.138  0.1605E+01  0.1247E+02
  -6.128  0.1655E+01  0.1249E+02
  -6.118  0.1705E+01  0.1250E+02
  -6.108  0.1756E+01  0.1252E+02
  -6.098  0.1807E+01  0.1254E+02
  -6.088  0.1859E+01  0.1256E+02
  -6.078  0.1911E+01  0.1258E+02
  -6.068  0.1964E+01  0.1260E+02
  -6.058  0.2016E+01  0.1262E+02
  -6.048  0.2068E+01  0.1264E+02
  -6.038  0.2121E+01  0.1266E+02
  -6.028  0.2172E+01  0.1268E+02
  -6.018  0.2224E+01  0.1270E+02
  -6.008  0.2274E+01  0.1273E+02
  -5.998  0.2324E+01  0.1275E+02
  -5.988  0.2373E+01  0.1277E+02
  -5.978  0.2420E+01  0.1280E+02
  -5.968  0.2466E+01  0.1282E+02
  -5.958  0.2510E+01  0.1285E+02
  -5.948  0.2552E+01  0.1287E+02
  -5.938  0.2593E+01  0.1290E+02
  -5.928  0.2630E+01  0.1293E+02
  -5.918  0.2666E+01  0.1295E+02
  -5.908  0.2698E+01  0.1298E+02
  -5.898  0.2727E+01  0.1301E+02
  -5.888  0.2754E+01  0.1303E+02
  -5.878  0.2776E+01  0.1306E+02
  -5.868  0.2795E+01  0.1309E+02
  -5.858  0.2811E+01  0.1312E+02
  -5.848  0.2822E+01  0.1315E+02
  -5.838  0.2829E+01  0.1317E+02
  -5.828  0.2832E+01  0.1320E+02
  -5.818  0.2831E+01  0.1323E+02
  -5.808  0.2825E+01  0.1326E+02
  -5.798  0.2815E+01  0.1329E+02
  -5.788  0.2801E+01  0.1332E+02
  -5.778  0.2781E+01  0.1334E+02
  -5.768  0.2758E+01  0.1337E+02
  -5.758  0.2730E+01  0.1340E+02
  -5.748  0.2698E+01  0.1342E+02
  -5.738  0.2662E+01  0.1345E+02
  -5.728  0.2621E+01  0.1348E+02
  -5.718  0.2577E+01  0.1350E+02
  -5.708  0.2530E+01  0.1353E+02
  -5.698  0.2479E+01  0.1355E+02
  -5.688  0.2424E+01  0.1358E+02
  -5.678  0.2367E+01  0.1360E+02
  -5.668  0.2307E+01  0.1362E+02
  -5.658  0.2245E+01  0.1365E+02
  -5.648  0.2181E+01  0.1367E+02
  -5.638  0.2115E+01  0.1369E+02
  -5.628  0.2047E+01  0.1371E+02
  -5.618  0.1979E+01  0.1373E+02
  -5.608  0.1910E+01  0.1375E+02
  -5.598  0.1840E+01  0.1377E+02
  -5.588  0.1770E+01  0.1379E+02
  -5.578  0.1701E+01  0.1380E+02
  -5.568  0.1632E+01  0.1382E+02
  -5.558  0.1564E+01  0.1383E+02
  -5.548  0.1496E+01  0.1385E+02
  -5.538  0.1430E+01  0.1386E+02
  -5.528  0.1366E+01  0.1388E+02
  -5.518  0.1304E+01  0.1389E+02
  -5.508  0.1243E+01  0.1390E+02
  -5.498  0.1185E+01  0.1391E+02
  -5.488  0.1129E+01  0.1393E+02
  -5.478  0.1076E+01  0.1394E+02
  -5.468  0.1026E+01  0.1395E+02
  -5.458  0.9778E+00  0.1396E+02
  -5.448  0.9331E+00  0.1397E+02
  -5.438  0.8915E+00  0.1397E+02
  -5.428  0.8529E+00  0.1398E+02
  -5.418  0.8175E+00  0.1399E+02
  -5.408  0.7854E+00  0.1400E+02
  -5.398  0.7564E+00  0.1401E+02
  -5.388  0.7307E+00  0.1401E+02
  -5.378  0.7082E+00  0.1402E+02
  -5.368  0.6890E+00  0.1403E+02
  -5.358  0.6729E+00  0.1404E+02
  -5.348  0.6600E+00  0.1404E+02
  -5.338  0.6502E+00  0.1405E+02
  -5.328  0.6435E+00  0.1405E+02
  -5.318  0.6397E+00  0.1406E+02
  -5.308  0.6389E+00  0.1407E+02
  -5.298  0.6409E+00  0.1407E+02
  -5.288  0.6456E+00  0.1408E+02
  -5.278  0.6531E+00  0.1409E+02
  -5.268  0.6632E+00  0.1409E+02
  -5.258  0.6757E+00  0.1410E+02
  -5.248  0.6907E+00  0.1411E+02
  -5.238  0.7080E+00  0.1411E+02
  -5.228  0.7276E+00  0.1412E+02
  -5.218  0.7493E+00  0.1413E+02
  -5.208  0.7730E+00  0.1414E+02
  -5.198  0.7988E+00  0.1414E+02
  -5.188  0.8264E+00  0.1415E+02
  -5.178  0.8558E+00  0.1416E+02
  -5.168  0.8869E+00  0.1417E+02
  -5.158  0.9196E+00  0.1418E+02
  -5.148  0.9539E+00  0.1419E+02
  -5.138  0.9897E+00  0.1420E+02
  -5.128  0.1027E+01  0.1421E+02
  -5.118  0.1065E+01  0.1422E+02
  -5.108  0.1105E+01  0.1423E+02
  -5.098  0.1146E+01  0.1424E+02
  -5.088  0.1188E+01  0.1425E+02
  -5.078  0.1231E+01  0.1427E+02
  -5.068  0.1275E+01  0.1428E+02
  -5.058  0.1320E+01  0.1429E+02
  -5.048  0.1366E+01  0.1431E+02
  -5.038  0.1413E+01  0.1432E+02
  -5.028  0.1460E+01  0.1433E+02
  -5.018  0.1508E+01  0.1435E+02
  -5.008  0.1556E+01  0.1437E+02
  -4.998  0.1605E+01  0.1438E+02
  -4.988  0.1654E+01  0.1440E+02
  -4.978  0.1703E+01  0.1442E+02
  -4.968  0.1752E+01  0.1443E+02
  -4.958  0.1802E+01  0.1445E+02
  -4.948  0.1851E+01  0.1447E+02
  -4.938  0.1900E+01  0.1449E+02
  -4.928  0.1948E+01  0.1451E+02
  -4.918  0.1996E+01  0.1453E+02
  -4.908  0.2043E+01  0.1455E+02
  -4.898  0.2089E+01  0.1457E+02
  -4.888  0.2134E+01  0.1459E+02
  -4.878  0.2178E+01  0.1461E+02
  -4.868  0.2221E+01  0.1463E+02
  -4.858  0.2261E+01  0.1466E+02
  -4.848  0.2300E+01  0.1468E+02
  -4.838  0.2337E+01  0.1470E+02
  -4.828  0.2372E+01  0.1473E+02
  -4.818  0.2405E+01  0.1475E+02
  -4.808  0.2435E+01  0.1478E+02
  -4.798  0.2462E+01  0.1480E+02
  -4.788  0.2487E+01  0.1482E+02
  -4.778  0.2509E+01  0.1485E+02
  -4.768  0.2527E+01  0.1488E+02
  -4.758  0.2542E+01  0.1490E+02
  -4.748  0.2554E+01  0.1493E+02
  -4.738  0.2563E+01  0.1495E+02
  -4.728  0.2568E+01  0.1498E+02
  -4.718  0.2570E+01  0.1500E+02
  -4.708  0.2568E+01  0.1503E+02
  -4.698  0.2563E+01  0.1505E+02
  -4.688  0.2555E+01  0.1508E+02
  -4.678  0.2543E+01  0.1511E+02
  -4.668  0.2527E+01  0.1513E+02
  -4.658  0.2509E+01  0.1516E+02
  -4.648  0.2487E+01  0.1518E+02
  -4.638  0.2462E+01  0.1521E+02
  -4.628  0.2435E+01  0.1523E+02
  -4.618  0.2404E+01  0.1525E+02
  -4.608  0.2372E+01  0.1528E+02
  -4.598  0.2337E+01  0.1530E+02
  -4.588  0.2299E+01  0.1532E+02
  -4.578  0.2260E+01  0.1535E+02
  -4.568  0.2219E+01  0.1537E+02
  -4.558  0.2177E+01  0.1539E+02
  -4.548  0.2133E+01  0.1541E+02
  -4.538  0.2089E+01  0.1543E+02
  -4.528  0.2043E+01  0.1545E+02
  -4.518  0.1997E+01  0.1547E+02
  -4.508  0.1950E+01  0.1549E+02
  -4.498  0.1903E+01  0.1551E+02
  -4.488  0.1856E+01  0.1553E+02
  -4.478  0.1810E+01  0.1555E+02
  -4.468  0.1763E+01  0.1557E+02
  -4.458  0.1717E+01  0.1558E+02
  -4.448  0.1672E+01  0.1560E+02
  -4.438  0.1628E+01  0.1562E+02
  -4.428  0.1584E+01  0.1563E+02
  -4.418  0.1542E+01  0.1565E+02
  -4.408  0.1501E+01  0.1566E+02
  -4.398  0.1461E+01  0.1568E+02
  -4.388  0.1423E+01  0.1569E+02
  -4.378  0.1386E+01  0.1570E+02
  -4.368  0.1351E+01  0.1572E+02
  -4.358  0.1318E+01  0.1573E+02
  -4.348  0.1286E+01  0.1574E+02
  -4.338  0.1257E+01  0.1576E+02
  -4.328  0.1230E+01  0.1577E+02
  -4.318  0.1204E+01  0.1578E+02
  -4.308  0.1181E+01  0.1579E+02
  -4.298  0.1160E+01  0.1580E+02
  -4.288  0.1142E+01  0.1582E+02
  -4.278  0.1125E+01  0.1583E+02
  -4.268  0.1112E+01  0.1584E+02
  -4.258  0.1100E+01  0.1585E+02
  -4.248  0.1091E+01  0.1586E+02
  -4.238  0.1085E+01  0.1587E+02
  -4.228  0.1081E+01  0.1588E+02
  -4.218  0.1080E+01  0.1589E+02
  -4.208  0.1081E+01  0.1590E+02
  -4.198  0.1086E+01  0.1591E+02
  -4.188  0.1092E+01  0.1593E+02
  -4.178  0.1102E+01  0.1594E+02
  -4.168  0.1113E+01  0.1595E+02
  -4.158  0.1128E+01  0.1596E+02
  -4.148  0.1145E+01  0.1597E+02
  -4.138  0.1165E+01  0.1598E+02
  -4.128  0.1187E+01  0.1599E+02
  -4.118  0.1211E+01  0.1601E+02
  -4.108  0.1238E+01  0.1602E+02
  -4.098  0.1267E+01  0.1603E+02
  -4.088  0.1298E+01  0.1604E+02
  -4.078  0.1331E+01  0.1606E+02
  -4.068  0.1366E+01  0.1607E+02
  -4.058  0.1402E+01  0.1609E+02
  -4.048  0.1440E+01  0.1610E+02
  -4.038  0.1480E+01  0.1611E+02
  -4.028  0.1521E+01  0.1613E+02
  -4.018  0.1563E+01  0.1615E+02
  -4.008  0.1605E+01  0.1616E+02
  -3.998  0.1649E+01  0.1618E+02
  -3.988  0.1693E+01  0.1619E+02
  -3.978  0.1737E+01  0.1621E+02
  -3.968  0.1781E+01  0.1623E+02
  -3.958  0.1826E+01  0.1625E+02
  -3.948  0.1870E+01  0.1627E+02
  -3.938  0.1913E+01  0.1629E+02
  -3.928  0.1956E+01  0.1631E+02
  -3.918  0.1998E+01  0.1633E+02
  -3.908  0.2039E+01  0.1635E+02
  -3.898  0.2078E+01  0.1637E+02
  -3.888  0.2116E+01  0.1639E+02
  -3.878  0.2153E+01  0.1641E+02
  -3.868  0.2188E+01  0.1643E+02
  -3.858  0.2221E+01  0.1645E+02
  -3.848  0.2252E+01  0.1648E+02
  -3.838  0.2281E+01  0.1650E+02
  -3.828  0.2307E+01  0.1652E+02
  -3.818  0.2332E+01  0.1655E+02
  -3.808  0.2354E+01  0.1657E+02
  -3.798  0.2373E+01  0.1659E+02
  -3.788  0.2391E+01  0.1662E+02
  -3.778  0.2405E+01  0.1664E+02
  -3.768  0.2417E+01  0.1666E+02
  -3.758  0.2427E+01  0.1669E+02
  -3.748  0.2434E+01  0.1671E+02
  -3.738  0.2438E+01  0.1674E+02
  -3.728  0.2440E+01  0.1676E+02
  -3.718  0.2440E+01  0.1679E+02
  -3.708  0.2437E+01  0.1681E+02
  -3.698  0.2432E+01  0.1683E+02
  -3.688  0.2425E+01  0.1686E+02
  -3.678  0.2416E+01  0.1688E+02
  -3.668  0.2404E+01  0.1691E+02
  -3.658  0.2391E+01  0.1693E+02
  -3.648  0.2376E+01  0.1696E+02
  -3.638  0.2359E+01  0.1698E+02
  -3.628  0.2341E+01  0.1700E+02
  -3.618  0.2321E+01  0.1703E+02
  -3.608  0.2300E+01  0.1705E+02
  -3.598  0.2279E+01  0.1707E+02
  -3.588  0.2256E+01  0.1709E+02
  -3.578  0.2232E+01  0.1712E+02
  -3.568  0.2207E+01  0.1714E+02
  -3.558  0.2183E+01  0.1716E+02
  -3.548  0.2157E+01  0.1718E+02
  -3.538  0.2132E+01  0.1720E+02
  -3.528  0.2107E+01  0.1722E+02
  -3.518  0.2082E+01  0.1724E+02
  -3.508  0.2057E+01  0.1727E+02
  -3.498  0.2032E+01  0.1729E+02
  -3.488  0.2009E+01  0.1731E+02
  -3.478  0.1986E+01  0.1733E+02
  -3.468  0.1964E+01  0.1735E+02
  -3.458  0.1944E+01  0.1736E+02
  -3.448  0.1925E+01  0.1738E+02
  -3.438  0.1907E+01  0.1740E+02
  -3.428  0.1891E+01  0.1742E+02
  -3.418  0.1878E+01  0.1744E+02
  -3.408  0.1867E+01  0.1746E+02
  -3.398  0.1858E+01  0.1748E+02
  -3.388  0.1851E+01  0.1750E+02
  -3.378  0.1848E+01  0.1751E+02
  -3.368  0.1848E+01  0.1753E+02
  -3.358  0.1851E+01  0.1755E+02
  -3.348  0.1858E+01  0.1757E+02
  -3.338  0.1869E+01  0.1759E+02
  -3.328  0.1884E+01  0.1761E+02
  -3.318  0.1903E+01  0.1763E+02
  -3.308  0.1927E+01  0.1765E+02
  -3.298  0.1956E+01  0.1767E+02
  -3.288  0.1990E+01  0.1769E+02
  -3.278  0.2029E+01  0.1771E+02
  -3.268  0.2074E+01  0.1773E+02
  -3.258  0.2124E+01  0.1775E+02
  -3.248  0.2181E+01  0.1777E+02
  -3.238  0.2243E+01  0.1779E+02
  -3.228  0.2312E+01  0.1782E+02
  -3.218  0.2387E+01  0.1784E+02
  -3.208  0.2468E+01  0.1786E+02
  -3.198  0.2556E+01  0.1789E+02
  -3.188  0.2651E+01  0.1792E+02
  -3.178  0.2751E+01  0.1794E+02
  -3.168  0.2858E+01  0.1797E+02
  -3.158  0.2972E+01  0.1800E+02
  -3.148  0.3091E+01  0.1803E+02
  -3.138  0.3216E+01  0.1806E+02
  -3.128  0.3347E+01  0.1810E+02
  -3.118  0.3483E+01  0.1813E+02
  -3.108  0.3624E+01  0.1817E+02
  -3.098  0.3769E+01  0.1821E+02
  -3.088  0.3919E+01  0.1825E+02
  -3.078  0.4072E+01  0.1829E+02
  -3.068  0.4228E+01  0.1833E+02
  -3.058  0.4386E+01  0.1837E+02
  -3.048  0.4546E+01  0.1842E+02
  -3.038  0.4707E+01  0.1847E+02
  -3.028  0.4869E+01  0.1851E+02
  -3.018  0.5030E+01  0.1856E+02
  -3.008  0.5191E+01  0.1862E+02
  -2.998  0.5350E+01  0.1867E+02
  -2.988  0.5506E+01  0.1873E+02
  -2.978  0.5660E+01  0.1878E+02
  -2.968  0.5810E+01  0.1884E+02
  -2.958  0.5955E+01  0.1890E+02
  -2.948  0.6095E+01  0.1896E+02
  -2.938  0.6230E+01  0.1902E+02
  -2.928  0.6358E+01  0.1909E+02
  -2.918  0.6480E+01  0.1915E+02
  -2.908  0.6594E+01  0.1922E+02
  -2.898  0.6701E+01  0.1928E+02
  -2.888  0.6800E+01  0.1935E+02
  -2.878  0.6890E+01  0.1942E+02
  -2.868  0.6972E+01  0.1949E+02
  -2.858  0.7045E+01  0.1956E+02
  -2.848  0.7110E+01  0.1963E+02
  -2.838  0.7166E+01  0.1970E+02
  -2.828  0.7212E+01  0.1978E+02
  -2.818  0.7251E+01  0.1985E+02
  -2.808  0.7280E+01  0.1992E+02
  -2.798  0.7302E+01  0.1999E+02
  -2.788  0.7315E+01  0.2007E+02
  -2.778  0.7320E+01  0.2014E+02
  -2.768  0.7319E+01  0.2021E+02
  -2.758  0.7310E+01  0.2029E+02
  -2.748  0.7294E+01  0.2036E+02
  -2.738  0.7272E+01  0.2043E+02
  -2.728  0.7245E+01  0.2050E+02
  -2.718  0.7212E+01  0.2058E+02
  -2.708  0.7175E+01  0.2065E+02
  -2.698  0.7133E+01  0.2072E+02
  -2.688  0.7087E+01  0.2079E+02
  -2.678  0.7038E+01  0.2086E+02
  -2.668  0.6986E+01  0.2093E+02
  -2.658  0.6932E+01  0.2100E+02
  -2.648  0.6875E+01  0.2107E+02
  -2.638  0.6817E+01  0.2114E+02
  -2.628  0.6757E+01  0.2121E+02
  -2.618  0.6697E+01  0.2127E+02
  -2.608  0.6635E+01  0.2134E+02
  -2.598  0.6573E+01  0.2140E+02
  -2.588  0.6510E+01  0.2147E+02
  -2.578  0.6447E+01  0.2153E+02
  -2.568  0.6384E+01  0.2160E+02
  -2.558  0.6320E+01  0.2166E+02
  -2.548  0.6257E+01  0.2172E+02
  -2.538  0.6194E+01  0.2179E+02
  -2.528  0.6130E+01  0.2185E+02
  -2.518  0.6066E+01  0.2191E+02
  -2.508  0.6002E+01  0.2197E+02
  -2.498  0.5938E+01  0.2203E+02
  -2.488  0.5873E+01  0.2209E+02
  -2.478  0.5807E+01  0.2214E+02
  -2.468  0.5741E+01  0.2220E+02
  -2.458  0.5673E+01  0.2226E+02
  -2.448  0.5605E+01  0.2231E+02
  -2.438  0.5535E+01  0.2237E+02
  -2.428  0.5464E+01  0.2242E+02
  -2.418  0.5391E+01  0.2248E+02
  -2.408  0.5317E+01  0.2253E+02
  -2.398  0.5240E+01  0.2258E+02
  -2.388  0.5162E+01  0.2263E+02
  -2.378  0.5081E+01  0.2269E+02
  -2.368  0.4999E+01  0.2274E+02
  -2.358  0.4913E+01  0.2278E+02
  -2.348  0.4826E+01  0.2283E+02
  -2.338  0.4736E+01  0.2288E+02
  -2.328  0.4644E+01  0.2293E+02
  -2.318  0.4550E+01  0.2297E+02
  -2.308  0.4453E+01  0.2302E+02
  -2.298  0.4354E+01  0.2306E+02
  -2.288  0.4253E+01  0.2310E+02
  -2.278  0.4149E+01  0.2314E+02
  -2.268  0.4044E+01  0.2318E+02
  -2.258  0.3937E+01  0.2322E+02
  -2.248  0.3829E+01  0.2326E+02
  -2.238  0.3719E+01  0.2330E+02
  -2.228  0.3607E+01  0.2334E+02
  -2.218  0.3495E+01  0.2337E+02
  -2.208  0.3382E+01  0.2340E+02
  -2.198  0.3268E+01  0.2344E+02
  -2.188  0.3154E+01  0.2347E+02
  -2.178  0.3040E+01  0.2350E+02
  -2.168  0.2926E+01  0.2353E+02
  -2.158  0.2812E+01  0.2356E+02
  -2.148  0.2699E+01  0.2358E+02
  -2.138  0.2587E+01  0.2361E+02
  -2.128  0.2475E+01  0.2363E+02
  -2.118  0.2365E+01  0.2366E+02
  -2.108  0.2257E+01  0.2368E+02
  -2.098  0.2150E+01  0.2370E+02
  -2.088  0.2045E+01  0.2372E+02
  -2.078  0.1942E+01  0.2374E+02
  -2.068  0.1841E+01  0.2376E+02
  -2.058  0.1743E+01  0.2378E+02
  -2.048  0.1647E+01  0.2379E+02
  -2.038  0.1554E+01  0.2381E+02
  -2.028  0.1464E+01  0.2382E+02
  -2.018  0.1377E+01  0.2384E+02
  -2.008  0.1292E+01  0.2385E+02
  -1.998  0.1211E+01  0.2386E+02
  -1.988  0.1133E+01  0.2387E+02
  -1.978  0.1058E+01  0.2388E+02
  -1.968  0.9865E+00  0.2389E+02
  -1.958  0.9180E+00  0.2390E+02
  -1.948  0.8527E+00  0.2391E+02
  -1.938  0.7906E+00  0.2392E+02
  -1.928  0.7316E+00  0.2393E+02
  -1.918  0.6758E+00  0.2393E+02
  -1.908  0.6231E+00  0.2394E+02
  -1.898  0.5734E+00  0.2395E+02
  -1.888  0.5267E+00  0.2395E+02
  -1.878  0.4829E+00  0.2396E+02
  -1.868  0.4418E+00  0.2396E+02
  -1.858  0.4034E+00  0.2396E+02
  -1.848  0.3677E+00  0.2397E+02
  -1.838  0.3344E+00  0.2397E+02
  -1.828  0.3035E+00  0.2397E+02
  -1.818  0.2750E+00  0.2398E+02
  -1.808  0.2486E+00  0.2398E+02
  -1.798  0.2243E+00  0.2398E+02
  -1.788  0.2019E+00  0.2398E+02
  -1.778  0.1814E+00  0.2399E+02
  -1.768  0.1627E+00  0.2399E+02
  -1.758  0.1456E+00  0.2399E+02
  -1.748  0.1300E+00  0.2399E+02
  -1.738  0.1158E+00  0.2399E+02
  -1.728  0.1030E+00  0.2399E+02
  -1.718  0.9134E-01  0.2399E+02
  -1.708  0.8086E-01  0.2399E+02
  -1.698  0.7143E-01  0.2400E+02
  -1.688  0.6296E-01  0.2400E+02
  -1.678  0.5538E-01  0.2400E+02
  -1.668  0.4860E-01  0.2400E+02
  -1.658  0.4256E-01  0.2400E+02
  -1.648  0.3719E-01  0.2400E+02
  -1.638  0.3242E-01  0.2400E+02
  -1.628  0.2820E-01  0.2400E+02
  -1.618  0.2448E-01  0.2400E+02
  -1.608  0.2120E-01  0.2400E+02
  -1.598  0.1832E-01  0.2400E+02
  -1.588  0.1580E-01  0.2400E+02
  -1.578  0.1359E-01  0.2400E+02
  -1.568  0.1167E-01  0.2400E+02
  -1.558  0.9995E-02  0.2400E+02
  -1.548  0.8545E-02  0.2400E+02
  -1.538  0.7290E-02  0.2400E+02
  -1.528  0.6208E-02  0.2400E+02
  -1.518  0.5279E-02  0.2400E+02
  -1.508  0.4483E-02  0.2400E+02
  -1.498  0.3804E-02  0.2400E+02
  -1.488  0.3227E-02  0.2400E+02
  -1.478  0.2741E-02  0.2400E+02
  -1.468  0.2335E-02  0.2400E+02
  -1.458  0.1998E-02  0.2400E+02
  -1.448  0.1724E-02  0.2400E+02
  -1.438  0.1505E-02  0.2400E+02
  -1.428  0.1338E-02  0.2400E+02
  -1.418  0.1217E-02  0.2400E+02
  -1.408  0.1141E-02  0.2400E+02
  -1.398  0.1108E-02  0.2400E+02
  -1.388  0.1118E-02  0.2400E+02
  -1.378  0.1171E-02  0.2400E+02
  -1.368  0.1271E-02  0.2400E+02
  -1.358  0.1421E-02  0.2400E+02
  -1.348  0.1626E-02  0.2400E+02
  -1.338  0.1893E-02  0.2400E+02
  -1.328  0.2230E-02  0.2400E+02
  -1.318  0.2648E-02  0.2400E+02
  -1.308  0.3159E-02  0.2400E+02
  -1.298  0.3778E-02  0.2400E+02
  -1.288  0.4522E-02  0.2400E+02
  -1.278  0.5411E-02  0.2400E+02
  -1.268  0.6468E-02  0.2400E+02
  -1.258  0.7721E-02  0.2400E+02
  -1.248  0.9199E-02  0.2400E+02
  -1.238  0.1094E-01  0.2400E+02
  -1.228  0.1298E-01  0.2400E+02
  -1.218  0.1536E-01  0.2400E+02
  -1.208  0.1814E-01  0.2400E+02
  -1.198  0.2137E-01  0.2400E+02
  -1.188  0.2512E-01  0.2400E+02
  -1.178  0.2945E-01  0.2400E+02
  -1.168  0.3444E-01  0.2400E+02
  -1.158  0.4017E-01  0.2400E+02
  -1.148  0.4675E-01  0.2400E+02
  -1.138  0.5427E-01  0.2400E+02
  -1.128  0.6284E-01  0.2400E+02
  -1.118  0.7259E-01  0.2400E+02
  -1.108  0.8364E-01  0.2401E+02
  -1.098  0.9614E-01  0.2401E+02
  -1.088  0.1102E+00  0.2401E+02
  -1.078  0.1261E+00  0.2401E+02
  -1.068  0.1439E+00  0.2401E+02
  -1.058  0.1637E+00  0.2401E+02
  -1.048  0.1859E+00  0.2401E+02
  -1.038  0.2106E+00  0.2402E+02
  -1.028  0.2379E+00  0.2402E+02
  -1.018  0.2682E+00  0.2402E+02
  -1.008  0.3016E+00  0.2402E+02
  -0.998  0.3383E+00  0.2403E+02
  -0.988  0.3786E+00  0.2403E+02
  -0.978  0.4226E+00  0.2404E+02
  -0.968  0.4706E+00  0.2404E+02
  -0.958  0.5229E+00  0.2405E+02
  -0.948  0.5796E+00  0.2405E+02
  -0.938  0.6409E+00  0.2406E+02
  -0.928  0.7069E+00  0.2406E+02
  -0.918  0.7780E+00  0.2407E+02
  -0.908  0.8542E+00  0.2408E+02
  -0.898  0.9357E+00  0.2409E+02
  -0.888  0.1023E+01  0.2410E+02
  -0.878  0.1115E+01  0.2411E+02
  -0.868  0.1213E+01  0.2412E+02
  -0.858  0.1316E+01  0.2414E+02
  -0.848  0.1425E+01  0.2415E+02
  -0.838  0.1540E+01  0.2417E+02
  -0.828  0.1660E+01  0.2418E+02
  -0.818  0.1785E+01  0.2420E+02
  -0.808  0.1915E+01  0.2422E+02
  -0.798  0.2051E+01  0.2424E+02
  -0.788  0.2191E+01  0.2426E+02
  -0.778  0.2335E+01  0.2429E+02
  -0.768  0.2484E+01  0.2431E+02
  -0.758  0.2636E+01  0.2434E+02
  -0.748  0.2792E+01  0.2437E+02
  -0.738  0.2950E+01  0.2439E+02
  -0.728  0.3112E+01  0.2443E+02
  -0.718  0.3275E+01  0.2446E+02
  -0.708  0.3439E+01  0.2449E+02
  -0.698  0.3605E+01  0.2453E+02
  -0.688  0.3771E+01  0.2457E+02
  -0.678  0.3937E+01  0.2461E+02
  -0.668  0.4102E+01  0.2465E+02
  -0.658  0.4265E+01  0.2469E+02
  -0.648  0.4427E+01  0.2473E+02
  -0.638  0.4587E+01  0.2478E+02
  -0.628  0.4743E+01  0.2483E+02
  -0.618  0.4896E+01  0.2488E+02
  -0.608  0.5046E+01  0.2493E+02
  -0.598  0.5190E+01  0.2498E+02
  -0.588  0.5330E+01  0.2503E+02
  -0.578  0.5465E+01  0.2509E+02
  -0.568  0.5595E+01  0.2514E+02
  -0.558  0.5719E+01  0.2520E+02
  -0.548  0.5836E+01  0.2526E+02
  -0.538  0.5948E+01  0.2532E+02
  -0.528  0.6053E+01  0.2538E+02
  -0.518  0.6152E+01  0.2544E+02
  -0.508  0.6244E+01  0.2550E+02
  -0.498  0.6330E+01  0.2557E+02
  -0.488  0.6409E+01  0.2563E+02
  -0.478  0.6482E+01  0.2569E+02
  -0.468  0.6549E+01  0.2576E+02
  -0.458  0.6610E+01  0.2583E+02
  -0.448  0.6665E+01  0.2589E+02
  -0.438  0.6715E+01  0.2596E+02
  -0.428  0.6759E+01  0.2603E+02
  -0.418  0.6798E+01  0.2610E+02
  -0.408  0.6832E+01  0.2616E+02
  -0.398  0.6862E+01  0.2623E+02
  -0.388  0.6888E+01  0.2630E+02
  -0.378  0.6910E+01  0.2637E+02
  -0.368  0.6929E+01  0.2644E+02
  -0.358  0.6944E+01  0.2651E+02
  -0.348  0.6956E+01  0.2658E+02
  -0.338  0.6966E+01  0.2665E+02
  -0.328  0.6973E+01  0.2672E+02
  -0.318  0.6978E+01  0.2679E+02
  -0.308  0.6982E+01  0.2686E+02
  -0.298  0.6983E+01  0.2693E+02
  -0.288  0.6983E+01  0.2700E+02
  -0.278  0.6982E+01  0.2707E+02
  -0.268  0.6979E+01  0.2714E+02
  -0.258  0.6975E+01  0.2721E+02
  -0.248  0.6970E+01  0.2728E+02
  -0.238  0.6964E+01  0.2735E+02
  -0.228  0.6958E+01  0.2742E+02
  -0.218  0.6950E+01  0.2749E+02
  -0.208  0.6941E+01  0.2755E+02
  -0.198  0.6931E+01  0.2762E+02
  -0.188  0.6921E+01  0.2769E+02
  -0.178  0.6909E+01  0.2776E+02
  -0.168  0.6897E+01  0.2783E+02
  -0.158  0.6884E+01  0.2790E+02
  -0.148  0.6869E+01  0.2797E+02
  -0.138  0.6854E+01  0.2804E+02
  -0.128  0.6837E+01  0.2811E+02
  -0.118  0.6820E+01  0.2817E+02
  -0.108  0.6802E+01  0.2824E+02
  -0.098  0.6782E+01  0.2831E+02
  -0.088  0.6762E+01  0.2838E+02
  -0.078  0.6741E+01  0.2844E+02
  -0.068  0.6719E+01  0.2851E+02
  -0.058  0.6696E+01  0.2858E+02
  -0.048  0.6673E+01  0.2865E+02
  -0.038  0.6649E+01  0.2871E+02
  -0.028  0.6625E+01  0.2878E+02
  -0.018  0.6601E+01  0.2884E+02
  -0.008  0.6576E+01  0.2891E+02
   0.002  0.6552E+01  0.2898E+02
   0.012  0.6529E+01  0.2904E+02
   0.022  0.6505E+01  0.2911E+02
   0.032  0.6483E+01  0.2917E+02
   0.042  0.6462E+01  0.2924E+02
   0.052  0.6441E+01  0.2930E+02
   0.062  0.6422E+01  0.2936E+02
   0.072  0.6405E+01  0.2943E+02
   0.082  0.6390E+01  0.2949E+02
   0.092  0.6377E+01  0.2956E+02
   0.102  0.6365E+01  0.2962E+02
   0.112  0.6356E+01  0.2968E+02
   0.122  0.6350E+01  0.2975E+02
   0.132  0.6346E+01  0.2981E+02
   0.142  0.6345E+01  0.2987E+02
   0.152  0.6347E+01  0.2994E+02
   0.162  0.6351E+01  0.3000E+02
   0.172  0.6359E+01  0.3006E+02
   0.182  0.6369E+01  0.3013E+02
   0.192  0.6382E+01  0.3019E+02
   0.202  0.6398E+01  0.3026E+02
   0.212  0.6417E+01  0.3032E+02
   0.222  0.6438E+01  0.3038E+02
   0.232  0.6461E+01  0.3045E+02
   0.242  0.6487E+01  0.3051E+02
   0.252  0.6515E+01  0.3058E+02
   0.262  0.6545E+01  0.3064E+02
   0.272  0.6577E+01  0.3071E+02
   0.282  0.6610E+01  0.3078E+02
   0.292  0.6644E+01  0.3084E+02
   0.302  0.6680E+01  0.3091E+02
   0.312  0.6716E+01  0.3098E+02
   0.322  0.6752E+01  0.3104E+02
   0.332  0.6789E+01  0.3111E+02
   0.342  0.6826E+01  0.3118E+02
   0.352  0.6862E+01  0.3125E+02
   0.362  0.6897E+01  0.3132E+02
   0.372  0.6932E+01  0.3139E+02
   0.382  0.6965E+01  0.3146E+02
   0.392  0.6997E+01  0.3153E+02
   0.402  0.7027E+01  0.3160E+02
   0.412  0.7056E+01  0.3167E+02
   0.422  0.7082E+01  0.3174E+02
   0.432  0.7106E+01  0.3181E+02
   0.442  0.7127E+01  0.3188E+02
   0.452  0.7146E+01  0.3195E+02
   0.462  0.7161E+01  0.3202E+02
   0.472  0.7174E+01  0.3210E+02
   0.482  0.7185E+01  0.3217E+02
   0.492  0.7192E+01  0.3224E+02
   0.502  0.7196E+01  0.3231E+02
   0.512  0.7197E+01  0.3238E+02
   0.522  0.7196E+01  0.3245E+02
   0.532  0.7191E+01  0.3253E+02
   0.542  0.7184E+01  0.3260E+02
   0.552  0.7175E+01  0.3267E+02
   0.562  0.7163E+01  0.3274E+02
   0.572  0.7149E+01  0.3281E+02
   0.582  0.7133E+01  0.3288E+02
   0.592  0.7116E+01  0.3296E+02
   0.602  0.7098E+01  0.3303E+02
   0.612  0.7079E+01  0.3310E+02
   0.622  0.7059E+01  0.3317E+02
   0.632  0.7039E+01  0.3324E+02
   0.642  0.7019E+01  0.3331E+02
   0.652  0.7000E+01  0.3338E+02
   0.662  0.6982E+01  0.3345E+02
   0.672  0.6965E+01  0.3352E+02
   0.682  0.6949E+01  0.3359E+02
   0.692  0.6936E+01  0.3366E+02
   0.702  0.6925E+01  0.3373E+02
   0.712  0.6917E+01  0.3380E+02
   0.722  0.6911E+01  0.3386E+02
   0.732  0.6909E+01  0.3393E+02
   0.742  0.6910E+01  0.3400E+02
   0.752  0.6915E+01  0.3407E+02
   0.762  0.6924E+01  0.3414E+02
   0.772  0.6936E+01  0.3421E+02
   0.782  0.6953E+01  0.3428E+02
   0.792  0.6973E+01  0.3435E+02
   0.802  0.6997E+01  0.3442E+02
   0.812  0.7024E+01  0.3449E+02
   0.822  0.7056E+01  0.3456E+02
   0.832  0.7091E+01  0.3463E+02
   0.842  0.7129E+01  0.3470E+02
   0.852  0.7170E+01  0.3477E+02
   0.862  0.7213E+01  0.3485E+02
   0.872  0.7259E+01  0.3492E+02
   0.882  0.7307E+01  0.3499E+02
   0.892  0.7357E+01  0.3507E+02
   0.902  0.7408E+01  0.3514E+02
   0.912  0.7459E+01  0.3521E+02
   0.922  0.7512E+01  0.3529E+02
   0.932  0.7564E+01  0.3537E+02
   0.942  0.7616E+01  0.3544E+02
   0.952  0.7667E+01  0.3552E+02
   0.962  0.7718E+01  0.3560E+02
   0.972  0.7767E+01  0.3567E+02
   0.982  0.7814E+01  0.3575E+02
   0.992  0.7859E+01  0.3583E+02
   1.002  0.7902E+01  0.3591E+02
   1.012  0.7943E+01  0.3599E+02
   1.022  0.7981E+01  0.3607E+02
   1.032  0.8017E+01  0.3615E+02
   1.042  0.8050E+01  0.3623E+02
   1.052  0.8080E+01  0.3631E+02
   1.062  0.8107E+01  0.3639E+02
   1.072  0.8131E+01  0.3647E+02
   1.082  0.8152E+01  0.3655E+02
   1.092  0.8171E+01  0.3664E+02
   1.102  0.8187E+01  0.3672E+02
   1.112  0.8201E+01  0.3680E+02
   1.122  0.8213E+01  0.3688E+02
   1.132  0.8223E+01  0.3696E+02
   1.142  0.8231E+01  0.3705E+02
   1.152  0.8237E+01  0.3713E+02
   1.162  0.8242E+01  0.3721E+02
   1.172  0.8246E+01  0.3729E+02
   1.182  0.8249E+01  0.3738E+02
   1.192  0.8252E+01  0.3746E+02
   1.202  0.8254E+01  0.3754E+02
   1.212  0.8257E+01  0.3762E+02
   1.222  0.8259E+01  0.3771E+02
   1.232  0.8261E+01  0.3779E+02
   1.242  0.8264E+01  0.3787E+02
   1.252  0.8268E+01  0.3795E+02
   1.262  0.8272E+01  0.3804E+02
   1.272  0.8277E+01  0.3812E+02
   1.282  0.8282E+01  0.3820E+02
   1.292  0.8288E+01  0.3828E+02
   1.302  0.8295E+01  0.3837E+02
   1.312  0.8303E+01  0.3845E+02
   1.322  0.8312E+01  0.3853E+02
   1.332  0.8321E+01  0.3862E+02
   1.342  0.8331E+01  0.3870E+02
   1.352  0.8341E+01  0.3878E+02
   1.362  0.8351E+01  0.3887E+02
   1.372  0.8362E+01  0.3895E+02
   1.382  0.8372E+01  0.3903E+02
   1.392  0.8382E+01  0.3912E+02
   1.402  0.8392E+01  0.3920E+02
   1.412  0.8401E+01  0.3929E+02
   1.422  0.8409E+01  0.3937E+02
   1.432  0.8416E+01  0.3945E+02
   1.442  0.8422E+01  0.3954E+02
   1.452  0.8426E+01  0.3962E+02
   1.462  0.8429E+01  0.3971E+02
   1.472  0.8430E+01  0.3979E+02
   1.482  0.8430E+01  0.3988E+02
   1.492  0.8427E+01  0.3996E+02
   1.502  0.8422E+01  0.4004E+02
   1.512  0.8415E+01  0.4013E+02
   1.522  0.8405E+01  0.4021E+02
   1.532  0.8393E+01  0.4030E+02
   1.542  0.8378E+01  0.4038E+02
   1.552  0.8361E+01  0.4046E+02
   1.562  0.8341E+01  0.4055E+02
   1.572  0.8319E+01  0.4063E+02
   1.582  0.8294E+01  0.4071E+02
   1.592  0.8266E+01  0.4080E+02
   1.602  0.8236E+01  0.4088E+02
   1.612  0.8204E+01  0.4096E+02
   1.622  0.8169E+01  0.4104E+02
   1.632  0.8132E+01  0.4112E+02
   1.642  0.8093E+01  0.4120E+02
   1.652  0.8051E+01  0.4129E+02
   1.662  0.8008E+01  0.4137E+02
   1.672  0.7963E+01  0.4144E+02
   1.682  0.7916E+01  0.4152E+02
   1.692  0.7868E+01  0.4160E+02
   1.702  0.7818E+01  0.4168E+02
   1.712  0.7768E+01  0.4176E+02
   1.722  0.7716E+01  0.4184E+02
   1.732  0.7663E+01  0.4191E+02
   1.742  0.7610E+01  0.4199E+02
   1.752  0.7556E+01  0.4206E+02
   1.762  0.7502E+01  0.4214E+02
   1.772  0.7447E+01  0.4221E+02
   1.782  0.7393E+01  0.4229E+02
   1.792  0.7339E+01  0.4236E+02
   1.802  0.7285E+01  0.4243E+02
   1.812  0.7231E+01  0.4251E+02
   1.822  0.7179E+01  0.4258E+02
   1.832  0.7127E+01  0.4265E+02
   1.842  0.7076E+01  0.4272E+02
   1.852  0.7027E+01  0.4279E+02
   1.862  0.6979E+01  0.4286E+02
   1.872  0.6932E+01  0.4293E+02
   1.882  0.6887E+01  0.4300E+02
   1.892  0.6845E+01  0.4307E+02
   1.902  0.6804E+01  0.4313E+02
   1.912  0.6765E+01  0.4320E+02
   1.922  0.6729E+01  0.4327E+02
   1.932  0.6695E+01  0.4334E+02
   1.942  0.6664E+01  0.4340E+02
   1.952  0.6636E+01  0.4347E+02
   1.962  0.6610E+01  0.4354E+02
   1.972  0.6588E+01  0.4360E+02
   1.982  0.6569E+01  0.4367E+02
   1.992  0.6552E+01  0.4373E+02
   2.002  0.6539E+01  0.4380E+02
   2.012  0.6529E+01  0.4386E+02
   2.022  0.6523E+01  0.4393E+02
   2.032  0.6519E+01  0.4399E+02
   2.042  0.6519E+01  0.4406E+02
   2.052  0.6522E+01  0.4412E+02
   2.062  0.6527E+01  0.4419E+02
   2.072  0.6536E+01  0.4425E+02
   2.082  0.6547E+01  0.4432E+02
   2.092  0.6560E+01  0.4439E+02
   2.102  0.6576E+01  0.4445E+02
   2.112  0.6594E+01  0.4452E+02
   2.122  0.6614E+01  0.4458E+02
   2.132  0.6635E+01  0.4465E+02
   2.142  0.6658E+01  0.4472E+02
   2.152  0.6681E+01  0.4478E+02
   2.162  0.6705E+01  0.4485E+02
   2.172  0.6729E+01  0.4492E+02
   2.182  0.6752E+01  0.4499E+02
   2.192  0.6775E+01  0.4505E+02
   2.202  0.6797E+01  0.4512E+02
   2.212  0.6817E+01  0.4519E+02
   2.222  0.6835E+01  0.4526E+02
   2.232  0.6851E+01  0.4533E+02
   2.242  0.6864E+01  0.4539E+02
   2.252  0.6873E+01  0.4546E+02
   2.262  0.6879E+01  0.4553E+02
   2.272  0.6881E+01  0.4560E+02
   2.282  0.6878E+01  0.4567E+02
   2.292  0.6871E+01  0.4574E+02
   2.302  0.6858E+01  0.4581E+02
   2.312  0.6839E+01  0.4588E+02
   2.322  0.6815E+01  0.4594E+02
   2.332  0.6784E+01  0.4601E+02
   2.342  0.6747E+01  0.4608E+02
   2.352  0.6704E+01  0.4615E+02
   2.362  0.6653E+01  0.4621E+02
   2.372  0.6596E+01  0.4628E+02
   2.382  0.6531E+01  0.4634E+02
   2.392  0.6460E+01  0.4641E+02
   2.402  0.6381E+01  0.4647E+02
   2.412  0.6296E+01  0.4654E+02
   2.422  0.6203E+01  0.4660E+02
   2.432  0.6104E+01  0.4666E+02
   2.442  0.5998E+01  0.4672E+02
   2.452  0.5885E+01  0.4678E+02
   2.462  0.5766E+01  0.4683E+02
   2.472  0.5641E+01  0.4689E+02
   2.482  0.5510E+01  0.4695E+02
   2.492  0.5374E+01  0.4700E+02
   2.502  0.5233E+01  0.4705E+02
   2.512  0.5087E+01  0.4710E+02
   2.522  0.4937E+01  0.4715E+02
   2.532  0.4784E+01  0.4720E+02
   2.542  0.4627E+01  0.4725E+02
   2.552  0.4468E+01  0.4729E+02
   2.562  0.4307E+01  0.4733E+02
   2.572  0.4144E+01  0.4738E+02
   2.582  0.3980E+01  0.4742E+02
   2.592  0.3815E+01  0.4745E+02
   2.602  0.3650E+01  0.4749E+02
   2.612  0.3486E+01  0.4753E+02
   2.622  0.3323E+01  0.4756E+02
   2.632  0.3161E+01  0.4759E+02
   2.642  0.3001E+01  0.4762E+02
   2.652  0.2844E+01  0.4765E+02
   2.662  0.2689E+01  0.4768E+02
   2.672  0.2538E+01  0.4770E+02
   2.682  0.2390E+01  0.4772E+02
   2.692  0.2246E+01  0.4775E+02
   2.702  0.2107E+01  0.4777E+02
   2.712  0.1971E+01  0.4779E+02
   2.722  0.1841E+01  0.4781E+02
   2.732  0.1715E+01  0.4782E+02
   2.742  0.1595E+01  0.4784E+02
   2.752  0.1480E+01  0.4785E+02
   2.762  0.1370E+01  0.4787E+02
   2.772  0.1265E+01  0.4788E+02
   2.782  0.1166E+01  0.4789E+02
   2.792  0.1072E+01  0.4790E+02
   2.802  0.9837E+00  0.4791E+02
   2.812  0.9004E+00  0.4792E+02
