#  E (eV)   dos(E)     Int dos(E) EFermi =   2.546 eV
 -17.792  0.5118E-04  0.5118E-06
 -17.782  0.6100E-04  0.1122E-05
 -17.772  0.7258E-04  0.1848E-05
 -17.762  0.8622E-04  0.2710E-05
 -17.752  0.1022E-03  0.3732E-05
 -17.742  0.1210E-03  0.4942E-05
 -17.732  0.1430E-03  0.6372E-05
 -17.722  0.1687E-03  0.8059E-05
 -17.712  0.1986E-03  0.1004E-04
 -17.702  0.2335E-03  0.1238E-04
 -17.692  0.2740E-03  0.1512E-04
 -17.682  0.3210E-03  0.1833E-04
 -17.672  0.3754E-03  0.2208E-04
 -17.662  0.4382E-03  0.2647E-04
 -17.652  0.5107E-03  0.3157E-04
 -17.642  0.5942E-03  0.3752E-04
 -17.632  0.6901E-03  0.4442E-04
 -17.622  0.8002E-03  0.5242E-04
 -17.612  0.9261E-03  0.6168E-04
 -17.602  0.1070E-02  0.7238E-04
 -17.592  0.1234E-02  0.8472E-04
 -17.582  0.1421E-02  0.9894E-04
 -17.572  0.1634E-02  0.1153E-03
 -17.562  0.1875E-02  0.1340E-03
 -17.552  0.2147E-02  0.1555E-03
 -17.542  0.2456E-02  0.1801E-03
 -17.532  0.2803E-02  0.2081E-03
 -17.522  0.3195E-02  0.2400E-03
 -17.512  0.3635E-02  0.2764E-03
 -17.502  0.4128E-02  0.3177E-03
 -17.492  0.4680E-02  0.3645E-03
 -17.482  0.5297E-02  0.4174E-03
 -17.472  0.5985E-02  0.4773E-03
 -17.462  0.6751E-02  0.5448E-03
 -17.452  0.7602E-02  0.6208E-03
 -17.442  0.8546E-02  0.7063E-03
 -17.432  0.9590E-02  0.8022E-03
 -17.422  0.1074E-01  0.9096E-03
 -17.412  0.1202E-01  0.1030E-02
 -17.402  0.1341E-01  0.1164E-02
 -17.392  0.1495E-01  0.1313E-02
 -17.382  0.1664E-01  0.1480E-02
 -17.372  0.1848E-01  0.1665E-02
 -17.362  0.2049E-01  0.1870E-02
 -17.352  0.2269E-01  0.2096E-02
 -17.342  0.2507E-01  0.2347E-02
 -17.332  0.2766E-01  0.2624E-02
 -17.322  0.3047E-01  0.2928E-02
 -17.312  0.3350E-01  0.3263E-02
 -17.302  0.3678E-01  0.3631E-02
 -17.292  0.4031E-01  0.4034E-02
 -17.282  0.4411E-01  0.4475E-02
 -17.272  0.4818E-01  0.4957E-02
 -17.262  0.5255E-01  0.5483E-02
 -17.252  0.5721E-01  0.6055E-02
 -17.242  0.6219E-01  0.6677E-02
 -17.232  0.6749E-01  0.7352E-02
 -17.222  0.7313E-01  0.8083E-02
 -17.212  0.7911E-01  0.8874E-02
 -17.202  0.8544E-01  0.9728E-02
 -17.192  0.9213E-01  0.1065E-01
 -17.182  0.9920E-01  0.1164E-01
 -17.172  0.1066E+00  0.1271E-01
 -17.162  0.1145E+00  0.1385E-01
 -17.152  0.1227E+00  0.1508E-01
 -17.142  0.1313E+00  0.1639E-01
 -17.132  0.1403E+00  0.1779E-01
 -17.122  0.1497E+00  0.1929E-01
 -17.112  0.1595E+00  0.2089E-01
 -17.102  0.1696E+00  0.2258E-01
 -17.092  0.1802E+00  0.2438E-01
 -17.082  0.1912E+00  0.2630E-01
 -17.072  0.2026E+00  0.2832E-01
 -17.062  0.2144E+00  0.3047E-01
 -17.052  0.2266E+00  0.3273E-01
 -17.042  0.2392E+00  0.3513E-01
 -17.032  0.2522E+00  0.3765E-01
 -17.022  0.2656E+00  0.4030E-01
 -17.012  0.2794E+00  0.4310E-01
 -17.002  0.2936E+00  0.4603E-01
 -16.992  0.3081E+00  0.4911E-01
 -16.982  0.3231E+00  0.5235E-01
 -16.972  0.3386E+00  0.5573E-01
 -16.962  0.3544E+00  0.5928E-01
 -16.952  0.3707E+00  0.6298E-01
 -16.942  0.3874E+00  0.6686E-01
 -16.932  0.4046E+00  0.7090E-01
 -16.922  0.4223E+00  0.7513E-01
 -16.912  0.4406E+00  0.7953E-01
 -16.902  0.4593E+00  0.8412E-01
 -16.892  0.4787E+00  0.8891E-01
 -16.882  0.4987E+00  0.9390E-01
 -16.872  0.5193E+00  0.9909E-01
 -16.862  0.5407E+00  0.1045E+00
 -16.852  0.5628E+00  0.1101E+00
 -16.842  0.5857E+00  0.1160E+00
 -16.832  0.6095E+00  0.1221E+00
 -16.822  0.6343E+00  0.1284E+00
 -16.812  0.6600E+00  0.1350E+00
 -16.802  0.6868E+00  0.1419E+00
 -16.792  0.7148E+00  0.1490E+00
 -16.782  0.7440E+00  0.1565E+00
 -16.772  0.7745E+00  0.1642E+00
 -16.762  0.8063E+00  0.1723E+00
 -16.752  0.8396E+00  0.1807E+00
 -16.742  0.8744E+00  0.1894E+00
 -16.732  0.9108E+00  0.1985E+00
 -16.722  0.9489E+00  0.2080E+00
 -16.712  0.9887E+00  0.2179E+00
 -16.702  0.1030E+01  0.2282E+00
 -16.692  0.1074E+01  0.2389E+00
 -16.682  0.1119E+01  0.2501E+00
 -16.672  0.1166E+01  0.2618E+00
 -16.662  0.1216E+01  0.2740E+00
 -16.652  0.1267E+01  0.2866E+00
 -16.642  0.1320E+01  0.2998E+00
 -16.632  0.1375E+01  0.3136E+00
 -16.622  0.1433E+01  0.3279E+00
 -16.612  0.1492E+01  0.3428E+00
 -16.602  0.1553E+01  0.3584E+00
 -16.592  0.1616E+01  0.3745E+00
 -16.582  0.1680E+01  0.3913E+00
 -16.572  0.1747E+01  0.4088E+00
 -16.562  0.1815E+01  0.4269E+00
 -16.552  0.1884E+01  0.4458E+00
 -16.542  0.1955E+01  0.4653E+00
 -16.532  0.2027E+01  0.4856E+00
 -16.522  0.2100E+01  0.5066E+00
 -16.512  0.2174E+01  0.5283E+00
 -16.502  0.2248E+01  0.5508E+00
 -16.492  0.2323E+01  0.5741E+00
 -16.482  0.2399E+01  0.5980E+00
 -16.472  0.2474E+01  0.6228E+00
 -16.462  0.2549E+01  0.6483E+00
 -16.452  0.2623E+01  0.6745E+00
 -16.442  0.2697E+01  0.7015E+00
 -16.432  0.2770E+01  0.7292E+00
 -16.422  0.2842E+01  0.7576E+00
 -16.412  0.2912E+01  0.7867E+00
 -16.402  0.2980E+01  0.8165E+00
 -16.392  0.3047E+01  0.8470E+00
 -16.382  0.3112E+01  0.8781E+00
 -16.372  0.3174E+01  0.9098E+00
 -16.362  0.3234E+01  0.9422E+00
 -16.352  0.3291E+01  0.9751E+00
 -16.342  0.3345E+01  0.1009E+01
 -16.332  0.3396E+01  0.1042E+01
 -16.322  0.3444E+01  0.1077E+01
 -16.312  0.3489E+01  0.1112E+01
 -16.302  0.3531E+01  0.1147E+01
 -16.292  0.3569E+01  0.1183E+01
 -16.282  0.3603E+01  0.1219E+01
 -16.272  0.3634E+01  0.1255E+01
 -16.262  0.3662E+01  0.1292E+01
 -16.252  0.3686E+01  0.1329E+01
 -16.242  0.3706E+01  0.1366E+01
 -16.232  0.3724E+01  0.1403E+01
 -16.222  0.3738E+01  0.1440E+01
 -16.212  0.3749E+01  0.1478E+01
 -16.202  0.3756E+01  0.1515E+01
 -16.192  0.3761E+01  0.1553E+01
 -16.182  0.3763E+01  0.1591E+01
 -16.172  0.3763E+01  0.1628E+01
 -16.162  0.3760E+01  0.1666E+01
 -16.152  0.3755E+01  0.1703E+01
 -16.142  0.3748E+01  0.1741E+01
 -16.132  0.3739E+01  0.1778E+01
 -16.122  0.3729E+01  0.1816E+01
 -16.112  0.3717E+01  0.1853E+01
 -16.102  0.3704E+01  0.1890E+01
 -16.092  0.3690E+01  0.1927E+01
 -16.082  0.3675E+01  0.1963E+01
 -16.072  0.3659E+01  0.2000E+01
 -16.062  0.3643E+01  0.2036E+01
 -16.052  0.3627E+01  0.2073E+01
 -16.042  0.3611E+01  0.2109E+01
 -16.032  0.3594E+01  0.2145E+01
 -16.022  0.3578E+01  0.2181E+01
 -16.012  0.3561E+01  0.2216E+01
 -16.002  0.3545E+01  0.2252E+01
 -15.992  0.3530E+01  0.2287E+01
 -15.982  0.3514E+01  0.2322E+01
 -15.972  0.3499E+01  0.2357E+01
 -15.962  0.3485E+01  0.2392E+01
 -15.952  0.3471E+01  0.2427E+01
 -15.942  0.3457E+01  0.2461E+01
 -15.932  0.3444E+01  0.2496E+01
 -15.922  0.3431E+01  0.2530E+01
 -15.912  0.3419E+01  0.2564E+01
 -15.902  0.3407E+01  0.2598E+01
 -15.892  0.3395E+01  0.2632E+01
 -15.882  0.3383E+01  0.2666E+01
 -15.872  0.3372E+01  0.2700E+01
 -15.862  0.3360E+01  0.2733E+01
 -15.852  0.3349E+01  0.2767E+01
 -15.842  0.3337E+01  0.2800E+01
 -15.832  0.3326E+01  0.2833E+01
 -15.822  0.3314E+01  0.2867E+01
 -15.812  0.3302E+01  0.2900E+01
 -15.802  0.3291E+01  0.2932E+01
 -15.792  0.3279E+01  0.2965E+01
 -15.782  0.3266E+01  0.2998E+01
 -15.772  0.3254E+01  0.3030E+01
 -15.762  0.3242E+01  0.3063E+01
 -15.752  0.3229E+01  0.3095E+01
 -15.742  0.3217E+01  0.3127E+01
 -15.732  0.3204E+01  0.3159E+01
 -15.722  0.3192E+01  0.3191E+01
 -15.712  0.3180E+01  0.3223E+01
 -15.702  0.3168E+01  0.3255E+01
 -15.692  0.3157E+01  0.3286E+01
 -15.682  0.3146E+01  0.3318E+01
 -15.672  0.3136E+01  0.3349E+01
 -15.662  0.3126E+01  0.3380E+01
 -15.652  0.3118E+01  0.3412E+01
 -15.642  0.3110E+01  0.3443E+01
 -15.632  0.3104E+01  0.3474E+01
 -15.622  0.3099E+01  0.3505E+01
 -15.612  0.3095E+01  0.3536E+01
 -15.602  0.3093E+01  0.3567E+01
 -15.592  0.3092E+01  0.3598E+01
 -15.582  0.3093E+01  0.3628E+01
 -15.572  0.3096E+01  0.3659E+01
 -15.562  0.3100E+01  0.3690E+01
 -15.552  0.3106E+01  0.3721E+01
 -15.542  0.3114E+01  0.3753E+01
 -15.532  0.3124E+01  0.3784E+01
 -15.522  0.3135E+01  0.3815E+01
 -15.512  0.3149E+01  0.3847E+01
 -15.502  0.3164E+01  0.3878E+01
 -15.492  0.3180E+01  0.3910E+01
 -15.482  0.3199E+01  0.3942E+01
 -15.472  0.3218E+01  0.3974E+01
 -15.462  0.3239E+01  0.4007E+01
 -15.452  0.3261E+01  0.4039E+01
 -15.442  0.3285E+01  0.4072E+01
 -15.432  0.3309E+01  0.4105E+01
 -15.422  0.3334E+01  0.4139E+01
 -15.412  0.3359E+01  0.4172E+01
 -15.402  0.3385E+01  0.4206E+01
 -15.392  0.3411E+01  0.4240E+01
 -15.382  0.3436E+01  0.4275E+01
 -15.372  0.3462E+01  0.4309E+01
 -15.362  0.3488E+01  0.4344E+01
 -15.352  0.3512E+01  0.4379E+01
 -15.342  0.3537E+01  0.4414E+01
 -15.332  0.3560E+01  0.4450E+01
 -15.322  0.3583E+01  0.4486E+01
 -15.312  0.3604E+01  0.4522E+01
 -15.302  0.3625E+01  0.4558E+01
 -15.292  0.3644E+01  0.4595E+01
 -15.282  0.3663E+01  0.4631E+01
 -15.272  0.3680E+01  0.4668E+01
 -15.262  0.3696E+01  0.4705E+01
 -15.252  0.3712E+01  0.4742E+01
 -15.242  0.3726E+01  0.4779E+01
 -15.232  0.3740E+01  0.4817E+01
 -15.222  0.3753E+01  0.4854E+01
 -15.212  0.3766E+01  0.4892E+01
 -15.202  0.3779E+01  0.4930E+01
 -15.192  0.3792E+01  0.4968E+01
 -15.182  0.3805E+01  0.5006E+01
 -15.172  0.3819E+01  0.5044E+01
 -15.162  0.3835E+01  0.5082E+01
 -15.152  0.3852E+01  0.5121E+01
 -15.142  0.3871E+01  0.5160E+01
 -15.132  0.3892E+01  0.5198E+01
 -15.122  0.3916E+01  0.5238E+01
 -15.112  0.3944E+01  0.5277E+01
 -15.102  0.3975E+01  0.5317E+01
 -15.092  0.4010E+01  0.5357E+01
 -15.082  0.4049E+01  0.5397E+01
 -15.072  0.4094E+01  0.5438E+01
 -15.062  0.4144E+01  0.5480E+01
 -15.052  0.4200E+01  0.5522E+01
 -15.042  0.4263E+01  0.5564E+01
 -15.032  0.4331E+01  0.5608E+01
 -15.022  0.4407E+01  0.5652E+01
 -15.012  0.4490E+01  0.5697E+01
 -15.002  0.4580E+01  0.5743E+01
 -14.992  0.4678E+01  0.5789E+01
 -14.982  0.4784E+01  0.5837E+01
 -14.972  0.4897E+01  0.5886E+01
 -14.962  0.5019E+01  0.5936E+01
 -14.952  0.5148E+01  0.5988E+01
 -14.942  0.5285E+01  0.6041E+01
 -14.932  0.5430E+01  0.6095E+01
 -14.922  0.5582E+01  0.6151E+01
 -14.912  0.5741E+01  0.6208E+01
 -14.902  0.5907E+01  0.6267E+01
 -14.892  0.6080E+01  0.6328E+01
 -14.882  0.6258E+01  0.6391E+01
 -14.872  0.6442E+01  0.6455E+01
 -14.862  0.6630E+01  0.6521E+01
 -14.852  0.6822E+01  0.6590E+01
 -14.842  0.7018E+01  0.6660E+01
 -14.832  0.7216E+01  0.6732E+01
 -14.822  0.7416E+01  0.6806E+01
 -14.812  0.7616E+01  0.6882E+01
 -14.802  0.7817E+01  0.6960E+01
 -14.792  0.8016E+01  0.7041E+01
 -14.782  0.8213E+01  0.7123E+01
 -14.772  0.8407E+01  0.7207E+01
 -14.762  0.8598E+01  0.7293E+01
 -14.752  0.8783E+01  0.7381E+01
 -14.742  0.8962E+01  0.7470E+01
 -14.732  0.9133E+01  0.7561E+01
 -14.722  0.9297E+01  0.7654E+01
 -14.712  0.9452E+01  0.7749E+01
 -14.702  0.9597E+01  0.7845E+01
 -14.692  0.9731E+01  0.7942E+01
 -14.682  0.9853E+01  0.8041E+01
 -14.672  0.9963E+01  0.8140E+01
 -14.662  0.1006E+02  0.8241E+01
 -14.652  0.1014E+02  0.8342E+01
 -14.642  0.1021E+02  0.8445E+01
 -14.632  0.1026E+02  0.8547E+01
 -14.622  0.1030E+02  0.8650E+01
 -14.612  0.1033E+02  0.8753E+01
 -14.602  0.1033E+02  0.8857E+01
 -14.592  0.1032E+02  0.8960E+01
 -14.582  0.1030E+02  0.9063E+01
 -14.572  0.1026E+02  0.9166E+01
 -14.562  0.1020E+02  0.9268E+01
 -14.552  0.1012E+02  0.9369E+01
 -14.542  0.1003E+02  0.9469E+01
 -14.532  0.9929E+01  0.9568E+01
 -14.522  0.9810E+01  0.9666E+01
 -14.512  0.9676E+01  0.9763E+01
 -14.502  0.9528E+01  0.9859E+01
 -14.492  0.9367E+01  0.9952E+01
 -14.482  0.9194E+01  0.1004E+02
 -14.472  0.9009E+01  0.1013E+02
 -14.462  0.8814E+01  0.1022E+02
 -14.452  0.8608E+01  0.1031E+02
 -14.442  0.8393E+01  0.1039E+02
 -14.432  0.8170E+01  0.1047E+02
 -14.422  0.7940E+01  0.1055E+02
 -14.412  0.7703E+01  0.1063E+02
 -14.402  0.7461E+01  0.1071E+02
 -14.392  0.7214E+01  0.1078E+02
 -14.382  0.6964E+01  0.1085E+02
 -14.372  0.6712E+01  0.1091E+02
 -14.362  0.6458E+01  0.1098E+02
 -14.352  0.6203E+01  0.1104E+02
 -14.342  0.5948E+01  0.1110E+02
 -14.332  0.5694E+01  0.1116E+02
 -14.322  0.5441E+01  0.1121E+02
 -14.312  0.5192E+01  0.1126E+02
 -14.302  0.4945E+01  0.1131E+02
 -14.292  0.4702E+01  0.1136E+02
 -14.282  0.4464E+01  0.1140E+02
 -14.272  0.4230E+01  0.1145E+02
 -14.262  0.4002E+01  0.1149E+02
 -14.252  0.3780E+01  0.1152E+02
 -14.242  0.3564E+01  0.1156E+02
 -14.232  0.3355E+01  0.1159E+02
 -14.222  0.3153E+01  0.1163E+02
 -14.212  0.2958E+01  0.1165E+02
 -14.202  0.2771E+01  0.1168E+02
 -14.192  0.2591E+01  0.1171E+02
 -14.182  0.2418E+01  0.1173E+02
 -14.172  0.2253E+01  0.1176E+02
 -14.162  0.2096E+01  0.1178E+02
 -14.152  0.1947E+01  0.1180E+02
 -14.142  0.1805E+01  0.1181E+02
 -14.132  0.1671E+01  0.1183E+02
 -14.122  0.1544E+01  0.1185E+02
 -14.112  0.1424E+01  0.1186E+02
 -14.102  0.1312E+01  0.1187E+02
 -14.092  0.1206E+01  0.1189E+02
 -14.082  0.1107E+01  0.1190E+02
 -14.072  0.1014E+01  0.1191E+02
 -14.062  0.9277E+00  0.1192E+02
 -14.052  0.8472E+00  0.1192E+02
 -14.042  0.7723E+00  0.1193E+02
 -14.032  0.7029E+00  0.1194E+02
 -14.022  0.6387E+00  0.1195E+02
 -14.012  0.5793E+00  0.1195E+02
 -14.002  0.5246E+00  0.1196E+02
 -13.992  0.4742E+00  0.1196E+02
 -13.982  0.4279E+00  0.1197E+02
 -13.972  0.3855E+00  0.1197E+02
 -13.962  0.3468E+00  0.1197E+02
 -13.952  0.3114E+00  0.1198E+02
 -13.942  0.2791E+00  0.1198E+02
 -13.932  0.2498E+00  0.1198E+02
 -13.922  0.2231E+00  0.1198E+02
 -13.912  0.1990E+00  0.1199E+02
 -13.902  0.1772E+00  0.1199E+02
 -13.892  0.1575E+00  0.1199E+02
 -13.882  0.1397E+00  0.1199E+02
 -13.872  0.1238E+00  0.1199E+02
 -13.862  0.1095E+00  0.1199E+02
 -13.852  0.9664E-01  0.1199E+02
 -13.842  0.8517E-01  0.1199E+02
 -13.832  0.7494E-01  0.1200E+02
 -13.822  0.6582E-01  0.1200E+02
 -13.812  0.5772E-01  0.1200E+02
 -13.802  0.5053E-01  0.1200E+02
 -13.792  0.4416E-01  0.1200E+02
 -13.782  0.3853E-01  0.1200E+02
 -13.772  0.3355E-01  0.1200E+02
 -13.762  0.2918E-01  0.1200E+02
 -13.752  0.2533E-01  0.1200E+02
 -13.742  0.2195E-01  0.1200E+02
 -13.732  0.1899E-01  0.1200E+02
 -13.722  0.1640E-01  0.1200E+02
 -13.712  0.1414E-01  0.1200E+02
 -13.702  0.1217E-01  0.1200E+02
 -13.692  0.1046E-01  0.1200E+02
 -13.682  0.8968E-02  0.1200E+02
 -13.672  0.7680E-02  0.1200E+02
 -13.662  0.6566E-02  0.1200E+02
 -13.652  0.5604E-02  0.1200E+02
 -13.642  0.4774E-02  0.1200E+02
 -13.632  0.4061E-02  0.1200E+02
 -13.622  0.3448E-02  0.1200E+02
 -13.612  0.2923E-02  0.1200E+02
 -13.602  0.2474E-02  0.1200E+02
 -13.592  0.2090E-02  0.1200E+02
 -13.582  0.1763E-02  0.1200E+02
 -13.572  0.1484E-02  0.1200E+02
 -13.562  0.1247E-02  0.1200E+02
 -13.552  0.1047E-02  0.1200E+02
 -13.542  0.8768E-03  0.1200E+02
 -13.532  0.7332E-03  0.1200E+02
 -13.522  0.6122E-03  0.1200E+02
 -13.512  0.5102E-03  0.1200E+02
 -13.502  0.4245E-03  0.1200E+02
 -13.492  0.3526E-03  0.1200E+02
 -13.482  0.2924E-03  0.1200E+02
 -13.472  0.2420E-03  0.1200E+02
 -13.462  0.2000E-03  0.1200E+02
 -13.452  0.1650E-03  0.1200E+02
 -13.442  0.1359E-03  0.1200E+02
 -13.432  0.1118E-03  0.1200E+02
 -13.422  0.9173E-04  0.1200E+02
 -13.412  0.7517E-04  0.1200E+02
 -13.402  0.6149E-04  0.1200E+02
 -13.392  0.5022E-04  0.1200E+02
 -13.382  0.4094E-04  0.1200E+02
 -13.372  0.3332E-04  0.1200E+02
 -13.362  0.2707E-04  0.1200E+02
 -13.352  0.2196E-04  0.1200E+02
 -13.342  0.1778E-04  0.1200E+02
 -13.332  0.1438E-04  0.1200E+02
 -13.322  0.1160E-04  0.1200E+02
 -13.312  0.9347E-05  0.1200E+02
 -13.302  0.7518E-05  0.1200E+02
 -13.292  0.6036E-05  0.1200E+02
 -13.282  0.4838E-05  0.1200E+02
 -13.272  0.3872E-05  0.1200E+02
 -13.262  0.3093E-05  0.1200E+02
 -13.252  0.2466E-05  0.1200E+02
 -13.242  0.1964E-05  0.1200E+02
 -13.232  0.1561E-05  0.1200E+02
 -13.222  0.1238E-05  0.1200E+02
 -13.212  0.9809E-06  0.1200E+02
 -13.202  0.7756E-06  0.1200E+02
 -13.192  0.6123E-06  0.1200E+02
 -13.182  0.4825E-06  0.1200E+02
 -13.172  0.3796E-06  0.1200E+02
 -13.162  0.2982E-06  0.1200E+02
 -13.152  0.2338E-06  0.1200E+02
 -13.142  0.1830E-06  0.1200E+02
 -13.132  0.1430E-06  0.1200E+02
 -13.122  0.1115E-06  0.1200E+02
 -13.112  0.8686E-07  0.1200E+02
 -13.102  0.6753E-07  0.1200E+02
 -13.092  0.5241E-07  0.1200E+02
 -13.082  0.4061E-07  0.1200E+02
 -13.072  0.3141E-07  0.1200E+02
 -13.062  0.2426E-07  0.1200E+02
 -13.052  0.1870E-07  0.1200E+02
 -13.042  0.1439E-07  0.1200E+02
 -13.032  0.1105E-07  0.1200E+02
 -13.022  0.8478E-08  0.1200E+02
 -13.012  0.6491E-08  0.1200E+02
 -13.002  0.4962E-08  0.1200E+02
 -12.992  0.3786E-08  0.1200E+02
 -12.982  0.2884E-08  0.1200E+02
 -12.972  0.2193E-08  0.1200E+02
 -12.962  0.1665E-08  0.1200E+02
 -12.952  0.1262E-08  0.1200E+02
 -12.942  0.9547E-09  0.1200E+02
 -12.932  0.7211E-09  0.1200E+02
 -12.922  0.5437E-09  0.1200E+02
 -12.912  0.4093E-09  0.1200E+02
 -12.902  0.3076E-09  0.1200E+02
 -12.892  0.2307E-09  0.1200E+02
 -12.882  0.1728E-09  0.1200E+02
 -12.872  0.1292E-09  0.1200E+02
 -12.862  0.9643E-10  0.1200E+02
 -12.852  0.7185E-10  0.1200E+02
 -12.842  0.5345E-10  0.1200E+02
 -12.832  0.3969E-10  0.1200E+02
 -12.822  0.2942E-10  0.1200E+02
 -12.812  0.2177E-10  0.1200E+02
 -12.802  0.1609E-10  0.1200E+02
 -12.792  0.1187E-10  0.1200E+02
 -12.782  0.8736E-11  0.1200E+02
 -12.772  0.6422E-11  0.1200E+02
 -12.762  0.4712E-11  0.1200E+02
 -12.752  0.3452E-11  0.1200E+02
 -12.742  0.2524E-11  0.1200E+02
 -12.732  0.1843E-11  0.1200E+02
 -12.722  0.1343E-11  0.1200E+02
 -12.712  0.9773E-12  0.1200E+02
 -12.702  0.7099E-12  0.1200E+02
 -12.692  0.5148E-12  0.1200E+02
 -12.682  0.3726E-12  0.1200E+02
 -12.672  0.2693E-12  0.1200E+02
 -12.662  0.1943E-12  0.1200E+02
 -12.652  0.1399E-12  0.1200E+02
 -12.642  0.1006E-12  0.1200E+02
 -12.632  0.7220E-13  0.1200E+02
 -12.622  0.5174E-13  0.1200E+02
 -12.612  0.3701E-13  0.1200E+02
 -12.602  0.2643E-13  0.1200E+02
 -12.592  0.1884E-13  0.1200E+02
 -12.582  0.1341E-13  0.1200E+02
 -12.572  0.9526E-14  0.1200E+02
 -12.562  0.6757E-14  0.1200E+02
 -12.552  0.4784E-14  0.1200E+02
 -12.542  0.3382E-14  0.1200E+02
 -12.532  0.2386E-14  0.1200E+02
 -12.522  0.1681E-14  0.1200E+02
 -12.512  0.1182E-14  0.1200E+02
 -12.502  0.8300E-15  0.1200E+02
 -12.492  0.5817E-15  0.1200E+02
 -12.482  0.4070E-15  0.1200E+02
 -12.472  0.2843E-15  0.1200E+02
 -12.462  0.1982E-15  0.1200E+02
 -12.452  0.1380E-15  0.1200E+02
 -12.442  0.9590E-16  0.1200E+02
 -12.432  0.6653E-16  0.1200E+02
 -12.422  0.4607E-16  0.1200E+02
 -12.412  0.3186E-16  0.1200E+02
 -12.402  0.2199E-16  0.1200E+02
 -12.392  0.1515E-16  0.1200E+02
 -12.382  0.1042E-16  0.1200E+02
 -12.372  0.7156E-17  0.1200E+02
 -12.362  0.4906E-17  0.1200E+02
 -12.352  0.3357E-17  0.1200E+02
 -12.342  0.2294E-17  0.1200E+02
 -12.332  0.1564E-17  0.1200E+02
 -12.322  0.1065E-17  0.1200E+02
 -12.312  0.7241E-18  0.1200E+02
 -12.302  0.4913E-18  0.1200E+02
 -12.292  0.3328E-18  0.1200E+02
 -12.282  0.2251E-18  0.1200E+02
 -12.272  0.1520E-18  0.1200E+02
 -12.262  0.1024E-18  0.1200E+02
 -12.252  0.6890E-19  0.1200E+02
 -12.242  0.4628E-19  0.1200E+02
 -12.232  0.3103E-19  0.1200E+02
 -12.222  0.2077E-19  0.1200E+02
 -12.212  0.1388E-19  0.1200E+02
 -12.202  0.9260E-20  0.1200E+02
 -12.192  0.6167E-20  0.1200E+02
 -12.182  0.4100E-20  0.1200E+02
 -12.172  0.2721E-20  0.1200E+02
 -12.162  0.1803E-20  0.1200E+02
 -12.152  0.1193E-20  0.1200E+02
 -12.142  0.7875E-21  0.1200E+02
 -12.132  0.5191E-21  0.1200E+02
 -12.122  0.3416E-21  0.1200E+02
 -12.112  0.2244E-21  0.1200E+02
 -12.102  0.1472E-21  0.1200E+02
 -12.092  0.9638E-22  0.1200E+02
 -12.082  0.6299E-22  0.1200E+02
 -12.072  0.4110E-22  0.1200E+02
 -12.062  0.2677E-22  0.1200E+02
 -12.052  0.1741E-22  0.1200E+02
 -12.042  0.1130E-22  0.1200E+02
 -12.032  0.7325E-23  0.1200E+02
 -12.022  0.4739E-23  0.1200E+02
 -12.012  0.3061E-23  0.1200E+02
 -12.002  0.1973E-23  0.1200E+02
 -11.992  0.1270E-23  0.1200E+02
 -11.982  0.8162E-24  0.1200E+02
 -11.972  0.5236E-24  0.1200E+02
 -11.962  0.3353E-24  0.1200E+02
 -11.952  0.2143E-24  0.1200E+02
 -11.942  0.1368E-24  0.1200E+02
 -11.932  0.8715E-25  0.1200E+02
 -11.922  0.5543E-25  0.1200E+02
 -11.912  0.3520E-25  0.1200E+02
 -11.902  0.2231E-25  0.1200E+02
 -11.892  0.1412E-25  0.1200E+02
 -11.882  0.8918E-26  0.1200E+02
 -11.872  0.5624E-26  0.1200E+02
 -11.862  0.3540E-26  0.1200E+02
 -11.852  0.2225E-26  0.1200E+02
 -11.842  0.1396E-26  0.1200E+02
 -11.832  0.8744E-27  0.1200E+02
 -11.822  0.5467E-27  0.1200E+02
 -11.812  0.3413E-27  0.1200E+02
 -11.802  0.2127E-27  0.1200E+02
 -11.792  0.1323E-27  0.1200E+02
 -11.782  0.8216E-28  0.1200E+02
 -11.772  0.5094E-28  0.1200E+02
 -11.762  0.3152E-28  0.1200E+02
 -11.752  0.1948E-28  0.1200E+02
 -11.742  0.1201E-28  0.1200E+02
 -11.732  0.7398E-29  0.1200E+02
 -11.722  0.4547E-29  0.1200E+02
 -11.712  0.2790E-29  0.1200E+02
 -11.702  0.1709E-29  0.1200E+02
 -11.692  0.1045E-29  0.1200E+02
 -11.682  0.6382E-30  0.1200E+02
 -11.672  0.3890E-30  0.1200E+02
 -11.662  0.2367E-30  0.1200E+02
 -11.652  0.1438E-30  0.1200E+02
 -11.642  0.8717E-31  0.1200E+02
 -11.632  0.5277E-31  0.1200E+02
 -11.622  0.3189E-31  0.1200E+02
 -11.612  0.1924E-31  0.1200E+02
 -11.602  0.1158E-31  0.1200E+02
 -11.592  0.6965E-32  0.1200E+02
 -11.582  0.4180E-32  0.1200E+02
 -11.572  0.2505E-32  0.1200E+02
 -11.562  0.1498E-32  0.1200E+02
 -11.552  0.8945E-33  0.1200E+02
 -11.542  0.5332E-33  0.1200E+02
 -11.532  0.3173E-33  0.1200E+02
 -11.522  0.1885E-33  0.1200E+02
 -11.512  0.1118E-33  0.1200E+02
 -11.502  0.6619E-34  0.1200E+02
 -11.492  0.3912E-34  0.1200E+02
 -11.482  0.2308E-34  0.1200E+02
 -11.472  0.1360E-34  0.1200E+02
 -11.462  0.7994E-35  0.1200E+02
 -11.452  0.4693E-35  0.1200E+02
 -11.442  0.2750E-35  0.1200E+02
 -11.432  0.1609E-35  0.1200E+02
 -11.422  0.9395E-36  0.1200E+02
 -11.412  0.5477E-36  0.1200E+02
 -11.402  0.3188E-36  0.1200E+02
 -11.392  0.1852E-36  0.1200E+02
 -11.382  0.1074E-36  0.1200E+02
 -11.372  0.6221E-37  0.1200E+02
 -11.362  0.3596E-37  0.1200E+02
 -11.352  0.2075E-37  0.1200E+02
 -11.342  0.1195E-37  0.1200E+02
 -11.332  0.6874E-38  0.1200E+02
 -11.322  0.3947E-38  0.1200E+02
 -11.312  0.2262E-38  0.1200E+02
 -11.302  0.1294E-38  0.1200E+02
 -11.292  0.7392E-39  0.1200E+02
 -11.282  0.4215E-39  0.1200E+02
 -11.272  0.2399E-39  0.1200E+02
 -11.262  0.1363E-39  0.1200E+02
 -11.252  0.7734E-40  0.1200E+02
 -11.242  0.4380E-40  0.1200E+02
 -11.232  0.2476E-40  0.1200E+02
 -11.222  0.1397E-40  0.1200E+02
 -11.212  0.7874E-41  0.1200E+02
 -11.202  0.4428E-41  0.1200E+02
 -11.192  0.2487E-41  0.1200E+02
 -11.182  0.1394E-41  0.1200E+02
 -11.172  0.7799E-42  0.1200E+02
 -11.162  0.4357E-42  0.1200E+02
 -11.152  0.2430E-42  0.1200E+02
 -11.142  0.1353E-42  0.1200E+02
 -11.132  0.7517E-43  0.1200E+02
 -11.122  0.4170E-43  0.1200E+02
 -11.112  0.2310E-43  0.1200E+02
 -11.102  0.1277E-43  0.1200E+02
 -11.092  0.7049E-44  0.1200E+02
 -11.082  0.3884E-44  0.1200E+02
 -11.072  0.2137E-44  0.1200E+02
 -11.062  0.1173E-44  0.1200E+02
 -11.052  0.6432E-45  0.1200E+02
 -11.042  0.3520E-45  0.1200E+02
 -11.032  0.1923E-45  0.1200E+02
 -11.022  0.1049E-45  0.1200E+02
 -11.012  0.5711E-46  0.1200E+02
 -11.002  0.3104E-46  0.1200E+02
 -10.992  0.1684E-46  0.1200E+02
 -10.982  0.9123E-47  0.1200E+02
 -10.972  0.4933E-47  0.1200E+02
 -10.962  0.2663E-47  0.1200E+02
 -10.952  0.1435E-47  0.1200E+02
 -10.942  0.7720E-48  0.1200E+02
 -10.932  0.4146E-48  0.1200E+02
 -10.922  0.2223E-48  0.1200E+02
 -10.912  0.1190E-48  0.1200E+02
 -10.902  0.6357E-49  0.1200E+02
 -10.892  0.3391E-49  0.1200E+02
 -10.882  0.1805E-49  0.1200E+02
 -10.872  0.9597E-50  0.1200E+02
 -10.862  0.5093E-50  0.1200E+02
 -10.852  0.2698E-50  0.1200E+02
 -10.842  0.1427E-50  0.1200E+02
 -10.832  0.7532E-51  0.1200E+02
 -10.822  0.3970E-51  0.1200E+02
 -10.812  0.2089E-51  0.1200E+02
 -10.802  0.1097E-51  0.1200E+02
 -10.792  0.5752E-52  0.1200E+02
 -10.782  0.3011E-52  0.1200E+02
 -10.772  0.1573E-52  0.1200E+02
 -10.762  0.8206E-53  0.1200E+02
 -10.752  0.4273E-53  0.1200E+02
 -10.742  0.2221E-53  0.1200E+02
 -10.732  0.1153E-53  0.1200E+02
 -10.722  0.5973E-54  0.1200E+02
 -10.712  0.3089E-54  0.1200E+02
 -10.702  0.1596E-54  0.1200E+02
 -10.692  0.8236E-55  0.1200E+02
 -10.682  0.4260E-55  0.1200E+02
 -10.672  0.2233E-55  0.1200E+02
 -10.662  0.1232E-55  0.1200E+02
 -10.652  0.8015E-56  0.1200E+02
 -10.642  0.7425E-56  0.1200E+02
 -10.632  0.1027E-55  0.1200E+02
 -10.622  0.1784E-55  0.1200E+02
 -10.612  0.3354E-55  0.1200E+02
 -10.602  0.6443E-55  0.1200E+02
 -10.592  0.1243E-54  0.1200E+02
 -10.582  0.2399E-54  0.1200E+02
 -10.572  0.4624E-54  0.1200E+02
 -10.562  0.8898E-54  0.1200E+02
 -10.552  0.1709E-53  0.1200E+02
 -10.542  0.3277E-53  0.1200E+02
 -10.532  0.6273E-53  0.1200E+02
 -10.522  0.1199E-52  0.1200E+02
 -10.512  0.2287E-52  0.1200E+02
 -10.502  0.4355E-52  0.1200E+02
 -10.492  0.8279E-52  0.1200E+02
 -10.482  0.1571E-51  0.1200E+02
 -10.472  0.2976E-51  0.1200E+02
 -10.462  0.5629E-51  0.1200E+02
 -10.452  0.1063E-50  0.1200E+02
 -10.442  0.2003E-50  0.1200E+02
 -10.432  0.3768E-50  0.1200E+02
 -10.422  0.7078E-50  0.1200E+02
 -10.412  0.1327E-49  0.1200E+02
 -10.402  0.2484E-49  0.1200E+02
 -10.392  0.4641E-49  0.1200E+02
 -10.382  0.8656E-49  0.1200E+02
 -10.372  0.1612E-48  0.1200E+02
 -10.362  0.2996E-48  0.1200E+02
 -10.352  0.5559E-48  0.1200E+02
 -10.342  0.1030E-47  0.1200E+02
 -10.332  0.1904E-47  0.1200E+02
 -10.322  0.3515E-47  0.1200E+02
 -10.312  0.6478E-47  0.1200E+02
 -10.302  0.1192E-46  0.1200E+02
 -10.292  0.2188E-46  0.1200E+02
 -10.282  0.4012E-46  0.1200E+02
 -10.272  0.7342E-46  0.1200E+02
 -10.262  0.1341E-45  0.1200E+02
 -10.252  0.2446E-45  0.1200E+02
 -10.242  0.4454E-45  0.1200E+02
 -10.232  0.8095E-45  0.1200E+02
 -10.222  0.1469E-44  0.1200E+02
 -10.212  0.2660E-44  0.1200E+02
 -10.202  0.4810E-44  0.1200E+02
 -10.192  0.8682E-44  0.1200E+02
 -10.182  0.1564E-43  0.1200E+02
 -10.172  0.2814E-43  0.1200E+02
 -10.162  0.5052E-43  0.1200E+02
 -10.152  0.9057E-43  0.1200E+02
 -10.142  0.1621E-42  0.1200E+02
 -10.132  0.2895E-42  0.1200E+02
 -10.122  0.5163E-42  0.1200E+02
 -10.112  0.9190E-42  0.1200E+02
 -10.102  0.1633E-41  0.1200E+02
 -10.092  0.2897E-41  0.1200E+02
 -10.082  0.5131E-41  0.1200E+02
 -10.072  0.9071E-41  0.1200E+02
 -10.062  0.1601E-40  0.1200E+02
 -10.052  0.2821E-40  0.1200E+02
 -10.042  0.4961E-40  0.1200E+02
 -10.032  0.8710E-40  0.1200E+02
 -10.022  0.1527E-39  0.1200E+02
 -10.012  0.2671E-39  0.1200E+02
 -10.002  0.4665E-39  0.1200E+02
  -9.992  0.8134E-39  0.1200E+02
  -9.982  0.1416E-38  0.1200E+02
  -9.972  0.2460E-38  0.1200E+02
  -9.962  0.4268E-38  0.1200E+02
  -9.952  0.7390E-38  0.1200E+02
  -9.942  0.1277E-37  0.1200E+02
  -9.932  0.2204E-37  0.1200E+02
  -9.922  0.3797E-37  0.1200E+02
  -9.912  0.6530E-37  0.1200E+02
  -9.902  0.1121E-36  0.1200E+02
  -9.892  0.1921E-36  0.1200E+02
  -9.882  0.3287E-36  0.1200E+02
  -9.872  0.5613E-36  0.1200E+02
  -9.862  0.9570E-36  0.1200E+02
  -9.852  0.1629E-35  0.1200E+02
  -9.842  0.2767E-35  0.1200E+02
  -9.832  0.4693E-35  0.1200E+02
  -9.822  0.7946E-35  0.1200E+02
  -9.812  0.1343E-34  0.1200E+02
  -9.802  0.2266E-34  0.1200E+02
  -9.792  0.3817E-34  0.1200E+02
  -9.782  0.6418E-34  0.1200E+02
  -9.772  0.1077E-33  0.1200E+02
  -9.762  0.1805E-33  0.1200E+02
  -9.752  0.3020E-33  0.1200E+02
  -9.742  0.5043E-33  0.1200E+02
  -9.732  0.8406E-33  0.1200E+02
  -9.722  0.1399E-32  0.1200E+02
  -9.712  0.2324E-32  0.1200E+02
  -9.702  0.3854E-32  0.1200E+02
  -9.692  0.6380E-32  0.1200E+02
  -9.682  0.1054E-31  0.1200E+02
  -9.672  0.1740E-31  0.1200E+02
  -9.662  0.2865E-31  0.1200E+02
  -9.652  0.4710E-31  0.1200E+02
  -9.642  0.7731E-31  0.1200E+02
  -9.632  0.1267E-30  0.1200E+02
  -9.622  0.2072E-30  0.1200E+02
  -9.612  0.3383E-30  0.1200E+02
  -9.602  0.5514E-30  0.1200E+02
  -9.592  0.8971E-30  0.1200E+02
  -9.582  0.1457E-29  0.1200E+02
  -9.572  0.2363E-29  0.1200E+02
  -9.562  0.3825E-29  0.1200E+02
  -9.552  0.6181E-29  0.1200E+02
  -9.542  0.9971E-29  0.1200E+02
  -9.532  0.1606E-28  0.1200E+02
  -9.522  0.2581E-28  0.1200E+02
  -9.512  0.4142E-28  0.1200E+02
  -9.502  0.6636E-28  0.1200E+02
  -9.492  0.1061E-27  0.1200E+02
  -9.482  0.1694E-27  0.1200E+02
  -9.472  0.2700E-27  0.1200E+02
  -9.462  0.4296E-27  0.1200E+02
  -9.452  0.6823E-27  0.1200E+02
  -9.442  0.1082E-26  0.1200E+02
  -9.432  0.1712E-26  0.1200E+02
  -9.422  0.2705E-26  0.1200E+02
  -9.412  0.4267E-26  0.1200E+02
  -9.402  0.6719E-26  0.1200E+02
  -9.392  0.1056E-25  0.1200E+02
  -9.382  0.1657E-25  0.1200E+02
  -9.372  0.2596E-25  0.1200E+02
  -9.362  0.4059E-25  0.1200E+02
  -9.352  0.6336E-25  0.1200E+02
  -9.342  0.9874E-25  0.1200E+02
  -9.332  0.1536E-24  0.1200E+02
  -9.322  0.2385E-24  0.1200E+02
  -9.312  0.3698E-24  0.1200E+02
  -9.302  0.5722E-24  0.1200E+02
  -9.292  0.8841E-24  0.1200E+02
  -9.282  0.1363E-23  0.1200E+02
  -9.272  0.2099E-23  0.1200E+02
  -9.262  0.3226E-23  0.1200E+02
  -9.252  0.4950E-23  0.1200E+02
  -9.242  0.7581E-23  0.1200E+02
  -9.232  0.1159E-22  0.1200E+02
  -9.222  0.1769E-22  0.1200E+02
  -9.212  0.2696E-22  0.1200E+02
  -9.202  0.4100E-22  0.1200E+02
  -9.192  0.6226E-22  0.1200E+02
  -9.182  0.9437E-22  0.1200E+02
  -9.172  0.1428E-21  0.1200E+02
  -9.162  0.2157E-21  0.1200E+02
  -9.152  0.3253E-21  0.1200E+02
  -9.142  0.4897E-21  0.1200E+02
  -9.132  0.7359E-21  0.1200E+02
  -9.122  0.1104E-20  0.1200E+02
  -9.112  0.1653E-20  0.1200E+02
  -9.102  0.2472E-20  0.1200E+02
  -9.092  0.3689E-20  0.1200E+02
  -9.082  0.5495E-20  0.1200E+02
  -9.072  0.8173E-20  0.1200E+02
  -9.062  0.1213E-19  0.1200E+02
  -9.052  0.1798E-19  0.1200E+02
  -9.042  0.2661E-19  0.1200E+02
  -9.032  0.3930E-19  0.1200E+02
  -9.022  0.5795E-19  0.1200E+02
  -9.012  0.8530E-19  0.1200E+02
  -9.002  0.1253E-18  0.1200E+02
  -8.992  0.1838E-18  0.1200E+02
  -8.982  0.2692E-18  0.1200E+02
  -8.972  0.3935E-18  0.1200E+02
  -8.962  0.5742E-18  0.1200E+02
  -8.952  0.8365E-18  0.1200E+02
  -8.942  0.1216E-17  0.1200E+02
  -8.932  0.1766E-17  0.1200E+02
  -8.922  0.2559E-17  0.1200E+02
  -8.912  0.3702E-17  0.1200E+02
  -8.902  0.5346E-17  0.1200E+02
  -8.892  0.7708E-17  0.1200E+02
  -8.882  0.1109E-16  0.1200E+02
  -8.872  0.1594E-16  0.1200E+02
  -8.862  0.2286E-16  0.1200E+02
  -8.852  0.3273E-16  0.1200E+02
  -8.842  0.4678E-16  0.1200E+02
  -8.832  0.6674E-16  0.1200E+02
  -8.822  0.9507E-16  0.1200E+02
  -8.812  0.1352E-15  0.1200E+02
  -8.802  0.1919E-15  0.1200E+02
  -8.792  0.2719E-15  0.1200E+02
  -8.782  0.3846E-15  0.1200E+02
  -8.772  0.5431E-15  0.1200E+02
  -8.762  0.7655E-15  0.1200E+02
  -8.752  0.1077E-14  0.1200E+02
  -8.742  0.1513E-14  0.1200E+02
  -8.732  0.2122E-14  0.1200E+02
  -8.722  0.2971E-14  0.1200E+02
  -8.712  0.4152E-14  0.1200E+02
  -8.702  0.5792E-14  0.1200E+02
  -8.692  0.8067E-14  0.1200E+02
  -8.682  0.1122E-13  0.1200E+02
  -8.672  0.1557E-13  0.1200E+02
  -8.662  0.2157E-13  0.1200E+02
  -8.652  0.2983E-13  0.1200E+02
  -8.642  0.4119E-13  0.1200E+02
  -8.632  0.5677E-13  0.1200E+02
  -8.622  0.7811E-13  0.1200E+02
  -8.612  0.1073E-12  0.1200E+02
  -8.602  0.1471E-12  0.1200E+02
  -8.592  0.2014E-12  0.1200E+02
  -8.582  0.2752E-12  0.1200E+02
  -8.572  0.3754E-12  0.1200E+02
  -8.562  0.5111E-12  0.1200E+02
  -8.552  0.6948E-12  0.1200E+02
  -8.542  0.9429E-12  0.1200E+02
  -8.532  0.1277E-11  0.1200E+02
  -8.522  0.1728E-11  0.1200E+02
  -8.512  0.2332E-11  0.1200E+02
  -8.502  0.3143E-11  0.1200E+02
  -8.492  0.4229E-11  0.1200E+02
  -8.482  0.5679E-11  0.1200E+02
  -8.472  0.7614E-11  0.1200E+02
  -8.462  0.1019E-10  0.1200E+02
  -8.452  0.1362E-10  0.1200E+02
  -8.442  0.1816E-10  0.1200E+02
  -8.432  0.2418E-10  0.1200E+02
  -8.422  0.3214E-10  0.1200E+02
  -8.412  0.4265E-10  0.1200E+02
  -8.402  0.5649E-10  0.1200E+02
  -8.392  0.7470E-10  0.1200E+02
  -8.382  0.9861E-10  0.1200E+02
  -8.372  0.1299E-09  0.1200E+02
  -8.362  0.1709E-09  0.1200E+02
  -8.352  0.2245E-09  0.1200E+02
  -8.342  0.2943E-09  0.1200E+02
  -8.332  0.3851E-09  0.1200E+02
  -8.322  0.5031E-09  0.1200E+02
  -8.312  0.6561E-09  0.1200E+02
  -8.302  0.8542E-09  0.1200E+02
  -8.292  0.1110E-08  0.1200E+02
  -8.282  0.1440E-08  0.1200E+02
  -8.272  0.1865E-08  0.1200E+02
  -8.262  0.2412E-08  0.1200E+02
  -8.252  0.3113E-08  0.1200E+02
  -8.242  0.4011E-08  0.1200E+02
  -8.232  0.5159E-08  0.1200E+02
  -8.222  0.6624E-08  0.1200E+02
  -8.212  0.8491E-08  0.1200E+02
  -8.202  0.1087E-07  0.1200E+02
  -8.192  0.1388E-07  0.1200E+02
  -8.182  0.1770E-07  0.1200E+02
  -8.172  0.2253E-07  0.1200E+02
  -8.162  0.2863E-07  0.1200E+02
  -8.152  0.3632E-07  0.1200E+02
  -8.142  0.4599E-07  0.1200E+02
  -8.132  0.5814E-07  0.1200E+02
  -8.122  0.7338E-07  0.1200E+02
  -8.112  0.9245E-07  0.1200E+02
  -8.102  0.1163E-06  0.1200E+02
  -8.092  0.1460E-06  0.1200E+02
  -8.082  0.1829E-06  0.1200E+02
  -8.072  0.2289E-06  0.1200E+02
  -8.062  0.2859E-06  0.1200E+02
  -8.052  0.3565E-06  0.1200E+02
  -8.042  0.4437E-06  0.1200E+02
  -8.032  0.5513E-06  0.1200E+02
  -8.022  0.6838E-06  0.1200E+02
  -8.012  0.8467E-06  0.1200E+02
  -8.002  0.1047E-05  0.1200E+02
  -7.992  0.1292E-05  0.1200E+02
  -7.982  0.1591E-05  0.1200E+02
  -7.972  0.1956E-05  0.1200E+02
  -7.962  0.2402E-05  0.1200E+02
  -7.952  0.2943E-05  0.1200E+02
  -7.942  0.3600E-05  0.1200E+02
  -7.932  0.4397E-05  0.1200E+02
  -7.922  0.5361E-05  0.1200E+02
  -7.912  0.6524E-05  0.1200E+02
  -7.902  0.7926E-05  0.1200E+02
  -7.892  0.9613E-05  0.1200E+02
  -7.882  0.1164E-04  0.1200E+02
  -7.872  0.1407E-04  0.1200E+02
  -7.862  0.1697E-04  0.1200E+02
  -7.852  0.2044E-04  0.1200E+02
  -7.842  0.2458E-04  0.1200E+02
  -7.832  0.2950E-04  0.1200E+02
  -7.822  0.3535E-04  0.1200E+02
  -7.812  0.4229E-04  0.1200E+02
  -7.802  0.5049E-04  0.1200E+02
  -7.792  0.6019E-04  0.1200E+02
  -7.782  0.7163E-04  0.1200E+02
  -7.772  0.8509E-04  0.1200E+02
  -7.762  0.1009E-03  0.1200E+02
  -7.752  0.1194E-03  0.1200E+02
  -7.742  0.1412E-03  0.1200E+02
  -7.732  0.1665E-03  0.1200E+02
  -7.722  0.1961E-03  0.1200E+02
  -7.712  0.2306E-03  0.1200E+02
  -7.702  0.2706E-03  0.1200E+02
  -7.692  0.3171E-03  0.1200E+02
  -7.682  0.3708E-03  0.1200E+02
  -7.672  0.4330E-03  0.1200E+02
  -7.662  0.5046E-03  0.1200E+02
  -7.652  0.5872E-03  0.1200E+02
  -7.642  0.6820E-03  0.1200E+02
  -7.632  0.7908E-03  0.1200E+02
  -7.622  0.9154E-03  0.1200E+02
  -7.612  0.1058E-02  0.1200E+02
  -7.602  0.1220E-02  0.1200E+02
  -7.592  0.1405E-02  0.1200E+02
  -7.582  0.1615E-02  0.1200E+02
  -7.572  0.1853E-02  0.1200E+02
  -7.562  0.2123E-02  0.1200E+02
  -7.552  0.2428E-02  0.1200E+02
  -7.542  0.2772E-02  0.1200E+02
  -7.532  0.3159E-02  0.1200E+02
  -7.522  0.3594E-02  0.1200E+02
  -7.512  0.4082E-02  0.1200E+02
  -7.502  0.4628E-02  0.1200E+02
  -7.492  0.5238E-02  0.1200E+02
  -7.482  0.5918E-02  0.1200E+02
  -7.472  0.6674E-02  0.1200E+02
  -7.462  0.7515E-02  0.1200E+02
  -7.452  0.8447E-02  0.1200E+02
  -7.442  0.9478E-02  0.1200E+02
  -7.432  0.1062E-01  0.1200E+02
  -7.422  0.1187E-01  0.1200E+02
  -7.412  0.1325E-01  0.1200E+02
  -7.402  0.1477E-01  0.1200E+02
  -7.392  0.1643E-01  0.1200E+02
  -7.382  0.1824E-01  0.1200E+02
  -7.372  0.2022E-01  0.1200E+02
  -7.362  0.2238E-01  0.1200E+02
  -7.352  0.2472E-01  0.1200E+02
  -7.342  0.2726E-01  0.1200E+02
  -7.332  0.3001E-01  0.1200E+02
  -7.322  0.3298E-01  0.1200E+02
  -7.312  0.3619E-01  0.1200E+02
  -7.302  0.3963E-01  0.1200E+02
  -7.292  0.4333E-01  0.1200E+02
  -7.282  0.4730E-01  0.1200E+02
  -7.272  0.5153E-01  0.1201E+02
  -7.262  0.5605E-01  0.1201E+02
  -7.252  0.6086E-01  0.1201E+02
  -7.242  0.6597E-01  0.1201E+02
  -7.232  0.7138E-01  0.1201E+02
  -7.222  0.7710E-01  0.1201E+02
  -7.212  0.8314E-01  0.1201E+02
  -7.202  0.8950E-01  0.1201E+02
  -7.192  0.9617E-01  0.1201E+02
  -7.182  0.1032E+00  0.1201E+02
  -7.172  0.1105E+00  0.1201E+02
  -7.162  0.1181E+00  0.1201E+02
  -7.152  0.1260E+00  0.1202E+02
  -7.142  0.1343E+00  0.1202E+02
  -7.132  0.1428E+00  0.1202E+02
  -7.122  0.1516E+00  0.1202E+02
  -7.112  0.1607E+00  0.1202E+02
  -7.102  0.1700E+00  0.1202E+02
  -7.092  0.1796E+00  0.1203E+02
  -7.082  0.1893E+00  0.1203E+02
  -7.072  0.1993E+00  0.1203E+02
  -7.062  0.2094E+00  0.1203E+02
  -7.052  0.2196E+00  0.1203E+02
  -7.042  0.2300E+00  0.1204E+02
  -7.032  0.2404E+00  0.1204E+02
  -7.022  0.2508E+00  0.1204E+02
  -7.012  0.2613E+00  0.1204E+02
  -7.002  0.2717E+00  0.1205E+02
  -6.992  0.2820E+00  0.1205E+02
  -6.982  0.2923E+00  0.1205E+02
  -6.972  0.3024E+00  0.1205E+02
  -6.962  0.3123E+00  0.1206E+02
  -6.952  0.3219E+00  0.1206E+02
  -6.942  0.3313E+00  0.1206E+02
  -6.932  0.3404E+00  0.1207E+02
  -6.922  0.3491E+00  0.1207E+02
  -6.912  0.3574E+00  0.1207E+02
  -6.902  0.3653E+00  0.1208E+02
  -6.892  0.3727E+00  0.1208E+02
  -6.882  0.3797E+00  0.1209E+02
  -6.872  0.3860E+00  0.1209E+02
  -6.862  0.3919E+00  0.1209E+02
  -6.852  0.3971E+00  0.1210E+02
  -6.842  0.4017E+00  0.1210E+02
  -6.832  0.4056E+00  0.1211E+02
  -6.822  0.4089E+00  0.1211E+02
  -6.812  0.4115E+00  0.1211E+02
  -6.802  0.4135E+00  0.1212E+02
  -6.792  0.4147E+00  0.1212E+02
  -6.782  0.4152E+00  0.1213E+02
  -6.772  0.4151E+00  0.1213E+02
  -6.762  0.4142E+00  0.1213E+02
  -6.752  0.4126E+00  0.1214E+02
  -6.742  0.4104E+00  0.1214E+02
  -6.732  0.4075E+00  0.1215E+02
  -6.722  0.4040E+00  0.1215E+02
  -6.712  0.3998E+00  0.1216E+02
  -6.702  0.3950E+00  0.1216E+02
  -6.692  0.3897E+00  0.1216E+02
  -6.682  0.3839E+00  0.1217E+02
  -6.672  0.3776E+00  0.1217E+02
  -6.662  0.3708E+00  0.1217E+02
  -6.652  0.3636E+00  0.1218E+02
  -6.642  0.3561E+00  0.1218E+02
  -6.632  0.3482E+00  0.1219E+02
  -6.622  0.3401E+00  0.1219E+02
  -6.612  0.3318E+00  0.1219E+02
  -6.602  0.3234E+00  0.1220E+02
  -6.592  0.3148E+00  0.1220E+02
  -6.582  0.3062E+00  0.1220E+02
  -6.572  0.2977E+00  0.1220E+02
  -6.562  0.2892E+00  0.1221E+02
  -6.552  0.2809E+00  0.1221E+02
  -6.542  0.2728E+00  0.1221E+02
  -6.532  0.2650E+00  0.1222E+02
  -6.522  0.2575E+00  0.1222E+02
  -6.512  0.2505E+00  0.1222E+02
  -6.502  0.2439E+00  0.1222E+02
  -6.492  0.2379E+00  0.1223E+02
  -6.482  0.2324E+00  0.1223E+02
  -6.472  0.2277E+00  0.1223E+02
  -6.462  0.2237E+00  0.1223E+02
  -6.452  0.2205E+00  0.1223E+02
  -6.442  0.2182E+00  0.1224E+02
  -6.432  0.2169E+00  0.1224E+02
  -6.422  0.2166E+00  0.1224E+02
  -6.412  0.2174E+00  0.1224E+02
  -6.402  0.2194E+00  0.1225E+02
  -6.392  0.2226E+00  0.1225E+02
  -6.382  0.2271E+00  0.1225E+02
  -6.372  0.2330E+00  0.1225E+02
  -6.362  0.2404E+00  0.1225E+02
  -6.352  0.2493E+00  0.1226E+02
  -6.342  0.2598E+00  0.1226E+02
  -6.332  0.2719E+00  0.1226E+02
  -6.322  0.2858E+00  0.1227E+02
  -6.312  0.3015E+00  0.1227E+02
  -6.302  0.3191E+00  0.1227E+02
  -6.292  0.3387E+00  0.1227E+02
  -6.282  0.3602E+00  0.1228E+02
  -6.272  0.3838E+00  0.1228E+02
  -6.262  0.4096E+00  0.1229E+02
  -6.252  0.4375E+00  0.1229E+02
  -6.242  0.4676E+00  0.1230E+02
  -6.232  0.5000E+00  0.1230E+02
  -6.222  0.5348E+00  0.1231E+02
  -6.212  0.5719E+00  0.1231E+02
  -6.202  0.6113E+00  0.1232E+02
  -6.192  0.6531E+00  0.1232E+02
  -6.182  0.6974E+00  0.1233E+02
  -6.172  0.7440E+00  0.1234E+02
  -6.162  0.7930E+00  0.1235E+02
  -6.152  0.8444E+00  0.1235E+02
  -6.142  0.8982E+00  0.1236E+02
  -6.132  0.9542E+00  0.1237E+02
  -6.122  0.1012E+01  0.1238E+02
  -6.112  0.1073E+01  0.1239E+02
  -6.102  0.1135E+01  0.1241E+02
  -6.092  0.1200E+01  0.1242E+02
  -6.082  0.1266E+01  0.1243E+02
  -6.072  0.1335E+01  0.1244E+02
  -6.062  0.1404E+01  0.1246E+02
  -6.052  0.1476E+01  0.1247E+02
  -6.042  0.1548E+01  0.1249E+02
  -6.032  0.1622E+01  0.1250E+02
  -6.022  0.1697E+01  0.1252E+02
  -6.012  0.1772E+01  0.1254E+02
  -6.002  0.1848E+01  0.1256E+02
  -5.992  0.1924E+01  0.1258E+02
  -5.982  0.2000E+01  0.1260E+02
  -5.972  0.2077E+01  0.1262E+02
  -5.962  0.2152E+01  0.1264E+02
  -5.952  0.2227E+01  0.1266E+02
  -5.942  0.2301E+01  0.1268E+02
  -5.932  0.2374E+01  0.1271E+02
  -5.922  0.2445E+01  0.1273E+02
  -5.912  0.2514E+01  0.1276E+02
  -5.902  0.2582E+01  0.1278E+02
  -5.892  0.2647E+01  0.1281E+02
  -5.882  0.2709E+01  0.1284E+02
  -5.872  0.2769E+01  0.1286E+02
  -5.862  0.2825E+01  0.1289E+02
  -5.852  0.2878E+01  0.1292E+02
  -5.842  0.2927E+01  0.1295E+02
  -5.832  0.2973E+01  0.1298E+02
  -5.822  0.3014E+01  0.1301E+02
  -5.812  0.3051E+01  0.1304E+02
  -5.802  0.3084E+01  0.1307E+02
  -5.792  0.3113E+01  0.1310E+02
  -5.782  0.3136E+01  0.1313E+02
  -5.772  0.3155E+01  0.1317E+02
  -5.762  0.3169E+01  0.1320E+02
  -5.752  0.3178E+01  0.1323E+02
  -5.742  0.3182E+01  0.1326E+02
  -5.732  0.3181E+01  0.1329E+02
  -5.722  0.3175E+01  0.1332E+02
  -5.712  0.3164E+01  0.1336E+02
  -5.702  0.3148E+01  0.1339E+02
  -5.692  0.3127E+01  0.1342E+02
  -5.682  0.3102E+01  0.1345E+02
  -5.672  0.3072E+01  0.1348E+02
  -5.662  0.3037E+01  0.1351E+02
  -5.652  0.2998E+01  0.1354E+02
  -5.642  0.2955E+01  0.1357E+02
  -5.632  0.2908E+01  0.1360E+02
  -5.622  0.2858E+01  0.1363E+02
  -5.612  0.2804E+01  0.1366E+02
  -5.602  0.2746E+01  0.1368E+02
  -5.592  0.2686E+01  0.1371E+02
  -5.582  0.2624E+01  0.1374E+02
  -5.572  0.2558E+01  0.1376E+02
  -5.562  0.2491E+01  0.1379E+02
  -5.552  0.2422E+01  0.1381E+02
  -5.542  0.2352E+01  0.1384E+02
  -5.532  0.2280E+01  0.1386E+02
  -5.522  0.2207E+01  0.1388E+02
  -5.512  0.2134E+01  0.1390E+02
  -5.502  0.2061E+01  0.1392E+02
  -5.492  0.1988E+01  0.1394E+02
  -5.482  0.1915E+01  0.1396E+02
  -5.472  0.1842E+01  0.1398E+02
  -5.462  0.1771E+01  0.1400E+02
  -5.452  0.1701E+01  0.1401E+02
  -5.442  0.1632E+01  0.1403E+02
  -5.432  0.1564E+01  0.1405E+02
  -5.422  0.1499E+01  0.1406E+02
  -5.412  0.1436E+01  0.1408E+02
  -5.402  0.1375E+01  0.1409E+02
  -5.392  0.1316E+01  0.1410E+02
  -5.382  0.1261E+01  0.1412E+02
  -5.372  0.1208E+01  0.1413E+02
  -5.362  0.1158E+01  0.1414E+02
  -5.352  0.1111E+01  0.1415E+02
  -5.342  0.1068E+01  0.1416E+02
  -5.332  0.1028E+01  0.1417E+02
  -5.322  0.9913E+00  0.1418E+02
  -5.312  0.9584E+00  0.1419E+02
  -5.302  0.9292E+00  0.1420E+02
  -5.292  0.9036E+00  0.1421E+02
  -5.282  0.8819E+00  0.1422E+02
  -5.272  0.8639E+00  0.1423E+02
  -5.262  0.8497E+00  0.1423E+02
  -5.252  0.8394E+00  0.1424E+02
  -5.242  0.8329E+00  0.1425E+02
  -5.232  0.8301E+00  0.1426E+02
  -5.222  0.8312E+00  0.1427E+02
  -5.212  0.8360E+00  0.1428E+02
  -5.202  0.8444E+00  0.1428E+02
  -5.192  0.8565E+00  0.1429E+02
  -5.182  0.8721E+00  0.1430E+02
  -5.172  0.8911E+00  0.1431E+02
  -5.162  0.9135E+00  0.1432E+02
  -5.152  0.9391E+00  0.1433E+02
  -5.142  0.9679E+00  0.1434E+02
  -5.132  0.9996E+00  0.1435E+02
  -5.122  0.1034E+01  0.1436E+02
  -5.112  0.1071E+01  0.1437E+02
  -5.102  0.1111E+01  0.1438E+02
  -5.092  0.1153E+01  0.1439E+02
  -5.082  0.1198E+01  0.1440E+02
  -5.072  0.1244E+01  0.1442E+02
  -5.062  0.1292E+01  0.1443E+02
  -5.052  0.1342E+01  0.1444E+02
  -5.042  0.1393E+01  0.1446E+02
  -5.032  0.1445E+01  0.1447E+02
  -5.022  0.1498E+01  0.1449E+02
  -5.012  0.1552E+01  0.1450E+02
  -5.002  0.1606E+01  0.1452E+02
  -4.992  0.1660E+01  0.1454E+02
  -4.982  0.1714E+01  0.1455E+02
  -4.972  0.1768E+01  0.1457E+02
  -4.962  0.1821E+01  0.1459E+02
  -4.952  0.1874E+01  0.1461E+02
  -4.942  0.1925E+01  0.1463E+02
  -4.932  0.1975E+01  0.1465E+02
  -4.922  0.2023E+01  0.1467E+02
  -4.912  0.2070E+01  0.1469E+02
  -4.902  0.2114E+01  0.1471E+02
  -4.892  0.2156E+01  0.1473E+02
  -4.882  0.2196E+01  0.1475E+02
  -4.872  0.2233E+01  0.1477E+02
  -4.862  0.2267E+01  0.1480E+02
  -4.852  0.2298E+01  0.1482E+02
  -4.842  0.2326E+01  0.1484E+02
  -4.832  0.2350E+01  0.1487E+02
  -4.822  0.2371E+01  0.1489E+02
  -4.812  0.2388E+01  0.1491E+02
  -4.802  0.2402E+01  0.1494E+02
  -4.792  0.2412E+01  0.1496E+02
  -4.782  0.2418E+01  0.1499E+02
  -4.772  0.2420E+01  0.1501E+02
  -4.762  0.2418E+01  0.1503E+02
  -4.752  0.2413E+01  0.1506E+02
  -4.742  0.2403E+01  0.1508E+02
  -4.732  0.2390E+01  0.1511E+02
  -4.722  0.2373E+01  0.1513E+02
  -4.712  0.2352E+01  0.1515E+02
  -4.702  0.2328E+01  0.1518E+02
  -4.692  0.2300E+01  0.1520E+02
  -4.682  0.2269E+01  0.1522E+02
  -4.672  0.2235E+01  0.1525E+02
  -4.662  0.2198E+01  0.1527E+02
  -4.652  0.2159E+01  0.1529E+02
  -4.642  0.2116E+01  0.1531E+02
  -4.632  0.2072E+01  0.1533E+02
  -4.622  0.2025E+01  0.1535E+02
  -4.612  0.1976E+01  0.1537E+02
  -4.602  0.1925E+01  0.1539E+02
  -4.592  0.1873E+01  0.1541E+02
  -4.582  0.1820E+01  0.1543E+02
  -4.572  0.1765E+01  0.1544E+02
  -4.562  0.1710E+01  0.1546E+02
  -4.552  0.1655E+01  0.1548E+02
  -4.542  0.1599E+01  0.1549E+02
  -4.532  0.1543E+01  0.1551E+02
  -4.522  0.1487E+01  0.1552E+02
  -4.512  0.1432E+01  0.1554E+02
  -4.502  0.1377E+01  0.1555E+02
  -4.492  0.1323E+01  0.1557E+02
  -4.482  0.1270E+01  0.1558E+02
  -4.472  0.1218E+01  0.1559E+02
  -4.462  0.1168E+01  0.1560E+02
  -4.452  0.1119E+01  0.1561E+02
  -4.442  0.1072E+01  0.1562E+02
  -4.432  0.1027E+01  0.1563E+02
  -4.422  0.9842E+00  0.1564E+02
  -4.412  0.9435E+00  0.1565E+02
  -4.402  0.9052E+00  0.1566E+02
  -4.392  0.8693E+00  0.1567E+02
  -4.382  0.8360E+00  0.1568E+02
  -4.372  0.8053E+00  0.1569E+02
  -4.362  0.7773E+00  0.1570E+02
  -4.352  0.7522E+00  0.1570E+02
  -4.342  0.7300E+00  0.1571E+02
  -4.332  0.7107E+00  0.1572E+02
  -4.322  0.6944E+00  0.1572E+02
  -4.312  0.6810E+00  0.1573E+02
  -4.302  0.6708E+00  0.1574E+02
  -4.292  0.6635E+00  0.1574E+02
  -4.282  0.6593E+00  0.1575E+02
  -4.272  0.6581E+00  0.1576E+02
  -4.262  0.6600E+00  0.1576E+02
  -4.252  0.6648E+00  0.1577E+02
  -4.242  0.6727E+00  0.1578E+02
  -4.232  0.6834E+00  0.1578E+02
  -4.222  0.6970E+00  0.1579E+02
  -4.212  0.7134E+00  0.1580E+02
  -4.202  0.7326E+00  0.1581E+02
  -4.192  0.7545E+00  0.1581E+02
  -4.182  0.7789E+00  0.1582E+02
  -4.172  0.8058E+00  0.1583E+02
  -4.162  0.8351E+00  0.1584E+02
  -4.152  0.8667E+00  0.1585E+02
  -4.142  0.9005E+00  0.1586E+02
  -4.132  0.9363E+00  0.1586E+02
  -4.122  0.9740E+00  0.1587E+02
  -4.112  0.1013E+01  0.1588E+02
  -4.102  0.1055E+01  0.1590E+02
  -4.092  0.1097E+01  0.1591E+02
  -4.082  0.1141E+01  0.1592E+02
  -4.072  0.1186E+01  0.1593E+02
  -4.062  0.1232E+01  0.1594E+02
  -4.052  0.1279E+01  0.1595E+02
  -4.042  0.1326E+01  0.1597E+02
  -4.032  0.1374E+01  0.1598E+02
  -4.022  0.1423E+01  0.1600E+02
  -4.012  0.1471E+01  0.1601E+02
  -4.002  0.1519E+01  0.1603E+02
  -3.992  0.1567E+01  0.1604E+02
  -3.982  0.1615E+01  0.1606E+02
  -3.972  0.1662E+01  0.1607E+02
  -3.962  0.1708E+01  0.1609E+02
  -3.952  0.1754E+01  0.1611E+02
  -3.942  0.1798E+01  0.1613E+02
  -3.932  0.1841E+01  0.1615E+02
  -3.922  0.1883E+01  0.1616E+02
  -3.912  0.1923E+01  0.1618E+02
  -3.902  0.1962E+01  0.1620E+02
  -3.892  0.1999E+01  0.1622E+02
  -3.882  0.2034E+01  0.1624E+02
  -3.872  0.2067E+01  0.1626E+02
  -3.862  0.2099E+01  0.1628E+02
  -3.852  0.2128E+01  0.1631E+02
  -3.842  0.2155E+01  0.1633E+02
  -3.832  0.2180E+01  0.1635E+02
  -3.822  0.2203E+01  0.1637E+02
  -3.812  0.2224E+01  0.1639E+02
  -3.802  0.2243E+01  0.1642E+02
  -3.792  0.2259E+01  0.1644E+02
  -3.782  0.2274E+01  0.1646E+02
  -3.772  0.2287E+01  0.1648E+02
  -3.762  0.2298E+01  0.1651E+02
  -3.752  0.2307E+01  0.1653E+02
  -3.742  0.2314E+01  0.1655E+02
  -3.732  0.2320E+01  0.1658E+02
  -3.722  0.2324E+01  0.1660E+02
  -3.712  0.2327E+01  0.1662E+02
  -3.702  0.2329E+01  0.1665E+02
  -3.692  0.2329E+01  0.1667E+02
  -3.682  0.2329E+01  0.1669E+02
  -3.672  0.2328E+01  0.1672E+02
  -3.662  0.2326E+01  0.1674E+02
  -3.652  0.2323E+01  0.1676E+02
  -3.642  0.2321E+01  0.1679E+02
  -3.632  0.2318E+01  0.1681E+02
  -3.622  0.2315E+01  0.1683E+02
  -3.612  0.2313E+01  0.1686E+02
  -3.602  0.2310E+01  0.1688E+02
  -3.592  0.2309E+01  0.1690E+02
  -3.582  0.2308E+01  0.1692E+02
  -3.572  0.2307E+01  0.1695E+02
  -3.562  0.2308E+01  0.1697E+02
  -3.552  0.2310E+01  0.1699E+02
  -3.542  0.2313E+01  0.1702E+02
  -3.532  0.2317E+01  0.1704E+02
  -3.522  0.2323E+01  0.1706E+02
  -3.512  0.2330E+01  0.1709E+02
  -3.502  0.2340E+01  0.1711E+02
  -3.492  0.2351E+01  0.1713E+02
  -3.482  0.2364E+01  0.1716E+02
  -3.472  0.2379E+01  0.1718E+02
  -3.462  0.2396E+01  0.1721E+02
  -3.452  0.2416E+01  0.1723E+02
  -3.442  0.2438E+01  0.1725E+02
  -3.432  0.2463E+01  0.1728E+02
  -3.422  0.2490E+01  0.1730E+02
  -3.412  0.2519E+01  0.1733E+02
  -3.402  0.2551E+01  0.1735E+02
  -3.392  0.2587E+01  0.1738E+02
  -3.382  0.2624E+01  0.1741E+02
  -3.372  0.2665E+01  0.1743E+02
  -3.362  0.2709E+01  0.1746E+02
  -3.352  0.2755E+01  0.1749E+02
  -3.342  0.2805E+01  0.1752E+02
  -3.332  0.2857E+01  0.1754E+02
  -3.322  0.2913E+01  0.1757E+02
  -3.312  0.2972E+01  0.1760E+02
  -3.302  0.3034E+01  0.1763E+02
  -3.292  0.3098E+01  0.1766E+02
  -3.282  0.3166E+01  0.1770E+02
  -3.272  0.3237E+01  0.1773E+02
  -3.262  0.3311E+01  0.1776E+02
  -3.252  0.3388E+01  0.1780E+02
  -3.242  0.3468E+01  0.1783E+02
  -3.232  0.3550E+01  0.1787E+02
  -3.222  0.3635E+01  0.1790E+02
  -3.212  0.3723E+01  0.1794E+02
  -3.202  0.3813E+01  0.1798E+02
  -3.192  0.3906E+01  0.1802E+02
  -3.182  0.4000E+01  0.1806E+02
  -3.172  0.4097E+01  0.1810E+02
  -3.162  0.4196E+01  0.1814E+02
  -3.152  0.4296E+01  0.1818E+02
  -3.142  0.4397E+01  0.1823E+02
  -3.132  0.4500E+01  0.1827E+02
  -3.122  0.4603E+01  0.1832E+02
  -3.112  0.4707E+01  0.1836E+02
  -3.102  0.4811E+01  0.1841E+02
  -3.092  0.4916E+01  0.1846E+02
  -3.082  0.5020E+01  0.1851E+02
  -3.072  0.5124E+01  0.1856E+02
  -3.062  0.5226E+01  0.1862E+02
  -3.052  0.5328E+01  0.1867E+02
  -3.042  0.5427E+01  0.1872E+02
  -3.032  0.5525E+01  0.1878E+02
  -3.022  0.5621E+01  0.1883E+02
  -3.012  0.5714E+01  0.1889E+02
  -3.002  0.5805E+01  0.1895E+02
  -2.992  0.5892E+01  0.1901E+02
  -2.982  0.5976E+01  0.1907E+02
  -2.972  0.6056E+01  0.1913E+02
  -2.962  0.6132E+01  0.1919E+02
  -2.952  0.6204E+01  0.1925E+02
  -2.942  0.6271E+01  0.1931E+02
  -2.932  0.6334E+01  0.1938E+02
  -2.922  0.6392E+01  0.1944E+02
  -2.912  0.6444E+01  0.1951E+02
  -2.902  0.6492E+01  0.1957E+02
  -2.892  0.6534E+01  0.1964E+02
  -2.882  0.6570E+01  0.1970E+02
  -2.872  0.6602E+01  0.1977E+02
  -2.862  0.6627E+01  0.1983E+02
  -2.852  0.6647E+01  0.1990E+02
  -2.842  0.6661E+01  0.1997E+02
  -2.832  0.6670E+01  0.2003E+02
  -2.822  0.6673E+01  0.2010E+02
  -2.812  0.6671E+01  0.2017E+02
  -2.802  0.6663E+01  0.2023E+02
  -2.792  0.6650E+01  0.2030E+02
  -2.782  0.6632E+01  0.2037E+02
  -2.772  0.6610E+01  0.2043E+02
  -2.762  0.6582E+01  0.2050E+02
  -2.752  0.6550E+01  0.2056E+02
  -2.742  0.6513E+01  0.2063E+02
  -2.732  0.6472E+01  0.2069E+02
  -2.722  0.6428E+01  0.2076E+02
  -2.712  0.6379E+01  0.2082E+02
  -2.702  0.6328E+01  0.2089E+02
  -2.692  0.6273E+01  0.2095E+02
  -2.682  0.6215E+01  0.2101E+02
  -2.672  0.6154E+01  0.2107E+02
  -2.662  0.6091E+01  0.2113E+02
  -2.652  0.6026E+01  0.2119E+02
  -2.642  0.5959E+01  0.2125E+02
  -2.632  0.5890E+01  0.2131E+02
  -2.622  0.5820E+01  0.2137E+02
  -2.612  0.5748E+01  0.2143E+02
  -2.602  0.5675E+01  0.2148E+02
  -2.592  0.5602E+01  0.2154E+02
  -2.582  0.5528E+01  0.2160E+02
  -2.572  0.5453E+01  0.2165E+02
  -2.562  0.5378E+01  0.2170E+02
  -2.552  0.5303E+01  0.2176E+02
  -2.542  0.5228E+01  0.2181E+02
  -2.532  0.5153E+01  0.2186E+02
  -2.522  0.5078E+01  0.2191E+02
  -2.512  0.5004E+01  0.2196E+02
  -2.502  0.4930E+01  0.2201E+02
  -2.492  0.4857E+01  0.2206E+02
  -2.482  0.4785E+01  0.2211E+02
  -2.472  0.4713E+01  0.2215E+02
  -2.462  0.4642E+01  0.2220E+02
  -2.452  0.4571E+01  0.2225E+02
  -2.442  0.4502E+01  0.2229E+02
  -2.432  0.4433E+01  0.2234E+02
  -2.422  0.4366E+01  0.2238E+02
  -2.412  0.4299E+01  0.2242E+02
  -2.402  0.4233E+01  0.2246E+02
  -2.392  0.4168E+01  0.2251E+02
  -2.382  0.4104E+01  0.2255E+02
  -2.372  0.4041E+01  0.2259E+02
  -2.362  0.3978E+01  0.2263E+02
  -2.352  0.3916E+01  0.2267E+02
  -2.342  0.3855E+01  0.2271E+02
  -2.332  0.3795E+01  0.2274E+02
  -2.322  0.3735E+01  0.2278E+02
  -2.312  0.3675E+01  0.2282E+02
  -2.302  0.3617E+01  0.2285E+02
  -2.292  0.3558E+01  0.2289E+02
  -2.282  0.3500E+01  0.2292E+02
  -2.272  0.3443E+01  0.2296E+02
  -2.262  0.3385E+01  0.2299E+02
  -2.252  0.3328E+01  0.2303E+02
  -2.242  0.3270E+01  0.2306E+02
  -2.232  0.3213E+01  0.2309E+02
  -2.222  0.3156E+01  0.2312E+02
  -2.212  0.3099E+01  0.2315E+02
  -2.202  0.3041E+01  0.2318E+02
  -2.192  0.2984E+01  0.2321E+02
  -2.182  0.2926E+01  0.2324E+02
  -2.172  0.2868E+01  0.2327E+02
  -2.162  0.2810E+01  0.2330E+02
  -2.152  0.2751E+01  0.2333E+02
  -2.142  0.2692E+01  0.2335E+02
  -2.132  0.2632E+01  0.2338E+02
  -2.122  0.2573E+01  0.2341E+02
  -2.112  0.2512E+01  0.2343E+02
  -2.102  0.2452E+01  0.2346E+02
  -2.092  0.2391E+01  0.2348E+02
  -2.082  0.2329E+01  0.2350E+02
  -2.072  0.2268E+01  0.2353E+02
  -2.062  0.2206E+01  0.2355E+02
  -2.052  0.2144E+01  0.2357E+02
  -2.042  0.2081E+01  0.2359E+02
  -2.032  0.2019E+01  0.2361E+02
  -2.022  0.1956E+01  0.2363E+02
  -2.012  0.1894E+01  0.2365E+02
  -2.002  0.1831E+01  0.2367E+02
  -1.992  0.1769E+01  0.2368E+02
  -1.982  0.1707E+01  0.2370E+02
  -1.972  0.1645E+01  0.2372E+02
  -1.962  0.1584E+01  0.2373E+02
  -1.952  0.1523E+01  0.2375E+02
  -1.942  0.1462E+01  0.2376E+02
  -1.932  0.1403E+01  0.2378E+02
  -1.922  0.1344E+01  0.2379E+02
  -1.912  0.1286E+01  0.2380E+02
  -1.902  0.1228E+01  0.2382E+02
  -1.892  0.1172E+01  0.2383E+02
  -1.882  0.1117E+01  0.2384E+02
  -1.872  0.1063E+01  0.2385E+02
  -1.862  0.1010E+01  0.2386E+02
  -1.852  0.9587E+00  0.2387E+02
  -1.842  0.9085E+00  0.2388E+02
  -1.832  0.8597E+00  0.2389E+02
  -1.822  0.8124E+00  0.2390E+02
  -1.812  0.7665E+00  0.2390E+02
  -1.802  0.7222E+00  0.2391E+02
  -1.792  0.6795E+00  0.2392E+02
  -1.782  0.6383E+00  0.2392E+02
  -1.772  0.5987E+00  0.2393E+02
  -1.762  0.5607E+00  0.2394E+02
  -1.752  0.5243E+00  0.2394E+02
  -1.742  0.4895E+00  0.2395E+02
  -1.732  0.4563E+00  0.2395E+02
  -1.722  0.4248E+00  0.2395E+02
  -1.712  0.3947E+00  0.2396E+02
  -1.702  0.3663E+00  0.2396E+02
  -1.692  0.3393E+00  0.2397E+02
  -1.682  0.3139E+00  0.2397E+02
  -1.672  0.2899E+00  0.2397E+02
  -1.662  0.2673E+00  0.2397E+02
  -1.652  0.2460E+00  0.2398E+02
  -1.642  0.2262E+00  0.2398E+02
  -1.632  0.2076E+00  0.2398E+02
  -1.622  0.1902E+00  0.2398E+02
  -1.612  0.1740E+00  0.2398E+02
  -1.602  0.1590E+00  0.2399E+02
  -1.592  0.1450E+00  0.2399E+02
  -1.582  0.1321E+00  0.2399E+02
  -1.572  0.1202E+00  0.2399E+02
  -1.562  0.1092E+00  0.2399E+02
  -1.552  0.9909E-01  0.2399E+02
  -1.542  0.8984E-01  0.2399E+02
  -1.532  0.8140E-01  0.2399E+02
  -1.522  0.7371E-01  0.2399E+02
  -1.512  0.6673E-01  0.2400E+02
  -1.502  0.6043E-01  0.2400E+02
  -1.492  0.5477E-01  0.2400E+02
  -1.482  0.4971E-01  0.2400E+02
  -1.472  0.4522E-01  0.2400E+02
  -1.462  0.4128E-01  0.2400E+02
  -1.452  0.3785E-01  0.2400E+02
  -1.442  0.3492E-01  0.2400E+02
  -1.432  0.3247E-01  0.2400E+02
  -1.422  0.3047E-01  0.2400E+02
  -1.412  0.2892E-01  0.2400E+02
  -1.402  0.2780E-01  0.2400E+02
  -1.392  0.2712E-01  0.2400E+02
  -1.382  0.2687E-01  0.2400E+02
  -1.372  0.2704E-01  0.2400E+02
  -1.362  0.2766E-01  0.2400E+02
  -1.352  0.2873E-01  0.2400E+02
  -1.342  0.3025E-01  0.2400E+02
  -1.332  0.3226E-01  0.2400E+02
  -1.322  0.3477E-01  0.2400E+02
  -1.312  0.3782E-01  0.2400E+02
  -1.302  0.4142E-01  0.2400E+02
  -1.292  0.4562E-01  0.2400E+02
  -1.282  0.5047E-01  0.2400E+02
  -1.272  0.5599E-01  0.2400E+02
  -1.262  0.6225E-01  0.2400E+02
  -1.252  0.6929E-01  0.2401E+02
  -1.242  0.7719E-01  0.2401E+02
  -1.232  0.8599E-01  0.2401E+02
  -1.222  0.9577E-01  0.2401E+02
  -1.212  0.1066E+00  0.2401E+02
  -1.202  0.1186E+00  0.2401E+02
  -1.192  0.1317E+00  0.2401E+02
  -1.182  0.1462E+00  0.2401E+02
  -1.172  0.1620E+00  0.2401E+02
  -1.162  0.1794E+00  0.2402E+02
  -1.152  0.1983E+00  0.2402E+02
  -1.142  0.2188E+00  0.2402E+02
  -1.132  0.2412E+00  0.2402E+02
  -1.122  0.2654E+00  0.2403E+02
  -1.112  0.2916E+00  0.2403E+02
  -1.102  0.3199E+00  0.2403E+02
  -1.092  0.3504E+00  0.2404E+02
  -1.082  0.3832E+00  0.2404E+02
  -1.072  0.4184E+00  0.2404E+02
  -1.062  0.4562E+00  0.2405E+02
  -1.052  0.4966E+00  0.2405E+02
  -1.042  0.5397E+00  0.2406E+02
  -1.032  0.5856E+00  0.2406E+02
  -1.022  0.6344E+00  0.2407E+02
  -1.012  0.6862E+00  0.2408E+02
  -1.002  0.7411E+00  0.2408E+02
  -0.992  0.7992E+00  0.2409E+02
  -0.982  0.8604E+00  0.2410E+02
  -0.972  0.9250E+00  0.2411E+02
  -0.962  0.9928E+00  0.2412E+02
  -0.952  0.1064E+01  0.2413E+02
  -0.942  0.1139E+01  0.2414E+02
  -0.932  0.1217E+01  0.2415E+02
  -0.922  0.1298E+01  0.2417E+02
  -0.912  0.1383E+01  0.2418E+02
  -0.902  0.1471E+01  0.2420E+02
  -0.892  0.1562E+01  0.2421E+02
  -0.882  0.1656E+01  0.2423E+02
  -0.872  0.1754E+01  0.2425E+02
  -0.862  0.1855E+01  0.2426E+02
  -0.852  0.1958E+01  0.2428E+02
  -0.842  0.2065E+01  0.2430E+02
  -0.832  0.2174E+01  0.2433E+02
  -0.822  0.2285E+01  0.2435E+02
  -0.812  0.2399E+01  0.2437E+02
  -0.802  0.2515E+01  0.2440E+02
  -0.792  0.2633E+01  0.2442E+02
  -0.782  0.2753E+01  0.2445E+02
  -0.772  0.2875E+01  0.2448E+02
  -0.762  0.2997E+01  0.2451E+02
  -0.752  0.3121E+01  0.2454E+02
  -0.742  0.3245E+01  0.2457E+02
  -0.732  0.3370E+01  0.2461E+02
  -0.722  0.3496E+01  0.2464E+02
  -0.712  0.3621E+01  0.2468E+02
  -0.702  0.3746E+01  0.2472E+02
  -0.692  0.3871E+01  0.2476E+02
  -0.682  0.3995E+01  0.2480E+02
  -0.672  0.4117E+01  0.2484E+02
  -0.662  0.4239E+01  0.2488E+02
  -0.652  0.4359E+01  0.2492E+02
  -0.642  0.4477E+01  0.2497E+02
  -0.632  0.4593E+01  0.2501E+02
  -0.622  0.4707E+01  0.2506E+02
  -0.612  0.4818E+01  0.2511E+02
  -0.602  0.4927E+01  0.2516E+02
  -0.592  0.5033E+01  0.2521E+02
  -0.582  0.5136E+01  0.2526E+02
  -0.572  0.5235E+01  0.2531E+02
  -0.562  0.5331E+01  0.2537E+02
  -0.552  0.5424E+01  0.2542E+02
  -0.542  0.5513E+01  0.2547E+02
  -0.532  0.5599E+01  0.2553E+02
  -0.522  0.5681E+01  0.2559E+02
  -0.512  0.5759E+01  0.2565E+02
  -0.502  0.5833E+01  0.2570E+02
  -0.492  0.5903E+01  0.2576E+02
  -0.482  0.5970E+01  0.2582E+02
  -0.472  0.6032E+01  0.2588E+02
  -0.462  0.6091E+01  0.2594E+02
  -0.452  0.6146E+01  0.2600E+02
  -0.442  0.6197E+01  0.2607E+02
  -0.432  0.6244E+01  0.2613E+02
  -0.422  0.6287E+01  0.2619E+02
  -0.412  0.6327E+01  0.2626E+02
  -0.402  0.6364E+01  0.2632E+02
  -0.392  0.6397E+01  0.2638E+02
  -0.382  0.6427E+01  0.2645E+02
  -0.372  0.6454E+01  0.2651E+02
  -0.362  0.6477E+01  0.2658E+02
  -0.352  0.6498E+01  0.2664E+02
  -0.342  0.6516E+01  0.2671E+02
  -0.332  0.6531E+01  0.2677E+02
  -0.322  0.6543E+01  0.2684E+02
  -0.312  0.6554E+01  0.2690E+02
  -0.302  0.6561E+01  0.2697E+02
  -0.292  0.6567E+01  0.2703E+02
  -0.282  0.6570E+01  0.2710E+02
  -0.272  0.6572E+01  0.2717E+02
  -0.262  0.6572E+01  0.2723E+02
  -0.252  0.6570E+01  0.2730E+02
  -0.242  0.6566E+01  0.2736E+02
  -0.232  0.6561E+01  0.2743E+02
  -0.222  0.6555E+01  0.2749E+02
  -0.212  0.6547E+01  0.2756E+02
  -0.202  0.6539E+01  0.2762E+02
  -0.192  0.6529E+01  0.2769E+02
  -0.182  0.6519E+01  0.2776E+02
  -0.172  0.6508E+01  0.2782E+02
  -0.162  0.6496E+01  0.2789E+02
  -0.152  0.6483E+01  0.2795E+02
  -0.142  0.6471E+01  0.2801E+02
  -0.132  0.6458E+01  0.2808E+02
  -0.122  0.6444E+01  0.2814E+02
  -0.112  0.6431E+01  0.2821E+02
  -0.102  0.6418E+01  0.2827E+02
  -0.092  0.6405E+01  0.2834E+02
  -0.082  0.6392E+01  0.2840E+02
  -0.072  0.6379E+01  0.2846E+02
  -0.062  0.6367E+01  0.2853E+02
  -0.052  0.6356E+01  0.2859E+02
  -0.042  0.6346E+01  0.2865E+02
  -0.032  0.6336E+01  0.2872E+02
  -0.022  0.6327E+01  0.2878E+02
  -0.012  0.6319E+01  0.2884E+02
  -0.002  0.6313E+01  0.2891E+02
   0.008  0.6308E+01  0.2897E+02
   0.018  0.6304E+01  0.2903E+02
   0.028  0.6301E+01  0.2910E+02
   0.038  0.6301E+01  0.2916E+02
   0.048  0.6301E+01  0.2922E+02
   0.058  0.6304E+01  0.2929E+02
   0.068  0.6308E+01  0.2935E+02
   0.078  0.6314E+01  0.2941E+02
   0.088  0.6322E+01  0.2948E+02
   0.098  0.6332E+01  0.2954E+02
   0.108  0.6344E+01  0.2960E+02
   0.118  0.6358E+01  0.2967E+02
   0.128  0.6374E+01  0.2973E+02
   0.138  0.6392E+01  0.2979E+02
   0.148  0.6412E+01  0.2986E+02
   0.158  0.6433E+01  0.2992E+02
   0.168  0.6457E+01  0.2999E+02
   0.178  0.6482E+01  0.3005E+02
   0.188  0.6510E+01  0.3012E+02
   0.198  0.6538E+01  0.3018E+02
   0.208  0.6569E+01  0.3025E+02
   0.218  0.6600E+01  0.3031E+02
   0.228  0.6634E+01  0.3038E+02
   0.238  0.6668E+01  0.3045E+02
   0.248  0.6703E+01  0.3051E+02
   0.258  0.6739E+01  0.3058E+02
   0.268  0.6776E+01  0.3065E+02
   0.278  0.6814E+01  0.3072E+02
   0.288  0.6852E+01  0.3079E+02
   0.298  0.6890E+01  0.3085E+02
   0.308  0.6928E+01  0.3092E+02
   0.318  0.6966E+01  0.3099E+02
   0.328  0.7003E+01  0.3106E+02
   0.338  0.7040E+01  0.3113E+02
   0.348  0.7077E+01  0.3120E+02
   0.358  0.7112E+01  0.3128E+02
   0.368  0.7146E+01  0.3135E+02
   0.378  0.7180E+01  0.3142E+02
   0.388  0.7212E+01  0.3149E+02
   0.398  0.7242E+01  0.3156E+02
   0.408  0.7271E+01  0.3164E+02
   0.418  0.7298E+01  0.3171E+02
   0.428  0.7323E+01  0.3178E+02
   0.438  0.7346E+01  0.3186E+02
   0.448  0.7368E+01  0.3193E+02
   0.458  0.7387E+01  0.3200E+02
   0.468  0.7404E+01  0.3208E+02
   0.478  0.7419E+01  0.3215E+02
   0.488  0.7432E+01  0.3223E+02
   0.498  0.7443E+01  0.3230E+02
   0.508  0.7452E+01  0.3237E+02
   0.518  0.7459E+01  0.3245E+02
   0.528  0.7465E+01  0.3252E+02
   0.538  0.7468E+01  0.3260E+02
   0.548  0.7469E+01  0.3267E+02
   0.558  0.7469E+01  0.3275E+02
   0.568  0.7467E+01  0.3282E+02
   0.578  0.7464E+01  0.3290E+02
   0.588  0.7460E+01  0.3297E+02
   0.598  0.7454E+01  0.3305E+02
   0.608  0.7448E+01  0.3312E+02
   0.618  0.7441E+01  0.3320E+02
   0.628  0.7432E+01  0.3327E+02
   0.638  0.7424E+01  0.3334E+02
   0.648  0.7415E+01  0.3342E+02
   0.658  0.7405E+01  0.3349E+02
   0.668  0.7396E+01  0.3357E+02
   0.678  0.7387E+01  0.3364E+02
   0.688  0.7377E+01  0.3371E+02
   0.698  0.7368E+01  0.3379E+02
   0.708  0.7359E+01  0.3386E+02
   0.718  0.7350E+01  0.3393E+02
   0.728  0.7342E+01  0.3401E+02
   0.738  0.7335E+01  0.3408E+02
   0.748  0.7328E+01  0.3415E+02
   0.758  0.7321E+01  0.3423E+02
   0.768  0.7315E+01  0.3430E+02
   0.778  0.7310E+01  0.3437E+02
   0.788  0.7306E+01  0.3445E+02
   0.798  0.7302E+01  0.3452E+02
   0.808  0.7298E+01  0.3459E+02
   0.818  0.7295E+01  0.3467E+02
   0.828  0.7293E+01  0.3474E+02
   0.838  0.7291E+01  0.3481E+02
   0.848  0.7290E+01  0.3488E+02
   0.858  0.7289E+01  0.3496E+02
   0.868  0.7288E+01  0.3503E+02
   0.878  0.7288E+01  0.3510E+02
   0.888  0.7288E+01  0.3518E+02
   0.898  0.7288E+01  0.3525E+02
   0.908  0.7288E+01  0.3532E+02
   0.918  0.7289E+01  0.3539E+02
   0.928  0.7289E+01  0.3547E+02
   0.938  0.7290E+01  0.3554E+02
   0.948  0.7290E+01  0.3561E+02
   0.958  0.7291E+01  0.3569E+02
   0.968  0.7292E+01  0.3576E+02
   0.978  0.7292E+01  0.3583E+02
   0.988  0.7293E+01  0.3591E+02
   0.998  0.7295E+01  0.3598E+02
   1.008  0.7296E+01  0.3605E+02
   1.018  0.7298E+01  0.3612E+02
   1.028  0.7300E+01  0.3620E+02
   1.038  0.7303E+01  0.3627E+02
   1.048  0.7306E+01  0.3634E+02
   1.058  0.7310E+01  0.3642E+02
   1.068  0.7315E+01  0.3649E+02
   1.078  0.7320E+01  0.3656E+02
   1.088  0.7327E+01  0.3664E+02
   1.098  0.7335E+01  0.3671E+02
   1.108  0.7344E+01  0.3678E+02
   1.118  0.7355E+01  0.3686E+02
   1.128  0.7367E+01  0.3693E+02
   1.138  0.7381E+01  0.3700E+02
   1.148  0.7397E+01  0.3708E+02
   1.158  0.7414E+01  0.3715E+02
   1.168  0.7434E+01  0.3723E+02
   1.178  0.7456E+01  0.3730E+02
   1.188  0.7479E+01  0.3738E+02
   1.198  0.7505E+01  0.3745E+02
   1.208  0.7534E+01  0.3753E+02
   1.218  0.7564E+01  0.3760E+02
   1.228  0.7597E+01  0.3768E+02
   1.238  0.7631E+01  0.3775E+02
   1.248  0.7668E+01  0.3783E+02
   1.258  0.7707E+01  0.3791E+02
   1.268  0.7749E+01  0.3799E+02
   1.278  0.7792E+01  0.3806E+02
   1.288  0.7836E+01  0.3814E+02
   1.298  0.7883E+01  0.3822E+02
   1.308  0.7931E+01  0.3830E+02
   1.318  0.7980E+01  0.3838E+02
   1.328  0.8031E+01  0.3846E+02
   1.338  0.8082E+01  0.3854E+02
   1.348  0.8134E+01  0.3862E+02
   1.358  0.8187E+01  0.3870E+02
   1.368  0.8240E+01  0.3879E+02
   1.378  0.8292E+01  0.3887E+02
   1.388  0.8345E+01  0.3895E+02
   1.398  0.8397E+01  0.3904E+02
   1.408  0.8448E+01  0.3912E+02
   1.418  0.8498E+01  0.3921E+02
   1.428  0.8547E+01  0.3929E+02
   1.438  0.8594E+01  0.3938E+02
   1.448  0.8639E+01  0.3946E+02
   1.458  0.8681E+01  0.3955E+02
   1.468  0.8722E+01  0.3964E+02
   1.478  0.8759E+01  0.3973E+02
   1.488  0.8794E+01  0.3981E+02
   1.498  0.8826E+01  0.3990E+02
   1.508  0.8854E+01  0.3999E+02
   1.518  0.8878E+01  0.4008E+02
   1.528  0.8899E+01  0.4017E+02
   1.538  0.8915E+01  0.4026E+02
   1.548  0.8928E+01  0.4035E+02
   1.558  0.8936E+01  0.4044E+02
   1.568  0.8940E+01  0.4053E+02
   1.578  0.8939E+01  0.4061E+02
   1.588  0.8934E+01  0.4070E+02
   1.598  0.8924E+01  0.4079E+02
   1.608  0.8910E+01  0.4088E+02
   1.618  0.8890E+01  0.4097E+02
   1.628  0.8866E+01  0.4106E+02
   1.638  0.8837E+01  0.4115E+02
   1.648  0.8804E+01  0.4124E+02
   1.658  0.8766E+01  0.4132E+02
   1.668  0.8723E+01  0.4141E+02
   1.678  0.8676E+01  0.4150E+02
   1.688  0.8625E+01  0.4158E+02
   1.698  0.8569E+01  0.4167E+02
   1.708  0.8509E+01  0.4175E+02
   1.718  0.8446E+01  0.4184E+02
   1.728  0.8379E+01  0.4192E+02
   1.738  0.8308E+01  0.4201E+02
   1.748  0.8234E+01  0.4209E+02
   1.758  0.8158E+01  0.4217E+02
   1.768  0.8078E+01  0.4225E+02
   1.778  0.7996E+01  0.4233E+02
   1.788  0.7912E+01  0.4241E+02
   1.798  0.7826E+01  0.4249E+02
   1.808  0.7739E+01  0.4257E+02
   1.818  0.7650E+01  0.4264E+02
   1.828  0.7560E+01  0.4272E+02
   1.838  0.7470E+01  0.4279E+02
   1.848  0.7380E+01  0.4287E+02
   1.858  0.7289E+01  0.4294E+02
   1.868  0.7199E+01  0.4301E+02
   1.878  0.7110E+01  0.4308E+02
   1.888  0.7022E+01  0.4315E+02
   1.898  0.6935E+01  0.4322E+02
   1.908  0.6850E+01  0.4329E+02
   1.918  0.6767E+01  0.4336E+02
   1.928  0.6686E+01  0.4342E+02
   1.938  0.6608E+01  0.4349E+02
   1.948  0.6532E+01  0.4356E+02
   1.958  0.6460E+01  0.4362E+02
   1.968  0.6392E+01  0.4368E+02
   1.978  0.6327E+01  0.4375E+02
   1.988  0.6265E+01  0.4381E+02
   1.998  0.6208E+01  0.4387E+02
   2.008  0.6155E+01  0.4393E+02
   2.018  0.6106E+01  0.4400E+02
   2.028  0.6061E+01  0.4406E+02
   2.038  0.6021E+01  0.4412E+02
   2.048  0.5985E+01  0.4418E+02
   2.058  0.5953E+01  0.4424E+02
   2.068  0.5926E+01  0.4429E+02
   2.078  0.5903E+01  0.4435E+02
   2.088  0.5885E+01  0.4441E+02
   2.098  0.5870E+01  0.4447E+02
   2.108  0.5859E+01  0.4453E+02
   2.118  0.5852E+01  0.4459E+02
   2.128  0.5849E+01  0.4465E+02
   2.138  0.5849E+01  0.4471E+02
   2.148  0.5852E+01  0.4476E+02
   2.158  0.5857E+01  0.4482E+02
   2.168  0.5865E+01  0.4488E+02
   2.178  0.5875E+01  0.4494E+02
   2.188  0.5887E+01  0.4500E+02
   2.198  0.5900E+01  0.4506E+02
   2.208  0.5914E+01  0.4512E+02
   2.218  0.5928E+01  0.4518E+02
   2.228  0.5942E+01  0.4524E+02
   2.238  0.5956E+01  0.4530E+02
   2.248  0.5970E+01  0.4535E+02
   2.258  0.5982E+01  0.4541E+02
   2.268  0.5992E+01  0.4547E+02
   2.278  0.6001E+01  0.4553E+02
   2.288  0.6007E+01  0.4559E+02
   2.298  0.6011E+01  0.4565E+02
   2.308  0.6011E+01  0.4571E+02
   2.318  0.6008E+01  0.4577E+02
   2.328  0.6001E+01  0.4583E+02
   2.338  0.5990E+01  0.4589E+02
   2.348  0.5975E+01  0.4595E+02
   2.358  0.5955E+01  0.4601E+02
   2.368  0.5931E+01  0.4607E+02
   2.378  0.5901E+01  0.4613E+02
   2.388  0.5866E+01  0.4619E+02
   2.398  0.5826E+01  0.4625E+02
   2.408  0.5781E+01  0.4631E+02
   2.418  0.5730E+01  0.4636E+02
   2.428  0.5674E+01  0.4642E+02
   2.438  0.5612E+01  0.4648E+02
   2.448  0.5545E+01  0.4653E+02
   2.458  0.5472E+01  0.4659E+02
   2.468  0.5395E+01  0.4664E+02
   2.478  0.5312E+01  0.4669E+02
   2.488  0.5224E+01  0.4675E+02
   2.498  0.5132E+01  0.4680E+02
   2.508  0.5035E+01  0.4685E+02
   2.518  0.4934E+01  0.4690E+02
   2.528  0.4829E+01  0.4695E+02
   2.538  0.4720E+01  0.4699E+02
   2.548  0.4608E+01  0.4704E+02
   2.558  0.4493E+01  0.4708E+02
   2.568  0.4375E+01  0.4713E+02
   2.578  0.4254E+01  0.4717E+02
   2.588  0.4131E+01  0.4721E+02
   2.598  0.4007E+01  0.4725E+02
   2.608  0.3881E+01  0.4729E+02
   2.618  0.3754E+01  0.4733E+02
   2.628  0.3626E+01  0.4736E+02
   2.638  0.3498E+01  0.4740E+02
   2.648  0.3369E+01  0.4743E+02
   2.658  0.3241E+01  0.4747E+02
   2.668  0.3114E+01  0.4750E+02
   2.678  0.2988E+01  0.4753E+02
   2.688  0.2862E+01  0.4756E+02
   2.698  0.2738E+01  0.4758E+02
   2.708  0.2616E+01  0.4761E+02
   2.718  0.2496E+01  0.4763E+02
   2.728  0.2378E+01  0.4766E+02
   2.738  0.2262E+01  0.4768E+02
   2.748  0.2149E+01  0.4770E+02
   2.758  0.2038E+01  0.4772E+02
   2.768  0.1931E+01  0.4774E+02
   2.778  0.1827E+01  0.4776E+02
   2.788  0.1725E+01  0.4778E+02
   2.798  0.1628E+01  0.4779E+02
   2.808  0.1533E+01  0.4781E+02
   2.818  0.1442E+01  0.4782E+02
   2.828  0.1354E+01  0.4784E+02
   2.838  0.1270E+01  0.4785E+02
   2.848  0.1189E+01  0.4786E+02
   2.858  0.1112E+01  0.4787E+02
   2.868  0.1038E+01  0.4788E+02
   2.878  0.9680E+00  0.4789E+02
   2.888  0.9012E+00  0.4790E+02
   2.898  0.8377E+00  0.4791E+02
   2.908  0.7776E+00  0.4792E+02
   2.918  0.7207E+00  0.4792E+02
   2.928  0.6670E+00  0.4793E+02
   2.938  0.6164E+00  0.4794E+02
   2.948  0.5688E+00  0.4794E+02
   2.958  0.5241E+00  0.4795E+02
   2.968  0.4821E+00  0.4795E+02
   2.978  0.4429E+00  0.4796E+02
   2.988  0.4062E+00  0.4796E+02
   2.998  0.3721E+00  0.4797E+02
   3.008  0.3402E+00  0.4797E+02
   3.018  0.3107E+00  0.4797E+02
   3.028  0.2832E+00  0.4797E+02
   3.038  0.2578E+00  0.4798E+02
   3.048  0.2343E+00  0.4798E+02
   3.058  0.2127E+00  0.4798E+02
   3.068  0.1927E+00  0.4798E+02
   3.078  0.1744E+00  0.4799E+02
   3.088  0.1575E+00  0.4799E+02
   3.098  0.1421E+00  0.4799E+02
   3.108  0.1279E+00  0.4799E+02
   3.118  0.1150E+00  0.4799E+02
   3.128  0.1033E+00  0.4799E+02
   3.138  0.9259E-01  0.4799E+02
   3.148  0.8286E-01  0.4799E+02
   3.158  0.7405E-01  0.4799E+02
   3.168  0.6607E-01  0.4800E+02
   3.178  0.5885E-01  0.4800E+02
   3.188  0.5234E-01  0.4800E+02
   3.198  0.4648E-01  0.4800E+02
   3.208  0.4121E-01  0.4800E+02
   3.218  0.3648E-01  0.4800E+02
   3.228  0.3224E-01  0.4800E+02
   3.238  0.2845E-01  0.4800E+02
   3.248  0.2507E-01  0.4800E+02
   3.258  0.2205E-01  0.4800E+02
   3.268  0.1936E-01  0.4800E+02
   3.278  0.1698E-01  0.4800E+02
   3.288  0.1486E-01  0.4800E+02
