#  E (eV)   dos(E)     Int dos(E) EFermi =   2.581 eV
 -18.200  0.1319E-04  0.1319E-06
 -18.190  0.1502E-04  0.2821E-06
 -18.180  0.1709E-04  0.4531E-06
 -18.170  0.1943E-04  0.6474E-06
 -18.160  0.2207E-04  0.8681E-06
 -18.150  0.2506E-04  0.1119E-05
 -18.140  0.2842E-04  0.1403E-05
 -18.130  0.3221E-04  0.1725E-05
 -18.120  0.3648E-04  0.2090E-05
 -18.110  0.4128E-04  0.2503E-05
 -18.100  0.4667E-04  0.2969E-05
 -18.090  0.5273E-04  0.3496E-05
 -18.080  0.5953E-04  0.4092E-05
 -18.070  0.6715E-04  0.4763E-05
 -18.060  0.7570E-04  0.5520E-05
 -18.050  0.8526E-04  0.6373E-05
 -18.040  0.9596E-04  0.7333E-05
 -18.030  0.1079E-03  0.8412E-05
 -18.020  0.1213E-03  0.9625E-05
 -18.010  0.1362E-03  0.1099E-04
 -18.000  0.1528E-03  0.1251E-04
 -17.990  0.1714E-03  0.1423E-04
 -17.980  0.1920E-03  0.1615E-04
 -17.970  0.2149E-03  0.1830E-04
 -17.960  0.2405E-03  0.2070E-04
 -17.950  0.2688E-03  0.2339E-04
 -17.940  0.3003E-03  0.2639E-04
 -17.930  0.3352E-03  0.2975E-04
 -17.920  0.3739E-03  0.3348E-04
 -17.910  0.4167E-03  0.3765E-04
 -17.900  0.4642E-03  0.4229E-04
 -17.890  0.5166E-03  0.4746E-04
 -17.880  0.5746E-03  0.5321E-04
 -17.870  0.6385E-03  0.5959E-04
 -17.860  0.7091E-03  0.6668E-04
 -17.850  0.7870E-03  0.7455E-04
 -17.840  0.8727E-03  0.8328E-04
 -17.830  0.9671E-03  0.9295E-04
 -17.820  0.1071E-02  0.1037E-03
 -17.810  0.1185E-02  0.1155E-03
 -17.800  0.1310E-02  0.1286E-03
 -17.790  0.1448E-02  0.1431E-03
 -17.780  0.1599E-02  0.1591E-03
 -17.770  0.1764E-02  0.1767E-03
 -17.760  0.1945E-02  0.1962E-03
 -17.750  0.2144E-02  0.2176E-03
 -17.740  0.2360E-02  0.2412E-03
 -17.730  0.2597E-02  0.2672E-03
 -17.720  0.2856E-02  0.2958E-03
 -17.710  0.3138E-02  0.3271E-03
 -17.700  0.3446E-02  0.3616E-03
 -17.690  0.3781E-02  0.3994E-03
 -17.680  0.4147E-02  0.4409E-03
 -17.670  0.4544E-02  0.4863E-03
 -17.660  0.4976E-02  0.5361E-03
 -17.650  0.5445E-02  0.5905E-03
 -17.640  0.5955E-02  0.6501E-03
 -17.630  0.6508E-02  0.7152E-03
 -17.620  0.7107E-02  0.7862E-03
 -17.610  0.7756E-02  0.8638E-03
 -17.600  0.8459E-02  0.9484E-03
 -17.590  0.9219E-02  0.1041E-02
 -17.580  0.1004E-01  0.1141E-02
 -17.570  0.1093E-01  0.1250E-02
 -17.560  0.1189E-01  0.1369E-02
 -17.550  0.1292E-01  0.1498E-02
 -17.540  0.1404E-01  0.1639E-02
 -17.530  0.1524E-01  0.1791E-02
 -17.520  0.1653E-01  0.1956E-02
 -17.510  0.1792E-01  0.2136E-02
 -17.500  0.1942E-01  0.2330E-02
 -17.490  0.2102E-01  0.2540E-02
 -17.480  0.2274E-01  0.2767E-02
 -17.470  0.2459E-01  0.3013E-02
 -17.460  0.2657E-01  0.3279E-02
 -17.450  0.2870E-01  0.3566E-02
 -17.440  0.3097E-01  0.3876E-02
 -17.430  0.3340E-01  0.4210E-02
 -17.420  0.3599E-01  0.4570E-02
 -17.410  0.3877E-01  0.4957E-02
 -17.400  0.4173E-01  0.5375E-02
 -17.390  0.4488E-01  0.5823E-02
 -17.380  0.4825E-01  0.6306E-02
 -17.370  0.5183E-01  0.6824E-02
 -17.360  0.5564E-01  0.7380E-02
 -17.350  0.5969E-01  0.7977E-02
 -17.340  0.6400E-01  0.8617E-02
 -17.330  0.6858E-01  0.9303E-02
 -17.320  0.7343E-01  0.1004E-01
 -17.310  0.7858E-01  0.1082E-01
 -17.300  0.8403E-01  0.1166E-01
 -17.290  0.8981E-01  0.1256E-01
 -17.280  0.9591E-01  0.1352E-01
 -17.270  0.1024E+00  0.1454E-01
 -17.260  0.1092E+00  0.1564E-01
 -17.250  0.1164E+00  0.1680E-01
 -17.240  0.1240E+00  0.1804E-01
 -17.230  0.1320E+00  0.1936E-01
 -17.220  0.1404E+00  0.2076E-01
 -17.210  0.1493E+00  0.2226E-01
 -17.200  0.1587E+00  0.2384E-01
 -17.190  0.1685E+00  0.2553E-01
 -17.180  0.1788E+00  0.2732E-01
 -17.170  0.1896E+00  0.2921E-01
 -17.160  0.2009E+00  0.3122E-01
 -17.150  0.2128E+00  0.3335E-01
 -17.140  0.2252E+00  0.3560E-01
 -17.130  0.2383E+00  0.3799E-01
 -17.120  0.2518E+00  0.4050E-01
 -17.110  0.2660E+00  0.4316E-01
 -17.100  0.2809E+00  0.4597E-01
 -17.090  0.2963E+00  0.4894E-01
 -17.080  0.3124E+00  0.5206E-01
 -17.070  0.3292E+00  0.5535E-01
 -17.060  0.3466E+00  0.5882E-01
 -17.050  0.3648E+00  0.6247E-01
 -17.040  0.3836E+00  0.6630E-01
 -17.030  0.4032E+00  0.7033E-01
 -17.020  0.4234E+00  0.7457E-01
 -17.010  0.4444E+00  0.7901E-01
 -17.000  0.4662E+00  0.8368E-01
 -16.990  0.4887E+00  0.8856E-01
 -16.980  0.5119E+00  0.9368E-01
 -16.970  0.5360E+00  0.9904E-01
 -16.960  0.5607E+00  0.1046E+00
 -16.950  0.5863E+00  0.1105E+00
 -16.940  0.6126E+00  0.1166E+00
 -16.930  0.6397E+00  0.1230E+00
 -16.920  0.6676E+00  0.1297E+00
 -16.910  0.6962E+00  0.1367E+00
 -16.900  0.7256E+00  0.1439E+00
 -16.890  0.7558E+00  0.1515E+00
 -16.880  0.7867E+00  0.1594E+00
 -16.870  0.8183E+00  0.1675E+00
 -16.860  0.8507E+00  0.1760E+00
 -16.850  0.8839E+00  0.1849E+00
 -16.840  0.9177E+00  0.1941E+00
 -16.830  0.9522E+00  0.2036E+00
 -16.820  0.9874E+00  0.2135E+00
 -16.810  0.1023E+01  0.2237E+00
 -16.800  0.1060E+01  0.2343E+00
 -16.790  0.1097E+01  0.2453E+00
 -16.780  0.1135E+01  0.2566E+00
 -16.770  0.1173E+01  0.2683E+00
 -16.760  0.1212E+01  0.2804E+00
 -16.750  0.1251E+01  0.2930E+00
 -16.740  0.1291E+01  0.3059E+00
 -16.730  0.1331E+01  0.3192E+00
 -16.720  0.1372E+01  0.3329E+00
 -16.710  0.1413E+01  0.3470E+00
 -16.700  0.1454E+01  0.3616E+00
 -16.690  0.1496E+01  0.3765E+00
 -16.680  0.1538E+01  0.3919E+00
 -16.670  0.1581E+01  0.4077E+00
 -16.660  0.1623E+01  0.4239E+00
 -16.650  0.1666E+01  0.4406E+00
 -16.640  0.1709E+01  0.4577E+00
 -16.630  0.1752E+01  0.4752E+00
 -16.620  0.1794E+01  0.4932E+00
 -16.610  0.1837E+01  0.5115E+00
 -16.600  0.1880E+01  0.5303E+00
 -16.590  0.1923E+01  0.5496E+00
 -16.580  0.1966E+01  0.5692E+00
 -16.570  0.2009E+01  0.5893E+00
 -16.560  0.2051E+01  0.6098E+00
 -16.550  0.2093E+01  0.6308E+00
 -16.540  0.2135E+01  0.6521E+00
 -16.530  0.2177E+01  0.6739E+00
 -16.520  0.2218E+01  0.6961E+00
 -16.510  0.2259E+01  0.7186E+00
 -16.500  0.2299E+01  0.7416E+00
 -16.490  0.2339E+01  0.7650E+00
 -16.480  0.2379E+01  0.7888E+00
 -16.470  0.2418E+01  0.8130E+00
 -16.460  0.2456E+01  0.8375E+00
 -16.450  0.2494E+01  0.8625E+00
 -16.440  0.2531E+01  0.8878E+00
 -16.430  0.2567E+01  0.9135E+00
 -16.420  0.2603E+01  0.9395E+00
 -16.410  0.2638E+01  0.9659E+00
 -16.400  0.2672E+01  0.9926E+00
 -16.390  0.2706E+01  0.1020E+01
 -16.380  0.2739E+01  0.1047E+01
 -16.370  0.2771E+01  0.1075E+01
 -16.360  0.2802E+01  0.1103E+01
 -16.350  0.2833E+01  0.1131E+01
 -16.340  0.2862E+01  0.1160E+01
 -16.330  0.2891E+01  0.1189E+01
 -16.320  0.2919E+01  0.1218E+01
 -16.310  0.2946E+01  0.1247E+01
 -16.300  0.2972E+01  0.1277E+01
 -16.290  0.2997E+01  0.1307E+01
 -16.280  0.3021E+01  0.1337E+01
 -16.270  0.3044E+01  0.1368E+01
 -16.260  0.3067E+01  0.1398E+01
 -16.250  0.3089E+01  0.1429E+01
 -16.240  0.3109E+01  0.1460E+01
 -16.230  0.3129E+01  0.1492E+01
 -16.220  0.3148E+01  0.1523E+01
 -16.210  0.3166E+01  0.1555E+01
 -16.200  0.3183E+01  0.1587E+01
 -16.190  0.3199E+01  0.1619E+01
 -16.180  0.3214E+01  0.1651E+01
 -16.170  0.3229E+01  0.1683E+01
 -16.160  0.3243E+01  0.1715E+01
 -16.150  0.3255E+01  0.1748E+01
 -16.140  0.3267E+01  0.1781E+01
 -16.130  0.3278E+01  0.1813E+01
 -16.120  0.3289E+01  0.1846E+01
 -16.110  0.3298E+01  0.1879E+01
 -16.100  0.3307E+01  0.1912E+01
 -16.090  0.3315E+01  0.1945E+01
 -16.080  0.3322E+01  0.1979E+01
 -16.070  0.3328E+01  0.2012E+01
 -16.060  0.3334E+01  0.2045E+01
 -16.050  0.3339E+01  0.2079E+01
 -16.040  0.3343E+01  0.2112E+01
 -16.030  0.3347E+01  0.2146E+01
 -16.020  0.3350E+01  0.2179E+01
 -16.010  0.3352E+01  0.2213E+01
 -16.000  0.3354E+01  0.2246E+01
 -15.990  0.3355E+01  0.2280E+01
 -15.980  0.3355E+01  0.2313E+01
 -15.970  0.3355E+01  0.2347E+01
 -15.960  0.3355E+01  0.2380E+01
 -15.950  0.3353E+01  0.2414E+01
 -15.940  0.3352E+01  0.2447E+01
 -15.930  0.3350E+01  0.2481E+01
 -15.920  0.3347E+01  0.2514E+01
 -15.910  0.3344E+01  0.2548E+01
 -15.900  0.3341E+01  0.2581E+01
 -15.890  0.3337E+01  0.2615E+01
 -15.880  0.3333E+01  0.2648E+01
 -15.870  0.3329E+01  0.2681E+01
 -15.860  0.3324E+01  0.2714E+01
 -15.850  0.3320E+01  0.2748E+01
 -15.840  0.3315E+01  0.2781E+01
 -15.830  0.3309E+01  0.2814E+01
 -15.820  0.3304E+01  0.2847E+01
 -15.810  0.3298E+01  0.2880E+01
 -15.800  0.3293E+01  0.2913E+01
 -15.790  0.3287E+01  0.2946E+01
 -15.780  0.3281E+01  0.2979E+01
 -15.770  0.3276E+01  0.3011E+01
 -15.760  0.3270E+01  0.3044E+01
 -15.750  0.3265E+01  0.3077E+01
 -15.740  0.3259E+01  0.3109E+01
 -15.730  0.3254E+01  0.3142E+01
 -15.720  0.3249E+01  0.3174E+01
 -15.710  0.3245E+01  0.3207E+01
 -15.700  0.3240E+01  0.3239E+01
 -15.690  0.3236E+01  0.3271E+01
 -15.680  0.3232E+01  0.3304E+01
 -15.670  0.3229E+01  0.3336E+01
 -15.660  0.3226E+01  0.3368E+01
 -15.650  0.3224E+01  0.3401E+01
 -15.640  0.3222E+01  0.3433E+01
 -15.630  0.3220E+01  0.3465E+01
 -15.620  0.3220E+01  0.3497E+01
 -15.610  0.3220E+01  0.3529E+01
 -15.600  0.3220E+01  0.3562E+01
 -15.590  0.3222E+01  0.3594E+01
 -15.580  0.3224E+01  0.3626E+01
 -15.570  0.3227E+01  0.3658E+01
 -15.560  0.3230E+01  0.3691E+01
 -15.550  0.3235E+01  0.3723E+01
 -15.540  0.3241E+01  0.3755E+01
 -15.530  0.3247E+01  0.3788E+01
 -15.520  0.3255E+01  0.3820E+01
 -15.510  0.3264E+01  0.3853E+01
 -15.500  0.3273E+01  0.3886E+01
 -15.490  0.3284E+01  0.3919E+01
 -15.480  0.3296E+01  0.3952E+01
 -15.470  0.3309E+01  0.3985E+01
 -15.460  0.3324E+01  0.4018E+01
 -15.450  0.3339E+01  0.4051E+01
 -15.440  0.3356E+01  0.4085E+01
 -15.430  0.3375E+01  0.4119E+01
 -15.420  0.3394E+01  0.4153E+01
 -15.410  0.3416E+01  0.4187E+01
 -15.400  0.3438E+01  0.4221E+01
 -15.390  0.3462E+01  0.4256E+01
 -15.380  0.3488E+01  0.4291E+01
 -15.370  0.3515E+01  0.4326E+01
 -15.360  0.3544E+01  0.4361E+01
 -15.350  0.3574E+01  0.4397E+01
 -15.340  0.3606E+01  0.4433E+01
 -15.330  0.3640E+01  0.4469E+01
 -15.320  0.3675E+01  0.4506E+01
 -15.310  0.3712E+01  0.4543E+01
 -15.300  0.3751E+01  0.4581E+01
 -15.290  0.3791E+01  0.4619E+01
 -15.280  0.3834E+01  0.4657E+01
 -15.270  0.3878E+01  0.4696E+01
 -15.260  0.3924E+01  0.4735E+01
 -15.250  0.3972E+01  0.4775E+01
 -15.240  0.4022E+01  0.4815E+01
 -15.230  0.4073E+01  0.4856E+01
 -15.220  0.4127E+01  0.4897E+01
 -15.210  0.4182E+01  0.4939E+01
 -15.200  0.4239E+01  0.4981E+01
 -15.190  0.4298E+01  0.5024E+01
 -15.180  0.4359E+01  0.5068E+01
 -15.170  0.4422E+01  0.5112E+01
 -15.160  0.4487E+01  0.5157E+01
 -15.150  0.4553E+01  0.5202E+01
 -15.140  0.4621E+01  0.5249E+01
 -15.130  0.4691E+01  0.5295E+01
 -15.120  0.4763E+01  0.5343E+01
 -15.110  0.4836E+01  0.5391E+01
 -15.100  0.4912E+01  0.5441E+01
 -15.090  0.4988E+01  0.5490E+01
 -15.080  0.5066E+01  0.5541E+01
 -15.070  0.5146E+01  0.5593E+01
 -15.060  0.5227E+01  0.5645E+01
 -15.050  0.5309E+01  0.5698E+01
 -15.040  0.5392E+01  0.5752E+01
 -15.030  0.5476E+01  0.5807E+01
 -15.020  0.5562E+01  0.5862E+01
 -15.010  0.5648E+01  0.5919E+01
 -15.000  0.5735E+01  0.5976E+01
 -14.990  0.5823E+01  0.6034E+01
 -14.980  0.5911E+01  0.6093E+01
 -14.970  0.5999E+01  0.6153E+01
 -14.960  0.6087E+01  0.6214E+01
 -14.950  0.6176E+01  0.6276E+01
 -14.940  0.6264E+01  0.6339E+01
 -14.930  0.6352E+01  0.6402E+01
 -14.920  0.6440E+01  0.6467E+01
 -14.910  0.6527E+01  0.6532E+01
 -14.900  0.6613E+01  0.6598E+01
 -14.890  0.6698E+01  0.6665E+01
 -14.880  0.6781E+01  0.6733E+01
 -14.870  0.6864E+01  0.6801E+01
 -14.860  0.6944E+01  0.6871E+01
 -14.850  0.7023E+01  0.6941E+01
 -14.840  0.7099E+01  0.7012E+01
 -14.830  0.7174E+01  0.7084E+01
 -14.820  0.7246E+01  0.7156E+01
 -14.810  0.7315E+01  0.7229E+01
 -14.800  0.7381E+01  0.7303E+01
 -14.790  0.7444E+01  0.7378E+01
 -14.780  0.7504E+01  0.7453E+01
 -14.770  0.7561E+01  0.7528E+01
 -14.760  0.7614E+01  0.7604E+01
 -14.750  0.7663E+01  0.7681E+01
 -14.740  0.7707E+01  0.7758E+01
 -14.730  0.7748E+01  0.7836E+01
 -14.720  0.7785E+01  0.7914E+01
 -14.710  0.7816E+01  0.7992E+01
 -14.700  0.7844E+01  0.8070E+01
 -14.690  0.7866E+01  0.8149E+01
 -14.680  0.7883E+01  0.8228E+01
 -14.670  0.7896E+01  0.8307E+01
 -14.660  0.7903E+01  0.8386E+01
 -14.650  0.7905E+01  0.8465E+01
 -14.640  0.7902E+01  0.8544E+01
 -14.630  0.7894E+01  0.8623E+01
 -14.620  0.7880E+01  0.8701E+01
 -14.610  0.7860E+01  0.8780E+01
 -14.600  0.7835E+01  0.8858E+01
 -14.590  0.7805E+01  0.8936E+01
 -14.580  0.7769E+01  0.9014E+01
 -14.570  0.7728E+01  0.9091E+01
 -14.560  0.7682E+01  0.9168E+01
 -14.550  0.7630E+01  0.9244E+01
 -14.540  0.7573E+01  0.9320E+01
 -14.530  0.7510E+01  0.9395E+01
 -14.520  0.7443E+01  0.9470E+01
 -14.510  0.7371E+01  0.9543E+01
 -14.500  0.7293E+01  0.9616E+01
 -14.490  0.7211E+01  0.9689E+01
 -14.480  0.7125E+01  0.9760E+01
 -14.470  0.7034E+01  0.9830E+01
 -14.460  0.6939E+01  0.9899E+01
 -14.450  0.6839E+01  0.9968E+01
 -14.440  0.6736E+01  0.1004E+02
 -14.430  0.6629E+01  0.1010E+02
 -14.420  0.6519E+01  0.1017E+02
 -14.410  0.6405E+01  0.1023E+02
 -14.400  0.6288E+01  0.1029E+02
 -14.390  0.6169E+01  0.1036E+02
 -14.380  0.6047E+01  0.1042E+02
 -14.370  0.5922E+01  0.1048E+02
 -14.360  0.5795E+01  0.1053E+02
 -14.350  0.5667E+01  0.1059E+02
 -14.340  0.5536E+01  0.1065E+02
 -14.330  0.5405E+01  0.1070E+02
 -14.320  0.5272E+01  0.1075E+02
 -14.310  0.5138E+01  0.1080E+02
 -14.300  0.5003E+01  0.1085E+02
 -14.290  0.4868E+01  0.1090E+02
 -14.280  0.4732E+01  0.1095E+02
 -14.270  0.4597E+01  0.1100E+02
 -14.260  0.4461E+01  0.1104E+02
 -14.250  0.4326E+01  0.1108E+02
 -14.240  0.4192E+01  0.1112E+02
 -14.230  0.4058E+01  0.1117E+02
 -14.220  0.3925E+01  0.1120E+02
 -14.210  0.3794E+01  0.1124E+02
 -14.200  0.3663E+01  0.1128E+02
 -14.190  0.3535E+01  0.1131E+02
 -14.180  0.3407E+01  0.1135E+02
 -14.170  0.3282E+01  0.1138E+02
 -14.160  0.3159E+01  0.1141E+02
 -14.150  0.3037E+01  0.1144E+02
 -14.140  0.2918E+01  0.1147E+02
 -14.130  0.2801E+01  0.1150E+02
 -14.120  0.2687E+01  0.1153E+02
 -14.110  0.2575E+01  0.1155E+02
 -14.100  0.2465E+01  0.1158E+02
 -14.090  0.2358E+01  0.1160E+02
 -14.080  0.2254E+01  0.1162E+02
 -14.070  0.2153E+01  0.1165E+02
 -14.060  0.2054E+01  0.1167E+02
 -14.050  0.1959E+01  0.1169E+02
 -14.040  0.1866E+01  0.1170E+02
 -14.030  0.1776E+01  0.1172E+02
 -14.020  0.1689E+01  0.1174E+02
 -14.010  0.1604E+01  0.1176E+02
 -14.000  0.1523E+01  0.1177E+02
 -13.990  0.1445E+01  0.1178E+02
 -13.980  0.1369E+01  0.1180E+02
 -13.970  0.1296E+01  0.1181E+02
 -13.960  0.1226E+01  0.1182E+02
 -13.950  0.1159E+01  0.1184E+02
 -13.940  0.1095E+01  0.1185E+02
 -13.930  0.1033E+01  0.1186E+02
 -13.920  0.9737E+00  0.1187E+02
 -13.910  0.9172E+00  0.1188E+02
 -13.900  0.8632E+00  0.1188E+02
 -13.890  0.8117E+00  0.1189E+02
 -13.880  0.7626E+00  0.1190E+02
 -13.870  0.7159E+00  0.1191E+02
 -13.860  0.6714E+00  0.1191E+02
 -13.850  0.6292E+00  0.1192E+02
 -13.840  0.5891E+00  0.1193E+02
 -13.830  0.5510E+00  0.1193E+02
 -13.820  0.5150E+00  0.1194E+02
 -13.810  0.4809E+00  0.1194E+02
 -13.800  0.4487E+00  0.1195E+02
 -13.790  0.4183E+00  0.1195E+02
 -13.780  0.3896E+00  0.1195E+02
 -13.770  0.3626E+00  0.1196E+02
 -13.760  0.3371E+00  0.1196E+02
 -13.750  0.3132E+00  0.1196E+02
 -13.740  0.2907E+00  0.1197E+02
 -13.730  0.2696E+00  0.1197E+02
 -13.720  0.2498E+00  0.1197E+02
 -13.710  0.2312E+00  0.1197E+02
 -13.700  0.2139E+00  0.1198E+02
 -13.690  0.1976E+00  0.1198E+02
 -13.680  0.1825E+00  0.1198E+02
 -13.670  0.1684E+00  0.1198E+02
 -13.660  0.1552E+00  0.1198E+02
 -13.650  0.1429E+00  0.1199E+02
 -13.640  0.1315E+00  0.1199E+02
 -13.630  0.1209E+00  0.1199E+02
 -13.620  0.1110E+00  0.1199E+02
 -13.610  0.1019E+00  0.1199E+02
 -13.600  0.9344E-01  0.1199E+02
 -13.590  0.8561E-01  0.1199E+02
 -13.580  0.7836E-01  0.1199E+02
 -13.570  0.7166E-01  0.1199E+02
 -13.560  0.6548E-01  0.1199E+02
 -13.550  0.5978E-01  0.1199E+02
 -13.540  0.5453E-01  0.1199E+02
 -13.530  0.4970E-01  0.1200E+02
 -13.520  0.4525E-01  0.1200E+02
 -13.510  0.4117E-01  0.1200E+02
 -13.500  0.3742E-01  0.1200E+02
 -13.490  0.3399E-01  0.1200E+02
 -13.480  0.3084E-01  0.1200E+02
 -13.470  0.2796E-01  0.1200E+02
 -13.460  0.2533E-01  0.1200E+02
 -13.450  0.2292E-01  0.1200E+02
 -13.440  0.2073E-01  0.1200E+02
 -13.430  0.1872E-01  0.1200E+02
 -13.420  0.1690E-01  0.1200E+02
 -13.410  0.1524E-01  0.1200E+02
 -13.400  0.1374E-01  0.1200E+02
 -13.390  0.1237E-01  0.1200E+02
 -13.380  0.1112E-01  0.1200E+02
 -13.370  0.9997E-02  0.1200E+02
 -13.360  0.8977E-02  0.1200E+02
 -13.350  0.8054E-02  0.1200E+02
 -13.340  0.7220E-02  0.1200E+02
 -13.330  0.6466E-02  0.1200E+02
 -13.320  0.5786E-02  0.1200E+02
 -13.310  0.5173E-02  0.1200E+02
 -13.300  0.4621E-02  0.1200E+02
 -13.290  0.4124E-02  0.1200E+02
 -13.280  0.3677E-02  0.1200E+02
 -13.270  0.3276E-02  0.1200E+02
 -13.260  0.2916E-02  0.1200E+02
 -13.250  0.2594E-02  0.1200E+02
 -13.240  0.2305E-02  0.1200E+02
 -13.230  0.2046E-02  0.1200E+02
 -13.220  0.1815E-02  0.1200E+02
 -13.210  0.1609E-02  0.1200E+02
 -13.200  0.1425E-02  0.1200E+02
 -13.190  0.1260E-02  0.1200E+02
 -13.180  0.1114E-02  0.1200E+02
 -13.170  0.9840E-03  0.1200E+02
 -13.160  0.8683E-03  0.1200E+02
 -13.150  0.7655E-03  0.1200E+02
 -13.140  0.6743E-03  0.1200E+02
 -13.130  0.5935E-03  0.1200E+02
 -13.120  0.5219E-03  0.1200E+02
 -13.110  0.4585E-03  0.1200E+02
 -13.100  0.4025E-03  0.1200E+02
 -13.090  0.3530E-03  0.1200E+02
 -13.080  0.3093E-03  0.1200E+02
 -13.070  0.2708E-03  0.1200E+02
 -13.060  0.2369E-03  0.1200E+02
 -13.050  0.2071E-03  0.1200E+02
 -13.040  0.1808E-03  0.1200E+02
 -13.030  0.1577E-03  0.1200E+02
 -13.020  0.1375E-03  0.1200E+02
 -13.010  0.1198E-03  0.1200E+02
 -13.000  0.1042E-03  0.1200E+02
 -12.990  0.9060E-04  0.1200E+02
 -12.980  0.7870E-04  0.1200E+02
 -12.970  0.6831E-04  0.1200E+02
 -12.960  0.5923E-04  0.1200E+02
 -12.950  0.5132E-04  0.1200E+02
 -12.940  0.4442E-04  0.1200E+02
 -12.930  0.3842E-04  0.1200E+02
 -12.920  0.3320E-04  0.1200E+02
 -12.910  0.2866E-04  0.1200E+02
 -12.900  0.2473E-04  0.1200E+02
 -12.890  0.2131E-04  0.1200E+02
 -12.880  0.1835E-04  0.1200E+02
 -12.870  0.1579E-04  0.1200E+02
 -12.860  0.1357E-04  0.1200E+02
 -12.850  0.1166E-04  0.1200E+02
 -12.840  0.1000E-04  0.1200E+02
 -12.830  0.8576E-05  0.1200E+02
 -12.820  0.7346E-05  0.1200E+02
 -12.810  0.6287E-05  0.1200E+02
 -12.800  0.5376E-05  0.1200E+02
 -12.790  0.4593E-05  0.1200E+02
 -12.780  0.3921E-05  0.1200E+02
 -12.770  0.3344E-05  0.1200E+02
 -12.760  0.2850E-05  0.1200E+02
 -12.750  0.2426E-05  0.1200E+02
 -12.740  0.2064E-05  0.1200E+02
 -12.730  0.1754E-05  0.1200E+02
 -12.720  0.1489E-05  0.1200E+02
 -12.710  0.1264E-05  0.1200E+02
 -12.700  0.1071E-05  0.1200E+02
 -12.690  0.9072E-06  0.1200E+02
 -12.680  0.7677E-06  0.1200E+02
 -12.670  0.6490E-06  0.1200E+02
 -12.660  0.5482E-06  0.1200E+02
 -12.650  0.4627E-06  0.1200E+02
 -12.640  0.3902E-06  0.1200E+02
 -12.630  0.3287E-06  0.1200E+02
 -12.620  0.2767E-06  0.1200E+02
 -12.610  0.2327E-06  0.1200E+02
 -12.600  0.1956E-06  0.1200E+02
 -12.590  0.1642E-06  0.1200E+02
 -12.580  0.1377E-06  0.1200E+02
 -12.570  0.1154E-06  0.1200E+02
 -12.560  0.9666E-07  0.1200E+02
 -12.550  0.8087E-07  0.1200E+02
 -12.540  0.6760E-07  0.1200E+02
 -12.530  0.5646E-07  0.1200E+02
 -12.520  0.4711E-07  0.1200E+02
 -12.510  0.3928E-07  0.1200E+02
 -12.500  0.3272E-07  0.1200E+02
 -12.490  0.2723E-07  0.1200E+02
 -12.480  0.2264E-07  0.1200E+02
 -12.470  0.1881E-07  0.1200E+02
 -12.460  0.1561E-07  0.1200E+02
 -12.450  0.1295E-07  0.1200E+02
 -12.440  0.1073E-07  0.1200E+02
 -12.430  0.8884E-08  0.1200E+02
 -12.420  0.7349E-08  0.1200E+02
 -12.410  0.6074E-08  0.1200E+02
 -12.400  0.5015E-08  0.1200E+02
 -12.390  0.4138E-08  0.1200E+02
 -12.380  0.3411E-08  0.1200E+02
 -12.370  0.2809E-08  0.1200E+02
 -12.360  0.2311E-08  0.1200E+02
 -12.350  0.1900E-08  0.1200E+02
 -12.340  0.1561E-08  0.1200E+02
 -12.330  0.1281E-08  0.1200E+02
 -12.320  0.1051E-08  0.1200E+02
 -12.310  0.8606E-09  0.1200E+02
 -12.300  0.7045E-09  0.1200E+02
 -12.290  0.5762E-09  0.1200E+02
 -12.280  0.4708E-09  0.1200E+02
 -12.270  0.3844E-09  0.1200E+02
 -12.260  0.3135E-09  0.1200E+02
 -12.250  0.2555E-09  0.1200E+02
 -12.240  0.2081E-09  0.1200E+02
 -12.230  0.1693E-09  0.1200E+02
 -12.220  0.1376E-09  0.1200E+02
 -12.210  0.1117E-09  0.1200E+02
 -12.200  0.9067E-10  0.1200E+02
 -12.190  0.7351E-10  0.1200E+02
 -12.180  0.5955E-10  0.1200E+02
 -12.170  0.4819E-10  0.1200E+02
 -12.160  0.3897E-10  0.1200E+02
 -12.150  0.3148E-10  0.1200E+02
 -12.140  0.2541E-10  0.1200E+02
 -12.130  0.2049E-10  0.1200E+02
 -12.120  0.1651E-10  0.1200E+02
 -12.110  0.1329E-10  0.1200E+02
 -12.100  0.1069E-10  0.1200E+02
 -12.090  0.8594E-11  0.1200E+02
 -12.080  0.6901E-11  0.1200E+02
 -12.070  0.5536E-11  0.1200E+02
 -12.060  0.4438E-11  0.1200E+02
 -12.050  0.3554E-11  0.1200E+02
 -12.040  0.2844E-11  0.1200E+02
 -12.030  0.2273E-11  0.1200E+02
 -12.020  0.1816E-11  0.1200E+02
 -12.010  0.1449E-11  0.1200E+02
 -12.000  0.1156E-11  0.1200E+02
 -11.990  0.9206E-12  0.1200E+02
 -11.980  0.7328E-12  0.1200E+02
 -11.970  0.5827E-12  0.1200E+02
 -11.960  0.4630E-12  0.1200E+02
 -11.950  0.3676E-12  0.1200E+02
 -11.940  0.2916E-12  0.1200E+02
 -11.930  0.2311E-12  0.1200E+02
 -11.920  0.1830E-12  0.1200E+02
 -11.910  0.1447E-12  0.1200E+02
 -11.900  0.1144E-12  0.1200E+02
 -11.890  0.9035E-13  0.1200E+02
 -11.880  0.7129E-13  0.1200E+02
 -11.870  0.5620E-13  0.1200E+02
 -11.860  0.4427E-13  0.1200E+02
 -11.850  0.3484E-13  0.1200E+02
 -11.840  0.2739E-13  0.1200E+02
 -11.830  0.2152E-13  0.1200E+02
 -11.820  0.1689E-13  0.1200E+02
 -11.810  0.1325E-13  0.1200E+02
 -11.800  0.1038E-13  0.1200E+02
 -11.790  0.8125E-14  0.1200E+02
 -11.780  0.6355E-14  0.1200E+02
 -11.770  0.4967E-14  0.1200E+02
 -11.760  0.3878E-14  0.1200E+02
 -11.750  0.3025E-14  0.1200E+02
 -11.740  0.2358E-14  0.1200E+02
 -11.730  0.1836E-14  0.1200E+02
 -11.720  0.1429E-14  0.1200E+02
 -11.710  0.1111E-14  0.1200E+02
 -11.700  0.8627E-15  0.1200E+02
 -11.690  0.6695E-15  0.1200E+02
 -11.680  0.5191E-15  0.1200E+02
 -11.670  0.4021E-15  0.1200E+02
 -11.660  0.3113E-15  0.1200E+02
 -11.650  0.2407E-15  0.1200E+02
 -11.640  0.1860E-15  0.1200E+02
 -11.630  0.1436E-15  0.1200E+02
 -11.620  0.1107E-15  0.1200E+02
 -11.610  0.8533E-16  0.1200E+02
 -11.600  0.6570E-16  0.1200E+02
 -11.590  0.5054E-16  0.1200E+02
 -11.580  0.3885E-16  0.1200E+02
 -11.570  0.2983E-16  0.1200E+02
 -11.560  0.2289E-16  0.1200E+02
 -11.550  0.1755E-16  0.1200E+02
 -11.540  0.1344E-16  0.1200E+02
 -11.530  0.1028E-16  0.1200E+02
 -11.520  0.7863E-17  0.1200E+02
 -11.510  0.6007E-17  0.1200E+02
 -11.500  0.4585E-17  0.1200E+02
 -11.490  0.3496E-17  0.1200E+02
 -11.480  0.2664E-17  0.1200E+02
 -11.470  0.2028E-17  0.1200E+02
 -11.460  0.1542E-17  0.1200E+02
 -11.450  0.1172E-17  0.1200E+02
 -11.440  0.8898E-18  0.1200E+02
 -11.430  0.6750E-18  0.1200E+02
 -11.420  0.5116E-18  0.1200E+02
 -11.410  0.3874E-18  0.1200E+02
 -11.400  0.2931E-18  0.1200E+02
 -11.390  0.2216E-18  0.1200E+02
 -11.380  0.1673E-18  0.1200E+02
 -11.370  0.1263E-18  0.1200E+02
 -11.360  0.9520E-19  0.1200E+02
 -11.350  0.7171E-19  0.1200E+02
 -11.340  0.5397E-19  0.1200E+02
 -11.330  0.4059E-19  0.1200E+02
 -11.320  0.3049E-19  0.1200E+02
 -11.310  0.2289E-19  0.1200E+02
 -11.300  0.1717E-19  0.1200E+02
 -11.290  0.1286E-19  0.1200E+02
 -11.280  0.9631E-20  0.1200E+02
 -11.270  0.7205E-20  0.1200E+02
 -11.260  0.5384E-20  0.1200E+02
 -11.250  0.4021E-20  0.1200E+02
 -11.240  0.3000E-20  0.1200E+02
 -11.230  0.2236E-20  0.1200E+02
 -11.220  0.1665E-20  0.1200E+02
 -11.210  0.1239E-20  0.1200E+02
 -11.200  0.9213E-21  0.1200E+02
 -11.190  0.6843E-21  0.1200E+02
 -11.180  0.5079E-21  0.1200E+02
 -11.170  0.3766E-21  0.1200E+02
 -11.160  0.2790E-21  0.1200E+02
 -11.150  0.2065E-21  0.1200E+02
 -11.140  0.1527E-21  0.1200E+02
 -11.130  0.1129E-21  0.1200E+02
 -11.120  0.8333E-22  0.1200E+02
 -11.110  0.6146E-22  0.1200E+02
 -11.100  0.4530E-22  0.1200E+02
 -11.090  0.3335E-22  0.1200E+02
 -11.080  0.2454E-22  0.1200E+02
 -11.070  0.1804E-22  0.1200E+02
 -11.060  0.1325E-22  0.1200E+02
 -11.050  0.9720E-23  0.1200E+02
 -11.040  0.7126E-23  0.1200E+02
 -11.030  0.5219E-23  0.1200E+02
 -11.020  0.3820E-23  0.1200E+02
 -11.010  0.2793E-23  0.1200E+02
 -11.000  0.2040E-23  0.1200E+02
 -10.990  0.1489E-23  0.1200E+02
 -10.980  0.1086E-23  0.1200E+02
 -10.970  0.7914E-24  0.1200E+02
 -10.960  0.5762E-24  0.1200E+02
 -10.950  0.4191E-24  0.1200E+02
 -10.940  0.3046E-24  0.1200E+02
 -10.930  0.2211E-24  0.1200E+02
 -10.920  0.1604E-24  0.1200E+02
 -10.910  0.1163E-24  0.1200E+02
 -10.900  0.8421E-25  0.1200E+02
 -10.890  0.6093E-25  0.1200E+02
 -10.880  0.4405E-25  0.1200E+02
 -10.870  0.3181E-25  0.1200E+02
 -10.860  0.2296E-25  0.1200E+02
 -10.850  0.1655E-25  0.1200E+02
 -10.840  0.1193E-25  0.1200E+02
 -10.830  0.8584E-26  0.1200E+02
 -10.820  0.6173E-26  0.1200E+02
 -10.810  0.4435E-26  0.1200E+02
 -10.800  0.3184E-26  0.1200E+02
 -10.790  0.2284E-26  0.1200E+02
 -10.780  0.1637E-26  0.1200E+02
 -10.770  0.1172E-26  0.1200E+02
 -10.760  0.8382E-27  0.1200E+02
 -10.750  0.5991E-27  0.1200E+02
 -10.740  0.4278E-27  0.1200E+02
 -10.730  0.3053E-27  0.1200E+02
 -10.720  0.2176E-27  0.1200E+02
 -10.710  0.1550E-27  0.1200E+02
 -10.700  0.1103E-27  0.1200E+02
 -10.690  0.7842E-28  0.1200E+02
 -10.680  0.5572E-28  0.1200E+02
 -10.670  0.3955E-28  0.1200E+02
 -10.660  0.2806E-28  0.1200E+02
 -10.650  0.1990E-28  0.1200E+02
 -10.640  0.1411E-28  0.1200E+02
 -10.630  0.1001E-28  0.1200E+02
 -10.620  0.7123E-29  0.1200E+02
 -10.610  0.5098E-29  0.1200E+02
 -10.600  0.3693E-29  0.1200E+02
 -10.590  0.2739E-29  0.1200E+02
 -10.580  0.2123E-29  0.1200E+02
 -10.570  0.1768E-29  0.1200E+02
 -10.560  0.1630E-29  0.1200E+02
 -10.550  0.1692E-29  0.1200E+02
 -10.540  0.1959E-29  0.1200E+02
 -10.530  0.2461E-29  0.1200E+02
 -10.520  0.3256E-29  0.1200E+02
 -10.510  0.4433E-29  0.1200E+02
 -10.500  0.6129E-29  0.1200E+02
 -10.490  0.8535E-29  0.1200E+02
 -10.480  0.1193E-28  0.1200E+02
 -10.470  0.1668E-28  0.1200E+02
 -10.460  0.2334E-28  0.1200E+02
 -10.450  0.3265E-28  0.1200E+02
 -10.440  0.4564E-28  0.1200E+02
 -10.430  0.6374E-28  0.1200E+02
 -10.420  0.8896E-28  0.1200E+02
 -10.410  0.1241E-27  0.1200E+02
 -10.400  0.1728E-27  0.1200E+02
 -10.390  0.2406E-27  0.1200E+02
 -10.380  0.3346E-27  0.1200E+02
 -10.370  0.4649E-27  0.1200E+02
 -10.360  0.6455E-27  0.1200E+02
 -10.350  0.8954E-27  0.1200E+02
 -10.340  0.1241E-26  0.1200E+02
 -10.330  0.1718E-26  0.1200E+02
 -10.320  0.2377E-26  0.1200E+02
 -10.310  0.3286E-26  0.1200E+02
 -10.300  0.4538E-26  0.1200E+02
 -10.290  0.6261E-26  0.1200E+02
 -10.280  0.8631E-26  0.1200E+02
 -10.270  0.1189E-25  0.1200E+02
 -10.260  0.1636E-25  0.1200E+02
 -10.250  0.2249E-25  0.1200E+02
 -10.240  0.3090E-25  0.1200E+02
 -10.230  0.4241E-25  0.1200E+02
 -10.220  0.5816E-25  0.1200E+02
 -10.210  0.7968E-25  0.1200E+02
 -10.200  0.1091E-24  0.1200E+02
 -10.190  0.1492E-24  0.1200E+02
 -10.180  0.2039E-24  0.1200E+02
 -10.170  0.2783E-24  0.1200E+02
 -10.160  0.3796E-24  0.1200E+02
 -10.150  0.5174E-24  0.1200E+02
 -10.140  0.7045E-24  0.1200E+02
 -10.130  0.9585E-24  0.1200E+02
 -10.120  0.1303E-23  0.1200E+02
 -10.110  0.1769E-23  0.1200E+02
 -10.100  0.2401E-23  0.1200E+02
 -10.090  0.3255E-23  0.1200E+02
 -10.080  0.4408E-23  0.1200E+02
 -10.070  0.5966E-23  0.1200E+02
 -10.060  0.8066E-23  0.1200E+02
 -10.050  0.1090E-22  0.1200E+02
 -10.040  0.1471E-22  0.1200E+02
 -10.030  0.1983E-22  0.1200E+02
 -10.020  0.2672E-22  0.1200E+02
 -10.010  0.3597E-22  0.1200E+02
 -10.000  0.4838E-22  0.1200E+02
  -9.990  0.6501E-22  0.1200E+02
  -9.980  0.8728E-22  0.1200E+02
  -9.970  0.1171E-21  0.1200E+02
  -9.960  0.1569E-21  0.1200E+02
  -9.950  0.2101E-21  0.1200E+02
  -9.940  0.2811E-21  0.1200E+02
  -9.930  0.3757E-21  0.1200E+02
  -9.920  0.5018E-21  0.1200E+02
  -9.910  0.6695E-21  0.1200E+02
  -9.900  0.8926E-21  0.1200E+02
  -9.890  0.1189E-20  0.1200E+02
  -9.880  0.1582E-20  0.1200E+02
  -9.870  0.2104E-20  0.1200E+02
  -9.860  0.2795E-20  0.1200E+02
  -9.850  0.3709E-20  0.1200E+02
  -9.840  0.4919E-20  0.1200E+02
  -9.830  0.6517E-20  0.1200E+02
  -9.820  0.8627E-20  0.1200E+02
  -9.810  0.1141E-19  0.1200E+02
  -9.800  0.1508E-19  0.1200E+02
  -9.790  0.1991E-19  0.1200E+02
  -9.780  0.2626E-19  0.1200E+02
  -9.770  0.3461E-19  0.1200E+02
  -9.760  0.4557E-19  0.1200E+02
  -9.750  0.5996E-19  0.1200E+02
  -9.740  0.7881E-19  0.1200E+02
  -9.730  0.1035E-18  0.1200E+02
  -9.720  0.1358E-18  0.1200E+02
  -9.710  0.1780E-18  0.1200E+02
  -9.700  0.2332E-18  0.1200E+02
  -9.690  0.3052E-18  0.1200E+02
  -9.680  0.3990E-18  0.1200E+02
  -9.670  0.5213E-18  0.1200E+02
  -9.660  0.6804E-18  0.1200E+02
  -9.650  0.8873E-18  0.1200E+02
  -9.640  0.1156E-17  0.1200E+02
  -9.630  0.1505E-17  0.1200E+02
  -9.620  0.1957E-17  0.1200E+02
  -9.610  0.2544E-17  0.1200E+02
  -9.600  0.3302E-17  0.1200E+02
  -9.590  0.4284E-17  0.1200E+02
  -9.580  0.5552E-17  0.1200E+02
  -9.570  0.7189E-17  0.1200E+02
  -9.560  0.9301E-17  0.1200E+02
  -9.550  0.1202E-16  0.1200E+02
  -9.540  0.1553E-16  0.1200E+02
  -9.530  0.2004E-16  0.1200E+02
  -9.520  0.2583E-16  0.1200E+02
  -9.510  0.3327E-16  0.1200E+02
  -9.500  0.4282E-16  0.1200E+02
  -9.490  0.5505E-16  0.1200E+02
  -9.480  0.7073E-16  0.1200E+02
  -9.470  0.9078E-16  0.1200E+02
  -9.460  0.1164E-15  0.1200E+02
  -9.450  0.1492E-15  0.1200E+02
  -9.440  0.1909E-15  0.1200E+02
  -9.430  0.2442E-15  0.1200E+02
  -9.420  0.3121E-15  0.1200E+02
  -9.410  0.3985E-15  0.1200E+02
  -9.400  0.5083E-15  0.1200E+02
  -9.390  0.6478E-15  0.1200E+02
  -9.380  0.8249E-15  0.1200E+02
  -9.370  0.1049E-14  0.1200E+02
  -9.360  0.1334E-14  0.1200E+02
  -9.350  0.1694E-14  0.1200E+02
  -9.340  0.2150E-14  0.1200E+02
  -9.330  0.2726E-14  0.1200E+02
  -9.320  0.3452E-14  0.1200E+02
  -9.310  0.4369E-14  0.1200E+02
  -9.300  0.5524E-14  0.1200E+02
  -9.290  0.6979E-14  0.1200E+02
  -9.280  0.8809E-14  0.1200E+02
  -9.270  0.1111E-13  0.1200E+02
  -9.260  0.1400E-13  0.1200E+02
  -9.250  0.1762E-13  0.1200E+02
  -9.240  0.2216E-13  0.1200E+02
  -9.230  0.2785E-13  0.1200E+02
  -9.220  0.3497E-13  0.1200E+02
  -9.210  0.4386E-13  0.1200E+02
  -9.200  0.5497E-13  0.1200E+02
  -9.190  0.6884E-13  0.1200E+02
  -9.180  0.8613E-13  0.1200E+02
  -9.170  0.1077E-12  0.1200E+02
  -9.160  0.1345E-12  0.1200E+02
  -9.150  0.1678E-12  0.1200E+02
  -9.140  0.2092E-12  0.1200E+02
  -9.130  0.2605E-12  0.1200E+02
  -9.120  0.3243E-12  0.1200E+02
  -9.110  0.4032E-12  0.1200E+02
  -9.100  0.5009E-12  0.1200E+02
  -9.090  0.6217E-12  0.1200E+02
  -9.080  0.7710E-12  0.1200E+02
  -9.070  0.9553E-12  0.1200E+02
  -9.060  0.1183E-11  0.1200E+02
  -9.050  0.1463E-11  0.1200E+02
  -9.040  0.1808E-11  0.1200E+02
  -9.030  0.2232E-11  0.1200E+02
  -9.020  0.2753E-11  0.1200E+02
  -9.010  0.3393E-11  0.1200E+02
  -9.000  0.4178E-11  0.1200E+02
  -8.990  0.5141E-11  0.1200E+02
  -8.980  0.6319E-11  0.1200E+02
  -8.970  0.7761E-11  0.1200E+02
  -8.960  0.9523E-11  0.1200E+02
  -8.950  0.1168E-10  0.1200E+02
  -8.940  0.1430E-10  0.1200E+02
  -8.930  0.1750E-10  0.1200E+02
  -8.920  0.2140E-10  0.1200E+02
  -8.910  0.2615E-10  0.1200E+02
  -8.900  0.3191E-10  0.1200E+02
  -8.890  0.3892E-10  0.1200E+02
  -8.880  0.4742E-10  0.1200E+02
  -8.870  0.5773E-10  0.1200E+02
  -8.860  0.7022E-10  0.1200E+02
  -8.850  0.8533E-10  0.1200E+02
  -8.840  0.1036E-09  0.1200E+02
  -8.830  0.1257E-09  0.1200E+02
  -8.820  0.1523E-09  0.1200E+02
  -8.810  0.1845E-09  0.1200E+02
  -8.800  0.2232E-09  0.1200E+02
  -8.790  0.2698E-09  0.1200E+02
  -8.780  0.3258E-09  0.1200E+02
  -8.770  0.3932E-09  0.1200E+02
  -8.760  0.4740E-09  0.1200E+02
  -8.750  0.5710E-09  0.1200E+02
  -8.740  0.6872E-09  0.1200E+02
  -8.730  0.8263E-09  0.1200E+02
  -8.720  0.9926E-09  0.1200E+02
  -8.710  0.1191E-08  0.1200E+02
  -8.700  0.1429E-08  0.1200E+02
  -8.690  0.1712E-08  0.1200E+02
  -8.680  0.2050E-08  0.1200E+02
  -8.670  0.2452E-08  0.1200E+02
  -8.660  0.2930E-08  0.1200E+02
  -8.650  0.3498E-08  0.1200E+02
  -8.640  0.4173E-08  0.1200E+02
  -8.630  0.4974E-08  0.1200E+02
  -8.620  0.5923E-08  0.1200E+02
  -8.610  0.7047E-08  0.1200E+02
  -8.600  0.8377E-08  0.1200E+02
  -8.590  0.9949E-08  0.1200E+02
  -8.580  0.1181E-07  0.1200E+02
  -8.570  0.1400E-07  0.1200E+02
  -8.560  0.1658E-07  0.1200E+02
  -8.550  0.1962E-07  0.1200E+02
  -8.540  0.2320E-07  0.1200E+02
  -8.530  0.2741E-07  0.1200E+02
  -8.520  0.3235E-07  0.1200E+02
  -8.510  0.3816E-07  0.1200E+02
  -8.500  0.4496E-07  0.1200E+02
  -8.490  0.5293E-07  0.1200E+02
  -8.480  0.6226E-07  0.1200E+02
  -8.470  0.7316E-07  0.1200E+02
  -8.460  0.8590E-07  0.1200E+02
  -8.450  0.1008E-06  0.1200E+02
  -8.440  0.1181E-06  0.1200E+02
  -8.430  0.1383E-06  0.1200E+02
  -8.420  0.1618E-06  0.1200E+02
  -8.410  0.1892E-06  0.1200E+02
  -8.400  0.2209E-06  0.1200E+02
  -8.390  0.2578E-06  0.1200E+02
  -8.380  0.3006E-06  0.1200E+02
  -8.370  0.3502E-06  0.1200E+02
  -8.360  0.4075E-06  0.1200E+02
  -8.350  0.4739E-06  0.1200E+02
  -8.340  0.5505E-06  0.1200E+02
  -8.330  0.6390E-06  0.1200E+02
  -8.320  0.7411E-06  0.1200E+02
  -8.310  0.8587E-06  0.1200E+02
  -8.300  0.9942E-06  0.1200E+02
  -8.290  0.1150E-05  0.1200E+02
  -8.280  0.1329E-05  0.1200E+02
  -8.270  0.1534E-05  0.1200E+02
  -8.260  0.1770E-05  0.1200E+02
  -8.250  0.2040E-05  0.1200E+02
  -8.240  0.2350E-05  0.1200E+02
  -8.230  0.2703E-05  0.1200E+02
  -8.220  0.3108E-05  0.1200E+02
  -8.210  0.3569E-05  0.1200E+02
  -8.200  0.4096E-05  0.1200E+02
  -8.190  0.4696E-05  0.1200E+02
  -8.180  0.5379E-05  0.1200E+02
  -8.170  0.6157E-05  0.1200E+02
  -8.160  0.7040E-05  0.1200E+02
  -8.150  0.8043E-05  0.1200E+02
  -8.140  0.9181E-05  0.1200E+02
  -8.130  0.1047E-04  0.1200E+02
  -8.120  0.1193E-04  0.1200E+02
  -8.110  0.1358E-04  0.1200E+02
  -8.100  0.1545E-04  0.1200E+02
  -8.090  0.1756E-04  0.1200E+02
  -8.080  0.1994E-04  0.1200E+02
  -8.070  0.2262E-04  0.1200E+02
  -8.060  0.2564E-04  0.1200E+02
  -8.050  0.2903E-04  0.1200E+02
  -8.040  0.3285E-04  0.1200E+02
  -8.030  0.3714E-04  0.1200E+02
  -8.020  0.4195E-04  0.1200E+02
  -8.010  0.4733E-04  0.1200E+02
  -8.000  0.5337E-04  0.1200E+02
  -7.990  0.6012E-04  0.1200E+02
  -7.980  0.6767E-04  0.1200E+02
  -7.970  0.7609E-04  0.1200E+02
  -7.960  0.8549E-04  0.1200E+02
  -7.950  0.9597E-04  0.1200E+02
  -7.940  0.1076E-03  0.1200E+02
  -7.930  0.1206E-03  0.1200E+02
  -7.920  0.1350E-03  0.1200E+02
  -7.910  0.1511E-03  0.1200E+02
  -7.900  0.1688E-03  0.1200E+02
  -7.890  0.1885E-03  0.1200E+02
  -7.880  0.2103E-03  0.1200E+02
  -7.870  0.2344E-03  0.1200E+02
  -7.860  0.2611E-03  0.1200E+02
  -7.850  0.2905E-03  0.1200E+02
  -7.840  0.3230E-03  0.1200E+02
  -7.830  0.3588E-03  0.1200E+02
  -7.820  0.3982E-03  0.1200E+02
  -7.810  0.4415E-03  0.1200E+02
  -7.800  0.4891E-03  0.1200E+02
  -7.790  0.5414E-03  0.1200E+02
  -7.780  0.5987E-03  0.1200E+02
  -7.770  0.6616E-03  0.1200E+02
  -7.760  0.7304E-03  0.1200E+02
  -7.750  0.8056E-03  0.1200E+02
  -7.740  0.8878E-03  0.1200E+02
  -7.730  0.9776E-03  0.1200E+02
  -7.720  0.1075E-02  0.1200E+02
  -7.710  0.1182E-02  0.1200E+02
  -7.700  0.1298E-02  0.1200E+02
  -7.690  0.1424E-02  0.1200E+02
  -7.680  0.1562E-02  0.1200E+02
  -7.670  0.1711E-02  0.1200E+02
  -7.660  0.1872E-02  0.1200E+02
  -7.650  0.2047E-02  0.1200E+02
  -7.640  0.2236E-02  0.1200E+02
  -7.630  0.2441E-02  0.1200E+02
  -7.620  0.2662E-02  0.1200E+02
  -7.610  0.2901E-02  0.1200E+02
  -7.600  0.3158E-02  0.1200E+02
  -7.590  0.3435E-02  0.1200E+02
  -7.580  0.3734E-02  0.1200E+02
  -7.570  0.4054E-02  0.1200E+02
  -7.560  0.4399E-02  0.1200E+02
  -7.550  0.4769E-02  0.1200E+02
  -7.540  0.5165E-02  0.1200E+02
  -7.530  0.5589E-02  0.1200E+02
  -7.520  0.6043E-02  0.1200E+02
  -7.510  0.6529E-02  0.1200E+02
  -7.500  0.7047E-02  0.1200E+02
  -7.490  0.7600E-02  0.1200E+02
  -7.480  0.8190E-02  0.1200E+02
  -7.470  0.8818E-02  0.1200E+02
  -7.460  0.9486E-02  0.1200E+02
  -7.450  0.1020E-01  0.1200E+02
  -7.440  0.1095E-01  0.1200E+02
  -7.430  0.1175E-01  0.1200E+02
  -7.420  0.1260E-01  0.1200E+02
  -7.410  0.1349E-01  0.1200E+02
  -7.400  0.1444E-01  0.1200E+02
  -7.390  0.1545E-01  0.1200E+02
  -7.380  0.1651E-01  0.1200E+02
  -7.370  0.1762E-01  0.1200E+02
  -7.360  0.1880E-01  0.1200E+02
  -7.350  0.2004E-01  0.1200E+02
  -7.340  0.2135E-01  0.1200E+02
  -7.330  0.2272E-01  0.1200E+02
  -7.320  0.2416E-01  0.1200E+02
  -7.310  0.2567E-01  0.1200E+02
  -7.300  0.2725E-01  0.1200E+02
  -7.290  0.2891E-01  0.1200E+02
  -7.280  0.3065E-01  0.1200E+02
  -7.270  0.3246E-01  0.1200E+02
  -7.260  0.3436E-01  0.1201E+02
  -7.250  0.3634E-01  0.1201E+02
  -7.240  0.3840E-01  0.1201E+02
  -7.230  0.4055E-01  0.1201E+02
  -7.220  0.4279E-01  0.1201E+02
  -7.210  0.4511E-01  0.1201E+02
  -7.200  0.4753E-01  0.1201E+02
  -7.190  0.5004E-01  0.1201E+02
  -7.180  0.5265E-01  0.1201E+02
  -7.170  0.5536E-01  0.1201E+02
  -7.160  0.5816E-01  0.1201E+02
  -7.150  0.6106E-01  0.1201E+02
  -7.140  0.6407E-01  0.1201E+02
  -7.130  0.6717E-01  0.1201E+02
  -7.120  0.7038E-01  0.1201E+02
  -7.110  0.7370E-01  0.1201E+02
  -7.100  0.7712E-01  0.1201E+02
  -7.090  0.8065E-01  0.1201E+02
  -7.080  0.8430E-01  0.1202E+02
  -7.070  0.8805E-01  0.1202E+02
  -7.060  0.9192E-01  0.1202E+02
  -7.050  0.9590E-01  0.1202E+02
  -7.040  0.1000E+00  0.1202E+02
  -7.030  0.1042E+00  0.1202E+02
  -7.020  0.1086E+00  0.1202E+02
  -7.010  0.1130E+00  0.1202E+02
  -7.000  0.1176E+00  0.1202E+02
  -6.990  0.1223E+00  0.1203E+02
  -6.980  0.1272E+00  0.1203E+02
  -6.970  0.1321E+00  0.1203E+02
  -6.960  0.1373E+00  0.1203E+02
  -6.950  0.1425E+00  0.1203E+02
  -6.940  0.1479E+00  0.1203E+02
  -6.930  0.1535E+00  0.1203E+02
  -6.920  0.1592E+00  0.1204E+02
  -6.910  0.1650E+00  0.1204E+02
  -6.900  0.1710E+00  0.1204E+02
  -6.890  0.1772E+00  0.1204E+02
  -6.880  0.1836E+00  0.1204E+02
  -6.870  0.1901E+00  0.1204E+02
  -6.860  0.1968E+00  0.1205E+02
  -6.850  0.2037E+00  0.1205E+02
  -6.840  0.2109E+00  0.1205E+02
  -6.830  0.2182E+00  0.1205E+02
  -6.820  0.2257E+00  0.1205E+02
  -6.810  0.2335E+00  0.1206E+02
  -6.800  0.2415E+00  0.1206E+02
  -6.790  0.2498E+00  0.1206E+02
  -6.780  0.2583E+00  0.1206E+02
  -6.770  0.2671E+00  0.1207E+02
  -6.760  0.2761E+00  0.1207E+02
  -6.750  0.2854E+00  0.1207E+02
  -6.740  0.2951E+00  0.1208E+02
  -6.730  0.3051E+00  0.1208E+02
  -6.720  0.3153E+00  0.1208E+02
  -6.710  0.3260E+00  0.1209E+02
  -6.700  0.3369E+00  0.1209E+02
  -6.690  0.3483E+00  0.1209E+02
  -6.680  0.3600E+00  0.1210E+02
  -6.670  0.3721E+00  0.1210E+02
  -6.660  0.3846E+00  0.1210E+02
  -6.650  0.3976E+00  0.1211E+02
  -6.640  0.4109E+00  0.1211E+02
  -6.630  0.4247E+00  0.1212E+02
  -6.620  0.4390E+00  0.1212E+02
  -6.610  0.4537E+00  0.1212E+02
  -6.600  0.4689E+00  0.1213E+02
  -6.590  0.4847E+00  0.1213E+02
  -6.580  0.5009E+00  0.1214E+02
  -6.570  0.5176E+00  0.1214E+02
  -6.560  0.5348E+00  0.1215E+02
  -6.550  0.5526E+00  0.1215E+02
  -6.540  0.5709E+00  0.1216E+02
  -6.530  0.5897E+00  0.1217E+02
  -6.520  0.6091E+00  0.1217E+02
  -6.510  0.6291E+00  0.1218E+02
  -6.500  0.6496E+00  0.1219E+02
  -6.490  0.6706E+00  0.1219E+02
  -6.480  0.6922E+00  0.1220E+02
  -6.470  0.7144E+00  0.1221E+02
  -6.460  0.7371E+00  0.1221E+02
  -6.450  0.7604E+00  0.1222E+02
  -6.440  0.7841E+00  0.1223E+02
  -6.430  0.8084E+00  0.1224E+02
  -6.420  0.8333E+00  0.1225E+02
  -6.410  0.8586E+00  0.1225E+02
  -6.400  0.8844E+00  0.1226E+02
  -6.390  0.9107E+00  0.1227E+02
  -6.380  0.9374E+00  0.1228E+02
  -6.370  0.9646E+00  0.1229E+02
  -6.360  0.9922E+00  0.1230E+02
  -6.350  0.1020E+01  0.1231E+02
  -6.340  0.1048E+01  0.1232E+02
  -6.330  0.1077E+01  0.1233E+02
  -6.320  0.1106E+01  0.1234E+02
  -6.310  0.1135E+01  0.1235E+02
  -6.300  0.1165E+01  0.1237E+02
  -6.290  0.1194E+01  0.1238E+02
  -6.280  0.1224E+01  0.1239E+02
  -6.270  0.1254E+01  0.1240E+02
  -6.260  0.1284E+01  0.1242E+02
  -6.250  0.1314E+01  0.1243E+02
  -6.240  0.1344E+01  0.1244E+02
  -6.230  0.1374E+01  0.1246E+02
  -6.220  0.1404E+01  0.1247E+02
  -6.210  0.1434E+01  0.1248E+02
  -6.200  0.1463E+01  0.1250E+02
  -6.190  0.1493E+01  0.1251E+02
  -6.180  0.1522E+01  0.1253E+02
  -6.170  0.1550E+01  0.1255E+02
  -6.160  0.1579E+01  0.1256E+02
  -6.150  0.1607E+01  0.1258E+02
  -6.140  0.1634E+01  0.1259E+02
  -6.130  0.1661E+01  0.1261E+02
  -6.120  0.1687E+01  0.1263E+02
  -6.110  0.1713E+01  0.1264E+02
  -6.100  0.1738E+01  0.1266E+02
  -6.090  0.1763E+01  0.1268E+02
  -6.080  0.1786E+01  0.1270E+02
  -6.070  0.1809E+01  0.1271E+02
  -6.060  0.1831E+01  0.1273E+02
  -6.050  0.1852E+01  0.1275E+02
  -6.040  0.1872E+01  0.1277E+02
  -6.030  0.1892E+01  0.1279E+02
  -6.020  0.1910E+01  0.1281E+02
  -6.010  0.1927E+01  0.1283E+02
  -6.000  0.1944E+01  0.1285E+02
  -5.990  0.1959E+01  0.1287E+02
  -5.980  0.1973E+01  0.1289E+02
  -5.970  0.1986E+01  0.1291E+02
  -5.960  0.1998E+01  0.1293E+02
  -5.950  0.2009E+01  0.1295E+02
  -5.940  0.2018E+01  0.1297E+02
  -5.930  0.2027E+01  0.1299E+02
  -5.920  0.2034E+01  0.1301E+02
  -5.910  0.2040E+01  0.1303E+02
  -5.900  0.2045E+01  0.1305E+02
  -5.890  0.2049E+01  0.1307E+02
  -5.880  0.2052E+01  0.1309E+02
  -5.870  0.2053E+01  0.1311E+02
  -5.860  0.2054E+01  0.1313E+02
  -5.850  0.2053E+01  0.1315E+02
  -5.840  0.2051E+01  0.1317E+02
  -5.830  0.2048E+01  0.1319E+02
  -5.820  0.2044E+01  0.1321E+02
  -5.810  0.2039E+01  0.1323E+02
  -5.800  0.2033E+01  0.1325E+02
  -5.790  0.2026E+01  0.1327E+02
  -5.780  0.2018E+01  0.1329E+02
  -5.770  0.2009E+01  0.1331E+02
  -5.760  0.1999E+01  0.1333E+02
  -5.750  0.1988E+01  0.1335E+02
  -5.740  0.1977E+01  0.1337E+02
  -5.730  0.1964E+01  0.1339E+02
  -5.720  0.1951E+01  0.1341E+02
  -5.710  0.1938E+01  0.1343E+02
  -5.700  0.1923E+01  0.1345E+02
  -5.690  0.1908E+01  0.1347E+02
  -5.680  0.1893E+01  0.1349E+02
  -5.670  0.1877E+01  0.1351E+02
  -5.660  0.1860E+01  0.1353E+02
  -5.650  0.1843E+01  0.1354E+02
  -5.640  0.1826E+01  0.1356E+02
  -5.630  0.1808E+01  0.1358E+02
  -5.620  0.1790E+01  0.1360E+02
  -5.610  0.1772E+01  0.1362E+02
  -5.600  0.1754E+01  0.1363E+02
  -5.590  0.1735E+01  0.1365E+02
  -5.580  0.1717E+01  0.1367E+02
  -5.570  0.1698E+01  0.1369E+02
  -5.560  0.1680E+01  0.1370E+02
  -5.550  0.1661E+01  0.1372E+02
  -5.540  0.1643E+01  0.1374E+02
  -5.530  0.1625E+01  0.1375E+02
  -5.520  0.1607E+01  0.1377E+02
  -5.510  0.1589E+01  0.1378E+02
  -5.500  0.1571E+01  0.1380E+02
  -5.490  0.1554E+01  0.1381E+02
  -5.480  0.1537E+01  0.1383E+02
  -5.470  0.1521E+01  0.1385E+02
  -5.460  0.1505E+01  0.1386E+02
  -5.450  0.1489E+01  0.1388E+02
  -5.440  0.1474E+01  0.1389E+02
  -5.430  0.1459E+01  0.1390E+02
  -5.420  0.1445E+01  0.1392E+02
  -5.410  0.1432E+01  0.1393E+02
  -5.400  0.1419E+01  0.1395E+02
  -5.390  0.1407E+01  0.1396E+02
  -5.380  0.1395E+01  0.1398E+02
  -5.370  0.1384E+01  0.1399E+02
  -5.360  0.1374E+01  0.1400E+02
  -5.350  0.1364E+01  0.1402E+02
  -5.340  0.1355E+01  0.1403E+02
  -5.330  0.1347E+01  0.1404E+02
  -5.320  0.1340E+01  0.1406E+02
  -5.310  0.1333E+01  0.1407E+02
  -5.300  0.1327E+01  0.1408E+02
  -5.290  0.1322E+01  0.1410E+02
  -5.280  0.1317E+01  0.1411E+02
  -5.270  0.1313E+01  0.1412E+02
  -5.260  0.1310E+01  0.1414E+02
  -5.250  0.1308E+01  0.1415E+02
  -5.240  0.1307E+01  0.1416E+02
  -5.230  0.1306E+01  0.1418E+02
  -5.220  0.1306E+01  0.1419E+02
  -5.210  0.1307E+01  0.1420E+02
  -5.200  0.1309E+01  0.1421E+02
  -5.190  0.1311E+01  0.1423E+02
  -5.180  0.1314E+01  0.1424E+02
  -5.170  0.1318E+01  0.1425E+02
  -5.160  0.1322E+01  0.1427E+02
  -5.150  0.1327E+01  0.1428E+02
  -5.140  0.1333E+01  0.1429E+02
  -5.130  0.1339E+01  0.1431E+02
  -5.120  0.1346E+01  0.1432E+02
  -5.110  0.1354E+01  0.1433E+02
  -5.100  0.1362E+01  0.1435E+02
  -5.090  0.1371E+01  0.1436E+02
  -5.080  0.1380E+01  0.1438E+02
  -5.070  0.1390E+01  0.1439E+02
  -5.060  0.1401E+01  0.1440E+02
  -5.050  0.1412E+01  0.1442E+02
  -5.040  0.1423E+01  0.1443E+02
  -5.030  0.1435E+01  0.1445E+02
  -5.020  0.1447E+01  0.1446E+02
  -5.010  0.1460E+01  0.1448E+02
  -5.000  0.1473E+01  0.1449E+02
  -4.990  0.1486E+01  0.1450E+02
  -4.980  0.1500E+01  0.1452E+02
  -4.970  0.1514E+01  0.1454E+02
  -4.960  0.1528E+01  0.1455E+02
  -4.950  0.1542E+01  0.1457E+02
  -4.940  0.1557E+01  0.1458E+02
  -4.930  0.1572E+01  0.1460E+02
  -4.920  0.1586E+01  0.1461E+02
  -4.910  0.1601E+01  0.1463E+02
  -4.900  0.1616E+01  0.1465E+02
  -4.890  0.1631E+01  0.1466E+02
  -4.880  0.1646E+01  0.1468E+02
  -4.870  0.1661E+01  0.1469E+02
  -4.860  0.1676E+01  0.1471E+02
  -4.850  0.1691E+01  0.1473E+02
  -4.840  0.1705E+01  0.1475E+02
  -4.830  0.1720E+01  0.1476E+02
  -4.820  0.1734E+01  0.1478E+02
  -4.810  0.1748E+01  0.1480E+02
  -4.800  0.1762E+01  0.1481E+02
  -4.790  0.1775E+01  0.1483E+02
  -4.780  0.1788E+01  0.1485E+02
  -4.770  0.1801E+01  0.1487E+02
  -4.760  0.1814E+01  0.1489E+02
  -4.750  0.1826E+01  0.1490E+02
  -4.740  0.1837E+01  0.1492E+02
  -4.730  0.1849E+01  0.1494E+02
  -4.720  0.1859E+01  0.1496E+02
  -4.710  0.1870E+01  0.1498E+02
  -4.700  0.1880E+01  0.1500E+02
  -4.690  0.1889E+01  0.1502E+02
  -4.680  0.1898E+01  0.1504E+02
  -4.670  0.1906E+01  0.1505E+02
  -4.660  0.1914E+01  0.1507E+02
  -4.650  0.1921E+01  0.1509E+02
  -4.640  0.1927E+01  0.1511E+02
  -4.630  0.1933E+01  0.1513E+02
  -4.620  0.1939E+01  0.1515E+02
  -4.610  0.1944E+01  0.1517E+02
  -4.600  0.1948E+01  0.1519E+02
  -4.590  0.1952E+01  0.1521E+02
  -4.580  0.1955E+01  0.1523E+02
  -4.570  0.1957E+01  0.1525E+02
  -4.560  0.1959E+01  0.1527E+02
  -4.550  0.1961E+01  0.1529E+02
  -4.540  0.1961E+01  0.1531E+02
  -4.530  0.1962E+01  0.1533E+02
  -4.520  0.1962E+01  0.1535E+02
  -4.510  0.1961E+01  0.1537E+02
  -4.500  0.1960E+01  0.1539E+02
  -4.490  0.1958E+01  0.1541E+02
  -4.480  0.1956E+01  0.1543E+02
  -4.470  0.1953E+01  0.1544E+02
  -4.460  0.1950E+01  0.1546E+02
  -4.450  0.1947E+01  0.1548E+02
  -4.440  0.1943E+01  0.1550E+02
  -4.430  0.1939E+01  0.1552E+02
  -4.420  0.1934E+01  0.1554E+02
  -4.410  0.1930E+01  0.1556E+02
  -4.400  0.1925E+01  0.1558E+02
  -4.390  0.1919E+01  0.1560E+02
  -4.380  0.1914E+01  0.1562E+02
  -4.370  0.1908E+01  0.1564E+02
  -4.360  0.1902E+01  0.1566E+02
  -4.350  0.1896E+01  0.1568E+02
  -4.340  0.1890E+01  0.1569E+02
  -4.330  0.1884E+01  0.1571E+02
  -4.320  0.1878E+01  0.1573E+02
  -4.310  0.1871E+01  0.1575E+02
  -4.300  0.1865E+01  0.1577E+02
  -4.290  0.1859E+01  0.1579E+02
  -4.280  0.1853E+01  0.1581E+02
  -4.270  0.1846E+01  0.1583E+02
  -4.260  0.1840E+01  0.1584E+02
  -4.250  0.1834E+01  0.1586E+02
  -4.240  0.1829E+01  0.1588E+02
  -4.230  0.1823E+01  0.1590E+02
  -4.220  0.1817E+01  0.1592E+02
  -4.210  0.1812E+01  0.1593E+02
  -4.200  0.1807E+01  0.1595E+02
  -4.190  0.1802E+01  0.1597E+02
  -4.180  0.1797E+01  0.1599E+02
  -4.170  0.1793E+01  0.1601E+02
  -4.160  0.1789E+01  0.1602E+02
  -4.150  0.1785E+01  0.1604E+02
  -4.140  0.1782E+01  0.1606E+02
  -4.130  0.1778E+01  0.1608E+02
  -4.120  0.1775E+01  0.1610E+02
  -4.110  0.1773E+01  0.1611E+02
  -4.100  0.1770E+01  0.1613E+02
  -4.090  0.1768E+01  0.1615E+02
  -4.080  0.1766E+01  0.1617E+02
  -4.070  0.1765E+01  0.1618E+02
  -4.060  0.1764E+01  0.1620E+02
  -4.050  0.1763E+01  0.1622E+02
  -4.040  0.1762E+01  0.1624E+02
  -4.030  0.1762E+01  0.1625E+02
  -4.020  0.1762E+01  0.1627E+02
  -4.010  0.1763E+01  0.1629E+02
  -4.000  0.1764E+01  0.1631E+02
  -3.990  0.1765E+01  0.1633E+02
  -3.980  0.1766E+01  0.1634E+02
  -3.970  0.1768E+01  0.1636E+02
  -3.960  0.1770E+01  0.1638E+02
  -3.950  0.1772E+01  0.1640E+02
  -3.940  0.1774E+01  0.1641E+02
  -3.930  0.1777E+01  0.1643E+02
  -3.920  0.1780E+01  0.1645E+02
  -3.910  0.1783E+01  0.1647E+02
  -3.900  0.1787E+01  0.1648E+02
  -3.890  0.1791E+01  0.1650E+02
  -3.880  0.1795E+01  0.1652E+02
  -3.870  0.1799E+01  0.1654E+02
  -3.860  0.1804E+01  0.1656E+02
  -3.850  0.1809E+01  0.1657E+02
  -3.840  0.1814E+01  0.1659E+02
  -3.830  0.1820E+01  0.1661E+02
  -3.820  0.1826E+01  0.1663E+02
  -3.810  0.1832E+01  0.1665E+02
  -3.800  0.1838E+01  0.1667E+02
  -3.790  0.1845E+01  0.1668E+02
  -3.780  0.1852E+01  0.1670E+02
  -3.770  0.1860E+01  0.1672E+02
  -3.760  0.1867E+01  0.1674E+02
  -3.750  0.1876E+01  0.1676E+02
  -3.740  0.1884E+01  0.1678E+02
  -3.730  0.1893E+01  0.1680E+02
  -3.720  0.1903E+01  0.1682E+02
  -3.710  0.1913E+01  0.1684E+02
  -3.700  0.1923E+01  0.1685E+02
  -3.690  0.1934E+01  0.1687E+02
  -3.680  0.1945E+01  0.1689E+02
  -3.670  0.1957E+01  0.1691E+02
  -3.660  0.1970E+01  0.1693E+02
  -3.650  0.1984E+01  0.1695E+02
  -3.640  0.1998E+01  0.1697E+02
  -3.630  0.2012E+01  0.1699E+02
  -3.620  0.2028E+01  0.1701E+02
  -3.610  0.2044E+01  0.1703E+02
  -3.600  0.2061E+01  0.1705E+02
  -3.590  0.2079E+01  0.1707E+02
  -3.580  0.2098E+01  0.1710E+02
  -3.570  0.2117E+01  0.1712E+02
  -3.560  0.2138E+01  0.1714E+02
  -3.550  0.2160E+01  0.1716E+02
  -3.540  0.2183E+01  0.1718E+02
  -3.530  0.2206E+01  0.1720E+02
  -3.520  0.2231E+01  0.1723E+02
  -3.510  0.2257E+01  0.1725E+02
  -3.500  0.2284E+01  0.1727E+02
  -3.490  0.2313E+01  0.1729E+02
  -3.480  0.2342E+01  0.1732E+02
  -3.470  0.2373E+01  0.1734E+02
  -3.460  0.2405E+01  0.1737E+02
  -3.450  0.2438E+01  0.1739E+02
  -3.440  0.2473E+01  0.1741E+02
  -3.430  0.2509E+01  0.1744E+02
  -3.420  0.2546E+01  0.1747E+02
  -3.410  0.2585E+01  0.1749E+02
  -3.400  0.2625E+01  0.1752E+02
  -3.390  0.2666E+01  0.1754E+02
  -3.380  0.2708E+01  0.1757E+02
  -3.370  0.2752E+01  0.1760E+02
  -3.360  0.2798E+01  0.1763E+02
  -3.350  0.2844E+01  0.1766E+02
  -3.340  0.2892E+01  0.1768E+02
  -3.330  0.2941E+01  0.1771E+02
  -3.320  0.2991E+01  0.1774E+02
  -3.310  0.3043E+01  0.1777E+02
  -3.300  0.3095E+01  0.1780E+02
  -3.290  0.3149E+01  0.1784E+02
  -3.280  0.3204E+01  0.1787E+02
  -3.270  0.3260E+01  0.1790E+02
  -3.260  0.3317E+01  0.1793E+02
  -3.250  0.3375E+01  0.1797E+02
  -3.240  0.3433E+01  0.1800E+02
  -3.230  0.3493E+01  0.1804E+02
  -3.220  0.3553E+01  0.1807E+02
  -3.210  0.3614E+01  0.1811E+02
  -3.200  0.3676E+01  0.1815E+02
  -3.190  0.3738E+01  0.1818E+02
  -3.180  0.3801E+01  0.1822E+02
  -3.170  0.3864E+01  0.1826E+02
  -3.160  0.3927E+01  0.1830E+02
  -3.150  0.3991E+01  0.1834E+02
  -3.140  0.4054E+01  0.1838E+02
  -3.130  0.4118E+01  0.1842E+02
  -3.120  0.4182E+01  0.1846E+02
  -3.110  0.4246E+01  0.1850E+02
  -3.100  0.4309E+01  0.1855E+02
  -3.090  0.4372E+01  0.1859E+02
  -3.080  0.4435E+01  0.1864E+02
  -3.070  0.4497E+01  0.1868E+02
  -3.060  0.4559E+01  0.1873E+02
  -3.050  0.4620E+01  0.1877E+02
  -3.040  0.4680E+01  0.1882E+02
  -3.030  0.4740E+01  0.1887E+02
  -3.020  0.4798E+01  0.1891E+02
  -3.010  0.4856E+01  0.1896E+02
  -3.000  0.4912E+01  0.1901E+02
  -2.990  0.4968E+01  0.1906E+02
  -2.980  0.5022E+01  0.1911E+02
  -2.970  0.5075E+01  0.1916E+02
  -2.960  0.5126E+01  0.1921E+02
  -2.950  0.5176E+01  0.1927E+02
  -2.940  0.5224E+01  0.1932E+02
  -2.930  0.5271E+01  0.1937E+02
  -2.920  0.5315E+01  0.1942E+02
  -2.910  0.5359E+01  0.1948E+02
  -2.900  0.5400E+01  0.1953E+02
  -2.890  0.5440E+01  0.1959E+02
  -2.880  0.5477E+01  0.1964E+02
  -2.870  0.5513E+01  0.1970E+02
  -2.860  0.5546E+01  0.1975E+02
  -2.850  0.5578E+01  0.1981E+02
  -2.840  0.5607E+01  0.1986E+02
  -2.830  0.5635E+01  0.1992E+02
  -2.820  0.5660E+01  0.1998E+02
  -2.810  0.5683E+01  0.2003E+02
  -2.800  0.5704E+01  0.2009E+02
  -2.790  0.5722E+01  0.2015E+02
  -2.780  0.5738E+01  0.2020E+02
  -2.770  0.5752E+01  0.2026E+02
  -2.760  0.5764E+01  0.2032E+02
  -2.750  0.5773E+01  0.2038E+02
  -2.740  0.5780E+01  0.2044E+02
  -2.730  0.5785E+01  0.2049E+02
  -2.720  0.5787E+01  0.2055E+02
  -2.710  0.5787E+01  0.2061E+02
  -2.700  0.5785E+01  0.2067E+02
  -2.690  0.5781E+01  0.2072E+02
  -2.680  0.5774E+01  0.2078E+02
  -2.670  0.5764E+01  0.2084E+02
  -2.660  0.5753E+01  0.2090E+02
  -2.650  0.5739E+01  0.2096E+02
  -2.640  0.5723E+01  0.2101E+02
  -2.630  0.5705E+01  0.2107E+02
  -2.620  0.5684E+01  0.2113E+02
  -2.610  0.5662E+01  0.2118E+02
  -2.600  0.5637E+01  0.2124E+02
  -2.590  0.5610E+01  0.2130E+02
  -2.580  0.5580E+01  0.2135E+02
  -2.570  0.5549E+01  0.2141E+02
  -2.560  0.5516E+01  0.2146E+02
  -2.550  0.5480E+01  0.2152E+02
  -2.540  0.5443E+01  0.2157E+02
  -2.530  0.5404E+01  0.2162E+02
  -2.520  0.5363E+01  0.2168E+02
  -2.510  0.5319E+01  0.2173E+02
  -2.500  0.5274E+01  0.2178E+02
  -2.490  0.5228E+01  0.2184E+02
  -2.480  0.5179E+01  0.2189E+02
  -2.470  0.5129E+01  0.2194E+02
  -2.460  0.5077E+01  0.2199E+02
  -2.450  0.5023E+01  0.2204E+02
  -2.440  0.4968E+01  0.2209E+02
  -2.430  0.4911E+01  0.2214E+02
  -2.420  0.4853E+01  0.2219E+02
  -2.410  0.4794E+01  0.2224E+02
  -2.400  0.4733E+01  0.2228E+02
  -2.390  0.4670E+01  0.2233E+02
  -2.380  0.4607E+01  0.2238E+02
  -2.370  0.4542E+01  0.2242E+02
  -2.360  0.4476E+01  0.2247E+02
  -2.350  0.4409E+01  0.2251E+02
  -2.340  0.4341E+01  0.2255E+02
  -2.330  0.4272E+01  0.2260E+02
  -2.320  0.4202E+01  0.2264E+02
  -2.310  0.4131E+01  0.2268E+02
  -2.300  0.4060E+01  0.2272E+02
  -2.290  0.3988E+01  0.2276E+02
  -2.280  0.3915E+01  0.2280E+02
  -2.270  0.3842E+01  0.2284E+02
  -2.260  0.3768E+01  0.2288E+02
  -2.250  0.3693E+01  0.2291E+02
  -2.240  0.3619E+01  0.2295E+02
  -2.230  0.3543E+01  0.2298E+02
  -2.220  0.3468E+01  0.2302E+02
  -2.210  0.3393E+01  0.2305E+02
  -2.200  0.3317E+01  0.2309E+02
  -2.190  0.3242E+01  0.2312E+02
  -2.180  0.3166E+01  0.2315E+02
  -2.170  0.3091E+01  0.2318E+02
  -2.160  0.3016E+01  0.2321E+02
  -2.150  0.2941E+01  0.2324E+02
  -2.140  0.2866E+01  0.2327E+02
  -2.130  0.2791E+01  0.2330E+02
  -2.120  0.2718E+01  0.2332E+02
  -2.110  0.2644E+01  0.2335E+02
  -2.100  0.2571E+01  0.2338E+02
  -2.090  0.2499E+01  0.2340E+02
  -2.080  0.2427E+01  0.2343E+02
  -2.070  0.2356E+01  0.2345E+02
  -2.060  0.2286E+01  0.2347E+02
  -2.050  0.2217E+01  0.2349E+02
  -2.040  0.2148E+01  0.2352E+02
  -2.030  0.2081E+01  0.2354E+02
  -2.020  0.2014E+01  0.2356E+02
  -2.010  0.1948E+01  0.2358E+02
  -2.000  0.1884E+01  0.2360E+02
  -1.990  0.1820E+01  0.2361E+02
  -1.980  0.1758E+01  0.2363E+02
  -1.970  0.1697E+01  0.2365E+02
  -1.960  0.1636E+01  0.2366E+02
  -1.950  0.1577E+01  0.2368E+02
  -1.940  0.1520E+01  0.2370E+02
  -1.930  0.1463E+01  0.2371E+02
  -1.920  0.1408E+01  0.2372E+02
  -1.910  0.1354E+01  0.2374E+02
  -1.900  0.1301E+01  0.2375E+02
  -1.890  0.1250E+01  0.2376E+02
  -1.880  0.1200E+01  0.2377E+02
  -1.870  0.1151E+01  0.2379E+02
  -1.860  0.1104E+01  0.2380E+02
  -1.850  0.1058E+01  0.2381E+02
  -1.840  0.1013E+01  0.2382E+02
  -1.830  0.9696E+00  0.2383E+02
  -1.820  0.9276E+00  0.2384E+02
  -1.810  0.8868E+00  0.2385E+02
  -1.800  0.8474E+00  0.2385E+02
  -1.790  0.8093E+00  0.2386E+02
  -1.780  0.7725E+00  0.2387E+02
  -1.770  0.7371E+00  0.2388E+02
  -1.760  0.7028E+00  0.2388E+02
  -1.750  0.6699E+00  0.2389E+02
  -1.740  0.6383E+00  0.2390E+02
  -1.730  0.6078E+00  0.2390E+02
  -1.720  0.5786E+00  0.2391E+02
  -1.710  0.5507E+00  0.2392E+02
  -1.700  0.5239E+00  0.2392E+02
  -1.690  0.4983E+00  0.2393E+02
  -1.680  0.4739E+00  0.2393E+02
  -1.670  0.4506E+00  0.2393E+02
  -1.660  0.4284E+00  0.2394E+02
  -1.650  0.4074E+00  0.2394E+02
  -1.640  0.3874E+00  0.2395E+02
  -1.630  0.3686E+00  0.2395E+02
  -1.620  0.3508E+00  0.2395E+02
  -1.610  0.3340E+00  0.2396E+02
  -1.600  0.3183E+00  0.2396E+02
  -1.590  0.3035E+00  0.2396E+02
  -1.580  0.2898E+00  0.2397E+02
  -1.570  0.2771E+00  0.2397E+02
  -1.560  0.2653E+00  0.2397E+02
  -1.550  0.2545E+00  0.2397E+02
  -1.540  0.2447E+00  0.2398E+02
  -1.530  0.2357E+00  0.2398E+02
  -1.520  0.2277E+00  0.2398E+02
  -1.510  0.2207E+00  0.2398E+02
  -1.500  0.2145E+00  0.2399E+02
  -1.490  0.2093E+00  0.2399E+02
  -1.480  0.2050E+00  0.2399E+02
  -1.470  0.2015E+00  0.2399E+02
  -1.460  0.1990E+00  0.2399E+02
  -1.450  0.1974E+00  0.2400E+02
  -1.440  0.1967E+00  0.2400E+02
  -1.430  0.1969E+00  0.2400E+02
  -1.420  0.1980E+00  0.2400E+02
  -1.410  0.2000E+00  0.2400E+02
  -1.400  0.2030E+00  0.2401E+02
  -1.390  0.2069E+00  0.2401E+02
  -1.380  0.2117E+00  0.2401E+02
  -1.370  0.2176E+00  0.2401E+02
  -1.360  0.2243E+00  0.2401E+02
  -1.350  0.2321E+00  0.2402E+02
  -1.340  0.2409E+00  0.2402E+02
  -1.330  0.2507E+00  0.2402E+02
  -1.320  0.2615E+00  0.2402E+02
  -1.310  0.2734E+00  0.2403E+02
  -1.300  0.2864E+00  0.2403E+02
  -1.290  0.3005E+00  0.2403E+02
  -1.280  0.3157E+00  0.2404E+02
  -1.270  0.3320E+00  0.2404E+02
  -1.260  0.3495E+00  0.2404E+02
  -1.250  0.3682E+00  0.2405E+02
  -1.240  0.3881E+00  0.2405E+02
  -1.230  0.4093E+00  0.2405E+02
  -1.220  0.4317E+00  0.2406E+02
  -1.210  0.4554E+00  0.2406E+02
  -1.200  0.4804E+00  0.2407E+02
  -1.190  0.5067E+00  0.2407E+02
  -1.180  0.5344E+00  0.2408E+02
  -1.170  0.5635E+00  0.2408E+02
  -1.160  0.5940E+00  0.2409E+02
  -1.150  0.6259E+00  0.2410E+02
  -1.140  0.6593E+00  0.2410E+02
  -1.130  0.6942E+00  0.2411E+02
  -1.120  0.7305E+00  0.2412E+02
  -1.110  0.7684E+00  0.2413E+02
  -1.100  0.8078E+00  0.2413E+02
  -1.090  0.8487E+00  0.2414E+02
  -1.080  0.8911E+00  0.2415E+02
  -1.070  0.9352E+00  0.2416E+02
  -1.060  0.9808E+00  0.2417E+02
  -1.050  0.1028E+01  0.2418E+02
  -1.040  0.1077E+01  0.2419E+02
  -1.030  0.1127E+01  0.2420E+02
  -1.020  0.1179E+01  0.2421E+02
  -1.010  0.1233E+01  0.2423E+02
  -1.000  0.1288E+01  0.2424E+02
  -0.990  0.1344E+01  0.2425E+02
  -0.980  0.1403E+01  0.2427E+02
  -0.970  0.1462E+01  0.2428E+02
  -0.960  0.1524E+01  0.2430E+02
  -0.950  0.1587E+01  0.2431E+02
  -0.940  0.1651E+01  0.2433E+02
  -0.930  0.1717E+01  0.2435E+02
  -0.920  0.1784E+01  0.2436E+02
  -0.910  0.1853E+01  0.2438E+02
  -0.900  0.1923E+01  0.2440E+02
  -0.890  0.1994E+01  0.2442E+02
  -0.880  0.2067E+01  0.2444E+02
  -0.870  0.2141E+01  0.2446E+02
  -0.860  0.2216E+01  0.2449E+02
  -0.850  0.2292E+01  0.2451E+02
  -0.840  0.2369E+01  0.2453E+02
  -0.830  0.2448E+01  0.2456E+02
  -0.820  0.2527E+01  0.2458E+02
  -0.810  0.2607E+01  0.2461E+02
  -0.800  0.2688E+01  0.2464E+02
  -0.790  0.2770E+01  0.2466E+02
  -0.780  0.2853E+01  0.2469E+02
  -0.770  0.2936E+01  0.2472E+02
  -0.760  0.3020E+01  0.2475E+02
  -0.750  0.3104E+01  0.2478E+02
  -0.740  0.3189E+01  0.2481E+02
  -0.730  0.3274E+01  0.2485E+02
  -0.720  0.3359E+01  0.2488E+02
  -0.710  0.3445E+01  0.2491E+02
  -0.700  0.3531E+01  0.2495E+02
  -0.690  0.3616E+01  0.2499E+02
  -0.680  0.3702E+01  0.2502E+02
  -0.670  0.3787E+01  0.2506E+02
  -0.660  0.3872E+01  0.2510E+02
  -0.650  0.3957E+01  0.2514E+02
  -0.640  0.4042E+01  0.2518E+02
  -0.630  0.4125E+01  0.2522E+02
  -0.620  0.4209E+01  0.2526E+02
  -0.610  0.4292E+01  0.2531E+02
  -0.600  0.4374E+01  0.2535E+02
  -0.590  0.4455E+01  0.2539E+02
  -0.580  0.4535E+01  0.2544E+02
  -0.570  0.4615E+01  0.2549E+02
  -0.560  0.4693E+01  0.2553E+02
  -0.550  0.4770E+01  0.2558E+02
  -0.540  0.4846E+01  0.2563E+02
  -0.530  0.4921E+01  0.2568E+02
  -0.520  0.4995E+01  0.2573E+02
  -0.510  0.5067E+01  0.2578E+02
  -0.500  0.5138E+01  0.2583E+02
  -0.490  0.5207E+01  0.2588E+02
  -0.480  0.5275E+01  0.2593E+02
  -0.470  0.5341E+01  0.2599E+02
  -0.460  0.5406E+01  0.2604E+02
  -0.450  0.5469E+01  0.2610E+02
  -0.440  0.5530E+01  0.2615E+02
  -0.430  0.5590E+01  0.2621E+02
  -0.420  0.5647E+01  0.2626E+02
  -0.410  0.5704E+01  0.2632E+02
  -0.400  0.5758E+01  0.2638E+02
  -0.390  0.5810E+01  0.2644E+02
  -0.380  0.5861E+01  0.2650E+02
  -0.370  0.5910E+01  0.2656E+02
  -0.360  0.5957E+01  0.2661E+02
  -0.350  0.6002E+01  0.2667E+02
  -0.340  0.6046E+01  0.2674E+02
  -0.330  0.6088E+01  0.2680E+02
  -0.320  0.6127E+01  0.2686E+02
  -0.310  0.6166E+01  0.2692E+02
  -0.300  0.6202E+01  0.2698E+02
  -0.290  0.6236E+01  0.2704E+02
  -0.280  0.6269E+01  0.2711E+02
  -0.270  0.6300E+01  0.2717E+02
  -0.260  0.6330E+01  0.2723E+02
  -0.250  0.6358E+01  0.2730E+02
  -0.240  0.6384E+01  0.2736E+02
  -0.230  0.6409E+01  0.2742E+02
  -0.220  0.6432E+01  0.2749E+02
  -0.210  0.6454E+01  0.2755E+02
  -0.200  0.6475E+01  0.2762E+02
  -0.190  0.6494E+01  0.2768E+02
  -0.180  0.6511E+01  0.2775E+02
  -0.170  0.6528E+01  0.2781E+02
  -0.160  0.6543E+01  0.2788E+02
  -0.150  0.6557E+01  0.2794E+02
  -0.140  0.6571E+01  0.2801E+02
  -0.130  0.6583E+01  0.2808E+02
  -0.120  0.6594E+01  0.2814E+02
  -0.110  0.6604E+01  0.2821E+02
  -0.100  0.6613E+01  0.2827E+02
  -0.090  0.6622E+01  0.2834E+02
  -0.080  0.6630E+01  0.2841E+02
  -0.070  0.6637E+01  0.2847E+02
  -0.060  0.6643E+01  0.2854E+02
  -0.050  0.6649E+01  0.2861E+02
  -0.040  0.6655E+01  0.2867E+02
  -0.030  0.6660E+01  0.2874E+02
  -0.020  0.6664E+01  0.2880E+02
  -0.010  0.6668E+01  0.2887E+02
  -0.000  0.6672E+01  0.2894E+02
   0.010  0.6676E+01  0.2901E+02
   0.020  0.6679E+01  0.2907E+02
   0.030  0.6683E+01  0.2914E+02
   0.040  0.6686E+01  0.2921E+02
   0.050  0.6689E+01  0.2927E+02
   0.060  0.6692E+01  0.2934E+02
   0.070  0.6695E+01  0.2941E+02
   0.080  0.6698E+01  0.2947E+02
   0.090  0.6701E+01  0.2954E+02
   0.100  0.6704E+01  0.2961E+02
   0.110  0.6708E+01  0.2967E+02
   0.120  0.6711E+01  0.2974E+02
   0.130  0.6715E+01  0.2981E+02
   0.140  0.6719E+01  0.2988E+02
   0.150  0.6723E+01  0.2994E+02
   0.160  0.6727E+01  0.3001E+02
   0.170  0.6731E+01  0.3008E+02
   0.180  0.6736E+01  0.3015E+02
   0.190  0.6741E+01  0.3021E+02
   0.200  0.6746E+01  0.3028E+02
   0.210  0.6751E+01  0.3035E+02
   0.220  0.6757E+01  0.3042E+02
   0.230  0.6763E+01  0.3048E+02
   0.240  0.6769E+01  0.3055E+02
   0.250  0.6776E+01  0.3062E+02
   0.260  0.6783E+01  0.3069E+02
   0.270  0.6790E+01  0.3075E+02
   0.280  0.6797E+01  0.3082E+02
   0.290  0.6804E+01  0.3089E+02
   0.300  0.6812E+01  0.3096E+02
   0.310  0.6820E+01  0.3103E+02
   0.320  0.6828E+01  0.3109E+02
   0.330  0.6836E+01  0.3116E+02
   0.340  0.6845E+01  0.3123E+02
   0.350  0.6854E+01  0.3130E+02
   0.360  0.6862E+01  0.3137E+02
   0.370  0.6871E+01  0.3144E+02
   0.380  0.6881E+01  0.3151E+02
   0.390  0.6890E+01  0.3157E+02
   0.400  0.6899E+01  0.3164E+02
   0.410  0.6909E+01  0.3171E+02
   0.420  0.6918E+01  0.3178E+02
   0.430  0.6928E+01  0.3185E+02
   0.440  0.6938E+01  0.3192E+02
   0.450  0.6948E+01  0.3199E+02
   0.460  0.6957E+01  0.3206E+02
   0.470  0.6967E+01  0.3213E+02
   0.480  0.6977E+01  0.3220E+02
   0.490  0.6987E+01  0.3227E+02
   0.500  0.6997E+01  0.3234E+02
   0.510  0.7007E+01  0.3241E+02
   0.520  0.7018E+01  0.3248E+02
   0.530  0.7028E+01  0.3255E+02
   0.540  0.7038E+01  0.3262E+02
   0.550  0.7048E+01  0.3269E+02
   0.560  0.7058E+01  0.3276E+02
   0.570  0.7068E+01  0.3283E+02
   0.580  0.7079E+01  0.3290E+02
   0.590  0.7089E+01  0.3297E+02
   0.600  0.7099E+01  0.3304E+02
   0.610  0.7110E+01  0.3312E+02
   0.620  0.7120E+01  0.3319E+02
   0.630  0.7131E+01  0.3326E+02
   0.640  0.7141E+01  0.3333E+02
   0.650  0.7152E+01  0.3340E+02
   0.660  0.7162E+01  0.3347E+02
   0.670  0.7173E+01  0.3354E+02
   0.680  0.7184E+01  0.3362E+02
   0.690  0.7195E+01  0.3369E+02
   0.700  0.7206E+01  0.3376E+02
   0.710  0.7218E+01  0.3383E+02
   0.720  0.7229E+01  0.3390E+02
   0.730  0.7241E+01  0.3398E+02
   0.740  0.7252E+01  0.3405E+02
   0.750  0.7264E+01  0.3412E+02
   0.760  0.7276E+01  0.3419E+02
   0.770  0.7289E+01  0.3427E+02
   0.780  0.7301E+01  0.3434E+02
   0.790  0.7314E+01  0.3441E+02
   0.800  0.7327E+01  0.3449E+02
   0.810  0.7340E+01  0.3456E+02
   0.820  0.7353E+01  0.3463E+02
   0.830  0.7367E+01  0.3471E+02
   0.840  0.7381E+01  0.3478E+02
   0.850  0.7394E+01  0.3486E+02
   0.860  0.7409E+01  0.3493E+02
   0.870  0.7423E+01  0.3500E+02
   0.880  0.7438E+01  0.3508E+02
   0.890  0.7453E+01  0.3515E+02
   0.900  0.7468E+01  0.3523E+02
   0.910  0.7483E+01  0.3530E+02
   0.920  0.7499E+01  0.3538E+02
   0.930  0.7514E+01  0.3545E+02
   0.940  0.7530E+01  0.3553E+02
   0.950  0.7547E+01  0.3560E+02
   0.960  0.7563E+01  0.3568E+02
   0.970  0.7579E+01  0.3575E+02
   0.980  0.7596E+01  0.3583E+02
   0.990  0.7613E+01  0.3591E+02
   1.000  0.7629E+01  0.3598E+02
   1.010  0.7646E+01  0.3606E+02
   1.020  0.7663E+01  0.3614E+02
   1.030  0.7681E+01  0.3621E+02
   1.040  0.7698E+01  0.3629E+02
   1.050  0.7715E+01  0.3637E+02
   1.060  0.7732E+01  0.3644E+02
   1.070  0.7749E+01  0.3652E+02
   1.080  0.7766E+01  0.3660E+02
   1.090  0.7783E+01  0.3668E+02
   1.100  0.7800E+01  0.3676E+02
   1.110  0.7817E+01  0.3683E+02
   1.120  0.7834E+01  0.3691E+02
   1.130  0.7850E+01  0.3699E+02
   1.140  0.7867E+01  0.3707E+02
   1.150  0.7883E+01  0.3715E+02
   1.160  0.7898E+01  0.3723E+02
   1.170  0.7914E+01  0.3731E+02
   1.180  0.7929E+01  0.3739E+02
   1.190  0.7944E+01  0.3746E+02
   1.200  0.7958E+01  0.3754E+02
   1.210  0.7973E+01  0.3762E+02
   1.220  0.7986E+01  0.3770E+02
   1.230  0.7999E+01  0.3778E+02
   1.240  0.8012E+01  0.3786E+02
   1.250  0.8024E+01  0.3794E+02
   1.260  0.8036E+01  0.3802E+02
   1.270  0.8047E+01  0.3811E+02
   1.280  0.8057E+01  0.3819E+02
   1.290  0.8067E+01  0.3827E+02
   1.300  0.8075E+01  0.3835E+02
   1.310  0.8084E+01  0.3843E+02
   1.320  0.8091E+01  0.3851E+02
   1.330  0.8098E+01  0.3859E+02
   1.340  0.8104E+01  0.3867E+02
   1.350  0.8109E+01  0.3875E+02
   1.360  0.8113E+01  0.3883E+02
   1.370  0.8117E+01  0.3891E+02
   1.380  0.8119E+01  0.3900E+02
   1.390  0.8121E+01  0.3908E+02
   1.400  0.8122E+01  0.3916E+02
   1.410  0.8121E+01  0.3924E+02
   1.420  0.8120E+01  0.3932E+02
   1.430  0.8118E+01  0.3940E+02
   1.440  0.8115E+01  0.3948E+02
   1.450  0.8110E+01  0.3956E+02
   1.460  0.8105E+01  0.3964E+02
   1.470  0.8099E+01  0.3973E+02
   1.480  0.8092E+01  0.3981E+02
   1.490  0.8083E+01  0.3989E+02
   1.500  0.8074E+01  0.3997E+02
   1.510  0.8064E+01  0.4005E+02
   1.520  0.8053E+01  0.4013E+02
   1.530  0.8040E+01  0.4021E+02
   1.540  0.8027E+01  0.4029E+02
   1.550  0.8013E+01  0.4037E+02
   1.560  0.7998E+01  0.4045E+02
   1.570  0.7981E+01  0.4053E+02
   1.580  0.7964E+01  0.4061E+02
   1.590  0.7946E+01  0.4069E+02
   1.600  0.7928E+01  0.4077E+02
   1.610  0.7908E+01  0.4085E+02
   1.620  0.7887E+01  0.4093E+02
   1.630  0.7866E+01  0.4101E+02
   1.640  0.7844E+01  0.4108E+02
   1.650  0.7821E+01  0.4116E+02
   1.660  0.7798E+01  0.4124E+02
   1.670  0.7773E+01  0.4132E+02
   1.680  0.7749E+01  0.4139E+02
   1.690  0.7723E+01  0.4147E+02
   1.700  0.7697E+01  0.4155E+02
   1.710  0.7671E+01  0.4163E+02
   1.720  0.7644E+01  0.4170E+02
   1.730  0.7617E+01  0.4178E+02
   1.740  0.7589E+01  0.4185E+02
   1.750  0.7561E+01  0.4193E+02
   1.760  0.7533E+01  0.4201E+02
   1.770  0.7504E+01  0.4208E+02
   1.780  0.7475E+01  0.4215E+02
   1.790  0.7446E+01  0.4223E+02
   1.800  0.7417E+01  0.4230E+02
   1.810  0.7387E+01  0.4238E+02
   1.820  0.7358E+01  0.4245E+02
   1.830  0.7329E+01  0.4252E+02
   1.840  0.7299E+01  0.4260E+02
   1.850  0.7269E+01  0.4267E+02
   1.860  0.7240E+01  0.4274E+02
   1.870  0.7210E+01  0.4281E+02
   1.880  0.7181E+01  0.4289E+02
   1.890  0.7151E+01  0.4296E+02
   1.900  0.7122E+01  0.4303E+02
   1.910  0.7093E+01  0.4310E+02
   1.920  0.7064E+01  0.4317E+02
   1.930  0.7035E+01  0.4324E+02
   1.940  0.7006E+01  0.4331E+02
   1.950  0.6977E+01  0.4338E+02
   1.960  0.6948E+01  0.4345E+02
   1.970  0.6919E+01  0.4352E+02
   1.980  0.6890E+01  0.4359E+02
   1.990  0.6861E+01  0.4366E+02
   2.000  0.6833E+01  0.4373E+02
   2.010  0.6804E+01  0.4379E+02
   2.020  0.6775E+01  0.4386E+02
   2.030  0.6746E+01  0.4393E+02
   2.040  0.6717E+01  0.4400E+02
   2.050  0.6687E+01  0.4406E+02
   2.060  0.6658E+01  0.4413E+02
   2.070  0.6628E+01  0.4420E+02
   2.080  0.6598E+01  0.4426E+02
   2.090  0.6567E+01  0.4433E+02
   2.100  0.6537E+01  0.4439E+02
   2.110  0.6505E+01  0.4446E+02
   2.120  0.6473E+01  0.4452E+02
   2.130  0.6441E+01  0.4459E+02
   2.140  0.6408E+01  0.4465E+02
   2.150  0.6374E+01  0.4471E+02
   2.160  0.6340E+01  0.4478E+02
   2.170  0.6304E+01  0.4484E+02
   2.180  0.6268E+01  0.4490E+02
   2.190  0.6231E+01  0.4497E+02
   2.200  0.6193E+01  0.4503E+02
   2.210  0.6154E+01  0.4509E+02
   2.220  0.6114E+01  0.4515E+02
   2.230  0.6073E+01  0.4521E+02
   2.240  0.6030E+01  0.4527E+02
   2.250  0.5987E+01  0.4533E+02
   2.260  0.5942E+01  0.4539E+02
   2.270  0.5896E+01  0.4545E+02
   2.280  0.5849E+01  0.4551E+02
   2.290  0.5800E+01  0.4557E+02
   2.300  0.5750E+01  0.4562E+02
   2.310  0.5698E+01  0.4568E+02
   2.320  0.5645E+01  0.4574E+02
   2.330  0.5590E+01  0.4579E+02
   2.340  0.5534E+01  0.4585E+02
   2.350  0.5477E+01  0.4590E+02
   2.360  0.5418E+01  0.4596E+02
   2.370  0.5358E+01  0.4601E+02
   2.380  0.5296E+01  0.4606E+02
   2.390  0.5233E+01  0.4612E+02
   2.400  0.5168E+01  0.4617E+02
   2.410  0.5102E+01  0.4622E+02
   2.420  0.5034E+01  0.4627E+02
   2.430  0.4965E+01  0.4632E+02
   2.440  0.4895E+01  0.4637E+02
   2.450  0.4823E+01  0.4642E+02
   2.460  0.4750E+01  0.4646E+02
   2.470  0.4676E+01  0.4651E+02
   2.480  0.4601E+01  0.4656E+02
   2.490  0.4525E+01  0.4660E+02
   2.500  0.4447E+01  0.4665E+02
   2.510  0.4369E+01  0.4669E+02
   2.520  0.4290E+01  0.4673E+02
   2.530  0.4209E+01  0.4677E+02
   2.540  0.4129E+01  0.4682E+02
   2.550  0.4047E+01  0.4686E+02
   2.560  0.3965E+01  0.4690E+02
   2.570  0.3882E+01  0.4694E+02
   2.580  0.3798E+01  0.4697E+02
   2.590  0.3715E+01  0.4701E+02
   2.600  0.3630E+01  0.4705E+02
   2.610  0.3546E+01  0.4708E+02
   2.620  0.3462E+01  0.4712E+02
   2.630  0.3377E+01  0.4715E+02
   2.640  0.3293E+01  0.4718E+02
   2.650  0.3208E+01  0.4722E+02
   2.660  0.3124E+01  0.4725E+02
   2.670  0.3040E+01  0.4728E+02
   2.680  0.2957E+01  0.4731E+02
   2.690  0.2874E+01  0.4734E+02
   2.700  0.2791E+01  0.4736E+02
   2.710  0.2709E+01  0.4739E+02
   2.720  0.2628E+01  0.4742E+02
   2.730  0.2547E+01  0.4744E+02
   2.740  0.2467E+01  0.4747E+02
   2.750  0.2388E+01  0.4749E+02
   2.760  0.2310E+01  0.4751E+02
   2.770  0.2233E+01  0.4754E+02
   2.780  0.2158E+01  0.4756E+02
   2.790  0.2083E+01  0.4758E+02
   2.800  0.2009E+01  0.4760E+02
   2.810  0.1937E+01  0.4762E+02
   2.820  0.1866E+01  0.4764E+02
   2.830  0.1797E+01  0.4765E+02
   2.840  0.1728E+01  0.4767E+02
   2.850  0.1661E+01  0.4769E+02
   2.860  0.1596E+01  0.4770E+02
   2.870  0.1532E+01  0.4772E+02
   2.880  0.1470E+01  0.4773E+02
   2.890  0.1409E+01  0.4775E+02
   2.900  0.1349E+01  0.4776E+02
   2.910  0.1292E+01  0.4777E+02
   2.920  0.1235E+01  0.4779E+02
   2.930  0.1181E+01  0.4780E+02
   2.940  0.1128E+01  0.4781E+02
   2.950  0.1076E+01  0.4782E+02
   2.960  0.1026E+01  0.4783E+02
   2.970  0.9780E+00  0.4784E+02
   2.980  0.9313E+00  0.4785E+02
   2.990  0.8862E+00  0.4786E+02
   3.000  0.8426E+00  0.4787E+02
   3.010  0.8005E+00  0.4788E+02
   3.020  0.7600E+00  0.4788E+02
   3.030  0.7210E+00  0.4789E+02
   3.040  0.6834E+00  0.4790E+02
   3.050  0.6474E+00  0.4790E+02
   3.060  0.6127E+00  0.4791E+02
   3.070  0.5795E+00  0.4792E+02
   3.080  0.5477E+00  0.4792E+02
   3.090  0.5172E+00  0.4793E+02
   3.100  0.4880E+00  0.4793E+02
   3.110  0.4601E+00  0.4794E+02
   3.120  0.4335E+00  0.4794E+02
   3.130  0.4081E+00  0.4794E+02
   3.140  0.3839E+00  0.4795E+02
   3.150  0.3608E+00  0.4795E+02
   3.160  0.3389E+00  0.4796E+02
   3.170  0.3180E+00  0.4796E+02
   3.180  0.2982E+00  0.4796E+02
   3.190  0.2794E+00  0.4796E+02
   3.200  0.2616E+00  0.4797E+02
   3.210  0.2448E+00  0.4797E+02
   3.220  0.2288E+00  0.4797E+02
   3.230  0.2137E+00  0.4797E+02
   3.240  0.1995E+00  0.4798E+02
   3.250  0.1860E+00  0.4798E+02
   3.260  0.1733E+00  0.4798E+02
   3.270  0.1614E+00  0.4798E+02
   3.280  0.1502E+00  0.4798E+02
   3.290  0.1396E+00  0.4798E+02
   3.300  0.1297E+00  0.4799E+02
   3.310  0.1203E+00  0.4799E+02
   3.320  0.1116E+00  0.4799E+02
   3.330  0.1034E+00  0.4799E+02
   3.340  0.9576E-01  0.4799E+02
   3.350  0.8859E-01  0.4799E+02
   3.360  0.8189E-01  0.4799E+02
   3.370  0.7564E-01  0.4799E+02
   3.380  0.6981E-01  0.4799E+02
   3.390  0.6438E-01  0.4799E+02
   3.400  0.5932E-01  0.4799E+02
   3.410  0.5462E-01  0.4799E+02
   3.420  0.5024E-01  0.4799E+02
   3.430  0.4618E-01  0.4800E+02
   3.440  0.4242E-01  0.4800E+02
   3.450  0.3892E-01  0.4800E+02
   3.460  0.3569E-01  0.4800E+02
   3.470  0.3270E-01  0.4800E+02
   3.480  0.2994E-01  0.4800E+02
   3.490  0.2738E-01  0.4800E+02
   3.500  0.2503E-01  0.4800E+02
   3.510  0.2285E-01  0.4800E+02
   3.520  0.2085E-01  0.4800E+02
   3.530  0.1901E-01  0.4800E+02
   3.540  0.1732E-01  0.4800E+02
   3.550  0.1576E-01  0.4800E+02
   3.560  0.1434E-01  0.4800E+02
   3.570  0.1303E-01  0.4800E+02
   3.580  0.1183E-01  0.4800E+02
   3.590  0.1073E-01  0.4800E+02
   3.600  0.9728E-02  0.4800E+02
   3.610  0.8811E-02  0.4800E+02
   3.620  0.7974E-02  0.4800E+02
   3.630  0.7210E-02  0.4800E+02
   3.640  0.6514E-02  0.4800E+02
   3.650  0.5881E-02  0.4800E+02
   3.660  0.5304E-02  0.4800E+02
   3.670  0.4780E-02  0.4800E+02
   3.680  0.4305E-02  0.4800E+02
