#  E (eV)   dos(E)     Int dos(E) EFermi =   2.576 eV
 -17.384  0.6118E-05  0.6118E-07
 -17.374  0.8375E-05  0.1449E-06
 -17.364  0.1141E-04  0.2591E-06
 -17.354  0.1549E-04  0.4139E-06
 -17.344  0.2091E-04  0.6231E-06
 -17.334  0.2812E-04  0.9043E-06
 -17.324  0.3765E-04  0.1281E-05
 -17.314  0.5017E-04  0.1783E-05
 -17.304  0.6657E-04  0.2448E-05
 -17.294  0.8794E-04  0.3328E-05
 -17.284  0.1156E-03  0.4484E-05
 -17.274  0.1514E-03  0.5998E-05
 -17.264  0.1974E-03  0.7972E-05
 -17.254  0.2562E-03  0.1053E-04
 -17.244  0.3311E-03  0.1384E-04
 -17.234  0.4260E-03  0.1810E-04
 -17.224  0.5456E-03  0.2356E-04
 -17.214  0.6960E-03  0.3052E-04
 -17.204  0.8838E-03  0.3936E-04
 -17.194  0.1118E-02  0.5053E-04
 -17.184  0.1407E-02  0.6461E-04
 -17.174  0.1764E-02  0.8225E-04
 -17.164  0.2202E-02  0.1043E-03
 -17.154  0.2737E-02  0.1316E-03
 -17.144  0.3388E-02  0.1655E-03
 -17.134  0.4177E-02  0.2073E-03
 -17.124  0.5126E-02  0.2586E-03
 -17.114  0.6266E-02  0.3212E-03
 -17.104  0.7627E-02  0.3975E-03
 -17.094  0.9246E-02  0.4899E-03
 -17.084  0.1116E-01  0.6016E-03
 -17.074  0.1342E-01  0.7358E-03
 -17.064  0.1607E-01  0.8965E-03
 -17.054  0.1917E-01  0.1088E-02
 -17.044  0.2277E-01  0.1316E-02
 -17.034  0.2693E-01  0.1585E-02
 -17.024  0.3174E-01  0.1903E-02
 -17.014  0.3726E-01  0.2275E-02
 -17.004  0.4356E-01  0.2711E-02
 -16.994  0.5074E-01  0.3218E-02
 -16.984  0.5887E-01  0.3807E-02
 -16.974  0.6805E-01  0.4487E-02
 -16.964  0.7837E-01  0.5271E-02
 -16.954  0.8991E-01  0.6170E-02
 -16.944  0.1028E+00  0.7198E-02
 -16.934  0.1170E+00  0.8368E-02
 -16.924  0.1328E+00  0.9696E-02
 -16.914  0.1502E+00  0.1120E-01
 -16.904  0.1692E+00  0.1289E-01
 -16.894  0.1900E+00  0.1479E-01
 -16.884  0.2127E+00  0.1692E-01
 -16.874  0.2372E+00  0.1929E-01
 -16.864  0.2637E+00  0.2193E-01
 -16.854  0.2922E+00  0.2485E-01
 -16.844  0.3228E+00  0.2808E-01
 -16.834  0.3554E+00  0.3163E-01
 -16.824  0.3902E+00  0.3553E-01
 -16.814  0.4271E+00  0.3980E-01
 -16.804  0.4661E+00  0.4447E-01
 -16.794  0.5072E+00  0.4954E-01
 -16.784  0.5504E+00  0.5504E-01
 -16.774  0.5957E+00  0.6100E-01
 -16.764  0.6431E+00  0.6743E-01
 -16.754  0.6925E+00  0.7435E-01
 -16.744  0.7438E+00  0.8179E-01
 -16.734  0.7971E+00  0.8976E-01
 -16.724  0.8523E+00  0.9829E-01
 -16.714  0.9094E+00  0.1074E+00
 -16.704  0.9682E+00  0.1171E+00
 -16.694  0.1029E+01  0.1274E+00
 -16.684  0.1091E+01  0.1383E+00
 -16.674  0.1155E+01  0.1498E+00
 -16.664  0.1221E+01  0.1620E+00
 -16.654  0.1289E+01  0.1749E+00
 -16.644  0.1358E+01  0.1885E+00
 -16.634  0.1429E+01  0.2028E+00
 -16.624  0.1501E+01  0.2178E+00
 -16.614  0.1576E+01  0.2335E+00
 -16.604  0.1652E+01  0.2501E+00
 -16.594  0.1729E+01  0.2674E+00
 -16.584  0.1809E+01  0.2854E+00
 -16.574  0.1891E+01  0.3044E+00
 -16.564  0.1974E+01  0.3241E+00
 -16.554  0.2059E+01  0.3447E+00
 -16.544  0.2147E+01  0.3662E+00
 -16.534  0.2236E+01  0.3885E+00
 -16.524  0.2326E+01  0.4118E+00
 -16.514  0.2419E+01  0.4360E+00
 -16.504  0.2513E+01  0.4611E+00
 -16.494  0.2609E+01  0.4872E+00
 -16.484  0.2706E+01  0.5142E+00
 -16.474  0.2804E+01  0.5423E+00
 -16.464  0.2902E+01  0.5713E+00
 -16.454  0.3001E+01  0.6013E+00
 -16.444  0.3100E+01  0.6323E+00
 -16.434  0.3199E+01  0.6643E+00
 -16.424  0.3296E+01  0.6973E+00
 -16.414  0.3392E+01  0.7312E+00
 -16.404  0.3485E+01  0.7660E+00
 -16.394  0.3576E+01  0.8018E+00
 -16.384  0.3664E+01  0.8384E+00
 -16.374  0.3746E+01  0.8759E+00
 -16.364  0.3825E+01  0.9141E+00
 -16.354  0.3897E+01  0.9531E+00
 -16.344  0.3963E+01  0.9927E+00
 -16.334  0.4022E+01  0.1033E+01
 -16.324  0.4073E+01  0.1074E+01
 -16.314  0.4116E+01  0.1115E+01
 -16.304  0.4150E+01  0.1156E+01
 -16.294  0.4175E+01  0.1198E+01
 -16.284  0.4190E+01  0.1240E+01
 -16.274  0.4196E+01  0.1282E+01
 -16.264  0.4192E+01  0.1324E+01
 -16.254  0.4179E+01  0.1366E+01
 -16.244  0.4156E+01  0.1407E+01
 -16.234  0.4123E+01  0.1448E+01
 -16.224  0.4083E+01  0.1489E+01
 -16.214  0.4034E+01  0.1530E+01
 -16.204  0.3977E+01  0.1569E+01
 -16.194  0.3915E+01  0.1609E+01
 -16.184  0.3847E+01  0.1647E+01
 -16.174  0.3774E+01  0.1685E+01
 -16.164  0.3698E+01  0.1722E+01
 -16.154  0.3620E+01  0.1758E+01
 -16.144  0.3541E+01  0.1793E+01
 -16.134  0.3462E+01  0.1828E+01
 -16.124  0.3385E+01  0.1862E+01
 -16.114  0.3311E+01  0.1895E+01
 -16.104  0.3241E+01  0.1927E+01
 -16.094  0.3176E+01  0.1959E+01
 -16.084  0.3117E+01  0.1990E+01
 -16.074  0.3065E+01  0.2021E+01
 -16.064  0.3021E+01  0.2051E+01
 -16.054  0.2986E+01  0.2081E+01
 -16.044  0.2959E+01  0.2111E+01
 -16.034  0.2943E+01  0.2140E+01
 -16.024  0.2935E+01  0.2169E+01
 -16.014  0.2938E+01  0.2199E+01
 -16.004  0.2951E+01  0.2228E+01
 -15.994  0.2973E+01  0.2258E+01
 -15.984  0.3004E+01  0.2288E+01
 -15.974  0.3043E+01  0.2318E+01
 -15.964  0.3091E+01  0.2349E+01
 -15.954  0.3146E+01  0.2381E+01
 -15.944  0.3206E+01  0.2413E+01
 -15.934  0.3272E+01  0.2446E+01
 -15.924  0.3342E+01  0.2479E+01
 -15.914  0.3414E+01  0.2513E+01
 -15.904  0.3487E+01  0.2548E+01
 -15.894  0.3561E+01  0.2584E+01
 -15.884  0.3634E+01  0.2620E+01
 -15.874  0.3704E+01  0.2657E+01
 -15.864  0.3770E+01  0.2695E+01
 -15.854  0.3831E+01  0.2733E+01
 -15.844  0.3886E+01  0.2772E+01
 -15.834  0.3934E+01  0.2811E+01
 -15.824  0.3973E+01  0.2851E+01
 -15.814  0.4004E+01  0.2891E+01
 -15.804  0.4025E+01  0.2931E+01
 -15.794  0.4036E+01  0.2972E+01
 -15.784  0.4036E+01  0.3012E+01
 -15.774  0.4026E+01  0.3052E+01
 -15.764  0.4005E+01  0.3092E+01
 -15.754  0.3973E+01  0.3132E+01
 -15.744  0.3932E+01  0.3171E+01
 -15.734  0.3880E+01  0.3210E+01
 -15.724  0.3819E+01  0.3248E+01
 -15.714  0.3750E+01  0.3286E+01
 -15.704  0.3674E+01  0.3323E+01
 -15.694  0.3590E+01  0.3358E+01
 -15.684  0.3501E+01  0.3393E+01
 -15.674  0.3408E+01  0.3428E+01
 -15.664  0.3310E+01  0.3461E+01
 -15.654  0.3211E+01  0.3493E+01
 -15.644  0.3110E+01  0.3524E+01
 -15.634  0.3010E+01  0.3554E+01
 -15.624  0.2910E+01  0.3583E+01
 -15.614  0.2813E+01  0.3611E+01
 -15.604  0.2719E+01  0.3638E+01
 -15.594  0.2629E+01  0.3665E+01
 -15.584  0.2544E+01  0.3690E+01
 -15.574  0.2465E+01  0.3715E+01
 -15.564  0.2393E+01  0.3739E+01
 -15.554  0.2329E+01  0.3762E+01
 -15.544  0.2273E+01  0.3785E+01
 -15.534  0.2225E+01  0.3807E+01
 -15.524  0.2187E+01  0.3829E+01
 -15.514  0.2159E+01  0.3850E+01
 -15.504  0.2140E+01  0.3872E+01
 -15.494  0.2131E+01  0.3893E+01
 -15.484  0.2133E+01  0.3914E+01
 -15.474  0.2145E+01  0.3936E+01
 -15.464  0.2167E+01  0.3958E+01
 -15.454  0.2200E+01  0.3980E+01
 -15.444  0.2242E+01  0.4002E+01
 -15.434  0.2294E+01  0.4025E+01
 -15.424  0.2354E+01  0.4048E+01
 -15.414  0.2424E+01  0.4073E+01
 -15.404  0.2501E+01  0.4098E+01
 -15.394  0.2585E+01  0.4124E+01
 -15.384  0.2675E+01  0.4150E+01
 -15.374  0.2770E+01  0.4178E+01
 -15.364  0.2870E+01  0.4207E+01
 -15.354  0.2973E+01  0.4236E+01
 -15.344  0.3077E+01  0.4267E+01
 -15.334  0.3183E+01  0.4299E+01
 -15.324  0.3288E+01  0.4332E+01
 -15.314  0.3391E+01  0.4366E+01
 -15.304  0.3492E+01  0.4401E+01
 -15.294  0.3588E+01  0.4437E+01
 -15.284  0.3679E+01  0.4473E+01
 -15.274  0.3764E+01  0.4511E+01
 -15.264  0.3841E+01  0.4549E+01
 -15.254  0.3909E+01  0.4589E+01
 -15.244  0.3969E+01  0.4628E+01
 -15.234  0.4018E+01  0.4668E+01
 -15.224  0.4057E+01  0.4709E+01
 -15.214  0.4085E+01  0.4750E+01
 -15.204  0.4102E+01  0.4791E+01
 -15.194  0.4108E+01  0.4832E+01
 -15.184  0.4102E+01  0.4873E+01
 -15.174  0.4085E+01  0.4914E+01
 -15.164  0.4058E+01  0.4954E+01
 -15.154  0.4020E+01  0.4995E+01
 -15.144  0.3973E+01  0.5034E+01
 -15.134  0.3918E+01  0.5074E+01
 -15.124  0.3855E+01  0.5112E+01
 -15.114  0.3785E+01  0.5150E+01
 -15.104  0.3710E+01  0.5187E+01
 -15.094  0.3631E+01  0.5223E+01
 -15.084  0.3550E+01  0.5259E+01
 -15.074  0.3467E+01  0.5294E+01
 -15.064  0.3384E+01  0.5327E+01
 -15.054  0.3304E+01  0.5360E+01
 -15.044  0.3227E+01  0.5393E+01
 -15.034  0.3156E+01  0.5424E+01
 -15.024  0.3092E+01  0.5455E+01
 -15.014  0.3038E+01  0.5486E+01
 -15.004  0.2994E+01  0.5515E+01
 -14.994  0.2964E+01  0.5545E+01
 -14.984  0.2948E+01  0.5575E+01
 -14.974  0.2949E+01  0.5604E+01
 -14.964  0.2970E+01  0.5634E+01
 -14.954  0.3012E+01  0.5664E+01
 -14.944  0.3076E+01  0.5695E+01
 -14.934  0.3166E+01  0.5726E+01
 -14.924  0.3282E+01  0.5759E+01
 -14.914  0.3428E+01  0.5793E+01
 -14.904  0.3603E+01  0.5829E+01
 -14.894  0.3811E+01  0.5868E+01
 -14.884  0.4052E+01  0.5908E+01
 -14.874  0.4327E+01  0.5951E+01
 -14.864  0.4637E+01  0.5998E+01
 -14.854  0.4982E+01  0.6048E+01
 -14.844  0.5363E+01  0.6101E+01
 -14.834  0.5778E+01  0.6159E+01
 -14.824  0.6227E+01  0.6221E+01
 -14.814  0.6709E+01  0.6288E+01
 -14.804  0.7221E+01  0.6361E+01
 -14.794  0.7761E+01  0.6438E+01
 -14.784  0.8325E+01  0.6521E+01
 -14.774  0.8909E+01  0.6610E+01
 -14.764  0.9510E+01  0.6706E+01
 -14.754  0.1012E+02  0.6807E+01
 -14.744  0.1074E+02  0.6914E+01
 -14.734  0.1136E+02  0.7028E+01
 -14.724  0.1197E+02  0.7147E+01
 -14.714  0.1256E+02  0.7273E+01
 -14.704  0.1314E+02  0.7404E+01
 -14.694  0.1369E+02  0.7541E+01
 -14.684  0.1421E+02  0.7683E+01
 -14.674  0.1469E+02  0.7830E+01
 -14.664  0.1512E+02  0.7982E+01
 -14.654  0.1550E+02  0.8136E+01
 -14.644  0.1582E+02  0.8295E+01
 -14.634  0.1608E+02  0.8456E+01
 -14.624  0.1628E+02  0.8618E+01
 -14.614  0.1640E+02  0.8782E+01
 -14.604  0.1646E+02  0.8947E+01
 -14.594  0.1644E+02  0.9111E+01
 -14.584  0.1636E+02  0.9275E+01
 -14.574  0.1620E+02  0.9437E+01
 -14.564  0.1597E+02  0.9597E+01
 -14.554  0.1567E+02  0.9753E+01
 -14.544  0.1532E+02  0.9906E+01
 -14.534  0.1490E+02  0.1006E+02
 -14.524  0.1443E+02  0.1020E+02
 -14.514  0.1392E+02  0.1034E+02
 -14.504  0.1336E+02  0.1047E+02
 -14.494  0.1277E+02  0.1060E+02
 -14.484  0.1214E+02  0.1072E+02
 -14.474  0.1150E+02  0.1084E+02
 -14.464  0.1084E+02  0.1095E+02
 -14.454  0.1018E+02  0.1105E+02
 -14.444  0.9508E+01  0.1114E+02
 -14.434  0.8843E+01  0.1123E+02
 -14.424  0.8188E+01  0.1131E+02
 -14.414  0.7546E+01  0.1139E+02
 -14.404  0.6924E+01  0.1146E+02
 -14.394  0.6324E+01  0.1152E+02
 -14.384  0.5750E+01  0.1158E+02
 -14.374  0.5205E+01  0.1163E+02
 -14.364  0.4690E+01  0.1168E+02
 -14.354  0.4206E+01  0.1172E+02
 -14.344  0.3755E+01  0.1176E+02
 -14.334  0.3338E+01  0.1179E+02
 -14.324  0.2953E+01  0.1182E+02
 -14.314  0.2601E+01  0.1185E+02
 -14.304  0.2280E+01  0.1187E+02
 -14.294  0.1990E+01  0.1189E+02
 -14.284  0.1729E+01  0.1191E+02
 -14.274  0.1495E+01  0.1192E+02
 -14.264  0.1287E+01  0.1193E+02
 -14.254  0.1103E+01  0.1194E+02
 -14.244  0.9406E+00  0.1195E+02
 -14.234  0.7986E+00  0.1196E+02
 -14.224  0.6750E+00  0.1197E+02
 -14.214  0.5679E+00  0.1197E+02
 -14.204  0.4756E+00  0.1198E+02
 -14.194  0.3965E+00  0.1198E+02
 -14.184  0.3290E+00  0.1199E+02
 -14.174  0.2718E+00  0.1199E+02
 -14.164  0.2235E+00  0.1199E+02
 -14.154  0.1829E+00  0.1199E+02
 -14.144  0.1490E+00  0.1199E+02
 -14.134  0.1208E+00  0.1200E+02
 -14.124  0.9755E-01  0.1200E+02
 -14.114  0.7838E-01  0.1200E+02
 -14.104  0.6269E-01  0.1200E+02
 -14.094  0.4991E-01  0.1200E+02
 -14.084  0.3956E-01  0.1200E+02
 -14.074  0.3120E-01  0.1200E+02
 -14.064  0.2450E-01  0.1200E+02
 -14.054  0.1915E-01  0.1200E+02
 -14.044  0.1490E-01  0.1200E+02
 -14.034  0.1154E-01  0.1200E+02
 -14.024  0.8894E-02  0.1200E+02
 -14.014  0.6824E-02  0.1200E+02
 -14.004  0.5212E-02  0.1200E+02
 -13.994  0.3962E-02  0.1200E+02
 -13.984  0.2998E-02  0.1200E+02
 -13.974  0.2258E-02  0.1200E+02
 -13.964  0.1693E-02  0.1200E+02
 -13.954  0.1263E-02  0.1200E+02
 -13.944  0.9385E-03  0.1200E+02
 -13.934  0.6939E-03  0.1200E+02
 -13.924  0.5107E-03  0.1200E+02
 -13.914  0.3741E-03  0.1200E+02
 -13.904  0.2728E-03  0.1200E+02
 -13.894  0.1980E-03  0.1200E+02
 -13.884  0.1430E-03  0.1200E+02
 -13.874  0.1028E-03  0.1200E+02
 -13.864  0.7360E-04  0.1200E+02
 -13.854  0.5244E-04  0.1200E+02
 -13.844  0.3718E-04  0.1200E+02
 -13.834  0.2624E-04  0.1200E+02
 -13.824  0.1844E-04  0.1200E+02
 -13.814  0.1289E-04  0.1200E+02
 -13.804  0.8974E-05  0.1200E+02
 -13.794  0.6217E-05  0.1200E+02
 -13.784  0.4287E-05  0.1200E+02
 -13.774  0.2943E-05  0.1200E+02
 -13.764  0.2010E-05  0.1200E+02
 -13.754  0.1367E-05  0.1200E+02
 -13.744  0.9252E-06  0.1200E+02
 -13.734  0.6233E-06  0.1200E+02
 -13.724  0.4180E-06  0.1200E+02
 -13.714  0.2790E-06  0.1200E+02
 -13.704  0.1853E-06  0.1200E+02
 -13.694  0.1225E-06  0.1200E+02
 -13.684  0.8065E-07  0.1200E+02
 -13.674  0.5284E-07  0.1200E+02
 -13.664  0.3445E-07  0.1200E+02
 -13.654  0.2236E-07  0.1200E+02
 -13.644  0.1444E-07  0.1200E+02
 -13.634  0.9286E-08  0.1200E+02
 -13.624  0.5943E-08  0.1200E+02
 -13.614  0.3785E-08  0.1200E+02
 -13.604  0.2400E-08  0.1200E+02
 -13.594  0.1514E-08  0.1200E+02
 -13.584  0.9512E-09  0.1200E+02
 -13.574  0.5947E-09  0.1200E+02
 -13.564  0.3700E-09  0.1200E+02
 -13.554  0.2292E-09  0.1200E+02
 -13.544  0.1413E-09  0.1200E+02
 -13.534  0.8668E-10  0.1200E+02
 -13.524  0.5294E-10  0.1200E+02
 -13.514  0.3218E-10  0.1200E+02
 -13.504  0.1947E-10  0.1200E+02
 -13.494  0.1172E-10  0.1200E+02
 -13.484  0.7027E-11  0.1200E+02
 -13.474  0.4192E-11  0.1200E+02
 -13.464  0.2489E-11  0.1200E+02
 -13.454  0.1471E-11  0.1200E+02
 -13.444  0.8652E-12  0.1200E+02
 -13.434  0.5066E-12  0.1200E+02
 -13.424  0.2952E-12  0.1200E+02
 -13.414  0.1712E-12  0.1200E+02
 -13.404  0.9884E-13  0.1200E+02
 -13.394  0.5679E-13  0.1200E+02
 -13.384  0.3248E-13  0.1200E+02
 -13.374  0.1849E-13  0.1200E+02
 -13.364  0.1047E-13  0.1200E+02
 -13.354  0.5907E-14  0.1200E+02
 -13.344  0.3315E-14  0.1200E+02
 -13.334  0.1852E-14  0.1200E+02
 -13.324  0.1030E-14  0.1200E+02
 -13.314  0.5698E-15  0.1200E+02
 -13.304  0.3138E-15  0.1200E+02
 -13.294  0.1721E-15  0.1200E+02
 -13.284  0.9388E-16  0.1200E+02
 -13.274  0.5099E-16  0.1200E+02
 -13.264  0.2756E-16  0.1200E+02
 -13.254  0.1483E-16  0.1200E+02
 -13.244  0.7940E-17  0.1200E+02
 -13.234  0.4232E-17  0.1200E+02
 -13.224  0.2245E-17  0.1200E+02
 -13.214  0.1185E-17  0.1200E+02
 -13.204  0.6228E-18  0.1200E+02
 -13.194  0.3258E-18  0.1200E+02
 -13.184  0.1696E-18  0.1200E+02
 -13.174  0.8786E-19  0.1200E+02
 -13.164  0.4531E-19  0.1200E+02
 -13.154  0.2326E-19  0.1200E+02
 -13.144  0.1188E-19  0.1200E+02
 -13.134  0.6041E-20  0.1200E+02
 -13.124  0.3057E-20  0.1200E+02
 -13.114  0.1540E-20  0.1200E+02
 -13.104  0.7720E-21  0.1200E+02
 -13.094  0.3852E-21  0.1200E+02
 -13.084  0.1913E-21  0.1200E+02
 -13.074  0.9455E-22  0.1200E+02
 -13.064  0.4651E-22  0.1200E+02
 -13.054  0.2278E-22  0.1200E+02
 -13.044  0.1110E-22  0.1200E+02
 -13.034  0.5384E-23  0.1200E+02
 -13.024  0.2599E-23  0.1200E+02
 -13.014  0.1249E-23  0.1200E+02
 -13.004  0.5972E-24  0.1200E+02
 -12.994  0.2843E-24  0.1200E+02
 -12.984  0.1347E-24  0.1200E+02
 -12.974  0.6350E-25  0.1200E+02
 -12.964  0.2980E-25  0.1200E+02
 -12.954  0.1392E-25  0.1200E+02
 -12.944  0.6470E-26  0.1200E+02
 -12.934  0.2994E-26  0.1200E+02
 -12.924  0.1379E-26  0.1200E+02
 -12.914  0.6319E-27  0.1200E+02
 -12.904  0.2883E-27  0.1200E+02
 -12.894  0.1309E-27  0.1200E+02
 -12.884  0.5914E-28  0.1200E+02
 -12.874  0.2660E-28  0.1200E+02
 -12.864  0.1191E-28  0.1200E+02
 -12.854  0.5305E-29  0.1200E+02
 -12.844  0.2352E-29  0.1200E+02
 -12.834  0.1038E-29  0.1200E+02
 -12.824  0.4560E-30  0.1200E+02
 -12.814  0.1994E-30  0.1200E+02
 -12.804  0.8675E-31  0.1200E+02
 -12.794  0.3757E-31  0.1200E+02
 -12.784  0.1619E-31  0.1200E+02
 -12.774  0.6947E-32  0.1200E+02
 -12.764  0.2966E-32  0.1200E+02
 -12.754  0.1260E-32  0.1200E+02
 -12.744  0.5331E-33  0.1200E+02
 -12.734  0.2244E-33  0.1200E+02
 -12.724  0.9401E-34  0.1200E+02
 -12.714  0.3920E-34  0.1200E+02
 -12.704  0.1627E-34  0.1200E+02
 -12.694  0.6720E-35  0.1200E+02
 -12.684  0.2763E-35  0.1200E+02
 -12.674  0.1130E-35  0.1200E+02
 -12.664  0.4603E-36  0.1200E+02
 -12.654  0.1866E-36  0.1200E+02
 -12.644  0.7526E-37  0.1200E+02
 -12.634  0.3021E-37  0.1200E+02
 -12.624  0.1207E-37  0.1200E+02
 -12.614  0.4802E-38  0.1200E+02
 -12.604  0.1901E-38  0.1200E+02
 -12.594  0.7487E-39  0.1200E+02
 -12.584  0.2936E-39  0.1200E+02
 -12.574  0.1146E-39  0.1200E+02
 -12.564  0.4449E-40  0.1200E+02
 -12.554  0.1720E-40  0.1200E+02
 -12.544  0.6616E-41  0.1200E+02
 -12.534  0.2533E-41  0.1200E+02
 -12.524  0.9654E-42  0.1200E+02
 -12.514  0.3662E-42  0.1200E+02
 -12.504  0.1382E-42  0.1200E+02
 -12.494  0.5193E-43  0.1200E+02
 -12.484  0.1942E-43  0.1200E+02
 -12.474  0.7227E-44  0.1200E+02
 -12.464  0.2677E-44  0.1200E+02
 -12.454  0.9867E-45  0.1200E+02
 -12.444  0.3620E-45  0.1200E+02
 -12.434  0.1322E-45  0.1200E+02
 -12.424  0.4804E-46  0.1200E+02
 -12.414  0.1738E-46  0.1200E+02
 -12.404  0.6256E-47  0.1200E+02
 -12.394  0.2241E-47  0.1200E+02
 -12.384  0.7993E-48  0.1200E+02
 -12.374  0.2837E-48  0.1200E+02
 -12.364  0.1002E-48  0.1200E+02
 -12.354  0.3522E-49  0.1200E+02
 -12.344  0.1232E-49  0.1200E+02
 -12.334  0.4292E-50  0.1200E+02
 -12.324  0.1487E-50  0.1200E+02
 -12.314  0.5130E-51  0.1200E+02
 -12.304  0.1761E-51  0.1200E+02
 -12.294  0.6017E-52  0.1200E+02
 -12.284  0.2046E-52  0.1200E+02
 -12.274  0.6925E-53  0.1200E+02
 -12.264  0.2333E-53  0.1200E+02
 -12.254  0.7820E-54  0.1200E+02
 -12.244  0.2609E-54  0.1200E+02
 -12.234  0.8664E-55  0.1200E+02
 -12.224  0.2863E-55  0.1200E+02
 -12.214  0.9418E-56  0.1200E+02
 -12.204  0.3083E-56  0.1200E+02
 -12.194  0.1004E-56  0.1200E+02
 -12.184  0.3257E-57  0.1200E+02
 -12.174  0.1051E-57  0.1200E+02
 -12.164  0.3376E-58  0.1200E+02
 -12.154  0.1079E-58  0.1200E+02
 -12.144  0.3434E-59  0.1200E+02
 -12.134  0.1087E-59  0.1200E+02
 -12.124  0.3426E-60  0.1200E+02
 -12.114  0.1075E-60  0.1200E+02
 -12.104  0.3354E-61  0.1200E+02
 -12.094  0.1042E-61  0.1200E+02
 -12.084  0.3222E-62  0.1200E+02
 -12.074  0.9915E-63  0.1200E+02
 -12.064  0.3037E-63  0.1200E+02
 -12.054  0.9256E-64  0.1200E+02
 -12.044  0.2808E-64  0.1200E+02
 -12.034  0.8478E-65  0.1200E+02
 -12.024  0.2548E-65  0.1200E+02
 -12.014  0.7619E-66  0.1200E+02
 -12.004  0.2268E-66  0.1200E+02
 -11.994  0.6717E-67  0.1200E+02
 -11.984  0.1980E-67  0.1200E+02
 -11.974  0.5811E-68  0.1200E+02
 -11.964  0.1697E-68  0.1200E+02
 -11.954  0.4932E-69  0.1200E+02
 -11.944  0.1427E-69  0.1200E+02
 -11.934  0.4107E-70  0.1200E+02
 -11.924  0.1177E-70  0.1200E+02
 -11.914  0.3355E-71  0.1200E+02
 -11.904  0.9522E-72  0.1200E+02
 -11.894  0.2689E-72  0.1200E+02
 -11.884  0.7560E-73  0.1200E+02
 -11.874  0.2115E-73  0.1200E+02
 -11.864  0.5889E-74  0.1200E+02
 -11.854  0.1632E-74  0.1200E+02
 -11.844  0.4501E-75  0.1200E+02
 -11.834  0.1235E-75  0.1200E+02
 -11.824  0.3375E-76  0.1200E+02
 -11.814  0.9176E-77  0.1200E+02
 -11.804  0.2483E-77  0.1200E+02
 -11.794  0.6686E-78  0.1200E+02
 -11.784  0.1792E-78  0.1200E+02
 -11.774  0.4780E-79  0.1200E+02
 -11.764  0.1269E-79  0.1200E+02
 -11.754  0.3353E-80  0.1200E+02
 -11.744  0.8818E-81  0.1200E+02
 -11.734  0.2309E-81  0.1200E+02
 -11.724  0.6026E-82  0.1200E+02
 -11.714  0.1575E-82  0.1200E+02
 -11.704  0.4190E-83  0.1200E+02
 -11.694  0.1205E-83  0.1200E+02
 -11.684  0.4396E-84  0.1200E+02
 -11.674  0.2459E-84  0.1200E+02
 -11.664  0.1979E-84  0.1200E+02
 -11.654  0.1865E-84  0.1200E+02
 -11.644  0.1840E-84  0.1200E+02
 -11.634  0.1837E-84  0.1200E+02
 -11.624  0.1836E-84  0.1200E+02
 -11.614  0.1836E-84  0.1200E+02
 -11.604  0.1836E-84  0.1200E+02
 -11.594  0.1836E-84  0.1200E+02
 -11.584  0.1836E-84  0.1200E+02
 -11.574  0.1836E-84  0.1200E+02
 -11.564  0.1836E-84  0.1200E+02
 -11.554  0.1836E-84  0.1200E+02
 -11.544  0.1836E-84  0.1200E+02
 -11.534  0.1836E-84  0.1200E+02
 -11.524  0.1836E-84  0.1200E+02
 -11.514  0.1836E-84  0.1200E+02
 -11.504  0.1836E-84  0.1200E+02
 -11.494  0.1836E-84  0.1200E+02
 -11.484  0.1836E-84  0.1200E+02
 -11.474  0.1836E-84  0.1200E+02
 -11.464  0.1836E-84  0.1200E+02
 -11.454  0.1836E-84  0.1200E+02
 -11.444  0.1836E-84  0.1200E+02
 -11.434  0.1836E-84  0.1200E+02
 -11.424  0.1836E-84  0.1200E+02
 -11.414  0.1836E-84  0.1200E+02
 -11.404  0.1836E-84  0.1200E+02
 -11.394  0.1836E-84  0.1200E+02
 -11.384  0.1836E-84  0.1200E+02
 -11.374  0.1836E-84  0.1200E+02
 -11.364  0.1836E-84  0.1200E+02
 -11.354  0.1836E-84  0.1200E+02
 -11.344  0.1836E-84  0.1200E+02
 -11.334  0.1836E-84  0.1200E+02
 -11.324  0.1836E-84  0.1200E+02
 -11.314  0.1836E-84  0.1200E+02
 -11.304  0.1836E-84  0.1200E+02
 -11.294  0.1836E-84  0.1200E+02
 -11.284  0.1836E-84  0.1200E+02
 -11.274  0.1836E-84  0.1200E+02
 -11.264  0.1836E-84  0.1200E+02
 -11.254  0.1836E-84  0.1200E+02
 -11.244  0.1836E-84  0.1200E+02
 -11.234  0.1836E-84  0.1200E+02
 -11.224  0.1836E-84  0.1200E+02
 -11.214  0.1836E-84  0.1200E+02
 -11.204  0.1836E-84  0.1200E+02
 -11.194  0.1836E-84  0.1200E+02
 -11.184  0.1836E-84  0.1200E+02
 -11.174  0.1836E-84  0.1200E+02
 -11.164  0.1836E-84  0.1200E+02
 -11.154  0.1836E-84  0.1200E+02
 -11.144  0.1836E-84  0.1200E+02
 -11.134  0.1836E-84  0.1200E+02
 -11.124  0.1836E-84  0.1200E+02
 -11.114  0.1836E-84  0.1200E+02
 -11.104  0.1836E-84  0.1200E+02
 -11.094  0.1836E-84  0.1200E+02
 -11.084  0.1836E-84  0.1200E+02
 -11.074  0.1836E-84  0.1200E+02
 -11.064  0.1836E-84  0.1200E+02
 -11.054  0.1836E-84  0.1200E+02
 -11.044  0.1836E-84  0.1200E+02
 -11.034  0.1836E-84  0.1200E+02
 -11.024  0.1836E-84  0.1200E+02
 -11.014  0.1836E-84  0.1200E+02
 -11.004  0.1836E-84  0.1200E+02
 -10.994  0.1836E-84  0.1200E+02
 -10.984  0.1836E-84  0.1200E+02
 -10.974  0.1836E-84  0.1200E+02
 -10.964  0.1836E-84  0.1200E+02
 -10.954  0.1836E-84  0.1200E+02
 -10.944  0.1836E-84  0.1200E+02
 -10.934  0.1836E-84  0.1200E+02
 -10.924  0.1836E-84  0.1200E+02
 -10.914  0.1836E-84  0.1200E+02
 -10.904  0.1836E-84  0.1200E+02
 -10.894  0.1836E-84  0.1200E+02
 -10.884  0.1836E-84  0.1200E+02
 -10.874  0.1836E-84  0.1200E+02
 -10.864  0.1836E-84  0.1200E+02
 -10.854  0.1836E-84  0.1200E+02
 -10.844  0.1836E-84  0.1200E+02
 -10.834  0.1836E-84  0.1200E+02
 -10.824  0.1836E-84  0.1200E+02
 -10.814  0.1836E-84  0.1200E+02
 -10.804  0.1836E-84  0.1200E+02
 -10.794  0.1836E-84  0.1200E+02
 -10.784  0.1836E-84  0.1200E+02
 -10.774  0.1836E-84  0.1200E+02
 -10.764  0.1836E-84  0.1200E+02
 -10.754  0.1836E-84  0.1200E+02
 -10.744  0.1836E-84  0.1200E+02
 -10.734  0.1836E-84  0.1200E+02
 -10.724  0.1836E-84  0.1200E+02
 -10.714  0.1836E-84  0.1200E+02
 -10.704  0.1836E-84  0.1200E+02
 -10.694  0.1836E-84  0.1200E+02
 -10.684  0.1836E-84  0.1200E+02
 -10.674  0.1836E-84  0.1200E+02
 -10.664  0.1836E-84  0.1200E+02
 -10.654  0.1836E-84  0.1200E+02
 -10.644  0.1836E-84  0.1200E+02
 -10.634  0.1836E-84  0.1200E+02
 -10.624  0.1836E-84  0.1200E+02
 -10.614  0.1836E-84  0.1200E+02
 -10.604  0.1836E-84  0.1200E+02
 -10.594  0.1836E-84  0.1200E+02
 -10.584  0.1836E-84  0.1200E+02
 -10.574  0.1836E-84  0.1200E+02
 -10.564  0.1836E-84  0.1200E+02
 -10.554  0.1836E-84  0.1200E+02
 -10.544  0.1836E-84  0.1200E+02
 -10.534  0.1836E-84  0.1200E+02
 -10.524  0.1836E-84  0.1200E+02
 -10.514  0.1836E-84  0.1200E+02
 -10.504  0.1836E-84  0.1200E+02
 -10.494  0.1836E-84  0.1200E+02
 -10.484  0.1836E-84  0.1200E+02
 -10.474  0.1836E-84  0.1200E+02
 -10.464  0.1836E-84  0.1200E+02
 -10.454  0.1836E-84  0.1200E+02
 -10.444  0.1836E-84  0.1200E+02
 -10.434  0.1836E-84  0.1200E+02
 -10.424  0.1836E-84  0.1200E+02
 -10.414  0.1836E-84  0.1200E+02
 -10.404  0.1836E-84  0.1200E+02
 -10.394  0.1836E-84  0.1200E+02
 -10.384  0.1836E-84  0.1200E+02
 -10.374  0.1836E-84  0.1200E+02
 -10.364  0.1836E-84  0.1200E+02
 -10.354  0.1836E-84  0.1200E+02
 -10.344  0.1836E-84  0.1200E+02
 -10.334  0.1836E-84  0.1200E+02
 -10.324  0.1836E-84  0.1200E+02
 -10.314  0.1836E-84  0.1200E+02
 -10.304  0.1836E-84  0.1200E+02
 -10.294  0.1836E-84  0.1200E+02
 -10.284  0.1836E-84  0.1200E+02
 -10.274  0.1836E-84  0.1200E+02
 -10.264  0.1836E-84  0.1200E+02
 -10.254  0.1836E-84  0.1200E+02
 -10.244  0.1836E-84  0.1200E+02
 -10.234  0.1836E-84  0.1200E+02
 -10.224  0.1836E-84  0.1200E+02
 -10.214  0.1836E-84  0.1200E+02
 -10.204  0.1836E-84  0.1200E+02
 -10.194  0.1836E-84  0.1200E+02
 -10.184  0.1836E-84  0.1200E+02
 -10.174  0.1836E-84  0.1200E+02
 -10.164  0.1836E-84  0.1200E+02
 -10.154  0.1836E-84  0.1200E+02
 -10.144  0.1836E-84  0.1200E+02
 -10.134  0.1836E-84  0.1200E+02
 -10.124  0.1836E-84  0.1200E+02
 -10.114  0.1836E-84  0.1200E+02
 -10.104  0.1836E-84  0.1200E+02
 -10.094  0.1836E-84  0.1200E+02
 -10.084  0.1836E-84  0.1200E+02
 -10.074  0.1836E-84  0.1200E+02
 -10.064  0.1836E-84  0.1200E+02
 -10.054  0.1836E-84  0.1200E+02
 -10.044  0.1836E-84  0.1200E+02
 -10.034  0.1836E-84  0.1200E+02
 -10.024  0.1836E-84  0.1200E+02
 -10.014  0.1836E-84  0.1200E+02
 -10.004  0.1836E-84  0.1200E+02
  -9.994  0.1836E-84  0.1200E+02
  -9.984  0.1836E-84  0.1200E+02
  -9.974  0.1836E-84  0.1200E+02
  -9.964  0.1836E-84  0.1200E+02
  -9.954  0.1836E-84  0.1200E+02
  -9.944  0.1836E-84  0.1200E+02
  -9.934  0.1836E-84  0.1200E+02
  -9.924  0.1836E-84  0.1200E+02
  -9.914  0.1836E-84  0.1200E+02
  -9.904  0.1836E-84  0.1200E+02
  -9.894  0.1836E-84  0.1200E+02
  -9.884  0.1836E-84  0.1200E+02
  -9.874  0.1836E-84  0.1200E+02
  -9.864  0.1836E-84  0.1200E+02
  -9.854  0.1836E-84  0.1200E+02
  -9.844  0.1836E-84  0.1200E+02
  -9.834  0.1836E-84  0.1200E+02
  -9.824  0.1836E-84  0.1200E+02
  -9.814  0.1836E-84  0.1200E+02
  -9.804  0.1836E-84  0.1200E+02
  -9.794  0.1836E-84  0.1200E+02
  -9.784  0.1836E-84  0.1200E+02
  -9.774  0.1836E-84  0.1200E+02
  -9.764  0.1836E-84  0.1200E+02
  -9.754  0.1836E-84  0.1200E+02
  -9.744  0.1836E-84  0.1200E+02
  -9.734  0.1836E-84  0.1200E+02
  -9.724  0.1836E-84  0.1200E+02
  -9.714  0.1836E-84  0.1200E+02
  -9.704  0.1836E-84  0.1200E+02
  -9.694  0.1836E-84  0.1200E+02
  -9.684  0.1836E-84  0.1200E+02
  -9.674  0.1836E-84  0.1200E+02
  -9.664  0.1836E-84  0.1200E+02
  -9.654  0.1837E-84  0.1200E+02
  -9.644  0.1840E-84  0.1200E+02
  -9.634  0.1851E-84  0.1200E+02
  -9.624  0.1893E-84  0.1200E+02
  -9.614  0.2058E-84  0.1200E+02
  -9.604  0.2699E-84  0.1200E+02
  -9.594  0.5176E-84  0.1200E+02
  -9.584  0.1470E-83  0.1200E+02
  -9.574  0.5114E-83  0.1200E+02
  -9.564  0.1899E-82  0.1200E+02
  -9.554  0.7157E-82  0.1200E+02
  -9.544  0.2699E-81  0.1200E+02
  -9.534  0.1014E-80  0.1200E+02
  -9.524  0.3794E-80  0.1200E+02
  -9.514  0.1413E-79  0.1200E+02
  -9.504  0.5236E-79  0.1200E+02
  -9.494  0.1931E-78  0.1200E+02
  -9.484  0.7088E-78  0.1200E+02
  -9.474  0.2589E-77  0.1200E+02
  -9.464  0.9413E-77  0.1200E+02
  -9.454  0.3406E-76  0.1200E+02
  -9.444  0.1226E-75  0.1200E+02
  -9.434  0.4395E-75  0.1200E+02
  -9.424  0.1567E-74  0.1200E+02
  -9.414  0.5563E-74  0.1200E+02
  -9.404  0.1965E-73  0.1200E+02
  -9.394  0.6907E-73  0.1200E+02
  -9.384  0.2416E-72  0.1200E+02
  -9.374  0.8413E-72  0.1200E+02
  -9.364  0.2915E-71  0.1200E+02
  -9.354  0.1005E-70  0.1200E+02
  -9.344  0.3450E-70  0.1200E+02
  -9.334  0.1178E-69  0.1200E+02
  -9.324  0.4005E-69  0.1200E+02
  -9.314  0.1355E-68  0.1200E+02
  -9.304  0.4562E-68  0.1200E+02
  -9.294  0.1528E-67  0.1200E+02
  -9.284  0.5096E-67  0.1200E+02
  -9.274  0.1691E-66  0.1200E+02
  -9.264  0.5585E-66  0.1200E+02
  -9.254  0.1836E-65  0.1200E+02
  -9.244  0.6005E-65  0.1200E+02
  -9.234  0.1955E-64  0.1200E+02
  -9.224  0.6333E-64  0.1200E+02
  -9.214  0.2042E-63  0.1200E+02
  -9.204  0.6552E-63  0.1200E+02
  -9.194  0.2092E-62  0.1200E+02
  -9.184  0.6650E-62  0.1200E+02
  -9.174  0.2103E-61  0.1200E+02
  -9.164  0.6621E-61  0.1200E+02
  -9.154  0.2074E-60  0.1200E+02
  -9.144  0.6466E-60  0.1200E+02
  -9.134  0.2006E-59  0.1200E+02
  -9.124  0.6195E-59  0.1200E+02
  -9.114  0.1904E-58  0.1200E+02
  -9.104  0.5823E-58  0.1200E+02
  -9.094  0.1772E-57  0.1200E+02
  -9.084  0.5369E-57  0.1200E+02
  -9.074  0.1618E-56  0.1200E+02
  -9.064  0.4856E-56  0.1200E+02
  -9.054  0.1450E-55  0.1200E+02
  -9.044  0.4308E-55  0.1200E+02
  -9.034  0.1274E-54  0.1200E+02
  -9.024  0.3750E-54  0.1200E+02
  -9.014  0.1098E-53  0.1200E+02
  -9.004  0.3202E-53  0.1200E+02
  -8.994  0.9288E-53  0.1200E+02
  -8.984  0.2682E-52  0.1200E+02
  -8.974  0.7705E-52  0.1200E+02
  -8.964  0.2203E-51  0.1200E+02
  -8.954  0.6270E-51  0.1200E+02
  -8.944  0.1776E-50  0.1200E+02
  -8.934  0.5006E-50  0.1200E+02
  -8.924  0.1404E-49  0.1200E+02
  -8.914  0.3920E-49  0.1200E+02
  -8.904  0.1089E-48  0.1200E+02
  -8.894  0.3011E-48  0.1200E+02
  -8.884  0.8287E-48  0.1200E+02
  -8.874  0.2269E-47  0.1200E+02
  -8.864  0.6186E-47  0.1200E+02
  -8.854  0.1678E-46  0.1200E+02
  -8.844  0.4529E-46  0.1200E+02
  -8.834  0.1217E-45  0.1200E+02
  -8.824  0.3253E-45  0.1200E+02
  -8.814  0.8657E-45  0.1200E+02
  -8.804  0.2292E-44  0.1200E+02
  -8.794  0.6041E-44  0.1200E+02
  -8.784  0.1585E-43  0.1200E+02
  -8.774  0.4136E-43  0.1200E+02
  -8.764  0.1074E-42  0.1200E+02
  -8.754  0.2778E-42  0.1200E+02
  -8.744  0.7147E-42  0.1200E+02
  -8.734  0.1830E-41  0.1200E+02
  -8.724  0.4664E-41  0.1200E+02
  -8.714  0.1183E-40  0.1200E+02
  -8.704  0.2986E-40  0.1200E+02
  -8.694  0.7500E-40  0.1200E+02
  -8.684  0.1875E-39  0.1200E+02
  -8.674  0.4664E-39  0.1200E+02
  -8.664  0.1155E-38  0.1200E+02
  -8.654  0.2846E-38  0.1200E+02
  -8.644  0.6979E-38  0.1200E+02
  -8.634  0.1703E-37  0.1200E+02
  -8.624  0.4138E-37  0.1200E+02
  -8.614  0.1000E-36  0.1200E+02
  -8.604  0.2406E-36  0.1200E+02
  -8.594  0.5761E-36  0.1200E+02
  -8.584  0.1373E-35  0.1200E+02
  -8.574  0.3255E-35  0.1200E+02
  -8.564  0.7682E-35  0.1200E+02
  -8.554  0.1804E-34  0.1200E+02
  -8.544  0.4218E-34  0.1200E+02
  -8.534  0.9811E-34  0.1200E+02
  -8.524  0.2272E-33  0.1200E+02
  -8.514  0.5234E-33  0.1200E+02
  -8.504  0.1200E-32  0.1200E+02
  -8.494  0.2739E-32  0.1200E+02
  -8.484  0.6220E-32  0.1200E+02
  -8.474  0.1406E-31  0.1200E+02
  -8.464  0.3163E-31  0.1200E+02
  -8.454  0.7080E-31  0.1200E+02
  -8.444  0.1577E-30  0.1200E+02
  -8.434  0.3498E-30  0.1200E+02
  -8.424  0.7719E-30  0.1200E+02
  -8.414  0.1695E-29  0.1200E+02
  -8.404  0.3705E-29  0.1200E+02
  -8.394  0.8059E-29  0.1200E+02
  -8.384  0.1745E-28  0.1200E+02
  -8.374  0.3759E-28  0.1200E+02
  -8.364  0.8060E-28  0.1200E+02
  -8.354  0.1720E-27  0.1200E+02
  -8.344  0.3652E-27  0.1200E+02
  -8.334  0.7720E-27  0.1200E+02
  -8.324  0.1624E-26  0.1200E+02
  -8.314  0.3399E-26  0.1200E+02
  -8.304  0.7082E-26  0.1200E+02
  -8.294  0.1468E-25  0.1200E+02
  -8.284  0.3030E-25  0.1200E+02
  -8.274  0.6223E-25  0.1200E+02
  -8.264  0.1272E-24  0.1200E+02
  -8.254  0.2587E-24  0.1200E+02
  -8.244  0.5237E-24  0.1200E+02
  -8.234  0.1055E-23  0.1200E+02
  -8.224  0.2115E-23  0.1200E+02
  -8.214  0.4221E-23  0.1200E+02
  -8.204  0.8384E-23  0.1200E+02
  -8.194  0.1657E-22  0.1200E+02
  -8.184  0.3259E-22  0.1200E+02
  -8.174  0.6381E-22  0.1200E+02
  -8.164  0.1243E-21  0.1200E+02
  -8.154  0.2411E-21  0.1200E+02
  -8.144  0.4652E-21  0.1200E+02
  -8.134  0.8934E-21  0.1200E+02
  -8.124  0.1708E-20  0.1200E+02
  -8.114  0.3249E-20  0.1200E+02
  -8.104  0.6150E-20  0.1200E+02
  -8.094  0.1159E-19  0.1200E+02
  -8.084  0.2173E-19  0.1200E+02
  -8.074  0.4056E-19  0.1200E+02
  -8.064  0.7533E-19  0.1200E+02
  -8.054  0.1393E-18  0.1200E+02
  -8.044  0.2562E-18  0.1200E+02
  -8.034  0.4691E-18  0.1200E+02
  -8.024  0.8548E-18  0.1200E+02
  -8.014  0.1550E-17  0.1200E+02
  -8.004  0.2798E-17  0.1200E+02
  -7.994  0.5027E-17  0.1200E+02
  -7.984  0.8988E-17  0.1200E+02
  -7.974  0.1599E-16  0.1200E+02
  -7.964  0.2832E-16  0.1200E+02
  -7.954  0.4992E-16  0.1200E+02
  -7.944  0.8757E-16  0.1200E+02
  -7.934  0.1529E-15  0.1200E+02
  -7.924  0.2657E-15  0.1200E+02
  -7.914  0.4594E-15  0.1200E+02
  -7.904  0.7908E-15  0.1200E+02
  -7.894  0.1355E-14  0.1200E+02
  -7.884  0.2310E-14  0.1200E+02
  -7.874  0.3919E-14  0.1200E+02
  -7.864  0.6619E-14  0.1200E+02
  -7.854  0.1113E-13  0.1200E+02
  -7.844  0.1861E-13  0.1200E+02
  -7.834  0.3099E-13  0.1200E+02
  -7.824  0.5136E-13  0.1200E+02
  -7.814  0.8471E-13  0.1200E+02
  -7.804  0.1391E-12  0.1200E+02
  -7.794  0.2272E-12  0.1200E+02
  -7.784  0.3696E-12  0.1200E+02
  -7.774  0.5982E-12  0.1200E+02
  -7.764  0.9637E-12  0.1200E+02
  -7.754  0.1545E-11  0.1200E+02
  -7.744  0.2466E-11  0.1200E+02
  -7.734  0.3918E-11  0.1200E+02
  -7.724  0.6194E-11  0.1200E+02
  -7.714  0.9748E-11  0.1200E+02
  -7.704  0.1527E-10  0.1200E+02
  -7.694  0.2381E-10  0.1200E+02
  -7.684  0.3695E-10  0.1200E+02
  -7.674  0.5707E-10  0.1200E+02
  -7.664  0.8775E-10  0.1200E+02
  -7.654  0.1343E-09  0.1200E+02
  -7.644  0.2046E-09  0.1200E+02
  -7.634  0.3102E-09  0.1200E+02
  -7.624  0.4682E-09  0.1200E+02
  -7.614  0.7034E-09  0.1200E+02
  -7.604  0.1052E-08  0.1200E+02
  -7.594  0.1566E-08  0.1200E+02
  -7.584  0.2321E-08  0.1200E+02
  -7.574  0.3423E-08  0.1200E+02
  -7.564  0.5026E-08  0.1200E+02
  -7.554  0.7347E-08  0.1200E+02
  -7.544  0.1069E-07  0.1200E+02
  -7.534  0.1548E-07  0.1200E+02
  -7.524  0.2233E-07  0.1200E+02
  -7.514  0.3205E-07  0.1200E+02
  -7.504  0.4580E-07  0.1200E+02
  -7.494  0.6516E-07  0.1200E+02
  -7.484  0.9229E-07  0.1200E+02
  -7.474  0.1301E-06  0.1200E+02
  -7.464  0.1827E-06  0.1200E+02
  -7.454  0.2553E-06  0.1200E+02
  -7.444  0.3552E-06  0.1200E+02
  -7.434  0.4921E-06  0.1200E+02
  -7.424  0.6787E-06  0.1200E+02
  -7.414  0.9320E-06  0.1200E+02
  -7.404  0.1274E-05  0.1200E+02
  -7.394  0.1735E-05  0.1200E+02
  -7.384  0.2351E-05  0.1200E+02
  -7.374  0.3174E-05  0.1200E+02
  -7.364  0.4265E-05  0.1200E+02
  -7.354  0.5707E-05  0.1200E+02
  -7.344  0.7605E-05  0.1200E+02
  -7.334  0.1009E-04  0.1200E+02
  -7.324  0.1333E-04  0.1200E+02
  -7.314  0.1754E-04  0.1200E+02
  -7.304  0.2299E-04  0.1200E+02
  -7.294  0.2999E-04  0.1200E+02
  -7.284  0.3897E-04  0.1200E+02
  -7.274  0.5044E-04  0.1200E+02
  -7.264  0.6501E-04  0.1200E+02
  -7.254  0.8344E-04  0.1200E+02
  -7.244  0.1067E-03  0.1200E+02
  -7.234  0.1358E-03  0.1200E+02
  -7.224  0.1722E-03  0.1200E+02
  -7.214  0.2176E-03  0.1200E+02
  -7.204  0.2737E-03  0.1200E+02
  -7.194  0.3430E-03  0.1200E+02
  -7.184  0.4281E-03  0.1200E+02
  -7.174  0.5322E-03  0.1200E+02
  -7.164  0.6591E-03  0.1200E+02
  -7.154  0.8131E-03  0.1200E+02
  -7.144  0.9992E-03  0.1200E+02
  -7.134  0.1223E-02  0.1200E+02
  -7.124  0.1491E-02  0.1200E+02
  -7.114  0.1812E-02  0.1200E+02
  -7.104  0.2192E-02  0.1200E+02
  -7.094  0.2643E-02  0.1200E+02
  -7.084  0.3174E-02  0.1200E+02
  -7.074  0.3798E-02  0.1200E+02
  -7.064  0.4527E-02  0.1200E+02
  -7.054  0.5376E-02  0.1200E+02
  -7.044  0.6360E-02  0.1200E+02
  -7.034  0.7496E-02  0.1200E+02
  -7.024  0.8802E-02  0.1200E+02
  -7.014  0.1030E-01  0.1200E+02
  -7.004  0.1200E-01  0.1200E+02
  -6.994  0.1394E-01  0.1200E+02
  -6.984  0.1613E-01  0.1200E+02
  -6.974  0.1859E-01  0.1200E+02
  -6.964  0.2135E-01  0.1200E+02
  -6.954  0.2444E-01  0.1200E+02
  -6.944  0.2787E-01  0.1200E+02
  -6.934  0.3166E-01  0.1200E+02
  -6.924  0.3584E-01  0.1200E+02
  -6.914  0.4043E-01  0.1200E+02
  -6.904  0.4544E-01  0.1200E+02
  -6.894  0.5090E-01  0.1200E+02
  -6.884  0.5681E-01  0.1200E+02
  -6.874  0.6318E-01  0.1201E+02
  -6.864  0.7003E-01  0.1201E+02
  -6.854  0.7735E-01  0.1201E+02
  -6.844  0.8515E-01  0.1201E+02
  -6.834  0.9342E-01  0.1201E+02
  -6.824  0.1022E+00  0.1201E+02
  -6.814  0.1114E+00  0.1201E+02
  -6.804  0.1210E+00  0.1201E+02
  -6.794  0.1311E+00  0.1201E+02
  -6.784  0.1415E+00  0.1201E+02
  -6.774  0.1524E+00  0.1202E+02
  -6.764  0.1636E+00  0.1202E+02
  -6.754  0.1751E+00  0.1202E+02
  -6.744  0.1869E+00  0.1202E+02
  -6.734  0.1990E+00  0.1202E+02
  -6.724  0.2114E+00  0.1203E+02
  -6.714  0.2240E+00  0.1203E+02
  -6.704  0.2368E+00  0.1203E+02
  -6.694  0.2498E+00  0.1203E+02
  -6.684  0.2630E+00  0.1204E+02
  -6.674  0.2763E+00  0.1204E+02
  -6.664  0.2898E+00  0.1204E+02
  -6.654  0.3035E+00  0.1204E+02
  -6.644  0.3173E+00  0.1205E+02
  -6.634  0.3313E+00  0.1205E+02
  -6.624  0.3454E+00  0.1205E+02
  -6.614  0.3597E+00  0.1206E+02
  -6.604  0.3742E+00  0.1206E+02
  -6.594  0.3888E+00  0.1207E+02
  -6.584  0.4037E+00  0.1207E+02
  -6.574  0.4187E+00  0.1207E+02
  -6.564  0.4340E+00  0.1208E+02
  -6.554  0.4494E+00  0.1208E+02
  -6.544  0.4650E+00  0.1209E+02
  -6.534  0.4808E+00  0.1209E+02
  -6.524  0.4967E+00  0.1210E+02
  -6.514  0.5127E+00  0.1210E+02
  -6.504  0.5288E+00  0.1211E+02
  -6.494  0.5450E+00  0.1211E+02
  -6.484  0.5612E+00  0.1212E+02
  -6.474  0.5773E+00  0.1212E+02
  -6.464  0.5934E+00  0.1213E+02
  -6.454  0.6094E+00  0.1214E+02
  -6.444  0.6252E+00  0.1214E+02
  -6.434  0.6409E+00  0.1215E+02
  -6.424  0.6563E+00  0.1216E+02
  -6.414  0.6716E+00  0.1216E+02
  -6.404  0.6866E+00  0.1217E+02
  -6.394  0.7014E+00  0.1218E+02
  -6.384  0.7161E+00  0.1218E+02
  -6.374  0.7306E+00  0.1219E+02
  -6.364  0.7451E+00  0.1220E+02
  -6.354  0.7595E+00  0.1221E+02
  -6.344  0.7742E+00  0.1221E+02
  -6.334  0.7890E+00  0.1222E+02
  -6.324  0.8043E+00  0.1223E+02
  -6.314  0.8200E+00  0.1224E+02
  -6.304  0.8365E+00  0.1225E+02
  -6.294  0.8539E+00  0.1225E+02
  -6.284  0.8724E+00  0.1226E+02
  -6.274  0.8921E+00  0.1227E+02
  -6.264  0.9133E+00  0.1228E+02
  -6.254  0.9363E+00  0.1229E+02
  -6.244  0.9611E+00  0.1230E+02
  -6.234  0.9881E+00  0.1231E+02
  -6.224  0.1017E+01  0.1232E+02
  -6.214  0.1049E+01  0.1233E+02
  -6.204  0.1084E+01  0.1234E+02
  -6.194  0.1121E+01  0.1235E+02
  -6.184  0.1161E+01  0.1236E+02
  -6.174  0.1204E+01  0.1238E+02
  -6.164  0.1251E+01  0.1239E+02
  -6.154  0.1301E+01  0.1240E+02
  -6.144  0.1354E+01  0.1241E+02
  -6.134  0.1410E+01  0.1243E+02
  -6.124  0.1470E+01  0.1244E+02
  -6.114  0.1533E+01  0.1246E+02
  -6.104  0.1599E+01  0.1248E+02
  -6.094  0.1668E+01  0.1249E+02
  -6.084  0.1740E+01  0.1251E+02
  -6.074  0.1815E+01  0.1253E+02
  -6.064  0.1893E+01  0.1255E+02
  -6.054  0.1973E+01  0.1257E+02
  -6.044  0.2054E+01  0.1259E+02
  -6.034  0.2138E+01  0.1261E+02
  -6.024  0.2222E+01  0.1263E+02
  -6.014  0.2308E+01  0.1265E+02
  -6.004  0.2394E+01  0.1268E+02
  -5.994  0.2480E+01  0.1270E+02
  -5.984  0.2565E+01  0.1273E+02
  -5.974  0.2649E+01  0.1275E+02
  -5.964  0.2732E+01  0.1278E+02
  -5.954  0.2812E+01  0.1281E+02
  -5.944  0.2889E+01  0.1284E+02
  -5.934  0.2963E+01  0.1287E+02
  -5.924  0.3033E+01  0.1290E+02
  -5.914  0.3098E+01  0.1293E+02
  -5.904  0.3157E+01  0.1296E+02
  -5.894  0.3211E+01  0.1299E+02
  -5.884  0.3258E+01  0.1303E+02
  -5.874  0.3299E+01  0.1306E+02
  -5.864  0.3332E+01  0.1309E+02
  -5.854  0.3357E+01  0.1313E+02
  -5.844  0.3374E+01  0.1316E+02
  -5.834  0.3382E+01  0.1319E+02
  -5.824  0.3382E+01  0.1323E+02
  -5.814  0.3373E+01  0.1326E+02
  -5.804  0.3355E+01  0.1329E+02
  -5.794  0.3329E+01  0.1333E+02
  -5.784  0.3293E+01  0.1336E+02
  -5.774  0.3250E+01  0.1339E+02
  -5.764  0.3198E+01  0.1342E+02
  -5.754  0.3138E+01  0.1346E+02
  -5.744  0.3071E+01  0.1349E+02
  -5.734  0.2997E+01  0.1352E+02
  -5.724  0.2917E+01  0.1355E+02
  -5.714  0.2831E+01  0.1357E+02
  -5.704  0.2741E+01  0.1360E+02
  -5.694  0.2646E+01  0.1363E+02
  -5.684  0.2547E+01  0.1365E+02
  -5.674  0.2446E+01  0.1368E+02
  -5.664  0.2343E+01  0.1370E+02
  -5.654  0.2238E+01  0.1372E+02
  -5.644  0.2133E+01  0.1375E+02
  -5.634  0.2029E+01  0.1377E+02
  -5.624  0.1925E+01  0.1378E+02
  -5.614  0.1822E+01  0.1380E+02
  -5.604  0.1722E+01  0.1382E+02
  -5.594  0.1624E+01  0.1384E+02
  -5.584  0.1529E+01  0.1385E+02
  -5.574  0.1438E+01  0.1387E+02
  -5.564  0.1351E+01  0.1388E+02
  -5.554  0.1268E+01  0.1389E+02
  -5.544  0.1189E+01  0.1390E+02
  -5.534  0.1115E+01  0.1392E+02
  -5.524  0.1046E+01  0.1393E+02
  -5.514  0.9809E+00  0.1394E+02
  -5.504  0.9211E+00  0.1394E+02
  -5.494  0.8660E+00  0.1395E+02
  -5.484  0.8157E+00  0.1396E+02
  -5.474  0.7699E+00  0.1397E+02
  -5.464  0.7287E+00  0.1398E+02
  -5.454  0.6918E+00  0.1398E+02
  -5.444  0.6590E+00  0.1399E+02
  -5.434  0.6302E+00  0.1400E+02
  -5.424  0.6053E+00  0.1400E+02
  -5.414  0.5839E+00  0.1401E+02
  -5.404  0.5660E+00  0.1401E+02
  -5.394  0.5514E+00  0.1402E+02
  -5.384  0.5398E+00  0.1403E+02
  -5.374  0.5311E+00  0.1403E+02
  -5.364  0.5252E+00  0.1404E+02
  -5.354  0.5219E+00  0.1404E+02
  -5.344  0.5210E+00  0.1405E+02
  -5.334  0.5225E+00  0.1405E+02
  -5.324  0.5262E+00  0.1406E+02
  -5.314  0.5319E+00  0.1406E+02
  -5.304  0.5396E+00  0.1407E+02
  -5.294  0.5492E+00  0.1407E+02
  -5.284  0.5606E+00  0.1408E+02
  -5.274  0.5736E+00  0.1408E+02
  -5.264  0.5882E+00  0.1409E+02
  -5.254  0.6043E+00  0.1410E+02
  -5.244  0.6218E+00  0.1410E+02
  -5.234  0.6406E+00  0.1411E+02
  -5.224  0.6606E+00  0.1412E+02
  -5.214  0.6817E+00  0.1412E+02
  -5.204  0.7039E+00  0.1413E+02
  -5.194  0.7270E+00  0.1414E+02
  -5.184  0.7511E+00  0.1414E+02
  -5.174  0.7760E+00  0.1415E+02
  -5.164  0.8016E+00  0.1416E+02
  -5.154  0.8281E+00  0.1417E+02
  -5.144  0.8553E+00  0.1418E+02
  -5.134  0.8832E+00  0.1419E+02
  -5.124  0.9119E+00  0.1419E+02
  -5.114  0.9414E+00  0.1420E+02
  -5.104  0.9717E+00  0.1421E+02
  -5.094  0.1003E+01  0.1422E+02
  -5.084  0.1035E+01  0.1423E+02
  -5.074  0.1069E+01  0.1424E+02
  -5.064  0.1104E+01  0.1426E+02
  -5.054  0.1141E+01  0.1427E+02
  -5.044  0.1179E+01  0.1428E+02
  -5.034  0.1219E+01  0.1429E+02
  -5.024  0.1262E+01  0.1430E+02
  -5.014  0.1307E+01  0.1432E+02
  -5.004  0.1354E+01  0.1433E+02
  -4.994  0.1404E+01  0.1434E+02
  -4.984  0.1457E+01  0.1436E+02
  -4.974  0.1513E+01  0.1437E+02
  -4.964  0.1573E+01  0.1439E+02
  -4.954  0.1636E+01  0.1441E+02
  -4.944  0.1701E+01  0.1442E+02
  -4.934  0.1770E+01  0.1444E+02
  -4.924  0.1842E+01  0.1446E+02
  -4.914  0.1917E+01  0.1448E+02
  -4.904  0.1995E+01  0.1450E+02
  -4.894  0.2074E+01  0.1452E+02
  -4.884  0.2155E+01  0.1454E+02
  -4.874  0.2238E+01  0.1456E+02
  -4.864  0.2320E+01  0.1459E+02
  -4.854  0.2403E+01  0.1461E+02
  -4.844  0.2485E+01  0.1464E+02
  -4.834  0.2565E+01  0.1466E+02
  -4.824  0.2643E+01  0.1469E+02
  -4.814  0.2717E+01  0.1471E+02
  -4.804  0.2788E+01  0.1474E+02
  -4.794  0.2853E+01  0.1477E+02
  -4.784  0.2913E+01  0.1480E+02
  -4.774  0.2966E+01  0.1483E+02
  -4.764  0.3012E+01  0.1486E+02
  -4.754  0.3051E+01  0.1489E+02
  -4.744  0.3081E+01  0.1492E+02
  -4.734  0.3103E+01  0.1495E+02
  -4.724  0.3116E+01  0.1498E+02
  -4.714  0.3119E+01  0.1501E+02
  -4.704  0.3114E+01  0.1505E+02
  -4.694  0.3099E+01  0.1508E+02
  -4.684  0.3076E+01  0.1511E+02
  -4.674  0.3045E+01  0.1514E+02
  -4.664  0.3005E+01  0.1517E+02
  -4.654  0.2958E+01  0.1520E+02
  -4.644  0.2904E+01  0.1523E+02
  -4.634  0.2844E+01  0.1525E+02
  -4.624  0.2779E+01  0.1528E+02
  -4.614  0.2708E+01  0.1531E+02
  -4.604  0.2634E+01  0.1534E+02
  -4.594  0.2558E+01  0.1536E+02
  -4.584  0.2478E+01  0.1539E+02
  -4.574  0.2398E+01  0.1541E+02
  -4.564  0.2316E+01  0.1543E+02
  -4.554  0.2235E+01  0.1546E+02
  -4.544  0.2154E+01  0.1548E+02
  -4.534  0.2075E+01  0.1550E+02
  -4.524  0.1997E+01  0.1552E+02
  -4.514  0.1921E+01  0.1554E+02
  -4.504  0.1847E+01  0.1556E+02
  -4.494  0.1776E+01  0.1557E+02
  -4.484  0.1708E+01  0.1559E+02
  -4.474  0.1643E+01  0.1561E+02
  -4.464  0.1580E+01  0.1562E+02
  -4.454  0.1521E+01  0.1564E+02
  -4.444  0.1465E+01  0.1565E+02
  -4.434  0.1412E+01  0.1567E+02
  -4.424  0.1361E+01  0.1568E+02
  -4.414  0.1313E+01  0.1569E+02
  -4.404  0.1268E+01  0.1571E+02
  -4.394  0.1226E+01  0.1572E+02
  -4.384  0.1185E+01  0.1573E+02
  -4.374  0.1147E+01  0.1574E+02
  -4.364  0.1111E+01  0.1575E+02
  -4.354  0.1077E+01  0.1576E+02
  -4.344  0.1044E+01  0.1577E+02
  -4.334  0.1014E+01  0.1578E+02
  -4.324  0.9857E+00  0.1579E+02
  -4.314  0.9591E+00  0.1580E+02
  -4.304  0.9345E+00  0.1581E+02
  -4.294  0.9118E+00  0.1582E+02
  -4.284  0.8912E+00  0.1583E+02
  -4.274  0.8727E+00  0.1584E+02
  -4.264  0.8565E+00  0.1585E+02
  -4.254  0.8428E+00  0.1586E+02
  -4.244  0.8316E+00  0.1587E+02
  -4.234  0.8232E+00  0.1587E+02
  -4.224  0.8178E+00  0.1588E+02
  -4.214  0.8155E+00  0.1589E+02
  -4.204  0.8165E+00  0.1590E+02
  -4.194  0.8210E+00  0.1591E+02
  -4.184  0.8291E+00  0.1591E+02
  -4.174  0.8411E+00  0.1592E+02
  -4.164  0.8569E+00  0.1593E+02
  -4.154  0.8768E+00  0.1594E+02
  -4.144  0.9008E+00  0.1595E+02
  -4.134  0.9289E+00  0.1596E+02
  -4.124  0.9612E+00  0.1597E+02
  -4.114  0.9976E+00  0.1598E+02
  -4.104  0.1038E+01  0.1599E+02
  -4.094  0.1083E+01  0.1600E+02
  -4.084  0.1131E+01  0.1601E+02
  -4.074  0.1183E+01  0.1602E+02
  -4.064  0.1238E+01  0.1603E+02
  -4.054  0.1296E+01  0.1605E+02
  -4.044  0.1357E+01  0.1606E+02
  -4.034  0.1421E+01  0.1608E+02
  -4.024  0.1487E+01  0.1609E+02
  -4.014  0.1554E+01  0.1611E+02
  -4.004  0.1623E+01  0.1612E+02
  -3.994  0.1692E+01  0.1614E+02
  -3.984  0.1761E+01  0.1616E+02
  -3.974  0.1831E+01  0.1617E+02
  -3.964  0.1900E+01  0.1619E+02
  -3.954  0.1967E+01  0.1621E+02
  -3.944  0.2033E+01  0.1623E+02
  -3.934  0.2097E+01  0.1625E+02
  -3.924  0.2159E+01  0.1628E+02
  -3.914  0.2218E+01  0.1630E+02
  -3.904  0.2273E+01  0.1632E+02
  -3.894  0.2326E+01  0.1634E+02
  -3.884  0.2374E+01  0.1637E+02
  -3.874  0.2419E+01  0.1639E+02
  -3.864  0.2459E+01  0.1642E+02
  -3.854  0.2495E+01  0.1644E+02
  -3.844  0.2527E+01  0.1647E+02
  -3.834  0.2555E+01  0.1649E+02
  -3.824  0.2578E+01  0.1652E+02
  -3.814  0.2597E+01  0.1654E+02
  -3.804  0.2612E+01  0.1657E+02
  -3.794  0.2623E+01  0.1660E+02
  -3.784  0.2630E+01  0.1662E+02
  -3.774  0.2633E+01  0.1665E+02
  -3.764  0.2632E+01  0.1668E+02
  -3.754  0.2628E+01  0.1670E+02
  -3.744  0.2622E+01  0.1673E+02
  -3.734  0.2612E+01  0.1675E+02
  -3.724  0.2600E+01  0.1678E+02
  -3.714  0.2585E+01  0.1681E+02
  -3.704  0.2568E+01  0.1683E+02
  -3.694  0.2549E+01  0.1686E+02
  -3.684  0.2528E+01  0.1688E+02
  -3.674  0.2506E+01  0.1691E+02
  -3.664  0.2482E+01  0.1693E+02
  -3.654  0.2458E+01  0.1696E+02
  -3.644  0.2432E+01  0.1698E+02
  -3.634  0.2405E+01  0.1701E+02
  -3.624  0.2378E+01  0.1703E+02
  -3.614  0.2350E+01  0.1705E+02
  -3.604  0.2321E+01  0.1708E+02
  -3.594  0.2292E+01  0.1710E+02
  -3.584  0.2263E+01  0.1712E+02
  -3.574  0.2233E+01  0.1714E+02
  -3.564  0.2203E+01  0.1717E+02
  -3.554  0.2173E+01  0.1719E+02
  -3.544  0.2143E+01  0.1721E+02
  -3.534  0.2113E+01  0.1723E+02
  -3.524  0.2083E+01  0.1725E+02
  -3.514  0.2053E+01  0.1727E+02
  -3.504  0.2024E+01  0.1729E+02
  -3.494  0.1994E+01  0.1731E+02
  -3.484  0.1965E+01  0.1733E+02
  -3.474  0.1936E+01  0.1735E+02
  -3.464  0.1907E+01  0.1737E+02
  -3.454  0.1879E+01  0.1739E+02
  -3.444  0.1851E+01  0.1741E+02
  -3.434  0.1824E+01  0.1743E+02
  -3.424  0.1797E+01  0.1744E+02
  -3.414  0.1771E+01  0.1746E+02
  -3.404  0.1746E+01  0.1748E+02
  -3.394  0.1721E+01  0.1750E+02
  -3.384  0.1698E+01  0.1751E+02
  -3.374  0.1676E+01  0.1753E+02
  -3.364  0.1655E+01  0.1755E+02
  -3.354  0.1636E+01  0.1756E+02
  -3.344  0.1619E+01  0.1758E+02
  -3.334  0.1604E+01  0.1759E+02
  -3.324  0.1591E+01  0.1761E+02
  -3.314  0.1582E+01  0.1763E+02
  -3.304  0.1576E+01  0.1764E+02
  -3.294  0.1573E+01  0.1766E+02
  -3.284  0.1576E+01  0.1767E+02
  -3.274  0.1583E+01  0.1769E+02
  -3.264  0.1595E+01  0.1771E+02
  -3.254  0.1614E+01  0.1772E+02
  -3.244  0.1640E+01  0.1774E+02
  -3.234  0.1673E+01  0.1775E+02
  -3.224  0.1714E+01  0.1777E+02
  -3.214  0.1765E+01  0.1779E+02
  -3.204  0.1824E+01  0.1781E+02
  -3.194  0.1894E+01  0.1783E+02
  -3.184  0.1975E+01  0.1785E+02
  -3.174  0.2068E+01  0.1787E+02
  -3.164  0.2172E+01  0.1789E+02
  -3.154  0.2288E+01  0.1791E+02
  -3.144  0.2418E+01  0.1794E+02
  -3.134  0.2560E+01  0.1796E+02
  -3.124  0.2715E+01  0.1799E+02
  -3.114  0.2883E+01  0.1802E+02
  -3.104  0.3063E+01  0.1805E+02
  -3.094  0.3256E+01  0.1808E+02
  -3.084  0.3460E+01  0.1812E+02
  -3.074  0.3676E+01  0.1815E+02
  -3.064  0.3901E+01  0.1819E+02
  -3.054  0.4135E+01  0.1823E+02
  -3.044  0.4377E+01  0.1828E+02
  -3.034  0.4625E+01  0.1832E+02
  -3.024  0.4877E+01  0.1837E+02
  -3.014  0.5132E+01  0.1842E+02
  -3.004  0.5388E+01  0.1848E+02
  -2.994  0.5643E+01  0.1853E+02
  -2.984  0.5896E+01  0.1859E+02
  -2.974  0.6143E+01  0.1865E+02
  -2.964  0.6384E+01  0.1872E+02
  -2.954  0.6616E+01  0.1878E+02
  -2.944  0.6837E+01  0.1885E+02
  -2.934  0.7047E+01  0.1892E+02
  -2.924  0.7242E+01  0.1899E+02
  -2.914  0.7422E+01  0.1907E+02
  -2.904  0.7585E+01  0.1914E+02
  -2.894  0.7731E+01  0.1922E+02
  -2.884  0.7859E+01  0.1930E+02
  -2.874  0.7968E+01  0.1938E+02
  -2.864  0.8057E+01  0.1946E+02
  -2.854  0.8127E+01  0.1954E+02
  -2.844  0.8178E+01  0.1962E+02
  -2.834  0.8210E+01  0.1971E+02
  -2.824  0.8224E+01  0.1979E+02
  -2.814  0.8221E+01  0.1987E+02
  -2.804  0.8201E+01  0.1995E+02
  -2.794  0.8166E+01  0.2003E+02
  -2.784  0.8117E+01  0.2012E+02
  -2.774  0.8056E+01  0.2020E+02
  -2.764  0.7983E+01  0.2028E+02
  -2.754  0.7902E+01  0.2035E+02
  -2.744  0.7812E+01  0.2043E+02
  -2.734  0.7716E+01  0.2051E+02
  -2.724  0.7615E+01  0.2059E+02
  -2.714  0.7510E+01  0.2066E+02
  -2.704  0.7404E+01  0.2074E+02
  -2.694  0.7297E+01  0.2081E+02
  -2.684  0.7191E+01  0.2088E+02
  -2.674  0.7086E+01  0.2095E+02
  -2.664  0.6983E+01  0.2102E+02
  -2.654  0.6884E+01  0.2109E+02
  -2.644  0.6789E+01  0.2116E+02
  -2.634  0.6698E+01  0.2122E+02
  -2.624  0.6612E+01  0.2129E+02
  -2.614  0.6532E+01  0.2136E+02
  -2.604  0.6456E+01  0.2142E+02
  -2.594  0.6387E+01  0.2148E+02
  -2.584  0.6322E+01  0.2155E+02
  -2.574  0.6262E+01  0.2161E+02
  -2.564  0.6207E+01  0.2167E+02
  -2.554  0.6156E+01  0.2173E+02
  -2.544  0.6110E+01  0.2179E+02
  -2.534  0.6066E+01  0.2186E+02
  -2.524  0.6025E+01  0.2192E+02
  -2.514  0.5987E+01  0.2198E+02
  -2.504  0.5950E+01  0.2204E+02
  -2.494  0.5914E+01  0.2209E+02
  -2.484  0.5878E+01  0.2215E+02
  -2.474  0.5842E+01  0.2221E+02
  -2.464  0.5804E+01  0.2227E+02
  -2.454  0.5765E+01  0.2233E+02
  -2.444  0.5724E+01  0.2238E+02
  -2.434  0.5680E+01  0.2244E+02
  -2.424  0.5633E+01  0.2250E+02
  -2.414  0.5581E+01  0.2255E+02
  -2.404  0.5526E+01  0.2261E+02
  -2.394  0.5466E+01  0.2266E+02
  -2.384  0.5401E+01  0.2272E+02
  -2.374  0.5330E+01  0.2277E+02
  -2.364  0.5255E+01  0.2282E+02
  -2.354  0.5174E+01  0.2287E+02
  -2.344  0.5087E+01  0.2293E+02
  -2.334  0.4995E+01  0.2298E+02
  -2.324  0.4898E+01  0.2302E+02
  -2.314  0.4795E+01  0.2307E+02
  -2.304  0.4687E+01  0.2312E+02
  -2.294  0.4574E+01  0.2317E+02
  -2.284  0.4457E+01  0.2321E+02
  -2.274  0.4335E+01  0.2325E+02
  -2.264  0.4210E+01  0.2330E+02
  -2.254  0.4081E+01  0.2334E+02
  -2.244  0.3948E+01  0.2338E+02
  -2.234  0.3813E+01  0.2341E+02
  -2.224  0.3676E+01  0.2345E+02
  -2.214  0.3537E+01  0.2349E+02
  -2.204  0.3397E+01  0.2352E+02
  -2.194  0.3255E+01  0.2355E+02
  -2.184  0.3114E+01  0.2358E+02
  -2.174  0.2972E+01  0.2361E+02
  -2.164  0.2831E+01  0.2364E+02
  -2.154  0.2691E+01  0.2367E+02
  -2.144  0.2552E+01  0.2369E+02
  -2.134  0.2415E+01  0.2372E+02
  -2.124  0.2281E+01  0.2374E+02
  -2.114  0.2149E+01  0.2376E+02
  -2.104  0.2019E+01  0.2378E+02
  -2.094  0.1893E+01  0.2380E+02
  -2.084  0.1771E+01  0.2382E+02
  -2.074  0.1652E+01  0.2384E+02
  -2.064  0.1538E+01  0.2385E+02
  -2.054  0.1427E+01  0.2387E+02
  -2.044  0.1321E+01  0.2388E+02
  -2.034  0.1220E+01  0.2389E+02
  -2.024  0.1123E+01  0.2390E+02
  -2.014  0.1031E+01  0.2391E+02
  -2.004  0.9438E+00  0.2392E+02
  -1.994  0.8614E+00  0.2393E+02
  -1.984  0.7840E+00  0.2394E+02
  -1.974  0.7113E+00  0.2395E+02
  -1.964  0.6434E+00  0.2395E+02
  -1.954  0.5801E+00  0.2396E+02
  -1.944  0.5214E+00  0.2396E+02
  -1.934  0.4671E+00  0.2397E+02
  -1.924  0.4171E+00  0.2397E+02
  -1.914  0.3712E+00  0.2398E+02
  -1.904  0.3292E+00  0.2398E+02
  -1.894  0.2910E+00  0.2398E+02
  -1.884  0.2564E+00  0.2398E+02
  -1.874  0.2250E+00  0.2399E+02
  -1.864  0.1968E+00  0.2399E+02
  -1.854  0.1715E+00  0.2399E+02
  -1.844  0.1490E+00  0.2399E+02
  -1.834  0.1289E+00  0.2399E+02
  -1.824  0.1111E+00  0.2399E+02
  -1.814  0.9543E-01  0.2399E+02
  -1.804  0.8165E-01  0.2400E+02
  -1.794  0.6960E-01  0.2400E+02
  -1.784  0.5910E-01  0.2400E+02
  -1.774  0.4999E-01  0.2400E+02
  -1.764  0.4212E-01  0.2400E+02
  -1.754  0.3535E-01  0.2400E+02
  -1.744  0.2956E-01  0.2400E+02
  -1.734  0.2461E-01  0.2400E+02
  -1.724  0.2042E-01  0.2400E+02
  -1.714  0.1687E-01  0.2400E+02
  -1.704  0.1388E-01  0.2400E+02
  -1.694  0.1138E-01  0.2400E+02
  -1.684  0.9287E-02  0.2400E+02
  -1.674  0.7550E-02  0.2400E+02
  -1.664  0.6113E-02  0.2400E+02
  -1.654  0.4929E-02  0.2400E+02
  -1.644  0.3959E-02  0.2400E+02
  -1.634  0.3166E-02  0.2400E+02
  -1.624  0.2522E-02  0.2400E+02
  -1.614  0.2000E-02  0.2400E+02
  -1.604  0.1580E-02  0.2400E+02
  -1.594  0.1243E-02  0.2400E+02
  -1.584  0.9735E-03  0.2400E+02
  -1.574  0.7593E-03  0.2400E+02
  -1.564  0.5898E-03  0.2400E+02
  -1.554  0.4562E-03  0.2400E+02
  -1.544  0.3514E-03  0.2400E+02
  -1.534  0.2695E-03  0.2400E+02
  -1.524  0.2058E-03  0.2400E+02
  -1.514  0.1565E-03  0.2400E+02
  -1.504  0.1185E-03  0.2400E+02
  -1.494  0.8938E-04  0.2400E+02
  -1.484  0.6712E-04  0.2400E+02
  -1.474  0.5021E-04  0.2400E+02
  -1.464  0.3742E-04  0.2400E+02
  -1.454  0.2780E-04  0.2400E+02
  -1.444  0.2062E-04  0.2400E+02
  -1.434  0.1530E-04  0.2400E+02
  -1.424  0.1142E-04  0.2400E+02
  -1.414  0.8649E-05  0.2400E+02
  -1.404  0.6751E-05  0.2400E+02
  -1.394  0.5566E-05  0.2400E+02
  -1.384  0.4995E-05  0.2400E+02
  -1.374  0.4997E-05  0.2400E+02
  -1.364  0.5584E-05  0.2400E+02
  -1.354  0.6828E-05  0.2400E+02
  -1.344  0.8867E-05  0.2400E+02
  -1.334  0.1191E-04  0.2400E+02
  -1.324  0.1628E-04  0.2400E+02
  -1.314  0.2239E-04  0.2400E+02
  -1.304  0.3085E-04  0.2400E+02
  -1.294  0.4242E-04  0.2400E+02
  -1.284  0.5817E-04  0.2400E+02
  -1.274  0.7946E-04  0.2400E+02
  -1.264  0.1081E-03  0.2400E+02
  -1.254  0.1464E-03  0.2400E+02
  -1.244  0.1975E-03  0.2400E+02
  -1.234  0.2652E-03  0.2400E+02
  -1.224  0.3545E-03  0.2400E+02
  -1.214  0.4719E-03  0.2400E+02
  -1.204  0.6252E-03  0.2400E+02
  -1.194  0.8248E-03  0.2400E+02
  -1.184  0.1083E-02  0.2400E+02
  -1.174  0.1416E-02  0.2400E+02
  -1.164  0.1844E-02  0.2400E+02
  -1.154  0.2390E-02  0.2400E+02
  -1.144  0.3084E-02  0.2400E+02
  -1.134  0.3962E-02  0.2400E+02
  -1.124  0.5068E-02  0.2400E+02
  -1.114  0.6454E-02  0.2400E+02
  -1.104  0.8182E-02  0.2400E+02
  -1.094  0.1033E-01  0.2400E+02
  -1.084  0.1298E-01  0.2400E+02
  -1.074  0.1625E-01  0.2400E+02
  -1.064  0.2024E-01  0.2400E+02
  -1.054  0.2511E-01  0.2400E+02
  -1.044  0.3102E-01  0.2400E+02
  -1.034  0.3815E-01  0.2400E+02
  -1.024  0.4672E-01  0.2400E+02
  -1.014  0.5697E-01  0.2400E+02
  -1.004  0.6916E-01  0.2400E+02
  -0.994  0.8361E-01  0.2400E+02
  -0.984  0.1006E+00  0.2401E+02
  -0.974  0.1206E+00  0.2401E+02
  -0.964  0.1440E+00  0.2401E+02
  -0.954  0.1711E+00  0.2401E+02
  -0.944  0.2025E+00  0.2401E+02
  -0.934  0.2386E+00  0.2401E+02
  -0.924  0.2800E+00  0.2402E+02
  -0.914  0.3271E+00  0.2402E+02
  -0.904  0.3807E+00  0.2402E+02
  -0.894  0.4411E+00  0.2403E+02
  -0.884  0.5090E+00  0.2403E+02
  -0.874  0.5849E+00  0.2404E+02
  -0.864  0.6694E+00  0.2405E+02
  -0.854  0.7630E+00  0.2405E+02
  -0.844  0.8660E+00  0.2406E+02
  -0.834  0.9790E+00  0.2407E+02
  -0.824  0.1102E+01  0.2408E+02
  -0.814  0.1236E+01  0.2410E+02
  -0.804  0.1380E+01  0.2411E+02
  -0.794  0.1535E+01  0.2412E+02
  -0.784  0.1701E+01  0.2414E+02
  -0.774  0.1877E+01  0.2416E+02
  -0.764  0.2063E+01  0.2418E+02
  -0.754  0.2259E+01  0.2420E+02
  -0.744  0.2464E+01  0.2423E+02
  -0.734  0.2678E+01  0.2426E+02
  -0.724  0.2898E+01  0.2428E+02
  -0.714  0.3125E+01  0.2432E+02
  -0.704  0.3357E+01  0.2435E+02
  -0.694  0.3594E+01  0.2438E+02
  -0.684  0.3833E+01  0.2442E+02
  -0.674  0.4072E+01  0.2446E+02
  -0.664  0.4312E+01  0.2451E+02
  -0.654  0.4550E+01  0.2455E+02
  -0.644  0.4784E+01  0.2460E+02
  -0.634  0.5014E+01  0.2465E+02
  -0.624  0.5237E+01  0.2470E+02
  -0.614  0.5452E+01  0.2476E+02
  -0.604  0.5658E+01  0.2481E+02
  -0.594  0.5854E+01  0.2487E+02
  -0.584  0.6038E+01  0.2493E+02
  -0.574  0.6210E+01  0.2500E+02
  -0.564  0.6369E+01  0.2506E+02
  -0.554  0.6514E+01  0.2512E+02
  -0.544  0.6645E+01  0.2519E+02
  -0.534  0.6762E+01  0.2526E+02
  -0.524  0.6864E+01  0.2533E+02
  -0.514  0.6953E+01  0.2540E+02
  -0.504  0.7027E+01  0.2547E+02
  -0.494  0.7088E+01  0.2554E+02
  -0.484  0.7137E+01  0.2561E+02
  -0.474  0.7174E+01  0.2568E+02
  -0.464  0.7200E+01  0.2575E+02
  -0.454  0.7216E+01  0.2582E+02
  -0.444  0.7223E+01  0.2590E+02
  -0.434  0.7222E+01  0.2597E+02
  -0.424  0.7215E+01  0.2604E+02
  -0.414  0.7202E+01  0.2611E+02
  -0.404  0.7185E+01  0.2619E+02
  -0.394  0.7165E+01  0.2626E+02
  -0.384  0.7142E+01  0.2633E+02
  -0.374  0.7118E+01  0.2640E+02
  -0.364  0.7094E+01  0.2647E+02
  -0.354  0.7069E+01  0.2654E+02
  -0.344  0.7046E+01  0.2661E+02
  -0.334  0.7024E+01  0.2668E+02
  -0.324  0.7004E+01  0.2675E+02
  -0.314  0.6986E+01  0.2682E+02
  -0.304  0.6971E+01  0.2689E+02
  -0.294  0.6959E+01  0.2696E+02
  -0.284  0.6949E+01  0.2703E+02
  -0.274  0.6943E+01  0.2710E+02
  -0.264  0.6939E+01  0.2717E+02
  -0.254  0.6937E+01  0.2724E+02
  -0.244  0.6938E+01  0.2731E+02
  -0.234  0.6941E+01  0.2738E+02
  -0.224  0.6945E+01  0.2745E+02
  -0.214  0.6951E+01  0.2752E+02
  -0.204  0.6958E+01  0.2759E+02
  -0.194  0.6965E+01  0.2766E+02
  -0.184  0.6972E+01  0.2773E+02
  -0.174  0.6978E+01  0.2780E+02
  -0.164  0.6984E+01  0.2786E+02
  -0.154  0.6987E+01  0.2793E+02
  -0.144  0.6989E+01  0.2800E+02
  -0.134  0.6988E+01  0.2807E+02
  -0.124  0.6985E+01  0.2814E+02
  -0.114  0.6978E+01  0.2821E+02
  -0.104  0.6968E+01  0.2828E+02
  -0.094  0.6953E+01  0.2835E+02
  -0.084  0.6935E+01  0.2842E+02
  -0.074  0.6912E+01  0.2849E+02
  -0.064  0.6885E+01  0.2856E+02
  -0.054  0.6853E+01  0.2863E+02
  -0.044  0.6817E+01  0.2870E+02
  -0.034  0.6777E+01  0.2877E+02
  -0.024  0.6734E+01  0.2883E+02
  -0.014  0.6687E+01  0.2890E+02
  -0.004  0.6636E+01  0.2897E+02
   0.006  0.6584E+01  0.2903E+02
   0.016  0.6529E+01  0.2910E+02
   0.026  0.6474E+01  0.2916E+02
   0.036  0.6418E+01  0.2923E+02
   0.046  0.6362E+01  0.2929E+02
   0.056  0.6308E+01  0.2935E+02
   0.066  0.6256E+01  0.2942E+02
   0.076  0.6206E+01  0.2948E+02
   0.086  0.6160E+01  0.2954E+02
   0.096  0.6118E+01  0.2960E+02
   0.106  0.6082E+01  0.2966E+02
   0.116  0.6050E+01  0.2972E+02
   0.126  0.6025E+01  0.2978E+02
   0.136  0.6007E+01  0.2984E+02
   0.146  0.5995E+01  0.2990E+02
   0.156  0.5990E+01  0.2996E+02
   0.166  0.5992E+01  0.3002E+02
   0.176  0.6001E+01  0.3008E+02
   0.186  0.6018E+01  0.3014E+02
   0.196  0.6040E+01  0.3020E+02
   0.206  0.6069E+01  0.3026E+02
   0.216  0.6104E+01  0.3032E+02
   0.226  0.6145E+01  0.3039E+02
   0.236  0.6190E+01  0.3045E+02
   0.246  0.6240E+01  0.3051E+02
   0.256  0.6293E+01  0.3057E+02
   0.266  0.6350E+01  0.3064E+02
   0.276  0.6409E+01  0.3070E+02
   0.286  0.6470E+01  0.3076E+02
   0.296  0.6533E+01  0.3083E+02
   0.306  0.6598E+01  0.3090E+02
   0.316  0.6663E+01  0.3096E+02
   0.326  0.6728E+01  0.3103E+02
   0.336  0.6793E+01  0.3110E+02
   0.346  0.6858E+01  0.3117E+02
   0.356  0.6922E+01  0.3124E+02
   0.366  0.6986E+01  0.3131E+02
   0.376  0.7048E+01  0.3138E+02
   0.386  0.7109E+01  0.3145E+02
   0.396  0.7168E+01  0.3152E+02
   0.406  0.7225E+01  0.3159E+02
   0.416  0.7280E+01  0.3166E+02
   0.426  0.7333E+01  0.3174E+02
   0.436  0.7382E+01  0.3181E+02
   0.446  0.7427E+01  0.3189E+02
   0.456  0.7469E+01  0.3196E+02
   0.466  0.7506E+01  0.3203E+02
   0.476  0.7539E+01  0.3211E+02
   0.486  0.7565E+01  0.3219E+02
   0.496  0.7586E+01  0.3226E+02
   0.506  0.7600E+01  0.3234E+02
   0.516  0.7606E+01  0.3241E+02
   0.526  0.7605E+01  0.3249E+02
   0.536  0.7597E+01  0.3257E+02
   0.546  0.7580E+01  0.3264E+02
   0.556  0.7555E+01  0.3272E+02
   0.566  0.7522E+01  0.3279E+02
   0.576  0.7481E+01  0.3287E+02
   0.586  0.7432E+01  0.3294E+02
   0.596  0.7376E+01  0.3302E+02
   0.606  0.7314E+01  0.3309E+02
   0.616  0.7245E+01  0.3316E+02
   0.626  0.7173E+01  0.3323E+02
   0.636  0.7096E+01  0.3330E+02
   0.646  0.7017E+01  0.3337E+02
   0.656  0.6937E+01  0.3344E+02
   0.666  0.6857E+01  0.3351E+02
   0.676  0.6779E+01  0.3358E+02
   0.686  0.6703E+01  0.3365E+02
   0.696  0.6633E+01  0.3371E+02
   0.706  0.6567E+01  0.3378E+02
   0.716  0.6509E+01  0.3384E+02
   0.726  0.6460E+01  0.3391E+02
   0.736  0.6419E+01  0.3397E+02
   0.746  0.6389E+01  0.3404E+02
   0.756  0.6369E+01  0.3410E+02
   0.766  0.6361E+01  0.3416E+02
   0.776  0.6365E+01  0.3423E+02
   0.786  0.6381E+01  0.3429E+02
   0.796  0.6409E+01  0.3436E+02
   0.806  0.6449E+01  0.3442E+02
   0.816  0.6500E+01  0.3448E+02
   0.826  0.6562E+01  0.3455E+02
   0.836  0.6635E+01  0.3462E+02
   0.846  0.6717E+01  0.3468E+02
   0.856  0.6807E+01  0.3475E+02
   0.866  0.6905E+01  0.3482E+02
   0.876  0.7009E+01  0.3489E+02
   0.886  0.7117E+01  0.3496E+02
   0.896  0.7229E+01  0.3503E+02
   0.906  0.7344E+01  0.3511E+02
   0.916  0.7459E+01  0.3518E+02
   0.926  0.7573E+01  0.3526E+02
   0.936  0.7686E+01  0.3533E+02
   0.946  0.7795E+01  0.3541E+02
   0.956  0.7901E+01  0.3549E+02
   0.966  0.8001E+01  0.3557E+02
   0.976  0.8094E+01  0.3565E+02
   0.986  0.8180E+01  0.3573E+02
   0.996  0.8258E+01  0.3582E+02
   1.006  0.8327E+01  0.3590E+02
   1.016  0.8387E+01  0.3598E+02
   1.026  0.8437E+01  0.3607E+02
   1.036  0.8478E+01  0.3615E+02
   1.046  0.8509E+01  0.3624E+02
   1.056  0.8530E+01  0.3632E+02
   1.066  0.8542E+01  0.3641E+02
   1.076  0.8546E+01  0.3649E+02
   1.086  0.8540E+01  0.3658E+02
   1.096  0.8528E+01  0.3667E+02
   1.106  0.8508E+01  0.3675E+02
   1.116  0.8482E+01  0.3684E+02
   1.126  0.8452E+01  0.3692E+02
   1.136  0.8418E+01  0.3700E+02
   1.146  0.8380E+01  0.3709E+02
   1.156  0.8341E+01  0.3717E+02
   1.166  0.8302E+01  0.3725E+02
   1.176  0.8262E+01  0.3734E+02
   1.186  0.8224E+01  0.3742E+02
   1.196  0.8188E+01  0.3750E+02
   1.206  0.8156E+01  0.3758E+02
   1.216  0.8127E+01  0.3766E+02
   1.226  0.8103E+01  0.3774E+02
   1.236  0.8083E+01  0.3783E+02
   1.246  0.8070E+01  0.3791E+02
   1.256  0.8062E+01  0.3799E+02
   1.266  0.8060E+01  0.3807E+02
   1.276  0.8063E+01  0.3815E+02
   1.286  0.8073E+01  0.3823E+02
   1.296  0.8087E+01  0.3831E+02
   1.306  0.8107E+01  0.3839E+02
   1.316  0.8132E+01  0.3847E+02
   1.326  0.8161E+01  0.3855E+02
   1.336  0.8193E+01  0.3864E+02
   1.346  0.8229E+01  0.3872E+02
   1.356  0.8267E+01  0.3880E+02
   1.366  0.8306E+01  0.3888E+02
   1.376  0.8346E+01  0.3897E+02
   1.386  0.8387E+01  0.3905E+02
   1.396  0.8427E+01  0.3914E+02
   1.406  0.8466E+01  0.3922E+02
   1.416  0.8504E+01  0.3931E+02
   1.426  0.8539E+01  0.3939E+02
   1.436  0.8572E+01  0.3948E+02
   1.446  0.8601E+01  0.3956E+02
   1.456  0.8627E+01  0.3965E+02
   1.466  0.8649E+01  0.3974E+02
   1.476  0.8667E+01  0.3982E+02
   1.486  0.8680E+01  0.3991E+02
   1.496  0.8689E+01  0.4000E+02
   1.506  0.8693E+01  0.4008E+02
   1.516  0.8692E+01  0.4017E+02
   1.526  0.8686E+01  0.4026E+02
   1.536  0.8676E+01  0.4034E+02
   1.546  0.8660E+01  0.4043E+02
   1.556  0.8640E+01  0.4052E+02
   1.566  0.8615E+01  0.4060E+02
   1.576  0.8586E+01  0.4069E+02
   1.586  0.8552E+01  0.4077E+02
   1.596  0.8514E+01  0.4086E+02
   1.606  0.8472E+01  0.4094E+02
   1.616  0.8426E+01  0.4103E+02
   1.626  0.8376E+01  0.4111E+02
   1.636  0.8324E+01  0.4119E+02
   1.646  0.8268E+01  0.4128E+02
   1.656  0.8210E+01  0.4136E+02
   1.666  0.8150E+01  0.4144E+02
   1.676  0.8088E+01  0.4152E+02
   1.686  0.8024E+01  0.4160E+02
   1.696  0.7958E+01  0.4168E+02
   1.706  0.7892E+01  0.4176E+02
   1.716  0.7825E+01  0.4184E+02
   1.726  0.7757E+01  0.4192E+02
   1.736  0.7689E+01  0.4199E+02
   1.746  0.7620E+01  0.4207E+02
   1.756  0.7552E+01  0.4214E+02
   1.766  0.7484E+01  0.4222E+02
   1.776  0.7416E+01  0.4229E+02
   1.786  0.7348E+01  0.4237E+02
   1.796  0.7281E+01  0.4244E+02
   1.806  0.7214E+01  0.4251E+02
   1.816  0.7148E+01  0.4258E+02
   1.826  0.7083E+01  0.4265E+02
   1.836  0.7018E+01  0.4272E+02
   1.846  0.6953E+01  0.4279E+02
   1.856  0.6890E+01  0.4286E+02
   1.866  0.6827E+01  0.4293E+02
   1.876  0.6765E+01  0.4300E+02
   1.886  0.6705E+01  0.4307E+02
   1.896  0.6646E+01  0.4313E+02
   1.906  0.6589E+01  0.4320E+02
   1.916  0.6533E+01  0.4326E+02
   1.926  0.6480E+01  0.4333E+02
   1.936  0.6429E+01  0.4339E+02
   1.946  0.6382E+01  0.4346E+02
   1.956  0.6338E+01  0.4352E+02
   1.966  0.6297E+01  0.4358E+02
   1.976  0.6261E+01  0.4365E+02
   1.986  0.6230E+01  0.4371E+02
   1.996  0.6204E+01  0.4377E+02
   2.006  0.6183E+01  0.4383E+02
   2.016  0.6168E+01  0.4389E+02
   2.026  0.6159E+01  0.4396E+02
   2.036  0.6156E+01  0.4402E+02
   2.046  0.6160E+01  0.4408E+02
   2.056  0.6171E+01  0.4414E+02
   2.066  0.6188E+01  0.4420E+02
   2.076  0.6212E+01  0.4426E+02
   2.086  0.6242E+01  0.4433E+02
   2.096  0.6278E+01  0.4439E+02
   2.106  0.6320E+01  0.4445E+02
   2.116  0.6367E+01  0.4452E+02
   2.126  0.6420E+01  0.4458E+02
   2.136  0.6477E+01  0.4465E+02
   2.146  0.6537E+01  0.4471E+02
   2.156  0.6601E+01  0.4478E+02
   2.166  0.6667E+01  0.4484E+02
   2.176  0.6734E+01  0.4491E+02
   2.186  0.6803E+01  0.4498E+02
   2.196  0.6871E+01  0.4505E+02
   2.206  0.6939E+01  0.4512E+02
   2.216  0.7005E+01  0.4519E+02
   2.226  0.7069E+01  0.4526E+02
   2.236  0.7129E+01  0.4533E+02
   2.246  0.7186E+01  0.4540E+02
   2.256  0.7238E+01  0.4547E+02
   2.266  0.7285E+01  0.4555E+02
   2.276  0.7326E+01  0.4562E+02
   2.286  0.7360E+01  0.4569E+02
   2.296  0.7388E+01  0.4577E+02
   2.306  0.7407E+01  0.4584E+02
   2.316  0.7418E+01  0.4591E+02
   2.326  0.7421E+01  0.4599E+02
   2.336  0.7414E+01  0.4606E+02
   2.346  0.7398E+01  0.4614E+02
   2.356  0.7372E+01  0.4621E+02
   2.366  0.7336E+01  0.4628E+02
   2.376  0.7289E+01  0.4636E+02
   2.386  0.7231E+01  0.4643E+02
   2.396  0.7162E+01  0.4650E+02
   2.406  0.7081E+01  0.4657E+02
   2.416  0.6989E+01  0.4664E+02
   2.426  0.6885E+01  0.4671E+02
   2.436  0.6770E+01  0.4678E+02
   2.446  0.6643E+01  0.4684E+02
   2.456  0.6505E+01  0.4691E+02
   2.466  0.6356E+01  0.4697E+02
   2.476  0.6196E+01  0.4704E+02
   2.486  0.6025E+01  0.4710E+02
   2.496  0.5845E+01  0.4715E+02
   2.506  0.5656E+01  0.4721E+02
   2.516  0.5458E+01  0.4727E+02
   2.526  0.5253E+01  0.4732E+02
   2.536  0.5041E+01  0.4737E+02
   2.546  0.4823E+01  0.4742E+02
   2.556  0.4601E+01  0.4746E+02
   2.566  0.4376E+01  0.4751E+02
   2.576  0.4149E+01  0.4755E+02
   2.586  0.3921E+01  0.4759E+02
   2.596  0.3693E+01  0.4762E+02
   2.606  0.3466E+01  0.4766E+02
   2.616  0.3243E+01  0.4769E+02
   2.626  0.3023E+01  0.4772E+02
   2.636  0.2808E+01  0.4775E+02
   2.646  0.2598E+01  0.4777E+02
   2.656  0.2396E+01  0.4780E+02
   2.666  0.2201E+01  0.4782E+02
   2.676  0.2014E+01  0.4784E+02
   2.686  0.1836E+01  0.4786E+02
   2.696  0.1667E+01  0.4788E+02
   2.706  0.1508E+01  0.4789E+02
   2.716  0.1358E+01  0.4790E+02
   2.726  0.1219E+01  0.4792E+02
