#  E (eV)   dos(E)     Int dos(E) EFermi =   2.581 eV
 -17.588  0.1918E-04  0.1918E-06
 -17.578  0.2389E-04  0.4307E-06
 -17.568  0.2969E-04  0.7276E-06
 -17.558  0.3680E-04  0.1096E-05
 -17.548  0.4548E-04  0.1550E-05
 -17.538  0.5607E-04  0.2111E-05
 -17.528  0.6895E-04  0.2801E-05
 -17.518  0.8455E-04  0.3646E-05
 -17.508  0.1034E-03  0.4680E-05
 -17.498  0.1262E-03  0.5942E-05
 -17.488  0.1535E-03  0.7477E-05
 -17.478  0.1863E-03  0.9340E-05
 -17.468  0.2255E-03  0.1159E-04
 -17.458  0.2722E-03  0.1432E-04
 -17.448  0.3278E-03  0.1759E-04
 -17.438  0.3937E-03  0.2153E-04
 -17.428  0.4716E-03  0.2625E-04
 -17.418  0.5635E-03  0.3188E-04
 -17.408  0.6716E-03  0.3860E-04
 -17.398  0.7984E-03  0.4658E-04
 -17.388  0.9467E-03  0.5605E-04
 -17.378  0.1120E-02  0.6725E-04
 -17.368  0.1321E-02  0.8046E-04
 -17.358  0.1555E-02  0.9600E-04
 -17.348  0.1825E-02  0.1143E-03
 -17.338  0.2137E-02  0.1356E-03
 -17.328  0.2496E-02  0.1606E-03
 -17.318  0.2909E-02  0.1897E-03
 -17.308  0.3381E-02  0.2235E-03
 -17.298  0.3921E-02  0.2627E-03
 -17.288  0.4536E-02  0.3081E-03
 -17.278  0.5235E-02  0.3604E-03
 -17.268  0.6028E-02  0.4207E-03
 -17.258  0.6924E-02  0.4899E-03
 -17.248  0.7935E-02  0.5693E-03
 -17.238  0.9074E-02  0.6600E-03
 -17.228  0.1035E-01  0.7635E-03
 -17.218  0.1178E-01  0.8814E-03
 -17.208  0.1338E-01  0.1015E-02
 -17.198  0.1517E-01  0.1167E-02
 -17.188  0.1716E-01  0.1338E-02
 -17.178  0.1936E-01  0.1532E-02
 -17.168  0.2181E-01  0.1750E-02
 -17.158  0.2451E-01  0.1995E-02
 -17.148  0.2749E-01  0.2270E-02
 -17.138  0.3078E-01  0.2578E-02
 -17.128  0.3439E-01  0.2922E-02
 -17.118  0.3835E-01  0.3305E-02
 -17.108  0.4270E-01  0.3732E-02
 -17.098  0.4745E-01  0.4207E-02
 -17.088  0.5263E-01  0.4733E-02
 -17.078  0.5829E-01  0.5316E-02
 -17.068  0.6445E-01  0.5960E-02
 -17.058  0.7114E-01  0.6672E-02
 -17.048  0.7841E-01  0.7456E-02
 -17.038  0.8628E-01  0.8319E-02
 -17.028  0.9482E-01  0.9267E-02
 -17.018  0.1040E+00  0.1031E-01
 -17.008  0.1140E+00  0.1145E-01
 -16.998  0.1248E+00  0.1270E-01
 -16.988  0.1364E+00  0.1406E-01
 -16.978  0.1489E+00  0.1555E-01
 -16.968  0.1623E+00  0.1717E-01
 -16.958  0.1768E+00  0.1894E-01
 -16.948  0.1924E+00  0.2086E-01
 -16.938  0.2090E+00  0.2295E-01
 -16.928  0.2269E+00  0.2522E-01
 -16.918  0.2461E+00  0.2768E-01
 -16.908  0.2666E+00  0.3035E-01
 -16.898  0.2885E+00  0.3323E-01
 -16.888  0.3120E+00  0.3635E-01
 -16.878  0.3370E+00  0.3972E-01
 -16.868  0.3636E+00  0.4336E-01
 -16.858  0.3921E+00  0.4728E-01
 -16.848  0.4223E+00  0.5150E-01
 -16.838  0.4544E+00  0.5605E-01
 -16.828  0.4885E+00  0.6093E-01
 -16.818  0.5247E+00  0.6618E-01
 -16.808  0.5629E+00  0.7181E-01
 -16.798  0.6034E+00  0.7784E-01
 -16.788  0.6461E+00  0.8430E-01
 -16.778  0.6911E+00  0.9121E-01
 -16.768  0.7384E+00  0.9860E-01
 -16.758  0.7881E+00  0.1065E+00
 -16.748  0.8403E+00  0.1149E+00
 -16.738  0.8948E+00  0.1238E+00
 -16.728  0.9518E+00  0.1333E+00
 -16.718  0.1011E+01  0.1435E+00
 -16.708  0.1073E+01  0.1542E+00
 -16.698  0.1137E+01  0.1656E+00
 -16.688  0.1204E+01  0.1776E+00
 -16.678  0.1272E+01  0.1903E+00
 -16.668  0.1343E+01  0.2037E+00
 -16.658  0.1416E+01  0.2179E+00
 -16.648  0.1490E+01  0.2328E+00
 -16.638  0.1566E+01  0.2485E+00
 -16.628  0.1644E+01  0.2649E+00
 -16.618  0.1723E+01  0.2821E+00
 -16.608  0.1804E+01  0.3002E+00
 -16.598  0.1885E+01  0.3190E+00
 -16.588  0.1967E+01  0.3387E+00
 -16.578  0.2049E+01  0.3592E+00
 -16.568  0.2132E+01  0.3805E+00
 -16.558  0.2214E+01  0.4026E+00
 -16.548  0.2296E+01  0.4256E+00
 -16.538  0.2377E+01  0.4494E+00
 -16.528  0.2458E+01  0.4740E+00
 -16.518  0.2537E+01  0.4993E+00
 -16.508  0.2614E+01  0.5255E+00
 -16.498  0.2690E+01  0.5524E+00
 -16.488  0.2763E+01  0.5800E+00
 -16.478  0.2834E+01  0.6083E+00
 -16.468  0.2903E+01  0.6374E+00
 -16.458  0.2968E+01  0.6670E+00
 -16.448  0.3030E+01  0.6973E+00
 -16.438  0.3089E+01  0.7282E+00
 -16.428  0.3145E+01  0.7597E+00
 -16.418  0.3197E+01  0.7917E+00
 -16.408  0.3245E+01  0.8241E+00
 -16.398  0.3289E+01  0.8570E+00
 -16.388  0.3330E+01  0.8903E+00
 -16.378  0.3366E+01  0.9240E+00
 -16.368  0.3398E+01  0.9579E+00
 -16.358  0.3427E+01  0.9922E+00
 -16.348  0.3452E+01  0.1027E+01
 -16.338  0.3473E+01  0.1061E+01
 -16.328  0.3490E+01  0.1096E+01
 -16.318  0.3504E+01  0.1131E+01
 -16.308  0.3515E+01  0.1167E+01
 -16.298  0.3523E+01  0.1202E+01
 -16.288  0.3527E+01  0.1237E+01
 -16.278  0.3530E+01  0.1272E+01
 -16.268  0.3530E+01  0.1308E+01
 -16.258  0.3528E+01  0.1343E+01
 -16.248  0.3525E+01  0.1378E+01
 -16.238  0.3520E+01  0.1413E+01
 -16.228  0.3514E+01  0.1449E+01
 -16.218  0.3508E+01  0.1484E+01
 -16.208  0.3501E+01  0.1519E+01
 -16.198  0.3494E+01  0.1554E+01
 -16.188  0.3486E+01  0.1588E+01
 -16.178  0.3480E+01  0.1623E+01
 -16.168  0.3474E+01  0.1658E+01
 -16.158  0.3469E+01  0.1693E+01
 -16.148  0.3464E+01  0.1727E+01
 -16.138  0.3461E+01  0.1762E+01
 -16.128  0.3460E+01  0.1796E+01
 -16.118  0.3460E+01  0.1831E+01
 -16.108  0.3461E+01  0.1866E+01
 -16.098  0.3464E+01  0.1900E+01
 -16.088  0.3468E+01  0.1935E+01
 -16.078  0.3474E+01  0.1970E+01
 -16.068  0.3481E+01  0.2005E+01
 -16.058  0.3490E+01  0.2039E+01
 -16.048  0.3500E+01  0.2074E+01
 -16.038  0.3511E+01  0.2110E+01
 -16.028  0.3523E+01  0.2145E+01
 -16.018  0.3535E+01  0.2180E+01
 -16.008  0.3548E+01  0.2216E+01
 -15.998  0.3561E+01  0.2251E+01
 -15.988  0.3575E+01  0.2287E+01
 -15.978  0.3588E+01  0.2323E+01
 -15.968  0.3600E+01  0.2359E+01
 -15.958  0.3612E+01  0.2395E+01
 -15.948  0.3623E+01  0.2431E+01
 -15.938  0.3632E+01  0.2468E+01
 -15.928  0.3640E+01  0.2504E+01
 -15.918  0.3647E+01  0.2540E+01
 -15.908  0.3651E+01  0.2577E+01
 -15.898  0.3653E+01  0.2613E+01
 -15.888  0.3653E+01  0.2650E+01
 -15.878  0.3650E+01  0.2686E+01
 -15.868  0.3645E+01  0.2723E+01
 -15.858  0.3637E+01  0.2759E+01
 -15.848  0.3627E+01  0.2796E+01
 -15.838  0.3613E+01  0.2832E+01
 -15.828  0.3597E+01  0.2868E+01
 -15.818  0.3578E+01  0.2903E+01
 -15.808  0.3556E+01  0.2939E+01
 -15.798  0.3532E+01  0.2974E+01
 -15.788  0.3505E+01  0.3009E+01
 -15.778  0.3475E+01  0.3044E+01
 -15.768  0.3444E+01  0.3079E+01
 -15.758  0.3410E+01  0.3113E+01
 -15.748  0.3374E+01  0.3146E+01
 -15.738  0.3337E+01  0.3180E+01
 -15.728  0.3298E+01  0.3213E+01
 -15.718  0.3258E+01  0.3245E+01
 -15.708  0.3217E+01  0.3277E+01
 -15.698  0.3175E+01  0.3309E+01
 -15.688  0.3133E+01  0.3341E+01
 -15.678  0.3091E+01  0.3371E+01
 -15.668  0.3049E+01  0.3402E+01
 -15.658  0.3007E+01  0.3432E+01
 -15.648  0.2966E+01  0.3462E+01
 -15.638  0.2927E+01  0.3491E+01
 -15.628  0.2888E+01  0.3520E+01
 -15.618  0.2851E+01  0.3548E+01
 -15.608  0.2816E+01  0.3577E+01
 -15.598  0.2784E+01  0.3604E+01
 -15.588  0.2753E+01  0.3632E+01
 -15.578  0.2725E+01  0.3659E+01
 -15.568  0.2700E+01  0.3686E+01
 -15.558  0.2678E+01  0.3713E+01
 -15.548  0.2660E+01  0.3740E+01
 -15.538  0.2644E+01  0.3766E+01
 -15.528  0.2633E+01  0.3792E+01
 -15.518  0.2625E+01  0.3819E+01
 -15.508  0.2620E+01  0.3845E+01
 -15.498  0.2620E+01  0.3871E+01
 -15.488  0.2623E+01  0.3897E+01
 -15.478  0.2630E+01  0.3923E+01
 -15.468  0.2642E+01  0.3950E+01
 -15.458  0.2657E+01  0.3976E+01
 -15.448  0.2676E+01  0.4003E+01
 -15.438  0.2699E+01  0.4030E+01
 -15.428  0.2725E+01  0.4057E+01
 -15.418  0.2755E+01  0.4085E+01
 -15.408  0.2788E+01  0.4113E+01
 -15.398  0.2824E+01  0.4141E+01
 -15.388  0.2863E+01  0.4170E+01
 -15.378  0.2905E+01  0.4199E+01
 -15.368  0.2949E+01  0.4228E+01
 -15.358  0.2995E+01  0.4258E+01
 -15.348  0.3042E+01  0.4289E+01
 -15.338  0.3091E+01  0.4320E+01
 -15.328  0.3141E+01  0.4351E+01
 -15.318  0.3191E+01  0.4383E+01
 -15.308  0.3241E+01  0.4415E+01
 -15.298  0.3292E+01  0.4448E+01
 -15.288  0.3341E+01  0.4482E+01
 -15.278  0.3390E+01  0.4516E+01
 -15.268  0.3438E+01  0.4550E+01
 -15.258  0.3484E+01  0.4585E+01
 -15.248  0.3528E+01  0.4620E+01
 -15.238  0.3569E+01  0.4656E+01
 -15.228  0.3609E+01  0.4692E+01
 -15.218  0.3645E+01  0.4728E+01
 -15.208  0.3679E+01  0.4765E+01
 -15.198  0.3710E+01  0.4802E+01
 -15.188  0.3739E+01  0.4840E+01
 -15.178  0.3764E+01  0.4877E+01
 -15.168  0.3787E+01  0.4915E+01
 -15.158  0.3807E+01  0.4953E+01
 -15.148  0.3825E+01  0.4991E+01
 -15.138  0.3841E+01  0.5030E+01
 -15.128  0.3856E+01  0.5068E+01
 -15.118  0.3869E+01  0.5107E+01
 -15.108  0.3883E+01  0.5146E+01
 -15.098  0.3896E+01  0.5185E+01
 -15.088  0.3910E+01  0.5224E+01
 -15.078  0.3927E+01  0.5263E+01
 -15.068  0.3945E+01  0.5303E+01
 -15.058  0.3968E+01  0.5342E+01
 -15.048  0.3994E+01  0.5382E+01
 -15.038  0.4026E+01  0.5423E+01
 -15.028  0.4065E+01  0.5463E+01
 -15.018  0.4111E+01  0.5504E+01
 -15.008  0.4165E+01  0.5546E+01
 -14.998  0.4229E+01  0.5588E+01
 -14.988  0.4304E+01  0.5631E+01
 -14.978  0.4389E+01  0.5675E+01
 -14.968  0.4487E+01  0.5720E+01
 -14.958  0.4598E+01  0.5766E+01
 -14.948  0.4723E+01  0.5813E+01
 -14.938  0.4861E+01  0.5862E+01
 -14.928  0.5015E+01  0.5912E+01
 -14.918  0.5184E+01  0.5964E+01
 -14.908  0.5368E+01  0.6018E+01
 -14.898  0.5568E+01  0.6073E+01
 -14.888  0.5783E+01  0.6131E+01
 -14.878  0.6013E+01  0.6191E+01
 -14.868  0.6258E+01  0.6254E+01
 -14.858  0.6516E+01  0.6319E+01
 -14.848  0.6788E+01  0.6387E+01
 -14.838  0.7071E+01  0.6457E+01
 -14.828  0.7366E+01  0.6531E+01
 -14.818  0.7669E+01  0.6608E+01
 -14.808  0.7981E+01  0.6688E+01
 -14.798  0.8298E+01  0.6771E+01
 -14.788  0.8620E+01  0.6857E+01
 -14.778  0.8944E+01  0.6946E+01
 -14.768  0.9267E+01  0.7039E+01
 -14.758  0.9589E+01  0.7135E+01
 -14.748  0.9906E+01  0.7234E+01
 -14.738  0.1022E+02  0.7336E+01
 -14.728  0.1052E+02  0.7441E+01
 -14.718  0.1081E+02  0.7549E+01
 -14.708  0.1108E+02  0.7660E+01
 -14.698  0.1134E+02  0.7773E+01
 -14.688  0.1158E+02  0.7889E+01
 -14.678  0.1180E+02  0.8007E+01
 -14.668  0.1200E+02  0.8127E+01
 -14.658  0.1217E+02  0.8249E+01
 -14.648  0.1231E+02  0.8372E+01
 -14.638  0.1243E+02  0.8496E+01
 -14.628  0.1252E+02  0.8622E+01
 -14.618  0.1258E+02  0.8747E+01
 -14.608  0.1261E+02  0.8874E+01
 -14.598  0.1261E+02  0.9000E+01
 -14.588  0.1258E+02  0.9125E+01
 -14.578  0.1252E+02  0.9251E+01
 -14.568  0.1242E+02  0.9375E+01
 -14.558  0.1230E+02  0.9498E+01
 -14.548  0.1214E+02  0.9619E+01
 -14.538  0.1196E+02  0.9739E+01
 -14.528  0.1175E+02  0.9856E+01
 -14.518  0.1152E+02  0.9972E+01
 -14.508  0.1126E+02  0.1008E+02
 -14.498  0.1097E+02  0.1019E+02
 -14.488  0.1067E+02  0.1030E+02
 -14.478  0.1035E+02  0.1040E+02
 -14.468  0.1002E+02  0.1050E+02
 -14.458  0.9664E+01  0.1060E+02
 -14.448  0.9301E+01  0.1069E+02
 -14.438  0.8929E+01  0.1078E+02
 -14.428  0.8549E+01  0.1087E+02
 -14.418  0.8165E+01  0.1095E+02
 -14.408  0.7777E+01  0.1103E+02
 -14.398  0.7389E+01  0.1110E+02
 -14.388  0.7001E+01  0.1117E+02
 -14.378  0.6617E+01  0.1124E+02
 -14.368  0.6238E+01  0.1130E+02
 -14.358  0.5865E+01  0.1136E+02
 -14.348  0.5500E+01  0.1141E+02
 -14.338  0.5144E+01  0.1147E+02
 -14.328  0.4799E+01  0.1151E+02
 -14.318  0.4466E+01  0.1156E+02
 -14.308  0.4144E+01  0.1160E+02
 -14.298  0.3836E+01  0.1164E+02
 -14.288  0.3541E+01  0.1167E+02
 -14.278  0.3261E+01  0.1171E+02
 -14.268  0.2995E+01  0.1174E+02
 -14.258  0.2743E+01  0.1176E+02
 -14.248  0.2506E+01  0.1179E+02
 -14.238  0.2284E+01  0.1181E+02
 -14.228  0.2076E+01  0.1183E+02
 -14.218  0.1882E+01  0.1185E+02
 -14.208  0.1701E+01  0.1187E+02
 -14.198  0.1534E+01  0.1188E+02
 -14.188  0.1380E+01  0.1190E+02
 -14.178  0.1238E+01  0.1191E+02
 -14.168  0.1107E+01  0.1192E+02
 -14.158  0.9882E+00  0.1193E+02
 -14.148  0.8795E+00  0.1194E+02
 -14.138  0.7808E+00  0.1195E+02
 -14.128  0.6913E+00  0.1195E+02
 -14.118  0.6105E+00  0.1196E+02
 -14.108  0.5377E+00  0.1197E+02
 -14.098  0.4723E+00  0.1197E+02
 -14.088  0.4138E+00  0.1197E+02
 -14.078  0.3616E+00  0.1198E+02
 -14.068  0.3152E+00  0.1198E+02
 -14.058  0.2740E+00  0.1198E+02
 -14.048  0.2376E+00  0.1199E+02
 -14.038  0.2054E+00  0.1199E+02
 -14.028  0.1772E+00  0.1199E+02
 -14.018  0.1524E+00  0.1199E+02
 -14.008  0.1308E+00  0.1199E+02
 -13.998  0.1119E+00  0.1199E+02
 -13.988  0.9551E-01  0.1199E+02
 -13.978  0.8130E-01  0.1200E+02
 -13.968  0.6903E-01  0.1200E+02
 -13.958  0.5845E-01  0.1200E+02
 -13.948  0.4937E-01  0.1200E+02
 -13.938  0.4159E-01  0.1200E+02
 -13.928  0.3494E-01  0.1200E+02
 -13.918  0.2928E-01  0.1200E+02
 -13.908  0.2447E-01  0.1200E+02
 -13.898  0.2040E-01  0.1200E+02
 -13.888  0.1696E-01  0.1200E+02
 -13.878  0.1406E-01  0.1200E+02
 -13.868  0.1163E-01  0.1200E+02
 -13.858  0.9591E-02  0.1200E+02
 -13.848  0.7890E-02  0.1200E+02
 -13.838  0.6474E-02  0.1200E+02
 -13.828  0.5298E-02  0.1200E+02
 -13.818  0.4324E-02  0.1200E+02
 -13.808  0.3520E-02  0.1200E+02
 -13.798  0.2858E-02  0.1200E+02
 -13.788  0.2315E-02  0.1200E+02
 -13.778  0.1869E-02  0.1200E+02
 -13.768  0.1506E-02  0.1200E+02
 -13.758  0.1210E-02  0.1200E+02
 -13.748  0.9695E-03  0.1200E+02
 -13.738  0.7749E-03  0.1200E+02
 -13.728  0.6176E-03  0.1200E+02
 -13.718  0.4910E-03  0.1200E+02
 -13.708  0.3894E-03  0.1200E+02
 -13.698  0.3079E-03  0.1200E+02
 -13.688  0.2429E-03  0.1200E+02
 -13.678  0.1911E-03  0.1200E+02
 -13.668  0.1499E-03  0.1200E+02
 -13.658  0.1173E-03  0.1200E+02
 -13.648  0.9156E-04  0.1200E+02
 -13.638  0.7127E-04  0.1200E+02
 -13.628  0.5534E-04  0.1200E+02
 -13.618  0.4285E-04  0.1200E+02
 -13.608  0.3309E-04  0.1200E+02
 -13.598  0.2549E-04  0.1200E+02
 -13.588  0.1958E-04  0.1200E+02
 -13.578  0.1500E-04  0.1200E+02
 -13.568  0.1147E-04  0.1200E+02
 -13.558  0.8739E-05  0.1200E+02
 -13.548  0.6644E-05  0.1200E+02
 -13.538  0.5037E-05  0.1200E+02
 -13.528  0.3809E-05  0.1200E+02
 -13.518  0.2873E-05  0.1200E+02
 -13.508  0.2161E-05  0.1200E+02
 -13.498  0.1621E-05  0.1200E+02
 -13.488  0.1213E-05  0.1200E+02
 -13.478  0.9051E-06  0.1200E+02
 -13.468  0.6737E-06  0.1200E+02
 -13.458  0.5001E-06  0.1200E+02
 -13.448  0.3703E-06  0.1200E+02
 -13.438  0.2734E-06  0.1200E+02
 -13.428  0.2014E-06  0.1200E+02
 -13.418  0.1479E-06  0.1200E+02
 -13.408  0.1084E-06  0.1200E+02
 -13.398  0.7917E-07  0.1200E+02
 -13.388  0.5770E-07  0.1200E+02
 -13.378  0.4193E-07  0.1200E+02
 -13.368  0.3040E-07  0.1200E+02
 -13.358  0.2198E-07  0.1200E+02
 -13.348  0.1585E-07  0.1200E+02
 -13.338  0.1140E-07  0.1200E+02
 -13.328  0.8175E-08  0.1200E+02
 -13.318  0.5848E-08  0.1200E+02
 -13.308  0.4173E-08  0.1200E+02
 -13.298  0.2969E-08  0.1200E+02
 -13.288  0.2107E-08  0.1200E+02
 -13.278  0.1492E-08  0.1200E+02
 -13.268  0.1053E-08  0.1200E+02
 -13.258  0.7415E-09  0.1200E+02
 -13.248  0.5207E-09  0.1200E+02
 -13.238  0.3647E-09  0.1200E+02
 -13.228  0.2548E-09  0.1200E+02
 -13.218  0.1775E-09  0.1200E+02
 -13.208  0.1233E-09  0.1200E+02
 -13.198  0.8548E-10  0.1200E+02
 -13.188  0.5909E-10  0.1200E+02
 -13.178  0.4073E-10  0.1200E+02
 -13.168  0.2801E-10  0.1200E+02
 -13.158  0.1921E-10  0.1200E+02
 -13.148  0.1314E-10  0.1200E+02
 -13.138  0.8960E-11  0.1200E+02
 -13.128  0.6095E-11  0.1200E+02
 -13.118  0.4136E-11  0.1200E+02
 -13.108  0.2799E-11  0.1200E+02
 -13.098  0.1889E-11  0.1200E+02
 -13.088  0.1272E-11  0.1200E+02
 -13.078  0.8537E-12  0.1200E+02
 -13.068  0.5716E-12  0.1200E+02
 -13.058  0.3818E-12  0.1200E+02
 -13.048  0.2543E-12  0.1200E+02
 -13.038  0.1689E-12  0.1200E+02
 -13.028  0.1119E-12  0.1200E+02
 -13.018  0.7395E-13  0.1200E+02
 -13.008  0.4874E-13  0.1200E+02
 -12.998  0.3203E-13  0.1200E+02
 -12.988  0.2100E-13  0.1200E+02
 -12.978  0.1373E-13  0.1200E+02
 -12.968  0.8954E-14  0.1200E+02
 -12.958  0.5823E-14  0.1200E+02
 -12.948  0.3777E-14  0.1200E+02
 -12.938  0.2444E-14  0.1200E+02
 -12.928  0.1577E-14  0.1200E+02
 -12.918  0.1015E-14  0.1200E+02
 -12.908  0.6512E-15  0.1200E+02
 -12.898  0.4168E-15  0.1200E+02
 -12.888  0.2661E-15  0.1200E+02
 -12.878  0.1694E-15  0.1200E+02
 -12.868  0.1076E-15  0.1200E+02
 -12.858  0.6815E-16  0.1200E+02
 -12.848  0.4305E-16  0.1200E+02
 -12.838  0.2712E-16  0.1200E+02
 -12.828  0.1704E-16  0.1200E+02
 -12.818  0.1068E-16  0.1200E+02
 -12.808  0.6675E-17  0.1200E+02
 -12.798  0.4161E-17  0.1200E+02
 -12.788  0.2587E-17  0.1200E+02
 -12.778  0.1604E-17  0.1200E+02
 -12.768  0.9921E-18  0.1200E+02
 -12.758  0.6119E-18  0.1200E+02
 -12.748  0.3764E-18  0.1200E+02
 -12.738  0.2309E-18  0.1200E+02
 -12.728  0.1413E-18  0.1200E+02
 -12.718  0.8624E-19  0.1200E+02
 -12.708  0.5249E-19  0.1200E+02
 -12.698  0.3186E-19  0.1200E+02
 -12.688  0.1929E-19  0.1200E+02
 -12.678  0.1165E-19  0.1200E+02
 -12.668  0.7016E-20  0.1200E+02
 -12.658  0.4214E-20  0.1200E+02
 -12.648  0.2524E-20  0.1200E+02
 -12.638  0.1508E-20  0.1200E+02
 -12.628  0.8987E-21  0.1200E+02
 -12.618  0.5341E-21  0.1200E+02
 -12.608  0.3166E-21  0.1200E+02
 -12.598  0.1872E-21  0.1200E+02
 -12.588  0.1103E-21  0.1200E+02
 -12.578  0.6488E-22  0.1200E+02
 -12.568  0.3805E-22  0.1200E+02
 -12.558  0.2226E-22  0.1200E+02
 -12.548  0.1298E-22  0.1200E+02
 -12.538  0.7554E-23  0.1200E+02
 -12.528  0.4384E-23  0.1200E+02
 -12.518  0.2537E-23  0.1200E+02
 -12.508  0.1464E-23  0.1200E+02
 -12.498  0.8430E-24  0.1200E+02
 -12.488  0.4840E-24  0.1200E+02
 -12.478  0.2771E-24  0.1200E+02
 -12.468  0.1583E-24  0.1200E+02
 -12.458  0.9015E-25  0.1200E+02
 -12.448  0.5121E-25  0.1200E+02
 -12.438  0.2901E-25  0.1200E+02
 -12.428  0.1639E-25  0.1200E+02
 -12.418  0.9240E-26  0.1200E+02
 -12.408  0.5193E-26  0.1200E+02
 -12.398  0.2911E-26  0.1200E+02
 -12.388  0.1628E-26  0.1200E+02
 -12.378  0.9076E-27  0.1200E+02
 -12.368  0.5047E-27  0.1200E+02
 -12.358  0.2800E-27  0.1200E+02
 -12.348  0.1549E-27  0.1200E+02
 -12.338  0.8544E-28  0.1200E+02
 -12.328  0.4701E-28  0.1200E+02
 -12.318  0.2580E-28  0.1200E+02
 -12.308  0.1412E-28  0.1200E+02
 -12.298  0.7708E-29  0.1200E+02
 -12.288  0.4197E-29  0.1200E+02
 -12.278  0.2279E-29  0.1200E+02
 -12.268  0.1234E-29  0.1200E+02
 -12.258  0.6665E-30  0.1200E+02
 -12.248  0.3590E-30  0.1200E+02
 -12.238  0.1929E-30  0.1200E+02
 -12.228  0.1033E-30  0.1200E+02
 -12.218  0.5523E-31  0.1200E+02
 -12.208  0.2943E-31  0.1200E+02
 -12.198  0.1565E-31  0.1200E+02
 -12.188  0.8294E-32  0.1200E+02
 -12.178  0.4385E-32  0.1200E+02
 -12.168  0.2312E-32  0.1200E+02
 -12.158  0.1216E-32  0.1200E+02
 -12.148  0.6379E-33  0.1200E+02
 -12.138  0.3337E-33  0.1200E+02
 -12.128  0.1741E-33  0.1200E+02
 -12.118  0.9060E-34  0.1200E+02
 -12.108  0.4702E-34  0.1200E+02
 -12.098  0.2434E-34  0.1200E+02
 -12.088  0.1256E-34  0.1200E+02
 -12.078  0.6468E-35  0.1200E+02
 -12.068  0.3321E-35  0.1200E+02
 -12.058  0.1701E-35  0.1200E+02
 -12.048  0.8687E-36  0.1200E+02
 -12.038  0.4425E-36  0.1200E+02
 -12.028  0.2248E-36  0.1200E+02
 -12.018  0.1139E-36  0.1200E+02
 -12.008  0.5756E-37  0.1200E+02
 -11.998  0.2901E-37  0.1200E+02
 -11.988  0.1458E-37  0.1200E+02
 -11.978  0.7310E-38  0.1200E+02
 -11.968  0.3655E-38  0.1200E+02
 -11.958  0.1823E-38  0.1200E+02
 -11.948  0.9064E-39  0.1200E+02
 -11.938  0.4496E-39  0.1200E+02
 -11.928  0.2224E-39  0.1200E+02
 -11.918  0.1097E-39  0.1200E+02
 -11.908  0.5399E-40  0.1200E+02
 -11.898  0.2650E-40  0.1200E+02
 -11.888  0.1297E-40  0.1200E+02
 -11.878  0.6330E-41  0.1200E+02
 -11.868  0.3082E-41  0.1200E+02
 -11.858  0.1496E-41  0.1200E+02
 -11.848  0.7246E-42  0.1200E+02
 -11.838  0.3499E-42  0.1200E+02
 -11.828  0.1686E-42  0.1200E+02
 -11.818  0.8097E-43  0.1200E+02
 -11.808  0.3879E-43  0.1200E+02
 -11.798  0.1854E-43  0.1200E+02
 -11.788  0.8834E-44  0.1200E+02
 -11.778  0.4199E-44  0.1200E+02
 -11.768  0.1990E-44  0.1200E+02
 -11.758  0.9409E-45  0.1200E+02
 -11.748  0.4437E-45  0.1200E+02
 -11.738  0.2086E-45  0.1200E+02
 -11.728  0.9784E-46  0.1200E+02
 -11.718  0.4577E-46  0.1200E+02
 -11.708  0.2135E-46  0.1200E+02
 -11.698  0.9933E-47  0.1200E+02
 -11.688  0.4609E-47  0.1200E+02
 -11.678  0.2133E-47  0.1200E+02
 -11.668  0.9845E-48  0.1200E+02
 -11.658  0.4532E-48  0.1200E+02
 -11.648  0.2080E-48  0.1200E+02
 -11.638  0.9525E-49  0.1200E+02
 -11.628  0.4350E-49  0.1200E+02
 -11.618  0.1981E-49  0.1200E+02
 -11.608  0.8998E-50  0.1200E+02
 -11.598  0.4076E-50  0.1200E+02
 -11.588  0.1841E-50  0.1200E+02
 -11.578  0.8297E-51  0.1200E+02
 -11.568  0.3729E-51  0.1200E+02
 -11.558  0.1671E-51  0.1200E+02
 -11.548  0.7470E-52  0.1200E+02
 -11.538  0.3330E-52  0.1200E+02
 -11.528  0.1480E-52  0.1200E+02
 -11.518  0.6565E-53  0.1200E+02
 -11.508  0.2903E-53  0.1200E+02
 -11.498  0.1280E-53  0.1200E+02
 -11.488  0.5633E-54  0.1200E+02
 -11.478  0.2471E-54  0.1200E+02
 -11.468  0.1081E-54  0.1200E+02
 -11.458  0.4718E-55  0.1200E+02
 -11.448  0.2053E-55  0.1200E+02
 -11.438  0.8912E-56  0.1200E+02
 -11.428  0.3858E-56  0.1200E+02
 -11.418  0.1665E-56  0.1200E+02
 -11.408  0.7171E-57  0.1200E+02
 -11.398  0.3079E-57  0.1200E+02
 -11.388  0.1319E-57  0.1200E+02
 -11.378  0.5633E-58  0.1200E+02
 -11.368  0.2400E-58  0.1200E+02
 -11.358  0.1019E-58  0.1200E+02
 -11.348  0.4320E-59  0.1200E+02
 -11.338  0.1825E-59  0.1200E+02
 -11.328  0.7694E-60  0.1200E+02
 -11.318  0.3234E-60  0.1200E+02
 -11.308  0.1356E-60  0.1200E+02
 -11.298  0.5668E-61  0.1200E+02
 -11.288  0.2363E-61  0.1200E+02
 -11.278  0.9828E-62  0.1200E+02
 -11.268  0.4076E-62  0.1200E+02
 -11.258  0.1686E-62  0.1200E+02
 -11.248  0.6955E-63  0.1200E+02
 -11.238  0.2862E-63  0.1200E+02
 -11.228  0.1174E-63  0.1200E+02
 -11.218  0.4805E-64  0.1200E+02
 -11.208  0.1961E-64  0.1200E+02
 -11.198  0.7983E-65  0.1200E+02
 -11.188  0.3241E-65  0.1200E+02
 -11.178  0.1312E-65  0.1200E+02
 -11.168  0.5298E-66  0.1200E+02
 -11.158  0.2134E-66  0.1200E+02
 -11.148  0.8569E-67  0.1200E+02
 -11.138  0.3432E-67  0.1200E+02
 -11.128  0.1371E-67  0.1200E+02
 -11.118  0.5463E-68  0.1200E+02
 -11.108  0.2171E-68  0.1200E+02
 -11.098  0.8602E-69  0.1200E+02
 -11.088  0.3400E-69  0.1200E+02
 -11.078  0.1340E-69  0.1200E+02
 -11.068  0.5268E-70  0.1200E+02
 -11.058  0.2066E-70  0.1200E+02
 -11.048  0.8076E-71  0.1200E+02
 -11.038  0.3150E-71  0.1200E+02
 -11.028  0.1225E-71  0.1200E+02
 -11.018  0.4751E-72  0.1200E+02
 -11.008  0.1838E-72  0.1200E+02
 -10.998  0.7091E-73  0.1200E+02
 -10.988  0.2729E-73  0.1200E+02
 -10.978  0.1047E-73  0.1200E+02
 -10.968  0.4007E-74  0.1200E+02
 -10.958  0.1530E-74  0.1200E+02
 -10.948  0.5823E-75  0.1200E+02
 -10.938  0.2211E-75  0.1200E+02
 -10.928  0.8370E-76  0.1200E+02
 -10.918  0.3161E-76  0.1200E+02
 -10.908  0.1190E-76  0.1200E+02
 -10.898  0.4471E-77  0.1200E+02
 -10.888  0.1675E-77  0.1200E+02
 -10.878  0.6257E-78  0.1200E+02
 -10.868  0.2331E-78  0.1200E+02
 -10.858  0.8663E-79  0.1200E+02
 -10.848  0.3210E-79  0.1200E+02
 -10.838  0.1187E-79  0.1200E+02
 -10.828  0.4374E-80  0.1200E+02
 -10.818  0.1608E-80  0.1200E+02
 -10.808  0.5897E-81  0.1200E+02
 -10.798  0.2157E-81  0.1200E+02
 -10.788  0.7874E-82  0.1200E+02
 -10.778  0.2872E-82  0.1200E+02
 -10.768  0.1050E-82  0.1200E+02
 -10.758  0.3878E-83  0.1200E+02
 -10.748  0.1480E-83  0.1200E+02
 -10.738  0.6155E-84  0.1200E+02
 -10.728  0.3054E-84  0.1200E+02
 -10.718  0.1947E-84  0.1200E+02
 -10.708  0.1565E-84  0.1200E+02
 -10.698  0.1438E-84  0.1200E+02
 -10.688  0.1396E-84  0.1200E+02
 -10.678  0.1381E-84  0.1200E+02
 -10.668  0.1377E-84  0.1200E+02
 -10.658  0.1377E-84  0.1200E+02
 -10.648  0.1377E-84  0.1200E+02
 -10.638  0.1377E-84  0.1200E+02
 -10.628  0.1377E-84  0.1200E+02
 -10.618  0.1377E-84  0.1200E+02
 -10.608  0.1377E-84  0.1200E+02
 -10.598  0.1377E-84  0.1200E+02
 -10.588  0.1377E-84  0.1200E+02
 -10.578  0.1377E-84  0.1200E+02
 -10.568  0.1377E-84  0.1200E+02
 -10.558  0.1377E-84  0.1200E+02
 -10.548  0.1377E-84  0.1200E+02
 -10.538  0.1377E-84  0.1200E+02
 -10.528  0.1377E-84  0.1200E+02
 -10.518  0.1377E-84  0.1200E+02
 -10.508  0.1377E-84  0.1200E+02
 -10.498  0.1377E-84  0.1200E+02
 -10.488  0.1380E-84  0.1200E+02
 -10.478  0.1394E-84  0.1200E+02
 -10.468  0.1432E-84  0.1200E+02
 -10.458  0.1538E-84  0.1200E+02
 -10.448  0.1833E-84  0.1200E+02
 -10.438  0.2656E-84  0.1200E+02
 -10.428  0.4943E-84  0.1200E+02
 -10.418  0.1128E-83  0.1200E+02
 -10.408  0.2878E-83  0.1200E+02
 -10.398  0.7699E-83  0.1200E+02
 -10.388  0.2095E-82  0.1200E+02
 -10.378  0.5725E-82  0.1200E+02
 -10.368  0.1565E-81  0.1200E+02
 -10.358  0.4269E-81  0.1200E+02
 -10.348  0.1162E-80  0.1200E+02
 -10.338  0.3155E-80  0.1200E+02
 -10.328  0.8542E-80  0.1200E+02
 -10.318  0.2307E-79  0.1200E+02
 -10.308  0.6212E-79  0.1200E+02
 -10.298  0.1669E-78  0.1200E+02
 -10.288  0.4469E-78  0.1200E+02
 -10.278  0.1194E-77  0.1200E+02
 -10.268  0.3181E-77  0.1200E+02
 -10.258  0.8452E-77  0.1200E+02
 -10.248  0.2240E-76  0.1200E+02
 -10.238  0.5919E-76  0.1200E+02
 -10.228  0.1560E-75  0.1200E+02
 -10.218  0.4101E-75  0.1200E+02
 -10.208  0.1075E-74  0.1200E+02
 -10.198  0.2810E-74  0.1200E+02
 -10.188  0.7327E-74  0.1200E+02
 -10.178  0.1905E-73  0.1200E+02
 -10.168  0.4941E-73  0.1200E+02
 -10.158  0.1278E-72  0.1200E+02
 -10.148  0.3296E-72  0.1200E+02
 -10.138  0.8477E-72  0.1200E+02
 -10.128  0.2175E-71  0.1200E+02
 -10.118  0.5564E-71  0.1200E+02
 -10.108  0.1420E-70  0.1200E+02
 -10.098  0.3613E-70  0.1200E+02
 -10.088  0.9168E-70  0.1200E+02
 -10.078  0.2320E-69  0.1200E+02
 -10.068  0.5857E-69  0.1200E+02
 -10.058  0.1474E-68  0.1200E+02
 -10.048  0.3701E-68  0.1200E+02
 -10.038  0.9268E-68  0.1200E+02
 -10.028  0.2314E-67  0.1200E+02
 -10.018  0.5763E-67  0.1200E+02
 -10.008  0.1431E-66  0.1200E+02
  -9.998  0.3545E-66  0.1200E+02
  -9.988  0.8757E-66  0.1200E+02
  -9.978  0.2157E-65  0.1200E+02
  -9.968  0.5300E-65  0.1200E+02
  -9.958  0.1299E-64  0.1200E+02
  -9.948  0.3173E-64  0.1200E+02
  -9.938  0.7733E-64  0.1200E+02
  -9.928  0.1880E-63  0.1200E+02
  -9.918  0.4556E-63  0.1200E+02
  -9.908  0.1101E-62  0.1200E+02
  -9.898  0.2655E-62  0.1200E+02
  -9.888  0.6384E-62  0.1200E+02
  -9.878  0.1531E-61  0.1200E+02
  -9.868  0.3661E-61  0.1200E+02
  -9.858  0.8730E-61  0.1200E+02
  -9.848  0.2077E-60  0.1200E+02
  -9.838  0.4926E-60  0.1200E+02
  -9.828  0.1165E-59  0.1200E+02
  -9.818  0.2749E-59  0.1200E+02
  -9.808  0.6469E-59  0.1200E+02
  -9.798  0.1518E-58  0.1200E+02
  -9.788  0.3552E-58  0.1200E+02
  -9.778  0.8291E-58  0.1200E+02
  -9.768  0.1930E-57  0.1200E+02
  -9.758  0.4480E-57  0.1200E+02
  -9.748  0.1037E-56  0.1200E+02
  -9.738  0.2395E-56  0.1200E+02
  -9.728  0.5514E-56  0.1200E+02
  -9.718  0.1266E-55  0.1200E+02
  -9.708  0.2900E-55  0.1200E+02
  -9.698  0.6624E-55  0.1200E+02
  -9.688  0.1509E-54  0.1200E+02
  -9.678  0.3428E-54  0.1200E+02
  -9.668  0.7766E-54  0.1200E+02
  -9.658  0.1755E-53  0.1200E+02
  -9.648  0.3954E-53  0.1200E+02
  -9.638  0.8887E-53  0.1200E+02
  -9.628  0.1992E-52  0.1200E+02
  -9.618  0.4452E-52  0.1200E+02
  -9.608  0.9925E-52  0.1200E+02
  -9.598  0.2207E-51  0.1200E+02
  -9.588  0.4892E-51  0.1200E+02
  -9.578  0.1082E-50  0.1200E+02
  -9.568  0.2386E-50  0.1200E+02
  -9.558  0.5247E-50  0.1200E+02
  -9.548  0.1151E-49  0.1200E+02
  -9.538  0.2517E-49  0.1200E+02
  -9.528  0.5492E-49  0.1200E+02
  -9.518  0.1195E-48  0.1200E+02
  -9.508  0.2593E-48  0.1200E+02
  -9.498  0.5610E-48  0.1200E+02
  -9.488  0.1211E-47  0.1200E+02
  -9.478  0.2606E-47  0.1200E+02
  -9.468  0.5593E-47  0.1200E+02
  -9.458  0.1197E-46  0.1200E+02
  -9.448  0.2556E-46  0.1200E+02
  -9.438  0.5443E-46  0.1200E+02
  -9.428  0.1156E-45  0.1200E+02
  -9.418  0.2448E-45  0.1200E+02
  -9.408  0.5169E-45  0.1200E+02
  -9.398  0.1089E-44  0.1200E+02
  -9.388  0.2287E-44  0.1200E+02
  -9.378  0.4791E-44  0.1200E+02
  -9.368  0.1001E-43  0.1200E+02
  -9.358  0.2086E-43  0.1200E+02
  -9.348  0.4334E-43  0.1200E+02
  -9.338  0.8983E-43  0.1200E+02
  -9.328  0.1857E-42  0.1200E+02
  -9.318  0.3827E-42  0.1200E+02
  -9.308  0.7867E-42  0.1200E+02
  -9.298  0.1613E-41  0.1200E+02
  -9.288  0.3298E-41  0.1200E+02
  -9.278  0.6724E-41  0.1200E+02
  -9.268  0.1367E-40  0.1200E+02
  -9.258  0.2773E-40  0.1200E+02
  -9.248  0.5610E-40  0.1200E+02
  -9.238  0.1132E-39  0.1200E+02
  -9.228  0.2276E-39  0.1200E+02
  -9.218  0.4567E-39  0.1200E+02
  -9.208  0.9139E-39  0.1200E+02
  -9.198  0.1824E-38  0.1200E+02
  -9.188  0.3629E-38  0.1200E+02
  -9.178  0.7203E-38  0.1200E+02
  -9.168  0.1426E-37  0.1200E+02
  -9.158  0.2815E-37  0.1200E+02
  -9.148  0.5541E-37  0.1200E+02
  -9.138  0.1088E-36  0.1200E+02
  -9.128  0.2131E-36  0.1200E+02
  -9.118  0.4161E-36  0.1200E+02
  -9.108  0.8103E-36  0.1200E+02
  -9.098  0.1574E-35  0.1200E+02
  -9.088  0.3049E-35  0.1200E+02
  -9.078  0.5890E-35  0.1200E+02
  -9.068  0.1135E-34  0.1200E+02
  -9.058  0.2181E-34  0.1200E+02
  -9.048  0.4179E-34  0.1200E+02
  -9.038  0.7986E-34  0.1200E+02
  -9.028  0.1522E-33  0.1200E+02
  -9.018  0.2893E-33  0.1200E+02
  -9.008  0.5485E-33  0.1200E+02
  -8.998  0.1037E-32  0.1200E+02
  -8.988  0.1955E-32  0.1200E+02
  -8.978  0.3676E-32  0.1200E+02
  -8.968  0.6894E-32  0.1200E+02
  -8.958  0.1289E-31  0.1200E+02
  -8.948  0.2405E-31  0.1200E+02
  -8.938  0.4474E-31  0.1200E+02
  -8.928  0.8300E-31  0.1200E+02
  -8.918  0.1536E-30  0.1200E+02
  -8.908  0.2833E-30  0.1200E+02
  -8.898  0.5214E-30  0.1200E+02
  -8.888  0.9569E-30  0.1200E+02
  -8.878  0.1751E-29  0.1200E+02
  -8.868  0.3197E-29  0.1200E+02
  -8.858  0.5820E-29  0.1200E+02
  -8.848  0.1057E-28  0.1200E+02
  -8.838  0.1913E-28  0.1200E+02
  -8.828  0.3455E-28  0.1200E+02
  -8.818  0.6221E-28  0.1200E+02
  -8.808  0.1117E-27  0.1200E+02
  -8.798  0.2001E-27  0.1200E+02
  -8.788  0.3575E-27  0.1200E+02
  -8.778  0.6369E-27  0.1200E+02
  -8.768  0.1132E-26  0.1200E+02
  -8.758  0.2005E-26  0.1200E+02
  -8.748  0.3543E-26  0.1200E+02
  -8.738  0.6244E-26  0.1200E+02
  -8.728  0.1098E-25  0.1200E+02
  -8.718  0.1924E-25  0.1200E+02
  -8.708  0.3363E-25  0.1200E+02
  -8.698  0.5863E-25  0.1200E+02
  -8.688  0.1019E-24  0.1200E+02
  -8.678  0.1768E-24  0.1200E+02
  -8.668  0.3057E-24  0.1200E+02
  -8.658  0.5273E-24  0.1200E+02
  -8.648  0.9069E-24  0.1200E+02
  -8.638  0.1556E-23  0.1200E+02
  -8.628  0.2662E-23  0.1200E+02
  -8.618  0.4541E-23  0.1200E+02
  -8.608  0.7727E-23  0.1200E+02
  -8.598  0.1311E-22  0.1200E+02
  -8.588  0.2219E-22  0.1200E+02
  -8.578  0.3745E-22  0.1200E+02
  -8.568  0.6305E-22  0.1200E+02
  -8.558  0.1058E-21  0.1200E+02
  -8.548  0.1772E-21  0.1200E+02
  -8.538  0.2959E-21  0.1200E+02
  -8.528  0.4927E-21  0.1200E+02
  -8.518  0.8182E-21  0.1200E+02
  -8.508  0.1355E-20  0.1200E+02
  -8.498  0.2238E-20  0.1200E+02
  -8.488  0.3687E-20  0.1200E+02
  -8.478  0.6057E-20  0.1200E+02
  -8.468  0.9924E-20  0.1200E+02
  -8.458  0.1622E-19  0.1200E+02
  -8.448  0.2643E-19  0.1200E+02
  -8.438  0.4295E-19  0.1200E+02
  -8.428  0.6961E-19  0.1200E+02
  -8.418  0.1125E-18  0.1200E+02
  -8.408  0.1814E-18  0.1200E+02
  -8.398  0.2916E-18  0.1200E+02
  -8.388  0.4676E-18  0.1200E+02
  -8.378  0.7477E-18  0.1200E+02
  -8.368  0.1192E-17  0.1200E+02
  -8.358  0.1896E-17  0.1200E+02
  -8.348  0.3008E-17  0.1200E+02
  -8.338  0.4758E-17  0.1200E+02
  -8.328  0.7507E-17  0.1200E+02
  -8.318  0.1181E-16  0.1200E+02
  -8.308  0.1853E-16  0.1200E+02
  -8.298  0.2900E-16  0.1200E+02
  -8.288  0.4526E-16  0.1200E+02
  -8.278  0.7045E-16  0.1200E+02
  -8.268  0.1094E-15  0.1200E+02
  -8.258  0.1693E-15  0.1200E+02
  -8.248  0.2614E-15  0.1200E+02
  -8.238  0.4024E-15  0.1200E+02
  -8.228  0.6180E-15  0.1200E+02
  -8.218  0.9464E-15  0.1200E+02
  -8.208  0.1445E-14  0.1200E+02
  -8.198  0.2202E-14  0.1200E+02
  -8.188  0.3344E-14  0.1200E+02
  -8.178  0.5067E-14  0.1200E+02
  -8.168  0.7655E-14  0.1200E+02
  -8.158  0.1154E-13  0.1200E+02
  -8.148  0.1733E-13  0.1200E+02
  -8.138  0.2598E-13  0.1200E+02
  -8.128  0.3883E-13  0.1200E+02
  -8.118  0.5788E-13  0.1200E+02
  -8.108  0.8605E-13  0.1200E+02
  -8.098  0.1276E-12  0.1200E+02
  -8.088  0.1886E-12  0.1200E+02
  -8.078  0.2781E-12  0.1200E+02
  -8.068  0.4091E-12  0.1200E+02
  -8.058  0.5999E-12  0.1200E+02
  -8.048  0.8775E-12  0.1200E+02
  -8.038  0.1280E-11  0.1200E+02
  -8.028  0.1862E-11  0.1200E+02
  -8.018  0.2702E-11  0.1200E+02
  -8.008  0.3910E-11  0.1200E+02
  -7.998  0.5642E-11  0.1200E+02
  -7.988  0.8120E-11  0.1200E+02
  -7.978  0.1166E-10  0.1200E+02
  -7.968  0.1668E-10  0.1200E+02
  -7.958  0.2382E-10  0.1200E+02
  -7.948  0.3391E-10  0.1200E+02
  -7.938  0.4815E-10  0.1200E+02
  -7.928  0.6818E-10  0.1200E+02
  -7.918  0.9628E-10  0.1200E+02
  -7.908  0.1356E-09  0.1200E+02
  -7.898  0.1905E-09  0.1200E+02
  -7.888  0.2668E-09  0.1200E+02
  -7.878  0.3728E-09  0.1200E+02
  -7.868  0.5194E-09  0.1200E+02
  -7.858  0.7217E-09  0.1200E+02
  -7.848  0.1000E-08  0.1200E+02
  -7.838  0.1382E-08  0.1200E+02
  -7.828  0.1905E-08  0.1200E+02
  -7.818  0.2619E-08  0.1200E+02
  -7.808  0.3590E-08  0.1200E+02
  -7.798  0.4909E-08  0.1200E+02
  -7.788  0.6693E-08  0.1200E+02
  -7.778  0.9101E-08  0.1200E+02
  -7.768  0.1234E-07  0.1200E+02
  -7.758  0.1669E-07  0.1200E+02
  -7.748  0.2252E-07  0.1200E+02
  -7.738  0.3029E-07  0.1200E+02
  -7.728  0.4064E-07  0.1200E+02
  -7.718  0.5437E-07  0.1200E+02
  -7.708  0.7255E-07  0.1200E+02
  -7.698  0.9655E-07  0.1200E+02
  -7.688  0.1281E-06  0.1200E+02
  -7.678  0.1696E-06  0.1200E+02
  -7.668  0.2239E-06  0.1200E+02
  -7.658  0.2947E-06  0.1200E+02
  -7.648  0.3869E-06  0.1200E+02
  -7.638  0.5067E-06  0.1200E+02
  -7.628  0.6616E-06  0.1200E+02
  -7.618  0.8616E-06  0.1200E+02
  -7.608  0.1119E-05  0.1200E+02
  -7.598  0.1450E-05  0.1200E+02
  -7.588  0.1873E-05  0.1200E+02
  -7.578  0.2412E-05  0.1200E+02
  -7.568  0.3100E-05  0.1200E+02
  -7.558  0.3972E-05  0.1200E+02
  -7.548  0.5076E-05  0.1200E+02
  -7.538  0.6469E-05  0.1200E+02
  -7.528  0.8222E-05  0.1200E+02
  -7.518  0.1042E-04  0.1200E+02
  -7.508  0.1318E-04  0.1200E+02
  -7.498  0.1661E-04  0.1200E+02
  -7.488  0.2089E-04  0.1200E+02
  -7.478  0.2619E-04  0.1200E+02
  -7.468  0.3276E-04  0.1200E+02
  -7.458  0.4085E-04  0.1200E+02
  -7.448  0.5082E-04  0.1200E+02
  -7.438  0.6304E-04  0.1200E+02
  -7.428  0.7799E-04  0.1200E+02
  -7.418  0.9623E-04  0.1200E+02
  -7.408  0.1184E-03  0.1200E+02
  -7.398  0.1453E-03  0.1200E+02
  -7.388  0.1778E-03  0.1200E+02
  -7.378  0.2171E-03  0.1200E+02
  -7.368  0.2642E-03  0.1200E+02
  -7.358  0.3208E-03  0.1200E+02
  -7.348  0.3884E-03  0.1200E+02
  -7.338  0.4689E-03  0.1200E+02
  -7.328  0.5647E-03  0.1200E+02
  -7.318  0.6782E-03  0.1200E+02
  -7.308  0.8122E-03  0.1200E+02
  -7.298  0.9702E-03  0.1200E+02
  -7.288  0.1156E-02  0.1200E+02
  -7.278  0.1373E-02  0.1200E+02
  -7.268  0.1627E-02  0.1200E+02
  -7.258  0.1922E-02  0.1200E+02
  -7.248  0.2266E-02  0.1200E+02
  -7.238  0.2663E-02  0.1200E+02
  -7.228  0.3121E-02  0.1200E+02
  -7.218  0.3648E-02  0.1200E+02
  -7.208  0.4253E-02  0.1200E+02
  -7.198  0.4945E-02  0.1200E+02
  -7.188  0.5733E-02  0.1200E+02
  -7.178  0.6630E-02  0.1200E+02
  -7.168  0.7646E-02  0.1200E+02
  -7.158  0.8794E-02  0.1200E+02
  -7.148  0.1009E-01  0.1200E+02
  -7.138  0.1154E-01  0.1200E+02
  -7.128  0.1317E-01  0.1200E+02
  -7.118  0.1498E-01  0.1200E+02
  -7.108  0.1700E-01  0.1200E+02
  -7.098  0.1924E-01  0.1200E+02
  -7.088  0.2171E-01  0.1200E+02
  -7.078  0.2444E-01  0.1200E+02
  -7.068  0.2743E-01  0.1200E+02
  -7.058  0.3071E-01  0.1200E+02
  -7.048  0.3429E-01  0.1200E+02
  -7.038  0.3818E-01  0.1200E+02
  -7.028  0.4239E-01  0.1200E+02
  -7.018  0.4695E-01  0.1200E+02
  -7.008  0.5186E-01  0.1200E+02
  -6.998  0.5712E-01  0.1201E+02
  -6.988  0.6275E-01  0.1201E+02
  -6.978  0.6875E-01  0.1201E+02
  -6.968  0.7512E-01  0.1201E+02
  -6.958  0.8186E-01  0.1201E+02
  -6.948  0.8896E-01  0.1201E+02
  -6.938  0.9642E-01  0.1201E+02
  -6.928  0.1042E+00  0.1201E+02
  -6.918  0.1124E+00  0.1201E+02
  -6.908  0.1208E+00  0.1201E+02
  -6.898  0.1295E+00  0.1201E+02
  -6.888  0.1385E+00  0.1202E+02
  -6.878  0.1477E+00  0.1202E+02
  -6.868  0.1571E+00  0.1202E+02
  -6.858  0.1666E+00  0.1202E+02
  -6.848  0.1763E+00  0.1202E+02
  -6.838  0.1860E+00  0.1202E+02
  -6.828  0.1957E+00  0.1203E+02
  -6.818  0.2054E+00  0.1203E+02
  -6.808  0.2150E+00  0.1203E+02
  -6.798  0.2245E+00  0.1203E+02
  -6.788  0.2337E+00  0.1204E+02
  -6.778  0.2427E+00  0.1204E+02
  -6.768  0.2514E+00  0.1204E+02
  -6.758  0.2597E+00  0.1204E+02
  -6.748  0.2677E+00  0.1205E+02
  -6.738  0.2751E+00  0.1205E+02
  -6.728  0.2821E+00  0.1205E+02
  -6.718  0.2885E+00  0.1205E+02
  -6.708  0.2943E+00  0.1206E+02
  -6.698  0.2995E+00  0.1206E+02
  -6.688  0.3041E+00  0.1206E+02
  -6.678  0.3081E+00  0.1207E+02
  -6.668  0.3114E+00  0.1207E+02
  -6.658  0.3142E+00  0.1207E+02
  -6.648  0.3163E+00  0.1208E+02
  -6.638  0.3178E+00  0.1208E+02
  -6.628  0.3187E+00  0.1208E+02
  -6.618  0.3192E+00  0.1208E+02
  -6.608  0.3192E+00  0.1209E+02
  -6.598  0.3188E+00  0.1209E+02
  -6.588  0.3182E+00  0.1209E+02
  -6.578  0.3173E+00  0.1210E+02
  -6.568  0.3163E+00  0.1210E+02
  -6.558  0.3153E+00  0.1210E+02
  -6.548  0.3145E+00  0.1211E+02
  -6.538  0.3139E+00  0.1211E+02
  -6.528  0.3137E+00  0.1211E+02
  -6.518  0.3140E+00  0.1212E+02
  -6.508  0.3150E+00  0.1212E+02
  -6.498  0.3169E+00  0.1212E+02
  -6.488  0.3197E+00  0.1213E+02
  -6.478  0.3238E+00  0.1213E+02
  -6.468  0.3292E+00  0.1213E+02
  -6.458  0.3361E+00  0.1214E+02
  -6.448  0.3447E+00  0.1214E+02
  -6.438  0.3552E+00  0.1214E+02
  -6.428  0.3677E+00  0.1215E+02
  -6.418  0.3824E+00  0.1215E+02
  -6.408  0.3994E+00  0.1215E+02
  -6.398  0.4190E+00  0.1216E+02
  -6.388  0.4411E+00  0.1216E+02
  -6.378  0.4661E+00  0.1217E+02
  -6.368  0.4939E+00  0.1217E+02
  -6.358  0.5247E+00  0.1218E+02
  -6.348  0.5585E+00  0.1218E+02
  -6.338  0.5955E+00  0.1219E+02
  -6.328  0.6356E+00  0.1220E+02
  -6.318  0.6789E+00  0.1220E+02
  -6.308  0.7255E+00  0.1221E+02
  -6.298  0.7752E+00  0.1222E+02
  -6.288  0.8280E+00  0.1223E+02
  -6.278  0.8838E+00  0.1223E+02
  -6.268  0.9427E+00  0.1224E+02
  -6.258  0.1004E+01  0.1225E+02
  -6.248  0.1069E+01  0.1226E+02
  -6.238  0.1136E+01  0.1228E+02
  -6.228  0.1205E+01  0.1229E+02
  -6.218  0.1276E+01  0.1230E+02
  -6.208  0.1349E+01  0.1231E+02
  -6.198  0.1424E+01  0.1233E+02
  -6.188  0.1500E+01  0.1234E+02
  -6.178  0.1577E+01  0.1236E+02
  -6.168  0.1654E+01  0.1238E+02
  -6.158  0.1732E+01  0.1239E+02
  -6.148  0.1810E+01  0.1241E+02
  -6.138  0.1888E+01  0.1243E+02
  -6.128  0.1964E+01  0.1245E+02
  -6.118  0.2040E+01  0.1247E+02
  -6.108  0.2114E+01  0.1249E+02
  -6.098  0.2187E+01  0.1251E+02
  -6.088  0.2257E+01  0.1254E+02
  -6.078  0.2325E+01  0.1256E+02
  -6.068  0.2390E+01  0.1258E+02
  -6.058  0.2452E+01  0.1261E+02
  -6.048  0.2511E+01  0.1263E+02
  -6.038  0.2566E+01  0.1266E+02
  -6.028  0.2617E+01  0.1268E+02
  -6.018  0.2665E+01  0.1271E+02
  -6.008  0.2708E+01  0.1274E+02
  -5.998  0.2746E+01  0.1277E+02
  -5.988  0.2781E+01  0.1279E+02
  -5.978  0.2810E+01  0.1282E+02
  -5.968  0.2836E+01  0.1285E+02
  -5.958  0.2856E+01  0.1288E+02
  -5.948  0.2872E+01  0.1291E+02
  -5.938  0.2883E+01  0.1294E+02
  -5.928  0.2890E+01  0.1296E+02
  -5.918  0.2892E+01  0.1299E+02
  -5.908  0.2891E+01  0.1302E+02
  -5.898  0.2884E+01  0.1305E+02
  -5.888  0.2874E+01  0.1308E+02
  -5.878  0.2860E+01  0.1311E+02
  -5.868  0.2842E+01  0.1314E+02
  -5.858  0.2821E+01  0.1317E+02
  -5.848  0.2796E+01  0.1319E+02
  -5.838  0.2768E+01  0.1322E+02
  -5.828  0.2737E+01  0.1325E+02
  -5.818  0.2704E+01  0.1328E+02
  -5.808  0.2668E+01  0.1330E+02
  -5.798  0.2630E+01  0.1333E+02
  -5.788  0.2589E+01  0.1335E+02
  -5.778  0.2547E+01  0.1338E+02
  -5.768  0.2503E+01  0.1341E+02
  -5.758  0.2458E+01  0.1343E+02
  -5.748  0.2412E+01  0.1345E+02
  -5.738  0.2364E+01  0.1348E+02
  -5.728  0.2316E+01  0.1350E+02
  -5.718  0.2267E+01  0.1352E+02
  -5.708  0.2218E+01  0.1355E+02
  -5.698  0.2168E+01  0.1357E+02
  -5.688  0.2117E+01  0.1359E+02
  -5.678  0.2067E+01  0.1361E+02
  -5.668  0.2017E+01  0.1363E+02
  -5.658  0.1967E+01  0.1365E+02
  -5.648  0.1917E+01  0.1367E+02
  -5.638  0.1867E+01  0.1369E+02
  -5.628  0.1818E+01  0.1370E+02
  -5.618  0.1769E+01  0.1372E+02
  -5.608  0.1721E+01  0.1374E+02
  -5.598  0.1673E+01  0.1376E+02
  -5.588  0.1626E+01  0.1377E+02
  -5.578  0.1581E+01  0.1379E+02
  -5.568  0.1536E+01  0.1380E+02
  -5.558  0.1491E+01  0.1382E+02
  -5.548  0.1449E+01  0.1383E+02
  -5.538  0.1407E+01  0.1385E+02
  -5.528  0.1366E+01  0.1386E+02
  -5.518  0.1327E+01  0.1387E+02
  -5.508  0.1289E+01  0.1389E+02
  -5.498  0.1252E+01  0.1390E+02
  -5.488  0.1217E+01  0.1391E+02
  -5.478  0.1183E+01  0.1392E+02
  -5.468  0.1152E+01  0.1394E+02
  -5.458  0.1121E+01  0.1395E+02
  -5.448  0.1093E+01  0.1396E+02
  -5.438  0.1067E+01  0.1397E+02
  -5.428  0.1042E+01  0.1398E+02
  -5.418  0.1019E+01  0.1399E+02
  -5.408  0.9989E+00  0.1400E+02
  -5.398  0.9804E+00  0.1401E+02
  -5.388  0.9640E+00  0.1402E+02
  -5.378  0.9497E+00  0.1403E+02
  -5.368  0.9376E+00  0.1404E+02
  -5.358  0.9275E+00  0.1405E+02
  -5.348  0.9196E+00  0.1406E+02
  -5.338  0.9137E+00  0.1406E+02
  -5.328  0.9099E+00  0.1407E+02
  -5.318  0.9081E+00  0.1408E+02
  -5.308  0.9081E+00  0.1409E+02
  -5.298  0.9100E+00  0.1410E+02
  -5.288  0.9135E+00  0.1411E+02
  -5.278  0.9187E+00  0.1412E+02
  -5.268  0.9254E+00  0.1413E+02
  -5.258  0.9334E+00  0.1414E+02
  -5.248  0.9427E+00  0.1415E+02
  -5.238  0.9530E+00  0.1416E+02
  -5.228  0.9643E+00  0.1417E+02
  -5.218  0.9764E+00  0.1418E+02
  -5.208  0.9891E+00  0.1419E+02
  -5.198  0.1002E+01  0.1420E+02
  -5.188  0.1016E+01  0.1421E+02
  -5.178  0.1030E+01  0.1422E+02
  -5.168  0.1044E+01  0.1423E+02
  -5.158  0.1058E+01  0.1424E+02
  -5.148  0.1071E+01  0.1425E+02
  -5.138  0.1085E+01  0.1426E+02
  -5.128  0.1099E+01  0.1427E+02
  -5.118  0.1112E+01  0.1428E+02
  -5.108  0.1125E+01  0.1429E+02
  -5.098  0.1137E+01  0.1430E+02
  -5.088  0.1150E+01  0.1432E+02
  -5.078  0.1162E+01  0.1433E+02
  -5.068  0.1174E+01  0.1434E+02
  -5.058  0.1186E+01  0.1435E+02
  -5.048  0.1198E+01  0.1436E+02
  -5.038  0.1210E+01  0.1437E+02
  -5.028  0.1222E+01  0.1439E+02
  -5.018  0.1235E+01  0.1440E+02
  -5.008  0.1249E+01  0.1441E+02
  -4.998  0.1263E+01  0.1442E+02
  -4.988  0.1278E+01  0.1444E+02
  -4.978  0.1294E+01  0.1445E+02
  -4.968  0.1311E+01  0.1446E+02
  -4.958  0.1330E+01  0.1448E+02
  -4.948  0.1350E+01  0.1449E+02
  -4.938  0.1372E+01  0.1450E+02
  -4.928  0.1395E+01  0.1452E+02
  -4.918  0.1421E+01  0.1453E+02
  -4.908  0.1448E+01  0.1455E+02
  -4.898  0.1477E+01  0.1456E+02
  -4.888  0.1509E+01  0.1458E+02
  -4.878  0.1542E+01  0.1459E+02
  -4.868  0.1577E+01  0.1461E+02
  -4.858  0.1614E+01  0.1462E+02
  -4.848  0.1653E+01  0.1464E+02
  -4.838  0.1694E+01  0.1466E+02
  -4.828  0.1736E+01  0.1467E+02
  -4.818  0.1779E+01  0.1469E+02
  -4.808  0.1823E+01  0.1471E+02
  -4.798  0.1869E+01  0.1473E+02
  -4.788  0.1915E+01  0.1475E+02
  -4.778  0.1961E+01  0.1477E+02
  -4.768  0.2008E+01  0.1479E+02
  -4.758  0.2054E+01  0.1481E+02
  -4.748  0.2099E+01  0.1483E+02
  -4.738  0.2144E+01  0.1485E+02
  -4.728  0.2187E+01  0.1487E+02
  -4.718  0.2229E+01  0.1489E+02
  -4.708  0.2269E+01  0.1492E+02
  -4.698  0.2307E+01  0.1494E+02
  -4.688  0.2342E+01  0.1496E+02
  -4.678  0.2374E+01  0.1499E+02
  -4.668  0.2404E+01  0.1501E+02
  -4.658  0.2430E+01  0.1504E+02
  -4.648  0.2452E+01  0.1506E+02
  -4.638  0.2471E+01  0.1509E+02
  -4.628  0.2486E+01  0.1511E+02
  -4.618  0.2498E+01  0.1514E+02
  -4.608  0.2505E+01  0.1516E+02
  -4.598  0.2508E+01  0.1519E+02
  -4.588  0.2508E+01  0.1521E+02
  -4.578  0.2503E+01  0.1524E+02
  -4.568  0.2495E+01  0.1526E+02
  -4.558  0.2483E+01  0.1529E+02
  -4.548  0.2467E+01  0.1531E+02
  -4.538  0.2448E+01  0.1533E+02
  -4.528  0.2425E+01  0.1536E+02
  -4.518  0.2400E+01  0.1538E+02
  -4.508  0.2372E+01  0.1541E+02
  -4.498  0.2342E+01  0.1543E+02
  -4.488  0.2310E+01  0.1545E+02
  -4.478  0.2276E+01  0.1548E+02
  -4.468  0.2240E+01  0.1550E+02
  -4.458  0.2203E+01  0.1552E+02
  -4.448  0.2166E+01  0.1554E+02
  -4.438  0.2128E+01  0.1556E+02
  -4.428  0.2090E+01  0.1558E+02
  -4.418  0.2052E+01  0.1560E+02
  -4.408  0.2014E+01  0.1562E+02
  -4.398  0.1977E+01  0.1564E+02
  -4.388  0.1940E+01  0.1566E+02
  -4.378  0.1905E+01  0.1568E+02
  -4.368  0.1871E+01  0.1570E+02
  -4.358  0.1839E+01  0.1572E+02
  -4.348  0.1808E+01  0.1574E+02
  -4.338  0.1779E+01  0.1576E+02
  -4.328  0.1752E+01  0.1577E+02
  -4.318  0.1726E+01  0.1579E+02
  -4.308  0.1703E+01  0.1581E+02
  -4.298  0.1681E+01  0.1582E+02
  -4.288  0.1661E+01  0.1584E+02
  -4.278  0.1643E+01  0.1586E+02
  -4.268  0.1627E+01  0.1587E+02
  -4.258  0.1612E+01  0.1589E+02
  -4.248  0.1599E+01  0.1591E+02
  -4.238  0.1588E+01  0.1592E+02
  -4.228  0.1578E+01  0.1594E+02
  -4.218  0.1569E+01  0.1595E+02
  -4.208  0.1562E+01  0.1597E+02
  -4.198  0.1556E+01  0.1598E+02
  -4.188  0.1550E+01  0.1600E+02
  -4.178  0.1546E+01  0.1602E+02
  -4.168  0.1542E+01  0.1603E+02
  -4.158  0.1539E+01  0.1605E+02
  -4.148  0.1537E+01  0.1606E+02
  -4.138  0.1535E+01  0.1608E+02
  -4.128  0.1534E+01  0.1609E+02
  -4.118  0.1533E+01  0.1611E+02
  -4.108  0.1532E+01  0.1612E+02
  -4.098  0.1533E+01  0.1614E+02
  -4.088  0.1533E+01  0.1615E+02
  -4.078  0.1534E+01  0.1617E+02
  -4.068  0.1536E+01  0.1618E+02
  -4.058  0.1538E+01  0.1620E+02
  -4.048  0.1541E+01  0.1621E+02
  -4.038  0.1544E+01  0.1623E+02
  -4.028  0.1549E+01  0.1625E+02
  -4.018  0.1554E+01  0.1626E+02
  -4.008  0.1560E+01  0.1628E+02
  -3.998  0.1568E+01  0.1629E+02
  -3.988  0.1576E+01  0.1631E+02
  -3.978  0.1586E+01  0.1632E+02
  -3.968  0.1596E+01  0.1634E+02
  -3.958  0.1609E+01  0.1636E+02
  -3.948  0.1622E+01  0.1637E+02
  -3.938  0.1637E+01  0.1639E+02
  -3.928  0.1653E+01  0.1641E+02
  -3.918  0.1670E+01  0.1642E+02
  -3.908  0.1689E+01  0.1644E+02
  -3.898  0.1709E+01  0.1646E+02
  -3.888  0.1730E+01  0.1647E+02
  -3.878  0.1752E+01  0.1649E+02
  -3.868  0.1775E+01  0.1651E+02
  -3.858  0.1798E+01  0.1653E+02
  -3.848  0.1822E+01  0.1654E+02
  -3.838  0.1846E+01  0.1656E+02
  -3.828  0.1870E+01  0.1658E+02
  -3.818  0.1894E+01  0.1660E+02
  -3.808  0.1917E+01  0.1662E+02
  -3.798  0.1940E+01  0.1664E+02
  -3.788  0.1962E+01  0.1666E+02
  -3.778  0.1982E+01  0.1668E+02
  -3.768  0.2001E+01  0.1670E+02
  -3.758  0.2018E+01  0.1672E+02
  -3.748  0.2033E+01  0.1674E+02
  -3.738  0.2046E+01  0.1676E+02
  -3.728  0.2056E+01  0.1678E+02
  -3.718  0.2064E+01  0.1680E+02
  -3.708  0.2070E+01  0.1682E+02
  -3.698  0.2072E+01  0.1684E+02
  -3.688  0.2071E+01  0.1686E+02
  -3.678  0.2068E+01  0.1688E+02
  -3.668  0.2061E+01  0.1690E+02
  -3.658  0.2052E+01  0.1693E+02
  -3.648  0.2040E+01  0.1695E+02
  -3.638  0.2025E+01  0.1697E+02
  -3.628  0.2007E+01  0.1699E+02
  -3.618  0.1987E+01  0.1701E+02
  -3.608  0.1965E+01  0.1703E+02
  -3.598  0.1941E+01  0.1704E+02
  -3.588  0.1916E+01  0.1706E+02
  -3.578  0.1889E+01  0.1708E+02
  -3.568  0.1862E+01  0.1710E+02
  -3.558  0.1834E+01  0.1712E+02
  -3.548  0.1805E+01  0.1714E+02
  -3.538  0.1777E+01  0.1716E+02
  -3.528  0.1750E+01  0.1717E+02
  -3.518  0.1724E+01  0.1719E+02
  -3.508  0.1699E+01  0.1721E+02
  -3.498  0.1676E+01  0.1722E+02
  -3.488  0.1655E+01  0.1724E+02
  -3.478  0.1637E+01  0.1726E+02
  -3.468  0.1622E+01  0.1727E+02
  -3.458  0.1610E+01  0.1729E+02
  -3.448  0.1602E+01  0.1731E+02
  -3.438  0.1598E+01  0.1732E+02
  -3.428  0.1598E+01  0.1734E+02
  -3.418  0.1603E+01  0.1735E+02
  -3.408  0.1612E+01  0.1737E+02
  -3.398  0.1626E+01  0.1739E+02
  -3.388  0.1646E+01  0.1740E+02
  -3.378  0.1670E+01  0.1742E+02
  -3.368  0.1700E+01  0.1744E+02
  -3.358  0.1736E+01  0.1745E+02
  -3.348  0.1777E+01  0.1747E+02
  -3.338  0.1824E+01  0.1749E+02
  -3.328  0.1876E+01  0.1751E+02
  -3.318  0.1934E+01  0.1753E+02
  -3.308  0.1998E+01  0.1755E+02
  -3.298  0.2068E+01  0.1757E+02
  -3.288  0.2143E+01  0.1759E+02
  -3.278  0.2223E+01  0.1761E+02
  -3.268  0.2309E+01  0.1763E+02
  -3.258  0.2400E+01  0.1766E+02
  -3.248  0.2497E+01  0.1768E+02
  -3.238  0.2598E+01  0.1771E+02
  -3.228  0.2705E+01  0.1774E+02
  -3.218  0.2816E+01  0.1777E+02
  -3.208  0.2932E+01  0.1779E+02
  -3.198  0.3052E+01  0.1782E+02
  -3.188  0.3176E+01  0.1786E+02
  -3.178  0.3304E+01  0.1789E+02
  -3.168  0.3436E+01  0.1792E+02
  -3.158  0.3570E+01  0.1796E+02
  -3.148  0.3708E+01  0.1800E+02
  -3.138  0.3848E+01  0.1804E+02
  -3.128  0.3990E+01  0.1808E+02
  -3.118  0.4134E+01  0.1812E+02
  -3.108  0.4279E+01  0.1816E+02
  -3.098  0.4425E+01  0.1820E+02
  -3.088  0.4571E+01  0.1825E+02
  -3.078  0.4718E+01  0.1830E+02
  -3.068  0.4863E+01  0.1835E+02
  -3.058  0.5007E+01  0.1840E+02
  -3.048  0.5149E+01  0.1845E+02
  -3.038  0.5289E+01  0.1850E+02
  -3.028  0.5426E+01  0.1855E+02
  -3.018  0.5560E+01  0.1861E+02
  -3.008  0.5689E+01  0.1867E+02
  -2.998  0.5814E+01  0.1872E+02
  -2.988  0.5934E+01  0.1878E+02
  -2.978  0.6049E+01  0.1884E+02
  -2.968  0.6157E+01  0.1891E+02
  -2.958  0.6259E+01  0.1897E+02
  -2.948  0.6355E+01  0.1903E+02
  -2.938  0.6443E+01  0.1910E+02
  -2.928  0.6524E+01  0.1916E+02
  -2.918  0.6598E+01  0.1923E+02
  -2.908  0.6664E+01  0.1929E+02
  -2.898  0.6722E+01  0.1936E+02
  -2.888  0.6773E+01  0.1943E+02
  -2.878  0.6816E+01  0.1950E+02
  -2.868  0.6851E+01  0.1957E+02
  -2.858  0.6879E+01  0.1963E+02
  -2.848  0.6900E+01  0.1970E+02
  -2.838  0.6914E+01  0.1977E+02
  -2.828  0.6922E+01  0.1984E+02
  -2.818  0.6923E+01  0.1991E+02
  -2.808  0.6919E+01  0.1998E+02
  -2.798  0.6909E+01  0.2005E+02
  -2.788  0.6895E+01  0.2012E+02
  -2.778  0.6876E+01  0.2019E+02
  -2.768  0.6854E+01  0.2026E+02
  -2.758  0.6828E+01  0.2032E+02
  -2.748  0.6800E+01  0.2039E+02
  -2.738  0.6770E+01  0.2046E+02
  -2.728  0.6737E+01  0.2053E+02
  -2.718  0.6704E+01  0.2059E+02
  -2.708  0.6670E+01  0.2066E+02
  -2.698  0.6635E+01  0.2073E+02
  -2.688  0.6600E+01  0.2079E+02
  -2.678  0.6566E+01  0.2086E+02
  -2.668  0.6532E+01  0.2092E+02
  -2.658  0.6499E+01  0.2099E+02
  -2.648  0.6467E+01  0.2105E+02
  -2.638  0.6436E+01  0.2112E+02
  -2.628  0.6405E+01  0.2118E+02
  -2.618  0.6376E+01  0.2125E+02
  -2.608  0.6348E+01  0.2131E+02
  -2.598  0.6321E+01  0.2137E+02
  -2.588  0.6294E+01  0.2144E+02
  -2.578  0.6268E+01  0.2150E+02
  -2.568  0.6242E+01  0.2156E+02
  -2.558  0.6216E+01  0.2162E+02
  -2.548  0.6190E+01  0.2168E+02
  -2.538  0.6163E+01  0.2175E+02
  -2.528  0.6135E+01  0.2181E+02
  -2.518  0.6105E+01  0.2187E+02
  -2.508  0.6074E+01  0.2193E+02
  -2.498  0.6041E+01  0.2199E+02
  -2.488  0.6005E+01  0.2205E+02
  -2.478  0.5967E+01  0.2211E+02
  -2.468  0.5925E+01  0.2217E+02
  -2.458  0.5880E+01  0.2223E+02
  -2.448  0.5831E+01  0.2229E+02
  -2.438  0.5778E+01  0.2234E+02
  -2.428  0.5721E+01  0.2240E+02
  -2.418  0.5659E+01  0.2246E+02
  -2.408  0.5593E+01  0.2251E+02
  -2.398  0.5522E+01  0.2257E+02
  -2.388  0.5446E+01  0.2262E+02
  -2.378  0.5365E+01  0.2268E+02
  -2.368  0.5280E+01  0.2273E+02
  -2.358  0.5189E+01  0.2278E+02
  -2.348  0.5094E+01  0.2283E+02
  -2.338  0.4995E+01  0.2288E+02
  -2.328  0.4891E+01  0.2293E+02
  -2.318  0.4783E+01  0.2298E+02
  -2.308  0.4671E+01  0.2303E+02
  -2.298  0.4555E+01  0.2307E+02
  -2.288  0.4436E+01  0.2312E+02
  -2.278  0.4314E+01  0.2316E+02
  -2.268  0.4189E+01  0.2320E+02
  -2.258  0.4062E+01  0.2324E+02
  -2.248  0.3934E+01  0.2328E+02
  -2.238  0.3803E+01  0.2332E+02
  -2.228  0.3672E+01  0.2336E+02
  -2.218  0.3540E+01  0.2339E+02
  -2.208  0.3408E+01  0.2343E+02
  -2.198  0.3275E+01  0.2346E+02
  -2.188  0.3144E+01  0.2349E+02
  -2.178  0.3013E+01  0.2352E+02
  -2.168  0.2883E+01  0.2355E+02
  -2.158  0.2755E+01  0.2358E+02
  -2.148  0.2629E+01  0.2360E+02
  -2.138  0.2505E+01  0.2363E+02
  -2.128  0.2384E+01  0.2365E+02
  -2.118  0.2266E+01  0.2367E+02
  -2.108  0.2150E+01  0.2370E+02
  -2.098  0.2037E+01  0.2372E+02
  -2.088  0.1928E+01  0.2373E+02
  -2.078  0.1823E+01  0.2375E+02
  -2.068  0.1721E+01  0.2377E+02
  -2.058  0.1622E+01  0.2379E+02
  -2.048  0.1528E+01  0.2380E+02
  -2.038  0.1437E+01  0.2382E+02
  -2.028  0.1350E+01  0.2383E+02
  -2.018  0.1266E+01  0.2384E+02
  -2.008  0.1187E+01  0.2385E+02
  -1.998  0.1111E+01  0.2387E+02
  -1.988  0.1039E+01  0.2388E+02
  -1.978  0.9709E+00  0.2389E+02
  -1.968  0.9060E+00  0.2389E+02
  -1.958  0.8445E+00  0.2390E+02
  -1.948  0.7864E+00  0.2391E+02
  -1.938  0.7316E+00  0.2392E+02
  -1.928  0.6798E+00  0.2392E+02
  -1.918  0.6311E+00  0.2393E+02
  -1.908  0.5852E+00  0.2394E+02
  -1.898  0.5421E+00  0.2394E+02
  -1.888  0.5017E+00  0.2395E+02
  -1.878  0.4638E+00  0.2395E+02
  -1.868  0.4282E+00  0.2396E+02
  -1.858  0.3950E+00  0.2396E+02
  -1.848  0.3639E+00  0.2396E+02
  -1.838  0.3348E+00  0.2397E+02
  -1.828  0.3078E+00  0.2397E+02
  -1.818  0.2825E+00  0.2397E+02
  -1.808  0.2590E+00  0.2398E+02
  -1.798  0.2372E+00  0.2398E+02
  -1.788  0.2169E+00  0.2398E+02
  -1.778  0.1980E+00  0.2398E+02
  -1.768  0.1806E+00  0.2398E+02
  -1.758  0.1644E+00  0.2399E+02
  -1.748  0.1494E+00  0.2399E+02
  -1.738  0.1356E+00  0.2399E+02
  -1.728  0.1229E+00  0.2399E+02
  -1.718  0.1112E+00  0.2399E+02
  -1.708  0.1004E+00  0.2399E+02
  -1.698  0.9056E-01  0.2399E+02
  -1.688  0.8150E-01  0.2399E+02
  -1.678  0.7322E-01  0.2399E+02
  -1.668  0.6565E-01  0.2400E+02
  -1.658  0.5876E-01  0.2400E+02
  -1.648  0.5248E-01  0.2400E+02
  -1.638  0.4678E-01  0.2400E+02
  -1.628  0.4162E-01  0.2400E+02
  -1.618  0.3695E-01  0.2400E+02
  -1.608  0.3274E-01  0.2400E+02
  -1.598  0.2894E-01  0.2400E+02
  -1.588  0.2553E-01  0.2400E+02
  -1.578  0.2248E-01  0.2400E+02
  -1.568  0.1974E-01  0.2400E+02
  -1.558  0.1730E-01  0.2400E+02
  -1.548  0.1513E-01  0.2400E+02
  -1.538  0.1321E-01  0.2400E+02
  -1.528  0.1150E-01  0.2400E+02
  -1.518  0.1000E-01  0.2400E+02
  -1.508  0.8678E-02  0.2400E+02
  -1.498  0.7519E-02  0.2400E+02
  -1.488  0.6508E-02  0.2400E+02
  -1.478  0.5630E-02  0.2400E+02
  -1.468  0.4872E-02  0.2400E+02
  -1.458  0.4223E-02  0.2400E+02
  -1.448  0.3672E-02  0.2400E+02
  -1.438  0.3211E-02  0.2400E+02
  -1.428  0.2832E-02  0.2400E+02
  -1.418  0.2531E-02  0.2400E+02
  -1.408  0.2301E-02  0.2400E+02
  -1.398  0.2141E-02  0.2400E+02
  -1.388  0.2049E-02  0.2400E+02
  -1.378  0.2025E-02  0.2400E+02
  -1.368  0.2070E-02  0.2400E+02
  -1.358  0.2188E-02  0.2400E+02
  -1.348  0.2384E-02  0.2400E+02
  -1.338  0.2665E-02  0.2400E+02
  -1.328  0.3040E-02  0.2400E+02
  -1.318  0.3521E-02  0.2400E+02
  -1.308  0.4122E-02  0.2400E+02
  -1.298  0.4860E-02  0.2400E+02
  -1.288  0.5754E-02  0.2400E+02
  -1.278  0.6828E-02  0.2400E+02
  -1.268  0.8109E-02  0.2400E+02
  -1.258  0.9628E-02  0.2400E+02
  -1.248  0.1142E-01  0.2400E+02
  -1.238  0.1352E-01  0.2400E+02
  -1.228  0.1599E-01  0.2400E+02
  -1.218  0.1886E-01  0.2400E+02
  -1.208  0.2220E-01  0.2400E+02
  -1.198  0.2607E-01  0.2400E+02
  -1.188  0.3054E-01  0.2400E+02
  -1.178  0.3568E-01  0.2400E+02
  -1.168  0.4159E-01  0.2400E+02
  -1.158  0.4836E-01  0.2400E+02
  -1.148  0.5608E-01  0.2400E+02
  -1.138  0.6487E-01  0.2400E+02
  -1.128  0.7484E-01  0.2401E+02
  -1.118  0.8612E-01  0.2401E+02
  -1.108  0.9886E-01  0.2401E+02
  -1.098  0.1132E+00  0.2401E+02
  -1.088  0.1293E+00  0.2401E+02
  -1.078  0.1472E+00  0.2401E+02
  -1.068  0.1673E+00  0.2401E+02
  -1.058  0.1896E+00  0.2401E+02
  -1.048  0.2143E+00  0.2402E+02
  -1.038  0.2417E+00  0.2402E+02
  -1.028  0.2718E+00  0.2402E+02
  -1.018  0.3050E+00  0.2402E+02
  -1.008  0.3413E+00  0.2403E+02
  -0.998  0.3810E+00  0.2403E+02
  -0.988  0.4242E+00  0.2404E+02
  -0.978  0.4712E+00  0.2404E+02
  -0.968  0.5221E+00  0.2405E+02
  -0.958  0.5771E+00  0.2405E+02
  -0.948  0.6363E+00  0.2406E+02
  -0.938  0.6999E+00  0.2407E+02
  -0.928  0.7680E+00  0.2407E+02
  -0.918  0.8407E+00  0.2408E+02
  -0.908  0.9180E+00  0.2409E+02
  -0.898  0.1000E+01  0.2410E+02
  -0.888  0.1087E+01  0.2411E+02
  -0.878  0.1178E+01  0.2412E+02
  -0.868  0.1275E+01  0.2414E+02
  -0.858  0.1376E+01  0.2415E+02
  -0.848  0.1482E+01  0.2416E+02
  -0.838  0.1592E+01  0.2418E+02
  -0.828  0.1706E+01  0.2420E+02
  -0.818  0.1825E+01  0.2422E+02
  -0.808  0.1948E+01  0.2424E+02
  -0.798  0.2074E+01  0.2426E+02
  -0.788  0.2204E+01  0.2428E+02
  -0.778  0.2338E+01  0.2430E+02
  -0.768  0.2474E+01  0.2433E+02
  -0.758  0.2613E+01  0.2435E+02
  -0.748  0.2754E+01  0.2438E+02
  -0.738  0.2897E+01  0.2441E+02
  -0.728  0.3042E+01  0.2444E+02
  -0.718  0.3188E+01  0.2447E+02
  -0.708  0.3335E+01  0.2450E+02
  -0.698  0.3482E+01  0.2454E+02
  -0.688  0.3630E+01  0.2458E+02
  -0.678  0.3777E+01  0.2461E+02
  -0.668  0.3924E+01  0.2465E+02
  -0.658  0.4070E+01  0.2469E+02
  -0.648  0.4215E+01  0.2474E+02
  -0.638  0.4358E+01  0.2478E+02
  -0.628  0.4500E+01  0.2482E+02
  -0.618  0.4640E+01  0.2487E+02
  -0.608  0.4777E+01  0.2492E+02
  -0.598  0.4913E+01  0.2497E+02
  -0.588  0.5045E+01  0.2502E+02
  -0.578  0.5175E+01  0.2507E+02
  -0.568  0.5302E+01  0.2512E+02
  -0.558  0.5426E+01  0.2518E+02
  -0.548  0.5547E+01  0.2523E+02
  -0.538  0.5665E+01  0.2529E+02
  -0.528  0.5779E+01  0.2535E+02
  -0.518  0.5890E+01  0.2541E+02
  -0.508  0.5998E+01  0.2547E+02
  -0.498  0.6102E+01  0.2553E+02
  -0.488  0.6202E+01  0.2559E+02
  -0.478  0.6299E+01  0.2565E+02
  -0.468  0.6392E+01  0.2572E+02
  -0.458  0.6480E+01  0.2578E+02
  -0.448  0.6565E+01  0.2585E+02
  -0.438  0.6646E+01  0.2591E+02
  -0.428  0.6723E+01  0.2598E+02
  -0.418  0.6795E+01  0.2605E+02
  -0.408  0.6863E+01  0.2612E+02
  -0.398  0.6926E+01  0.2619E+02
  -0.388  0.6985E+01  0.2626E+02
  -0.378  0.7039E+01  0.2633E+02
  -0.368  0.7088E+01  0.2640E+02
  -0.358  0.7132E+01  0.2647E+02
  -0.348  0.7172E+01  0.2654E+02
  -0.338  0.7206E+01  0.2661E+02
  -0.328  0.7235E+01  0.2668E+02
  -0.318  0.7258E+01  0.2676E+02
  -0.308  0.7277E+01  0.2683E+02
  -0.298  0.7291E+01  0.2690E+02
  -0.288  0.7299E+01  0.2698E+02
  -0.278  0.7302E+01  0.2705E+02
  -0.268  0.7301E+01  0.2712E+02
  -0.258  0.7295E+01  0.2719E+02
  -0.248  0.7284E+01  0.2727E+02
  -0.238  0.7269E+01  0.2734E+02
  -0.228  0.7250E+01  0.2741E+02
  -0.218  0.7227E+01  0.2748E+02
  -0.208  0.7201E+01  0.2756E+02
  -0.198  0.7171E+01  0.2763E+02
  -0.188  0.7139E+01  0.2770E+02
  -0.178  0.7104E+01  0.2777E+02
  -0.168  0.7068E+01  0.2784E+02
  -0.158  0.7029E+01  0.2791E+02
  -0.148  0.6989E+01  0.2798E+02
  -0.138  0.6949E+01  0.2805E+02
  -0.128  0.6908E+01  0.2812E+02
  -0.118  0.6866E+01  0.2819E+02
  -0.108  0.6825E+01  0.2826E+02
  -0.098  0.6785E+01  0.2833E+02
  -0.088  0.6745E+01  0.2839E+02
  -0.078  0.6707E+01  0.2846E+02
  -0.068  0.6670E+01  0.2853E+02
  -0.058  0.6635E+01  0.2859E+02
  -0.048  0.6601E+01  0.2866E+02
  -0.038  0.6570E+01  0.2872E+02
  -0.028  0.6541E+01  0.2879E+02
  -0.018  0.6514E+01  0.2885E+02
  -0.008  0.6489E+01  0.2892E+02
   0.002  0.6467E+01  0.2898E+02
   0.012  0.6447E+01  0.2905E+02
   0.022  0.6429E+01  0.2911E+02
   0.032  0.6414E+01  0.2918E+02
   0.042  0.6401E+01  0.2924E+02
   0.052  0.6390E+01  0.2931E+02
   0.062  0.6381E+01  0.2937E+02
   0.072  0.6375E+01  0.2943E+02
   0.082  0.6370E+01  0.2950E+02
   0.092  0.6367E+01  0.2956E+02
   0.102  0.6365E+01  0.2962E+02
   0.112  0.6365E+01  0.2969E+02
   0.122  0.6367E+01  0.2975E+02
   0.132  0.6370E+01  0.2981E+02
   0.142  0.6374E+01  0.2988E+02
   0.152  0.6380E+01  0.2994E+02
   0.162  0.6387E+01  0.3001E+02
   0.172  0.6395E+01  0.3007E+02
   0.182  0.6404E+01  0.3013E+02
   0.192  0.6414E+01  0.3020E+02
   0.202  0.6426E+01  0.3026E+02
   0.212  0.6439E+01  0.3033E+02
   0.222  0.6453E+01  0.3039E+02
   0.232  0.6469E+01  0.3046E+02
   0.242  0.6486E+01  0.3052E+02
   0.252  0.6504E+01  0.3059E+02
   0.262  0.6524E+01  0.3065E+02
   0.272  0.6546E+01  0.3072E+02
   0.282  0.6569E+01  0.3078E+02
   0.292  0.6595E+01  0.3085E+02
   0.302  0.6621E+01  0.3091E+02
   0.312  0.6650E+01  0.3098E+02
   0.322  0.6680E+01  0.3105E+02
   0.332  0.6712E+01  0.3112E+02
   0.342  0.6745E+01  0.3118E+02
   0.352  0.6780E+01  0.3125E+02
   0.362  0.6816E+01  0.3132E+02
   0.372  0.6853E+01  0.3139E+02
   0.382  0.6891E+01  0.3146E+02
   0.392  0.6929E+01  0.3153E+02
   0.402  0.6968E+01  0.3159E+02
   0.412  0.7007E+01  0.3166E+02
   0.422  0.7045E+01  0.3174E+02
   0.432  0.7083E+01  0.3181E+02
   0.442  0.7120E+01  0.3188E+02
   0.452  0.7155E+01  0.3195E+02
   0.462  0.7189E+01  0.3202E+02
   0.472  0.7221E+01  0.3209E+02
   0.482  0.7250E+01  0.3217E+02
   0.492  0.7276E+01  0.3224E+02
   0.502  0.7300E+01  0.3231E+02
   0.512  0.7320E+01  0.3238E+02
   0.522  0.7336E+01  0.3246E+02
   0.532  0.7349E+01  0.3253E+02
   0.542  0.7358E+01  0.3260E+02
   0.552  0.7362E+01  0.3268E+02
   0.562  0.7363E+01  0.3275E+02
   0.572  0.7360E+01  0.3283E+02
   0.582  0.7353E+01  0.3290E+02
   0.592  0.7342E+01  0.3297E+02
   0.602  0.7327E+01  0.3305E+02
   0.612  0.7309E+01  0.3312E+02
   0.622  0.7288E+01  0.3319E+02
   0.632  0.7265E+01  0.3326E+02
   0.642  0.7239E+01  0.3334E+02
   0.652  0.7212E+01  0.3341E+02
   0.662  0.7183E+01  0.3348E+02
   0.672  0.7153E+01  0.3355E+02
   0.682  0.7124E+01  0.3362E+02
   0.692  0.7094E+01  0.3369E+02
   0.702  0.7066E+01  0.3377E+02
   0.712  0.7039E+01  0.3384E+02
   0.722  0.7014E+01  0.3391E+02
   0.732  0.6991E+01  0.3398E+02
   0.742  0.6971E+01  0.3405E+02
   0.752  0.6954E+01  0.3412E+02
   0.762  0.6941E+01  0.3418E+02
   0.772  0.6933E+01  0.3425E+02
   0.782  0.6928E+01  0.3432E+02
   0.792  0.6928E+01  0.3439E+02
   0.802  0.6932E+01  0.3446E+02
   0.812  0.6941E+01  0.3453E+02
   0.822  0.6955E+01  0.3460E+02
   0.832  0.6973E+01  0.3467E+02
   0.842  0.6995E+01  0.3474E+02
   0.852  0.7022E+01  0.3481E+02
   0.862  0.7052E+01  0.3488E+02
   0.872  0.7087E+01  0.3495E+02
   0.882  0.7124E+01  0.3502E+02
   0.892  0.7164E+01  0.3509E+02
   0.902  0.7207E+01  0.3517E+02
   0.912  0.7251E+01  0.3524E+02
   0.922  0.7297E+01  0.3531E+02
   0.932  0.7344E+01  0.3539E+02
   0.942  0.7391E+01  0.3546E+02
   0.952  0.7438E+01  0.3553E+02
   0.962  0.7485E+01  0.3561E+02
   0.972  0.7530E+01  0.3568E+02
   0.982  0.7574E+01  0.3576E+02
   0.992  0.7617E+01  0.3584E+02
   1.002  0.7657E+01  0.3591E+02
   1.012  0.7695E+01  0.3599E+02
   1.022  0.7730E+01  0.3607E+02
   1.032  0.7762E+01  0.3614E+02
   1.042  0.7792E+01  0.3622E+02
   1.052  0.7819E+01  0.3630E+02
   1.062  0.7843E+01  0.3638E+02
   1.072  0.7864E+01  0.3646E+02
   1.082  0.7882E+01  0.3654E+02
   1.092  0.7898E+01  0.3662E+02
   1.102  0.7912E+01  0.3669E+02
   1.112  0.7924E+01  0.3677E+02
   1.122  0.7934E+01  0.3685E+02
   1.132  0.7943E+01  0.3693E+02
   1.142  0.7951E+01  0.3701E+02
   1.152  0.7958E+01  0.3709E+02
   1.162  0.7965E+01  0.3717E+02
   1.172  0.7972E+01  0.3725E+02
   1.182  0.7980E+01  0.3733E+02
   1.192  0.7989E+01  0.3741E+02
   1.202  0.7999E+01  0.3749E+02
   1.212  0.8010E+01  0.3757E+02
   1.222  0.8024E+01  0.3765E+02
   1.232  0.8039E+01  0.3773E+02
   1.242  0.8056E+01  0.3781E+02
   1.252  0.8076E+01  0.3789E+02
   1.262  0.8098E+01  0.3797E+02
   1.272  0.8122E+01  0.3806E+02
   1.282  0.8149E+01  0.3814E+02
   1.292  0.8178E+01  0.3822E+02
   1.302  0.8209E+01  0.3830E+02
   1.312  0.8242E+01  0.3838E+02
   1.322  0.8277E+01  0.3847E+02
   1.332  0.8314E+01  0.3855E+02
   1.342  0.8351E+01  0.3863E+02
   1.352  0.8390E+01  0.3872E+02
   1.362  0.8429E+01  0.3880E+02
   1.372  0.8469E+01  0.3889E+02
   1.382  0.8508E+01  0.3897E+02
   1.392  0.8547E+01  0.3906E+02
   1.402  0.8585E+01  0.3914E+02
   1.412  0.8622E+01  0.3923E+02
   1.422  0.8657E+01  0.3931E+02
   1.432  0.8690E+01  0.3940E+02
   1.442  0.8721E+01  0.3949E+02
   1.452  0.8749E+01  0.3958E+02
   1.462  0.8774E+01  0.3966E+02
   1.472  0.8795E+01  0.3975E+02
   1.482  0.8813E+01  0.3984E+02
   1.492  0.8827E+01  0.3993E+02
   1.502  0.8837E+01  0.4002E+02
   1.512  0.8842E+01  0.4010E+02
   1.522  0.8843E+01  0.4019E+02
   1.532  0.8839E+01  0.4028E+02
   1.542  0.8831E+01  0.4037E+02
   1.552  0.8818E+01  0.4046E+02
   1.562  0.8800E+01  0.4055E+02
   1.572  0.8777E+01  0.4063E+02
   1.582  0.8750E+01  0.4072E+02
   1.592  0.8717E+01  0.4081E+02
   1.602  0.8680E+01  0.4090E+02
   1.612  0.8638E+01  0.4098E+02
   1.622  0.8592E+01  0.4107E+02
   1.632  0.8541E+01  0.4115E+02
   1.642  0.8486E+01  0.4124E+02
   1.652  0.8427E+01  0.4132E+02
   1.662  0.8364E+01  0.4141E+02
   1.672  0.8298E+01  0.4149E+02
   1.682  0.8228E+01  0.4157E+02
   1.692  0.8155E+01  0.4165E+02
   1.702  0.8080E+01  0.4173E+02
   1.712  0.8001E+01  0.4181E+02
   1.722  0.7921E+01  0.4189E+02
   1.732  0.7839E+01  0.4197E+02
   1.742  0.7755E+01  0.4205E+02
   1.752  0.7671E+01  0.4213E+02
   1.762  0.7585E+01  0.4220E+02
   1.772  0.7499E+01  0.4228E+02
   1.782  0.7413E+01  0.4235E+02
   1.792  0.7328E+01  0.4242E+02
   1.802  0.7243E+01  0.4250E+02
   1.812  0.7160E+01  0.4257E+02
   1.822  0.7078E+01  0.4264E+02
   1.832  0.6998E+01  0.4271E+02
   1.842  0.6921E+01  0.4278E+02
   1.852  0.6846E+01  0.4285E+02
   1.862  0.6775E+01  0.4291E+02
   1.872  0.6706E+01  0.4298E+02
   1.882  0.6642E+01  0.4305E+02
   1.892  0.6581E+01  0.4311E+02
   1.902  0.6525E+01  0.4318E+02
   1.912  0.6473E+01  0.4324E+02
   1.922  0.6427E+01  0.4331E+02
   1.932  0.6384E+01  0.4337E+02
   1.942  0.6347E+01  0.4343E+02
   1.952  0.6316E+01  0.4350E+02
   1.962  0.6289E+01  0.4356E+02
   1.972  0.6268E+01  0.4362E+02
   1.982  0.6252E+01  0.4369E+02
   1.992  0.6241E+01  0.4375E+02
   2.002  0.6235E+01  0.4381E+02
   2.012  0.6234E+01  0.4387E+02
   2.022  0.6239E+01  0.4394E+02
   2.032  0.6248E+01  0.4400E+02
   2.042  0.6261E+01  0.4406E+02
   2.052  0.6278E+01  0.4412E+02
   2.062  0.6300E+01  0.4419E+02
   2.072  0.6325E+01  0.4425E+02
   2.082  0.6353E+01  0.4431E+02
   2.092  0.6384E+01  0.4438E+02
   2.102  0.6418E+01  0.4444E+02
   2.112  0.6453E+01  0.4451E+02
   2.122  0.6490E+01  0.4457E+02
   2.132  0.6529E+01  0.4464E+02
   2.142  0.6568E+01  0.4470E+02
   2.152  0.6607E+01  0.4477E+02
   2.162  0.6646E+01  0.4483E+02
   2.172  0.6685E+01  0.4490E+02
   2.182  0.6722E+01  0.4497E+02
   2.192  0.6757E+01  0.4504E+02
   2.202  0.6790E+01  0.4510E+02
   2.212  0.6821E+01  0.4517E+02
   2.222  0.6849E+01  0.4524E+02
   2.232  0.6873E+01  0.4531E+02
   2.242  0.6893E+01  0.4538E+02
   2.252  0.6909E+01  0.4545E+02
   2.262  0.6920E+01  0.4552E+02
   2.272  0.6926E+01  0.4559E+02
   2.282  0.6927E+01  0.4565E+02
   2.292  0.6922E+01  0.4572E+02
   2.302  0.6911E+01  0.4579E+02
   2.312  0.6893E+01  0.4586E+02
   2.322  0.6869E+01  0.4593E+02
   2.332  0.6839E+01  0.4600E+02
   2.342  0.6801E+01  0.4607E+02
   2.352  0.6757E+01  0.4613E+02
   2.362  0.6705E+01  0.4620E+02
   2.372  0.6646E+01  0.4627E+02
   2.382  0.6579E+01  0.4633E+02
   2.392  0.6506E+01  0.4640E+02
   2.402  0.6425E+01  0.4646E+02
   2.412  0.6337E+01  0.4653E+02
   2.422  0.6242E+01  0.4659E+02
   2.432  0.6140E+01  0.4665E+02
   2.442  0.6032E+01  0.4671E+02
   2.452  0.5917E+01  0.4677E+02
   2.462  0.5795E+01  0.4683E+02
   2.472  0.5668E+01  0.4688E+02
   2.482  0.5536E+01  0.4694E+02
   2.492  0.5398E+01  0.4699E+02
   2.502  0.5255E+01  0.4705E+02
   2.512  0.5108E+01  0.4710E+02
   2.522  0.4957E+01  0.4715E+02
   2.532  0.4802E+01  0.4720E+02
   2.542  0.4645E+01  0.4724E+02
   2.552  0.4485E+01  0.4729E+02
   2.562  0.4322E+01  0.4733E+02
   2.572  0.4159E+01  0.4737E+02
   2.582  0.3994E+01  0.4741E+02
   2.592  0.3829E+01  0.4745E+02
   2.602  0.3664E+01  0.4749E+02
   2.612  0.3499E+01  0.4752E+02
   2.622  0.3336E+01  0.4755E+02
   2.632  0.3174E+01  0.4759E+02
   2.642  0.3014E+01  0.4762E+02
   2.652  0.2857E+01  0.4764E+02
   2.662  0.2702E+01  0.4767E+02
   2.672  0.2550E+01  0.4770E+02
   2.682  0.2403E+01  0.4772E+02
   2.692  0.2259E+01  0.4774E+02
   2.702  0.2119E+01  0.4777E+02
   2.712  0.1984E+01  0.4779E+02
   2.722  0.1853E+01  0.4780E+02
   2.732  0.1728E+01  0.4782E+02
   2.742  0.1607E+01  0.4784E+02
   2.752  0.1492E+01  0.4785E+02
   2.762  0.1382E+01  0.4787E+02
   2.772  0.1277E+01  0.4788E+02
   2.782  0.1177E+01  0.4789E+02
   2.792  0.1083E+01  0.4790E+02
   2.802  0.9943E+00  0.4791E+02
   2.812  0.9107E+00  0.4792E+02
   2.822  0.8323E+00  0.4793E+02
   2.832  0.7588E+00  0.4794E+02
   2.842  0.6903E+00  0.4794E+02
   2.852  0.6265E+00  0.4795E+02
   2.862  0.5673E+00  0.4795E+02
   2.872  0.5125E+00  0.4796E+02
   2.882  0.4619E+00  0.4796E+02
   2.892  0.4153E+00  0.4797E+02
   2.902  0.3725E+00  0.4797E+02
   2.912  0.3334E+00  0.4798E+02
   2.922  0.2977E+00  0.4798E+02
   2.932  0.2651E+00  0.4798E+02
   2.942  0.2356E+00  0.4798E+02
   2.952  0.2088E+00  0.4799E+02
   2.962  0.1847E+00  0.4799E+02
   2.972  0.1629E+00  0.4799E+02
   2.982  0.1434E+00  0.4799E+02
   2.992  0.1259E+00  0.4799E+02
   3.002  0.1102E+00  0.4799E+02
   3.012  0.9630E-01  0.4799E+02
   3.022  0.8392E-01  0.4799E+02
   3.032  0.7296E-01  0.4800E+02
   3.042  0.6328E-01  0.4800E+02
   3.052  0.5475E-01  0.4800E+02
   3.062  0.4725E-01  0.4800E+02
