#  E (eV)   dos(E)     Int dos(E) EFermi =   2.576 eV
 -18.405  0.1074E-04  0.1074E-06
 -18.395  0.1210E-04  0.2284E-06
 -18.385  0.1362E-04  0.3646E-06
 -18.375  0.1532E-04  0.5178E-06
 -18.365  0.1722E-04  0.6901E-06
 -18.355  0.1935E-04  0.8836E-06
 -18.345  0.2172E-04  0.1101E-05
 -18.335  0.2438E-04  0.1345E-05
 -18.325  0.2733E-04  0.1618E-05
 -18.315  0.3063E-04  0.1924E-05
 -18.305  0.3431E-04  0.2267E-05
 -18.295  0.3840E-04  0.2651E-05
 -18.285  0.4295E-04  0.3081E-05
 -18.275  0.4802E-04  0.3561E-05
 -18.265  0.5364E-04  0.4097E-05
 -18.255  0.5989E-04  0.4696E-05
 -18.245  0.6683E-04  0.5365E-05
 -18.235  0.7453E-04  0.6110E-05
 -18.225  0.8305E-04  0.6940E-05
 -18.215  0.9250E-04  0.7865E-05
 -18.205  0.1030E-03  0.8895E-05
 -18.195  0.1145E-03  0.1004E-04
 -18.185  0.1273E-03  0.1131E-04
 -18.175  0.1415E-03  0.1273E-04
 -18.165  0.1571E-03  0.1430E-04
 -18.155  0.1743E-03  0.1604E-04
 -18.145  0.1933E-03  0.1798E-04
 -18.135  0.2143E-03  0.2012E-04
 -18.125  0.2373E-03  0.2249E-04
 -18.115  0.2627E-03  0.2512E-04
 -18.105  0.2906E-03  0.2802E-04
 -18.095  0.3213E-03  0.3124E-04
 -18.085  0.3551E-03  0.3479E-04
 -18.075  0.3921E-03  0.3871E-04
 -18.065  0.4327E-03  0.4304E-04
 -18.055  0.4773E-03  0.4781E-04
 -18.045  0.5261E-03  0.5307E-04
 -18.035  0.5796E-03  0.5887E-04
 -18.025  0.6381E-03  0.6525E-04
 -18.015  0.7021E-03  0.7227E-04
 -18.005  0.7720E-03  0.7999E-04
 -17.995  0.8484E-03  0.8847E-04
 -17.985  0.9319E-03  0.9779E-04
 -17.975  0.1023E-02  0.1080E-03
 -17.965  0.1122E-02  0.1192E-03
 -17.955  0.1230E-02  0.1315E-03
 -17.945  0.1348E-02  0.1450E-03
 -17.935  0.1476E-02  0.1598E-03
 -17.925  0.1615E-02  0.1759E-03
 -17.915  0.1767E-02  0.1936E-03
 -17.905  0.1931E-02  0.2129E-03
 -17.895  0.2110E-02  0.2340E-03
 -17.885  0.2304E-02  0.2571E-03
 -17.875  0.2514E-02  0.2822E-03
 -17.865  0.2741E-02  0.3096E-03
 -17.855  0.2987E-02  0.3395E-03
 -17.845  0.3254E-02  0.3720E-03
 -17.835  0.3542E-02  0.4074E-03
 -17.825  0.3854E-02  0.4460E-03
 -17.815  0.4190E-02  0.4879E-03
 -17.805  0.4554E-02  0.5334E-03
 -17.795  0.4946E-02  0.5829E-03
 -17.785  0.5368E-02  0.6366E-03
 -17.775  0.5823E-02  0.6948E-03
 -17.765  0.6313E-02  0.7579E-03
 -17.755  0.6840E-02  0.8263E-03
 -17.745  0.7407E-02  0.9004E-03
 -17.735  0.8017E-02  0.9806E-03
 -17.725  0.8671E-02  0.1067E-02
 -17.715  0.9374E-02  0.1161E-02
 -17.705  0.1013E-01  0.1262E-02
 -17.695  0.1094E-01  0.1372E-02
 -17.685  0.1180E-01  0.1490E-02
 -17.675  0.1273E-01  0.1617E-02
 -17.665  0.1372E-01  0.1754E-02
 -17.655  0.1478E-01  0.1902E-02
 -17.645  0.1591E-01  0.2061E-02
 -17.635  0.1712E-01  0.2232E-02
 -17.625  0.1842E-01  0.2416E-02
 -17.615  0.1979E-01  0.2614E-02
 -17.605  0.2126E-01  0.2827E-02
 -17.595  0.2283E-01  0.3055E-02
 -17.585  0.2450E-01  0.3300E-02
 -17.575  0.2627E-01  0.3563E-02
 -17.565  0.2816E-01  0.3845E-02
 -17.555  0.3016E-01  0.4146E-02
 -17.545  0.3229E-01  0.4469E-02
 -17.535  0.3455E-01  0.4815E-02
 -17.525  0.3695E-01  0.5184E-02
 -17.515  0.3949E-01  0.5579E-02
 -17.505  0.4219E-01  0.6001E-02
 -17.495  0.4504E-01  0.6451E-02
 -17.485  0.4806E-01  0.6932E-02
 -17.475  0.5125E-01  0.7445E-02
 -17.465  0.5463E-01  0.7991E-02
 -17.455  0.5819E-01  0.8573E-02
 -17.445  0.6195E-01  0.9192E-02
 -17.435  0.6592E-01  0.9851E-02
 -17.425  0.7011E-01  0.1055E-01
 -17.415  0.7452E-01  0.1130E-01
 -17.405  0.7916E-01  0.1209E-01
 -17.395  0.8405E-01  0.1293E-01
 -17.385  0.8919E-01  0.1382E-01
 -17.375  0.9460E-01  0.1477E-01
 -17.365  0.1003E+00  0.1577E-01
 -17.355  0.1062E+00  0.1683E-01
 -17.345  0.1125E+00  0.1796E-01
 -17.335  0.1190E+00  0.1915E-01
 -17.325  0.1259E+00  0.2041E-01
 -17.315  0.1331E+00  0.2174E-01
 -17.305  0.1406E+00  0.2314E-01
 -17.295  0.1485E+00  0.2463E-01
 -17.285  0.1567E+00  0.2620E-01
 -17.275  0.1653E+00  0.2785E-01
 -17.265  0.1743E+00  0.2959E-01
 -17.255  0.1837E+00  0.3143E-01
 -17.245  0.1934E+00  0.3336E-01
 -17.235  0.2036E+00  0.3540E-01
 -17.225  0.2142E+00  0.3754E-01
 -17.215  0.2252E+00  0.3980E-01
 -17.205  0.2367E+00  0.4216E-01
 -17.195  0.2486E+00  0.4465E-01
 -17.185  0.2610E+00  0.4726E-01
 -17.175  0.2739E+00  0.5000E-01
 -17.165  0.2872E+00  0.5287E-01
 -17.155  0.3011E+00  0.5588E-01
 -17.145  0.3154E+00  0.5904E-01
 -17.135  0.3303E+00  0.6234E-01
 -17.125  0.3456E+00  0.6579E-01
 -17.115  0.3615E+00  0.6941E-01
 -17.105  0.3780E+00  0.7319E-01
 -17.095  0.3949E+00  0.7714E-01
 -17.085  0.4124E+00  0.8126E-01
 -17.075  0.4305E+00  0.8557E-01
 -17.065  0.4491E+00  0.9006E-01
 -17.055  0.4683E+00  0.9474E-01
 -17.045  0.4881E+00  0.9962E-01
 -17.035  0.5085E+00  0.1047E+00
 -17.025  0.5294E+00  0.1100E+00
 -17.015  0.5509E+00  0.1155E+00
 -17.005  0.5730E+00  0.1212E+00
 -16.995  0.5956E+00  0.1272E+00
 -16.985  0.6189E+00  0.1334E+00
 -16.975  0.6427E+00  0.1398E+00
 -16.965  0.6671E+00  0.1465E+00
 -16.955  0.6921E+00  0.1534E+00
 -16.945  0.7177E+00  0.1606E+00
 -16.935  0.7438E+00  0.1680E+00
 -16.925  0.7705E+00  0.1757E+00
 -16.915  0.7978E+00  0.1837E+00
 -16.905  0.8257E+00  0.1920E+00
 -16.895  0.8540E+00  0.2005E+00
 -16.885  0.8830E+00  0.2093E+00
 -16.875  0.9124E+00  0.2185E+00
 -16.865  0.9424E+00  0.2279E+00
 -16.855  0.9729E+00  0.2376E+00
 -16.845  0.1004E+01  0.2476E+00
 -16.835  0.1035E+01  0.2580E+00
 -16.825  0.1067E+01  0.2687E+00
 -16.815  0.1100E+01  0.2797E+00
 -16.805  0.1133E+01  0.2910E+00
 -16.795  0.1166E+01  0.3027E+00
 -16.785  0.1199E+01  0.3146E+00
 -16.775  0.1234E+01  0.3270E+00
 -16.765  0.1268E+01  0.3397E+00
 -16.755  0.1303E+01  0.3527E+00
 -16.745  0.1338E+01  0.3661E+00
 -16.735  0.1373E+01  0.3798E+00
 -16.725  0.1409E+01  0.3939E+00
 -16.715  0.1445E+01  0.4083E+00
 -16.705  0.1481E+01  0.4231E+00
 -16.695  0.1517E+01  0.4383E+00
 -16.685  0.1554E+01  0.4539E+00
 -16.675  0.1591E+01  0.4698E+00
 -16.665  0.1628E+01  0.4861E+00
 -16.655  0.1665E+01  0.5027E+00
 -16.645  0.1702E+01  0.5197E+00
 -16.635  0.1739E+01  0.5371E+00
 -16.625  0.1776E+01  0.5549E+00
 -16.615  0.1813E+01  0.5730E+00
 -16.605  0.1850E+01  0.5915E+00
 -16.595  0.1888E+01  0.6104E+00
 -16.585  0.1925E+01  0.6296E+00
 -16.575  0.1962E+01  0.6492E+00
 -16.565  0.1998E+01  0.6692E+00
 -16.555  0.2035E+01  0.6896E+00
 -16.545  0.2071E+01  0.7103E+00
 -16.535  0.2108E+01  0.7314E+00
 -16.525  0.2144E+01  0.7528E+00
 -16.515  0.2179E+01  0.7746E+00
 -16.505  0.2215E+01  0.7967E+00
 -16.495  0.2250E+01  0.8192E+00
 -16.485  0.2284E+01  0.8421E+00
 -16.475  0.2319E+01  0.8653E+00
 -16.465  0.2353E+01  0.8888E+00
 -16.455  0.2386E+01  0.9127E+00
 -16.445  0.2419E+01  0.9368E+00
 -16.435  0.2452E+01  0.9614E+00
 -16.425  0.2484E+01  0.9862E+00
 -16.415  0.2516E+01  0.1011E+01
 -16.405  0.2547E+01  0.1037E+01
 -16.395  0.2577E+01  0.1063E+01
 -16.385  0.2607E+01  0.1089E+01
 -16.375  0.2637E+01  0.1115E+01
 -16.365  0.2665E+01  0.1142E+01
 -16.355  0.2694E+01  0.1169E+01
 -16.345  0.2721E+01  0.1196E+01
 -16.335  0.2748E+01  0.1223E+01
 -16.325  0.2774E+01  0.1251E+01
 -16.315  0.2800E+01  0.1279E+01
 -16.305  0.2825E+01  0.1307E+01
 -16.295  0.2849E+01  0.1336E+01
 -16.285  0.2873E+01  0.1365E+01
 -16.275  0.2896E+01  0.1393E+01
 -16.265  0.2918E+01  0.1423E+01
 -16.255  0.2939E+01  0.1452E+01
 -16.245  0.2960E+01  0.1482E+01
 -16.235  0.2980E+01  0.1511E+01
 -16.225  0.3000E+01  0.1541E+01
 -16.215  0.3018E+01  0.1572E+01
 -16.205  0.3036E+01  0.1602E+01
 -16.195  0.3054E+01  0.1633E+01
 -16.185  0.3070E+01  0.1663E+01
 -16.175  0.3086E+01  0.1694E+01
 -16.165  0.3101E+01  0.1725E+01
 -16.155  0.3116E+01  0.1756E+01
 -16.145  0.3130E+01  0.1788E+01
 -16.135  0.3143E+01  0.1819E+01
 -16.125  0.3155E+01  0.1851E+01
 -16.115  0.3167E+01  0.1882E+01
 -16.105  0.3178E+01  0.1914E+01
 -16.095  0.3189E+01  0.1946E+01
 -16.085  0.3199E+01  0.1978E+01
 -16.075  0.3208E+01  0.2010E+01
 -16.065  0.3217E+01  0.2042E+01
 -16.055  0.3225E+01  0.2074E+01
 -16.045  0.3233E+01  0.2107E+01
 -16.035  0.3240E+01  0.2139E+01
 -16.025  0.3246E+01  0.2172E+01
 -16.015  0.3253E+01  0.2204E+01
 -16.005  0.3258E+01  0.2237E+01
 -15.995  0.3263E+01  0.2269E+01
 -15.985  0.3268E+01  0.2302E+01
 -15.975  0.3272E+01  0.2335E+01
 -15.965  0.3276E+01  0.2367E+01
 -15.955  0.3279E+01  0.2400E+01
 -15.945  0.3282E+01  0.2433E+01
 -15.935  0.3285E+01  0.2466E+01
 -15.925  0.3288E+01  0.2499E+01
 -15.915  0.3290E+01  0.2532E+01
 -15.905  0.3291E+01  0.2565E+01
 -15.895  0.3293E+01  0.2598E+01
 -15.885  0.3294E+01  0.2631E+01
 -15.875  0.3296E+01  0.2663E+01
 -15.865  0.3297E+01  0.2696E+01
 -15.855  0.3297E+01  0.2729E+01
 -15.845  0.3298E+01  0.2762E+01
 -15.835  0.3299E+01  0.2795E+01
 -15.825  0.3299E+01  0.2828E+01
 -15.815  0.3300E+01  0.2861E+01
 -15.805  0.3300E+01  0.2894E+01
 -15.795  0.3301E+01  0.2927E+01
 -15.785  0.3301E+01  0.2960E+01
 -15.775  0.3302E+01  0.2993E+01
 -15.765  0.3303E+01  0.3026E+01
 -15.755  0.3304E+01  0.3059E+01
 -15.745  0.3305E+01  0.3093E+01
 -15.735  0.3306E+01  0.3126E+01
 -15.725  0.3307E+01  0.3159E+01
 -15.715  0.3309E+01  0.3192E+01
 -15.705  0.3311E+01  0.3225E+01
 -15.695  0.3314E+01  0.3258E+01
 -15.685  0.3316E+01  0.3291E+01
 -15.675  0.3319E+01  0.3324E+01
 -15.665  0.3323E+01  0.3358E+01
 -15.655  0.3327E+01  0.3391E+01
 -15.645  0.3331E+01  0.3424E+01
 -15.635  0.3336E+01  0.3458E+01
 -15.625  0.3342E+01  0.3491E+01
 -15.615  0.3348E+01  0.3524E+01
 -15.605  0.3355E+01  0.3558E+01
 -15.595  0.3362E+01  0.3592E+01
 -15.585  0.3370E+01  0.3625E+01
 -15.575  0.3379E+01  0.3659E+01
 -15.565  0.3388E+01  0.3693E+01
 -15.555  0.3399E+01  0.3727E+01
 -15.545  0.3410E+01  0.3761E+01
 -15.535  0.3422E+01  0.3795E+01
 -15.525  0.3435E+01  0.3830E+01
 -15.515  0.3449E+01  0.3864E+01
 -15.505  0.3463E+01  0.3899E+01
 -15.495  0.3479E+01  0.3934E+01
 -15.485  0.3496E+01  0.3968E+01
 -15.475  0.3514E+01  0.4004E+01
 -15.465  0.3532E+01  0.4039E+01
 -15.455  0.3552E+01  0.4074E+01
 -15.445  0.3573E+01  0.4110E+01
 -15.435  0.3596E+01  0.4146E+01
 -15.425  0.3619E+01  0.4182E+01
 -15.415  0.3644E+01  0.4219E+01
 -15.405  0.3670E+01  0.4255E+01
 -15.395  0.3697E+01  0.4292E+01
 -15.385  0.3725E+01  0.4330E+01
 -15.375  0.3755E+01  0.4367E+01
 -15.365  0.3786E+01  0.4405E+01
 -15.355  0.3818E+01  0.4443E+01
 -15.345  0.3852E+01  0.4482E+01
 -15.335  0.3887E+01  0.4521E+01
 -15.325  0.3923E+01  0.4560E+01
 -15.315  0.3961E+01  0.4600E+01
 -15.305  0.4000E+01  0.4640E+01
 -15.295  0.4041E+01  0.4680E+01
 -15.285  0.4082E+01  0.4721E+01
 -15.275  0.4126E+01  0.4762E+01
 -15.265  0.4170E+01  0.4804E+01
 -15.255  0.4216E+01  0.4846E+01
 -15.245  0.4264E+01  0.4889E+01
 -15.235  0.4312E+01  0.4932E+01
 -15.225  0.4362E+01  0.4975E+01
 -15.215  0.4414E+01  0.5019E+01
 -15.205  0.4466E+01  0.5064E+01
 -15.195  0.4520E+01  0.5109E+01
 -15.185  0.4575E+01  0.5155E+01
 -15.175  0.4631E+01  0.5201E+01
 -15.165  0.4689E+01  0.5248E+01
 -15.155  0.4747E+01  0.5296E+01
 -15.145  0.4807E+01  0.5344E+01
 -15.135  0.4867E+01  0.5392E+01
 -15.125  0.4929E+01  0.5442E+01
 -15.115  0.4991E+01  0.5492E+01
 -15.105  0.5054E+01  0.5542E+01
 -15.095  0.5118E+01  0.5593E+01
 -15.085  0.5183E+01  0.5645E+01
 -15.075  0.5248E+01  0.5698E+01
 -15.065  0.5314E+01  0.5751E+01
 -15.055  0.5380E+01  0.5805E+01
 -15.045  0.5447E+01  0.5859E+01
 -15.035  0.5514E+01  0.5914E+01
 -15.025  0.5581E+01  0.5970E+01
 -15.015  0.5648E+01  0.6026E+01
 -15.005  0.5715E+01  0.6084E+01
 -14.995  0.5782E+01  0.6141E+01
 -14.985  0.5849E+01  0.6200E+01
 -14.975  0.5915E+01  0.6259E+01
 -14.965  0.5981E+01  0.6319E+01
 -14.955  0.6046E+01  0.6379E+01
 -14.945  0.6111E+01  0.6440E+01
 -14.935  0.6175E+01  0.6502E+01
 -14.925  0.6238E+01  0.6565E+01
 -14.915  0.6300E+01  0.6628E+01
 -14.905  0.6361E+01  0.6691E+01
 -14.895  0.6420E+01  0.6755E+01
 -14.885  0.6478E+01  0.6820E+01
 -14.875  0.6535E+01  0.6886E+01
 -14.865  0.6590E+01  0.6951E+01
 -14.855  0.6643E+01  0.7018E+01
 -14.845  0.6694E+01  0.7085E+01
 -14.835  0.6743E+01  0.7152E+01
 -14.825  0.6790E+01  0.7220E+01
 -14.815  0.6835E+01  0.7288E+01
 -14.805  0.6878E+01  0.7357E+01
 -14.795  0.6917E+01  0.7426E+01
 -14.785  0.6955E+01  0.7496E+01
 -14.775  0.6989E+01  0.7566E+01
 -14.765  0.7021E+01  0.7636E+01
 -14.755  0.7050E+01  0.7707E+01
 -14.745  0.7076E+01  0.7777E+01
 -14.735  0.7099E+01  0.7848E+01
 -14.725  0.7118E+01  0.7920E+01
 -14.715  0.7134E+01  0.7991E+01
 -14.705  0.7147E+01  0.8062E+01
 -14.695  0.7157E+01  0.8134E+01
 -14.685  0.7163E+01  0.8206E+01
 -14.675  0.7166E+01  0.8277E+01
 -14.665  0.7165E+01  0.8349E+01
 -14.655  0.7160E+01  0.8420E+01
 -14.645  0.7152E+01  0.8492E+01
 -14.635  0.7140E+01  0.8563E+01
 -14.625  0.7125E+01  0.8635E+01
 -14.615  0.7106E+01  0.8706E+01
 -14.605  0.7083E+01  0.8776E+01
 -14.595  0.7056E+01  0.8847E+01
 -14.585  0.7026E+01  0.8917E+01
 -14.575  0.6992E+01  0.8987E+01
 -14.565  0.6954E+01  0.9057E+01
 -14.555  0.6913E+01  0.9126E+01
 -14.545  0.6868E+01  0.9195E+01
 -14.535  0.6819E+01  0.9263E+01
 -14.525  0.6768E+01  0.9330E+01
 -14.515  0.6712E+01  0.9398E+01
 -14.505  0.6654E+01  0.9464E+01
 -14.495  0.6592E+01  0.9530E+01
 -14.485  0.6526E+01  0.9595E+01
 -14.475  0.6458E+01  0.9660E+01
 -14.465  0.6387E+01  0.9724E+01
 -14.455  0.6313E+01  0.9787E+01
 -14.445  0.6236E+01  0.9849E+01
 -14.435  0.6156E+01  0.9911E+01
 -14.425  0.6073E+01  0.9972E+01
 -14.415  0.5989E+01  0.1003E+02
 -14.405  0.5901E+01  0.1009E+02
 -14.395  0.5812E+01  0.1015E+02
 -14.385  0.5720E+01  0.1021E+02
 -14.375  0.5627E+01  0.1026E+02
 -14.365  0.5531E+01  0.1032E+02
 -14.355  0.5434E+01  0.1037E+02
 -14.345  0.5335E+01  0.1043E+02
 -14.335  0.5235E+01  0.1048E+02
 -14.325  0.5134E+01  0.1053E+02
 -14.315  0.5031E+01  0.1058E+02
 -14.305  0.4928E+01  0.1063E+02
 -14.295  0.4823E+01  0.1068E+02
 -14.285  0.4718E+01  0.1072E+02
 -14.275  0.4612E+01  0.1077E+02
 -14.265  0.4506E+01  0.1081E+02
 -14.255  0.4399E+01  0.1086E+02
 -14.245  0.4292E+01  0.1090E+02
 -14.235  0.4186E+01  0.1094E+02
 -14.225  0.4079E+01  0.1098E+02
 -14.215  0.3972E+01  0.1102E+02
 -14.205  0.3866E+01  0.1106E+02
 -14.195  0.3760E+01  0.1110E+02
 -14.185  0.3655E+01  0.1114E+02
 -14.175  0.3550E+01  0.1117E+02
 -14.165  0.3447E+01  0.1121E+02
 -14.155  0.3344E+01  0.1124E+02
 -14.145  0.3242E+01  0.1127E+02
 -14.135  0.3141E+01  0.1130E+02
 -14.125  0.3041E+01  0.1133E+02
 -14.115  0.2943E+01  0.1136E+02
 -14.105  0.2846E+01  0.1139E+02
 -14.095  0.2750E+01  0.1142E+02
 -14.085  0.2656E+01  0.1145E+02
 -14.075  0.2564E+01  0.1147E+02
 -14.065  0.2473E+01  0.1150E+02
 -14.055  0.2383E+01  0.1152E+02
 -14.045  0.2296E+01  0.1154E+02
 -14.035  0.2210E+01  0.1157E+02
 -14.025  0.2126E+01  0.1159E+02
 -14.015  0.2044E+01  0.1161E+02
 -14.005  0.1964E+01  0.1163E+02
 -13.995  0.1886E+01  0.1165E+02
 -13.985  0.1809E+01  0.1166E+02
 -13.975  0.1735E+01  0.1168E+02
 -13.965  0.1662E+01  0.1170E+02
 -13.955  0.1592E+01  0.1171E+02
 -13.945  0.1524E+01  0.1173E+02
 -13.935  0.1457E+01  0.1174E+02
 -13.925  0.1393E+01  0.1176E+02
 -13.915  0.1330E+01  0.1177E+02
 -13.905  0.1270E+01  0.1178E+02
 -13.895  0.1211E+01  0.1180E+02
 -13.885  0.1154E+01  0.1181E+02
 -13.875  0.1100E+01  0.1182E+02
 -13.865  0.1047E+01  0.1183E+02
 -13.855  0.9959E+00  0.1184E+02
 -13.845  0.9468E+00  0.1185E+02
 -13.835  0.8996E+00  0.1186E+02
 -13.825  0.8541E+00  0.1187E+02
 -13.815  0.8104E+00  0.1187E+02
 -13.805  0.7684E+00  0.1188E+02
 -13.795  0.7282E+00  0.1189E+02
 -13.785  0.6895E+00  0.1190E+02
 -13.775  0.6525E+00  0.1190E+02
 -13.765  0.6171E+00  0.1191E+02
 -13.755  0.5832E+00  0.1191E+02
 -13.745  0.5508E+00  0.1192E+02
 -13.735  0.5199E+00  0.1193E+02
 -13.725  0.4903E+00  0.1193E+02
 -13.715  0.4622E+00  0.1193E+02
 -13.705  0.4354E+00  0.1194E+02
 -13.695  0.4098E+00  0.1194E+02
 -13.685  0.3855E+00  0.1195E+02
 -13.675  0.3624E+00  0.1195E+02
 -13.665  0.3405E+00  0.1195E+02
 -13.655  0.3196E+00  0.1196E+02
 -13.645  0.2999E+00  0.1196E+02
 -13.635  0.2812E+00  0.1196E+02
 -13.625  0.2634E+00  0.1197E+02
 -13.615  0.2467E+00  0.1197E+02
 -13.605  0.2308E+00  0.1197E+02
 -13.595  0.2158E+00  0.1197E+02
 -13.585  0.2017E+00  0.1197E+02
 -13.575  0.1884E+00  0.1198E+02
 -13.565  0.1758E+00  0.1198E+02
 -13.555  0.1639E+00  0.1198E+02
 -13.545  0.1528E+00  0.1198E+02
 -13.535  0.1423E+00  0.1198E+02
 -13.525  0.1324E+00  0.1198E+02
 -13.515  0.1232E+00  0.1199E+02
 -13.505  0.1145E+00  0.1199E+02
 -13.495  0.1064E+00  0.1199E+02
 -13.485  0.9873E-01  0.1199E+02
 -13.475  0.9159E-01  0.1199E+02
 -13.465  0.8490E-01  0.1199E+02
 -13.455  0.7866E-01  0.1199E+02
 -13.445  0.7282E-01  0.1199E+02
 -13.435  0.6737E-01  0.1199E+02
 -13.425  0.6229E-01  0.1199E+02
 -13.415  0.5755E-01  0.1199E+02
 -13.405  0.5314E-01  0.1199E+02
 -13.395  0.4903E-01  0.1199E+02
 -13.385  0.4521E-01  0.1200E+02
 -13.375  0.4166E-01  0.1200E+02
 -13.365  0.3836E-01  0.1200E+02
 -13.355  0.3530E-01  0.1200E+02
 -13.345  0.3247E-01  0.1200E+02
 -13.335  0.2984E-01  0.1200E+02
 -13.325  0.2740E-01  0.1200E+02
 -13.315  0.2515E-01  0.1200E+02
 -13.305  0.2307E-01  0.1200E+02
 -13.295  0.2114E-01  0.1200E+02
 -13.285  0.1937E-01  0.1200E+02
 -13.275  0.1773E-01  0.1200E+02
 -13.265  0.1622E-01  0.1200E+02
 -13.255  0.1482E-01  0.1200E+02
 -13.245  0.1354E-01  0.1200E+02
 -13.235  0.1236E-01  0.1200E+02
 -13.225  0.1128E-01  0.1200E+02
 -13.215  0.1028E-01  0.1200E+02
 -13.205  0.9367E-02  0.1200E+02
 -13.195  0.8529E-02  0.1200E+02
 -13.185  0.7760E-02  0.1200E+02
 -13.175  0.7056E-02  0.1200E+02
 -13.165  0.6411E-02  0.1200E+02
 -13.155  0.5821E-02  0.1200E+02
 -13.145  0.5283E-02  0.1200E+02
 -13.135  0.4790E-02  0.1200E+02
 -13.125  0.4341E-02  0.1200E+02
 -13.115  0.3931E-02  0.1200E+02
 -13.105  0.3558E-02  0.1200E+02
 -13.095  0.3218E-02  0.1200E+02
 -13.085  0.2908E-02  0.1200E+02
 -13.075  0.2627E-02  0.1200E+02
 -13.065  0.2371E-02  0.1200E+02
 -13.055  0.2138E-02  0.1200E+02
 -13.045  0.1927E-02  0.1200E+02
 -13.035  0.1736E-02  0.1200E+02
 -13.025  0.1563E-02  0.1200E+02
 -13.015  0.1406E-02  0.1200E+02
 -13.005  0.1264E-02  0.1200E+02
 -12.995  0.1135E-02  0.1200E+02
 -12.985  0.1019E-02  0.1200E+02
 -12.975  0.9145E-03  0.1200E+02
 -12.965  0.8199E-03  0.1200E+02
 -12.955  0.7346E-03  0.1200E+02
 -12.945  0.6577E-03  0.1200E+02
 -12.935  0.5885E-03  0.1200E+02
 -12.925  0.5262E-03  0.1200E+02
 -12.915  0.4702E-03  0.1200E+02
 -12.905  0.4199E-03  0.1200E+02
 -12.895  0.3747E-03  0.1200E+02
 -12.885  0.3341E-03  0.1200E+02
 -12.875  0.2978E-03  0.1200E+02
 -12.865  0.2652E-03  0.1200E+02
 -12.855  0.2360E-03  0.1200E+02
 -12.845  0.2099E-03  0.1200E+02
 -12.835  0.1866E-03  0.1200E+02
 -12.825  0.1657E-03  0.1200E+02
 -12.815  0.1471E-03  0.1200E+02
 -12.805  0.1305E-03  0.1200E+02
 -12.795  0.1156E-03  0.1200E+02
 -12.785  0.1024E-03  0.1200E+02
 -12.775  0.9069E-04  0.1200E+02
 -12.765  0.8022E-04  0.1200E+02
 -12.755  0.7092E-04  0.1200E+02
 -12.745  0.6266E-04  0.1200E+02
 -12.735  0.5532E-04  0.1200E+02
 -12.725  0.4880E-04  0.1200E+02
 -12.715  0.4303E-04  0.1200E+02
 -12.705  0.3791E-04  0.1200E+02
 -12.695  0.3338E-04  0.1200E+02
 -12.685  0.2937E-04  0.1200E+02
 -12.675  0.2583E-04  0.1200E+02
 -12.665  0.2270E-04  0.1200E+02
 -12.655  0.1993E-04  0.1200E+02
 -12.645  0.1749E-04  0.1200E+02
 -12.635  0.1534E-04  0.1200E+02
 -12.625  0.1344E-04  0.1200E+02
 -12.615  0.1177E-04  0.1200E+02
 -12.605  0.1030E-04  0.1200E+02
 -12.595  0.9011E-05  0.1200E+02
 -12.585  0.7876E-05  0.1200E+02
 -12.575  0.6879E-05  0.1200E+02
 -12.565  0.6005E-05  0.1200E+02
 -12.555  0.5238E-05  0.1200E+02
 -12.545  0.4566E-05  0.1200E+02
 -12.535  0.3977E-05  0.1200E+02
 -12.525  0.3462E-05  0.1200E+02
 -12.515  0.3012E-05  0.1200E+02
 -12.505  0.2618E-05  0.1200E+02
 -12.495  0.2275E-05  0.1200E+02
 -12.485  0.1975E-05  0.1200E+02
 -12.475  0.1714E-05  0.1200E+02
 -12.465  0.1486E-05  0.1200E+02
 -12.455  0.1287E-05  0.1200E+02
 -12.445  0.1115E-05  0.1200E+02
 -12.435  0.9645E-06  0.1200E+02
 -12.425  0.8340E-06  0.1200E+02
 -12.415  0.7207E-06  0.1200E+02
 -12.405  0.6223E-06  0.1200E+02
 -12.395  0.5371E-06  0.1200E+02
 -12.385  0.4632E-06  0.1200E+02
 -12.375  0.3992E-06  0.1200E+02
 -12.365  0.3438E-06  0.1200E+02
 -12.355  0.2959E-06  0.1200E+02
 -12.345  0.2545E-06  0.1200E+02
 -12.335  0.2187E-06  0.1200E+02
 -12.325  0.1879E-06  0.1200E+02
 -12.315  0.1613E-06  0.1200E+02
 -12.305  0.1383E-06  0.1200E+02
 -12.295  0.1186E-06  0.1200E+02
 -12.285  0.1016E-06  0.1200E+02
 -12.275  0.8695E-07  0.1200E+02
 -12.265  0.7438E-07  0.1200E+02
 -12.255  0.6359E-07  0.1200E+02
 -12.245  0.5433E-07  0.1200E+02
 -12.235  0.4638E-07  0.1200E+02
 -12.225  0.3957E-07  0.1200E+02
 -12.215  0.3374E-07  0.1200E+02
 -12.205  0.2875E-07  0.1200E+02
 -12.195  0.2448E-07  0.1200E+02
 -12.185  0.2083E-07  0.1200E+02
 -12.175  0.1771E-07  0.1200E+02
 -12.165  0.1505E-07  0.1200E+02
 -12.155  0.1278E-07  0.1200E+02
 -12.145  0.1085E-07  0.1200E+02
 -12.135  0.9199E-08  0.1200E+02
 -12.125  0.7796E-08  0.1200E+02
 -12.115  0.6602E-08  0.1200E+02
 -12.105  0.5588E-08  0.1200E+02
 -12.095  0.4726E-08  0.1200E+02
 -12.085  0.3995E-08  0.1200E+02
 -12.075  0.3374E-08  0.1200E+02
 -12.065  0.2848E-08  0.1200E+02
 -12.055  0.2402E-08  0.1200E+02
 -12.045  0.2025E-08  0.1200E+02
 -12.035  0.1706E-08  0.1200E+02
 -12.025  0.1436E-08  0.1200E+02
 -12.015  0.1208E-08  0.1200E+02
 -12.005  0.1016E-08  0.1200E+02
 -11.995  0.8533E-09  0.1200E+02
 -11.985  0.7164E-09  0.1200E+02
 -11.975  0.6011E-09  0.1200E+02
 -11.965  0.5040E-09  0.1200E+02
 -11.955  0.4223E-09  0.1200E+02
 -11.945  0.3536E-09  0.1200E+02
 -11.935  0.2958E-09  0.1200E+02
 -11.925  0.2474E-09  0.1200E+02
 -11.915  0.2067E-09  0.1200E+02
 -11.905  0.1726E-09  0.1200E+02
 -11.895  0.1441E-09  0.1200E+02
 -11.885  0.1201E-09  0.1200E+02
 -11.875  0.1001E-09  0.1200E+02
 -11.865  0.8339E-10  0.1200E+02
 -11.855  0.6940E-10  0.1200E+02
 -11.845  0.5772E-10  0.1200E+02
 -11.835  0.4798E-10  0.1200E+02
 -11.825  0.3985E-10  0.1200E+02
 -11.815  0.3308E-10  0.1200E+02
 -11.805  0.2744E-10  0.1200E+02
 -11.795  0.2274E-10  0.1200E+02
 -11.785  0.1884E-10  0.1200E+02
 -11.775  0.1560E-10  0.1200E+02
 -11.765  0.1290E-10  0.1200E+02
 -11.755  0.1067E-10  0.1200E+02
 -11.745  0.8813E-11  0.1200E+02
 -11.735  0.7276E-11  0.1200E+02
 -11.725  0.6003E-11  0.1200E+02
 -11.715  0.4949E-11  0.1200E+02
 -11.705  0.4078E-11  0.1200E+02
 -11.695  0.3358E-11  0.1200E+02
 -11.685  0.2763E-11  0.1200E+02
 -11.675  0.2272E-11  0.1200E+02
 -11.665  0.1867E-11  0.1200E+02
 -11.655  0.1533E-11  0.1200E+02
 -11.645  0.1258E-11  0.1200E+02
 -11.635  0.1032E-11  0.1200E+02
 -11.625  0.8456E-12  0.1200E+02
 -11.615  0.6925E-12  0.1200E+02
 -11.605  0.5668E-12  0.1200E+02
 -11.595  0.4636E-12  0.1200E+02
 -11.585  0.3789E-12  0.1200E+02
 -11.575  0.3095E-12  0.1200E+02
 -11.565  0.2526E-12  0.1200E+02
 -11.555  0.2060E-12  0.1200E+02
 -11.545  0.1680E-12  0.1200E+02
 -11.535  0.1368E-12  0.1200E+02
 -11.525  0.1114E-12  0.1200E+02
 -11.515  0.9061E-13  0.1200E+02
 -11.505  0.7366E-13  0.1200E+02
 -11.495  0.5984E-13  0.1200E+02
 -11.485  0.4858E-13  0.1200E+02
 -11.475  0.3942E-13  0.1200E+02
 -11.465  0.3196E-13  0.1200E+02
 -11.455  0.2589E-13  0.1200E+02
 -11.445  0.2097E-13  0.1200E+02
 -11.435  0.1696E-13  0.1200E+02
 -11.425  0.1372E-13  0.1200E+02
 -11.415  0.1109E-13  0.1200E+02
 -11.405  0.8951E-14  0.1200E+02
 -11.395  0.7224E-14  0.1200E+02
 -11.385  0.5825E-14  0.1200E+02
 -11.375  0.4695E-14  0.1200E+02
 -11.365  0.3781E-14  0.1200E+02
 -11.355  0.3043E-14  0.1200E+02
 -11.345  0.2447E-14  0.1200E+02
 -11.335  0.1967E-14  0.1200E+02
 -11.325  0.1580E-14  0.1200E+02
 -11.315  0.1268E-14  0.1200E+02
 -11.305  0.1017E-14  0.1200E+02
 -11.295  0.8154E-15  0.1200E+02
 -11.285  0.6532E-15  0.1200E+02
 -11.275  0.5229E-15  0.1200E+02
 -11.265  0.4183E-15  0.1200E+02
 -11.255  0.3344E-15  0.1200E+02
 -11.245  0.2671E-15  0.1200E+02
 -11.235  0.2133E-15  0.1200E+02
 -11.225  0.1702E-15  0.1200E+02
 -11.215  0.1357E-15  0.1200E+02
 -11.205  0.1081E-15  0.1200E+02
 -11.195  0.8606E-16  0.1200E+02
 -11.185  0.6848E-16  0.1200E+02
 -11.175  0.5445E-16  0.1200E+02
 -11.165  0.4327E-16  0.1200E+02
 -11.155  0.3436E-16  0.1200E+02
 -11.145  0.2727E-16  0.1200E+02
 -11.135  0.2162E-16  0.1200E+02
 -11.125  0.1714E-16  0.1200E+02
 -11.115  0.1357E-16  0.1200E+02
 -11.105  0.1074E-16  0.1200E+02
 -11.095  0.8494E-17  0.1200E+02
 -11.085  0.6714E-17  0.1200E+02
 -11.075  0.5303E-17  0.1200E+02
 -11.065  0.4185E-17  0.1200E+02
 -11.055  0.3301E-17  0.1200E+02
 -11.045  0.2602E-17  0.1200E+02
 -11.035  0.2050E-17  0.1200E+02
 -11.025  0.1614E-17  0.1200E+02
 -11.015  0.1269E-17  0.1200E+02
 -11.005  0.9979E-18  0.1200E+02
 -10.995  0.7839E-18  0.1200E+02
 -10.985  0.6154E-18  0.1200E+02
 -10.975  0.4828E-18  0.1200E+02
 -10.965  0.3786E-18  0.1200E+02
 -10.955  0.2966E-18  0.1200E+02
 -10.945  0.2322E-18  0.1200E+02
 -10.935  0.1817E-18  0.1200E+02
 -10.925  0.1421E-18  0.1200E+02
 -10.915  0.1110E-18  0.1200E+02
 -10.905  0.8669E-19  0.1200E+02
 -10.895  0.6765E-19  0.1200E+02
 -10.885  0.5275E-19  0.1200E+02
 -10.875  0.4111E-19  0.1200E+02
 -10.865  0.3202E-19  0.1200E+02
 -10.855  0.2492E-19  0.1200E+02
 -10.845  0.1938E-19  0.1200E+02
 -10.835  0.1506E-19  0.1200E+02
 -10.825  0.1170E-19  0.1200E+02
 -10.815  0.9079E-20  0.1200E+02
 -10.805  0.7042E-20  0.1200E+02
 -10.795  0.5459E-20  0.1200E+02
 -10.785  0.4228E-20  0.1200E+02
 -10.775  0.3273E-20  0.1200E+02
 -10.765  0.2532E-20  0.1200E+02
 -10.755  0.1957E-20  0.1200E+02
 -10.745  0.1512E-20  0.1200E+02
 -10.735  0.1167E-20  0.1200E+02
 -10.725  0.9007E-21  0.1200E+02
 -10.715  0.6944E-21  0.1200E+02
 -10.705  0.5351E-21  0.1200E+02
 -10.695  0.4121E-21  0.1200E+02
 -10.685  0.3172E-21  0.1200E+02
 -10.675  0.2440E-21  0.1200E+02
 -10.665  0.1877E-21  0.1200E+02
 -10.655  0.1444E-21  0.1200E+02
 -10.645  0.1112E-21  0.1200E+02
 -10.635  0.8569E-22  0.1200E+02
 -10.625  0.6625E-22  0.1200E+02
 -10.615  0.5150E-22  0.1200E+02
 -10.605  0.4040E-22  0.1200E+02
 -10.595  0.3218E-22  0.1200E+02
 -10.585  0.2626E-22  0.1200E+02
 -10.575  0.2222E-22  0.1200E+02
 -10.565  0.1975E-22  0.1200E+02
 -10.555  0.1868E-22  0.1200E+02
 -10.545  0.1892E-22  0.1200E+02
 -10.535  0.2046E-22  0.1200E+02
 -10.525  0.2340E-22  0.1200E+02
 -10.515  0.2789E-22  0.1200E+02
 -10.505  0.3422E-22  0.1200E+02
 -10.495  0.4279E-22  0.1200E+02
 -10.485  0.5412E-22  0.1200E+02
 -10.475  0.6891E-22  0.1200E+02
 -10.465  0.8809E-22  0.1200E+02
 -10.455  0.1128E-21  0.1200E+02
 -10.445  0.1447E-21  0.1200E+02
 -10.435  0.1855E-21  0.1200E+02
 -10.425  0.2379E-21  0.1200E+02
 -10.415  0.3050E-21  0.1200E+02
 -10.405  0.3908E-21  0.1200E+02
 -10.395  0.5005E-21  0.1200E+02
 -10.385  0.6406E-21  0.1200E+02
 -10.375  0.8193E-21  0.1200E+02
 -10.365  0.1047E-20  0.1200E+02
 -10.355  0.1338E-20  0.1200E+02
 -10.345  0.1708E-20  0.1200E+02
 -10.335  0.2179E-20  0.1200E+02
 -10.325  0.2778E-20  0.1200E+02
 -10.315  0.3540E-20  0.1200E+02
 -10.305  0.4507E-20  0.1200E+02
 -10.295  0.5736E-20  0.1200E+02
 -10.285  0.7293E-20  0.1200E+02
 -10.275  0.9268E-20  0.1200E+02
 -10.265  0.1177E-19  0.1200E+02
 -10.255  0.1494E-19  0.1200E+02
 -10.245  0.1895E-19  0.1200E+02
 -10.235  0.2401E-19  0.1200E+02
 -10.225  0.3041E-19  0.1200E+02
 -10.215  0.3850E-19  0.1200E+02
 -10.205  0.4870E-19  0.1200E+02
 -10.195  0.6156E-19  0.1200E+02
 -10.185  0.7777E-19  0.1200E+02
 -10.175  0.9818E-19  0.1200E+02
 -10.165  0.1239E-18  0.1200E+02
 -10.155  0.1562E-18  0.1200E+02
 -10.145  0.1968E-18  0.1200E+02
 -10.135  0.2478E-18  0.1200E+02
 -10.125  0.3118E-18  0.1200E+02
 -10.115  0.3921E-18  0.1200E+02
 -10.105  0.4927E-18  0.1200E+02
 -10.095  0.6188E-18  0.1200E+02
 -10.085  0.7766E-18  0.1200E+02
 -10.075  0.9740E-18  0.1200E+02
 -10.065  0.1221E-17  0.1200E+02
 -10.055  0.1529E-17  0.1200E+02
 -10.045  0.1914E-17  0.1200E+02
 -10.035  0.2394E-17  0.1200E+02
 -10.025  0.2993E-17  0.1200E+02
 -10.015  0.3739E-17  0.1200E+02
 -10.005  0.4669E-17  0.1200E+02
  -9.995  0.5825E-17  0.1200E+02
  -9.985  0.7263E-17  0.1200E+02
  -9.975  0.9049E-17  0.1200E+02
  -9.965  0.1127E-16  0.1200E+02
  -9.955  0.1402E-16  0.1200E+02
  -9.945  0.1744E-16  0.1200E+02
  -9.935  0.2167E-16  0.1200E+02
  -9.925  0.2691E-16  0.1200E+02
  -9.915  0.3340E-16  0.1200E+02
  -9.905  0.4143E-16  0.1200E+02
  -9.895  0.5135E-16  0.1200E+02
  -9.885  0.6361E-16  0.1200E+02
  -9.875  0.7875E-16  0.1200E+02
  -9.865  0.9742E-16  0.1200E+02
  -9.855  0.1204E-15  0.1200E+02
  -9.845  0.1488E-15  0.1200E+02
  -9.835  0.1837E-15  0.1200E+02
  -9.825  0.2267E-15  0.1200E+02
  -9.815  0.2795E-15  0.1200E+02
  -9.805  0.3444E-15  0.1200E+02
  -9.795  0.4241E-15  0.1200E+02
  -9.785  0.5219E-15  0.1200E+02
  -9.775  0.6419E-15  0.1200E+02
  -9.765  0.7888E-15  0.1200E+02
  -9.755  0.9689E-15  0.1200E+02
  -9.745  0.1189E-14  0.1200E+02
  -9.735  0.1459E-14  0.1200E+02
  -9.725  0.1788E-14  0.1200E+02
  -9.715  0.2190E-14  0.1200E+02
  -9.705  0.2682E-14  0.1200E+02
  -9.695  0.3281E-14  0.1200E+02
  -9.685  0.4011E-14  0.1200E+02
  -9.675  0.4901E-14  0.1200E+02
  -9.665  0.5984E-14  0.1200E+02
  -9.655  0.7302E-14  0.1200E+02
  -9.645  0.8904E-14  0.1200E+02
  -9.635  0.1085E-13  0.1200E+02
  -9.625  0.1321E-13  0.1200E+02
  -9.615  0.1608E-13  0.1200E+02
  -9.605  0.1956E-13  0.1200E+02
  -9.595  0.2378E-13  0.1200E+02
  -9.585  0.2888E-13  0.1200E+02
  -9.575  0.3506E-13  0.1200E+02
  -9.565  0.4253E-13  0.1200E+02
  -9.555  0.5156E-13  0.1200E+02
  -9.545  0.6246E-13  0.1200E+02
  -9.535  0.7562E-13  0.1200E+02
  -9.525  0.9150E-13  0.1200E+02
  -9.515  0.1106E-12  0.1200E+02
  -9.505  0.1337E-12  0.1200E+02
  -9.495  0.1614E-12  0.1200E+02
  -9.485  0.1948E-12  0.1200E+02
  -9.475  0.2350E-12  0.1200E+02
  -9.465  0.2832E-12  0.1200E+02
  -9.455  0.3411E-12  0.1200E+02
  -9.445  0.4105E-12  0.1200E+02
  -9.435  0.4938E-12  0.1200E+02
  -9.425  0.5936E-12  0.1200E+02
  -9.415  0.7131E-12  0.1200E+02
  -9.405  0.8561E-12  0.1200E+02
  -9.395  0.1027E-11  0.1200E+02
  -9.385  0.1231E-11  0.1200E+02
  -9.375  0.1475E-11  0.1200E+02
  -9.365  0.1767E-11  0.1200E+02
  -9.355  0.2114E-11  0.1200E+02
  -9.345  0.2528E-11  0.1200E+02
  -9.335  0.3021E-11  0.1200E+02
  -9.325  0.3609E-11  0.1200E+02
  -9.315  0.4307E-11  0.1200E+02
  -9.305  0.5137E-11  0.1200E+02
  -9.295  0.6123E-11  0.1200E+02
  -9.285  0.7294E-11  0.1200E+02
  -9.275  0.8683E-11  0.1200E+02
  -9.265  0.1033E-10  0.1200E+02
  -9.255  0.1228E-10  0.1200E+02
  -9.245  0.1459E-10  0.1200E+02
  -9.235  0.1733E-10  0.1200E+02
  -9.225  0.2056E-10  0.1200E+02
  -9.215  0.2438E-10  0.1200E+02
  -9.205  0.2889E-10  0.1200E+02
  -9.195  0.3422E-10  0.1200E+02
  -9.185  0.4049E-10  0.1200E+02
  -9.175  0.4790E-10  0.1200E+02
  -9.165  0.5661E-10  0.1200E+02
  -9.155  0.6687E-10  0.1200E+02
  -9.145  0.7894E-10  0.1200E+02
  -9.135  0.9312E-10  0.1200E+02
  -9.125  0.1098E-09  0.1200E+02
  -9.115  0.1293E-09  0.1200E+02
  -9.105  0.1523E-09  0.1200E+02
  -9.095  0.1792E-09  0.1200E+02
  -9.085  0.2107E-09  0.1200E+02
  -9.075  0.2476E-09  0.1200E+02
  -9.065  0.2908E-09  0.1200E+02
  -9.055  0.3413E-09  0.1200E+02
  -9.045  0.4003E-09  0.1200E+02
  -9.035  0.4692E-09  0.1200E+02
  -9.025  0.5496E-09  0.1200E+02
  -9.015  0.6433E-09  0.1200E+02
  -9.005  0.7526E-09  0.1200E+02
  -8.995  0.8798E-09  0.1200E+02
  -8.985  0.1028E-08  0.1200E+02
  -8.975  0.1200E-08  0.1200E+02
  -8.965  0.1400E-08  0.1200E+02
  -8.955  0.1633E-08  0.1200E+02
  -8.945  0.1903E-08  0.1200E+02
  -8.935  0.2216E-08  0.1200E+02
  -8.925  0.2579E-08  0.1200E+02
  -8.915  0.3000E-08  0.1200E+02
  -8.905  0.3487E-08  0.1200E+02
  -8.895  0.4050E-08  0.1200E+02
  -8.885  0.4702E-08  0.1200E+02
  -8.875  0.5455E-08  0.1200E+02
  -8.865  0.6324E-08  0.1200E+02
  -8.855  0.7327E-08  0.1200E+02
  -8.845  0.8483E-08  0.1200E+02
  -8.835  0.9816E-08  0.1200E+02
  -8.825  0.1135E-07  0.1200E+02
  -8.815  0.1312E-07  0.1200E+02
  -8.805  0.1515E-07  0.1200E+02
  -8.795  0.1749E-07  0.1200E+02
  -8.785  0.2017E-07  0.1200E+02
  -8.775  0.2325E-07  0.1200E+02
  -8.765  0.2678E-07  0.1200E+02
  -8.755  0.3083E-07  0.1200E+02
  -8.745  0.3547E-07  0.1200E+02
  -8.735  0.4078E-07  0.1200E+02
  -8.725  0.4685E-07  0.1200E+02
  -8.715  0.5380E-07  0.1200E+02
  -8.705  0.6174E-07  0.1200E+02
  -8.695  0.7080E-07  0.1200E+02
  -8.685  0.8114E-07  0.1200E+02
  -8.675  0.9294E-07  0.1200E+02
  -8.665  0.1064E-06  0.1200E+02
  -8.655  0.1217E-06  0.1200E+02
  -8.645  0.1391E-06  0.1200E+02
  -8.635  0.1589E-06  0.1200E+02
  -8.625  0.1814E-06  0.1200E+02
  -8.615  0.2070E-06  0.1200E+02
  -8.605  0.2360E-06  0.1200E+02
  -8.595  0.2690E-06  0.1200E+02
  -8.585  0.3063E-06  0.1200E+02
  -8.575  0.3486E-06  0.1200E+02
  -8.565  0.3965E-06  0.1200E+02
  -8.555  0.4507E-06  0.1200E+02
  -8.545  0.5119E-06  0.1200E+02
  -8.535  0.5811E-06  0.1200E+02
  -8.525  0.6593E-06  0.1200E+02
  -8.515  0.7474E-06  0.1200E+02
  -8.505  0.8469E-06  0.1200E+02
  -8.495  0.9589E-06  0.1200E+02
  -8.485  0.1085E-05  0.1200E+02
  -8.475  0.1227E-05  0.1200E+02
  -8.465  0.1387E-05  0.1200E+02
  -8.455  0.1567E-05  0.1200E+02
  -8.445  0.1768E-05  0.1200E+02
  -8.435  0.1995E-05  0.1200E+02
  -8.425  0.2249E-05  0.1200E+02
  -8.415  0.2533E-05  0.1200E+02
  -8.405  0.2852E-05  0.1200E+02
  -8.395  0.3209E-05  0.1200E+02
  -8.385  0.3609E-05  0.1200E+02
  -8.375  0.4056E-05  0.1200E+02
  -8.365  0.4555E-05  0.1200E+02
  -8.355  0.5113E-05  0.1200E+02
  -8.345  0.5735E-05  0.1200E+02
  -8.335  0.6429E-05  0.1200E+02
  -8.325  0.7202E-05  0.1200E+02
  -8.315  0.8063E-05  0.1200E+02
  -8.305  0.9022E-05  0.1200E+02
  -8.295  0.1009E-04  0.1200E+02
  -8.285  0.1127E-04  0.1200E+02
  -8.275  0.1259E-04  0.1200E+02
  -8.265  0.1405E-04  0.1200E+02
  -8.255  0.1567E-04  0.1200E+02
  -8.245  0.1747E-04  0.1200E+02
  -8.235  0.1946E-04  0.1200E+02
  -8.225  0.2167E-04  0.1200E+02
  -8.215  0.2411E-04  0.1200E+02
  -8.205  0.2681E-04  0.1200E+02
  -8.195  0.2979E-04  0.1200E+02
  -8.185  0.3309E-04  0.1200E+02
  -8.175  0.3672E-04  0.1200E+02
  -8.165  0.4073E-04  0.1200E+02
  -8.155  0.4515E-04  0.1200E+02
  -8.145  0.5002E-04  0.1200E+02
  -8.135  0.5538E-04  0.1200E+02
  -8.125  0.6128E-04  0.1200E+02
  -8.115  0.6776E-04  0.1200E+02
  -8.105  0.7489E-04  0.1200E+02
  -8.095  0.8271E-04  0.1200E+02
  -8.085  0.9129E-04  0.1200E+02
  -8.075  0.1007E-03  0.1200E+02
  -8.065  0.1110E-03  0.1200E+02
  -8.055  0.1223E-03  0.1200E+02
  -8.045  0.1347E-03  0.1200E+02
  -8.035  0.1482E-03  0.1200E+02
  -8.025  0.1630E-03  0.1200E+02
  -8.015  0.1791E-03  0.1200E+02
  -8.005  0.1968E-03  0.1200E+02
  -7.995  0.2160E-03  0.1200E+02
  -7.985  0.2370E-03  0.1200E+02
  -7.975  0.2598E-03  0.1200E+02
  -7.965  0.2847E-03  0.1200E+02
  -7.955  0.3118E-03  0.1200E+02
  -7.945  0.3412E-03  0.1200E+02
  -7.935  0.3732E-03  0.1200E+02
  -7.925  0.4080E-03  0.1200E+02
  -7.915  0.4458E-03  0.1200E+02
  -7.905  0.4867E-03  0.1200E+02
  -7.895  0.5311E-03  0.1200E+02
  -7.885  0.5792E-03  0.1200E+02
  -7.875  0.6312E-03  0.1200E+02
  -7.865  0.6876E-03  0.1200E+02
  -7.855  0.7485E-03  0.1200E+02
  -7.845  0.8143E-03  0.1200E+02
  -7.835  0.8854E-03  0.1200E+02
  -7.825  0.9622E-03  0.1200E+02
  -7.815  0.1045E-02  0.1200E+02
  -7.805  0.1134E-02  0.1200E+02
  -7.795  0.1230E-02  0.1200E+02
  -7.785  0.1334E-02  0.1200E+02
  -7.775  0.1445E-02  0.1200E+02
  -7.765  0.1565E-02  0.1200E+02
  -7.755  0.1694E-02  0.1200E+02
  -7.745  0.1832E-02  0.1200E+02
  -7.735  0.1980E-02  0.1200E+02
  -7.725  0.2140E-02  0.1200E+02
  -7.715  0.2310E-02  0.1200E+02
  -7.705  0.2493E-02  0.1200E+02
  -7.695  0.2689E-02  0.1200E+02
  -7.685  0.2898E-02  0.1200E+02
  -7.675  0.3123E-02  0.1200E+02
  -7.665  0.3362E-02  0.1200E+02
  -7.655  0.3618E-02  0.1200E+02
  -7.645  0.3891E-02  0.1200E+02
  -7.635  0.4182E-02  0.1200E+02
  -7.625  0.4493E-02  0.1200E+02
  -7.615  0.4824E-02  0.1200E+02
  -7.605  0.5176E-02  0.1200E+02
  -7.595  0.5551E-02  0.1200E+02
  -7.585  0.5951E-02  0.1200E+02
  -7.575  0.6375E-02  0.1200E+02
  -7.565  0.6826E-02  0.1200E+02
  -7.555  0.7304E-02  0.1200E+02
  -7.545  0.7812E-02  0.1200E+02
  -7.535  0.8351E-02  0.1200E+02
  -7.525  0.8922E-02  0.1200E+02
  -7.515  0.9527E-02  0.1200E+02
  -7.505  0.1017E-01  0.1200E+02
  -7.495  0.1084E-01  0.1200E+02
  -7.485  0.1156E-01  0.1200E+02
  -7.475  0.1232E-01  0.1200E+02
  -7.465  0.1312E-01  0.1200E+02
  -7.455  0.1396E-01  0.1200E+02
  -7.445  0.1486E-01  0.1200E+02
  -7.435  0.1580E-01  0.1200E+02
  -7.425  0.1679E-01  0.1200E+02
  -7.415  0.1783E-01  0.1200E+02
  -7.405  0.1893E-01  0.1200E+02
  -7.395  0.2008E-01  0.1200E+02
  -7.385  0.2130E-01  0.1200E+02
  -7.375  0.2258E-01  0.1200E+02
  -7.365  0.2392E-01  0.1200E+02
  -7.355  0.2533E-01  0.1200E+02
  -7.345  0.2681E-01  0.1200E+02
  -7.335  0.2836E-01  0.1200E+02
  -7.325  0.2999E-01  0.1200E+02
  -7.315  0.3170E-01  0.1201E+02
  -7.305  0.3348E-01  0.1201E+02
  -7.295  0.3535E-01  0.1201E+02
  -7.285  0.3731E-01  0.1201E+02
  -7.275  0.3935E-01  0.1201E+02
  -7.265  0.4149E-01  0.1201E+02
  -7.255  0.4372E-01  0.1201E+02
  -7.245  0.4606E-01  0.1201E+02
  -7.235  0.4849E-01  0.1201E+02
  -7.225  0.5103E-01  0.1201E+02
  -7.215  0.5367E-01  0.1201E+02
  -7.205  0.5643E-01  0.1201E+02
  -7.195  0.5931E-01  0.1201E+02
  -7.185  0.6230E-01  0.1201E+02
  -7.175  0.6541E-01  0.1201E+02
  -7.165  0.6865E-01  0.1201E+02
  -7.155  0.7202E-01  0.1201E+02
  -7.145  0.7552E-01  0.1201E+02
  -7.135  0.7916E-01  0.1201E+02
  -7.125  0.8293E-01  0.1202E+02
  -7.115  0.8685E-01  0.1202E+02
  -7.105  0.9092E-01  0.1202E+02
  -7.095  0.9514E-01  0.1202E+02
  -7.085  0.9951E-01  0.1202E+02
  -7.075  0.1040E+00  0.1202E+02
  -7.065  0.1087E+00  0.1202E+02
  -7.055  0.1136E+00  0.1202E+02
  -7.045  0.1186E+00  0.1202E+02
  -7.035  0.1238E+00  0.1203E+02
  -7.025  0.1292E+00  0.1203E+02
  -7.015  0.1348E+00  0.1203E+02
  -7.005  0.1405E+00  0.1203E+02
  -6.995  0.1465E+00  0.1203E+02
  -6.985  0.1526E+00  0.1203E+02
  -6.975  0.1589E+00  0.1203E+02
  -6.965  0.1655E+00  0.1204E+02
  -6.955  0.1722E+00  0.1204E+02
  -6.945  0.1791E+00  0.1204E+02
  -6.935  0.1863E+00  0.1204E+02
  -6.925  0.1937E+00  0.1204E+02
  -6.915  0.2013E+00  0.1204E+02
  -6.905  0.2091E+00  0.1205E+02
  -6.895  0.2172E+00  0.1205E+02
  -6.885  0.2255E+00  0.1205E+02
  -6.875  0.2340E+00  0.1205E+02
  -6.865  0.2428E+00  0.1206E+02
  -6.855  0.2518E+00  0.1206E+02
  -6.845  0.2611E+00  0.1206E+02
  -6.835  0.2706E+00  0.1206E+02
  -6.825  0.2804E+00  0.1207E+02
  -6.815  0.2904E+00  0.1207E+02
  -6.805  0.3008E+00  0.1207E+02
  -6.795  0.3113E+00  0.1208E+02
  -6.785  0.3222E+00  0.1208E+02
  -6.775  0.3333E+00  0.1208E+02
  -6.765  0.3447E+00  0.1209E+02
  -6.755  0.3564E+00  0.1209E+02
  -6.745  0.3684E+00  0.1209E+02
  -6.735  0.3806E+00  0.1210E+02
  -6.725  0.3932E+00  0.1210E+02
  -6.715  0.4060E+00  0.1210E+02
  -6.705  0.4191E+00  0.1211E+02
  -6.695  0.4326E+00  0.1211E+02
  -6.685  0.4463E+00  0.1212E+02
  -6.675  0.4603E+00  0.1212E+02
  -6.665  0.4746E+00  0.1213E+02
  -6.655  0.4893E+00  0.1213E+02
  -6.645  0.5042E+00  0.1214E+02
  -6.635  0.5195E+00  0.1214E+02
  -6.625  0.5350E+00  0.1215E+02
  -6.615  0.5508E+00  0.1215E+02
  -6.605  0.5670E+00  0.1216E+02
  -6.595  0.5834E+00  0.1216E+02
  -6.585  0.6002E+00  0.1217E+02
  -6.575  0.6173E+00  0.1218E+02
  -6.565  0.6346E+00  0.1218E+02
  -6.555  0.6522E+00  0.1219E+02
  -6.545  0.6702E+00  0.1220E+02
  -6.535  0.6884E+00  0.1220E+02
  -6.525  0.7069E+00  0.1221E+02
  -6.515  0.7257E+00  0.1222E+02
  -6.505  0.7447E+00  0.1222E+02
  -6.495  0.7641E+00  0.1223E+02
  -6.485  0.7837E+00  0.1224E+02
  -6.475  0.8035E+00  0.1225E+02
  -6.465  0.8236E+00  0.1226E+02
  -6.455  0.8439E+00  0.1227E+02
  -6.445  0.8644E+00  0.1227E+02
  -6.435  0.8852E+00  0.1228E+02
  -6.425  0.9062E+00  0.1229E+02
  -6.415  0.9273E+00  0.1230E+02
  -6.405  0.9487E+00  0.1231E+02
  -6.395  0.9702E+00  0.1232E+02
  -6.385  0.9919E+00  0.1233E+02
  -6.375  0.1014E+01  0.1234E+02
  -6.365  0.1036E+01  0.1235E+02
  -6.355  0.1058E+01  0.1236E+02
  -6.345  0.1080E+01  0.1237E+02
  -6.335  0.1102E+01  0.1238E+02
  -6.325  0.1124E+01  0.1239E+02
  -6.315  0.1147E+01  0.1241E+02
  -6.305  0.1169E+01  0.1242E+02
  -6.295  0.1192E+01  0.1243E+02
  -6.285  0.1214E+01  0.1244E+02
  -6.275  0.1236E+01  0.1245E+02
  -6.265  0.1259E+01  0.1247E+02
  -6.255  0.1281E+01  0.1248E+02
  -6.245  0.1303E+01  0.1249E+02
  -6.235  0.1325E+01  0.1251E+02
  -6.225  0.1347E+01  0.1252E+02
  -6.215  0.1369E+01  0.1253E+02
  -6.205  0.1390E+01  0.1255E+02
  -6.195  0.1412E+01  0.1256E+02
  -6.185  0.1433E+01  0.1258E+02
  -6.175  0.1453E+01  0.1259E+02
  -6.165  0.1474E+01  0.1260E+02
  -6.155  0.1494E+01  0.1262E+02
  -6.145  0.1514E+01  0.1263E+02
  -6.135  0.1534E+01  0.1265E+02
  -6.125  0.1553E+01  0.1267E+02
  -6.115  0.1572E+01  0.1268E+02
  -6.105  0.1590E+01  0.1270E+02
  -6.095  0.1608E+01  0.1271E+02
  -6.085  0.1625E+01  0.1273E+02
  -6.075  0.1642E+01  0.1275E+02
  -6.065  0.1659E+01  0.1276E+02
  -6.055  0.1674E+01  0.1278E+02
  -6.045  0.1690E+01  0.1280E+02
  -6.035  0.1704E+01  0.1281E+02
  -6.025  0.1719E+01  0.1283E+02
  -6.015  0.1732E+01  0.1285E+02
  -6.005  0.1745E+01  0.1286E+02
  -5.995  0.1757E+01  0.1288E+02
  -5.985  0.1769E+01  0.1290E+02
  -5.975  0.1780E+01  0.1292E+02
  -5.965  0.1790E+01  0.1294E+02
  -5.955  0.1800E+01  0.1295E+02
  -5.945  0.1808E+01  0.1297E+02
  -5.935  0.1817E+01  0.1299E+02
  -5.925  0.1824E+01  0.1301E+02
  -5.915  0.1831E+01  0.1303E+02
  -5.905  0.1837E+01  0.1304E+02
  -5.895  0.1842E+01  0.1306E+02
  -5.885  0.1846E+01  0.1308E+02
  -5.875  0.1850E+01  0.1310E+02
  -5.865  0.1853E+01  0.1312E+02
  -5.855  0.1855E+01  0.1314E+02
  -5.845  0.1857E+01  0.1316E+02
  -5.835  0.1858E+01  0.1317E+02
  -5.825  0.1858E+01  0.1319E+02
  -5.815  0.1857E+01  0.1321E+02
  -5.805  0.1856E+01  0.1323E+02
  -5.795  0.1854E+01  0.1325E+02
  -5.785  0.1851E+01  0.1327E+02
  -5.775  0.1848E+01  0.1329E+02
  -5.765  0.1844E+01  0.1330E+02
  -5.755  0.1839E+01  0.1332E+02
  -5.745  0.1834E+01  0.1334E+02
  -5.735  0.1829E+01  0.1336E+02
  -5.725  0.1822E+01  0.1338E+02
  -5.715  0.1816E+01  0.1340E+02
  -5.705  0.1808E+01  0.1341E+02
  -5.695  0.1801E+01  0.1343E+02
  -5.685  0.1792E+01  0.1345E+02
  -5.675  0.1784E+01  0.1347E+02
  -5.665  0.1775E+01  0.1349E+02
  -5.655  0.1765E+01  0.1350E+02
  -5.645  0.1756E+01  0.1352E+02
  -5.635  0.1746E+01  0.1354E+02
  -5.625  0.1735E+01  0.1356E+02
  -5.615  0.1725E+01  0.1357E+02
  -5.605  0.1714E+01  0.1359E+02
  -5.595  0.1704E+01  0.1361E+02
  -5.585  0.1693E+01  0.1362E+02
  -5.575  0.1682E+01  0.1364E+02
  -5.565  0.1670E+01  0.1366E+02
  -5.555  0.1659E+01  0.1367E+02
  -5.545  0.1648E+01  0.1369E+02
  -5.535  0.1637E+01  0.1371E+02
  -5.525  0.1626E+01  0.1372E+02
  -5.515  0.1615E+01  0.1374E+02
  -5.505  0.1604E+01  0.1376E+02
  -5.495  0.1594E+01  0.1377E+02
  -5.485  0.1583E+01  0.1379E+02
  -5.475  0.1573E+01  0.1380E+02
  -5.465  0.1563E+01  0.1382E+02
  -5.455  0.1554E+01  0.1383E+02
  -5.445  0.1544E+01  0.1385E+02
  -5.435  0.1535E+01  0.1386E+02
  -5.425  0.1527E+01  0.1388E+02
  -5.415  0.1519E+01  0.1389E+02
  -5.405  0.1511E+01  0.1391E+02
  -5.395  0.1504E+01  0.1393E+02
  -5.385  0.1497E+01  0.1394E+02
  -5.375  0.1490E+01  0.1395E+02
  -5.365  0.1484E+01  0.1397E+02
  -5.355  0.1479E+01  0.1398E+02
  -5.345  0.1474E+01  0.1400E+02
  -5.335  0.1470E+01  0.1401E+02
  -5.325  0.1466E+01  0.1403E+02
  -5.315  0.1463E+01  0.1404E+02
  -5.305  0.1460E+01  0.1406E+02
  -5.295  0.1458E+01  0.1407E+02
  -5.285  0.1456E+01  0.1409E+02
  -5.275  0.1455E+01  0.1410E+02
  -5.265  0.1455E+01  0.1412E+02
  -5.255  0.1455E+01  0.1413E+02
  -5.245  0.1456E+01  0.1415E+02
  -5.235  0.1457E+01  0.1416E+02
  -5.225  0.1459E+01  0.1417E+02
  -5.215  0.1462E+01  0.1419E+02
  -5.205  0.1464E+01  0.1420E+02
  -5.195  0.1468E+01  0.1422E+02
  -5.185  0.1472E+01  0.1423E+02
  -5.175  0.1476E+01  0.1425E+02
  -5.165  0.1481E+01  0.1426E+02
  -5.155  0.1487E+01  0.1428E+02
  -5.145  0.1493E+01  0.1429E+02
  -5.135  0.1499E+01  0.1431E+02
  -5.125  0.1506E+01  0.1432E+02
  -5.115  0.1513E+01  0.1434E+02
  -5.105  0.1521E+01  0.1435E+02
  -5.095  0.1528E+01  0.1437E+02
  -5.085  0.1537E+01  0.1438E+02
  -5.075  0.1545E+01  0.1440E+02
  -5.065  0.1554E+01  0.1441E+02
  -5.055  0.1563E+01  0.1443E+02
  -5.045  0.1572E+01  0.1445E+02
  -5.035  0.1581E+01  0.1446E+02
  -5.025  0.1591E+01  0.1448E+02
  -5.015  0.1601E+01  0.1449E+02
  -5.005  0.1610E+01  0.1451E+02
  -4.995  0.1620E+01  0.1453E+02
  -4.985  0.1630E+01  0.1454E+02
  -4.975  0.1640E+01  0.1456E+02
  -4.965  0.1650E+01  0.1458E+02
  -4.955  0.1660E+01  0.1459E+02
  -4.945  0.1670E+01  0.1461E+02
  -4.935  0.1680E+01  0.1463E+02
  -4.925  0.1689E+01  0.1464E+02
  -4.915  0.1699E+01  0.1466E+02
  -4.905  0.1708E+01  0.1468E+02
  -4.895  0.1717E+01  0.1469E+02
  -4.885  0.1726E+01  0.1471E+02
  -4.875  0.1735E+01  0.1473E+02
  -4.865  0.1743E+01  0.1475E+02
  -4.855  0.1751E+01  0.1476E+02
  -4.845  0.1759E+01  0.1478E+02
  -4.835  0.1766E+01  0.1480E+02
  -4.825  0.1774E+01  0.1482E+02
  -4.815  0.1780E+01  0.1483E+02
  -4.805  0.1787E+01  0.1485E+02
  -4.795  0.1793E+01  0.1487E+02
  -4.785  0.1799E+01  0.1489E+02
  -4.775  0.1804E+01  0.1491E+02
  -4.765  0.1809E+01  0.1492E+02
  -4.755  0.1813E+01  0.1494E+02
  -4.745  0.1817E+01  0.1496E+02
  -4.735  0.1821E+01  0.1498E+02
  -4.725  0.1824E+01  0.1500E+02
  -4.715  0.1827E+01  0.1501E+02
  -4.705  0.1829E+01  0.1503E+02
  -4.695  0.1831E+01  0.1505E+02
  -4.685  0.1832E+01  0.1507E+02
  -4.675  0.1834E+01  0.1509E+02
  -4.665  0.1834E+01  0.1511E+02
  -4.655  0.1834E+01  0.1512E+02
  -4.645  0.1834E+01  0.1514E+02
  -4.635  0.1834E+01  0.1516E+02
  -4.625  0.1833E+01  0.1518E+02
  -4.615  0.1832E+01  0.1520E+02
  -4.605  0.1830E+01  0.1522E+02
  -4.595  0.1828E+01  0.1523E+02
  -4.585  0.1826E+01  0.1525E+02
  -4.575  0.1823E+01  0.1527E+02
  -4.565  0.1820E+01  0.1529E+02
  -4.555  0.1817E+01  0.1531E+02
  -4.545  0.1814E+01  0.1533E+02
  -4.535  0.1810E+01  0.1534E+02
  -4.525  0.1806E+01  0.1536E+02
  -4.515  0.1802E+01  0.1538E+02
  -4.505  0.1798E+01  0.1540E+02
  -4.495  0.1794E+01  0.1542E+02
  -4.485  0.1790E+01  0.1543E+02
  -4.475  0.1785E+01  0.1545E+02
  -4.465  0.1781E+01  0.1547E+02
  -4.455  0.1776E+01  0.1549E+02
  -4.445  0.1772E+01  0.1550E+02
  -4.435  0.1767E+01  0.1552E+02
  -4.425  0.1763E+01  0.1554E+02
  -4.415  0.1758E+01  0.1556E+02
  -4.405  0.1754E+01  0.1558E+02
  -4.395  0.1750E+01  0.1559E+02
  -4.385  0.1745E+01  0.1561E+02
  -4.375  0.1741E+01  0.1563E+02
  -4.365  0.1738E+01  0.1564E+02
  -4.355  0.1734E+01  0.1566E+02
  -4.345  0.1730E+01  0.1568E+02
  -4.335  0.1727E+01  0.1570E+02
  -4.325  0.1724E+01  0.1571E+02
  -4.315  0.1721E+01  0.1573E+02
  -4.305  0.1719E+01  0.1575E+02
  -4.295  0.1717E+01  0.1577E+02
  -4.285  0.1715E+01  0.1578E+02
  -4.275  0.1713E+01  0.1580E+02
  -4.265  0.1712E+01  0.1582E+02
  -4.255  0.1711E+01  0.1583E+02
  -4.245  0.1710E+01  0.1585E+02
  -4.235  0.1710E+01  0.1587E+02
  -4.225  0.1710E+01  0.1589E+02
  -4.215  0.1711E+01  0.1590E+02
  -4.205  0.1712E+01  0.1592E+02
  -4.195  0.1713E+01  0.1594E+02
  -4.185  0.1714E+01  0.1595E+02
  -4.175  0.1716E+01  0.1597E+02
  -4.165  0.1719E+01  0.1599E+02
  -4.155  0.1721E+01  0.1601E+02
  -4.145  0.1725E+01  0.1602E+02
  -4.135  0.1728E+01  0.1604E+02
  -4.125  0.1732E+01  0.1606E+02
  -4.115  0.1736E+01  0.1607E+02
  -4.105  0.1741E+01  0.1609E+02
  -4.095  0.1746E+01  0.1611E+02
  -4.085  0.1751E+01  0.1613E+02
  -4.075  0.1757E+01  0.1614E+02
  -4.065  0.1763E+01  0.1616E+02
  -4.055  0.1769E+01  0.1618E+02
  -4.045  0.1775E+01  0.1620E+02
  -4.035  0.1782E+01  0.1622E+02
  -4.025  0.1790E+01  0.1623E+02
  -4.015  0.1797E+01  0.1625E+02
  -4.005  0.1805E+01  0.1627E+02
  -3.995  0.1813E+01  0.1629E+02
  -3.985  0.1821E+01  0.1631E+02
  -3.975  0.1830E+01  0.1632E+02
  -3.965  0.1839E+01  0.1634E+02
  -3.955  0.1848E+01  0.1636E+02
  -3.945  0.1858E+01  0.1638E+02
  -3.935  0.1867E+01  0.1640E+02
  -3.925  0.1877E+01  0.1642E+02
  -3.915  0.1887E+01  0.1644E+02
  -3.905  0.1897E+01  0.1645E+02
  -3.895  0.1908E+01  0.1647E+02
  -3.885  0.1919E+01  0.1649E+02
  -3.875  0.1929E+01  0.1651E+02
  -3.865  0.1941E+01  0.1653E+02
  -3.855  0.1952E+01  0.1655E+02
  -3.845  0.1963E+01  0.1657E+02
  -3.835  0.1975E+01  0.1659E+02
  -3.825  0.1987E+01  0.1661E+02
  -3.815  0.1999E+01  0.1663E+02
  -3.805  0.2011E+01  0.1665E+02
  -3.795  0.2024E+01  0.1667E+02
  -3.785  0.2037E+01  0.1669E+02
  -3.775  0.2050E+01  0.1671E+02
  -3.765  0.2063E+01  0.1673E+02
  -3.755  0.2076E+01  0.1675E+02
  -3.745  0.2090E+01  0.1677E+02
  -3.735  0.2104E+01  0.1679E+02
  -3.725  0.2118E+01  0.1682E+02
  -3.715  0.2133E+01  0.1684E+02
  -3.705  0.2148E+01  0.1686E+02
  -3.695  0.2163E+01  0.1688E+02
  -3.685  0.2179E+01  0.1690E+02
  -3.675  0.2195E+01  0.1692E+02
  -3.665  0.2211E+01  0.1695E+02
  -3.655  0.2228E+01  0.1697E+02
  -3.645  0.2245E+01  0.1699E+02
  -3.635  0.2262E+01  0.1701E+02
  -3.625  0.2280E+01  0.1704E+02
  -3.615  0.2299E+01  0.1706E+02
  -3.605  0.2318E+01  0.1708E+02
  -3.595  0.2337E+01  0.1711E+02
  -3.585  0.2358E+01  0.1713E+02
  -3.575  0.2378E+01  0.1715E+02
  -3.565  0.2399E+01  0.1718E+02
  -3.555  0.2421E+01  0.1720E+02
  -3.545  0.2444E+01  0.1723E+02
  -3.535  0.2467E+01  0.1725E+02
  -3.525  0.2491E+01  0.1728E+02
  -3.515  0.2515E+01  0.1730E+02
  -3.505  0.2541E+01  0.1733E+02
  -3.495  0.2567E+01  0.1735E+02
  -3.485  0.2593E+01  0.1738E+02
  -3.475  0.2621E+01  0.1740E+02
  -3.465  0.2649E+01  0.1743E+02
  -3.455  0.2678E+01  0.1746E+02
  -3.445  0.2708E+01  0.1748E+02
  -3.435  0.2739E+01  0.1751E+02
  -3.425  0.2771E+01  0.1754E+02
  -3.415  0.2803E+01  0.1757E+02
  -3.405  0.2836E+01  0.1760E+02
  -3.395  0.2870E+01  0.1762E+02
  -3.385  0.2905E+01  0.1765E+02
  -3.375  0.2941E+01  0.1768E+02
  -3.365  0.2978E+01  0.1771E+02
  -3.355  0.3015E+01  0.1774E+02
  -3.345  0.3053E+01  0.1777E+02
  -3.335  0.3093E+01  0.1780E+02
  -3.325  0.3132E+01  0.1784E+02
  -3.315  0.3173E+01  0.1787E+02
  -3.305  0.3215E+01  0.1790E+02
  -3.295  0.3257E+01  0.1793E+02
  -3.285  0.3300E+01  0.1797E+02
  -3.275  0.3344E+01  0.1800E+02
  -3.265  0.3388E+01  0.1803E+02
  -3.255  0.3433E+01  0.1807E+02
  -3.245  0.3479E+01  0.1810E+02
  -3.235  0.3525E+01  0.1814E+02
  -3.225  0.3572E+01  0.1817E+02
  -3.215  0.3620E+01  0.1821E+02
  -3.205  0.3668E+01  0.1825E+02
  -3.195  0.3716E+01  0.1828E+02
  -3.185  0.3765E+01  0.1832E+02
  -3.175  0.3814E+01  0.1836E+02
  -3.165  0.3863E+01  0.1840E+02
  -3.155  0.3913E+01  0.1844E+02
  -3.145  0.3962E+01  0.1848E+02
  -3.135  0.4012E+01  0.1852E+02
  -3.125  0.4062E+01  0.1856E+02
  -3.115  0.4112E+01  0.1860E+02
  -3.105  0.4162E+01  0.1864E+02
  -3.095  0.4212E+01  0.1868E+02
  -3.085  0.4262E+01  0.1872E+02
  -3.075  0.4311E+01  0.1877E+02
  -3.065  0.4360E+01  0.1881E+02
  -3.055  0.4409E+01  0.1885E+02
  -3.045  0.4457E+01  0.1890E+02
  -3.035  0.4505E+01  0.1894E+02
  -3.025  0.4553E+01  0.1899E+02
  -3.015  0.4599E+01  0.1904E+02
  -3.005  0.4645E+01  0.1908E+02
  -2.995  0.4691E+01  0.1913E+02
  -2.985  0.4735E+01  0.1918E+02
  -2.975  0.4779E+01  0.1922E+02
  -2.965  0.4821E+01  0.1927E+02
  -2.955  0.4863E+01  0.1932E+02
  -2.945  0.4903E+01  0.1937E+02
  -2.935  0.4943E+01  0.1942E+02
  -2.925  0.4981E+01  0.1947E+02
  -2.915  0.5018E+01  0.1952E+02
  -2.905  0.5053E+01  0.1957E+02
  -2.895  0.5088E+01  0.1962E+02
  -2.885  0.5121E+01  0.1967E+02
  -2.875  0.5152E+01  0.1972E+02
  -2.865  0.5182E+01  0.1978E+02
  -2.855  0.5210E+01  0.1983E+02
  -2.845  0.5237E+01  0.1988E+02
  -2.835  0.5262E+01  0.1993E+02
  -2.825  0.5285E+01  0.1999E+02
  -2.815  0.5306E+01  0.2004E+02
  -2.805  0.5326E+01  0.2009E+02
  -2.795  0.5344E+01  0.2015E+02
  -2.785  0.5360E+01  0.2020E+02
  -2.775  0.5374E+01  0.2025E+02
  -2.765  0.5386E+01  0.2031E+02
  -2.755  0.5397E+01  0.2036E+02
  -2.745  0.5405E+01  0.2041E+02
  -2.735  0.5412E+01  0.2047E+02
  -2.725  0.5416E+01  0.2052E+02
  -2.715  0.5418E+01  0.2058E+02
  -2.705  0.5419E+01  0.2063E+02
  -2.695  0.5417E+01  0.2069E+02
  -2.685  0.5414E+01  0.2074E+02
  -2.675  0.5408E+01  0.2079E+02
  -2.665  0.5400E+01  0.2085E+02
  -2.655  0.5391E+01  0.2090E+02
  -2.645  0.5379E+01  0.2096E+02
  -2.635  0.5365E+01  0.2101E+02
  -2.625  0.5350E+01  0.2106E+02
  -2.615  0.5332E+01  0.2112E+02
  -2.605  0.5312E+01  0.2117E+02
  -2.595  0.5291E+01  0.2122E+02
  -2.585  0.5267E+01  0.2127E+02
  -2.575  0.5242E+01  0.2133E+02
  -2.565  0.5215E+01  0.2138E+02
  -2.555  0.5186E+01  0.2143E+02
  -2.545  0.5155E+01  0.2148E+02
  -2.535  0.5122E+01  0.2153E+02
  -2.525  0.5088E+01  0.2158E+02
  -2.515  0.5051E+01  0.2164E+02
  -2.505  0.5014E+01  0.2169E+02
  -2.495  0.4974E+01  0.2174E+02
  -2.485  0.4933E+01  0.2178E+02
  -2.475  0.4890E+01  0.2183E+02
  -2.465  0.4846E+01  0.2188E+02
  -2.455  0.4801E+01  0.2193E+02
  -2.445  0.4754E+01  0.2198E+02
  -2.435  0.4705E+01  0.2202E+02
  -2.425  0.4656E+01  0.2207E+02
  -2.415  0.4605E+01  0.2212E+02
  -2.405  0.4552E+01  0.2216E+02
  -2.395  0.4499E+01  0.2221E+02
  -2.385  0.4444E+01  0.2225E+02
  -2.375  0.4389E+01  0.2230E+02
  -2.365  0.4332E+01  0.2234E+02
  -2.355  0.4275E+01  0.2238E+02
  -2.345  0.4216E+01  0.2242E+02
  -2.335  0.4157E+01  0.2247E+02
  -2.325  0.4097E+01  0.2251E+02
  -2.315  0.4036E+01  0.2255E+02
  -2.305  0.3974E+01  0.2259E+02
  -2.295  0.3912E+01  0.2263E+02
  -2.285  0.3849E+01  0.2266E+02
  -2.275  0.3786E+01  0.2270E+02
  -2.265  0.3722E+01  0.2274E+02
  -2.255  0.3658E+01  0.2278E+02
  -2.245  0.3593E+01  0.2281E+02
  -2.235  0.3528E+01  0.2285E+02
  -2.225  0.3463E+01  0.2288E+02
  -2.215  0.3398E+01  0.2292E+02
  -2.205  0.3332E+01  0.2295E+02
  -2.195  0.3267E+01  0.2298E+02
  -2.185  0.3201E+01  0.2301E+02
  -2.175  0.3135E+01  0.2305E+02
  -2.165  0.3070E+01  0.2308E+02
  -2.155  0.3004E+01  0.2311E+02
  -2.145  0.2939E+01  0.2314E+02
  -2.135  0.2874E+01  0.2316E+02
  -2.125  0.2809E+01  0.2319E+02
  -2.115  0.2744E+01  0.2322E+02
  -2.105  0.2680E+01  0.2325E+02
  -2.095  0.2616E+01  0.2327E+02
  -2.085  0.2553E+01  0.2330E+02
  -2.075  0.2490E+01  0.2332E+02
  -2.065  0.2427E+01  0.2335E+02
  -2.055  0.2365E+01  0.2337E+02
  -2.045  0.2304E+01  0.2339E+02
  -2.035  0.2243E+01  0.2342E+02
  -2.025  0.2183E+01  0.2344E+02
  -2.015  0.2123E+01  0.2346E+02
  -2.005  0.2065E+01  0.2348E+02
  -1.995  0.2007E+01  0.2350E+02
  -1.985  0.1949E+01  0.2352E+02
  -1.975  0.1893E+01  0.2354E+02
  -1.965  0.1837E+01  0.2356E+02
  -1.955  0.1782E+01  0.2357E+02
  -1.945  0.1729E+01  0.2359E+02
  -1.935  0.1676E+01  0.2361E+02
  -1.925  0.1623E+01  0.2362E+02
  -1.915  0.1572E+01  0.2364E+02
  -1.905  0.1522E+01  0.2366E+02
  -1.895  0.1473E+01  0.2367E+02
  -1.885  0.1425E+01  0.2368E+02
  -1.875  0.1377E+01  0.2370E+02
  -1.865  0.1331E+01  0.2371E+02
  -1.855  0.1286E+01  0.2372E+02
  -1.845  0.1242E+01  0.2374E+02
  -1.835  0.1199E+01  0.2375E+02
  -1.825  0.1157E+01  0.2376E+02
  -1.815  0.1116E+01  0.2377E+02
  -1.805  0.1076E+01  0.2378E+02
  -1.795  0.1037E+01  0.2379E+02
  -1.785  0.9997E+00  0.2380E+02
  -1.775  0.9631E+00  0.2381E+02
  -1.765  0.9276E+00  0.2382E+02
  -1.755  0.8932E+00  0.2383E+02
  -1.745  0.8599E+00  0.2384E+02
  -1.735  0.8277E+00  0.2385E+02
  -1.725  0.7967E+00  0.2386E+02
  -1.715  0.7667E+00  0.2386E+02
  -1.705  0.7378E+00  0.2387E+02
  -1.695  0.7100E+00  0.2388E+02
  -1.685  0.6834E+00  0.2388E+02
  -1.675  0.6578E+00  0.2389E+02
  -1.665  0.6333E+00  0.2390E+02
  -1.655  0.6099E+00  0.2390E+02
  -1.645  0.5877E+00  0.2391E+02
  -1.635  0.5665E+00  0.2392E+02
  -1.625  0.5464E+00  0.2392E+02
  -1.615  0.5273E+00  0.2393E+02
  -1.605  0.5094E+00  0.2393E+02
  -1.595  0.4925E+00  0.2394E+02
  -1.585  0.4768E+00  0.2394E+02
  -1.575  0.4621E+00  0.2395E+02
  -1.565  0.4484E+00  0.2395E+02
  -1.555  0.4359E+00  0.2395E+02
  -1.545  0.4244E+00  0.2396E+02
  -1.535  0.4140E+00  0.2396E+02
  -1.525  0.4046E+00  0.2397E+02
  -1.515  0.3964E+00  0.2397E+02
  -1.505  0.3891E+00  0.2397E+02
  -1.495  0.3830E+00  0.2398E+02
  -1.485  0.3780E+00  0.2398E+02
  -1.475  0.3740E+00  0.2399E+02
  -1.465  0.3711E+00  0.2399E+02
  -1.455  0.3692E+00  0.2399E+02
  -1.445  0.3685E+00  0.2400E+02
  -1.435  0.3689E+00  0.2400E+02
  -1.425  0.3703E+00  0.2400E+02
  -1.415  0.3728E+00  0.2401E+02
  -1.405  0.3765E+00  0.2401E+02
  -1.395  0.3812E+00  0.2402E+02
  -1.385  0.3871E+00  0.2402E+02
  -1.375  0.3940E+00  0.2402E+02
  -1.365  0.4022E+00  0.2403E+02
  -1.355  0.4114E+00  0.2403E+02
  -1.345  0.4218E+00  0.2404E+02
  -1.335  0.4333E+00  0.2404E+02
  -1.325  0.4461E+00  0.2404E+02
  -1.315  0.4599E+00  0.2405E+02
  -1.305  0.4750E+00  0.2405E+02
  -1.295  0.4913E+00  0.2406E+02
  -1.285  0.5087E+00  0.2406E+02
  -1.275  0.5274E+00  0.2407E+02
  -1.265  0.5472E+00  0.2407E+02
  -1.255  0.5684E+00  0.2408E+02
  -1.245  0.5907E+00  0.2409E+02
  -1.235  0.6143E+00  0.2409E+02
  -1.225  0.6391E+00  0.2410E+02
  -1.215  0.6653E+00  0.2411E+02
  -1.205  0.6926E+00  0.2411E+02
  -1.195  0.7213E+00  0.2412E+02
  -1.185  0.7512E+00  0.2413E+02
  -1.175  0.7825E+00  0.2414E+02
  -1.165  0.8150E+00  0.2414E+02
  -1.155  0.8489E+00  0.2415E+02
  -1.145  0.8840E+00  0.2416E+02
  -1.135  0.9205E+00  0.2417E+02
  -1.125  0.9582E+00  0.2418E+02
  -1.115  0.9973E+00  0.2419E+02
  -1.105  0.1038E+01  0.2420E+02
  -1.095  0.1079E+01  0.2421E+02
  -1.085  0.1122E+01  0.2422E+02
  -1.075  0.1167E+01  0.2423E+02
  -1.065  0.1212E+01  0.2425E+02
  -1.055  0.1259E+01  0.2426E+02
  -1.045  0.1307E+01  0.2427E+02
  -1.035  0.1357E+01  0.2428E+02
  -1.025  0.1407E+01  0.2430E+02
  -1.015  0.1459E+01  0.2431E+02
  -1.005  0.1512E+01  0.2433E+02
  -0.995  0.1567E+01  0.2434E+02
  -0.985  0.1622E+01  0.2436E+02
  -0.975  0.1679E+01  0.2438E+02
  -0.965  0.1737E+01  0.2439E+02
  -0.955  0.1795E+01  0.2441E+02
  -0.945  0.1855E+01  0.2443E+02
  -0.935  0.1917E+01  0.2445E+02
  -0.925  0.1979E+01  0.2447E+02
  -0.915  0.2042E+01  0.2449E+02
  -0.905  0.2106E+01  0.2451E+02
  -0.895  0.2171E+01  0.2453E+02
  -0.885  0.2237E+01  0.2456E+02
  -0.875  0.2303E+01  0.2458E+02
  -0.865  0.2371E+01  0.2460E+02
  -0.855  0.2439E+01  0.2463E+02
  -0.845  0.2508E+01  0.2465E+02
  -0.835  0.2578E+01  0.2468E+02
  -0.825  0.2648E+01  0.2470E+02
  -0.815  0.2719E+01  0.2473E+02
  -0.805  0.2790E+01  0.2476E+02
  -0.795  0.2862E+01  0.2479E+02
  -0.785  0.2934E+01  0.2482E+02
  -0.775  0.3007E+01  0.2485E+02
  -0.765  0.3080E+01  0.2488E+02
  -0.755  0.3153E+01  0.2491E+02
  -0.745  0.3227E+01  0.2494E+02
  -0.735  0.3301E+01  0.2497E+02
  -0.725  0.3374E+01  0.2501E+02
  -0.715  0.3448E+01  0.2504E+02
  -0.705  0.3522E+01  0.2508E+02
  -0.695  0.3595E+01  0.2511E+02
  -0.685  0.3669E+01  0.2515E+02
  -0.675  0.3742E+01  0.2519E+02
  -0.665  0.3816E+01  0.2523E+02
  -0.655  0.3888E+01  0.2527E+02
  -0.645  0.3961E+01  0.2530E+02
  -0.635  0.4033E+01  0.2535E+02
  -0.625  0.4105E+01  0.2539E+02
  -0.615  0.4176E+01  0.2543E+02
  -0.605  0.4246E+01  0.2547E+02
  -0.595  0.4316E+01  0.2551E+02
  -0.585  0.4385E+01  0.2556E+02
  -0.575  0.4454E+01  0.2560E+02
  -0.565  0.4522E+01  0.2565E+02
  -0.555  0.4589E+01  0.2569E+02
  -0.545  0.4655E+01  0.2574E+02
  -0.535  0.4720E+01  0.2579E+02
  -0.525  0.4785E+01  0.2583E+02
  -0.515  0.4848E+01  0.2588E+02
  -0.505  0.4910E+01  0.2593E+02
  -0.495  0.4972E+01  0.2598E+02
  -0.485  0.5032E+01  0.2603E+02
  -0.475  0.5091E+01  0.2608E+02
  -0.465  0.5149E+01  0.2613E+02
  -0.455  0.5206E+01  0.2619E+02
  -0.445  0.5262E+01  0.2624E+02
  -0.435  0.5317E+01  0.2629E+02
  -0.425  0.5370E+01  0.2635E+02
  -0.415  0.5422E+01  0.2640E+02
  -0.405  0.5473E+01  0.2646E+02
  -0.395  0.5522E+01  0.2651E+02
  -0.385  0.5571E+01  0.2657E+02
  -0.375  0.5618E+01  0.2662E+02
  -0.365  0.5664E+01  0.2668E+02
  -0.355  0.5708E+01  0.2674E+02
  -0.345  0.5751E+01  0.2679E+02
  -0.335  0.5793E+01  0.2685E+02
  -0.325  0.5834E+01  0.2691E+02
  -0.315  0.5874E+01  0.2697E+02
  -0.305  0.5912E+01  0.2703E+02
  -0.295  0.5949E+01  0.2709E+02
  -0.285  0.5984E+01  0.2715E+02
  -0.275  0.6019E+01  0.2721E+02
  -0.265  0.6052E+01  0.2727E+02
  -0.255  0.6084E+01  0.2733E+02
  -0.245  0.6115E+01  0.2739E+02
  -0.235  0.6145E+01  0.2745E+02
  -0.225  0.6173E+01  0.2751E+02
  -0.215  0.6201E+01  0.2757E+02
  -0.205  0.6227E+01  0.2764E+02
  -0.195  0.6253E+01  0.2770E+02
  -0.185  0.6277E+01  0.2776E+02
  -0.175  0.6300E+01  0.2783E+02
  -0.165  0.6323E+01  0.2789E+02
  -0.155  0.6344E+01  0.2795E+02
  -0.145  0.6365E+01  0.2802E+02
  -0.135  0.6384E+01  0.2808E+02
  -0.125  0.6403E+01  0.2814E+02
  -0.115  0.6421E+01  0.2821E+02
  -0.105  0.6438E+01  0.2827E+02
  -0.095  0.6455E+01  0.2834E+02
  -0.085  0.6470E+01  0.2840E+02
  -0.075  0.6485E+01  0.2847E+02
  -0.065  0.6500E+01  0.2853E+02
  -0.055  0.6514E+01  0.2860E+02
  -0.045  0.6527E+01  0.2866E+02
  -0.035  0.6539E+01  0.2873E+02
  -0.025  0.6551E+01  0.2879E+02
  -0.015  0.6563E+01  0.2886E+02
  -0.005  0.6574E+01  0.2892E+02
   0.005  0.6585E+01  0.2899E+02
   0.015  0.6595E+01  0.2906E+02
   0.025  0.6605E+01  0.2912E+02
   0.035  0.6614E+01  0.2919E+02
   0.045  0.6623E+01  0.2925E+02
   0.055  0.6632E+01  0.2932E+02
   0.065  0.6641E+01  0.2939E+02
   0.075  0.6649E+01  0.2945E+02
   0.085  0.6658E+01  0.2952E+02
   0.095  0.6666E+01  0.2959E+02
   0.105  0.6673E+01  0.2965E+02
   0.115  0.6681E+01  0.2972E+02
   0.125  0.6689E+01  0.2979E+02
   0.135  0.6696E+01  0.2985E+02
   0.145  0.6703E+01  0.2992E+02
   0.155  0.6711E+01  0.2999E+02
   0.165  0.6718E+01  0.3006E+02
   0.175  0.6725E+01  0.3012E+02
   0.185  0.6732E+01  0.3019E+02
   0.195  0.6740E+01  0.3026E+02
   0.205  0.6747E+01  0.3032E+02
   0.215  0.6754E+01  0.3039E+02
   0.225  0.6761E+01  0.3046E+02
   0.235  0.6769E+01  0.3053E+02
   0.245  0.6776E+01  0.3060E+02
   0.255  0.6784E+01  0.3066E+02
   0.265  0.6791E+01  0.3073E+02
   0.275  0.6799E+01  0.3080E+02
   0.285  0.6806E+01  0.3087E+02
   0.295  0.6814E+01  0.3094E+02
   0.305  0.6822E+01  0.3100E+02
   0.315  0.6830E+01  0.3107E+02
   0.325  0.6838E+01  0.3114E+02
   0.335  0.6847E+01  0.3121E+02
   0.345  0.6855E+01  0.3128E+02
   0.355  0.6864E+01  0.3135E+02
   0.365  0.6872E+01  0.3141E+02
   0.375  0.6881E+01  0.3148E+02
   0.385  0.6890E+01  0.3155E+02
   0.395  0.6899E+01  0.3162E+02
   0.405  0.6908E+01  0.3169E+02
   0.415  0.6918E+01  0.3176E+02
   0.425  0.6927E+01  0.3183E+02
   0.435  0.6937E+01  0.3190E+02
   0.445  0.6947E+01  0.3197E+02
   0.455  0.6957E+01  0.3204E+02
   0.465  0.6967E+01  0.3211E+02
   0.475  0.6977E+01  0.3218E+02
   0.485  0.6988E+01  0.3225E+02
   0.495  0.6999E+01  0.3232E+02
   0.505  0.7009E+01  0.3239E+02
   0.515  0.7020E+01  0.3246E+02
   0.525  0.7031E+01  0.3253E+02
   0.535  0.7043E+01  0.3260E+02
   0.545  0.7054E+01  0.3267E+02
   0.555  0.7066E+01  0.3274E+02
   0.565  0.7078E+01  0.3281E+02
   0.575  0.7089E+01  0.3288E+02
   0.585  0.7102E+01  0.3295E+02
   0.595  0.7114E+01  0.3302E+02
   0.605  0.7126E+01  0.3309E+02
   0.615  0.7139E+01  0.3317E+02
   0.625  0.7151E+01  0.3324E+02
   0.635  0.7164E+01  0.3331E+02
   0.645  0.7177E+01  0.3338E+02
   0.655  0.7190E+01  0.3345E+02
   0.665  0.7204E+01  0.3352E+02
   0.675  0.7217E+01  0.3360E+02
   0.685  0.7231E+01  0.3367E+02
   0.695  0.7244E+01  0.3374E+02
   0.705  0.7258E+01  0.3381E+02
   0.715  0.7272E+01  0.3389E+02
   0.725  0.7286E+01  0.3396E+02
   0.735  0.7300E+01  0.3403E+02
   0.745  0.7315E+01  0.3411E+02
   0.755  0.7329E+01  0.3418E+02
   0.765  0.7344E+01  0.3425E+02
   0.775  0.7358E+01  0.3433E+02
   0.785  0.7373E+01  0.3440E+02
   0.795  0.7388E+01  0.3447E+02
   0.805  0.7402E+01  0.3455E+02
   0.815  0.7417E+01  0.3462E+02
   0.825  0.7432E+01  0.3470E+02
   0.835  0.7447E+01  0.3477E+02
   0.845  0.7462E+01  0.3485E+02
   0.855  0.7477E+01  0.3492E+02
   0.865  0.7492E+01  0.3499E+02
   0.875  0.7507E+01  0.3507E+02
   0.885  0.7523E+01  0.3515E+02
   0.895  0.7538E+01  0.3522E+02
   0.905  0.7553E+01  0.3530E+02
   0.915  0.7568E+01  0.3537E+02
   0.925  0.7582E+01  0.3545E+02
   0.935  0.7597E+01  0.3552E+02
   0.945  0.7612E+01  0.3560E+02
   0.955  0.7627E+01  0.3568E+02
   0.965  0.7641E+01  0.3575E+02
   0.975  0.7656E+01  0.3583E+02
   0.985  0.7670E+01  0.3591E+02
   0.995  0.7684E+01  0.3598E+02
   1.005  0.7698E+01  0.3606E+02
   1.015  0.7712E+01  0.3614E+02
   1.025  0.7725E+01  0.3621E+02
   1.035  0.7738E+01  0.3629E+02
   1.045  0.7751E+01  0.3637E+02
   1.055  0.7764E+01  0.3645E+02
   1.065  0.7777E+01  0.3652E+02
   1.075  0.7789E+01  0.3660E+02
   1.085  0.7801E+01  0.3668E+02
   1.095  0.7812E+01  0.3676E+02
   1.105  0.7824E+01  0.3684E+02
   1.115  0.7835E+01  0.3691E+02
   1.125  0.7845E+01  0.3699E+02
   1.135  0.7855E+01  0.3707E+02
   1.145  0.7865E+01  0.3715E+02
   1.155  0.7875E+01  0.3723E+02
   1.165  0.7884E+01  0.3731E+02
   1.175  0.7892E+01  0.3739E+02
   1.185  0.7900E+01  0.3747E+02
   1.195  0.7908E+01  0.3754E+02
   1.205  0.7915E+01  0.3762E+02
   1.215  0.7921E+01  0.3770E+02
   1.225  0.7928E+01  0.3778E+02
   1.235  0.7933E+01  0.3786E+02
   1.245  0.7938E+01  0.3794E+02
   1.255  0.7943E+01  0.3802E+02
   1.265  0.7947E+01  0.3810E+02
   1.275  0.7950E+01  0.3818E+02
   1.285  0.7953E+01  0.3826E+02
   1.295  0.7955E+01  0.3834E+02
   1.305  0.7957E+01  0.3842E+02
   1.315  0.7958E+01  0.3850E+02
   1.325  0.7959E+01  0.3858E+02
   1.335  0.7959E+01  0.3866E+02
   1.345  0.7958E+01  0.3874E+02
   1.355  0.7957E+01  0.3882E+02
   1.365  0.7955E+01  0.3890E+02
   1.375  0.7952E+01  0.3898E+02
   1.385  0.7949E+01  0.3905E+02
   1.395  0.7946E+01  0.3913E+02
   1.405  0.7941E+01  0.3921E+02
   1.415  0.7936E+01  0.3929E+02
   1.425  0.7931E+01  0.3937E+02
   1.435  0.7925E+01  0.3945E+02
   1.445  0.7918E+01  0.3953E+02
   1.455  0.7910E+01  0.3961E+02
   1.465  0.7902E+01  0.3969E+02
   1.475  0.7894E+01  0.3977E+02
   1.485  0.7885E+01  0.3985E+02
   1.495  0.7875E+01  0.3993E+02
   1.505  0.7865E+01  0.4000E+02
   1.515  0.7854E+01  0.4008E+02
   1.525  0.7842E+01  0.4016E+02
   1.535  0.7830E+01  0.4024E+02
   1.545  0.7818E+01  0.4032E+02
   1.555  0.7805E+01  0.4040E+02
   1.565  0.7791E+01  0.4047E+02
   1.575  0.7777E+01  0.4055E+02
   1.585  0.7762E+01  0.4063E+02
   1.595  0.7747E+01  0.4071E+02
   1.605  0.7732E+01  0.4078E+02
   1.615  0.7715E+01  0.4086E+02
   1.625  0.7699E+01  0.4094E+02
   1.635  0.7682E+01  0.4101E+02
   1.645  0.7664E+01  0.4109E+02
   1.655  0.7646E+01  0.4117E+02
   1.665  0.7628E+01  0.4124E+02
   1.675  0.7609E+01  0.4132E+02
   1.685  0.7590E+01  0.4140E+02
   1.695  0.7571E+01  0.4147E+02
   1.705  0.7551E+01  0.4155E+02
   1.715  0.7530E+01  0.4162E+02
   1.725  0.7510E+01  0.4170E+02
   1.735  0.7489E+01  0.4177E+02
   1.745  0.7467E+01  0.4185E+02
   1.755  0.7445E+01  0.4192E+02
   1.765  0.7423E+01  0.4200E+02
   1.775  0.7401E+01  0.4207E+02
   1.785  0.7378E+01  0.4214E+02
   1.795  0.7355E+01  0.4222E+02
   1.805  0.7332E+01  0.4229E+02
   1.815  0.7308E+01  0.4236E+02
   1.825  0.7284E+01  0.4244E+02
   1.835  0.7259E+01  0.4251E+02
   1.845  0.7235E+01  0.4258E+02
   1.855  0.7210E+01  0.4265E+02
   1.865  0.7184E+01  0.4273E+02
   1.875  0.7159E+01  0.4280E+02
   1.885  0.7133E+01  0.4287E+02
   1.895  0.7106E+01  0.4294E+02
   1.905  0.7080E+01  0.4301E+02
   1.915  0.7053E+01  0.4308E+02
   1.925  0.7025E+01  0.4315E+02
   1.935  0.6997E+01  0.4322E+02
   1.945  0.6969E+01  0.4329E+02
   1.955  0.6941E+01  0.4336E+02
   1.965  0.6912E+01  0.4343E+02
   1.975  0.6882E+01  0.4350E+02
   1.985  0.6852E+01  0.4357E+02
   1.995  0.6822E+01  0.4363E+02
   2.005  0.6791E+01  0.4370E+02
   2.015  0.6760E+01  0.4377E+02
   2.025  0.6728E+01  0.4384E+02
   2.035  0.6696E+01  0.4390E+02
   2.045  0.6663E+01  0.4397E+02
   2.055  0.6629E+01  0.4404E+02
   2.065  0.6595E+01  0.4410E+02
   2.075  0.6561E+01  0.4417E+02
   2.085  0.6525E+01  0.4423E+02
   2.095  0.6489E+01  0.4430E+02
   2.105  0.6453E+01  0.4436E+02
   2.115  0.6415E+01  0.4443E+02
   2.125  0.6377E+01  0.4449E+02
   2.135  0.6339E+01  0.4455E+02
   2.145  0.6299E+01  0.4462E+02
   2.155  0.6259E+01  0.4468E+02
   2.165  0.6217E+01  0.4474E+02
   2.175  0.6175E+01  0.4480E+02
   2.185  0.6133E+01  0.4487E+02
   2.195  0.6089E+01  0.4493E+02
   2.205  0.6044E+01  0.4499E+02
   2.215  0.5999E+01  0.4505E+02
   2.225  0.5952E+01  0.4511E+02
   2.235  0.5905E+01  0.4517E+02
   2.245  0.5857E+01  0.4522E+02
   2.255  0.5808E+01  0.4528E+02
   2.265  0.5758E+01  0.4534E+02
   2.275  0.5707E+01  0.4540E+02
   2.285  0.5655E+01  0.4545E+02
   2.295  0.5602E+01  0.4551E+02
   2.305  0.5548E+01  0.4556E+02
   2.315  0.5493E+01  0.4562E+02
   2.325  0.5437E+01  0.4567E+02
   2.335  0.5380E+01  0.4573E+02
   2.345  0.5322E+01  0.4578E+02
   2.355  0.5263E+01  0.4583E+02
   2.365  0.5204E+01  0.4589E+02
   2.375  0.5143E+01  0.4594E+02
   2.385  0.5082E+01  0.4599E+02
   2.395  0.5019E+01  0.4604E+02
   2.405  0.4956E+01  0.4609E+02
   2.415  0.4892E+01  0.4614E+02
   2.425  0.4827E+01  0.4618E+02
   2.435  0.4762E+01  0.4623E+02
   2.445  0.4695E+01  0.4628E+02
   2.455  0.4628E+01  0.4633E+02
   2.465  0.4560E+01  0.4637E+02
   2.475  0.4492E+01  0.4642E+02
   2.485  0.4422E+01  0.4646E+02
   2.495  0.4352E+01  0.4650E+02
   2.505  0.4282E+01  0.4655E+02
   2.515  0.4211E+01  0.4659E+02
   2.525  0.4140E+01  0.4663E+02
   2.535  0.4068E+01  0.4667E+02
   2.545  0.3996E+01  0.4671E+02
   2.555  0.3923E+01  0.4675E+02
   2.565  0.3850E+01  0.4679E+02
   2.575  0.3777E+01  0.4683E+02
   2.585  0.3704E+01  0.4686E+02
   2.595  0.3630E+01  0.4690E+02
   2.605  0.3557E+01  0.4694E+02
   2.615  0.3483E+01  0.4697E+02
   2.625  0.3410E+01  0.4700E+02
   2.635  0.3336E+01  0.4704E+02
   2.645  0.3262E+01  0.4707E+02
   2.655  0.3189E+01  0.4710E+02
   2.665  0.3116E+01  0.4713E+02
   2.675  0.3043E+01  0.4716E+02
   2.685  0.2970E+01  0.4719E+02
   2.695  0.2898E+01  0.4722E+02
   2.705  0.2826E+01  0.4725E+02
   2.715  0.2755E+01  0.4728E+02
   2.725  0.2684E+01  0.4731E+02
   2.735  0.2613E+01  0.4733E+02
   2.745  0.2544E+01  0.4736E+02
   2.755  0.2474E+01  0.4738E+02
   2.765  0.2406E+01  0.4741E+02
   2.775  0.2338E+01  0.4743E+02
   2.785  0.2271E+01  0.4745E+02
   2.795  0.2205E+01  0.4747E+02
   2.805  0.2139E+01  0.4750E+02
   2.815  0.2075E+01  0.4752E+02
   2.825  0.2011E+01  0.4754E+02
   2.835  0.1948E+01  0.4756E+02
   2.845  0.1886E+01  0.4757E+02
   2.855  0.1826E+01  0.4759E+02
   2.865  0.1766E+01  0.4761E+02
   2.875  0.1707E+01  0.4763E+02
   2.885  0.1649E+01  0.4764E+02
   2.895  0.1593E+01  0.4766E+02
   2.905  0.1537E+01  0.4768E+02
   2.915  0.1483E+01  0.4769E+02
   2.925  0.1430E+01  0.4770E+02
   2.935  0.1378E+01  0.4772E+02
   2.945  0.1327E+01  0.4773E+02
   2.955  0.1277E+01  0.4774E+02
   2.965  0.1229E+01  0.4776E+02
   2.975  0.1181E+01  0.4777E+02
   2.985  0.1135E+01  0.4778E+02
   2.995  0.1090E+01  0.4779E+02
   3.005  0.1046E+01  0.4780E+02
   3.015  0.1004E+01  0.4781E+02
   3.025  0.9623E+00  0.4782E+02
   3.035  0.9221E+00  0.4783E+02
   3.045  0.8831E+00  0.4784E+02
   3.055  0.8452E+00  0.4785E+02
   3.065  0.8085E+00  0.4786E+02
   3.075  0.7729E+00  0.4786E+02
   3.085  0.7385E+00  0.4787E+02
   3.095  0.7051E+00  0.4788E+02
   3.105  0.6730E+00  0.4788E+02
   3.115  0.6419E+00  0.4789E+02
   3.125  0.6118E+00  0.4790E+02
   3.135  0.5829E+00  0.4790E+02
   3.145  0.5550E+00  0.4791E+02
   3.155  0.5281E+00  0.4791E+02
   3.165  0.5022E+00  0.4792E+02
   3.175  0.4773E+00  0.4792E+02
   3.185  0.4534E+00  0.4793E+02
   3.195  0.4304E+00  0.4793E+02
   3.205  0.4083E+00  0.4794E+02
   3.215  0.3872E+00  0.4794E+02
   3.225  0.3669E+00  0.4794E+02
   3.235  0.3475E+00  0.4795E+02
   3.245  0.3289E+00  0.4795E+02
   3.255  0.3111E+00  0.4795E+02
   3.265  0.2941E+00  0.4796E+02
   3.275  0.2778E+00  0.4796E+02
   3.285  0.2623E+00  0.4796E+02
   3.295  0.2475E+00  0.4796E+02
   3.305  0.2334E+00  0.4797E+02
   3.315  0.2200E+00  0.4797E+02
   3.325  0.2072E+00  0.4797E+02
   3.335  0.1951E+00  0.4797E+02
   3.345  0.1835E+00  0.4797E+02
   3.355  0.1725E+00  0.4798E+02
   3.365  0.1621E+00  0.4798E+02
   3.375  0.1522E+00  0.4798E+02
   3.385  0.1429E+00  0.4798E+02
   3.395  0.1340E+00  0.4798E+02
   3.405  0.1256E+00  0.4798E+02
   3.415  0.1177E+00  0.4798E+02
   3.425  0.1101E+00  0.4799E+02
   3.435  0.1030E+00  0.4799E+02
   3.445  0.9635E-01  0.4799E+02
   3.455  0.9003E-01  0.4799E+02
   3.465  0.8407E-01  0.4799E+02
   3.475  0.7846E-01  0.4799E+02
   3.485  0.7318E-01  0.4799E+02
   3.495  0.6821E-01  0.4799E+02
   3.505  0.6354E-01  0.4799E+02
   3.515  0.5916E-01  0.4799E+02
   3.525  0.5504E-01  0.4799E+02
   3.535  0.5117E-01  0.4799E+02
   3.545  0.4755E-01  0.4799E+02
   3.555  0.4416E-01  0.4799E+02
   3.565  0.4098E-01  0.4800E+02
   3.575  0.3801E-01  0.4800E+02
   3.585  0.3523E-01  0.4800E+02
   3.595  0.3263E-01  0.4800E+02
   3.605  0.3021E-01  0.4800E+02
   3.615  0.2795E-01  0.4800E+02
   3.625  0.2584E-01  0.4800E+02
   3.635  0.2387E-01  0.4800E+02
   3.645  0.2204E-01  0.4800E+02
   3.655  0.2034E-01  0.4800E+02
   3.665  0.1876E-01  0.4800E+02
   3.675  0.1729E-01  0.4800E+02
   3.685  0.1593E-01  0.4800E+02
   3.695  0.1466E-01  0.4800E+02
   3.705  0.1349E-01  0.4800E+02
   3.715  0.1240E-01  0.4800E+02
   3.725  0.1139E-01  0.4800E+02
   3.735  0.1046E-01  0.4800E+02
   3.745  0.9595E-02  0.4800E+02
