#  E (eV)   dos(E)     Int dos(E) EFermi =   2.581 eV
 -17.384  0.6301E-05  0.6301E-07
 -17.374  0.8601E-05  0.1490E-06
 -17.364  0.1169E-04  0.2659E-06
 -17.354  0.1581E-04  0.4240E-06
 -17.344  0.2131E-04  0.6371E-06
 -17.334  0.2858E-04  0.9229E-06
 -17.324  0.3818E-04  0.1305E-05
 -17.314  0.5078E-04  0.1812E-05
 -17.304  0.6724E-04  0.2485E-05
 -17.294  0.8867E-04  0.3372E-05
 -17.284  0.1164E-03  0.4536E-05
 -17.274  0.1522E-03  0.6058E-05
 -17.264  0.1982E-03  0.8040E-05
 -17.254  0.2569E-03  0.1061E-04
 -17.244  0.3316E-03  0.1392E-04
 -17.234  0.4263E-03  0.1819E-04
 -17.224  0.5456E-03  0.2364E-04
 -17.214  0.6954E-03  0.3060E-04
 -17.204  0.8826E-03  0.3942E-04
 -17.194  0.1116E-02  0.5058E-04
 -17.184  0.1404E-02  0.6462E-04
 -17.174  0.1760E-02  0.8221E-04
 -17.164  0.2196E-02  0.1042E-03
 -17.154  0.2730E-02  0.1315E-03
 -17.144  0.3379E-02  0.1653E-03
 -17.134  0.4165E-02  0.2069E-03
 -17.124  0.5112E-02  0.2580E-03
 -17.114  0.6250E-02  0.3205E-03
 -17.104  0.7609E-02  0.3966E-03
 -17.094  0.9226E-02  0.4889E-03
 -17.084  0.1114E-01  0.6003E-03
 -17.074  0.1340E-01  0.7343E-03
 -17.064  0.1605E-01  0.8948E-03
 -17.054  0.1915E-01  0.1086E-02
 -17.044  0.2275E-01  0.1314E-02
 -17.034  0.2692E-01  0.1583E-02
 -17.024  0.3174E-01  0.1900E-02
 -17.014  0.3727E-01  0.2273E-02
 -17.004  0.4358E-01  0.2709E-02
 -16.994  0.5078E-01  0.3217E-02
 -16.984  0.5893E-01  0.3806E-02
 -16.974  0.6812E-01  0.4487E-02
 -16.964  0.7846E-01  0.5272E-02
 -16.954  0.9002E-01  0.6172E-02
 -16.944  0.1029E+00  0.7201E-02
 -16.934  0.1172E+00  0.8373E-02
 -16.924  0.1330E+00  0.9703E-02
 -16.914  0.1504E+00  0.1121E-01
 -16.904  0.1694E+00  0.1290E-01
 -16.894  0.1902E+00  0.1480E-01
 -16.884  0.2129E+00  0.1693E-01
 -16.874  0.2374E+00  0.1931E-01
 -16.864  0.2638E+00  0.2194E-01
 -16.854  0.2923E+00  0.2487E-01
 -16.844  0.3228E+00  0.2809E-01
 -16.834  0.3554E+00  0.3165E-01
 -16.824  0.3900E+00  0.3555E-01
 -16.814  0.4268E+00  0.3982E-01
 -16.804  0.4657E+00  0.4447E-01
 -16.794  0.5067E+00  0.4954E-01
 -16.784  0.5498E+00  0.5504E-01
 -16.774  0.5950E+00  0.6099E-01
 -16.764  0.6423E+00  0.6741E-01
 -16.754  0.6916E+00  0.7433E-01
 -16.744  0.7430E+00  0.8176E-01
 -16.734  0.7962E+00  0.8972E-01
 -16.724  0.8515E+00  0.9824E-01
 -16.714  0.9086E+00  0.1073E+00
 -16.704  0.9676E+00  0.1170E+00
 -16.694  0.1028E+01  0.1273E+00
 -16.684  0.1091E+01  0.1382E+00
 -16.674  0.1155E+01  0.1497E+00
 -16.664  0.1222E+01  0.1620E+00
 -16.654  0.1289E+01  0.1749E+00
 -16.644  0.1359E+01  0.1884E+00
 -16.634  0.1430E+01  0.2027E+00
 -16.624  0.1503E+01  0.2178E+00
 -16.614  0.1578E+01  0.2336E+00
 -16.604  0.1654E+01  0.2501E+00
 -16.594  0.1732E+01  0.2674E+00
 -16.584  0.1812E+01  0.2855E+00
 -16.574  0.1893E+01  0.3045E+00
 -16.564  0.1977E+01  0.3242E+00
 -16.554  0.2062E+01  0.3448E+00
 -16.544  0.2148E+01  0.3663E+00
 -16.534  0.2237E+01  0.3887E+00
 -16.524  0.2327E+01  0.4120E+00
 -16.514  0.2419E+01  0.4362E+00
 -16.504  0.2512E+01  0.4613E+00
 -16.494  0.2607E+01  0.4874E+00
 -16.484  0.2703E+01  0.5144E+00
 -16.474  0.2800E+01  0.5424E+00
 -16.464  0.2898E+01  0.5714E+00
 -16.454  0.2996E+01  0.6013E+00
 -16.444  0.3095E+01  0.6323E+00
 -16.434  0.3193E+01  0.6642E+00
 -16.424  0.3290E+01  0.6971E+00
 -16.414  0.3386E+01  0.7310E+00
 -16.404  0.3481E+01  0.7658E+00
 -16.394  0.3572E+01  0.8015E+00
 -16.384  0.3660E+01  0.8381E+00
 -16.374  0.3744E+01  0.8755E+00
 -16.364  0.3824E+01  0.9138E+00
 -16.354  0.3897E+01  0.9528E+00
 -16.344  0.3965E+01  0.9924E+00
 -16.334  0.4025E+01  0.1033E+01
 -16.324  0.4078E+01  0.1073E+01
 -16.314  0.4122E+01  0.1115E+01
 -16.304  0.4157E+01  0.1156E+01
 -16.294  0.4183E+01  0.1198E+01
 -16.284  0.4199E+01  0.1240E+01
 -16.274  0.4205E+01  0.1282E+01
 -16.264  0.4201E+01  0.1324E+01
 -16.254  0.4187E+01  0.1366E+01
 -16.244  0.4163E+01  0.1408E+01
 -16.234  0.4130E+01  0.1449E+01
 -16.224  0.4088E+01  0.1490E+01
 -16.214  0.4037E+01  0.1530E+01
 -16.204  0.3979E+01  0.1570E+01
 -16.194  0.3914E+01  0.1609E+01
 -16.184  0.3844E+01  0.1648E+01
 -16.174  0.3769E+01  0.1685E+01
 -16.164  0.3691E+01  0.1722E+01
 -16.154  0.3611E+01  0.1758E+01
 -16.144  0.3530E+01  0.1794E+01
 -16.134  0.3451E+01  0.1828E+01
 -16.124  0.3373E+01  0.1862E+01
 -16.114  0.3298E+01  0.1895E+01
 -16.104  0.3228E+01  0.1927E+01
 -16.094  0.3164E+01  0.1959E+01
 -16.084  0.3106E+01  0.1990E+01
 -16.074  0.3055E+01  0.2020E+01
 -16.064  0.3013E+01  0.2050E+01
 -16.054  0.2980E+01  0.2080E+01
 -16.044  0.2956E+01  0.2110E+01
 -16.034  0.2942E+01  0.2139E+01
 -16.024  0.2938E+01  0.2169E+01
 -16.014  0.2944E+01  0.2198E+01
 -16.004  0.2959E+01  0.2228E+01
 -15.994  0.2984E+01  0.2257E+01
 -15.984  0.3017E+01  0.2288E+01
 -15.974  0.3058E+01  0.2318E+01
 -15.964  0.3107E+01  0.2349E+01
 -15.954  0.3163E+01  0.2381E+01
 -15.944  0.3223E+01  0.2413E+01
 -15.934  0.3289E+01  0.2446E+01
 -15.924  0.3357E+01  0.2480E+01
 -15.914  0.3428E+01  0.2514E+01
 -15.904  0.3499E+01  0.2549E+01
 -15.894  0.3570E+01  0.2585E+01
 -15.884  0.3640E+01  0.2621E+01
 -15.874  0.3706E+01  0.2658E+01
 -15.864  0.3769E+01  0.2696E+01
 -15.854  0.3827E+01  0.2734E+01
 -15.844  0.3878E+01  0.2773E+01
 -15.834  0.3922E+01  0.2812E+01
 -15.824  0.3959E+01  0.2852E+01
 -15.814  0.3987E+01  0.2891E+01
 -15.804  0.4006E+01  0.2932E+01
 -15.794  0.4016E+01  0.2972E+01
 -15.784  0.4015E+01  0.3012E+01
 -15.774  0.4005E+01  0.3052E+01
 -15.764  0.3985E+01  0.3092E+01
 -15.754  0.3955E+01  0.3131E+01
 -15.744  0.3916E+01  0.3170E+01
 -15.734  0.3867E+01  0.3209E+01
 -15.724  0.3809E+01  0.3247E+01
 -15.714  0.3744E+01  0.3285E+01
 -15.704  0.3671E+01  0.3321E+01
 -15.694  0.3592E+01  0.3357E+01
 -15.684  0.3507E+01  0.3392E+01
 -15.674  0.3417E+01  0.3427E+01
 -15.664  0.3324E+01  0.3460E+01
 -15.654  0.3227E+01  0.3492E+01
 -15.644  0.3129E+01  0.3523E+01
 -15.634  0.3030E+01  0.3554E+01
 -15.624  0.2932E+01  0.3583E+01
 -15.614  0.2835E+01  0.3611E+01
 -15.604  0.2740E+01  0.3639E+01
 -15.594  0.2649E+01  0.3665E+01
 -15.584  0.2563E+01  0.3691E+01
 -15.574  0.2481E+01  0.3716E+01
 -15.564  0.2406E+01  0.3740E+01
 -15.554  0.2338E+01  0.3763E+01
 -15.544  0.2278E+01  0.3786E+01
 -15.534  0.2227E+01  0.3808E+01
 -15.524  0.2185E+01  0.3830E+01
 -15.514  0.2152E+01  0.3851E+01
 -15.504  0.2130E+01  0.3873E+01
 -15.494  0.2118E+01  0.3894E+01
 -15.484  0.2117E+01  0.3915E+01
 -15.474  0.2127E+01  0.3936E+01
 -15.464  0.2147E+01  0.3958E+01
 -15.454  0.2179E+01  0.3980E+01
 -15.444  0.2221E+01  0.4002E+01
 -15.434  0.2274E+01  0.4025E+01
 -15.424  0.2336E+01  0.4048E+01
 -15.414  0.2408E+01  0.4072E+01
 -15.404  0.2487E+01  0.4097E+01
 -15.394  0.2575E+01  0.4123E+01
 -15.384  0.2669E+01  0.4149E+01
 -15.374  0.2768E+01  0.4177E+01
 -15.364  0.2871E+01  0.4206E+01
 -15.354  0.2978E+01  0.4236E+01
 -15.344  0.3086E+01  0.4266E+01
 -15.334  0.3195E+01  0.4298E+01
 -15.324  0.3303E+01  0.4331E+01
 -15.314  0.3408E+01  0.4365E+01
 -15.304  0.3510E+01  0.4401E+01
 -15.294  0.3607E+01  0.4437E+01
 -15.284  0.3698E+01  0.4474E+01
 -15.274  0.3782E+01  0.4511E+01
 -15.264  0.3858E+01  0.4550E+01
 -15.254  0.3924E+01  0.4589E+01
 -15.244  0.3981E+01  0.4629E+01
 -15.234  0.4027E+01  0.4669E+01
 -15.224  0.4063E+01  0.4710E+01
 -15.214  0.4087E+01  0.4751E+01
 -15.204  0.4100E+01  0.4792E+01
 -15.194  0.4102E+01  0.4833E+01
 -15.184  0.4093E+01  0.4874E+01
 -15.174  0.4073E+01  0.4915E+01
 -15.164  0.4043E+01  0.4955E+01
 -15.154  0.4004E+01  0.4995E+01
 -15.144  0.3956E+01  0.5035E+01
 -15.134  0.3899E+01  0.5074E+01
 -15.124  0.3836E+01  0.5112E+01
 -15.114  0.3767E+01  0.5150E+01
 -15.104  0.3693E+01  0.5187E+01
 -15.094  0.3616E+01  0.5223E+01
 -15.084  0.3537E+01  0.5258E+01
 -15.074  0.3457E+01  0.5293E+01
 -15.064  0.3378E+01  0.5326E+01
 -15.054  0.3301E+01  0.5359E+01
 -15.044  0.3227E+01  0.5392E+01
 -15.034  0.3160E+01  0.5423E+01
 -15.024  0.3099E+01  0.5454E+01
 -15.014  0.3047E+01  0.5485E+01
 -15.004  0.3006E+01  0.5515E+01
 -14.994  0.2977E+01  0.5545E+01
 -14.984  0.2963E+01  0.5574E+01
 -14.974  0.2966E+01  0.5604E+01
 -14.964  0.2987E+01  0.5634E+01
 -14.954  0.3028E+01  0.5664E+01
 -14.944  0.3092E+01  0.5695E+01
 -14.934  0.3180E+01  0.5727E+01
 -14.924  0.3295E+01  0.5760E+01
 -14.914  0.3438E+01  0.5794E+01
 -14.904  0.3611E+01  0.5830E+01
 -14.894  0.3817E+01  0.5868E+01
 -14.884  0.4055E+01  0.5909E+01
 -14.874  0.4327E+01  0.5952E+01
 -14.864  0.4635E+01  0.5998E+01
 -14.854  0.4978E+01  0.6048E+01
 -14.844  0.5356E+01  0.6102E+01
 -14.834  0.5770E+01  0.6160E+01
 -14.824  0.6218E+01  0.6222E+01
 -14.814  0.6699E+01  0.6289E+01
 -14.804  0.7210E+01  0.6361E+01
 -14.794  0.7750E+01  0.6438E+01
 -14.784  0.8314E+01  0.6521E+01
 -14.774  0.8899E+01  0.6610E+01
 -14.764  0.9500E+01  0.6705E+01
 -14.754  0.1011E+02  0.6807E+01
 -14.744  0.1073E+02  0.6914E+01
 -14.734  0.1135E+02  0.7027E+01
 -14.724  0.1196E+02  0.7147E+01
 -14.714  0.1256E+02  0.7273E+01
 -14.704  0.1314E+02  0.7404E+01
 -14.694  0.1369E+02  0.7541E+01
 -14.684  0.1421E+02  0.7683E+01
 -14.674  0.1469E+02  0.7830E+01
 -14.664  0.1512E+02  0.7981E+01
 -14.654  0.1550E+02  0.8136E+01
 -14.644  0.1583E+02  0.8294E+01
 -14.634  0.1609E+02  0.8455E+01
 -14.624  0.1628E+02  0.8618E+01
 -14.614  0.1641E+02  0.8782E+01
 -14.604  0.1646E+02  0.8947E+01
 -14.594  0.1645E+02  0.9111E+01
 -14.584  0.1636E+02  0.9275E+01
 -14.574  0.1620E+02  0.9437E+01
 -14.564  0.1597E+02  0.9597E+01
 -14.554  0.1568E+02  0.9753E+01
 -14.544  0.1532E+02  0.9907E+01
 -14.534  0.1490E+02  0.1006E+02
 -14.524  0.1443E+02  0.1020E+02
 -14.514  0.1392E+02  0.1034E+02
 -14.504  0.1336E+02  0.1047E+02
 -14.494  0.1277E+02  0.1060E+02
 -14.484  0.1214E+02  0.1072E+02
 -14.474  0.1150E+02  0.1084E+02
 -14.464  0.1084E+02  0.1095E+02
 -14.454  0.1018E+02  0.1105E+02
 -14.444  0.9507E+01  0.1114E+02
 -14.434  0.8842E+01  0.1123E+02
 -14.424  0.8187E+01  0.1131E+02
 -14.414  0.7546E+01  0.1139E+02
 -14.404  0.6923E+01  0.1146E+02
 -14.394  0.6324E+01  0.1152E+02
 -14.384  0.5750E+01  0.1158E+02
 -14.374  0.5204E+01  0.1163E+02
 -14.364  0.4689E+01  0.1168E+02
 -14.354  0.4206E+01  0.1172E+02
 -14.344  0.3755E+01  0.1176E+02
 -14.334  0.3337E+01  0.1179E+02
 -14.324  0.2953E+01  0.1182E+02
 -14.314  0.2601E+01  0.1185E+02
 -14.304  0.2280E+01  0.1187E+02
 -14.294  0.1990E+01  0.1189E+02
 -14.284  0.1729E+01  0.1191E+02
 -14.274  0.1495E+01  0.1192E+02
 -14.264  0.1287E+01  0.1193E+02
 -14.254  0.1103E+01  0.1194E+02
 -14.244  0.9407E+00  0.1195E+02
 -14.234  0.7987E+00  0.1196E+02
 -14.224  0.6751E+00  0.1197E+02
 -14.214  0.5680E+00  0.1197E+02
 -14.204  0.4757E+00  0.1198E+02
 -14.194  0.3966E+00  0.1198E+02
 -14.184  0.3291E+00  0.1199E+02
 -14.174  0.2718E+00  0.1199E+02
 -14.164  0.2235E+00  0.1199E+02
 -14.154  0.1830E+00  0.1199E+02
 -14.144  0.1491E+00  0.1199E+02
 -14.134  0.1209E+00  0.1200E+02
 -14.124  0.9758E-01  0.1200E+02
 -14.114  0.7841E-01  0.1200E+02
 -14.104  0.6272E-01  0.1200E+02
 -14.094  0.4994E-01  0.1200E+02
 -14.084  0.3958E-01  0.1200E+02
 -14.074  0.3122E-01  0.1200E+02
 -14.064  0.2451E-01  0.1200E+02
 -14.054  0.1916E-01  0.1200E+02
 -14.044  0.1491E-01  0.1200E+02
 -14.034  0.1155E-01  0.1200E+02
 -14.024  0.8900E-02  0.1200E+02
 -14.014  0.6829E-02  0.1200E+02
 -14.004  0.5215E-02  0.1200E+02
 -13.994  0.3965E-02  0.1200E+02
 -13.984  0.3000E-02  0.1200E+02
 -13.974  0.2260E-02  0.1200E+02
 -13.964  0.1694E-02  0.1200E+02
 -13.954  0.1264E-02  0.1200E+02
 -13.944  0.9393E-03  0.1200E+02
 -13.934  0.6945E-03  0.1200E+02
 -13.924  0.5111E-03  0.1200E+02
 -13.914  0.3744E-03  0.1200E+02
 -13.904  0.2730E-03  0.1200E+02
 -13.894  0.1982E-03  0.1200E+02
 -13.884  0.1432E-03  0.1200E+02
 -13.874  0.1029E-03  0.1200E+02
 -13.864  0.7368E-04  0.1200E+02
 -13.854  0.5249E-04  0.1200E+02
 -13.844  0.3722E-04  0.1200E+02
 -13.834  0.2627E-04  0.1200E+02
 -13.824  0.1846E-04  0.1200E+02
 -13.814  0.1291E-04  0.1200E+02
 -13.804  0.8985E-05  0.1200E+02
 -13.794  0.6225E-05  0.1200E+02
 -13.784  0.4292E-05  0.1200E+02
 -13.774  0.2946E-05  0.1200E+02
 -13.764  0.2013E-05  0.1200E+02
 -13.754  0.1369E-05  0.1200E+02
 -13.744  0.9265E-06  0.1200E+02
 -13.734  0.6242E-06  0.1200E+02
 -13.724  0.4186E-06  0.1200E+02
 -13.714  0.2794E-06  0.1200E+02
 -13.704  0.1856E-06  0.1200E+02
 -13.694  0.1227E-06  0.1200E+02
 -13.684  0.8077E-07  0.1200E+02
 -13.674  0.5292E-07  0.1200E+02
 -13.664  0.3450E-07  0.1200E+02
 -13.654  0.2239E-07  0.1200E+02
 -13.644  0.1447E-07  0.1200E+02
 -13.634  0.9301E-08  0.1200E+02
 -13.624  0.5952E-08  0.1200E+02
 -13.614  0.3792E-08  0.1200E+02
 -13.604  0.2404E-08  0.1200E+02
 -13.594  0.1517E-08  0.1200E+02
 -13.584  0.9529E-09  0.1200E+02
 -13.574  0.5957E-09  0.1200E+02
 -13.564  0.3707E-09  0.1200E+02
 -13.554  0.2296E-09  0.1200E+02
 -13.544  0.1415E-09  0.1200E+02
 -13.534  0.8685E-10  0.1200E+02
 -13.524  0.5304E-10  0.1200E+02
 -13.514  0.3224E-10  0.1200E+02
 -13.504  0.1951E-10  0.1200E+02
 -13.494  0.1175E-10  0.1200E+02
 -13.484  0.7041E-11  0.1200E+02
 -13.474  0.4200E-11  0.1200E+02
 -13.464  0.2494E-11  0.1200E+02
 -13.454  0.1474E-11  0.1200E+02
 -13.444  0.8671E-12  0.1200E+02
 -13.434  0.5077E-12  0.1200E+02
 -13.424  0.2959E-12  0.1200E+02
 -13.414  0.1716E-12  0.1200E+02
 -13.404  0.9907E-13  0.1200E+02
 -13.394  0.5693E-13  0.1200E+02
 -13.384  0.3256E-13  0.1200E+02
 -13.374  0.1853E-13  0.1200E+02
 -13.364  0.1050E-13  0.1200E+02
 -13.354  0.5921E-14  0.1200E+02
 -13.344  0.3323E-14  0.1200E+02
 -13.334  0.1857E-14  0.1200E+02
 -13.324  0.1032E-14  0.1200E+02
 -13.314  0.5713E-15  0.1200E+02
 -13.304  0.3147E-15  0.1200E+02
 -13.294  0.1725E-15  0.1200E+02
 -13.284  0.9414E-16  0.1200E+02
 -13.274  0.5113E-16  0.1200E+02
 -13.264  0.2764E-16  0.1200E+02
 -13.254  0.1487E-16  0.1200E+02
 -13.244  0.7963E-17  0.1200E+02
 -13.234  0.4244E-17  0.1200E+02
 -13.224  0.2252E-17  0.1200E+02
 -13.214  0.1189E-17  0.1200E+02
 -13.204  0.6248E-18  0.1200E+02
 -13.194  0.3268E-18  0.1200E+02
 -13.184  0.1701E-18  0.1200E+02
 -13.174  0.8815E-19  0.1200E+02
 -13.164  0.4546E-19  0.1200E+02
 -13.154  0.2334E-19  0.1200E+02
 -13.144  0.1192E-19  0.1200E+02
 -13.134  0.6062E-20  0.1200E+02
 -13.124  0.3068E-20  0.1200E+02
 -13.114  0.1545E-20  0.1200E+02
 -13.104  0.7748E-21  0.1200E+02
 -13.094  0.3866E-21  0.1200E+02
 -13.084  0.1920E-21  0.1200E+02
 -13.074  0.9491E-22  0.1200E+02
 -13.064  0.4670E-22  0.1200E+02
 -13.054  0.2287E-22  0.1200E+02
 -13.044  0.1114E-22  0.1200E+02
 -13.034  0.5406E-23  0.1200E+02
 -13.024  0.2610E-23  0.1200E+02
 -13.014  0.1254E-23  0.1200E+02
 -13.004  0.5998E-24  0.1200E+02
 -12.994  0.2855E-24  0.1200E+02
 -12.984  0.1353E-24  0.1200E+02
 -12.974  0.6379E-25  0.1200E+02
 -12.964  0.2994E-25  0.1200E+02
 -12.954  0.1398E-25  0.1200E+02
 -12.944  0.6501E-26  0.1200E+02
 -12.934  0.3008E-26  0.1200E+02
 -12.924  0.1386E-26  0.1200E+02
 -12.914  0.6351E-27  0.1200E+02
 -12.904  0.2897E-27  0.1200E+02
 -12.894  0.1316E-27  0.1200E+02
 -12.884  0.5946E-28  0.1200E+02
 -12.874  0.2674E-28  0.1200E+02
 -12.864  0.1197E-28  0.1200E+02
 -12.854  0.5335E-29  0.1200E+02
 -12.844  0.2366E-29  0.1200E+02
 -12.834  0.1044E-29  0.1200E+02
 -12.824  0.4587E-30  0.1200E+02
 -12.814  0.2006E-30  0.1200E+02
 -12.804  0.8728E-31  0.1200E+02
 -12.794  0.3780E-31  0.1200E+02
 -12.784  0.1630E-31  0.1200E+02
 -12.774  0.6991E-32  0.1200E+02
 -12.764  0.2985E-32  0.1200E+02
 -12.754  0.1269E-32  0.1200E+02
 -12.744  0.5367E-33  0.1200E+02
 -12.734  0.2260E-33  0.1200E+02
 -12.724  0.9468E-34  0.1200E+02
 -12.714  0.3948E-34  0.1200E+02
 -12.704  0.1639E-34  0.1200E+02
 -12.694  0.6770E-35  0.1200E+02
 -12.684  0.2784E-35  0.1200E+02
 -12.674  0.1139E-35  0.1200E+02
 -12.664  0.4639E-36  0.1200E+02
 -12.654  0.1881E-36  0.1200E+02
 -12.644  0.7587E-37  0.1200E+02
 -12.634  0.3047E-37  0.1200E+02
 -12.624  0.1218E-37  0.1200E+02
 -12.614  0.4843E-38  0.1200E+02
 -12.604  0.1917E-38  0.1200E+02
 -12.594  0.7554E-39  0.1200E+02
 -12.584  0.2962E-39  0.1200E+02
 -12.574  0.1156E-39  0.1200E+02
 -12.564  0.4491E-40  0.1200E+02
 -12.554  0.1736E-40  0.1200E+02
 -12.544  0.6680E-41  0.1200E+02
 -12.534  0.2558E-41  0.1200E+02
 -12.524  0.9751E-42  0.1200E+02
 -12.514  0.3699E-42  0.1200E+02
 -12.504  0.1397E-42  0.1200E+02
 -12.494  0.5248E-43  0.1200E+02
 -12.484  0.1963E-43  0.1200E+02
 -12.474  0.7306E-44  0.1200E+02
 -12.464  0.2707E-44  0.1200E+02
 -12.454  0.9979E-45  0.1200E+02
 -12.444  0.3662E-45  0.1200E+02
 -12.434  0.1337E-45  0.1200E+02
 -12.424  0.4862E-46  0.1200E+02
 -12.414  0.1759E-46  0.1200E+02
 -12.404  0.6333E-47  0.1200E+02
 -12.394  0.2270E-47  0.1200E+02
 -12.384  0.8095E-48  0.1200E+02
 -12.374  0.2874E-48  0.1200E+02
 -12.364  0.1015E-48  0.1200E+02
 -12.354  0.3570E-49  0.1200E+02
 -12.344  0.1249E-49  0.1200E+02
 -12.334  0.4351E-50  0.1200E+02
 -12.324  0.1508E-50  0.1200E+02
 -12.314  0.5204E-51  0.1200E+02
 -12.304  0.1787E-51  0.1200E+02
 -12.294  0.6107E-52  0.1200E+02
 -12.284  0.2077E-52  0.1200E+02
 -12.274  0.7032E-53  0.1200E+02
 -12.264  0.2369E-53  0.1200E+02
 -12.254  0.7944E-54  0.1200E+02
 -12.244  0.2651E-54  0.1200E+02
 -12.234  0.8806E-55  0.1200E+02
 -12.224  0.2911E-55  0.1200E+02
 -12.214  0.9578E-56  0.1200E+02
 -12.204  0.3136E-56  0.1200E+02
 -12.194  0.1022E-56  0.1200E+02
 -12.184  0.3315E-57  0.1200E+02
 -12.174  0.1070E-57  0.1200E+02
 -12.164  0.3438E-58  0.1200E+02
 -12.154  0.1099E-58  0.1200E+02
 -12.144  0.3499E-59  0.1200E+02
 -12.134  0.1108E-59  0.1200E+02
 -12.124  0.3493E-60  0.1200E+02
 -12.114  0.1096E-60  0.1200E+02
 -12.104  0.3422E-61  0.1200E+02
 -12.094  0.1064E-61  0.1200E+02
 -12.084  0.3289E-62  0.1200E+02
 -12.074  0.1013E-62  0.1200E+02
 -12.064  0.3102E-63  0.1200E+02
 -12.054  0.9458E-64  0.1200E+02
 -12.044  0.2870E-64  0.1200E+02
 -12.034  0.8669E-65  0.1200E+02
 -12.024  0.2606E-65  0.1200E+02
 -12.014  0.7796E-66  0.1200E+02
 -12.004  0.2321E-66  0.1200E+02
 -11.994  0.6878E-67  0.1200E+02
 -11.984  0.2028E-67  0.1200E+02
 -11.974  0.5954E-68  0.1200E+02
 -11.964  0.1739E-68  0.1200E+02
 -11.954  0.5057E-69  0.1200E+02
 -11.944  0.1463E-69  0.1200E+02
 -11.934  0.4214E-70  0.1200E+02
 -11.924  0.1208E-70  0.1200E+02
 -11.914  0.3445E-71  0.1200E+02
 -11.904  0.9782E-72  0.1200E+02
 -11.894  0.2764E-72  0.1200E+02
 -11.884  0.7772E-73  0.1200E+02
 -11.874  0.2175E-73  0.1200E+02
 -11.864  0.6059E-74  0.1200E+02
 -11.854  0.1680E-74  0.1200E+02
 -11.844  0.4635E-75  0.1200E+02
 -11.834  0.1273E-75  0.1200E+02
 -11.824  0.3478E-76  0.1200E+02
 -11.814  0.9460E-77  0.1200E+02
 -11.804  0.2561E-77  0.1200E+02
 -11.794  0.6899E-78  0.1200E+02
 -11.784  0.1850E-78  0.1200E+02
 -11.774  0.4937E-79  0.1200E+02
 -11.764  0.1311E-79  0.1200E+02
 -11.754  0.3466E-80  0.1200E+02
 -11.744  0.9118E-81  0.1200E+02
 -11.734  0.2389E-81  0.1200E+02
 -11.724  0.6237E-82  0.1200E+02
 -11.714  0.1630E-82  0.1200E+02
 -11.704  0.4335E-83  0.1200E+02
 -11.694  0.1243E-83  0.1200E+02
 -11.684  0.4493E-84  0.1200E+02
 -11.674  0.2482E-84  0.1200E+02
 -11.664  0.1986E-84  0.1200E+02
 -11.654  0.1866E-84  0.1200E+02
 -11.644  0.1840E-84  0.1200E+02
 -11.634  0.1837E-84  0.1200E+02
 -11.624  0.1836E-84  0.1200E+02
 -11.614  0.1836E-84  0.1200E+02
 -11.604  0.1836E-84  0.1200E+02
 -11.594  0.1836E-84  0.1200E+02
 -11.584  0.1836E-84  0.1200E+02
 -11.574  0.1836E-84  0.1200E+02
 -11.564  0.1836E-84  0.1200E+02
 -11.554  0.1836E-84  0.1200E+02
 -11.544  0.1836E-84  0.1200E+02
 -11.534  0.1836E-84  0.1200E+02
 -11.524  0.1836E-84  0.1200E+02
 -11.514  0.1836E-84  0.1200E+02
 -11.504  0.1836E-84  0.1200E+02
 -11.494  0.1836E-84  0.1200E+02
 -11.484  0.1836E-84  0.1200E+02
 -11.474  0.1836E-84  0.1200E+02
 -11.464  0.1836E-84  0.1200E+02
 -11.454  0.1836E-84  0.1200E+02
 -11.444  0.1836E-84  0.1200E+02
 -11.434  0.1836E-84  0.1200E+02
 -11.424  0.1836E-84  0.1200E+02
 -11.414  0.1836E-84  0.1200E+02
 -11.404  0.1836E-84  0.1200E+02
 -11.394  0.1836E-84  0.1200E+02
 -11.384  0.1836E-84  0.1200E+02
 -11.374  0.1836E-84  0.1200E+02
 -11.364  0.1836E-84  0.1200E+02
 -11.354  0.1836E-84  0.1200E+02
 -11.344  0.1836E-84  0.1200E+02
 -11.334  0.1836E-84  0.1200E+02
 -11.324  0.1836E-84  0.1200E+02
 -11.314  0.1836E-84  0.1200E+02
 -11.304  0.1836E-84  0.1200E+02
 -11.294  0.1836E-84  0.1200E+02
 -11.284  0.1836E-84  0.1200E+02
 -11.274  0.1836E-84  0.1200E+02
 -11.264  0.1836E-84  0.1200E+02
 -11.254  0.1836E-84  0.1200E+02
 -11.244  0.1836E-84  0.1200E+02
 -11.234  0.1836E-84  0.1200E+02
 -11.224  0.1836E-84  0.1200E+02
 -11.214  0.1836E-84  0.1200E+02
 -11.204  0.1836E-84  0.1200E+02
 -11.194  0.1836E-84  0.1200E+02
 -11.184  0.1836E-84  0.1200E+02
 -11.174  0.1836E-84  0.1200E+02
 -11.164  0.1836E-84  0.1200E+02
 -11.154  0.1836E-84  0.1200E+02
 -11.144  0.1836E-84  0.1200E+02
 -11.134  0.1836E-84  0.1200E+02
 -11.124  0.1836E-84  0.1200E+02
 -11.114  0.1836E-84  0.1200E+02
 -11.104  0.1836E-84  0.1200E+02
 -11.094  0.1836E-84  0.1200E+02
 -11.084  0.1836E-84  0.1200E+02
 -11.074  0.1836E-84  0.1200E+02
 -11.064  0.1836E-84  0.1200E+02
 -11.054  0.1836E-84  0.1200E+02
 -11.044  0.1836E-84  0.1200E+02
 -11.034  0.1836E-84  0.1200E+02
 -11.024  0.1836E-84  0.1200E+02
 -11.014  0.1836E-84  0.1200E+02
 -11.004  0.1836E-84  0.1200E+02
 -10.994  0.1836E-84  0.1200E+02
 -10.984  0.1836E-84  0.1200E+02
 -10.974  0.1836E-84  0.1200E+02
 -10.964  0.1836E-84  0.1200E+02
 -10.954  0.1836E-84  0.1200E+02
 -10.944  0.1836E-84  0.1200E+02
 -10.934  0.1836E-84  0.1200E+02
 -10.924  0.1836E-84  0.1200E+02
 -10.914  0.1836E-84  0.1200E+02
 -10.904  0.1836E-84  0.1200E+02
 -10.894  0.1836E-84  0.1200E+02
 -10.884  0.1836E-84  0.1200E+02
 -10.874  0.1836E-84  0.1200E+02
 -10.864  0.1836E-84  0.1200E+02
 -10.854  0.1836E-84  0.1200E+02
 -10.844  0.1836E-84  0.1200E+02
 -10.834  0.1836E-84  0.1200E+02
 -10.824  0.1836E-84  0.1200E+02
 -10.814  0.1836E-84  0.1200E+02
 -10.804  0.1836E-84  0.1200E+02
 -10.794  0.1836E-84  0.1200E+02
 -10.784  0.1836E-84  0.1200E+02
 -10.774  0.1836E-84  0.1200E+02
 -10.764  0.1836E-84  0.1200E+02
 -10.754  0.1836E-84  0.1200E+02
 -10.744  0.1836E-84  0.1200E+02
 -10.734  0.1836E-84  0.1200E+02
 -10.724  0.1836E-84  0.1200E+02
 -10.714  0.1836E-84  0.1200E+02
 -10.704  0.1836E-84  0.1200E+02
 -10.694  0.1836E-84  0.1200E+02
 -10.684  0.1836E-84  0.1200E+02
 -10.674  0.1836E-84  0.1200E+02
 -10.664  0.1836E-84  0.1200E+02
 -10.654  0.1836E-84  0.1200E+02
 -10.644  0.1836E-84  0.1200E+02
 -10.634  0.1836E-84  0.1200E+02
 -10.624  0.1836E-84  0.1200E+02
 -10.614  0.1836E-84  0.1200E+02
 -10.604  0.1836E-84  0.1200E+02
 -10.594  0.1836E-84  0.1200E+02
 -10.584  0.1836E-84  0.1200E+02
 -10.574  0.1836E-84  0.1200E+02
 -10.564  0.1836E-84  0.1200E+02
 -10.554  0.1836E-84  0.1200E+02
 -10.544  0.1836E-84  0.1200E+02
 -10.534  0.1836E-84  0.1200E+02
 -10.524  0.1836E-84  0.1200E+02
 -10.514  0.1836E-84  0.1200E+02
 -10.504  0.1836E-84  0.1200E+02
 -10.494  0.1836E-84  0.1200E+02
 -10.484  0.1836E-84  0.1200E+02
 -10.474  0.1836E-84  0.1200E+02
 -10.464  0.1836E-84  0.1200E+02
 -10.454  0.1836E-84  0.1200E+02
 -10.444  0.1836E-84  0.1200E+02
 -10.434  0.1836E-84  0.1200E+02
 -10.424  0.1836E-84  0.1200E+02
 -10.414  0.1836E-84  0.1200E+02
 -10.404  0.1836E-84  0.1200E+02
 -10.394  0.1836E-84  0.1200E+02
 -10.384  0.1836E-84  0.1200E+02
 -10.374  0.1836E-84  0.1200E+02
 -10.364  0.1836E-84  0.1200E+02
 -10.354  0.1836E-84  0.1200E+02
 -10.344  0.1836E-84  0.1200E+02
 -10.334  0.1836E-84  0.1200E+02
 -10.324  0.1836E-84  0.1200E+02
 -10.314  0.1836E-84  0.1200E+02
 -10.304  0.1836E-84  0.1200E+02
 -10.294  0.1836E-84  0.1200E+02
 -10.284  0.1836E-84  0.1200E+02
 -10.274  0.1836E-84  0.1200E+02
 -10.264  0.1836E-84  0.1200E+02
 -10.254  0.1836E-84  0.1200E+02
 -10.244  0.1836E-84  0.1200E+02
 -10.234  0.1836E-84  0.1200E+02
 -10.224  0.1836E-84  0.1200E+02
 -10.214  0.1836E-84  0.1200E+02
 -10.204  0.1836E-84  0.1200E+02
 -10.194  0.1836E-84  0.1200E+02
 -10.184  0.1836E-84  0.1200E+02
 -10.174  0.1836E-84  0.1200E+02
 -10.164  0.1836E-84  0.1200E+02
 -10.154  0.1836E-84  0.1200E+02
 -10.144  0.1836E-84  0.1200E+02
 -10.134  0.1836E-84  0.1200E+02
 -10.124  0.1836E-84  0.1200E+02
 -10.114  0.1836E-84  0.1200E+02
 -10.104  0.1836E-84  0.1200E+02
 -10.094  0.1836E-84  0.1200E+02
 -10.084  0.1836E-84  0.1200E+02
 -10.074  0.1836E-84  0.1200E+02
 -10.064  0.1836E-84  0.1200E+02
 -10.054  0.1836E-84  0.1200E+02
 -10.044  0.1836E-84  0.1200E+02
 -10.034  0.1836E-84  0.1200E+02
 -10.024  0.1836E-84  0.1200E+02
 -10.014  0.1836E-84  0.1200E+02
 -10.004  0.1836E-84  0.1200E+02
  -9.994  0.1836E-84  0.1200E+02
  -9.984  0.1836E-84  0.1200E+02
  -9.974  0.1836E-84  0.1200E+02
  -9.964  0.1836E-84  0.1200E+02
  -9.954  0.1836E-84  0.1200E+02
  -9.944  0.1836E-84  0.1200E+02
  -9.934  0.1836E-84  0.1200E+02
  -9.924  0.1836E-84  0.1200E+02
  -9.914  0.1836E-84  0.1200E+02
  -9.904  0.1836E-84  0.1200E+02
  -9.894  0.1836E-84  0.1200E+02
  -9.884  0.1836E-84  0.1200E+02
  -9.874  0.1836E-84  0.1200E+02
  -9.864  0.1836E-84  0.1200E+02
  -9.854  0.1836E-84  0.1200E+02
  -9.844  0.1836E-84  0.1200E+02
  -9.834  0.1836E-84  0.1200E+02
  -9.824  0.1836E-84  0.1200E+02
  -9.814  0.1836E-84  0.1200E+02
  -9.804  0.1836E-84  0.1200E+02
  -9.794  0.1836E-84  0.1200E+02
  -9.784  0.1836E-84  0.1200E+02
  -9.774  0.1836E-84  0.1200E+02
  -9.764  0.1836E-84  0.1200E+02
  -9.754  0.1836E-84  0.1200E+02
  -9.744  0.1836E-84  0.1200E+02
  -9.734  0.1836E-84  0.1200E+02
  -9.724  0.1836E-84  0.1200E+02
  -9.714  0.1836E-84  0.1200E+02
  -9.704  0.1836E-84  0.1200E+02
  -9.694  0.1836E-84  0.1200E+02
  -9.684  0.1836E-84  0.1200E+02
  -9.674  0.1836E-84  0.1200E+02
  -9.664  0.1837E-84  0.1200E+02
  -9.654  0.1838E-84  0.1200E+02
  -9.644  0.1845E-84  0.1200E+02
  -9.634  0.1870E-84  0.1200E+02
  -9.624  0.1971E-84  0.1200E+02
  -9.614  0.2362E-84  0.1200E+02
  -9.604  0.3882E-84  0.1200E+02
  -9.594  0.9753E-84  0.1200E+02
  -9.584  0.3233E-83  0.1200E+02
  -9.574  0.1187E-82  0.1200E+02
  -9.564  0.4476E-82  0.1200E+02
  -9.554  0.1694E-81  0.1200E+02
  -9.544  0.6394E-81  0.1200E+02
  -9.534  0.2404E-80  0.1200E+02
  -9.524  0.8993E-80  0.1200E+02
  -9.514  0.3349E-79  0.1200E+02
  -9.504  0.1241E-78  0.1200E+02
  -9.494  0.4577E-78  0.1200E+02
  -9.484  0.1680E-77  0.1200E+02
  -9.474  0.6137E-77  0.1200E+02
  -9.464  0.2231E-76  0.1200E+02
  -9.454  0.8072E-76  0.1200E+02
  -9.444  0.2907E-75  0.1200E+02
  -9.434  0.1042E-74  0.1200E+02
  -9.424  0.3715E-74  0.1200E+02
  -9.414  0.1318E-73  0.1200E+02
  -9.404  0.4657E-73  0.1200E+02
  -9.394  0.1637E-72  0.1200E+02
  -9.384  0.5727E-72  0.1200E+02
  -9.374  0.1994E-71  0.1200E+02
  -9.364  0.6909E-71  0.1200E+02
  -9.354  0.2383E-70  0.1200E+02
  -9.344  0.8177E-70  0.1200E+02
  -9.334  0.2793E-69  0.1200E+02
  -9.324  0.9493E-69  0.1200E+02
  -9.314  0.3211E-68  0.1200E+02
  -9.304  0.1081E-67  0.1200E+02
  -9.294  0.3622E-67  0.1200E+02
  -9.284  0.1208E-66  0.1200E+02
  -9.274  0.4008E-66  0.1200E+02
  -9.264  0.1324E-65  0.1200E+02
  -9.254  0.4351E-65  0.1200E+02
  -9.244  0.1423E-64  0.1200E+02
  -9.234  0.4633E-64  0.1200E+02
  -9.224  0.1501E-63  0.1200E+02
  -9.214  0.4839E-63  0.1200E+02
  -9.204  0.1553E-62  0.1200E+02
  -9.194  0.4959E-62  0.1200E+02
  -9.184  0.1576E-61  0.1200E+02
  -9.174  0.4984E-61  0.1200E+02
  -9.164  0.1569E-60  0.1200E+02
  -9.154  0.4915E-60  0.1200E+02
  -9.144  0.1532E-59  0.1200E+02
  -9.134  0.4754E-59  0.1200E+02
  -9.124  0.1468E-58  0.1200E+02
  -9.114  0.4512E-58  0.1200E+02
  -9.104  0.1380E-57  0.1200E+02
  -9.094  0.4200E-57  0.1200E+02
  -9.084  0.1272E-56  0.1200E+02
  -9.074  0.3835E-56  0.1200E+02
  -9.064  0.1151E-55  0.1200E+02
  -9.054  0.3435E-55  0.1200E+02
  -9.044  0.1021E-54  0.1200E+02
  -9.034  0.3019E-54  0.1200E+02
  -9.024  0.8884E-54  0.1200E+02
  -9.014  0.2602E-53  0.1200E+02
  -9.004  0.7585E-53  0.1200E+02
  -8.994  0.2200E-52  0.1200E+02
  -8.984  0.6353E-52  0.1200E+02
  -8.974  0.1825E-51  0.1200E+02
  -8.964  0.5220E-51  0.1200E+02
  -8.954  0.1485E-50  0.1200E+02
  -8.944  0.4207E-50  0.1200E+02
  -8.934  0.1186E-49  0.1200E+02
  -8.924  0.3326E-49  0.1200E+02
  -8.914  0.9285E-49  0.1200E+02
  -8.904  0.2580E-48  0.1200E+02
  -8.894  0.7133E-48  0.1200E+02
  -8.884  0.1963E-47  0.1200E+02
  -8.874  0.5375E-47  0.1200E+02
  -8.864  0.1465E-46  0.1200E+02
  -8.854  0.3974E-46  0.1200E+02
  -8.844  0.1073E-45  0.1200E+02
  -8.834  0.2882E-45  0.1200E+02
  -8.824  0.7704E-45  0.1200E+02
  -8.814  0.2050E-44  0.1200E+02
  -8.804  0.5428E-44  0.1200E+02
  -8.794  0.1431E-43  0.1200E+02
  -8.784  0.3752E-43  0.1200E+02
  -8.774  0.9793E-43  0.1200E+02
  -8.764  0.2544E-42  0.1200E+02
  -8.754  0.6576E-42  0.1200E+02
  -8.744  0.1692E-41  0.1200E+02
  -8.734  0.4332E-41  0.1200E+02
  -8.724  0.1104E-40  0.1200E+02
  -8.714  0.2800E-40  0.1200E+02
  -8.704  0.7066E-40  0.1200E+02
  -8.694  0.1775E-39  0.1200E+02
  -8.684  0.4437E-39  0.1200E+02
  -8.674  0.1104E-38  0.1200E+02
  -8.664  0.2733E-38  0.1200E+02
  -8.654  0.6734E-38  0.1200E+02
  -8.644  0.1651E-37  0.1200E+02
  -8.634  0.4030E-37  0.1200E+02
  -8.624  0.9788E-37  0.1200E+02
  -8.614  0.2366E-36  0.1200E+02
  -8.604  0.5691E-36  0.1200E+02
  -8.594  0.1362E-35  0.1200E+02
  -8.584  0.3246E-35  0.1200E+02
  -8.574  0.7697E-35  0.1200E+02
  -8.564  0.1816E-34  0.1200E+02
  -8.554  0.4266E-34  0.1200E+02
  -8.544  0.9970E-34  0.1200E+02
  -8.534  0.2319E-33  0.1200E+02
  -8.524  0.5368E-33  0.1200E+02
  -8.514  0.1237E-32  0.1200E+02
  -8.504  0.2836E-32  0.1200E+02
  -8.494  0.6470E-32  0.1200E+02
  -8.484  0.1469E-31  0.1200E+02
  -8.474  0.3321E-31  0.1200E+02
  -8.464  0.7469E-31  0.1200E+02
  -8.454  0.1672E-30  0.1200E+02
  -8.444  0.3724E-30  0.1200E+02
  -8.434  0.8256E-30  0.1200E+02
  -8.424  0.1822E-29  0.1200E+02
  -8.414  0.4000E-29  0.1200E+02
  -8.404  0.8741E-29  0.1200E+02
  -8.394  0.1901E-28  0.1200E+02
  -8.384  0.4115E-28  0.1200E+02
  -8.374  0.8863E-28  0.1200E+02
  -8.364  0.1900E-27  0.1200E+02
  -8.354  0.4054E-27  0.1200E+02
  -8.344  0.8607E-27  0.1200E+02
  -8.334  0.1819E-26  0.1200E+02
  -8.324  0.3824E-26  0.1200E+02
  -8.314  0.8004E-26  0.1200E+02
  -8.304  0.1667E-25  0.1200E+02
  -8.294  0.3456E-25  0.1200E+02
  -8.284  0.7129E-25  0.1200E+02
  -8.274  0.1464E-24  0.1200E+02
  -8.264  0.2990E-24  0.1200E+02
  -8.254  0.6081E-24  0.1200E+02
  -8.244  0.1231E-23  0.1200E+02
  -8.234  0.2478E-23  0.1200E+02
  -8.224  0.4967E-23  0.1200E+02
  -8.214  0.9909E-23  0.1200E+02
  -8.204  0.1967E-22  0.1200E+02
  -8.194  0.3886E-22  0.1200E+02
  -8.184  0.7641E-22  0.1200E+02
  -8.174  0.1495E-21  0.1200E+02
  -8.164  0.2912E-21  0.1200E+02
  -8.154  0.5644E-21  0.1200E+02
  -8.144  0.1089E-20  0.1200E+02
  -8.134  0.2090E-20  0.1200E+02
  -8.124  0.3992E-20  0.1200E+02
  -8.114  0.7589E-20  0.1200E+02
  -8.104  0.1436E-19  0.1200E+02
  -8.094  0.2704E-19  0.1200E+02
  -8.084  0.5068E-19  0.1200E+02
  -8.074  0.9452E-19  0.1200E+02
  -8.064  0.1754E-18  0.1200E+02
  -8.054  0.3241E-18  0.1200E+02
  -8.044  0.5958E-18  0.1200E+02
  -8.034  0.1090E-17  0.1200E+02
  -8.024  0.1985E-17  0.1200E+02
  -8.014  0.3597E-17  0.1200E+02
  -8.004  0.6486E-17  0.1200E+02
  -7.994  0.1164E-16  0.1200E+02
  -7.984  0.2079E-16  0.1200E+02
  -7.974  0.3697E-16  0.1200E+02
  -7.964  0.6540E-16  0.1200E+02
  -7.954  0.1151E-15  0.1200E+02
  -7.944  0.2018E-15  0.1200E+02
  -7.934  0.3519E-15  0.1200E+02
  -7.924  0.6107E-15  0.1200E+02
  -7.914  0.1055E-14  0.1200E+02
  -7.904  0.1813E-14  0.1200E+02
  -7.894  0.3102E-14  0.1200E+02
  -7.884  0.5280E-14  0.1200E+02
  -7.874  0.8947E-14  0.1200E+02
  -7.864  0.1509E-13  0.1200E+02
  -7.854  0.2532E-13  0.1200E+02
  -7.844  0.4229E-13  0.1200E+02
  -7.834  0.7029E-13  0.1200E+02
  -7.824  0.1163E-12  0.1200E+02
  -7.814  0.1914E-12  0.1200E+02
  -7.804  0.3136E-12  0.1200E+02
  -7.794  0.5114E-12  0.1200E+02
  -7.784  0.8299E-12  0.1200E+02
  -7.774  0.1340E-11  0.1200E+02
  -7.764  0.2154E-11  0.1200E+02
  -7.754  0.3446E-11  0.1200E+02
  -7.744  0.5487E-11  0.1200E+02
  -7.734  0.8693E-11  0.1200E+02
  -7.724  0.1371E-10  0.1200E+02
  -7.714  0.2151E-10  0.1200E+02
  -7.704  0.3359E-10  0.1200E+02
  -7.694  0.5222E-10  0.1200E+02
  -7.684  0.8078E-10  0.1200E+02
  -7.674  0.1244E-09  0.1200E+02
  -7.664  0.1905E-09  0.1200E+02
  -7.654  0.2905E-09  0.1200E+02
  -7.644  0.4409E-09  0.1200E+02
  -7.634  0.6660E-09  0.1200E+02
  -7.624  0.1001E-08  0.1200E+02
  -7.614  0.1498E-08  0.1200E+02
  -7.604  0.2230E-08  0.1200E+02
  -7.594  0.3304E-08  0.1200E+02
  -7.584  0.4873E-08  0.1200E+02
  -7.574  0.7152E-08  0.1200E+02
  -7.564  0.1045E-07  0.1200E+02
  -7.554  0.1519E-07  0.1200E+02
  -7.544  0.2198E-07  0.1200E+02
  -7.534  0.3165E-07  0.1200E+02
  -7.524  0.4536E-07  0.1200E+02
  -7.514  0.6471E-07  0.1200E+02
  -7.504  0.9186E-07  0.1200E+02
  -7.494  0.1298E-06  0.1200E+02
  -7.484  0.1825E-06  0.1200E+02
  -7.474  0.2555E-06  0.1200E+02
  -7.464  0.3560E-06  0.1200E+02
  -7.454  0.4935E-06  0.1200E+02
  -7.444  0.6811E-06  0.1200E+02
  -7.434  0.9355E-06  0.1200E+02
  -7.424  0.1279E-05  0.1200E+02
  -7.414  0.1740E-05  0.1200E+02
  -7.404  0.2357E-05  0.1200E+02
  -7.394  0.3178E-05  0.1200E+02
  -7.384  0.4264E-05  0.1200E+02
  -7.374  0.5695E-05  0.1200E+02
  -7.364  0.7570E-05  0.1200E+02
  -7.354  0.1002E-04  0.1200E+02
  -7.344  0.1320E-04  0.1200E+02
  -7.334  0.1730E-04  0.1200E+02
  -7.324  0.2258E-04  0.1200E+02
  -7.314  0.2934E-04  0.1200E+02
  -7.304  0.3794E-04  0.1200E+02
  -7.294  0.4885E-04  0.1200E+02
  -7.284  0.6261E-04  0.1200E+02
  -7.274  0.7989E-04  0.1200E+02
  -7.264  0.1015E-03  0.1200E+02
  -7.254  0.1283E-03  0.1200E+02
  -7.244  0.1616E-03  0.1200E+02
  -7.234  0.2026E-03  0.1200E+02
  -7.224  0.2528E-03  0.1200E+02
  -7.214  0.3142E-03  0.1200E+02
  -7.204  0.3889E-03  0.1200E+02
  -7.194  0.4792E-03  0.1200E+02
  -7.184  0.5881E-03  0.1200E+02
  -7.174  0.7186E-03  0.1200E+02
  -7.164  0.8746E-03  0.1200E+02
  -7.154  0.1060E-02  0.1200E+02
  -7.144  0.1280E-02  0.1200E+02
  -7.134  0.1539E-02  0.1200E+02
  -7.124  0.1844E-02  0.1200E+02
  -7.114  0.2200E-02  0.1200E+02
  -7.104  0.2615E-02  0.1200E+02
  -7.094  0.3097E-02  0.1200E+02
  -7.084  0.3655E-02  0.1200E+02
  -7.074  0.4298E-02  0.1200E+02
  -7.064  0.5036E-02  0.1200E+02
  -7.054  0.5881E-02  0.1200E+02
  -7.044  0.6845E-02  0.1200E+02
  -7.034  0.7940E-02  0.1200E+02
  -7.024  0.9182E-02  0.1200E+02
  -7.014  0.1058E-01  0.1200E+02
  -7.004  0.1216E-01  0.1200E+02
  -6.994  0.1394E-01  0.1200E+02
  -6.984  0.1593E-01  0.1200E+02
  -6.974  0.1815E-01  0.1200E+02
  -6.964  0.2062E-01  0.1200E+02
  -6.954  0.2337E-01  0.1200E+02
  -6.944  0.2642E-01  0.1200E+02
  -6.934  0.2978E-01  0.1200E+02
  -6.924  0.3350E-01  0.1200E+02
  -6.914  0.3758E-01  0.1200E+02
  -6.904  0.4206E-01  0.1200E+02
  -6.894  0.4697E-01  0.1200E+02
  -6.884  0.5232E-01  0.1200E+02
  -6.874  0.5816E-01  0.1201E+02
  -6.864  0.6449E-01  0.1201E+02
  -6.854  0.7136E-01  0.1201E+02
  -6.844  0.7878E-01  0.1201E+02
  -6.834  0.8677E-01  0.1201E+02
  -6.824  0.9536E-01  0.1201E+02
  -6.814  0.1046E+00  0.1201E+02
  -6.804  0.1144E+00  0.1201E+02
  -6.794  0.1249E+00  0.1201E+02
  -6.784  0.1360E+00  0.1201E+02
  -6.774  0.1477E+00  0.1202E+02
  -6.764  0.1601E+00  0.1202E+02
  -6.754  0.1730E+00  0.1202E+02
  -6.744  0.1866E+00  0.1202E+02
  -6.734  0.2007E+00  0.1202E+02
  -6.724  0.2154E+00  0.1202E+02
  -6.714  0.2305E+00  0.1203E+02
  -6.704  0.2460E+00  0.1203E+02
  -6.694  0.2619E+00  0.1203E+02
  -6.684  0.2781E+00  0.1203E+02
  -6.674  0.2945E+00  0.1204E+02
  -6.664  0.3110E+00  0.1204E+02
  -6.654  0.3276E+00  0.1204E+02
  -6.644  0.3440E+00  0.1205E+02
  -6.634  0.3604E+00  0.1205E+02
  -6.624  0.3764E+00  0.1205E+02
  -6.614  0.3922E+00  0.1206E+02
  -6.604  0.4075E+00  0.1206E+02
  -6.594  0.4222E+00  0.1207E+02
  -6.584  0.4364E+00  0.1207E+02
  -6.574  0.4499E+00  0.1208E+02
  -6.564  0.4627E+00  0.1208E+02
  -6.554  0.4747E+00  0.1209E+02
  -6.544  0.4860E+00  0.1209E+02
  -6.534  0.4964E+00  0.1210E+02
  -6.524  0.5062E+00  0.1210E+02
  -6.514  0.5152E+00  0.1211E+02
  -6.504  0.5236E+00  0.1211E+02
  -6.494  0.5315E+00  0.1212E+02
  -6.484  0.5389E+00  0.1212E+02
  -6.474  0.5460E+00  0.1213E+02
  -6.464  0.5529E+00  0.1213E+02
  -6.454  0.5599E+00  0.1214E+02
  -6.444  0.5671E+00  0.1214E+02
  -6.434  0.5747E+00  0.1215E+02
  -6.424  0.5830E+00  0.1216E+02
  -6.414  0.5920E+00  0.1216E+02
  -6.404  0.6022E+00  0.1217E+02
  -6.394  0.6136E+00  0.1217E+02
  -6.384  0.6265E+00  0.1218E+02
  -6.374  0.6410E+00  0.1219E+02
  -6.364  0.6574E+00  0.1219E+02
  -6.354  0.6758E+00  0.1220E+02
  -6.344  0.6963E+00  0.1221E+02
  -6.334  0.7190E+00  0.1221E+02
  -6.324  0.7439E+00  0.1222E+02
  -6.314  0.7712E+00  0.1223E+02
  -6.304  0.8008E+00  0.1224E+02
  -6.294  0.8327E+00  0.1224E+02
  -6.284  0.8668E+00  0.1225E+02
  -6.274  0.9031E+00  0.1226E+02
  -6.264  0.9414E+00  0.1227E+02
  -6.254  0.9816E+00  0.1228E+02
  -6.244  0.1024E+01  0.1229E+02
  -6.234  0.1067E+01  0.1230E+02
  -6.224  0.1112E+01  0.1231E+02
  -6.214  0.1158E+01  0.1233E+02
  -6.204  0.1206E+01  0.1234E+02
  -6.194  0.1254E+01  0.1235E+02
  -6.184  0.1303E+01  0.1236E+02
  -6.174  0.1353E+01  0.1238E+02
  -6.164  0.1404E+01  0.1239E+02
  -6.154  0.1455E+01  0.1241E+02
  -6.144  0.1506E+01  0.1242E+02
  -6.134  0.1558E+01  0.1244E+02
  -6.124  0.1611E+01  0.1245E+02
  -6.114  0.1664E+01  0.1247E+02
  -6.104  0.1718E+01  0.1249E+02
  -6.094  0.1772E+01  0.1250E+02
  -6.084  0.1828E+01  0.1252E+02
  -6.074  0.1884E+01  0.1254E+02
  -6.064  0.1941E+01  0.1256E+02
  -6.054  0.2000E+01  0.1258E+02
  -6.044  0.2059E+01  0.1260E+02
  -6.034  0.2120E+01  0.1262E+02
  -6.024  0.2183E+01  0.1264E+02
  -6.014  0.2246E+01  0.1267E+02
  -6.004  0.2311E+01  0.1269E+02
  -5.994  0.2378E+01  0.1271E+02
  -5.984  0.2445E+01  0.1274E+02
  -5.974  0.2512E+01  0.1276E+02
  -5.964  0.2581E+01  0.1279E+02
  -5.954  0.2649E+01  0.1281E+02
  -5.944  0.2717E+01  0.1284E+02
  -5.934  0.2785E+01  0.1287E+02
  -5.924  0.2851E+01  0.1290E+02
  -5.914  0.2915E+01  0.1293E+02
  -5.904  0.2977E+01  0.1296E+02
  -5.894  0.3035E+01  0.1299E+02
  -5.884  0.3090E+01  0.1302E+02
  -5.874  0.3140E+01  0.1305E+02
  -5.864  0.3185E+01  0.1308E+02
  -5.854  0.3224E+01  0.1311E+02
  -5.844  0.3257E+01  0.1315E+02
  -5.834  0.3283E+01  0.1318E+02
  -5.824  0.3302E+01  0.1321E+02
  -5.814  0.3312E+01  0.1325E+02
  -5.804  0.3315E+01  0.1328E+02
  -5.794  0.3308E+01  0.1331E+02
  -5.784  0.3293E+01  0.1334E+02
  -5.774  0.3270E+01  0.1338E+02
  -5.764  0.3237E+01  0.1341E+02
  -5.754  0.3196E+01  0.1344E+02
  -5.744  0.3146E+01  0.1347E+02
  -5.734  0.3088E+01  0.1350E+02
  -5.724  0.3023E+01  0.1353E+02
  -5.714  0.2950E+01  0.1356E+02
  -5.704  0.2870E+01  0.1359E+02
  -5.694  0.2785E+01  0.1362E+02
  -5.684  0.2694E+01  0.1365E+02
  -5.674  0.2598E+01  0.1367E+02
  -5.664  0.2499E+01  0.1370E+02
  -5.654  0.2396E+01  0.1372E+02
  -5.644  0.2292E+01  0.1375E+02
  -5.634  0.2185E+01  0.1377E+02
  -5.624  0.2078E+01  0.1379E+02
  -5.614  0.1971E+01  0.1381E+02
  -5.604  0.1865E+01  0.1383E+02
  -5.594  0.1759E+01  0.1384E+02
  -5.584  0.1656E+01  0.1386E+02
  -5.574  0.1555E+01  0.1388E+02
  -5.564  0.1457E+01  0.1389E+02
  -5.554  0.1362E+01  0.1390E+02
  -5.544  0.1271E+01  0.1392E+02
  -5.534  0.1184E+01  0.1393E+02
  -5.524  0.1101E+01  0.1394E+02
  -5.514  0.1023E+01  0.1395E+02
  -5.504  0.9492E+00  0.1396E+02
  -5.494  0.8800E+00  0.1397E+02
  -5.484  0.8155E+00  0.1398E+02
  -5.474  0.7557E+00  0.1398E+02
  -5.464  0.7007E+00  0.1399E+02
  -5.454  0.6504E+00  0.1400E+02
  -5.444  0.6047E+00  0.1400E+02
  -5.434  0.5636E+00  0.1401E+02
  -5.424  0.5270E+00  0.1401E+02
  -5.414  0.4948E+00  0.1402E+02
  -5.404  0.4670E+00  0.1402E+02
  -5.394  0.4433E+00  0.1403E+02
  -5.384  0.4237E+00  0.1403E+02
  -5.374  0.4081E+00  0.1404E+02
  -5.364  0.3964E+00  0.1404E+02
  -5.354  0.3885E+00  0.1404E+02
  -5.344  0.3842E+00  0.1405E+02
  -5.334  0.3835E+00  0.1405E+02
  -5.324  0.3861E+00  0.1406E+02
  -5.314  0.3921E+00  0.1406E+02
  -5.304  0.4012E+00  0.1406E+02
  -5.294  0.4133E+00  0.1407E+02
  -5.284  0.4284E+00  0.1407E+02
  -5.274  0.4462E+00  0.1408E+02
  -5.264  0.4667E+00  0.1408E+02
  -5.254  0.4897E+00  0.1409E+02
  -5.244  0.5150E+00  0.1409E+02
  -5.234  0.5425E+00  0.1410E+02
  -5.224  0.5722E+00  0.1410E+02
  -5.214  0.6037E+00  0.1411E+02
  -5.204  0.6371E+00  0.1412E+02
  -5.194  0.6720E+00  0.1412E+02
  -5.184  0.7086E+00  0.1413E+02
  -5.174  0.7464E+00  0.1414E+02
  -5.164  0.7856E+00  0.1414E+02
  -5.154  0.8259E+00  0.1415E+02
  -5.144  0.8672E+00  0.1416E+02
  -5.134  0.9094E+00  0.1417E+02
  -5.124  0.9525E+00  0.1418E+02
  -5.114  0.9963E+00  0.1419E+02
  -5.104  0.1041E+01  0.1420E+02
  -5.094  0.1086E+01  0.1421E+02
  -5.084  0.1132E+01  0.1422E+02
  -5.074  0.1178E+01  0.1423E+02
  -5.064  0.1225E+01  0.1425E+02
  -5.054  0.1273E+01  0.1426E+02
  -5.044  0.1321E+01  0.1427E+02
  -5.034  0.1370E+01  0.1429E+02
  -5.024  0.1419E+01  0.1430E+02
  -5.014  0.1470E+01  0.1431E+02
  -5.004  0.1521E+01  0.1433E+02
  -4.994  0.1573E+01  0.1435E+02
  -4.984  0.1626E+01  0.1436E+02
  -4.974  0.1680E+01  0.1438E+02
  -4.964  0.1736E+01  0.1440E+02
  -4.954  0.1792E+01  0.1441E+02
  -4.944  0.1850E+01  0.1443E+02
  -4.934  0.1909E+01  0.1445E+02
  -4.924  0.1969E+01  0.1447E+02
  -4.914  0.2031E+01  0.1449E+02
  -4.904  0.2093E+01  0.1451E+02
  -4.894  0.2156E+01  0.1453E+02
  -4.884  0.2220E+01  0.1456E+02
  -4.874  0.2284E+01  0.1458E+02
  -4.864  0.2348E+01  0.1460E+02
  -4.854  0.2411E+01  0.1463E+02
  -4.844  0.2474E+01  0.1465E+02
  -4.834  0.2535E+01  0.1468E+02
  -4.824  0.2595E+01  0.1470E+02
  -4.814  0.2652E+01  0.1473E+02
  -4.804  0.2706E+01  0.1476E+02
  -4.794  0.2756E+01  0.1478E+02
  -4.784  0.2802E+01  0.1481E+02
  -4.774  0.2843E+01  0.1484E+02
  -4.764  0.2879E+01  0.1487E+02
  -4.754  0.2910E+01  0.1490E+02
  -4.744  0.2934E+01  0.1493E+02
  -4.734  0.2951E+01  0.1496E+02
  -4.724  0.2961E+01  0.1499E+02
  -4.714  0.2965E+01  0.1502E+02
  -4.704  0.2961E+01  0.1505E+02
  -4.694  0.2950E+01  0.1508E+02
  -4.684  0.2932E+01  0.1511E+02
  -4.674  0.2907E+01  0.1513E+02
  -4.664  0.2875E+01  0.1516E+02
  -4.654  0.2838E+01  0.1519E+02
  -4.644  0.2794E+01  0.1522E+02
  -4.634  0.2745E+01  0.1525E+02
  -4.624  0.2691E+01  0.1527E+02
  -4.614  0.2632E+01  0.1530E+02
  -4.604  0.2571E+01  0.1533E+02
  -4.594  0.2506E+01  0.1535E+02
  -4.584  0.2439E+01  0.1538E+02
  -4.574  0.2370E+01  0.1540E+02
  -4.564  0.2301E+01  0.1542E+02
  -4.554  0.2231E+01  0.1544E+02
  -4.544  0.2161E+01  0.1547E+02
  -4.534  0.2091E+01  0.1549E+02
  -4.524  0.2022E+01  0.1551E+02
  -4.514  0.1955E+01  0.1553E+02
  -4.504  0.1889E+01  0.1555E+02
  -4.494  0.1825E+01  0.1556E+02
  -4.484  0.1763E+01  0.1558E+02
  -4.474  0.1704E+01  0.1560E+02
  -4.464  0.1646E+01  0.1561E+02
  -4.454  0.1591E+01  0.1563E+02
  -4.444  0.1538E+01  0.1565E+02
  -4.434  0.1487E+01  0.1566E+02
  -4.424  0.1438E+01  0.1568E+02
  -4.414  0.1391E+01  0.1569E+02
  -4.404  0.1346E+01  0.1570E+02
  -4.394  0.1303E+01  0.1572E+02
  -4.384  0.1262E+01  0.1573E+02
  -4.374  0.1223E+01  0.1574E+02
  -4.364  0.1185E+01  0.1575E+02
  -4.354  0.1149E+01  0.1576E+02
  -4.344  0.1114E+01  0.1577E+02
  -4.334  0.1082E+01  0.1579E+02
  -4.324  0.1050E+01  0.1580E+02
  -4.314  0.1021E+01  0.1581E+02
  -4.304  0.9928E+00  0.1582E+02
  -4.294  0.9668E+00  0.1583E+02
  -4.284  0.9428E+00  0.1584E+02
  -4.274  0.9209E+00  0.1584E+02
  -4.264  0.9013E+00  0.1585E+02
  -4.254  0.8840E+00  0.1586E+02
  -4.244  0.8694E+00  0.1587E+02
  -4.234  0.8575E+00  0.1588E+02
  -4.224  0.8485E+00  0.1589E+02
  -4.214  0.8426E+00  0.1590E+02
  -4.204  0.8400E+00  0.1591E+02
  -4.194  0.8407E+00  0.1591E+02
  -4.184  0.8450E+00  0.1592E+02
  -4.174  0.8530E+00  0.1593E+02
  -4.164  0.8648E+00  0.1594E+02
  -4.154  0.8805E+00  0.1595E+02
  -4.144  0.9001E+00  0.1596E+02
  -4.134  0.9237E+00  0.1597E+02
  -4.124  0.9513E+00  0.1598E+02
  -4.114  0.9828E+00  0.1599E+02
  -4.104  0.1018E+01  0.1600E+02
  -4.094  0.1058E+01  0.1601E+02
  -4.084  0.1101E+01  0.1602E+02
  -4.074  0.1147E+01  0.1603E+02
  -4.064  0.1197E+01  0.1604E+02
  -4.054  0.1250E+01  0.1605E+02
  -4.044  0.1306E+01  0.1607E+02
  -4.034  0.1365E+01  0.1608E+02
  -4.024  0.1426E+01  0.1609E+02
  -4.014  0.1489E+01  0.1611E+02
  -4.004  0.1553E+01  0.1612E+02
  -3.994  0.1619E+01  0.1614E+02
  -3.984  0.1685E+01  0.1616E+02
  -3.974  0.1752E+01  0.1618E+02
  -3.964  0.1819E+01  0.1619E+02
  -3.954  0.1886E+01  0.1621E+02
  -3.944  0.1952E+01  0.1623E+02
  -3.934  0.2016E+01  0.1625E+02
  -3.924  0.2079E+01  0.1627E+02
  -3.914  0.2141E+01  0.1629E+02
  -3.904  0.2200E+01  0.1632E+02
  -3.894  0.2257E+01  0.1634E+02
  -3.884  0.2310E+01  0.1636E+02
  -3.874  0.2361E+01  0.1639E+02
  -3.864  0.2409E+01  0.1641E+02
  -3.854  0.2453E+01  0.1643E+02
  -3.844  0.2494E+01  0.1646E+02
  -3.834  0.2531E+01  0.1648E+02
  -3.824  0.2564E+01  0.1651E+02
  -3.814  0.2593E+01  0.1654E+02
  -3.804  0.2619E+01  0.1656E+02
  -3.794  0.2640E+01  0.1659E+02
  -3.784  0.2657E+01  0.1661E+02
  -3.774  0.2671E+01  0.1664E+02
  -3.764  0.2680E+01  0.1667E+02
  -3.754  0.2685E+01  0.1670E+02
  -3.744  0.2687E+01  0.1672E+02
  -3.734  0.2685E+01  0.1675E+02
  -3.724  0.2679E+01  0.1678E+02
  -3.714  0.2669E+01  0.1680E+02
  -3.704  0.2656E+01  0.1683E+02
  -3.694  0.2640E+01  0.1686E+02
  -3.684  0.2621E+01  0.1688E+02
  -3.674  0.2598E+01  0.1691E+02
  -3.664  0.2573E+01  0.1693E+02
  -3.654  0.2546E+01  0.1696E+02
  -3.644  0.2516E+01  0.1698E+02
  -3.634  0.2484E+01  0.1701E+02
  -3.624  0.2450E+01  0.1703E+02
  -3.614  0.2415E+01  0.1706E+02
  -3.604  0.2379E+01  0.1708E+02
  -3.594  0.2341E+01  0.1710E+02
  -3.584  0.2303E+01  0.1713E+02
  -3.574  0.2265E+01  0.1715E+02
  -3.564  0.2226E+01  0.1717E+02
  -3.554  0.2187E+01  0.1719E+02
  -3.544  0.2148E+01  0.1722E+02
  -3.534  0.2110E+01  0.1724E+02
  -3.524  0.2072E+01  0.1726E+02
  -3.514  0.2035E+01  0.1728E+02
  -3.504  0.1999E+01  0.1730E+02
  -3.494  0.1964E+01  0.1732E+02
  -3.484  0.1929E+01  0.1734E+02
  -3.474  0.1895E+01  0.1736E+02
  -3.464  0.1863E+01  0.1737E+02
  -3.454  0.1832E+01  0.1739E+02
  -3.444  0.1801E+01  0.1741E+02
  -3.434  0.1772E+01  0.1743E+02
  -3.424  0.1744E+01  0.1745E+02
  -3.414  0.1717E+01  0.1746E+02
  -3.404  0.1692E+01  0.1748E+02
  -3.394  0.1668E+01  0.1750E+02
  -3.384  0.1646E+01  0.1751E+02
  -3.374  0.1625E+01  0.1753E+02
  -3.364  0.1606E+01  0.1755E+02
  -3.354  0.1589E+01  0.1756E+02
  -3.344  0.1574E+01  0.1758E+02
  -3.334  0.1562E+01  0.1759E+02
  -3.324  0.1553E+01  0.1761E+02
  -3.314  0.1548E+01  0.1762E+02
  -3.304  0.1546E+01  0.1764E+02
  -3.294  0.1548E+01  0.1765E+02
  -3.284  0.1554E+01  0.1767E+02
  -3.274  0.1566E+01  0.1769E+02
  -3.264  0.1584E+01  0.1770E+02
  -3.254  0.1607E+01  0.1772E+02
  -3.244  0.1638E+01  0.1773E+02
  -3.234  0.1676E+01  0.1775E+02
  -3.224  0.1722E+01  0.1777E+02
  -3.214  0.1777E+01  0.1779E+02
  -3.204  0.1841E+01  0.1780E+02
  -3.194  0.1915E+01  0.1782E+02
  -3.184  0.1999E+01  0.1784E+02
  -3.174  0.2094E+01  0.1786E+02
  -3.164  0.2201E+01  0.1789E+02
  -3.154  0.2320E+01  0.1791E+02
  -3.144  0.2450E+01  0.1793E+02
  -3.134  0.2593E+01  0.1796E+02
  -3.124  0.2748E+01  0.1799E+02
  -3.114  0.2916E+01  0.1802E+02
  -3.104  0.3096E+01  0.1805E+02
  -3.094  0.3287E+01  0.1808E+02
  -3.084  0.3490E+01  0.1812E+02
  -3.074  0.3703E+01  0.1815E+02
  -3.064  0.3926E+01  0.1819E+02
  -3.054  0.4158E+01  0.1823E+02
  -3.044  0.4397E+01  0.1828E+02
  -3.034  0.4642E+01  0.1832E+02
  -3.024  0.4891E+01  0.1837E+02
  -3.014  0.5144E+01  0.1842E+02
  -3.004  0.5397E+01  0.1848E+02
  -2.994  0.5649E+01  0.1853E+02
  -2.984  0.5899E+01  0.1859E+02
  -2.974  0.6144E+01  0.1866E+02
  -2.964  0.6382E+01  0.1872E+02
  -2.954  0.6612E+01  0.1879E+02
  -2.944  0.6832E+01  0.1885E+02
  -2.934  0.7039E+01  0.1892E+02
  -2.924  0.7232E+01  0.1900E+02
  -2.914  0.7411E+01  0.1907E+02
  -2.904  0.7573E+01  0.1915E+02
  -2.894  0.7718E+01  0.1922E+02
  -2.884  0.7844E+01  0.1930E+02
  -2.874  0.7952E+01  0.1938E+02
  -2.864  0.8041E+01  0.1946E+02
  -2.854  0.8111E+01  0.1954E+02
  -2.844  0.8162E+01  0.1962E+02
  -2.834  0.8194E+01  0.1971E+02
  -2.824  0.8209E+01  0.1979E+02
  -2.814  0.8206E+01  0.1987E+02
  -2.804  0.8188E+01  0.1995E+02
  -2.794  0.8154E+01  0.2003E+02
  -2.784  0.8107E+01  0.2011E+02
  -2.774  0.8047E+01  0.2020E+02
  -2.764  0.7977E+01  0.2028E+02
  -2.754  0.7897E+01  0.2035E+02
  -2.744  0.7809E+01  0.2043E+02
  -2.734  0.7715E+01  0.2051E+02
  -2.724  0.7616E+01  0.2059E+02
  -2.714  0.7513E+01  0.2066E+02
  -2.704  0.7408E+01  0.2073E+02
  -2.694  0.7302E+01  0.2081E+02
  -2.684  0.7197E+01  0.2088E+02
  -2.674  0.7092E+01  0.2095E+02
  -2.664  0.6990E+01  0.2102E+02
  -2.654  0.6891E+01  0.2109E+02
  -2.644  0.6795E+01  0.2116E+02
  -2.634  0.6704E+01  0.2122E+02
  -2.624  0.6617E+01  0.2129E+02
  -2.614  0.6536E+01  0.2136E+02
  -2.604  0.6459E+01  0.2142E+02
  -2.594  0.6388E+01  0.2148E+02
  -2.584  0.6322E+01  0.2155E+02
  -2.574  0.6261E+01  0.2161E+02
  -2.564  0.6205E+01  0.2167E+02
  -2.554  0.6154E+01  0.2173E+02
  -2.544  0.6106E+01  0.2179E+02
  -2.534  0.6063E+01  0.2186E+02
  -2.524  0.6022E+01  0.2192E+02
  -2.514  0.5983E+01  0.2198E+02
  -2.504  0.5947E+01  0.2204E+02
  -2.494  0.5912E+01  0.2209E+02
  -2.484  0.5877E+01  0.2215E+02
  -2.474  0.5841E+01  0.2221E+02
  -2.464  0.5805E+01  0.2227E+02
  -2.454  0.5768E+01  0.2233E+02
  -2.444  0.5727E+01  0.2238E+02
  -2.434  0.5684E+01  0.2244E+02
  -2.424  0.5638E+01  0.2250E+02
  -2.414  0.5588E+01  0.2255E+02
  -2.404  0.5533E+01  0.2261E+02
  -2.394  0.5473E+01  0.2266E+02
  -2.384  0.5408E+01  0.2272E+02
  -2.374  0.5337E+01  0.2277E+02
  -2.364  0.5261E+01  0.2282E+02
  -2.354  0.5180E+01  0.2288E+02
  -2.344  0.5092E+01  0.2293E+02
  -2.334  0.4999E+01  0.2298E+02
  -2.324  0.4900E+01  0.2303E+02
  -2.314  0.4796E+01  0.2307E+02
  -2.304  0.4687E+01  0.2312E+02
  -2.294  0.4573E+01  0.2317E+02
  -2.284  0.4454E+01  0.2321E+02
  -2.274  0.4331E+01  0.2325E+02
  -2.264  0.4205E+01  0.2330E+02
  -2.254  0.4075E+01  0.2334E+02
  -2.244  0.3942E+01  0.2338E+02
  -2.234  0.3807E+01  0.2341E+02
  -2.224  0.3669E+01  0.2345E+02
  -2.214  0.3530E+01  0.2349E+02
  -2.204  0.3390E+01  0.2352E+02
  -2.194  0.3249E+01  0.2355E+02
  -2.184  0.3108E+01  0.2358E+02
  -2.174  0.2968E+01  0.2361E+02
  -2.164  0.2827E+01  0.2364E+02
  -2.154  0.2688E+01  0.2367E+02
  -2.144  0.2550E+01  0.2369E+02
  -2.134  0.2414E+01  0.2372E+02
  -2.124  0.2281E+01  0.2374E+02
  -2.114  0.2149E+01  0.2376E+02
  -2.104  0.2021E+01  0.2378E+02
  -2.094  0.1895E+01  0.2380E+02
  -2.084  0.1773E+01  0.2382E+02
  -2.074  0.1655E+01  0.2384E+02
  -2.064  0.1540E+01  0.2385E+02
  -2.054  0.1430E+01  0.2387E+02
  -2.044  0.1324E+01  0.2388E+02
  -2.034  0.1223E+01  0.2389E+02
  -2.024  0.1126E+01  0.2390E+02
  -2.014  0.1033E+01  0.2391E+02
  -2.004  0.9460E+00  0.2392E+02
  -1.994  0.8634E+00  0.2393E+02
  -1.984  0.7856E+00  0.2394E+02
  -1.974  0.7125E+00  0.2395E+02
  -1.964  0.6443E+00  0.2395E+02
  -1.954  0.5807E+00  0.2396E+02
  -1.944  0.5217E+00  0.2396E+02
  -1.934  0.4672E+00  0.2397E+02
  -1.924  0.4169E+00  0.2397E+02
  -1.914  0.3709E+00  0.2398E+02
  -1.904  0.3288E+00  0.2398E+02
  -1.894  0.2905E+00  0.2398E+02
  -1.884  0.2557E+00  0.2398E+02
  -1.874  0.2244E+00  0.2399E+02
  -1.864  0.1961E+00  0.2399E+02
  -1.854  0.1709E+00  0.2399E+02
  -1.844  0.1483E+00  0.2399E+02
  -1.834  0.1283E+00  0.2399E+02
  -1.824  0.1106E+00  0.2399E+02
  -1.814  0.9494E-01  0.2399E+02
  -1.804  0.8123E-01  0.2400E+02
  -1.794  0.6924E-01  0.2400E+02
  -1.784  0.5880E-01  0.2400E+02
  -1.774  0.4975E-01  0.2400E+02
  -1.764  0.4194E-01  0.2400E+02
  -1.754  0.3523E-01  0.2400E+02
  -1.744  0.2947E-01  0.2400E+02
  -1.734  0.2457E-01  0.2400E+02
  -1.724  0.2040E-01  0.2400E+02
  -1.714  0.1688E-01  0.2400E+02
  -1.704  0.1391E-01  0.2400E+02
  -1.694  0.1142E-01  0.2400E+02
  -1.684  0.9339E-02  0.2400E+02
  -1.674  0.7609E-02  0.2400E+02
  -1.664  0.6175E-02  0.2400E+02
  -1.654  0.4993E-02  0.2400E+02
  -1.644  0.4021E-02  0.2400E+02
  -1.634  0.3225E-02  0.2400E+02
  -1.624  0.2577E-02  0.2400E+02
  -1.614  0.2052E-02  0.2400E+02
  -1.604  0.1627E-02  0.2400E+02
  -1.594  0.1285E-02  0.2400E+02
  -1.584  0.1011E-02  0.2400E+02
  -1.574  0.7918E-03  0.2400E+02
  -1.564  0.6179E-03  0.2400E+02
  -1.554  0.4803E-03  0.2400E+02
  -1.544  0.3719E-03  0.2400E+02
  -1.534  0.2868E-03  0.2400E+02
  -1.524  0.2203E-03  0.2400E+02
  -1.514  0.1685E-03  0.2400E+02
  -1.504  0.1284E-03  0.2400E+02
  -1.494  0.9741E-04  0.2400E+02
  -1.484  0.7363E-04  0.2400E+02
  -1.474  0.5544E-04  0.2400E+02
  -1.464  0.4160E-04  0.2400E+02
  -1.454  0.3112E-04  0.2400E+02
  -1.444  0.2324E-04  0.2400E+02
  -1.434  0.1735E-04  0.2400E+02
  -1.424  0.1301E-04  0.2400E+02
  -1.414  0.9880E-05  0.2400E+02
  -1.404  0.7695E-05  0.2400E+02
  -1.394  0.6283E-05  0.2400E+02
  -1.384  0.5534E-05  0.2400E+02
  -1.374  0.5396E-05  0.2400E+02
  -1.364  0.5872E-05  0.2400E+02
  -1.354  0.7029E-05  0.2400E+02
  -1.344  0.8996E-05  0.2400E+02
  -1.334  0.1198E-04  0.2400E+02
  -1.324  0.1629E-04  0.2400E+02
  -1.314  0.2236E-04  0.2400E+02
  -1.304  0.3076E-04  0.2400E+02
  -1.294  0.4228E-04  0.2400E+02
  -1.284  0.5796E-04  0.2400E+02
  -1.274  0.7918E-04  0.2400E+02
  -1.264  0.1077E-03  0.2400E+02
  -1.254  0.1460E-03  0.2400E+02
  -1.244  0.1969E-03  0.2400E+02
  -1.234  0.2644E-03  0.2400E+02
  -1.224  0.3536E-03  0.2400E+02
  -1.214  0.4707E-03  0.2400E+02
  -1.204  0.6238E-03  0.2400E+02
  -1.194  0.8231E-03  0.2400E+02
  -1.184  0.1081E-02  0.2400E+02
  -1.174  0.1414E-02  0.2400E+02
  -1.164  0.1841E-02  0.2400E+02
  -1.154  0.2387E-02  0.2400E+02
  -1.144  0.3080E-02  0.2400E+02
  -1.134  0.3958E-02  0.2400E+02
  -1.124  0.5063E-02  0.2400E+02
  -1.114  0.6448E-02  0.2400E+02
  -1.104  0.8176E-02  0.2400E+02
  -1.094  0.1032E-01  0.2400E+02
  -1.084  0.1298E-01  0.2400E+02
  -1.074  0.1624E-01  0.2400E+02
  -1.064  0.2023E-01  0.2400E+02
  -1.054  0.2510E-01  0.2400E+02
  -1.044  0.3101E-01  0.2400E+02
  -1.034  0.3814E-01  0.2400E+02
  -1.024  0.4671E-01  0.2400E+02
  -1.014  0.5695E-01  0.2400E+02
  -1.004  0.6914E-01  0.2400E+02
  -0.994  0.8358E-01  0.2400E+02
  -0.984  0.1006E+00  0.2401E+02
  -0.974  0.1206E+00  0.2401E+02
  -0.964  0.1439E+00  0.2401E+02
  -0.954  0.1710E+00  0.2401E+02
  -0.944  0.2024E+00  0.2401E+02
  -0.934  0.2385E+00  0.2401E+02
  -0.924  0.2798E+00  0.2402E+02
  -0.914  0.3270E+00  0.2402E+02
  -0.904  0.3805E+00  0.2402E+02
  -0.894  0.4409E+00  0.2403E+02
  -0.884  0.5087E+00  0.2403E+02
  -0.874  0.5846E+00  0.2404E+02
  -0.864  0.6690E+00  0.2405E+02
  -0.854  0.7625E+00  0.2405E+02
  -0.844  0.8655E+00  0.2406E+02
  -0.834  0.9784E+00  0.2407E+02
  -0.824  0.1102E+01  0.2408E+02
  -0.814  0.1235E+01  0.2410E+02
  -0.804  0.1380E+01  0.2411E+02
  -0.794  0.1535E+01  0.2412E+02
  -0.784  0.1700E+01  0.2414E+02
  -0.774  0.1877E+01  0.2416E+02
  -0.764  0.2063E+01  0.2418E+02
  -0.754  0.2259E+01  0.2420E+02
  -0.744  0.2464E+01  0.2423E+02
  -0.734  0.2677E+01  0.2426E+02
  -0.724  0.2898E+01  0.2428E+02
  -0.714  0.3126E+01  0.2432E+02
  -0.704  0.3358E+01  0.2435E+02
  -0.694  0.3595E+01  0.2438E+02
  -0.684  0.3834E+01  0.2442E+02
  -0.674  0.4074E+01  0.2446E+02
  -0.664  0.4315E+01  0.2451E+02
  -0.654  0.4553E+01  0.2455E+02
  -0.644  0.4788E+01  0.2460E+02
  -0.634  0.5017E+01  0.2465E+02
  -0.624  0.5241E+01  0.2470E+02
  -0.614  0.5456E+01  0.2476E+02
  -0.604  0.5663E+01  0.2481E+02
  -0.594  0.5858E+01  0.2487E+02
  -0.584  0.6043E+01  0.2493E+02
  -0.574  0.6214E+01  0.2500E+02
  -0.564  0.6373E+01  0.2506E+02
  -0.554  0.6517E+01  0.2512E+02
  -0.544  0.6647E+01  0.2519E+02
  -0.534  0.6763E+01  0.2526E+02
  -0.524  0.6864E+01  0.2533E+02
  -0.514  0.6951E+01  0.2540E+02
  -0.504  0.7024E+01  0.2547E+02
  -0.494  0.7084E+01  0.2554E+02
  -0.484  0.7131E+01  0.2561E+02
  -0.474  0.7166E+01  0.2568E+02
  -0.464  0.7191E+01  0.2575E+02
  -0.454  0.7206E+01  0.2582E+02
  -0.444  0.7212E+01  0.2590E+02
  -0.434  0.7210E+01  0.2597E+02
  -0.424  0.7203E+01  0.2604E+02
  -0.414  0.7190E+01  0.2611E+02
  -0.404  0.7173E+01  0.2618E+02
  -0.394  0.7153E+01  0.2626E+02
  -0.384  0.7132E+01  0.2633E+02
  -0.374  0.7109E+01  0.2640E+02
  -0.364  0.7087E+01  0.2647E+02
  -0.354  0.7065E+01  0.2654E+02
  -0.344  0.7044E+01  0.2661E+02
  -0.334  0.7024E+01  0.2668E+02
  -0.324  0.7007E+01  0.2675E+02
  -0.314  0.6993E+01  0.2682E+02
  -0.304  0.6981E+01  0.2689E+02
  -0.294  0.6971E+01  0.2696E+02
  -0.284  0.6964E+01  0.2703E+02
  -0.274  0.6960E+01  0.2710E+02
  -0.264  0.6958E+01  0.2717E+02
  -0.254  0.6958E+01  0.2724E+02
  -0.244  0.6960E+01  0.2731E+02
  -0.234  0.6963E+01  0.2738E+02
  -0.224  0.6967E+01  0.2745E+02
  -0.214  0.6973E+01  0.2752E+02
  -0.204  0.6978E+01  0.2759E+02
  -0.194  0.6983E+01  0.2766E+02
  -0.184  0.6988E+01  0.2773E+02
  -0.174  0.6992E+01  0.2780E+02
  -0.164  0.6994E+01  0.2787E+02
  -0.154  0.6995E+01  0.2794E+02
  -0.144  0.6994E+01  0.2801E+02
  -0.134  0.6990E+01  0.2808E+02
  -0.124  0.6983E+01  0.2815E+02
  -0.114  0.6973E+01  0.2822E+02
  -0.104  0.6959E+01  0.2829E+02
  -0.094  0.6942E+01  0.2835E+02
  -0.084  0.6921E+01  0.2842E+02
  -0.074  0.6896E+01  0.2849E+02
  -0.064  0.6867E+01  0.2856E+02
  -0.054  0.6834E+01  0.2863E+02
  -0.044  0.6798E+01  0.2870E+02
  -0.034  0.6757E+01  0.2877E+02
  -0.024  0.6713E+01  0.2883E+02
  -0.014  0.6666E+01  0.2890E+02
  -0.004  0.6616E+01  0.2897E+02
   0.006  0.6564E+01  0.2903E+02
   0.016  0.6510E+01  0.2910E+02
   0.026  0.6455E+01  0.2916E+02
   0.036  0.6399E+01  0.2922E+02
   0.046  0.6345E+01  0.2929E+02
   0.056  0.6291E+01  0.2935E+02
   0.066  0.6239E+01  0.2941E+02
   0.076  0.6190E+01  0.2948E+02
   0.086  0.6145E+01  0.2954E+02
   0.096  0.6104E+01  0.2960E+02
   0.106  0.6068E+01  0.2966E+02
   0.116  0.6038E+01  0.2972E+02
   0.126  0.6013E+01  0.2978E+02
   0.136  0.5996E+01  0.2984E+02
   0.146  0.5985E+01  0.2990E+02
   0.156  0.5982E+01  0.2996E+02
   0.166  0.5985E+01  0.3002E+02
   0.176  0.5997E+01  0.3008E+02
   0.186  0.6015E+01  0.3014E+02
   0.196  0.6040E+01  0.3020E+02
   0.206  0.6072E+01  0.3026E+02
   0.216  0.6110E+01  0.3032E+02
   0.226  0.6154E+01  0.3038E+02
   0.236  0.6203E+01  0.3044E+02
   0.246  0.6257E+01  0.3051E+02
   0.256  0.6315E+01  0.3057E+02
   0.266  0.6375E+01  0.3063E+02
   0.276  0.6439E+01  0.3070E+02
   0.286  0.6504E+01  0.3076E+02
   0.296  0.6570E+01  0.3083E+02
   0.306  0.6638E+01  0.3090E+02
   0.316  0.6705E+01  0.3096E+02
   0.326  0.6772E+01  0.3103E+02
   0.336  0.6839E+01  0.3110E+02
   0.346  0.6904E+01  0.3117E+02
   0.356  0.6968E+01  0.3124E+02
   0.366  0.7030E+01  0.3131E+02
   0.376  0.7091E+01  0.3138E+02
   0.386  0.7149E+01  0.3145E+02
   0.396  0.7204E+01  0.3152E+02
   0.406  0.7257E+01  0.3159E+02
   0.416  0.7307E+01  0.3167E+02
   0.426  0.7353E+01  0.3174E+02
   0.436  0.7397E+01  0.3182E+02
   0.446  0.7436E+01  0.3189E+02
   0.456  0.7471E+01  0.3196E+02
   0.466  0.7501E+01  0.3204E+02
   0.476  0.7527E+01  0.3211E+02
   0.486  0.7547E+01  0.3219E+02
   0.496  0.7561E+01  0.3227E+02
   0.506  0.7570E+01  0.3234E+02
   0.516  0.7571E+01  0.3242E+02
   0.526  0.7566E+01  0.3249E+02
   0.536  0.7554E+01  0.3257E+02
   0.546  0.7534E+01  0.3264E+02
   0.556  0.7507E+01  0.3272E+02
   0.566  0.7473E+01  0.3279E+02
   0.576  0.7432E+01  0.3287E+02
   0.586  0.7383E+01  0.3294E+02
   0.596  0.7329E+01  0.3301E+02
   0.606  0.7268E+01  0.3309E+02
   0.616  0.7202E+01  0.3316E+02
   0.626  0.7132E+01  0.3323E+02
   0.636  0.7059E+01  0.3330E+02
   0.646  0.6984E+01  0.3337E+02
   0.656  0.6908E+01  0.3344E+02
   0.666  0.6832E+01  0.3351E+02
   0.676  0.6758E+01  0.3358E+02
   0.686  0.6687E+01  0.3364E+02
   0.696  0.6621E+01  0.3371E+02
   0.706  0.6560E+01  0.3378E+02
   0.716  0.6506E+01  0.3384E+02
   0.726  0.6460E+01  0.3390E+02
   0.736  0.6423E+01  0.3397E+02
   0.746  0.6396E+01  0.3403E+02
   0.756  0.6379E+01  0.3410E+02
   0.766  0.6374E+01  0.3416E+02
   0.776  0.6381E+01  0.3422E+02
   0.786  0.6399E+01  0.3429E+02
   0.796  0.6429E+01  0.3435E+02
   0.806  0.6471E+01  0.3442E+02
   0.816  0.6524E+01  0.3448E+02
   0.826  0.6587E+01  0.3455E+02
   0.836  0.6661E+01  0.3461E+02
   0.846  0.6744E+01  0.3468E+02
   0.856  0.6835E+01  0.3475E+02
   0.866  0.6933E+01  0.3482E+02
   0.876  0.7037E+01  0.3489E+02
   0.886  0.7145E+01  0.3496E+02
   0.896  0.7257E+01  0.3503E+02
   0.906  0.7371E+01  0.3511E+02
   0.916  0.7485E+01  0.3518E+02
   0.926  0.7599E+01  0.3526E+02
   0.936  0.7710E+01  0.3534E+02
   0.946  0.7818E+01  0.3541E+02
   0.956  0.7921E+01  0.3549E+02
   0.966  0.8019E+01  0.3557E+02
   0.976  0.8110E+01  0.3565E+02
   0.986  0.8194E+01  0.3574E+02
   0.996  0.8269E+01  0.3582E+02
   1.006  0.8335E+01  0.3590E+02
   1.016  0.8392E+01  0.3599E+02
   1.026  0.8439E+01  0.3607E+02
   1.036  0.8476E+01  0.3616E+02
   1.046  0.8504E+01  0.3624E+02
   1.056  0.8522E+01  0.3633E+02
   1.066  0.8531E+01  0.3641E+02
   1.076  0.8532E+01  0.3650E+02
   1.086  0.8524E+01  0.3658E+02
   1.096  0.8509E+01  0.3667E+02
   1.106  0.8487E+01  0.3675E+02
   1.116  0.8460E+01  0.3684E+02
   1.126  0.8429E+01  0.3692E+02
   1.136  0.8394E+01  0.3700E+02
   1.146  0.8357E+01  0.3709E+02
   1.156  0.8318E+01  0.3717E+02
   1.166  0.8279E+01  0.3725E+02
   1.176  0.8241E+01  0.3734E+02
   1.186  0.8205E+01  0.3742E+02
   1.196  0.8171E+01  0.3750E+02
   1.206  0.8141E+01  0.3758E+02
   1.216  0.8115E+01  0.3766E+02
   1.226  0.8094E+01  0.3774E+02
   1.236  0.8077E+01  0.3782E+02
   1.246  0.8066E+01  0.3791E+02
   1.256  0.8061E+01  0.3799E+02
   1.266  0.8061E+01  0.3807E+02
   1.276  0.8067E+01  0.3815E+02
   1.286  0.8079E+01  0.3823E+02
   1.296  0.8095E+01  0.3831E+02
   1.306  0.8117E+01  0.3839E+02
   1.316  0.8142E+01  0.3847E+02
   1.326  0.8172E+01  0.3855E+02
   1.336  0.8204E+01  0.3864E+02
   1.346  0.8239E+01  0.3872E+02
   1.356  0.8277E+01  0.3880E+02
   1.366  0.8315E+01  0.3888E+02
   1.376  0.8354E+01  0.3897E+02
   1.386  0.8394E+01  0.3905E+02
   1.396  0.8433E+01  0.3914E+02
   1.406  0.8470E+01  0.3922E+02
   1.416  0.8507E+01  0.3931E+02
   1.426  0.8541E+01  0.3939E+02
   1.436  0.8572E+01  0.3948E+02
   1.446  0.8601E+01  0.3956E+02
   1.456  0.8626E+01  0.3965E+02
   1.466  0.8647E+01  0.3974E+02
   1.476  0.8665E+01  0.3982E+02
   1.486  0.8678E+01  0.3991E+02
   1.496  0.8687E+01  0.4000E+02
   1.506  0.8692E+01  0.4008E+02
   1.516  0.8691E+01  0.4017E+02
   1.526  0.8686E+01  0.4026E+02
   1.536  0.8676E+01  0.4034E+02
   1.546  0.8661E+01  0.4043E+02
   1.556  0.8641E+01  0.4052E+02
   1.566  0.8617E+01  0.4060E+02
   1.576  0.8587E+01  0.4069E+02
   1.586  0.8554E+01  0.4077E+02
   1.596  0.8515E+01  0.4086E+02
   1.606  0.8473E+01  0.4094E+02
   1.616  0.8427E+01  0.4103E+02
   1.626  0.8377E+01  0.4111E+02
   1.636  0.8323E+01  0.4119E+02
   1.646  0.8267E+01  0.4128E+02
   1.656  0.8208E+01  0.4136E+02
   1.666  0.8146E+01  0.4144E+02
   1.676  0.8083E+01  0.4152E+02
   1.686  0.8018E+01  0.4160E+02
   1.696  0.7952E+01  0.4168E+02
   1.706  0.7885E+01  0.4176E+02
   1.716  0.7817E+01  0.4184E+02
   1.726  0.7749E+01  0.4192E+02
   1.736  0.7680E+01  0.4199E+02
   1.746  0.7612E+01  0.4207E+02
   1.756  0.7545E+01  0.4214E+02
   1.766  0.7477E+01  0.4222E+02
   1.776  0.7410E+01  0.4229E+02
   1.786  0.7344E+01  0.4237E+02
   1.796  0.7279E+01  0.4244E+02
   1.806  0.7214E+01  0.4251E+02
   1.816  0.7150E+01  0.4258E+02
   1.826  0.7086E+01  0.4265E+02
   1.836  0.7023E+01  0.4272E+02
   1.846  0.6961E+01  0.4279E+02
   1.856  0.6900E+01  0.4286E+02
   1.866  0.6839E+01  0.4293E+02
   1.876  0.6780E+01  0.4300E+02
   1.886  0.6721E+01  0.4307E+02
   1.896  0.6663E+01  0.4313E+02
   1.906  0.6606E+01  0.4320E+02
   1.916  0.6552E+01  0.4326E+02
   1.926  0.6499E+01  0.4333E+02
   1.936  0.6448E+01  0.4339E+02
   1.946  0.6399E+01  0.4346E+02
   1.956  0.6354E+01  0.4352E+02
   1.966  0.6312E+01  0.4358E+02
   1.976  0.6274E+01  0.4365E+02
   1.986  0.6241E+01  0.4371E+02
   1.996  0.6212E+01  0.4377E+02
   2.006  0.6188E+01  0.4383E+02
   2.016  0.6170E+01  0.4390E+02
   2.026  0.6157E+01  0.4396E+02
   2.036  0.6151E+01  0.4402E+02
   2.046  0.6152E+01  0.4408E+02
   2.056  0.6159E+01  0.4414E+02
   2.066  0.6173E+01  0.4420E+02
   2.076  0.6194E+01  0.4427E+02
   2.086  0.6222E+01  0.4433E+02
   2.096  0.6256E+01  0.4439E+02
   2.106  0.6297E+01  0.4445E+02
   2.116  0.6343E+01  0.4452E+02
   2.126  0.6395E+01  0.4458E+02
   2.136  0.6452E+01  0.4464E+02
   2.146  0.6513E+01  0.4471E+02
   2.156  0.6578E+01  0.4478E+02
   2.166  0.6646E+01  0.4484E+02
   2.176  0.6715E+01  0.4491E+02
   2.186  0.6787E+01  0.4498E+02
   2.196  0.6858E+01  0.4505E+02
   2.206  0.6929E+01  0.4512E+02
   2.216  0.6998E+01  0.4519E+02
   2.226  0.7065E+01  0.4526E+02
   2.236  0.7129E+01  0.4533E+02
   2.246  0.7189E+01  0.4540E+02
   2.256  0.7245E+01  0.4547E+02
   2.266  0.7294E+01  0.4554E+02
   2.276  0.7338E+01  0.4562E+02
   2.286  0.7374E+01  0.4569E+02
   2.296  0.7403E+01  0.4577E+02
   2.306  0.7424E+01  0.4584E+02
   2.316  0.7436E+01  0.4591E+02
   2.326  0.7438E+01  0.4599E+02
   2.336  0.7432E+01  0.4606E+02
   2.346  0.7415E+01  0.4614E+02
   2.356  0.7388E+01  0.4621E+02
   2.366  0.7350E+01  0.4628E+02
   2.376  0.7302E+01  0.4636E+02
   2.386  0.7242E+01  0.4643E+02
   2.396  0.7171E+01  0.4650E+02
   2.406  0.7089E+01  0.4657E+02
   2.416  0.6995E+01  0.4664E+02
   2.426  0.6889E+01  0.4671E+02
   2.436  0.6772E+01  0.4678E+02
   2.446  0.6644E+01  0.4685E+02
   2.456  0.6504E+01  0.4691E+02
   2.466  0.6353E+01  0.4697E+02
   2.476  0.6192E+01  0.4704E+02
   2.486  0.6021E+01  0.4710E+02
   2.496  0.5840E+01  0.4715E+02
   2.506  0.5650E+01  0.4721E+02
   2.516  0.5452E+01  0.4727E+02
   2.526  0.5247E+01  0.4732E+02
   2.536  0.5035E+01  0.4737E+02
   2.546  0.4818E+01  0.4742E+02
   2.556  0.4596E+01  0.4746E+02
   2.566  0.4372E+01  0.4751E+02
   2.576  0.4145E+01  0.4755E+02
   2.586  0.3917E+01  0.4759E+02
   2.596  0.3690E+01  0.4762E+02
   2.606  0.3464E+01  0.4766E+02
