#  E (eV)   dos(E)     Int dos(E) EFermi =   2.546 eV
 -17.996  0.4270E-04  0.4270E-06
 -17.986  0.4943E-04  0.9213E-06
 -17.976  0.5716E-04  0.1493E-05
 -17.966  0.6602E-04  0.2153E-05
 -17.956  0.7616E-04  0.2915E-05
 -17.946  0.8775E-04  0.3792E-05
 -17.936  0.1010E-03  0.4802E-05
 -17.926  0.1161E-03  0.5963E-05
 -17.916  0.1333E-03  0.7295E-05
 -17.906  0.1528E-03  0.8824E-05
 -17.896  0.1750E-03  0.1057E-04
 -17.886  0.2002E-03  0.1258E-04
 -17.876  0.2288E-03  0.1486E-04
 -17.866  0.2611E-03  0.1748E-04
 -17.856  0.2977E-03  0.2045E-04
 -17.846  0.3389E-03  0.2384E-04
 -17.836  0.3854E-03  0.2769E-04
 -17.826  0.4377E-03  0.3207E-04
 -17.816  0.4966E-03  0.3704E-04
 -17.806  0.5627E-03  0.4267E-04
 -17.796  0.6369E-03  0.4903E-04
 -17.786  0.7200E-03  0.5623E-04
 -17.776  0.8129E-03  0.6436E-04
 -17.766  0.9168E-03  0.7353E-04
 -17.756  0.1033E-02  0.8386E-04
 -17.746  0.1162E-02  0.9548E-04
 -17.736  0.1306E-02  0.1085E-03
 -17.726  0.1466E-02  0.1232E-03
 -17.716  0.1643E-02  0.1396E-03
 -17.706  0.1840E-02  0.1580E-03
 -17.696  0.2058E-02  0.1786E-03
 -17.686  0.2299E-02  0.2016E-03
 -17.676  0.2565E-02  0.2272E-03
 -17.666  0.2859E-02  0.2558E-03
 -17.656  0.3183E-02  0.2877E-03
 -17.646  0.3539E-02  0.3231E-03
 -17.636  0.3931E-02  0.3624E-03
 -17.626  0.4361E-02  0.4060E-03
 -17.616  0.4832E-02  0.4543E-03
 -17.606  0.5348E-02  0.5078E-03
 -17.596  0.5912E-02  0.5669E-03
 -17.586  0.6528E-02  0.6322E-03
 -17.576  0.7200E-02  0.7042E-03
 -17.566  0.7932E-02  0.7835E-03
 -17.556  0.8728E-02  0.8708E-03
 -17.546  0.9594E-02  0.9667E-03
 -17.536  0.1053E-01  0.1072E-02
 -17.526  0.1155E-01  0.1188E-02
 -17.516  0.1265E-01  0.1314E-02
 -17.506  0.1384E-01  0.1453E-02
 -17.496  0.1513E-01  0.1604E-02
 -17.486  0.1652E-01  0.1769E-02
 -17.476  0.1801E-01  0.1949E-02
 -17.466  0.1962E-01  0.2145E-02
 -17.456  0.2134E-01  0.2359E-02
 -17.446  0.2320E-01  0.2591E-02
 -17.436  0.2518E-01  0.2842E-02
 -17.426  0.2731E-01  0.3115E-02
 -17.416  0.2958E-01  0.3411E-02
 -17.406  0.3201E-01  0.3731E-02
 -17.396  0.3460E-01  0.4077E-02
 -17.386  0.3736E-01  0.4451E-02
 -17.376  0.4030E-01  0.4854E-02
 -17.366  0.4342E-01  0.5288E-02
 -17.356  0.4673E-01  0.5756E-02
 -17.346  0.5025E-01  0.6258E-02
 -17.336  0.5398E-01  0.6798E-02
 -17.326  0.5792E-01  0.7377E-02
 -17.316  0.6209E-01  0.7998E-02
 -17.306  0.6649E-01  0.8663E-02
 -17.296  0.7113E-01  0.9374E-02
 -17.286  0.7603E-01  0.1013E-01
 -17.276  0.8118E-01  0.1095E-01
 -17.266  0.8660E-01  0.1181E-01
 -17.256  0.9230E-01  0.1274E-01
 -17.246  0.9827E-01  0.1372E-01
 -17.236  0.1045E+00  0.1476E-01
 -17.226  0.1111E+00  0.1587E-01
 -17.216  0.1180E+00  0.1705E-01
 -17.206  0.1252E+00  0.1831E-01
 -17.196  0.1327E+00  0.1963E-01
 -17.186  0.1406E+00  0.2104E-01
 -17.176  0.1488E+00  0.2253E-01
 -17.166  0.1574E+00  0.2410E-01
 -17.156  0.1663E+00  0.2576E-01
 -17.146  0.1756E+00  0.2752E-01
 -17.136  0.1853E+00  0.2937E-01
 -17.126  0.1953E+00  0.3133E-01
 -17.116  0.2058E+00  0.3338E-01
 -17.106  0.2167E+00  0.3555E-01
 -17.096  0.2280E+00  0.3783E-01
 -17.086  0.2398E+00  0.4023E-01
 -17.076  0.2520E+00  0.4275E-01
 -17.066  0.2647E+00  0.4539E-01
 -17.056  0.2778E+00  0.4817E-01
 -17.046  0.2915E+00  0.5109E-01
 -17.036  0.3056E+00  0.5414E-01
 -17.026  0.3203E+00  0.5735E-01
 -17.016  0.3355E+00  0.6070E-01
 -17.006  0.3513E+00  0.6422E-01
 -16.996  0.3677E+00  0.6789E-01
 -16.986  0.3847E+00  0.7174E-01
 -16.976  0.4022E+00  0.7576E-01
 -16.966  0.4205E+00  0.7997E-01
 -16.956  0.4393E+00  0.8436E-01
 -16.946  0.4589E+00  0.8895E-01
 -16.936  0.4792E+00  0.9374E-01
 -16.926  0.5002E+00  0.9874E-01
 -16.916  0.5220E+00  0.1040E+00
 -16.906  0.5445E+00  0.1094E+00
 -16.896  0.5679E+00  0.1151E+00
 -16.886  0.5921E+00  0.1210E+00
 -16.876  0.6171E+00  0.1272E+00
 -16.866  0.6430E+00  0.1336E+00
 -16.856  0.6699E+00  0.1403E+00
 -16.846  0.6977E+00  0.1473E+00
 -16.836  0.7264E+00  0.1545E+00
 -16.826  0.7562E+00  0.1621E+00
 -16.816  0.7869E+00  0.1700E+00
 -16.806  0.8187E+00  0.1782E+00
 -16.796  0.8515E+00  0.1867E+00
 -16.786  0.8854E+00  0.1955E+00
 -16.776  0.9203E+00  0.2047E+00
 -16.766  0.9564E+00  0.2143E+00
 -16.756  0.9936E+00  0.2242E+00
 -16.746  0.1032E+01  0.2346E+00
 -16.736  0.1071E+01  0.2453E+00
 -16.726  0.1112E+01  0.2564E+00
 -16.716  0.1153E+01  0.2679E+00
 -16.706  0.1196E+01  0.2799E+00
 -16.696  0.1240E+01  0.2923E+00
 -16.686  0.1285E+01  0.3051E+00
 -16.676  0.1331E+01  0.3184E+00
 -16.666  0.1378E+01  0.3322E+00
 -16.656  0.1426E+01  0.3465E+00
 -16.646  0.1475E+01  0.3612E+00
 -16.636  0.1525E+01  0.3765E+00
 -16.626  0.1576E+01  0.3922E+00
 -16.616  0.1628E+01  0.4085E+00
 -16.606  0.1680E+01  0.4253E+00
 -16.596  0.1733E+01  0.4427E+00
 -16.586  0.1787E+01  0.4605E+00
 -16.576  0.1842E+01  0.4789E+00
 -16.566  0.1897E+01  0.4979E+00
 -16.556  0.1952E+01  0.5174E+00
 -16.546  0.2008E+01  0.5375E+00
 -16.536  0.2064E+01  0.5582E+00
 -16.526  0.2120E+01  0.5794E+00
 -16.516  0.2177E+01  0.6011E+00
 -16.506  0.2233E+01  0.6235E+00
 -16.496  0.2289E+01  0.6463E+00
 -16.486  0.2345E+01  0.6698E+00
 -16.476  0.2401E+01  0.6938E+00
 -16.466  0.2456E+01  0.7184E+00
 -16.456  0.2511E+01  0.7435E+00
 -16.446  0.2565E+01  0.7691E+00
 -16.436  0.2618E+01  0.7953E+00
 -16.426  0.2671E+01  0.8220E+00
 -16.416  0.2722E+01  0.8492E+00
 -16.406  0.2773E+01  0.8770E+00
 -16.396  0.2823E+01  0.9052E+00
 -16.386  0.2871E+01  0.9339E+00
 -16.376  0.2918E+01  0.9631E+00
 -16.366  0.2963E+01  0.9927E+00
 -16.356  0.3008E+01  0.1023E+01
 -16.346  0.3050E+01  0.1053E+01
 -16.336  0.3091E+01  0.1084E+01
 -16.326  0.3131E+01  0.1116E+01
 -16.316  0.3169E+01  0.1147E+01
 -16.306  0.3205E+01  0.1179E+01
 -16.296  0.3239E+01  0.1212E+01
 -16.286  0.3272E+01  0.1244E+01
 -16.276  0.3302E+01  0.1277E+01
 -16.266  0.3331E+01  0.1311E+01
 -16.256  0.3358E+01  0.1344E+01
 -16.246  0.3383E+01  0.1378E+01
 -16.236  0.3406E+01  0.1412E+01
 -16.226  0.3428E+01  0.1446E+01
 -16.216  0.3447E+01  0.1481E+01
 -16.206  0.3465E+01  0.1516E+01
 -16.196  0.3481E+01  0.1550E+01
 -16.186  0.3495E+01  0.1585E+01
 -16.176  0.3508E+01  0.1620E+01
 -16.166  0.3519E+01  0.1656E+01
 -16.156  0.3528E+01  0.1691E+01
 -16.146  0.3536E+01  0.1726E+01
 -16.136  0.3542E+01  0.1762E+01
 -16.126  0.3547E+01  0.1797E+01
 -16.116  0.3550E+01  0.1833E+01
 -16.106  0.3552E+01  0.1868E+01
 -16.096  0.3553E+01  0.1904E+01
 -16.086  0.3553E+01  0.1939E+01
 -16.076  0.3551E+01  0.1975E+01
 -16.066  0.3549E+01  0.2010E+01
 -16.056  0.3545E+01  0.2046E+01
 -16.046  0.3541E+01  0.2081E+01
 -16.036  0.3536E+01  0.2116E+01
 -16.026  0.3530E+01  0.2152E+01
 -16.016  0.3524E+01  0.2187E+01
 -16.006  0.3516E+01  0.2222E+01
 -15.996  0.3508E+01  0.2257E+01
 -15.986  0.3500E+01  0.2292E+01
 -15.976  0.3491E+01  0.2327E+01
 -15.966  0.3482E+01  0.2362E+01
 -15.956  0.3473E+01  0.2397E+01
 -15.946  0.3463E+01  0.2431E+01
 -15.936  0.3453E+01  0.2466E+01
 -15.926  0.3442E+01  0.2500E+01
 -15.916  0.3432E+01  0.2535E+01
 -15.906  0.3422E+01  0.2569E+01
 -15.896  0.3411E+01  0.2603E+01
 -15.886  0.3400E+01  0.2637E+01
 -15.876  0.3390E+01  0.2671E+01
 -15.866  0.3379E+01  0.2705E+01
 -15.856  0.3369E+01  0.2738E+01
 -15.846  0.3358E+01  0.2772E+01
 -15.836  0.3348E+01  0.2805E+01
 -15.826  0.3338E+01  0.2839E+01
 -15.816  0.3328E+01  0.2872E+01
 -15.806  0.3319E+01  0.2905E+01
 -15.796  0.3310E+01  0.2938E+01
 -15.786  0.3301E+01  0.2971E+01
 -15.776  0.3292E+01  0.3004E+01
 -15.766  0.3284E+01  0.3037E+01
 -15.756  0.3276E+01  0.3070E+01
 -15.746  0.3269E+01  0.3102E+01
 -15.736  0.3262E+01  0.3135E+01
 -15.726  0.3256E+01  0.3168E+01
 -15.716  0.3250E+01  0.3200E+01
 -15.706  0.3245E+01  0.3233E+01
 -15.696  0.3240E+01  0.3265E+01
 -15.686  0.3236E+01  0.3297E+01
 -15.676  0.3233E+01  0.3330E+01
 -15.666  0.3230E+01  0.3362E+01
 -15.656  0.3228E+01  0.3394E+01
 -15.646  0.3227E+01  0.3427E+01
 -15.636  0.3226E+01  0.3459E+01
 -15.626  0.3227E+01  0.3491E+01
 -15.616  0.3228E+01  0.3523E+01
 -15.606  0.3229E+01  0.3556E+01
 -15.596  0.3232E+01  0.3588E+01
 -15.586  0.3235E+01  0.3620E+01
 -15.576  0.3239E+01  0.3653E+01
 -15.566  0.3244E+01  0.3685E+01
 -15.556  0.3250E+01  0.3718E+01
 -15.546  0.3257E+01  0.3750E+01
 -15.536  0.3264E+01  0.3783E+01
 -15.526  0.3272E+01  0.3816E+01
 -15.516  0.3281E+01  0.3848E+01
 -15.506  0.3291E+01  0.3881E+01
 -15.496  0.3301E+01  0.3914E+01
 -15.486  0.3312E+01  0.3947E+01
 -15.476  0.3324E+01  0.3981E+01
 -15.466  0.3337E+01  0.4014E+01
 -15.456  0.3350E+01  0.4048E+01
 -15.446  0.3364E+01  0.4081E+01
 -15.436  0.3379E+01  0.4115E+01
 -15.426  0.3394E+01  0.4149E+01
 -15.416  0.3410E+01  0.4183E+01
 -15.406  0.3427E+01  0.4217E+01
 -15.396  0.3444E+01  0.4252E+01
 -15.386  0.3462E+01  0.4286E+01
 -15.376  0.3481E+01  0.4321E+01
 -15.366  0.3500E+01  0.4356E+01
 -15.356  0.3520E+01  0.4391E+01
 -15.346  0.3541E+01  0.4427E+01
 -15.336  0.3562E+01  0.4462E+01
 -15.326  0.3584E+01  0.4498E+01
 -15.316  0.3607E+01  0.4534E+01
 -15.306  0.3631E+01  0.4571E+01
 -15.296  0.3655E+01  0.4607E+01
 -15.286  0.3681E+01  0.4644E+01
 -15.276  0.3708E+01  0.4681E+01
 -15.266  0.3735E+01  0.4718E+01
 -15.256  0.3764E+01  0.4756E+01
 -15.246  0.3794E+01  0.4794E+01
 -15.236  0.3826E+01  0.4832E+01
 -15.226  0.3859E+01  0.4871E+01
 -15.216  0.3894E+01  0.4910E+01
 -15.206  0.3930E+01  0.4949E+01
 -15.196  0.3968E+01  0.4989E+01
 -15.186  0.4009E+01  0.5029E+01
 -15.176  0.4051E+01  0.5069E+01
 -15.166  0.4095E+01  0.5110E+01
 -15.156  0.4142E+01  0.5152E+01
 -15.146  0.4191E+01  0.5194E+01
 -15.136  0.4243E+01  0.5236E+01
 -15.126  0.4298E+01  0.5279E+01
 -15.116  0.4355E+01  0.5323E+01
 -15.106  0.4416E+01  0.5367E+01
 -15.096  0.4479E+01  0.5412E+01
 -15.086  0.4545E+01  0.5457E+01
 -15.076  0.4615E+01  0.5503E+01
 -15.066  0.4688E+01  0.5550E+01
 -15.056  0.4764E+01  0.5598E+01
 -15.046  0.4844E+01  0.5646E+01
 -15.036  0.4927E+01  0.5695E+01
 -15.026  0.5013E+01  0.5746E+01
 -15.016  0.5103E+01  0.5797E+01
 -15.006  0.5196E+01  0.5849E+01
 -14.996  0.5293E+01  0.5901E+01
 -14.986  0.5392E+01  0.5955E+01
 -14.976  0.5495E+01  0.6010E+01
 -14.966  0.5601E+01  0.6066E+01
 -14.956  0.5709E+01  0.6123E+01
 -14.946  0.5820E+01  0.6182E+01
 -14.936  0.5934E+01  0.6241E+01
 -14.926  0.6050E+01  0.6301E+01
 -14.916  0.6168E+01  0.6363E+01
 -14.906  0.6288E+01  0.6426E+01
 -14.896  0.6409E+01  0.6490E+01
 -14.886  0.6531E+01  0.6555E+01
 -14.876  0.6654E+01  0.6622E+01
 -14.866  0.6778E+01  0.6690E+01
 -14.856  0.6901E+01  0.6759E+01
 -14.846  0.7025E+01  0.6829E+01
 -14.836  0.7147E+01  0.6900E+01
 -14.826  0.7269E+01  0.6973E+01
 -14.816  0.7389E+01  0.7047E+01
 -14.806  0.7507E+01  0.7122E+01
 -14.796  0.7622E+01  0.7198E+01
 -14.786  0.7735E+01  0.7276E+01
 -14.776  0.7845E+01  0.7354E+01
 -14.766  0.7951E+01  0.7434E+01
 -14.756  0.8052E+01  0.7514E+01
 -14.746  0.8149E+01  0.7596E+01
 -14.736  0.8241E+01  0.7678E+01
 -14.726  0.8328E+01  0.7761E+01
 -14.716  0.8408E+01  0.7845E+01
 -14.706  0.8483E+01  0.7930E+01
 -14.696  0.8550E+01  0.8016E+01
 -14.686  0.8611E+01  0.8102E+01
 -14.676  0.8665E+01  0.8189E+01
 -14.666  0.8710E+01  0.8276E+01
 -14.656  0.8748E+01  0.8363E+01
 -14.646  0.8778E+01  0.8451E+01
 -14.636  0.8800E+01  0.8539E+01
 -14.626  0.8812E+01  0.8627E+01
 -14.616  0.8817E+01  0.8715E+01
 -14.606  0.8812E+01  0.8803E+01
 -14.596  0.8798E+01  0.8891E+01
 -14.586  0.8776E+01  0.8979E+01
 -14.576  0.8744E+01  0.9066E+01
 -14.566  0.8703E+01  0.9153E+01
 -14.556  0.8654E+01  0.9240E+01
 -14.546  0.8595E+01  0.9326E+01
 -14.536  0.8528E+01  0.9411E+01
 -14.526  0.8452E+01  0.9496E+01
 -14.516  0.8368E+01  0.9579E+01
 -14.506  0.8276E+01  0.9662E+01
 -14.496  0.8175E+01  0.9744E+01
 -14.486  0.8067E+01  0.9825E+01
 -14.476  0.7952E+01  0.9904E+01
 -14.466  0.7829E+01  0.9982E+01
 -14.456  0.7700E+01  0.1006E+02
 -14.446  0.7564E+01  0.1014E+02
 -14.436  0.7423E+01  0.1021E+02
 -14.426  0.7275E+01  0.1028E+02
 -14.416  0.7123E+01  0.1035E+02
 -14.406  0.6966E+01  0.1042E+02
 -14.396  0.6804E+01  0.1049E+02
 -14.386  0.6639E+01  0.1056E+02
 -14.376  0.6470E+01  0.1062E+02
 -14.366  0.6299E+01  0.1069E+02
 -14.356  0.6125E+01  0.1075E+02
 -14.346  0.5949E+01  0.1081E+02
 -14.336  0.5771E+01  0.1086E+02
 -14.326  0.5592E+01  0.1092E+02
 -14.316  0.5412E+01  0.1097E+02
 -14.306  0.5232E+01  0.1103E+02
 -14.296  0.5052E+01  0.1108E+02
 -14.286  0.4873E+01  0.1113E+02
 -14.276  0.4695E+01  0.1117E+02
 -14.266  0.4518E+01  0.1122E+02
 -14.256  0.4342E+01  0.1126E+02
 -14.246  0.4168E+01  0.1130E+02
 -14.236  0.3997E+01  0.1134E+02
 -14.226  0.3828E+01  0.1138E+02
 -14.216  0.3662E+01  0.1142E+02
 -14.206  0.3500E+01  0.1145E+02
 -14.196  0.3340E+01  0.1149E+02
 -14.186  0.3184E+01  0.1152E+02
 -14.176  0.3032E+01  0.1155E+02
 -14.166  0.2884E+01  0.1158E+02
 -14.156  0.2739E+01  0.1160E+02
 -14.146  0.2599E+01  0.1163E+02
 -14.136  0.2463E+01  0.1165E+02
 -14.126  0.2332E+01  0.1168E+02
 -14.116  0.2205E+01  0.1170E+02
 -14.106  0.2082E+01  0.1172E+02
 -14.096  0.1964E+01  0.1174E+02
 -14.086  0.1851E+01  0.1176E+02
 -14.076  0.1742E+01  0.1178E+02
 -14.066  0.1637E+01  0.1179E+02
 -14.056  0.1537E+01  0.1181E+02
 -14.046  0.1441E+01  0.1182E+02
 -14.036  0.1350E+01  0.1184E+02
 -14.026  0.1263E+01  0.1185E+02
 -14.016  0.1180E+01  0.1186E+02
 -14.006  0.1102E+01  0.1187E+02
 -13.996  0.1027E+01  0.1188E+02
 -13.986  0.9562E+00  0.1189E+02
 -13.976  0.8894E+00  0.1190E+02
 -13.966  0.8262E+00  0.1191E+02
 -13.956  0.7666E+00  0.1192E+02
 -13.946  0.7105E+00  0.1192E+02
 -13.936  0.6577E+00  0.1193E+02
 -13.926  0.6081E+00  0.1194E+02
 -13.916  0.5616E+00  0.1194E+02
 -13.906  0.5180E+00  0.1195E+02
 -13.896  0.4772E+00  0.1195E+02
 -13.886  0.4392E+00  0.1196E+02
 -13.876  0.4037E+00  0.1196E+02
 -13.866  0.3706E+00  0.1196E+02
 -13.856  0.3398E+00  0.1197E+02
 -13.846  0.3112E+00  0.1197E+02
 -13.836  0.2847E+00  0.1197E+02
 -13.826  0.2602E+00  0.1198E+02
 -13.816  0.2375E+00  0.1198E+02
 -13.806  0.2165E+00  0.1198E+02
 -13.796  0.1971E+00  0.1198E+02
 -13.786  0.1792E+00  0.1198E+02
 -13.776  0.1628E+00  0.1199E+02
 -13.766  0.1477E+00  0.1199E+02
 -13.756  0.1339E+00  0.1199E+02
 -13.746  0.1212E+00  0.1199E+02
 -13.736  0.1096E+00  0.1199E+02
 -13.726  0.9893E-01  0.1199E+02
 -13.716  0.8923E-01  0.1199E+02
 -13.706  0.8038E-01  0.1199E+02
 -13.696  0.7233E-01  0.1199E+02
 -13.686  0.6501E-01  0.1199E+02
 -13.676  0.5836E-01  0.1200E+02
 -13.666  0.5233E-01  0.1200E+02
 -13.656  0.4686E-01  0.1200E+02
 -13.646  0.4192E-01  0.1200E+02
 -13.636  0.3745E-01  0.1200E+02
 -13.626  0.3342E-01  0.1200E+02
 -13.616  0.2979E-01  0.1200E+02
 -13.606  0.2652E-01  0.1200E+02
 -13.596  0.2359E-01  0.1200E+02
 -13.586  0.2095E-01  0.1200E+02
 -13.576  0.1859E-01  0.1200E+02
 -13.566  0.1647E-01  0.1200E+02
 -13.556  0.1458E-01  0.1200E+02
 -13.546  0.1288E-01  0.1200E+02
 -13.536  0.1138E-01  0.1200E+02
 -13.526  0.1003E-01  0.1200E+02
 -13.516  0.8838E-02  0.1200E+02
 -13.506  0.7776E-02  0.1200E+02
 -13.496  0.6834E-02  0.1200E+02
 -13.486  0.5999E-02  0.1200E+02
 -13.476  0.5259E-02  0.1200E+02
 -13.466  0.4605E-02  0.1200E+02
 -13.456  0.4028E-02  0.1200E+02
 -13.446  0.3519E-02  0.1200E+02
 -13.436  0.3071E-02  0.1200E+02
 -13.426  0.2676E-02  0.1200E+02
 -13.416  0.2330E-02  0.1200E+02
 -13.406  0.2026E-02  0.1200E+02
 -13.396  0.1759E-02  0.1200E+02
 -13.386  0.1526E-02  0.1200E+02
 -13.376  0.1322E-02  0.1200E+02
 -13.366  0.1144E-02  0.1200E+02
 -13.356  0.9890E-03  0.1200E+02
 -13.346  0.8539E-03  0.1200E+02
 -13.336  0.7363E-03  0.1200E+02
 -13.326  0.6342E-03  0.1200E+02
 -13.316  0.5456E-03  0.1200E+02
 -13.306  0.4688E-03  0.1200E+02
 -13.296  0.4023E-03  0.1200E+02
 -13.286  0.3449E-03  0.1200E+02
 -13.276  0.2953E-03  0.1200E+02
 -13.266  0.2526E-03  0.1200E+02
 -13.256  0.2157E-03  0.1200E+02
 -13.246  0.1841E-03  0.1200E+02
 -13.236  0.1569E-03  0.1200E+02
 -13.226  0.1335E-03  0.1200E+02
 -13.216  0.1135E-03  0.1200E+02
 -13.206  0.9639E-04  0.1200E+02
 -13.196  0.8175E-04  0.1200E+02
 -13.186  0.6925E-04  0.1200E+02
 -13.176  0.5860E-04  0.1200E+02
 -13.166  0.4953E-04  0.1200E+02
 -13.156  0.4181E-04  0.1200E+02
 -13.146  0.3525E-04  0.1200E+02
 -13.136  0.2969E-04  0.1200E+02
 -13.126  0.2497E-04  0.1200E+02
 -13.116  0.2098E-04  0.1200E+02
 -13.106  0.1760E-04  0.1200E+02
 -13.096  0.1476E-04  0.1200E+02
 -13.086  0.1235E-04  0.1200E+02
 -13.076  0.1033E-04  0.1200E+02
 -13.066  0.8628E-05  0.1200E+02
 -13.056  0.7197E-05  0.1200E+02
 -13.046  0.5997E-05  0.1200E+02
 -13.036  0.4991E-05  0.1200E+02
 -13.026  0.4149E-05  0.1200E+02
 -13.016  0.3445E-05  0.1200E+02
 -13.006  0.2857E-05  0.1200E+02
 -12.996  0.2366E-05  0.1200E+02
 -12.986  0.1958E-05  0.1200E+02
 -12.976  0.1618E-05  0.1200E+02
 -12.966  0.1335E-05  0.1200E+02
 -12.956  0.1101E-05  0.1200E+02
 -12.946  0.9063E-06  0.1200E+02
 -12.936  0.7454E-06  0.1200E+02
 -12.926  0.6123E-06  0.1200E+02
 -12.916  0.5024E-06  0.1200E+02
 -12.906  0.4117E-06  0.1200E+02
 -12.896  0.3370E-06  0.1200E+02
 -12.886  0.2755E-06  0.1200E+02
 -12.876  0.2250E-06  0.1200E+02
 -12.866  0.1835E-06  0.1200E+02
 -12.856  0.1495E-06  0.1200E+02
 -12.846  0.1217E-06  0.1200E+02
 -12.836  0.9889E-07  0.1200E+02
 -12.826  0.8028E-07  0.1200E+02
 -12.816  0.6509E-07  0.1200E+02
 -12.806  0.5271E-07  0.1200E+02
 -12.796  0.4264E-07  0.1200E+02
 -12.786  0.3445E-07  0.1200E+02
 -12.776  0.2780E-07  0.1200E+02
 -12.766  0.2241E-07  0.1200E+02
 -12.756  0.1804E-07  0.1200E+02
 -12.746  0.1451E-07  0.1200E+02
 -12.736  0.1165E-07  0.1200E+02
 -12.726  0.9349E-08  0.1200E+02
 -12.716  0.7491E-08  0.1200E+02
 -12.706  0.5995E-08  0.1200E+02
 -12.696  0.4792E-08  0.1200E+02
 -12.686  0.3827E-08  0.1200E+02
 -12.676  0.3052E-08  0.1200E+02
 -12.666  0.2431E-08  0.1200E+02
 -12.656  0.1934E-08  0.1200E+02
 -12.646  0.1537E-08  0.1200E+02
 -12.636  0.1220E-08  0.1200E+02
 -12.626  0.9670E-09  0.1200E+02
 -12.616  0.7657E-09  0.1200E+02
 -12.606  0.6056E-09  0.1200E+02
 -12.596  0.4784E-09  0.1200E+02
 -12.586  0.3775E-09  0.1200E+02
 -12.576  0.2975E-09  0.1200E+02
 -12.566  0.2342E-09  0.1200E+02
 -12.556  0.1841E-09  0.1200E+02
 -12.546  0.1446E-09  0.1200E+02
 -12.536  0.1134E-09  0.1200E+02
 -12.526  0.8885E-10  0.1200E+02
 -12.516  0.6953E-10  0.1200E+02
 -12.506  0.5434E-10  0.1200E+02
 -12.496  0.4242E-10  0.1200E+02
 -12.486  0.3308E-10  0.1200E+02
 -12.476  0.2576E-10  0.1200E+02
 -12.466  0.2004E-10  0.1200E+02
 -12.456  0.1557E-10  0.1200E+02
 -12.446  0.1208E-10  0.1200E+02
 -12.436  0.9366E-11  0.1200E+02
 -12.426  0.7251E-11  0.1200E+02
 -12.416  0.5607E-11  0.1200E+02
 -12.406  0.4331E-11  0.1200E+02
 -12.396  0.3341E-11  0.1200E+02
 -12.386  0.2574E-11  0.1200E+02
 -12.376  0.1981E-11  0.1200E+02
 -12.366  0.1523E-11  0.1200E+02
 -12.356  0.1169E-11  0.1200E+02
 -12.346  0.8968E-12  0.1200E+02
 -12.336  0.6870E-12  0.1200E+02
 -12.326  0.5256E-12  0.1200E+02
 -12.316  0.4016E-12  0.1200E+02
 -12.306  0.3066E-12  0.1200E+02
 -12.296  0.2337E-12  0.1200E+02
 -12.286  0.1780E-12  0.1200E+02
 -12.276  0.1353E-12  0.1200E+02
 -12.266  0.1028E-12  0.1200E+02
 -12.256  0.7801E-13  0.1200E+02
 -12.246  0.5912E-13  0.1200E+02
 -12.236  0.4475E-13  0.1200E+02
 -12.226  0.3384E-13  0.1200E+02
 -12.216  0.2555E-13  0.1200E+02
 -12.206  0.1927E-13  0.1200E+02
 -12.196  0.1452E-13  0.1200E+02
 -12.186  0.1093E-13  0.1200E+02
 -12.176  0.8212E-14  0.1200E+02
 -12.166  0.6165E-14  0.1200E+02
 -12.156  0.4622E-14  0.1200E+02
 -12.146  0.3462E-14  0.1200E+02
 -12.136  0.2589E-14  0.1200E+02
 -12.126  0.1935E-14  0.1200E+02
 -12.116  0.1444E-14  0.1200E+02
 -12.106  0.1076E-14  0.1200E+02
 -12.096  0.8012E-15  0.1200E+02
 -12.086  0.5958E-15  0.1200E+02
 -12.076  0.4425E-15  0.1200E+02
 -12.066  0.3283E-15  0.1200E+02
 -12.056  0.2432E-15  0.1200E+02
 -12.046  0.1800E-15  0.1200E+02
 -12.036  0.1331E-15  0.1200E+02
 -12.026  0.9825E-16  0.1200E+02
 -12.016  0.7245E-16  0.1200E+02
 -12.006  0.5337E-16  0.1200E+02
 -11.996  0.3926E-16  0.1200E+02
 -11.986  0.2885E-16  0.1200E+02
 -11.976  0.2118E-16  0.1200E+02
 -11.966  0.1552E-16  0.1200E+02
 -11.956  0.1137E-16  0.1200E+02
 -11.946  0.8313E-17  0.1200E+02
 -11.936  0.6073E-17  0.1200E+02
 -11.926  0.4431E-17  0.1200E+02
 -11.916  0.3229E-17  0.1200E+02
 -11.906  0.2350E-17  0.1200E+02
 -11.896  0.1709E-17  0.1200E+02
 -11.886  0.1241E-17  0.1200E+02
 -11.876  0.9000E-18  0.1200E+02
 -11.866  0.6520E-18  0.1200E+02
 -11.856  0.4718E-18  0.1200E+02
 -11.846  0.3410E-18  0.1200E+02
 -11.836  0.2461E-18  0.1200E+02
 -11.826  0.1775E-18  0.1200E+02
 -11.816  0.1278E-18  0.1200E+02
 -11.806  0.9194E-19  0.1200E+02
 -11.796  0.6605E-19  0.1200E+02
 -11.786  0.4740E-19  0.1200E+02
 -11.776  0.3397E-19  0.1200E+02
 -11.766  0.2432E-19  0.1200E+02
 -11.756  0.1739E-19  0.1200E+02
 -11.746  0.1242E-19  0.1200E+02
 -11.736  0.8860E-20  0.1200E+02
 -11.726  0.6313E-20  0.1200E+02
 -11.716  0.4493E-20  0.1200E+02
 -11.706  0.3194E-20  0.1200E+02
 -11.696  0.2267E-20  0.1200E+02
 -11.686  0.1608E-20  0.1200E+02
 -11.676  0.1139E-20  0.1200E+02
 -11.666  0.8057E-21  0.1200E+02
 -11.656  0.5693E-21  0.1200E+02
 -11.646  0.4018E-21  0.1200E+02
 -11.636  0.2832E-21  0.1200E+02
 -11.626  0.1994E-21  0.1200E+02
 -11.616  0.1403E-21  0.1200E+02
 -11.606  0.9852E-22  0.1200E+02
 -11.596  0.6912E-22  0.1200E+02
 -11.586  0.4844E-22  0.1200E+02
 -11.576  0.3390E-22  0.1200E+02
 -11.566  0.2370E-22  0.1200E+02
 -11.556  0.1655E-22  0.1200E+02
 -11.546  0.1154E-22  0.1200E+02
 -11.536  0.8041E-23  0.1200E+02
 -11.526  0.5595E-23  0.1200E+02
 -11.516  0.3888E-23  0.1200E+02
 -11.506  0.2699E-23  0.1200E+02
 -11.496  0.1871E-23  0.1200E+02
 -11.486  0.1296E-23  0.1200E+02
 -11.476  0.8963E-24  0.1200E+02
 -11.466  0.6192E-24  0.1200E+02
 -11.456  0.4273E-24  0.1200E+02
 -11.446  0.2945E-24  0.1200E+02
 -11.436  0.2027E-24  0.1200E+02
 -11.426  0.1394E-24  0.1200E+02
 -11.416  0.9572E-25  0.1200E+02
 -11.406  0.6566E-25  0.1200E+02
 -11.396  0.4498E-25  0.1200E+02
 -11.386  0.3078E-25  0.1200E+02
 -11.376  0.2104E-25  0.1200E+02
 -11.366  0.1436E-25  0.1200E+02
 -11.356  0.9795E-26  0.1200E+02
 -11.346  0.6671E-26  0.1200E+02
 -11.336  0.4538E-26  0.1200E+02
 -11.326  0.3083E-26  0.1200E+02
 -11.316  0.2093E-26  0.1200E+02
 -11.306  0.1418E-26  0.1200E+02
 -11.296  0.9604E-27  0.1200E+02
 -11.286  0.6494E-27  0.1200E+02
 -11.276  0.4386E-27  0.1200E+02
 -11.266  0.2959E-27  0.1200E+02
 -11.256  0.1994E-27  0.1200E+02
 -11.246  0.1342E-27  0.1200E+02
 -11.236  0.9022E-28  0.1200E+02
 -11.226  0.6058E-28  0.1200E+02
 -11.216  0.4062E-28  0.1200E+02
 -11.206  0.2721E-28  0.1200E+02
 -11.196  0.1821E-28  0.1200E+02
 -11.186  0.1217E-28  0.1200E+02
 -11.176  0.8120E-29  0.1200E+02
 -11.166  0.5414E-29  0.1200E+02
 -11.156  0.3605E-29  0.1200E+02
 -11.146  0.2398E-29  0.1200E+02
 -11.136  0.1593E-29  0.1200E+02
 -11.126  0.1057E-29  0.1200E+02
 -11.116  0.7003E-30  0.1200E+02
 -11.106  0.4636E-30  0.1200E+02
 -11.096  0.3065E-30  0.1200E+02
 -11.086  0.2024E-30  0.1200E+02
 -11.076  0.1335E-30  0.1200E+02
 -11.066  0.8794E-31  0.1200E+02
 -11.056  0.5787E-31  0.1200E+02
 -11.046  0.3803E-31  0.1200E+02
 -11.036  0.2497E-31  0.1200E+02
 -11.026  0.1637E-31  0.1200E+02
 -11.016  0.1072E-31  0.1200E+02
 -11.006  0.7012E-32  0.1200E+02
 -10.996  0.4581E-32  0.1200E+02
 -10.986  0.2990E-32  0.1200E+02
 -10.976  0.1949E-32  0.1200E+02
 -10.966  0.1269E-32  0.1200E+02
 -10.956  0.8248E-33  0.1200E+02
 -10.946  0.5357E-33  0.1200E+02
 -10.936  0.3475E-33  0.1200E+02
 -10.926  0.2252E-33  0.1200E+02
 -10.916  0.1457E-33  0.1200E+02
 -10.906  0.9418E-34  0.1200E+02
 -10.896  0.6081E-34  0.1200E+02
 -10.886  0.3921E-34  0.1200E+02
 -10.876  0.2526E-34  0.1200E+02
 -10.866  0.1625E-34  0.1200E+02
 -10.856  0.1044E-34  0.1200E+02
 -10.846  0.6700E-35  0.1200E+02
 -10.836  0.4295E-35  0.1200E+02
 -10.826  0.2750E-35  0.1200E+02
 -10.816  0.1759E-35  0.1200E+02
 -10.806  0.1123E-35  0.1200E+02
 -10.796  0.7166E-36  0.1200E+02
 -10.786  0.4567E-36  0.1200E+02
 -10.776  0.2906E-36  0.1200E+02
 -10.766  0.1848E-36  0.1200E+02
 -10.756  0.1173E-36  0.1200E+02
 -10.746  0.7441E-37  0.1200E+02
 -10.736  0.4714E-37  0.1200E+02
 -10.726  0.2983E-37  0.1200E+02
 -10.716  0.1886E-37  0.1200E+02
 -10.706  0.1192E-37  0.1200E+02
 -10.696  0.7537E-38  0.1200E+02
 -10.686  0.4783E-38  0.1200E+02
 -10.676  0.3067E-38  0.1200E+02
 -10.666  0.2020E-38  0.1200E+02
 -10.656  0.1417E-38  0.1200E+02
 -10.646  0.1125E-38  0.1200E+02
 -10.636  0.1082E-38  0.1200E+02
 -10.626  0.1275E-38  0.1200E+02
 -10.616  0.1746E-38  0.1200E+02
 -10.606  0.2593E-38  0.1200E+02
 -10.596  0.3994E-38  0.1200E+02
 -10.586  0.6244E-38  0.1200E+02
 -10.576  0.9813E-38  0.1200E+02
 -10.566  0.1544E-37  0.1200E+02
 -10.556  0.2429E-37  0.1200E+02
 -10.546  0.3819E-37  0.1200E+02
 -10.536  0.5997E-37  0.1200E+02
 -10.526  0.9406E-37  0.1200E+02
 -10.516  0.1474E-36  0.1200E+02
 -10.506  0.2306E-36  0.1200E+02
 -10.496  0.3604E-36  0.1200E+02
 -10.486  0.5627E-36  0.1200E+02
 -10.476  0.8774E-36  0.1200E+02
 -10.466  0.1366E-35  0.1200E+02
 -10.456  0.2125E-35  0.1200E+02
 -10.446  0.3302E-35  0.1200E+02
 -10.436  0.5124E-35  0.1200E+02
 -10.426  0.7942E-35  0.1200E+02
 -10.416  0.1229E-34  0.1200E+02
 -10.406  0.1901E-34  0.1200E+02
 -10.396  0.2936E-34  0.1200E+02
 -10.386  0.4529E-34  0.1200E+02
 -10.376  0.6977E-34  0.1200E+02
 -10.366  0.1074E-33  0.1200E+02
 -10.356  0.1650E-33  0.1200E+02
 -10.346  0.2533E-33  0.1200E+02
 -10.336  0.3884E-33  0.1200E+02
 -10.326  0.5948E-33  0.1200E+02
 -10.316  0.9097E-33  0.1200E+02
 -10.306  0.1390E-32  0.1200E+02
 -10.296  0.2121E-32  0.1200E+02
 -10.286  0.3232E-32  0.1200E+02
 -10.276  0.4920E-32  0.1200E+02
 -10.266  0.7481E-32  0.1200E+02
 -10.256  0.1136E-31  0.1200E+02
 -10.246  0.1723E-31  0.1200E+02
 -10.236  0.2610E-31  0.1200E+02
 -10.226  0.3950E-31  0.1200E+02
 -10.216  0.5970E-31  0.1200E+02
 -10.206  0.9012E-31  0.1200E+02
 -10.196  0.1359E-30  0.1200E+02
 -10.186  0.2046E-30  0.1200E+02
 -10.176  0.3077E-30  0.1200E+02
 -10.166  0.4623E-30  0.1200E+02
 -10.156  0.6937E-30  0.1200E+02
 -10.146  0.1040E-29  0.1200E+02
 -10.136  0.1556E-29  0.1200E+02
 -10.126  0.2327E-29  0.1200E+02
 -10.116  0.3474E-29  0.1200E+02
 -10.106  0.5182E-29  0.1200E+02
 -10.096  0.7720E-29  0.1200E+02
 -10.086  0.1149E-28  0.1200E+02
 -10.076  0.1707E-28  0.1200E+02
 -10.066  0.2534E-28  0.1200E+02
 -10.056  0.3757E-28  0.1200E+02
 -10.046  0.5563E-28  0.1200E+02
 -10.036  0.8228E-28  0.1200E+02
 -10.026  0.1215E-27  0.1200E+02
 -10.016  0.1793E-27  0.1200E+02
 -10.006  0.2643E-27  0.1200E+02
  -9.996  0.3890E-27  0.1200E+02
  -9.986  0.5719E-27  0.1200E+02
  -9.976  0.8398E-27  0.1200E+02
  -9.966  0.1232E-26  0.1200E+02
  -9.956  0.1804E-26  0.1200E+02
  -9.946  0.2640E-26  0.1200E+02
  -9.936  0.3858E-26  0.1200E+02
  -9.926  0.5631E-26  0.1200E+02
  -9.916  0.8209E-26  0.1200E+02
  -9.906  0.1195E-25  0.1200E+02
  -9.896  0.1739E-25  0.1200E+02
  -9.886  0.2525E-25  0.1200E+02
  -9.876  0.3664E-25  0.1200E+02
  -9.866  0.5310E-25  0.1200E+02
  -9.856  0.7685E-25  0.1200E+02
  -9.846  0.1111E-24  0.1200E+02
  -9.836  0.1604E-24  0.1200E+02
  -9.826  0.2314E-24  0.1200E+02
  -9.816  0.3333E-24  0.1200E+02
  -9.806  0.4795E-24  0.1200E+02
  -9.796  0.6891E-24  0.1200E+02
  -9.786  0.9890E-24  0.1200E+02
  -9.776  0.1418E-23  0.1200E+02
  -9.766  0.2030E-23  0.1200E+02
  -9.756  0.2903E-23  0.1200E+02
  -9.746  0.4147E-23  0.1200E+02
  -9.736  0.5917E-23  0.1200E+02
  -9.726  0.8431E-23  0.1200E+02
  -9.716  0.1200E-22  0.1200E+02
  -9.706  0.1706E-22  0.1200E+02
  -9.696  0.2422E-22  0.1200E+02
  -9.686  0.3435E-22  0.1200E+02
  -9.676  0.4866E-22  0.1200E+02
  -9.666  0.6884E-22  0.1200E+02
  -9.656  0.9727E-22  0.1200E+02
  -9.646  0.1373E-21  0.1200E+02
  -9.636  0.1935E-21  0.1200E+02
  -9.626  0.2725E-21  0.1200E+02
  -9.616  0.3832E-21  0.1200E+02
  -9.606  0.5383E-21  0.1200E+02
  -9.596  0.7551E-21  0.1200E+02
  -9.586  0.1058E-20  0.1200E+02
  -9.576  0.1481E-20  0.1200E+02
  -9.566  0.2070E-20  0.1200E+02
  -9.556  0.2890E-20  0.1200E+02
  -9.546  0.4031E-20  0.1200E+02
  -9.536  0.5614E-20  0.1200E+02
  -9.526  0.7810E-20  0.1200E+02
  -9.516  0.1085E-19  0.1200E+02
  -9.506  0.1506E-19  0.1200E+02
  -9.496  0.2088E-19  0.1200E+02
  -9.486  0.2891E-19  0.1200E+02
  -9.476  0.3997E-19  0.1200E+02
  -9.466  0.5521E-19  0.1200E+02
  -9.456  0.7617E-19  0.1200E+02
  -9.446  0.1050E-18  0.1200E+02
  -9.436  0.1444E-18  0.1200E+02
  -9.426  0.1985E-18  0.1200E+02
  -9.416  0.2726E-18  0.1200E+02
  -9.406  0.3738E-18  0.1200E+02
  -9.396  0.5120E-18  0.1200E+02
  -9.386  0.7004E-18  0.1200E+02
  -9.376  0.9570E-18  0.1200E+02
  -9.366  0.1306E-17  0.1200E+02
  -9.356  0.1780E-17  0.1200E+02
  -9.346  0.2424E-17  0.1200E+02
  -9.336  0.3296E-17  0.1200E+02
  -9.326  0.4476E-17  0.1200E+02
  -9.316  0.6072E-17  0.1200E+02
  -9.306  0.8227E-17  0.1200E+02
  -9.296  0.1113E-16  0.1200E+02
  -9.286  0.1505E-16  0.1200E+02
  -9.276  0.2032E-16  0.1200E+02
  -9.266  0.2740E-16  0.1200E+02
  -9.256  0.3690E-16  0.1200E+02
  -9.246  0.4964E-16  0.1200E+02
  -9.236  0.6669E-16  0.1200E+02
  -9.226  0.8950E-16  0.1200E+02
  -9.216  0.1200E-15  0.1200E+02
  -9.206  0.1606E-15  0.1200E+02
  -9.196  0.2147E-15  0.1200E+02
  -9.186  0.2868E-15  0.1200E+02
  -9.176  0.3826E-15  0.1200E+02
  -9.166  0.5097E-15  0.1200E+02
  -9.156  0.6783E-15  0.1200E+02
  -9.146  0.9016E-15  0.1200E+02
  -9.136  0.1197E-14  0.1200E+02
  -9.126  0.1587E-14  0.1200E+02
  -9.116  0.2102E-14  0.1200E+02
  -9.106  0.2780E-14  0.1200E+02
  -9.096  0.3673E-14  0.1200E+02
  -9.086  0.4847E-14  0.1200E+02
  -9.076  0.6389E-14  0.1200E+02
  -9.066  0.8411E-14  0.1200E+02
  -9.056  0.1106E-13  0.1200E+02
  -9.046  0.1452E-13  0.1200E+02
  -9.036  0.1905E-13  0.1200E+02
  -9.026  0.2496E-13  0.1200E+02
  -9.016  0.3266E-13  0.1200E+02
  -9.006  0.4269E-13  0.1200E+02
  -8.996  0.5573E-13  0.1200E+02
  -8.986  0.7266E-13  0.1200E+02
  -8.976  0.9462E-13  0.1200E+02
  -8.966  0.1231E-12  0.1200E+02
  -8.956  0.1599E-12  0.1200E+02
  -8.946  0.2075E-12  0.1200E+02
  -8.936  0.2689E-12  0.1200E+02
  -8.926  0.3481E-12  0.1200E+02
  -8.916  0.4501E-12  0.1200E+02
  -8.906  0.5813E-12  0.1200E+02
  -8.896  0.7498E-12  0.1200E+02
  -8.886  0.9659E-12  0.1200E+02
  -8.876  0.1243E-11  0.1200E+02
  -8.866  0.1597E-11  0.1200E+02
  -8.856  0.2051E-11  0.1200E+02
  -8.846  0.2629E-11  0.1200E+02
  -8.836  0.3367E-11  0.1200E+02
  -8.826  0.4306E-11  0.1200E+02
  -8.816  0.5502E-11  0.1200E+02
  -8.806  0.7020E-11  0.1200E+02
  -8.796  0.8947E-11  0.1200E+02
  -8.786  0.1139E-10  0.1200E+02
  -8.776  0.1448E-10  0.1200E+02
  -8.766  0.1839E-10  0.1200E+02
  -8.756  0.2332E-10  0.1200E+02
  -8.746  0.2954E-10  0.1200E+02
  -8.736  0.3738E-10  0.1200E+02
  -8.726  0.4724E-10  0.1200E+02
  -8.716  0.5964E-10  0.1200E+02
  -8.706  0.7519E-10  0.1200E+02
  -8.696  0.9468E-10  0.1200E+02
  -8.686  0.1191E-09  0.1200E+02
  -8.676  0.1496E-09  0.1200E+02
  -8.666  0.1877E-09  0.1200E+02
  -8.656  0.2352E-09  0.1200E+02
  -8.646  0.2944E-09  0.1200E+02
  -8.636  0.3681E-09  0.1200E+02
  -8.626  0.4597E-09  0.1200E+02
  -8.616  0.5733E-09  0.1200E+02
  -8.606  0.7142E-09  0.1200E+02
  -8.596  0.8886E-09  0.1200E+02
  -8.586  0.1104E-08  0.1200E+02
  -8.576  0.1371E-08  0.1200E+02
  -8.566  0.1699E-08  0.1200E+02
  -8.556  0.2104E-08  0.1200E+02
  -8.546  0.2603E-08  0.1200E+02
  -8.536  0.3215E-08  0.1200E+02
  -8.526  0.3967E-08  0.1200E+02
  -8.516  0.4888E-08  0.1200E+02
  -8.506  0.6017E-08  0.1200E+02
  -8.496  0.7397E-08  0.1200E+02
  -8.486  0.9083E-08  0.1200E+02
  -8.476  0.1114E-07  0.1200E+02
  -8.466  0.1365E-07  0.1200E+02
  -8.456  0.1669E-07  0.1200E+02
  -8.446  0.2040E-07  0.1200E+02
  -8.436  0.2490E-07  0.1200E+02
  -8.426  0.3036E-07  0.1200E+02
  -8.416  0.3696E-07  0.1200E+02
  -8.406  0.4495E-07  0.1200E+02
  -8.396  0.5461E-07  0.1200E+02
  -8.386  0.6625E-07  0.1200E+02
  -8.376  0.8028E-07  0.1200E+02
  -8.366  0.9717E-07  0.1200E+02
  -8.356  0.1175E-06  0.1200E+02
  -8.346  0.1418E-06  0.1200E+02
  -8.336  0.1711E-06  0.1200E+02
  -8.326  0.2060E-06  0.1200E+02
  -8.316  0.2479E-06  0.1200E+02
  -8.306  0.2979E-06  0.1200E+02
  -8.296  0.3575E-06  0.1200E+02
  -8.286  0.4286E-06  0.1200E+02
  -8.276  0.5132E-06  0.1200E+02
  -8.266  0.6137E-06  0.1200E+02
  -8.256  0.7330E-06  0.1200E+02
  -8.246  0.8745E-06  0.1200E+02
  -8.236  0.1042E-05  0.1200E+02
  -8.226  0.1240E-05  0.1200E+02
  -8.216  0.1474E-05  0.1200E+02
  -8.206  0.1751E-05  0.1200E+02
  -8.196  0.2076E-05  0.1200E+02
  -8.186  0.2459E-05  0.1200E+02
  -8.176  0.2909E-05  0.1200E+02
  -8.166  0.3437E-05  0.1200E+02
  -8.156  0.4057E-05  0.1200E+02
  -8.146  0.4782E-05  0.1200E+02
  -8.136  0.5630E-05  0.1200E+02
  -8.126  0.6621E-05  0.1200E+02
  -8.116  0.7777E-05  0.1200E+02
  -8.106  0.9124E-05  0.1200E+02
  -8.096  0.1069E-04  0.1200E+02
  -8.086  0.1251E-04  0.1200E+02
  -8.076  0.1463E-04  0.1200E+02
  -8.066  0.1708E-04  0.1200E+02
  -8.056  0.1991E-04  0.1200E+02
  -8.046  0.2319E-04  0.1200E+02
  -8.036  0.2698E-04  0.1200E+02
  -8.026  0.3135E-04  0.1200E+02
  -8.016  0.3638E-04  0.1200E+02
  -8.006  0.4217E-04  0.1200E+02
  -7.996  0.4883E-04  0.1200E+02
  -7.986  0.5646E-04  0.1200E+02
  -7.976  0.6521E-04  0.1200E+02
  -7.966  0.7523E-04  0.1200E+02
  -7.956  0.8668E-04  0.1200E+02
  -7.946  0.9975E-04  0.1200E+02
  -7.936  0.1147E-03  0.1200E+02
  -7.926  0.1316E-03  0.1200E+02
  -7.916  0.1509E-03  0.1200E+02
  -7.906  0.1729E-03  0.1200E+02
  -7.896  0.1978E-03  0.1200E+02
  -7.886  0.2260E-03  0.1200E+02
  -7.876  0.2579E-03  0.1200E+02
  -7.866  0.2939E-03  0.1200E+02
  -7.856  0.3346E-03  0.1200E+02
  -7.846  0.3805E-03  0.1200E+02
  -7.836  0.4322E-03  0.1200E+02
  -7.826  0.4902E-03  0.1200E+02
  -7.816  0.5554E-03  0.1200E+02
  -7.806  0.6286E-03  0.1200E+02
  -7.796  0.7105E-03  0.1200E+02
  -7.786  0.8021E-03  0.1200E+02
  -7.776  0.9044E-03  0.1200E+02
  -7.766  0.1019E-02  0.1200E+02
  -7.756  0.1146E-02  0.1200E+02
  -7.746  0.1287E-02  0.1200E+02
  -7.736  0.1445E-02  0.1200E+02
  -7.726  0.1619E-02  0.1200E+02
  -7.716  0.1813E-02  0.1200E+02
  -7.706  0.2027E-02  0.1200E+02
  -7.696  0.2264E-02  0.1200E+02
  -7.686  0.2525E-02  0.1200E+02
  -7.676  0.2813E-02  0.1200E+02
  -7.666  0.3130E-02  0.1200E+02
  -7.656  0.3479E-02  0.1200E+02
  -7.646  0.3862E-02  0.1200E+02
  -7.636  0.4283E-02  0.1200E+02
  -7.626  0.4743E-02  0.1200E+02
  -7.616  0.5246E-02  0.1200E+02
  -7.606  0.5796E-02  0.1200E+02
  -7.596  0.6396E-02  0.1200E+02
  -7.586  0.7049E-02  0.1200E+02
  -7.576  0.7760E-02  0.1200E+02
  -7.566  0.8532E-02  0.1200E+02
  -7.556  0.9370E-02  0.1200E+02
  -7.546  0.1028E-01  0.1200E+02
  -7.536  0.1126E-01  0.1200E+02
  -7.526  0.1232E-01  0.1200E+02
  -7.516  0.1347E-01  0.1200E+02
  -7.506  0.1470E-01  0.1200E+02
  -7.496  0.1603E-01  0.1200E+02
  -7.486  0.1745E-01  0.1200E+02
  -7.476  0.1899E-01  0.1200E+02
  -7.466  0.2063E-01  0.1200E+02
  -7.456  0.2238E-01  0.1200E+02
  -7.446  0.2426E-01  0.1200E+02
  -7.436  0.2626E-01  0.1200E+02
  -7.426  0.2839E-01  0.1200E+02
  -7.416  0.3066E-01  0.1200E+02
  -7.406  0.3307E-01  0.1200E+02
  -7.396  0.3562E-01  0.1200E+02
  -7.386  0.3833E-01  0.1200E+02
  -7.376  0.4119E-01  0.1201E+02
  -7.366  0.4422E-01  0.1201E+02
  -7.356  0.4741E-01  0.1201E+02
  -7.346  0.5077E-01  0.1201E+02
  -7.336  0.5430E-01  0.1201E+02
  -7.326  0.5801E-01  0.1201E+02
  -7.316  0.6190E-01  0.1201E+02
  -7.306  0.6596E-01  0.1201E+02
  -7.296  0.7022E-01  0.1201E+02
  -7.286  0.7465E-01  0.1201E+02
  -7.276  0.7927E-01  0.1201E+02
  -7.266  0.8408E-01  0.1201E+02
  -7.256  0.8907E-01  0.1201E+02
  -7.246  0.9424E-01  0.1201E+02
  -7.236  0.9960E-01  0.1201E+02
  -7.226  0.1051E+00  0.1202E+02
  -7.216  0.1108E+00  0.1202E+02
  -7.206  0.1167E+00  0.1202E+02
  -7.196  0.1228E+00  0.1202E+02
  -7.186  0.1290E+00  0.1202E+02
  -7.176  0.1353E+00  0.1202E+02
  -7.166  0.1418E+00  0.1202E+02
  -7.156  0.1484E+00  0.1202E+02
  -7.146  0.1552E+00  0.1203E+02
  -7.136  0.1620E+00  0.1203E+02
  -7.126  0.1690E+00  0.1203E+02
  -7.116  0.1761E+00  0.1203E+02
  -7.106  0.1832E+00  0.1203E+02
  -7.096  0.1904E+00  0.1204E+02
  -7.086  0.1976E+00  0.1204E+02
  -7.076  0.2049E+00  0.1204E+02
  -7.066  0.2122E+00  0.1204E+02
  -7.056  0.2194E+00  0.1204E+02
  -7.046  0.2267E+00  0.1205E+02
  -7.036  0.2339E+00  0.1205E+02
  -7.026  0.2411E+00  0.1205E+02
  -7.016  0.2481E+00  0.1205E+02
  -7.006  0.2551E+00  0.1206E+02
  -6.996  0.2620E+00  0.1206E+02
  -6.986  0.2688E+00  0.1206E+02
  -6.976  0.2753E+00  0.1206E+02
  -6.966  0.2818E+00  0.1207E+02
  -6.956  0.2880E+00  0.1207E+02
  -6.946  0.2940E+00  0.1207E+02
  -6.936  0.2998E+00  0.1208E+02
  -6.926  0.3054E+00  0.1208E+02
  -6.916  0.3107E+00  0.1208E+02
  -6.906  0.3157E+00  0.1208E+02
  -6.896  0.3205E+00  0.1209E+02
  -6.886  0.3249E+00  0.1209E+02
  -6.876  0.3291E+00  0.1209E+02
  -6.866  0.3329E+00  0.1210E+02
  -6.856  0.3364E+00  0.1210E+02
  -6.846  0.3395E+00  0.1210E+02
  -6.836  0.3423E+00  0.1211E+02
  -6.826  0.3448E+00  0.1211E+02
  -6.816  0.3469E+00  0.1211E+02
  -6.806  0.3486E+00  0.1212E+02
  -6.796  0.3500E+00  0.1212E+02
  -6.786  0.3511E+00  0.1213E+02
  -6.776  0.3518E+00  0.1213E+02
  -6.766  0.3522E+00  0.1213E+02
  -6.756  0.3522E+00  0.1214E+02
  -6.746  0.3519E+00  0.1214E+02
  -6.736  0.3514E+00  0.1214E+02
  -6.726  0.3505E+00  0.1215E+02
  -6.716  0.3494E+00  0.1215E+02
  -6.706  0.3480E+00  0.1215E+02
  -6.696  0.3464E+00  0.1216E+02
  -6.686  0.3447E+00  0.1216E+02
  -6.676  0.3427E+00  0.1216E+02
  -6.666  0.3406E+00  0.1217E+02
  -6.656  0.3384E+00  0.1217E+02
  -6.646  0.3361E+00  0.1217E+02
  -6.636  0.3337E+00  0.1218E+02
  -6.626  0.3313E+00  0.1218E+02
  -6.616  0.3290E+00  0.1218E+02
  -6.606  0.3268E+00  0.1219E+02
  -6.596  0.3246E+00  0.1219E+02
  -6.586  0.3226E+00  0.1219E+02
  -6.576  0.3208E+00  0.1220E+02
  -6.566  0.3193E+00  0.1220E+02
  -6.556  0.3180E+00  0.1220E+02
  -6.546  0.3171E+00  0.1221E+02
  -6.536  0.3165E+00  0.1221E+02
  -6.526  0.3165E+00  0.1221E+02
  -6.516  0.3169E+00  0.1222E+02
  -6.506  0.3178E+00  0.1222E+02
  -6.496  0.3194E+00  0.1222E+02
  -6.486  0.3216E+00  0.1223E+02
  -6.476  0.3245E+00  0.1223E+02
  -6.466  0.3281E+00  0.1223E+02
  -6.456  0.3326E+00  0.1224E+02
  -6.446  0.3379E+00  0.1224E+02
  -6.436  0.3441E+00  0.1224E+02
  -6.426  0.3513E+00  0.1225E+02
  -6.416  0.3596E+00  0.1225E+02
  -6.406  0.3689E+00  0.1225E+02
  -6.396  0.3793E+00  0.1226E+02
  -6.386  0.3908E+00  0.1226E+02
  -6.376  0.4036E+00  0.1226E+02
  -6.366  0.4176E+00  0.1227E+02
  -6.356  0.4330E+00  0.1227E+02
  -6.346  0.4496E+00  0.1228E+02
  -6.336  0.4676E+00  0.1228E+02
  -6.326  0.4870E+00  0.1229E+02
  -6.316  0.5079E+00  0.1229E+02
  -6.306  0.5302E+00  0.1230E+02
  -6.296  0.5539E+00  0.1230E+02
  -6.286  0.5792E+00  0.1231E+02
  -6.276  0.6060E+00  0.1231E+02
  -6.266  0.6343E+00  0.1232E+02
  -6.256  0.6642E+00  0.1233E+02
  -6.246  0.6956E+00  0.1233E+02
  -6.236  0.7285E+00  0.1234E+02
  -6.226  0.7629E+00  0.1235E+02
  -6.216  0.7988E+00  0.1236E+02
  -6.206  0.8362E+00  0.1237E+02
  -6.196  0.8751E+00  0.1237E+02
  -6.186  0.9154E+00  0.1238E+02
  -6.176  0.9571E+00  0.1239E+02
  -6.166  0.1000E+01  0.1240E+02
  -6.156  0.1044E+01  0.1241E+02
  -6.146  0.1090E+01  0.1243E+02
  -6.136  0.1137E+01  0.1244E+02
  -6.126  0.1184E+01  0.1245E+02
  -6.116  0.1233E+01  0.1246E+02
  -6.106  0.1283E+01  0.1247E+02
  -6.096  0.1334E+01  0.1249E+02
  -6.086  0.1385E+01  0.1250E+02
  -6.076  0.1437E+01  0.1251E+02
  -6.066  0.1490E+01  0.1253E+02
  -6.056  0.1543E+01  0.1255E+02
  -6.046  0.1596E+01  0.1256E+02
  -6.036  0.1649E+01  0.1258E+02
  -6.026  0.1703E+01  0.1259E+02
  -6.016  0.1757E+01  0.1261E+02
  -6.006  0.1810E+01  0.1263E+02
  -5.996  0.1863E+01  0.1265E+02
  -5.986  0.1915E+01  0.1267E+02
  -5.976  0.1967E+01  0.1269E+02
  -5.966  0.2019E+01  0.1271E+02
  -5.956  0.2069E+01  0.1273E+02
  -5.946  0.2118E+01  0.1275E+02
  -5.936  0.2166E+01  0.1277E+02
  -5.926  0.2213E+01  0.1279E+02
  -5.916  0.2258E+01  0.1282E+02
  -5.906  0.2302E+01  0.1284E+02
  -5.896  0.2344E+01  0.1286E+02
  -5.886  0.2384E+01  0.1289E+02
  -5.876  0.2422E+01  0.1291E+02
  -5.866  0.2458E+01  0.1294E+02
  -5.856  0.2492E+01  0.1296E+02
  -5.846  0.2524E+01  0.1299E+02
  -5.836  0.2553E+01  0.1301E+02
  -5.826  0.2579E+01  0.1304E+02
  -5.816  0.2603E+01  0.1306E+02
  -5.806  0.2625E+01  0.1309E+02
  -5.796  0.2643E+01  0.1312E+02
  -5.786  0.2659E+01  0.1314E+02
  -5.776  0.2672E+01  0.1317E+02
  -5.766  0.2682E+01  0.1320E+02
  -5.756  0.2689E+01  0.1322E+02
  -5.746  0.2693E+01  0.1325E+02
  -5.736  0.2695E+01  0.1328E+02
  -5.726  0.2693E+01  0.1330E+02
  -5.716  0.2688E+01  0.1333E+02
  -5.706  0.2681E+01  0.1336E+02
  -5.696  0.2671E+01  0.1338E+02
  -5.686  0.2658E+01  0.1341E+02
  -5.676  0.2642E+01  0.1344E+02
  -5.666  0.2624E+01  0.1346E+02
  -5.656  0.2603E+01  0.1349E+02
  -5.646  0.2579E+01  0.1351E+02
  -5.636  0.2553E+01  0.1354E+02
  -5.626  0.2525E+01  0.1357E+02
  -5.616  0.2495E+01  0.1359E+02
  -5.606  0.2463E+01  0.1362E+02
  -5.596  0.2428E+01  0.1364E+02
  -5.586  0.2392E+01  0.1366E+02
  -5.576  0.2355E+01  0.1369E+02
  -5.566  0.2316E+01  0.1371E+02
  -5.556  0.2275E+01  0.1373E+02
  -5.546  0.2234E+01  0.1376E+02
  -5.536  0.2191E+01  0.1378E+02
  -5.526  0.2148E+01  0.1380E+02
  -5.516  0.2104E+01  0.1382E+02
  -5.506  0.2060E+01  0.1384E+02
  -5.496  0.2015E+01  0.1386E+02
  -5.486  0.1970E+01  0.1388E+02
  -5.476  0.1925E+01  0.1390E+02
  -5.466  0.1880E+01  0.1392E+02
  -5.456  0.1836E+01  0.1394E+02
  -5.446  0.1792E+01  0.1395E+02
  -5.436  0.1749E+01  0.1397E+02
  -5.426  0.1707E+01  0.1399E+02
  -5.416  0.1666E+01  0.1401E+02
  -5.406  0.1625E+01  0.1402E+02
  -5.396  0.1587E+01  0.1404E+02
  -5.386  0.1549E+01  0.1405E+02
  -5.376  0.1513E+01  0.1407E+02
  -5.366  0.1479E+01  0.1408E+02
  -5.356  0.1446E+01  0.1410E+02
  -5.346  0.1415E+01  0.1411E+02
  -5.336  0.1386E+01  0.1413E+02
  -5.326  0.1359E+01  0.1414E+02
  -5.316  0.1335E+01  0.1415E+02
  -5.306  0.1312E+01  0.1417E+02
  -5.296  0.1292E+01  0.1418E+02
  -5.286  0.1274E+01  0.1419E+02
  -5.276  0.1258E+01  0.1420E+02
  -5.266  0.1245E+01  0.1422E+02
  -5.256  0.1234E+01  0.1423E+02
  -5.246  0.1225E+01  0.1424E+02
  -5.236  0.1219E+01  0.1425E+02
  -5.226  0.1215E+01  0.1427E+02
  -5.216  0.1213E+01  0.1428E+02
  -5.206  0.1214E+01  0.1429E+02
  -5.196  0.1217E+01  0.1430E+02
  -5.186  0.1222E+01  0.1431E+02
  -5.176  0.1230E+01  0.1433E+02
  -5.166  0.1240E+01  0.1434E+02
  -5.156  0.1251E+01  0.1435E+02
  -5.146  0.1265E+01  0.1436E+02
  -5.136  0.1280E+01  0.1438E+02
  -5.126  0.1298E+01  0.1439E+02
  -5.116  0.1317E+01  0.1440E+02
  -5.106  0.1338E+01  0.1442E+02
  -5.096  0.1360E+01  0.1443E+02
  -5.086  0.1383E+01  0.1444E+02
  -5.076  0.1408E+01  0.1446E+02
  -5.066  0.1434E+01  0.1447E+02
  -5.056  0.1460E+01  0.1449E+02
  -5.046  0.1488E+01  0.1450E+02
  -5.036  0.1516E+01  0.1452E+02
  -5.026  0.1545E+01  0.1453E+02
  -5.016  0.1574E+01  0.1455E+02
  -5.006  0.1604E+01  0.1456E+02
  -4.996  0.1634E+01  0.1458E+02
  -4.986  0.1663E+01  0.1460E+02
  -4.976  0.1693E+01  0.1461E+02
  -4.966  0.1722E+01  0.1463E+02
  -4.956  0.1751E+01  0.1465E+02
  -4.946  0.1779E+01  0.1467E+02
  -4.936  0.1806E+01  0.1468E+02
  -4.926  0.1833E+01  0.1470E+02
  -4.916  0.1858E+01  0.1472E+02
  -4.906  0.1882E+01  0.1474E+02
  -4.896  0.1906E+01  0.1476E+02
  -4.886  0.1927E+01  0.1478E+02
  -4.876  0.1948E+01  0.1480E+02
  -4.866  0.1966E+01  0.1482E+02
  -4.856  0.1984E+01  0.1484E+02
  -4.846  0.1999E+01  0.1486E+02
  -4.836  0.2013E+01  0.1488E+02
  -4.826  0.2024E+01  0.1490E+02
  -4.816  0.2034E+01  0.1492E+02
  -4.806  0.2042E+01  0.1494E+02
  -4.796  0.2047E+01  0.1496E+02
  -4.786  0.2051E+01  0.1498E+02
  -4.776  0.2053E+01  0.1500E+02
  -4.766  0.2052E+01  0.1502E+02
  -4.756  0.2049E+01  0.1504E+02
  -4.746  0.2045E+01  0.1506E+02
  -4.736  0.2038E+01  0.1508E+02
  -4.726  0.2029E+01  0.1510E+02
  -4.716  0.2018E+01  0.1512E+02
  -4.706  0.2005E+01  0.1514E+02
  -4.696  0.1990E+01  0.1516E+02
  -4.686  0.1973E+01  0.1518E+02
  -4.676  0.1954E+01  0.1520E+02
  -4.666  0.1934E+01  0.1522E+02
  -4.656  0.1912E+01  0.1524E+02
  -4.646  0.1888E+01  0.1526E+02
  -4.636  0.1863E+01  0.1528E+02
  -4.626  0.1837E+01  0.1530E+02
  -4.616  0.1809E+01  0.1531E+02
  -4.606  0.1780E+01  0.1533E+02
  -4.596  0.1750E+01  0.1535E+02
  -4.586  0.1720E+01  0.1537E+02
  -4.576  0.1688E+01  0.1538E+02
  -4.566  0.1656E+01  0.1540E+02
  -4.556  0.1623E+01  0.1542E+02
  -4.546  0.1590E+01  0.1543E+02
  -4.536  0.1556E+01  0.1545E+02
  -4.526  0.1523E+01  0.1546E+02
  -4.516  0.1489E+01  0.1548E+02
  -4.506  0.1456E+01  0.1549E+02
  -4.496  0.1422E+01  0.1551E+02
  -4.486  0.1390E+01  0.1552E+02
  -4.476  0.1357E+01  0.1553E+02
  -4.466  0.1326E+01  0.1555E+02
  -4.456  0.1295E+01  0.1556E+02
  -4.446  0.1265E+01  0.1557E+02
  -4.436  0.1235E+01  0.1559E+02
  -4.426  0.1207E+01  0.1560E+02
  -4.416  0.1181E+01  0.1561E+02
  -4.406  0.1155E+01  0.1562E+02
  -4.396  0.1131E+01  0.1563E+02
  -4.386  0.1108E+01  0.1564E+02
  -4.376  0.1087E+01  0.1565E+02
  -4.366  0.1067E+01  0.1566E+02
  -4.356  0.1050E+01  0.1568E+02
  -4.346  0.1033E+01  0.1569E+02
  -4.336  0.1019E+01  0.1570E+02
  -4.326  0.1007E+01  0.1571E+02
  -4.316  0.9959E+00  0.1572E+02
  -4.306  0.9872E+00  0.1573E+02
  -4.296  0.9804E+00  0.1574E+02
  -4.286  0.9755E+00  0.1575E+02
  -4.276  0.9726E+00  0.1575E+02
  -4.266  0.9717E+00  0.1576E+02
  -4.256  0.9727E+00  0.1577E+02
  -4.246  0.9756E+00  0.1578E+02
  -4.236  0.9805E+00  0.1579E+02
  -4.226  0.9873E+00  0.1580E+02
  -4.216  0.9959E+00  0.1581E+02
  -4.206  0.1006E+01  0.1582E+02
  -4.196  0.1019E+01  0.1583E+02
  -4.186  0.1033E+01  0.1584E+02
  -4.176  0.1048E+01  0.1585E+02
  -4.166  0.1065E+01  0.1587E+02
  -4.156  0.1084E+01  0.1588E+02
  -4.146  0.1105E+01  0.1589E+02
  -4.136  0.1126E+01  0.1590E+02
  -4.126  0.1149E+01  0.1591E+02
  -4.116  0.1174E+01  0.1592E+02
  -4.106  0.1199E+01  0.1593E+02
  -4.096  0.1225E+01  0.1595E+02
  -4.086  0.1253E+01  0.1596E+02
  -4.076  0.1281E+01  0.1597E+02
  -4.066  0.1310E+01  0.1598E+02
  -4.056  0.1340E+01  0.1600E+02
  -4.046  0.1371E+01  0.1601E+02
  -4.036  0.1402E+01  0.1603E+02
  -4.026  0.1433E+01  0.1604E+02
  -4.016  0.1465E+01  0.1605E+02
  -4.006  0.1496E+01  0.1607E+02
  -3.996  0.1528E+01  0.1608E+02
  -3.986  0.1560E+01  0.1610E+02
  -3.976  0.1592E+01  0.1612E+02
  -3.966  0.1624E+01  0.1613E+02
  -3.956  0.1656E+01  0.1615E+02
  -3.946  0.1687E+01  0.1617E+02
  -3.936  0.1718E+01  0.1618E+02
  -3.926  0.1748E+01  0.1620E+02
  -3.916  0.1778E+01  0.1622E+02
  -3.906  0.1807E+01  0.1624E+02
  -3.896  0.1836E+01  0.1625E+02
  -3.886  0.1864E+01  0.1627E+02
  -3.876  0.1891E+01  0.1629E+02
  -3.866  0.1917E+01  0.1631E+02
  -3.856  0.1943E+01  0.1633E+02
  -3.846  0.1968E+01  0.1635E+02
  -3.836  0.1992E+01  0.1637E+02
  -3.826  0.2015E+01  0.1639E+02
  -3.816  0.2037E+01  0.1641E+02
  -3.806  0.2059E+01  0.1643E+02
  -3.796  0.2079E+01  0.1645E+02
  -3.786  0.2099E+01  0.1647E+02
  -3.776  0.2118E+01  0.1649E+02
  -3.766  0.2136E+01  0.1652E+02
  -3.756  0.2153E+01  0.1654E+02
  -3.746  0.2170E+01  0.1656E+02
  -3.736  0.2186E+01  0.1658E+02
  -3.726  0.2201E+01  0.1660E+02
  -3.716  0.2216E+01  0.1663E+02
  -3.706  0.2230E+01  0.1665E+02
  -3.696  0.2244E+01  0.1667E+02
  -3.686  0.2257E+01  0.1669E+02
  -3.676  0.2270E+01  0.1672E+02
  -3.666  0.2283E+01  0.1674E+02
  -3.656  0.2296E+01  0.1676E+02
  -3.646  0.2309E+01  0.1678E+02
  -3.636  0.2321E+01  0.1681E+02
  -3.626  0.2334E+01  0.1683E+02
  -3.616  0.2347E+01  0.1685E+02
  -3.606  0.2361E+01  0.1688E+02
  -3.596  0.2375E+01  0.1690E+02
  -3.586  0.2389E+01  0.1693E+02
  -3.576  0.2404E+01  0.1695E+02
  -3.566  0.2419E+01  0.1697E+02
  -3.556  0.2436E+01  0.1700E+02
  -3.546  0.2453E+01  0.1702E+02
  -3.536  0.2471E+01  0.1705E+02
  -3.526  0.2491E+01  0.1707E+02
  -3.516  0.2511E+01  0.1710E+02
  -3.506  0.2533E+01  0.1712E+02
  -3.496  0.2556E+01  0.1715E+02
  -3.486  0.2580E+01  0.1717E+02
  -3.476  0.2606E+01  0.1720E+02
  -3.466  0.2633E+01  0.1723E+02
  -3.456  0.2662E+01  0.1725E+02
  -3.446  0.2693E+01  0.1728E+02
  -3.436  0.2725E+01  0.1731E+02
  -3.426  0.2759E+01  0.1733E+02
  -3.416  0.2795E+01  0.1736E+02
  -3.406  0.2833E+01  0.1739E+02
  -3.396  0.2873E+01  0.1742E+02
  -3.386  0.2914E+01  0.1745E+02
  -3.376  0.2958E+01  0.1748E+02
  -3.366  0.3003E+01  0.1751E+02
  -3.356  0.3051E+01  0.1754E+02
  -3.346  0.3100E+01  0.1757E+02
  -3.336  0.3152E+01  0.1760E+02
  -3.326  0.3205E+01  0.1763E+02
  -3.316  0.3260E+01  0.1767E+02
  -3.306  0.3317E+01  0.1770E+02
  -3.296  0.3376E+01  0.1773E+02
  -3.286  0.3437E+01  0.1777E+02
  -3.276  0.3499E+01  0.1780E+02
  -3.266  0.3564E+01  0.1784E+02
  -3.256  0.3629E+01  0.1787E+02
  -3.246  0.3697E+01  0.1791E+02
  -3.236  0.3765E+01  0.1795E+02
  -3.226  0.3836E+01  0.1799E+02
  -3.216  0.3907E+01  0.1803E+02
  -3.206  0.3979E+01  0.1807E+02
  -3.196  0.4053E+01  0.1811E+02
  -3.186  0.4127E+01  0.1815E+02
  -3.176  0.4202E+01  0.1819E+02
  -3.166  0.4278E+01  0.1823E+02
  -3.156  0.4354E+01  0.1828E+02
  -3.146  0.4431E+01  0.1832E+02
  -3.136  0.4507E+01  0.1837E+02
  -3.126  0.4584E+01  0.1841E+02
  -3.116  0.4661E+01  0.1846E+02
  -3.106  0.4737E+01  0.1851E+02
  -3.096  0.4813E+01  0.1855E+02
  -3.086  0.4888E+01  0.1860E+02
  -3.076  0.4962E+01  0.1865E+02
  -3.066  0.5036E+01  0.1870E+02
  -3.056  0.5108E+01  0.1875E+02
  -3.046  0.5179E+01  0.1881E+02
  -3.036  0.5248E+01  0.1886E+02
  -3.026  0.5316E+01  0.1891E+02
  -3.016  0.5382E+01  0.1896E+02
  -3.006  0.5446E+01  0.1902E+02
  -2.996  0.5507E+01  0.1907E+02
  -2.986  0.5567E+01  0.1913E+02
  -2.976  0.5624E+01  0.1919E+02
  -2.966  0.5678E+01  0.1924E+02
  -2.956  0.5730E+01  0.1930E+02
  -2.946  0.5779E+01  0.1936E+02
  -2.936  0.5825E+01  0.1942E+02
  -2.926  0.5869E+01  0.1948E+02
  -2.916  0.5908E+01  0.1953E+02
  -2.906  0.5945E+01  0.1959E+02
  -2.896  0.5979E+01  0.1965E+02
  -2.886  0.6009E+01  0.1971E+02
  -2.876  0.6035E+01  0.1977E+02
  -2.866  0.6059E+01  0.1983E+02
  -2.856  0.6079E+01  0.1990E+02
  -2.846  0.6095E+01  0.1996E+02
  -2.836  0.6108E+01  0.2002E+02
  -2.826  0.6117E+01  0.2008E+02
  -2.816  0.6122E+01  0.2014E+02
  -2.806  0.6125E+01  0.2020E+02
  -2.796  0.6123E+01  0.2026E+02
  -2.786  0.6119E+01  0.2032E+02
  -2.776  0.6111E+01  0.2038E+02
  -2.766  0.6099E+01  0.2045E+02
  -2.756  0.6085E+01  0.2051E+02
  -2.746  0.6067E+01  0.2057E+02
  -2.736  0.6046E+01  0.2063E+02
  -2.726  0.6022E+01  0.2069E+02
  -2.716  0.5995E+01  0.2075E+02
  -2.706  0.5965E+01  0.2081E+02
  -2.696  0.5933E+01  0.2087E+02
  -2.686  0.5898E+01  0.2093E+02
  -2.676  0.5860E+01  0.2098E+02
  -2.666  0.5820E+01  0.2104E+02
  -2.656  0.5778E+01  0.2110E+02
  -2.646  0.5734E+01  0.2116E+02
  -2.636  0.5687E+01  0.2121E+02
  -2.626  0.5639E+01  0.2127E+02
  -2.616  0.5589E+01  0.2133E+02
  -2.606  0.5537E+01  0.2138E+02
  -2.596  0.5484E+01  0.2144E+02
  -2.586  0.5429E+01  0.2149E+02
  -2.576  0.5373E+01  0.2154E+02
  -2.566  0.5316E+01  0.2160E+02
  -2.556  0.5258E+01  0.2165E+02
  -2.546  0.5198E+01  0.2170E+02
  -2.536  0.5138E+01  0.2175E+02
  -2.526  0.5077E+01  0.2180E+02
  -2.516  0.5016E+01  0.2185E+02
  -2.506  0.4954E+01  0.2190E+02
  -2.496  0.4891E+01  0.2195E+02
  -2.486  0.4828E+01  0.2200E+02
  -2.476  0.4765E+01  0.2205E+02
  -2.466  0.4701E+01  0.2210E+02
  -2.456  0.4637E+01  0.2214E+02
  -2.446  0.4573E+01  0.2219E+02
  -2.436  0.4509E+01  0.2223E+02
  -2.426  0.4445E+01  0.2228E+02
  -2.416  0.4380E+01  0.2232E+02
  -2.406  0.4316E+01  0.2236E+02
  -2.396  0.4252E+01  0.2241E+02
  -2.386  0.4188E+01  0.2245E+02
  -2.376  0.4124E+01  0.2249E+02
  -2.366  0.4061E+01  0.2253E+02
  -2.356  0.3997E+01  0.2257E+02
  -2.346  0.3934E+01  0.2261E+02
  -2.336  0.3871E+01  0.2265E+02
  -2.326  0.3808E+01  0.2269E+02
  -2.316  0.3745E+01  0.2272E+02
  -2.306  0.3683E+01  0.2276E+02
  -2.296  0.3621E+01  0.2280E+02
  -2.286  0.3559E+01  0.2283E+02
  -2.276  0.3497E+01  0.2287E+02
  -2.266  0.3435E+01  0.2290E+02
  -2.256  0.3374E+01  0.2294E+02
  -2.246  0.3312E+01  0.2297E+02
  -2.236  0.3251E+01  0.2300E+02
  -2.226  0.3190E+01  0.2303E+02
  -2.216  0.3130E+01  0.2307E+02
  -2.206  0.3069E+01  0.2310E+02
  -2.196  0.3009E+01  0.2313E+02
  -2.186  0.2948E+01  0.2316E+02
  -2.176  0.2888E+01  0.2318E+02
  -2.166  0.2828E+01  0.2321E+02
  -2.156  0.2768E+01  0.2324E+02
  -2.146  0.2709E+01  0.2327E+02
  -2.136  0.2649E+01  0.2329E+02
  -2.126  0.2590E+01  0.2332E+02
  -2.116  0.2530E+01  0.2334E+02
  -2.106  0.2471E+01  0.2337E+02
  -2.096  0.2413E+01  0.2339E+02
  -2.086  0.2354E+01  0.2342E+02
  -2.076  0.2295E+01  0.2344E+02
  -2.066  0.2237E+01  0.2346E+02
  -2.056  0.2179E+01  0.2348E+02
  -2.046  0.2121E+01  0.2351E+02
  -2.036  0.2064E+01  0.2353E+02
  -2.026  0.2007E+01  0.2355E+02
  -2.016  0.1950E+01  0.2357E+02
  -2.006  0.1894E+01  0.2358E+02
  -1.996  0.1838E+01  0.2360E+02
  -1.986  0.1782E+01  0.2362E+02
  -1.976  0.1727E+01  0.2364E+02
  -1.966  0.1673E+01  0.2366E+02
  -1.956  0.1619E+01  0.2367E+02
  -1.946  0.1566E+01  0.2369E+02
  -1.936  0.1513E+01  0.2370E+02
  -1.926  0.1461E+01  0.2372E+02
  -1.916  0.1409E+01  0.2373E+02
  -1.906  0.1359E+01  0.2374E+02
  -1.896  0.1309E+01  0.2376E+02
  -1.886  0.1260E+01  0.2377E+02
  -1.876  0.1212E+01  0.2378E+02
  -1.866  0.1164E+01  0.2379E+02
  -1.856  0.1118E+01  0.2380E+02
  -1.846  0.1072E+01  0.2382E+02
  -1.836  0.1028E+01  0.2383E+02
  -1.826  0.9840E+00  0.2384E+02
  -1.816  0.9414E+00  0.2385E+02
  -1.806  0.8999E+00  0.2385E+02
  -1.796  0.8594E+00  0.2386E+02
  -1.786  0.8199E+00  0.2387E+02
  -1.776  0.7816E+00  0.2388E+02
  -1.766  0.7444E+00  0.2389E+02
  -1.756  0.7082E+00  0.2389E+02
  -1.746  0.6732E+00  0.2390E+02
  -1.736  0.6394E+00  0.2391E+02
  -1.726  0.6067E+00  0.2391E+02
  -1.716  0.5751E+00  0.2392E+02
  -1.706  0.5446E+00  0.2392E+02
  -1.696  0.5153E+00  0.2393E+02
  -1.686  0.4872E+00  0.2393E+02
  -1.676  0.4601E+00  0.2394E+02
  -1.666  0.4342E+00  0.2394E+02
  -1.656  0.4094E+00  0.2395E+02
  -1.646  0.3857E+00  0.2395E+02
  -1.636  0.3631E+00  0.2395E+02
  -1.626  0.3416E+00  0.2396E+02
  -1.616  0.3212E+00  0.2396E+02
  -1.606  0.3018E+00  0.2396E+02
  -1.596  0.2834E+00  0.2397E+02
  -1.586  0.2661E+00  0.2397E+02
  -1.576  0.2497E+00  0.2397E+02
  -1.566  0.2343E+00  0.2397E+02
  -1.556  0.2200E+00  0.2398E+02
  -1.546  0.2065E+00  0.2398E+02
  -1.536  0.1940E+00  0.2398E+02
  -1.526  0.1824E+00  0.2398E+02
  -1.516  0.1717E+00  0.2398E+02
  -1.506  0.1620E+00  0.2399E+02
  -1.496  0.1530E+00  0.2399E+02
  -1.486  0.1450E+00  0.2399E+02
  -1.476  0.1378E+00  0.2399E+02
  -1.466  0.1315E+00  0.2399E+02
  -1.456  0.1260E+00  0.2399E+02
  -1.446  0.1213E+00  0.2399E+02
  -1.436  0.1174E+00  0.2399E+02
  -1.426  0.1144E+00  0.2400E+02
  -1.416  0.1122E+00  0.2400E+02
  -1.406  0.1109E+00  0.2400E+02
  -1.396  0.1104E+00  0.2400E+02
  -1.386  0.1107E+00  0.2400E+02
  -1.376  0.1119E+00  0.2400E+02
  -1.366  0.1140E+00  0.2400E+02
  -1.356  0.1169E+00  0.2400E+02
  -1.346  0.1208E+00  0.2401E+02
  -1.336  0.1256E+00  0.2401E+02
  -1.326  0.1313E+00  0.2401E+02
  -1.316  0.1380E+00  0.2401E+02
  -1.306  0.1457E+00  0.2401E+02
  -1.296  0.1544E+00  0.2401E+02
  -1.286  0.1643E+00  0.2401E+02
  -1.276  0.1752E+00  0.2402E+02
  -1.266  0.1872E+00  0.2402E+02
  -1.256  0.2005E+00  0.2402E+02
  -1.246  0.2150E+00  0.2402E+02
  -1.236  0.2307E+00  0.2402E+02
  -1.226  0.2478E+00  0.2403E+02
  -1.216  0.2662E+00  0.2403E+02
  -1.206  0.2861E+00  0.2403E+02
  -1.196  0.3074E+00  0.2403E+02
  -1.186  0.3302E+00  0.2404E+02
  -1.176  0.3546E+00  0.2404E+02
  -1.166  0.3807E+00  0.2405E+02
  -1.156  0.4084E+00  0.2405E+02
  -1.146  0.4378E+00  0.2405E+02
  -1.136  0.4690E+00  0.2406E+02
  -1.126  0.5020E+00  0.2406E+02
  -1.116  0.5369E+00  0.2407E+02
  -1.106  0.5738E+00  0.2407E+02
  -1.096  0.6126E+00  0.2408E+02
  -1.086  0.6534E+00  0.2409E+02
  -1.076  0.6962E+00  0.2409E+02
  -1.066  0.7412E+00  0.2410E+02
  -1.056  0.7883E+00  0.2411E+02
  -1.046  0.8375E+00  0.2412E+02
  -1.036  0.8889E+00  0.2413E+02
  -1.026  0.9425E+00  0.2414E+02
  -1.016  0.9984E+00  0.2415E+02
  -1.006  0.1056E+01  0.2416E+02
  -0.996  0.1117E+01  0.2417E+02
  -0.986  0.1179E+01  0.2418E+02
  -0.976  0.1244E+01  0.2419E+02
  -0.966  0.1311E+01  0.2421E+02
  -0.956  0.1381E+01  0.2422E+02
  -0.946  0.1452E+01  0.2423E+02
  -0.936  0.1526E+01  0.2425E+02
  -0.926  0.1601E+01  0.2427E+02
  -0.916  0.1679E+01  0.2428E+02
  -0.906  0.1759E+01  0.2430E+02
  -0.896  0.1841E+01  0.2432E+02
  -0.886  0.1925E+01  0.2434E+02
  -0.876  0.2010E+01  0.2436E+02
  -0.866  0.2098E+01  0.2438E+02
  -0.856  0.2187E+01  0.2440E+02
  -0.846  0.2277E+01  0.2442E+02
  -0.836  0.2369E+01  0.2445E+02
  -0.826  0.2463E+01  0.2447E+02
  -0.816  0.2558E+01  0.2450E+02
  -0.806  0.2653E+01  0.2452E+02
  -0.796  0.2750E+01  0.2455E+02
  -0.786  0.2848E+01  0.2458E+02
  -0.776  0.2947E+01  0.2461E+02
  -0.766  0.3046E+01  0.2464E+02
  -0.756  0.3146E+01  0.2467E+02
  -0.746  0.3247E+01  0.2470E+02
  -0.736  0.3347E+01  0.2474E+02
  -0.726  0.3448E+01  0.2477E+02
  -0.716  0.3548E+01  0.2481E+02
  -0.706  0.3649E+01  0.2484E+02
  -0.696  0.3749E+01  0.2488E+02
  -0.686  0.3848E+01  0.2492E+02
  -0.676  0.3947E+01  0.2496E+02
  -0.666  0.4045E+01  0.2500E+02
  -0.656  0.4143E+01  0.2504E+02
  -0.646  0.4239E+01  0.2508E+02
  -0.636  0.4334E+01  0.2513E+02
  -0.626  0.4428E+01  0.2517E+02
  -0.616  0.4520E+01  0.2522E+02
  -0.606  0.4611E+01  0.2526E+02
  -0.596  0.4700E+01  0.2531E+02
  -0.586  0.4787E+01  0.2536E+02
  -0.576  0.4873E+01  0.2541E+02
  -0.566  0.4956E+01  0.2545E+02
  -0.556  0.5038E+01  0.2551E+02
  -0.546  0.5117E+01  0.2556E+02
  -0.536  0.5194E+01  0.2561E+02
  -0.526  0.5269E+01  0.2566E+02
  -0.516  0.5341E+01  0.2571E+02
  -0.506  0.5411E+01  0.2577E+02
  -0.496  0.5479E+01  0.2582E+02
  -0.486  0.5544E+01  0.2588E+02
  -0.476  0.5606E+01  0.2593E+02
  -0.466  0.5666E+01  0.2599E+02
  -0.456  0.5724E+01  0.2605E+02
  -0.446  0.5779E+01  0.2611E+02
  -0.436  0.5831E+01  0.2616E+02
  -0.426  0.5881E+01  0.2622E+02
  -0.416  0.5928E+01  0.2628E+02
  -0.406  0.5972E+01  0.2634E+02
  -0.396  0.6014E+01  0.2640E+02
  -0.386  0.6054E+01  0.2646E+02
  -0.376  0.6091E+01  0.2652E+02
  -0.366  0.6126E+01  0.2659E+02
  -0.356  0.6158E+01  0.2665E+02
  -0.346  0.6188E+01  0.2671E+02
  -0.336  0.6216E+01  0.2677E+02
  -0.326  0.6242E+01  0.2683E+02
  -0.316  0.6265E+01  0.2690E+02
  -0.306  0.6287E+01  0.2696E+02
  -0.296  0.6306E+01  0.2702E+02
  -0.286  0.6324E+01  0.2709E+02
  -0.276  0.6340E+01  0.2715E+02
  -0.266  0.6354E+01  0.2721E+02
  -0.256  0.6367E+01  0.2728E+02
  -0.246  0.6378E+01  0.2734E+02
  -0.236  0.6388E+01  0.2740E+02
  -0.226  0.6396E+01  0.2747E+02
  -0.216  0.6403E+01  0.2753E+02
  -0.206  0.6409E+01  0.2760E+02
  -0.196  0.6414E+01  0.2766E+02
  -0.186  0.6418E+01  0.2772E+02
  -0.176  0.6421E+01  0.2779E+02
  -0.166  0.6424E+01  0.2785E+02
  -0.156  0.6425E+01  0.2792E+02
  -0.146  0.6427E+01  0.2798E+02
  -0.136  0.6427E+01  0.2805E+02
  -0.126  0.6428E+01  0.2811E+02
  -0.116  0.6428E+01  0.2817E+02
  -0.106  0.6428E+01  0.2824E+02
  -0.096  0.6428E+01  0.2830E+02
  -0.086  0.6427E+01  0.2837E+02
  -0.076  0.6427E+01  0.2843E+02
  -0.066  0.6427E+01  0.2850E+02
  -0.056  0.6428E+01  0.2856E+02
  -0.046  0.6428E+01  0.2862E+02
  -0.036  0.6429E+01  0.2869E+02
  -0.026  0.6431E+01  0.2875E+02
  -0.016  0.6433E+01  0.2882E+02
  -0.006  0.6436E+01  0.2888E+02
   0.004  0.6439E+01  0.2895E+02
   0.014  0.6443E+01  0.2901E+02
   0.024  0.6447E+01  0.2907E+02
   0.034  0.6453E+01  0.2914E+02
   0.044  0.6459E+01  0.2920E+02
   0.054  0.6466E+01  0.2927E+02
   0.064  0.6474E+01  0.2933E+02
   0.074  0.6483E+01  0.2940E+02
   0.084  0.6493E+01  0.2946E+02
   0.094  0.6504E+01  0.2953E+02
   0.104  0.6515E+01  0.2959E+02
   0.114  0.6528E+01  0.2966E+02
   0.124  0.6541E+01  0.2972E+02
   0.134  0.6556E+01  0.2979E+02
   0.144  0.6571E+01  0.2985E+02
   0.154  0.6587E+01  0.2992E+02
   0.164  0.6604E+01  0.2999E+02
   0.174  0.6622E+01  0.3005E+02
   0.184  0.6640E+01  0.3012E+02
   0.194  0.6660E+01  0.3019E+02
   0.204  0.6680E+01  0.3025E+02
   0.214  0.6700E+01  0.3032E+02
   0.224  0.6721E+01  0.3039E+02
   0.234  0.6743E+01  0.3045E+02
   0.244  0.6765E+01  0.3052E+02
   0.254  0.6787E+01  0.3059E+02
   0.264  0.6810E+01  0.3066E+02
   0.274  0.6833E+01  0.3073E+02
   0.284  0.6856E+01  0.3079E+02
   0.294  0.6880E+01  0.3086E+02
   0.304  0.6903E+01  0.3093E+02
   0.314  0.6926E+01  0.3100E+02
   0.324  0.6949E+01  0.3107E+02
   0.334  0.6972E+01  0.3114E+02
   0.344  0.6995E+01  0.3121E+02
   0.354  0.7017E+01  0.3128E+02
   0.364  0.7039E+01  0.3135E+02
   0.374  0.7061E+01  0.3142E+02
   0.384  0.7082E+01  0.3149E+02
   0.394  0.7102E+01  0.3156E+02
   0.404  0.7122E+01  0.3164E+02
   0.414  0.7141E+01  0.3171E+02
   0.424  0.7160E+01  0.3178E+02
   0.434  0.7178E+01  0.3185E+02
   0.444  0.7195E+01  0.3192E+02
   0.454  0.7211E+01  0.3199E+02
   0.464  0.7226E+01  0.3207E+02
   0.474  0.7240E+01  0.3214E+02
   0.484  0.7254E+01  0.3221E+02
   0.494  0.7267E+01  0.3228E+02
   0.504  0.7278E+01  0.3236E+02
   0.514  0.7289E+01  0.3243E+02
   0.524  0.7299E+01  0.3250E+02
   0.534  0.7308E+01  0.3258E+02
   0.544  0.7317E+01  0.3265E+02
   0.554  0.7324E+01  0.3272E+02
   0.564  0.7331E+01  0.3280E+02
   0.574  0.7337E+01  0.3287E+02
   0.584  0.7342E+01  0.3294E+02
   0.594  0.7346E+01  0.3302E+02
   0.604  0.7349E+01  0.3309E+02
   0.614  0.7352E+01  0.3316E+02
   0.624  0.7355E+01  0.3324E+02
   0.634  0.7356E+01  0.3331E+02
   0.644  0.7357E+01  0.3338E+02
   0.654  0.7358E+01  0.3346E+02
   0.664  0.7358E+01  0.3353E+02
   0.674  0.7358E+01  0.3360E+02
   0.684  0.7357E+01  0.3368E+02
   0.694  0.7357E+01  0.3375E+02
   0.704  0.7355E+01  0.3382E+02
   0.714  0.7354E+01  0.3390E+02
   0.724  0.7352E+01  0.3397E+02
   0.734  0.7351E+01  0.3405E+02
   0.744  0.7349E+01  0.3412E+02
   0.754  0.7347E+01  0.3419E+02
   0.764  0.7345E+01  0.3427E+02
   0.774  0.7343E+01  0.3434E+02
   0.784  0.7341E+01  0.3441E+02
   0.794  0.7339E+01  0.3449E+02
   0.804  0.7337E+01  0.3456E+02
   0.814  0.7336E+01  0.3463E+02
   0.824  0.7335E+01  0.3471E+02
   0.834  0.7333E+01  0.3478E+02
   0.844  0.7333E+01  0.3485E+02
   0.854  0.7332E+01  0.3493E+02
   0.864  0.7332E+01  0.3500E+02
   0.874  0.7332E+01  0.3507E+02
   0.884  0.7332E+01  0.3515E+02
   0.894  0.7333E+01  0.3522E+02
   0.904  0.7334E+01  0.3529E+02
   0.914  0.7336E+01  0.3537E+02
   0.924  0.7338E+01  0.3544E+02
   0.934  0.7341E+01  0.3551E+02
   0.944  0.7344E+01  0.3559E+02
   0.954  0.7347E+01  0.3566E+02
   0.964  0.7352E+01  0.3573E+02
   0.974  0.7357E+01  0.3581E+02
   0.984  0.7362E+01  0.3588E+02
   0.994  0.7369E+01  0.3595E+02
   1.004  0.7376E+01  0.3603E+02
   1.014  0.7384E+01  0.3610E+02
   1.024  0.7392E+01  0.3618E+02
   1.034  0.7402E+01  0.3625E+02
   1.044  0.7412E+01  0.3632E+02
   1.054  0.7423E+01  0.3640E+02
   1.064  0.7435E+01  0.3647E+02
   1.074  0.7448E+01  0.3655E+02
   1.084  0.7462E+01  0.3662E+02
   1.094  0.7476E+01  0.3670E+02
   1.104  0.7492E+01  0.3677E+02
   1.114  0.7509E+01  0.3685E+02
   1.124  0.7526E+01  0.3692E+02
   1.134  0.7545E+01  0.3700E+02
   1.144  0.7565E+01  0.3707E+02
   1.154  0.7585E+01  0.3715E+02
   1.164  0.7607E+01  0.3722E+02
   1.174  0.7629E+01  0.3730E+02
   1.184  0.7653E+01  0.3738E+02
   1.194  0.7677E+01  0.3745E+02
   1.204  0.7702E+01  0.3753E+02
   1.214  0.7729E+01  0.3761E+02
   1.224  0.7756E+01  0.3769E+02
   1.234  0.7783E+01  0.3776E+02
   1.244  0.7812E+01  0.3784E+02
   1.254  0.7841E+01  0.3792E+02
   1.264  0.7870E+01  0.3800E+02
   1.274  0.7901E+01  0.3808E+02
   1.284  0.7931E+01  0.3816E+02
   1.294  0.7962E+01  0.3824E+02
   1.304  0.7993E+01  0.3832E+02
   1.314  0.8024E+01  0.3840E+02
   1.324  0.8056E+01  0.3848E+02
   1.334  0.8087E+01  0.3856E+02
   1.344  0.8118E+01  0.3864E+02
   1.354  0.8148E+01  0.3872E+02
   1.364  0.8178E+01  0.3880E+02
   1.374  0.8208E+01  0.3889E+02
   1.384  0.8237E+01  0.3897E+02
   1.394  0.8265E+01  0.3905E+02
   1.404  0.8292E+01  0.3913E+02
   1.414  0.8318E+01  0.3922E+02
   1.424  0.8343E+01  0.3930E+02
   1.434  0.8367E+01  0.3938E+02
   1.444  0.8389E+01  0.3947E+02
   1.454  0.8409E+01  0.3955E+02
   1.464  0.8428E+01  0.3964E+02
   1.474  0.8445E+01  0.3972E+02
   1.484  0.8459E+01  0.3980E+02
   1.494  0.8472E+01  0.3989E+02
   1.504  0.8483E+01  0.3997E+02
   1.514  0.8491E+01  0.4006E+02
   1.524  0.8497E+01  0.4014E+02
   1.534  0.8501E+01  0.4023E+02
   1.544  0.8502E+01  0.4031E+02
   1.554  0.8501E+01  0.4040E+02
   1.564  0.8496E+01  0.4048E+02
   1.574  0.8490E+01  0.4057E+02
   1.584  0.8480E+01  0.4065E+02
   1.594  0.8468E+01  0.4074E+02
   1.604  0.8453E+01  0.4082E+02
   1.614  0.8435E+01  0.4091E+02
   1.624  0.8415E+01  0.4099E+02
   1.634  0.8391E+01  0.4108E+02
   1.644  0.8365E+01  0.4116E+02
   1.654  0.8337E+01  0.4124E+02
   1.664  0.8305E+01  0.4133E+02
   1.674  0.8272E+01  0.4141E+02
   1.684  0.8235E+01  0.4149E+02
   1.694  0.8196E+01  0.4157E+02
   1.704  0.8155E+01  0.4165E+02
   1.714  0.8112E+01  0.4174E+02
   1.724  0.8067E+01  0.4182E+02
   1.734  0.8019E+01  0.4190E+02
   1.744  0.7970E+01  0.4198E+02
   1.754  0.7919E+01  0.4206E+02
   1.764  0.7866E+01  0.4213E+02
   1.774  0.7812E+01  0.4221E+02
   1.784  0.7757E+01  0.4229E+02
   1.794  0.7700E+01  0.4237E+02
   1.804  0.7643E+01  0.4244E+02
   1.814  0.7585E+01  0.4252E+02
   1.824  0.7526E+01  0.4259E+02
   1.834  0.7466E+01  0.4267E+02
   1.844  0.7407E+01  0.4274E+02
   1.854  0.7347E+01  0.4282E+02
   1.864  0.7287E+01  0.4289E+02
   1.874  0.7227E+01  0.4296E+02
   1.884  0.7168E+01  0.4303E+02
   1.894  0.7109E+01  0.4310E+02
   1.904  0.7051E+01  0.4317E+02
   1.914  0.6993E+01  0.4324E+02
   1.924  0.6937E+01  0.4331E+02
   1.934  0.6881E+01  0.4338E+02
   1.944  0.6827E+01  0.4345E+02
   1.954  0.6774E+01  0.4352E+02
   1.964  0.6722E+01  0.4359E+02
   1.974  0.6672E+01  0.4365E+02
   1.984  0.6623E+01  0.4372E+02
   1.994  0.6576E+01  0.4378E+02
   2.004  0.6531E+01  0.4385E+02
   2.014  0.6487E+01  0.4391E+02
   2.024  0.6445E+01  0.4398E+02
   2.034  0.6405E+01  0.4404E+02
   2.044  0.6367E+01  0.4411E+02
   2.054  0.6330E+01  0.4417E+02
   2.064  0.6295E+01  0.4423E+02
   2.074  0.6262E+01  0.4430E+02
   2.084  0.6230E+01  0.4436E+02
   2.094  0.6200E+01  0.4442E+02
   2.104  0.6171E+01  0.4448E+02
   2.114  0.6144E+01  0.4454E+02
   2.124  0.6118E+01  0.4460E+02
   2.134  0.6093E+01  0.4467E+02
   2.144  0.6069E+01  0.4473E+02
   2.154  0.6047E+01  0.4479E+02
   2.164  0.6025E+01  0.4485E+02
   2.174  0.6003E+01  0.4491E+02
   2.184  0.5983E+01  0.4497E+02
   2.194  0.5962E+01  0.4503E+02
   2.204  0.5942E+01  0.4509E+02
   2.214  0.5921E+01  0.4514E+02
   2.224  0.5901E+01  0.4520E+02
   2.234  0.5880E+01  0.4526E+02
   2.244  0.5859E+01  0.4532E+02
   2.254  0.5836E+01  0.4538E+02
   2.264  0.5813E+01  0.4544E+02
   2.274  0.5789E+01  0.4550E+02
   2.284  0.5764E+01  0.4555E+02
   2.294  0.5737E+01  0.4561E+02
   2.304  0.5709E+01  0.4567E+02
   2.314  0.5679E+01  0.4572E+02
   2.324  0.5647E+01  0.4578E+02
   2.334  0.5614E+01  0.4584E+02
   2.344  0.5578E+01  0.4589E+02
   2.354  0.5540E+01  0.4595E+02
   2.364  0.5500E+01  0.4600E+02
   2.374  0.5457E+01  0.4606E+02
   2.384  0.5412E+01  0.4611E+02
   2.394  0.5364E+01  0.4617E+02
   2.404  0.5313E+01  0.4622E+02
   2.414  0.5260E+01  0.4627E+02
   2.424  0.5204E+01  0.4632E+02
   2.434  0.5146E+01  0.4637E+02
   2.444  0.5085E+01  0.4643E+02
   2.454  0.5021E+01  0.4648E+02
   2.464  0.4954E+01  0.4653E+02
   2.474  0.4885E+01  0.4657E+02
   2.484  0.4813E+01  0.4662E+02
   2.494  0.4739E+01  0.4667E+02
   2.504  0.4662E+01  0.4672E+02
   2.514  0.4583E+01  0.4676E+02
   2.524  0.4502E+01  0.4681E+02
   2.534  0.4419E+01  0.4685E+02
   2.544  0.4333E+01  0.4689E+02
   2.554  0.4246E+01  0.4694E+02
   2.564  0.4156E+01  0.4698E+02
   2.574  0.4066E+01  0.4702E+02
   2.584  0.3973E+01  0.4706E+02
   2.594  0.3880E+01  0.4710E+02
   2.604  0.3785E+01  0.4714E+02
   2.614  0.3689E+01  0.4717E+02
   2.624  0.3592E+01  0.4721E+02
   2.634  0.3495E+01  0.4724E+02
   2.644  0.3397E+01  0.4728E+02
   2.654  0.3299E+01  0.4731E+02
   2.664  0.3200E+01  0.4734E+02
   2.674  0.3102E+01  0.4737E+02
   2.684  0.3004E+01  0.4740E+02
   2.694  0.2906E+01  0.4743E+02
   2.704  0.2808E+01  0.4746E+02
   2.714  0.2712E+01  0.4749E+02
   2.724  0.2616E+01  0.4751E+02
   2.734  0.2520E+01  0.4754E+02
   2.744  0.2426E+01  0.4756E+02
   2.754  0.2334E+01  0.4759E+02
   2.764  0.2242E+01  0.4761E+02
   2.774  0.2152E+01  0.4763E+02
   2.784  0.2064E+01  0.4765E+02
   2.794  0.1977E+01  0.4767E+02
   2.804  0.1892E+01  0.4769E+02
   2.814  0.1808E+01  0.4771E+02
   2.824  0.1727E+01  0.4773E+02
   2.834  0.1647E+01  0.4774E+02
   2.844  0.1570E+01  0.4776E+02
   2.854  0.1495E+01  0.4777E+02
   2.864  0.1422E+01  0.4779E+02
   2.874  0.1351E+01  0.4780E+02
   2.884  0.1282E+01  0.4781E+02
   2.894  0.1216E+01  0.4783E+02
   2.904  0.1151E+01  0.4784E+02
   2.914  0.1090E+01  0.4785E+02
   2.924  0.1030E+01  0.4786E+02
   2.934  0.9724E+00  0.4787E+02
   2.944  0.9172E+00  0.4788E+02
   2.954  0.8642E+00  0.4789E+02
   2.964  0.8135E+00  0.4789E+02
   2.974  0.7649E+00  0.4790E+02
   2.984  0.7185E+00  0.4791E+02
   2.994  0.6741E+00  0.4792E+02
   3.004  0.6319E+00  0.4792E+02
   3.014  0.5916E+00  0.4793E+02
   3.024  0.5534E+00  0.4793E+02
   3.034  0.5170E+00  0.4794E+02
   3.044  0.4826E+00  0.4794E+02
   3.054  0.4499E+00  0.4795E+02
   3.064  0.4190E+00  0.4795E+02
   3.074  0.3898E+00  0.4796E+02
   3.084  0.3623E+00  0.4796E+02
   3.094  0.3364E+00  0.4796E+02
   3.104  0.3119E+00  0.4797E+02
   3.114  0.2890E+00  0.4797E+02
   3.124  0.2674E+00  0.4797E+02
   3.134  0.2472E+00  0.4797E+02
   3.144  0.2282E+00  0.4798E+02
   3.154  0.2105E+00  0.4798E+02
   3.164  0.1940E+00  0.4798E+02
   3.174  0.1785E+00  0.4798E+02
   3.184  0.1642E+00  0.4798E+02
   3.194  0.1508E+00  0.4799E+02
   3.204  0.1383E+00  0.4799E+02
   3.214  0.1268E+00  0.4799E+02
   3.224  0.1160E+00  0.4799E+02
   3.234  0.1061E+00  0.4799E+02
   3.244  0.9691E-01  0.4799E+02
   3.254  0.8843E-01  0.4799E+02
   3.264  0.8059E-01  0.4799E+02
   3.274  0.7338E-01  0.4799E+02
   3.284  0.6673E-01  0.4799E+02
   3.294  0.6062E-01  0.4799E+02
   3.304  0.5501E-01  0.4800E+02
   3.314  0.4986E-01  0.4800E+02
   3.324  0.4515E-01  0.4800E+02
   3.334  0.4083E-01  0.4800E+02
   3.344  0.3689E-01  0.4800E+02
   3.354  0.3329E-01  0.4800E+02
   3.364  0.3001E-01  0.4800E+02
   3.374  0.2702E-01  0.4800E+02
   3.384  0.2431E-01  0.4800E+02
   3.394  0.2184E-01  0.4800E+02
   3.404  0.1960E-01  0.4800E+02
   3.414  0.1757E-01  0.4800E+02
   3.424  0.1573E-01  0.4800E+02
   3.434  0.1407E-01  0.4800E+02
   3.444  0.1257E-01  0.4800E+02
   3.454  0.1122E-01  0.4800E+02
   3.464  0.1000E-01  0.4800E+02
   3.474  0.8907E-02  0.4800E+02
   3.484  0.7923E-02  0.4800E+02
   3.494  0.7039E-02  0.4800E+02
