#  E (eV)   dos(E)     Int dos(E) EFermi =   2.556 eV
 -17.996  0.9516E-05  0.9516E-07
 -17.986  0.1112E-04  0.2063E-06
 -17.976  0.1298E-04  0.3361E-06
 -17.966  0.1513E-04  0.4874E-06
 -17.956  0.1762E-04  0.6637E-06
 -17.946  0.2050E-04  0.8687E-06
 -17.936  0.2383E-04  0.1107E-05
 -17.926  0.2767E-04  0.1384E-05
 -17.916  0.3209E-04  0.1705E-05
 -17.906  0.3717E-04  0.2076E-05
 -17.896  0.4302E-04  0.2506E-05
 -17.886  0.4973E-04  0.3004E-05
 -17.876  0.5743E-04  0.3578E-05
 -17.866  0.6626E-04  0.4241E-05
 -17.856  0.7636E-04  0.5004E-05
 -17.846  0.8790E-04  0.5883E-05
 -17.836  0.1011E-03  0.6894E-05
 -17.826  0.1161E-03  0.8055E-05
 -17.816  0.1333E-03  0.9388E-05
 -17.806  0.1528E-03  0.1092E-04
 -17.796  0.1750E-03  0.1267E-04
 -17.786  0.2002E-03  0.1467E-04
 -17.776  0.2287E-03  0.1695E-04
 -17.766  0.2611E-03  0.1957E-04
 -17.756  0.2978E-03  0.2254E-04
 -17.746  0.3393E-03  0.2594E-04
 -17.736  0.3861E-03  0.2980E-04
 -17.726  0.4390E-03  0.3419E-04
 -17.716  0.4985E-03  0.3917E-04
 -17.706  0.5656E-03  0.4483E-04
 -17.696  0.6411E-03  0.5124E-04
 -17.686  0.7258E-03  0.5850E-04
 -17.676  0.8209E-03  0.6671E-04
 -17.666  0.9275E-03  0.7598E-04
 -17.656  0.1047E-02  0.8645E-04
 -17.646  0.1181E-02  0.9826E-04
 -17.636  0.1330E-02  0.1116E-03
 -17.626  0.1496E-02  0.1265E-03
 -17.616  0.1682E-02  0.1433E-03
 -17.606  0.1889E-02  0.1622E-03
 -17.596  0.2119E-02  0.1834E-03
 -17.586  0.2375E-02  0.2072E-03
 -17.576  0.2659E-02  0.2338E-03
 -17.566  0.2974E-02  0.2635E-03
 -17.556  0.3323E-02  0.2967E-03
 -17.546  0.3709E-02  0.3338E-03
 -17.536  0.4135E-02  0.3752E-03
 -17.526  0.4607E-02  0.4212E-03
 -17.516  0.5127E-02  0.4725E-03
 -17.506  0.5699E-02  0.5295E-03
 -17.496  0.6330E-02  0.5928E-03
 -17.486  0.7023E-02  0.6630E-03
 -17.476  0.7784E-02  0.7409E-03
 -17.466  0.8619E-02  0.8270E-03
 -17.456  0.9535E-02  0.9224E-03
 -17.446  0.1054E-01  0.1028E-02
 -17.436  0.1163E-01  0.1144E-02
 -17.426  0.1283E-01  0.1272E-02
 -17.416  0.1414E-01  0.1414E-02
 -17.406  0.1556E-01  0.1569E-02
 -17.396  0.1711E-01  0.1741E-02
 -17.386  0.1880E-01  0.1929E-02
 -17.376  0.2064E-01  0.2135E-02
 -17.366  0.2263E-01  0.2361E-02
 -17.356  0.2479E-01  0.2609E-02
 -17.346  0.2713E-01  0.2880E-02
 -17.336  0.2966E-01  0.3177E-02
 -17.326  0.3239E-01  0.3501E-02
 -17.316  0.3535E-01  0.3854E-02
 -17.306  0.3854E-01  0.4240E-02
 -17.296  0.4197E-01  0.4659E-02
 -17.286  0.4567E-01  0.5116E-02
 -17.276  0.4965E-01  0.5613E-02
 -17.266  0.5392E-01  0.6152E-02
 -17.256  0.5851E-01  0.6737E-02
 -17.246  0.6342E-01  0.7371E-02
 -17.236  0.6869E-01  0.8058E-02
 -17.226  0.7432E-01  0.8801E-02
 -17.216  0.8034E-01  0.9605E-02
 -17.206  0.8677E-01  0.1047E-01
 -17.196  0.9362E-01  0.1141E-01
 -17.186  0.1009E+00  0.1242E-01
 -17.176  0.1087E+00  0.1350E-01
 -17.166  0.1170E+00  0.1467E-01
 -17.156  0.1257E+00  0.1593E-01
 -17.146  0.1351E+00  0.1728E-01
 -17.136  0.1449E+00  0.1873E-01
 -17.126  0.1554E+00  0.2029E-01
 -17.116  0.1665E+00  0.2195E-01
 -17.106  0.1782E+00  0.2373E-01
 -17.096  0.1905E+00  0.2564E-01
 -17.086  0.2035E+00  0.2767E-01
 -17.076  0.2172E+00  0.2984E-01
 -17.066  0.2317E+00  0.3216E-01
 -17.056  0.2469E+00  0.3463E-01
 -17.046  0.2628E+00  0.3726E-01
 -17.036  0.2796E+00  0.4005E-01
 -17.026  0.2971E+00  0.4303E-01
 -17.016  0.3155E+00  0.4618E-01
 -17.006  0.3347E+00  0.4953E-01
 -16.996  0.3549E+00  0.5308E-01
 -16.986  0.3759E+00  0.5684E-01
 -16.976  0.3978E+00  0.6081E-01
 -16.966  0.4206E+00  0.6502E-01
 -16.956  0.4444E+00  0.6946E-01
 -16.946  0.4691E+00  0.7415E-01
 -16.936  0.4948E+00  0.7910E-01
 -16.926  0.5215E+00  0.8432E-01
 -16.916  0.5491E+00  0.8981E-01
 -16.906  0.5778E+00  0.9558E-01
 -16.896  0.6074E+00  0.1017E+00
 -16.886  0.6381E+00  0.1080E+00
 -16.876  0.6697E+00  0.1147E+00
 -16.866  0.7024E+00  0.1218E+00
 -16.856  0.7361E+00  0.1291E+00
 -16.846  0.7708E+00  0.1368E+00
 -16.836  0.8065E+00  0.1449E+00
 -16.826  0.8432E+00  0.1533E+00
 -16.816  0.8808E+00  0.1621E+00
 -16.806  0.9194E+00  0.1713E+00
 -16.796  0.9590E+00  0.1809E+00
 -16.786  0.9994E+00  0.1909E+00
 -16.776  0.1041E+01  0.2013E+00
 -16.766  0.1083E+01  0.2122E+00
 -16.756  0.1126E+01  0.2234E+00
 -16.746  0.1170E+01  0.2351E+00
 -16.736  0.1215E+01  0.2473E+00
 -16.726  0.1260E+01  0.2599E+00
 -16.716  0.1307E+01  0.2729E+00
 -16.706  0.1353E+01  0.2865E+00
 -16.696  0.1401E+01  0.3005E+00
 -16.686  0.1449E+01  0.3150E+00
 -16.676  0.1498E+01  0.3299E+00
 -16.666  0.1547E+01  0.3454E+00
 -16.656  0.1596E+01  0.3614E+00
 -16.646  0.1646E+01  0.3778E+00
 -16.636  0.1697E+01  0.3948E+00
 -16.626  0.1747E+01  0.4123E+00
 -16.616  0.1798E+01  0.4303E+00
 -16.606  0.1849E+01  0.4487E+00
 -16.596  0.1899E+01  0.4677E+00
 -16.586  0.1950E+01  0.4872E+00
 -16.576  0.2001E+01  0.5072E+00
 -16.566  0.2052E+01  0.5278E+00
 -16.556  0.2102E+01  0.5488E+00
 -16.546  0.2153E+01  0.5703E+00
 -16.536  0.2203E+01  0.5923E+00
 -16.526  0.2252E+01  0.6149E+00
 -16.516  0.2301E+01  0.6379E+00
 -16.506  0.2350E+01  0.6614E+00
 -16.496  0.2397E+01  0.6853E+00
 -16.486  0.2445E+01  0.7098E+00
 -16.476  0.2491E+01  0.7347E+00
 -16.466  0.2537E+01  0.7601E+00
 -16.456  0.2582E+01  0.7859E+00
 -16.446  0.2626E+01  0.8121E+00
 -16.436  0.2669E+01  0.8388E+00
 -16.426  0.2711E+01  0.8659E+00
 -16.416  0.2751E+01  0.8934E+00
 -16.406  0.2791E+01  0.9214E+00
 -16.396  0.2830E+01  0.9497E+00
 -16.386  0.2867E+01  0.9783E+00
 -16.376  0.2904E+01  0.1007E+01
 -16.366  0.2939E+01  0.1037E+01
 -16.356  0.2972E+01  0.1066E+01
 -16.346  0.3005E+01  0.1097E+01
 -16.336  0.3036E+01  0.1127E+01
 -16.326  0.3066E+01  0.1158E+01
 -16.316  0.3095E+01  0.1188E+01
 -16.306  0.3122E+01  0.1220E+01
 -16.296  0.3148E+01  0.1251E+01
 -16.286  0.3172E+01  0.1283E+01
 -16.276  0.3195E+01  0.1315E+01
 -16.266  0.3217E+01  0.1347E+01
 -16.256  0.3238E+01  0.1379E+01
 -16.246  0.3257E+01  0.1412E+01
 -16.236  0.3276E+01  0.1445E+01
 -16.226  0.3293E+01  0.1478E+01
 -16.216  0.3308E+01  0.1511E+01
 -16.206  0.3323E+01  0.1544E+01
 -16.196  0.3336E+01  0.1577E+01
 -16.186  0.3349E+01  0.1611E+01
 -16.176  0.3360E+01  0.1644E+01
 -16.166  0.3371E+01  0.1678E+01
 -16.156  0.3380E+01  0.1712E+01
 -16.146  0.3388E+01  0.1746E+01
 -16.136  0.3396E+01  0.1780E+01
 -16.126  0.3403E+01  0.1814E+01
 -16.116  0.3408E+01  0.1848E+01
 -16.106  0.3413E+01  0.1882E+01
 -16.096  0.3418E+01  0.1916E+01
 -16.086  0.3421E+01  0.1950E+01
 -16.076  0.3424E+01  0.1985E+01
 -16.066  0.3427E+01  0.2019E+01
 -16.056  0.3428E+01  0.2053E+01
 -16.046  0.3429E+01  0.2088E+01
 -16.036  0.3430E+01  0.2122E+01
 -16.026  0.3430E+01  0.2156E+01
 -16.016  0.3429E+01  0.2190E+01
 -16.006  0.3428E+01  0.2225E+01
 -15.996  0.3427E+01  0.2259E+01
 -15.986  0.3425E+01  0.2293E+01
 -15.976  0.3422E+01  0.2327E+01
 -15.966  0.3419E+01  0.2362E+01
 -15.956  0.3416E+01  0.2396E+01
 -15.946  0.3412E+01  0.2430E+01
 -15.936  0.3408E+01  0.2464E+01
 -15.926  0.3404E+01  0.2498E+01
 -15.916  0.3399E+01  0.2532E+01
 -15.906  0.3394E+01  0.2566E+01
 -15.896  0.3388E+01  0.2600E+01
 -15.886  0.3382E+01  0.2634E+01
 -15.876  0.3376E+01  0.2667E+01
 -15.866  0.3370E+01  0.2701E+01
 -15.856  0.3363E+01  0.2735E+01
 -15.846  0.3356E+01  0.2768E+01
 -15.836  0.3348E+01  0.2802E+01
 -15.826  0.3340E+01  0.2835E+01
 -15.816  0.3332E+01  0.2869E+01
 -15.806  0.3324E+01  0.2902E+01
 -15.796  0.3315E+01  0.2935E+01
 -15.786  0.3307E+01  0.2968E+01
 -15.776  0.3298E+01  0.3001E+01
 -15.766  0.3289E+01  0.3034E+01
 -15.756  0.3280E+01  0.3067E+01
 -15.746  0.3270E+01  0.3099E+01
 -15.736  0.3261E+01  0.3132E+01
 -15.726  0.3252E+01  0.3164E+01
 -15.716  0.3242E+01  0.3197E+01
 -15.706  0.3233E+01  0.3229E+01
 -15.696  0.3224E+01  0.3261E+01
 -15.686  0.3215E+01  0.3294E+01
 -15.676  0.3206E+01  0.3326E+01
 -15.666  0.3198E+01  0.3358E+01
 -15.656  0.3190E+01  0.3390E+01
 -15.646  0.3182E+01  0.3421E+01
 -15.636  0.3174E+01  0.3453E+01
 -15.626  0.3167E+01  0.3485E+01
 -15.616  0.3161E+01  0.3516E+01
 -15.606  0.3155E+01  0.3548E+01
 -15.596  0.3150E+01  0.3579E+01
 -15.586  0.3145E+01  0.3611E+01
 -15.576  0.3141E+01  0.3642E+01
 -15.566  0.3138E+01  0.3674E+01
 -15.556  0.3135E+01  0.3705E+01
 -15.546  0.3134E+01  0.3736E+01
 -15.536  0.3133E+01  0.3768E+01
 -15.526  0.3133E+01  0.3799E+01
 -15.516  0.3134E+01  0.3830E+01
 -15.506  0.3136E+01  0.3862E+01
 -15.496  0.3140E+01  0.3893E+01
 -15.486  0.3144E+01  0.3925E+01
 -15.476  0.3149E+01  0.3956E+01
 -15.466  0.3156E+01  0.3988E+01
 -15.456  0.3163E+01  0.4019E+01
 -15.446  0.3172E+01  0.4051E+01
 -15.436  0.3182E+01  0.4083E+01
 -15.426  0.3194E+01  0.4115E+01
 -15.416  0.3206E+01  0.4147E+01
 -15.406  0.3220E+01  0.4179E+01
 -15.396  0.3235E+01  0.4211E+01
 -15.386  0.3252E+01  0.4244E+01
 -15.376  0.3270E+01  0.4277E+01
 -15.366  0.3289E+01  0.4309E+01
 -15.356  0.3310E+01  0.4343E+01
 -15.346  0.3333E+01  0.4376E+01
 -15.336  0.3357E+01  0.4409E+01
 -15.326  0.3383E+01  0.4443E+01
 -15.316  0.3410E+01  0.4477E+01
 -15.306  0.3439E+01  0.4512E+01
 -15.296  0.3470E+01  0.4546E+01
 -15.286  0.3503E+01  0.4581E+01
 -15.276  0.3537E+01  0.4617E+01
 -15.266  0.3574E+01  0.4653E+01
 -15.256  0.3612E+01  0.4689E+01
 -15.246  0.3653E+01  0.4725E+01
 -15.236  0.3695E+01  0.4762E+01
 -15.226  0.3740E+01  0.4800E+01
 -15.216  0.3787E+01  0.4837E+01
 -15.206  0.3837E+01  0.4876E+01
 -15.196  0.3889E+01  0.4915E+01
 -15.186  0.3944E+01  0.4954E+01
 -15.176  0.4001E+01  0.4994E+01
 -15.166  0.4061E+01  0.5035E+01
 -15.156  0.4123E+01  0.5076E+01
 -15.146  0.4189E+01  0.5118E+01
 -15.136  0.4257E+01  0.5160E+01
 -15.126  0.4328E+01  0.5204E+01
 -15.116  0.4402E+01  0.5248E+01
 -15.106  0.4479E+01  0.5293E+01
 -15.096  0.4560E+01  0.5338E+01
 -15.086  0.4643E+01  0.5385E+01
 -15.076  0.4729E+01  0.5432E+01
 -15.066  0.4819E+01  0.5480E+01
 -15.056  0.4911E+01  0.5529E+01
 -15.046  0.5007E+01  0.5579E+01
 -15.036  0.5105E+01  0.5630E+01
 -15.026  0.5207E+01  0.5682E+01
 -15.016  0.5311E+01  0.5735E+01
 -15.006  0.5418E+01  0.5790E+01
 -14.996  0.5528E+01  0.5845E+01
 -14.986  0.5640E+01  0.5901E+01
 -14.976  0.5755E+01  0.5959E+01
 -14.966  0.5872E+01  0.6018E+01
 -14.956  0.5991E+01  0.6078E+01
 -14.946  0.6112E+01  0.6139E+01
 -14.936  0.6234E+01  0.6201E+01
 -14.926  0.6357E+01  0.6265E+01
 -14.916  0.6482E+01  0.6329E+01
 -14.906  0.6607E+01  0.6395E+01
 -14.896  0.6733E+01  0.6463E+01
 -14.886  0.6859E+01  0.6531E+01
 -14.876  0.6985E+01  0.6601E+01
 -14.866  0.7110E+01  0.6672E+01
 -14.856  0.7235E+01  0.6745E+01
 -14.846  0.7358E+01  0.6818E+01
 -14.836  0.7479E+01  0.6893E+01
 -14.826  0.7598E+01  0.6969E+01
 -14.816  0.7715E+01  0.7046E+01
 -14.806  0.7829E+01  0.7124E+01
 -14.796  0.7939E+01  0.7204E+01
 -14.786  0.8046E+01  0.7284E+01
 -14.776  0.8149E+01  0.7366E+01
 -14.766  0.8247E+01  0.7448E+01
 -14.756  0.8341E+01  0.7532E+01
 -14.746  0.8429E+01  0.7616E+01
 -14.736  0.8511E+01  0.7701E+01
 -14.726  0.8587E+01  0.7787E+01
 -14.716  0.8657E+01  0.7874E+01
 -14.706  0.8720E+01  0.7961E+01
 -14.696  0.8776E+01  0.8049E+01
 -14.686  0.8825E+01  0.8137E+01
 -14.676  0.8866E+01  0.8225E+01
 -14.666  0.8899E+01  0.8314E+01
 -14.656  0.8924E+01  0.8404E+01
 -14.646  0.8941E+01  0.8493E+01
 -14.636  0.8949E+01  0.8583E+01
 -14.626  0.8948E+01  0.8672E+01
 -14.616  0.8939E+01  0.8761E+01
 -14.606  0.8921E+01  0.8851E+01
 -14.596  0.8894E+01  0.8940E+01
 -14.586  0.8859E+01  0.9028E+01
 -14.576  0.8814E+01  0.9116E+01
 -14.566  0.8761E+01  0.9204E+01
 -14.556  0.8699E+01  0.9291E+01
 -14.546  0.8628E+01  0.9377E+01
 -14.536  0.8549E+01  0.9463E+01
 -14.526  0.8462E+01  0.9547E+01
 -14.516  0.8367E+01  0.9631E+01
 -14.506  0.8264E+01  0.9714E+01
 -14.496  0.8153E+01  0.9795E+01
 -14.486  0.8035E+01  0.9875E+01
 -14.476  0.7910E+01  0.9955E+01
 -14.466  0.7779E+01  0.1003E+02
 -14.456  0.7642E+01  0.1011E+02
 -14.446  0.7498E+01  0.1018E+02
 -14.436  0.7349E+01  0.1026E+02
 -14.426  0.7196E+01  0.1033E+02
 -14.416  0.7037E+01  0.1040E+02
 -14.406  0.6874E+01  0.1047E+02
 -14.396  0.6708E+01  0.1054E+02
 -14.386  0.6538E+01  0.1060E+02
 -14.376  0.6365E+01  0.1066E+02
 -14.366  0.6190E+01  0.1073E+02
 -14.356  0.6013E+01  0.1079E+02
 -14.346  0.5834E+01  0.1084E+02
 -14.336  0.5654E+01  0.1090E+02
 -14.326  0.5474E+01  0.1096E+02
 -14.316  0.5293E+01  0.1101E+02
 -14.306  0.5112E+01  0.1106E+02
 -14.296  0.4932E+01  0.1111E+02
 -14.286  0.4753E+01  0.1116E+02
 -14.276  0.4575E+01  0.1120E+02
 -14.266  0.4398E+01  0.1125E+02
 -14.256  0.4224E+01  0.1129E+02
 -14.246  0.4051E+01  0.1133E+02
 -14.236  0.3882E+01  0.1137E+02
 -14.226  0.3715E+01  0.1141E+02
 -14.216  0.3551E+01  0.1144E+02
 -14.206  0.3390E+01  0.1147E+02
 -14.196  0.3233E+01  0.1151E+02
 -14.186  0.3080E+01  0.1154E+02
 -14.176  0.2930E+01  0.1157E+02
 -14.166  0.2785E+01  0.1160E+02
 -14.156  0.2643E+01  0.1162E+02
 -14.146  0.2506E+01  0.1165E+02
 -14.136  0.2373E+01  0.1167E+02
 -14.126  0.2245E+01  0.1169E+02
 -14.116  0.2121E+01  0.1171E+02
 -14.106  0.2002E+01  0.1173E+02
 -14.096  0.1887E+01  0.1175E+02
 -14.086  0.1776E+01  0.1177E+02
 -14.076  0.1671E+01  0.1179E+02
 -14.066  0.1569E+01  0.1180E+02
 -14.056  0.1472E+01  0.1182E+02
 -14.046  0.1380E+01  0.1183E+02
 -14.036  0.1291E+01  0.1184E+02
 -14.026  0.1207E+01  0.1186E+02
 -14.016  0.1127E+01  0.1187E+02
 -14.006  0.1051E+01  0.1188E+02
 -13.996  0.9795E+00  0.1189E+02
 -13.986  0.9114E+00  0.1190E+02
 -13.976  0.8471E+00  0.1191E+02
 -13.966  0.7864E+00  0.1191E+02
 -13.956  0.7292E+00  0.1192E+02
 -13.946  0.6753E+00  0.1193E+02
 -13.936  0.6247E+00  0.1193E+02
 -13.926  0.5772E+00  0.1194E+02
 -13.916  0.5327E+00  0.1194E+02
 -13.906  0.4910E+00  0.1195E+02
 -13.896  0.4521E+00  0.1195E+02
 -13.886  0.4158E+00  0.1196E+02
 -13.876  0.3819E+00  0.1196E+02
 -13.866  0.3504E+00  0.1197E+02
 -13.856  0.3211E+00  0.1197E+02
 -13.846  0.2939E+00  0.1197E+02
 -13.836  0.2687E+00  0.1197E+02
 -13.826  0.2453E+00  0.1198E+02
 -13.816  0.2238E+00  0.1198E+02
 -13.806  0.2038E+00  0.1198E+02
 -13.796  0.1855E+00  0.1198E+02
 -13.786  0.1686E+00  0.1198E+02
 -13.776  0.1530E+00  0.1199E+02
 -13.766  0.1387E+00  0.1199E+02
 -13.756  0.1256E+00  0.1199E+02
 -13.746  0.1137E+00  0.1199E+02
 -13.736  0.1027E+00  0.1199E+02
 -13.726  0.9266E-01  0.1199E+02
 -13.716  0.8352E-01  0.1199E+02
 -13.706  0.7519E-01  0.1199E+02
 -13.696  0.6761E-01  0.1199E+02
 -13.686  0.6073E-01  0.1200E+02
 -13.676  0.5448E-01  0.1200E+02
 -13.666  0.4881E-01  0.1200E+02
 -13.656  0.4369E-01  0.1200E+02
 -13.646  0.3905E-01  0.1200E+02
 -13.636  0.3487E-01  0.1200E+02
 -13.626  0.3110E-01  0.1200E+02
 -13.616  0.2770E-01  0.1200E+02
 -13.606  0.2464E-01  0.1200E+02
 -13.596  0.2190E-01  0.1200E+02
 -13.586  0.1944E-01  0.1200E+02
 -13.576  0.1723E-01  0.1200E+02
 -13.566  0.1526E-01  0.1200E+02
 -13.556  0.1350E-01  0.1200E+02
 -13.546  0.1192E-01  0.1200E+02
 -13.536  0.1052E-01  0.1200E+02
 -13.526  0.9271E-02  0.1200E+02
 -13.516  0.8161E-02  0.1200E+02
 -13.506  0.7176E-02  0.1200E+02
 -13.496  0.6302E-02  0.1200E+02
 -13.486  0.5527E-02  0.1200E+02
 -13.476  0.4843E-02  0.1200E+02
 -13.466  0.4238E-02  0.1200E+02
 -13.456  0.3704E-02  0.1200E+02
 -13.446  0.3233E-02  0.1200E+02
 -13.436  0.2819E-02  0.1200E+02
 -13.426  0.2456E-02  0.1200E+02
 -13.416  0.2136E-02  0.1200E+02
 -13.406  0.1856E-02  0.1200E+02
 -13.396  0.1611E-02  0.1200E+02
 -13.386  0.1396E-02  0.1200E+02
 -13.376  0.1209E-02  0.1200E+02
 -13.366  0.1045E-02  0.1200E+02
 -13.356  0.9029E-03  0.1200E+02
 -13.346  0.7790E-03  0.1200E+02
 -13.336  0.6712E-03  0.1200E+02
 -13.326  0.5777E-03  0.1200E+02
 -13.316  0.4966E-03  0.1200E+02
 -13.306  0.4264E-03  0.1200E+02
 -13.296  0.3657E-03  0.1200E+02
 -13.286  0.3133E-03  0.1200E+02
 -13.276  0.2680E-03  0.1200E+02
 -13.266  0.2290E-03  0.1200E+02
 -13.256  0.1955E-03  0.1200E+02
 -13.246  0.1667E-03  0.1200E+02
 -13.236  0.1419E-03  0.1200E+02
 -13.226  0.1207E-03  0.1200E+02
 -13.216  0.1026E-03  0.1200E+02
 -13.206  0.8702E-04  0.1200E+02
 -13.196  0.7375E-04  0.1200E+02
 -13.186  0.6243E-04  0.1200E+02
 -13.176  0.5278E-04  0.1200E+02
 -13.166  0.4458E-04  0.1200E+02
 -13.156  0.3760E-04  0.1200E+02
 -13.146  0.3168E-04  0.1200E+02
 -13.136  0.2666E-04  0.1200E+02
 -13.126  0.2240E-04  0.1200E+02
 -13.116  0.1881E-04  0.1200E+02
 -13.106  0.1577E-04  0.1200E+02
 -13.096  0.1321E-04  0.1200E+02
 -13.086  0.1105E-04  0.1200E+02
 -13.076  0.9232E-05  0.1200E+02
 -13.066  0.7705E-05  0.1200E+02
 -13.056  0.6422E-05  0.1200E+02
 -13.046  0.5347E-05  0.1200E+02
 -13.036  0.4446E-05  0.1200E+02
 -13.026  0.3693E-05  0.1200E+02
 -13.016  0.3064E-05  0.1200E+02
 -13.006  0.2539E-05  0.1200E+02
 -12.996  0.2101E-05  0.1200E+02
 -12.986  0.1737E-05  0.1200E+02
 -12.976  0.1434E-05  0.1200E+02
 -12.966  0.1183E-05  0.1200E+02
 -12.956  0.9742E-06  0.1200E+02
 -12.946  0.8015E-06  0.1200E+02
 -12.936  0.6586E-06  0.1200E+02
 -12.926  0.5406E-06  0.1200E+02
 -12.916  0.4432E-06  0.1200E+02
 -12.906  0.3629E-06  0.1200E+02
 -12.896  0.2968E-06  0.1200E+02
 -12.886  0.2425E-06  0.1200E+02
 -12.876  0.1978E-06  0.1200E+02
 -12.866  0.1612E-06  0.1200E+02
 -12.856  0.1312E-06  0.1200E+02
 -12.846  0.1067E-06  0.1200E+02
 -12.836  0.8665E-07  0.1200E+02
 -12.826  0.7028E-07  0.1200E+02
 -12.816  0.5694E-07  0.1200E+02
 -12.806  0.4607E-07  0.1200E+02
 -12.796  0.3724E-07  0.1200E+02
 -12.786  0.3006E-07  0.1200E+02
 -12.776  0.2424E-07  0.1200E+02
 -12.766  0.1952E-07  0.1200E+02
 -12.756  0.1570E-07  0.1200E+02
 -12.746  0.1261E-07  0.1200E+02
 -12.736  0.1012E-07  0.1200E+02
 -12.726  0.8113E-08  0.1200E+02
 -12.716  0.6495E-08  0.1200E+02
 -12.706  0.5194E-08  0.1200E+02
 -12.696  0.4148E-08  0.1200E+02
 -12.686  0.3309E-08  0.1200E+02
 -12.676  0.2637E-08  0.1200E+02
 -12.666  0.2098E-08  0.1200E+02
 -12.656  0.1668E-08  0.1200E+02
 -12.646  0.1324E-08  0.1200E+02
 -12.636  0.1050E-08  0.1200E+02
 -12.626  0.8317E-09  0.1200E+02
 -12.616  0.6580E-09  0.1200E+02
 -12.606  0.5199E-09  0.1200E+02
 -12.596  0.4104E-09  0.1200E+02
 -12.586  0.3235E-09  0.1200E+02
 -12.576  0.2547E-09  0.1200E+02
 -12.566  0.2003E-09  0.1200E+02
 -12.556  0.1573E-09  0.1200E+02
 -12.546  0.1234E-09  0.1200E+02
 -12.536  0.9673E-10  0.1200E+02
 -12.526  0.7571E-10  0.1200E+02
 -12.516  0.5919E-10  0.1200E+02
 -12.506  0.4622E-10  0.1200E+02
 -12.496  0.3605E-10  0.1200E+02
 -12.486  0.2808E-10  0.1200E+02
 -12.476  0.2185E-10  0.1200E+02
 -12.466  0.1698E-10  0.1200E+02
 -12.456  0.1318E-10  0.1200E+02
 -12.446  0.1022E-10  0.1200E+02
 -12.436  0.7912E-11  0.1200E+02
 -12.426  0.6120E-11  0.1200E+02
 -12.416  0.4728E-11  0.1200E+02
 -12.406  0.3648E-11  0.1200E+02
 -12.396  0.2812E-11  0.1200E+02
 -12.386  0.2164E-11  0.1200E+02
 -12.376  0.1664E-11  0.1200E+02
 -12.366  0.1278E-11  0.1200E+02
 -12.356  0.9802E-12  0.1200E+02
 -12.346  0.7510E-12  0.1200E+02
 -12.336  0.5747E-12  0.1200E+02
 -12.326  0.4392E-12  0.1200E+02
 -12.316  0.3353E-12  0.1200E+02
 -12.306  0.2557E-12  0.1200E+02
 -12.296  0.1947E-12  0.1200E+02
 -12.286  0.1481E-12  0.1200E+02
 -12.276  0.1125E-12  0.1200E+02
 -12.266  0.8540E-13  0.1200E+02
 -12.256  0.6473E-13  0.1200E+02
 -12.246  0.4901E-13  0.1200E+02
 -12.236  0.3706E-13  0.1200E+02
 -12.226  0.2799E-13  0.1200E+02
 -12.216  0.2112E-13  0.1200E+02
 -12.206  0.1591E-13  0.1200E+02
 -12.196  0.1197E-13  0.1200E+02
 -12.186  0.9001E-14  0.1200E+02
 -12.176  0.6758E-14  0.1200E+02
 -12.166  0.5068E-14  0.1200E+02
 -12.156  0.3796E-14  0.1200E+02
 -12.146  0.2840E-14  0.1200E+02
 -12.136  0.2122E-14  0.1200E+02
 -12.126  0.1584E-14  0.1200E+02
 -12.116  0.1181E-14  0.1200E+02
 -12.106  0.8790E-15  0.1200E+02
 -12.096  0.6537E-15  0.1200E+02
 -12.086  0.4856E-15  0.1200E+02
 -12.076  0.3603E-15  0.1200E+02
 -12.066  0.2670E-15  0.1200E+02
 -12.056  0.1976E-15  0.1200E+02
 -12.046  0.1461E-15  0.1200E+02
 -12.036  0.1079E-15  0.1200E+02
 -12.026  0.7956E-16  0.1200E+02
 -12.016  0.5861E-16  0.1200E+02
 -12.006  0.4312E-16  0.1200E+02
 -11.996  0.3169E-16  0.1200E+02
 -11.986  0.2326E-16  0.1200E+02
 -11.976  0.1705E-16  0.1200E+02
 -11.966  0.1249E-16  0.1200E+02
 -11.956  0.9134E-17  0.1200E+02
 -11.946  0.6672E-17  0.1200E+02
 -11.936  0.4869E-17  0.1200E+02
 -11.926  0.3548E-17  0.1200E+02
 -11.916  0.2583E-17  0.1200E+02
 -11.906  0.1878E-17  0.1200E+02
 -11.896  0.1364E-17  0.1200E+02
 -11.886  0.9892E-18  0.1200E+02
 -11.876  0.7166E-18  0.1200E+02
 -11.866  0.5186E-18  0.1200E+02
 -11.856  0.3748E-18  0.1200E+02
 -11.846  0.2706E-18  0.1200E+02
 -11.836  0.1951E-18  0.1200E+02
 -11.826  0.1405E-18  0.1200E+02
 -11.816  0.1011E-18  0.1200E+02
 -11.806  0.7261E-19  0.1200E+02
 -11.796  0.5211E-19  0.1200E+02
 -11.786  0.3735E-19  0.1200E+02
 -11.776  0.2674E-19  0.1200E+02
 -11.766  0.1912E-19  0.1200E+02
 -11.756  0.1365E-19  0.1200E+02
 -11.746  0.9741E-20  0.1200E+02
 -11.736  0.6940E-20  0.1200E+02
 -11.726  0.4939E-20  0.1200E+02
 -11.716  0.3511E-20  0.1200E+02
 -11.706  0.2493E-20  0.1200E+02
 -11.696  0.1768E-20  0.1200E+02
 -11.686  0.1252E-20  0.1200E+02
 -11.676  0.8856E-21  0.1200E+02
 -11.666  0.6258E-21  0.1200E+02
 -11.656  0.4416E-21  0.1200E+02
 -11.646  0.3113E-21  0.1200E+02
 -11.636  0.2192E-21  0.1200E+02
 -11.626  0.1541E-21  0.1200E+02
 -11.616  0.1083E-21  0.1200E+02
 -11.606  0.7596E-22  0.1200E+02
 -11.596  0.5323E-22  0.1200E+02
 -11.586  0.3725E-22  0.1200E+02
 -11.576  0.2604E-22  0.1200E+02
 -11.566  0.1818E-22  0.1200E+02
 -11.556  0.1268E-22  0.1200E+02
 -11.546  0.8833E-23  0.1200E+02
 -11.536  0.6146E-23  0.1200E+02
 -11.526  0.4271E-23  0.1200E+02
 -11.516  0.2964E-23  0.1200E+02
 -11.506  0.2055E-23  0.1200E+02
 -11.496  0.1423E-23  0.1200E+02
 -11.486  0.9841E-24  0.1200E+02
 -11.476  0.6798E-24  0.1200E+02
 -11.466  0.4691E-24  0.1200E+02
 -11.456  0.3233E-24  0.1200E+02
 -11.446  0.2225E-24  0.1200E+02
 -11.436  0.1530E-24  0.1200E+02
 -11.426  0.1050E-24  0.1200E+02
 -11.416  0.7205E-25  0.1200E+02
 -11.406  0.4936E-25  0.1200E+02
 -11.396  0.3377E-25  0.1200E+02
 -11.386  0.2308E-25  0.1200E+02
 -11.376  0.1575E-25  0.1200E+02
 -11.366  0.1074E-25  0.1200E+02
 -11.356  0.7315E-26  0.1200E+02
 -11.346  0.4975E-26  0.1200E+02
 -11.336  0.3380E-26  0.1200E+02
 -11.326  0.2294E-26  0.1200E+02
 -11.316  0.1554E-26  0.1200E+02
 -11.306  0.1052E-26  0.1200E+02
 -11.296  0.7115E-27  0.1200E+02
 -11.286  0.4805E-27  0.1200E+02
 -11.276  0.3241E-27  0.1200E+02
 -11.266  0.2184E-27  0.1200E+02
 -11.256  0.1469E-27  0.1200E+02
 -11.246  0.9876E-28  0.1200E+02
 -11.236  0.6630E-28  0.1200E+02
 -11.226  0.4446E-28  0.1200E+02
 -11.216  0.2977E-28  0.1200E+02
 -11.206  0.1992E-28  0.1200E+02
 -11.196  0.1331E-28  0.1200E+02
 -11.186  0.8880E-29  0.1200E+02
 -11.176  0.5919E-29  0.1200E+02
 -11.166  0.3940E-29  0.1200E+02
 -11.156  0.2620E-29  0.1200E+02
 -11.146  0.1740E-29  0.1200E+02
 -11.136  0.1154E-29  0.1200E+02
 -11.126  0.7649E-30  0.1200E+02
 -11.116  0.5062E-30  0.1200E+02
 -11.106  0.3346E-30  0.1200E+02
 -11.096  0.2209E-30  0.1200E+02
 -11.086  0.1457E-30  0.1200E+02
 -11.076  0.9595E-31  0.1200E+02
 -11.066  0.6312E-31  0.1200E+02
 -11.056  0.4148E-31  0.1200E+02
 -11.046  0.2722E-31  0.1200E+02
 -11.036  0.1784E-31  0.1200E+02
 -11.026  0.1168E-31  0.1200E+02
 -11.016  0.7640E-32  0.1200E+02
 -11.006  0.4990E-32  0.1200E+02
 -10.996  0.3256E-32  0.1200E+02
 -10.986  0.2121E-32  0.1200E+02
 -10.976  0.1381E-32  0.1200E+02
 -10.966  0.8976E-33  0.1200E+02
 -10.956  0.5828E-33  0.1200E+02
 -10.946  0.3780E-33  0.1200E+02
 -10.936  0.2448E-33  0.1200E+02
 -10.926  0.1584E-33  0.1200E+02
 -10.916  0.1024E-33  0.1200E+02
 -10.906  0.6606E-34  0.1200E+02
 -10.896  0.4259E-34  0.1200E+02
 -10.886  0.2742E-34  0.1200E+02
 -10.876  0.1764E-34  0.1200E+02
 -10.866  0.1133E-34  0.1200E+02
 -10.856  0.7269E-35  0.1200E+02
 -10.846  0.4658E-35  0.1200E+02
 -10.836  0.2982E-35  0.1200E+02
 -10.826  0.1906E-35  0.1200E+02
 -10.816  0.1217E-35  0.1200E+02
 -10.806  0.7763E-36  0.1200E+02
 -10.796  0.4946E-36  0.1200E+02
 -10.786  0.3147E-36  0.1200E+02
 -10.776  0.2000E-36  0.1200E+02
 -10.766  0.1269E-36  0.1200E+02
 -10.756  0.8048E-37  0.1200E+02
 -10.746  0.5096E-37  0.1200E+02
 -10.736  0.3223E-37  0.1200E+02
 -10.726  0.2036E-37  0.1200E+02
 -10.716  0.1285E-37  0.1200E+02
 -10.706  0.8101E-38  0.1200E+02
 -10.696  0.5102E-38  0.1200E+02
 -10.686  0.3213E-38  0.1200E+02
 -10.676  0.2025E-38  0.1200E+02
 -10.666  0.1282E-38  0.1200E+02
 -10.656  0.8217E-39  0.1200E+02
 -10.646  0.5438E-39  0.1200E+02
 -10.636  0.3871E-39  0.1200E+02
 -10.626  0.3166E-39  0.1200E+02
 -10.616  0.3162E-39  0.1200E+02
 -10.606  0.3851E-39  0.1200E+02
 -10.596  0.5372E-39  0.1200E+02
 -10.586  0.8041E-39  0.1200E+02
 -10.576  0.1241E-38  0.1200E+02
 -10.566  0.1939E-38  0.1200E+02
 -10.556  0.3042E-38  0.1200E+02
 -10.546  0.4777E-38  0.1200E+02
 -10.536  0.7498E-38  0.1200E+02
 -10.526  0.1176E-37  0.1200E+02
 -10.516  0.1842E-37  0.1200E+02
 -10.506  0.2883E-37  0.1200E+02
 -10.496  0.4506E-37  0.1200E+02
 -10.486  0.7034E-37  0.1200E+02
 -10.476  0.1097E-36  0.1200E+02
 -10.466  0.1708E-36  0.1200E+02
 -10.456  0.2657E-36  0.1200E+02
 -10.446  0.4128E-36  0.1200E+02
 -10.436  0.6405E-36  0.1200E+02
 -10.426  0.9928E-36  0.1200E+02
 -10.416  0.1537E-35  0.1200E+02
 -10.406  0.2376E-35  0.1200E+02
 -10.396  0.3670E-35  0.1200E+02
 -10.386  0.5661E-35  0.1200E+02
 -10.376  0.8721E-35  0.1200E+02
 -10.366  0.1342E-34  0.1200E+02
 -10.356  0.2063E-34  0.1200E+02
 -10.346  0.3166E-34  0.1200E+02
 -10.336  0.4855E-34  0.1200E+02
 -10.326  0.7434E-34  0.1200E+02
 -10.316  0.1137E-33  0.1200E+02
 -10.306  0.1737E-33  0.1200E+02
 -10.296  0.2651E-33  0.1200E+02
 -10.286  0.4040E-33  0.1200E+02
 -10.276  0.6150E-33  0.1200E+02
 -10.266  0.9351E-33  0.1200E+02
 -10.256  0.1420E-32  0.1200E+02
 -10.246  0.2154E-32  0.1200E+02
 -10.236  0.3263E-32  0.1200E+02
 -10.226  0.4938E-32  0.1200E+02
 -10.216  0.7462E-32  0.1200E+02
 -10.206  0.1126E-31  0.1200E+02
 -10.196  0.1698E-31  0.1200E+02
 -10.186  0.2558E-31  0.1200E+02
 -10.176  0.3847E-31  0.1200E+02
 -10.166  0.5779E-31  0.1200E+02
 -10.156  0.8671E-31  0.1200E+02
 -10.146  0.1300E-30  0.1200E+02
 -10.136  0.1945E-30  0.1200E+02
 -10.126  0.2908E-30  0.1200E+02
 -10.116  0.4343E-30  0.1200E+02
 -10.106  0.6478E-30  0.1200E+02
 -10.096  0.9650E-30  0.1200E+02
 -10.086  0.1436E-29  0.1200E+02
 -10.076  0.2134E-29  0.1200E+02
 -10.066  0.3167E-29  0.1200E+02
 -10.056  0.4696E-29  0.1200E+02
 -10.046  0.6954E-29  0.1200E+02
 -10.036  0.1028E-28  0.1200E+02
 -10.026  0.1519E-28  0.1200E+02
 -10.016  0.2242E-28  0.1200E+02
 -10.006  0.3304E-28  0.1200E+02
  -9.996  0.4863E-28  0.1200E+02
  -9.986  0.7149E-28  0.1200E+02
  -9.976  0.1050E-27  0.1200E+02
  -9.966  0.1540E-27  0.1200E+02
  -9.956  0.2255E-27  0.1200E+02
  -9.946  0.3300E-27  0.1200E+02
  -9.936  0.4822E-27  0.1200E+02
  -9.926  0.7039E-27  0.1200E+02
  -9.916  0.1026E-26  0.1200E+02
  -9.906  0.1494E-26  0.1200E+02
  -9.896  0.2173E-26  0.1200E+02
  -9.886  0.3157E-26  0.1200E+02
  -9.876  0.4580E-26  0.1200E+02
  -9.866  0.6637E-26  0.1200E+02
  -9.856  0.9607E-26  0.1200E+02
  -9.846  0.1389E-25  0.1200E+02
  -9.836  0.2005E-25  0.1200E+02
  -9.826  0.2892E-25  0.1200E+02
  -9.816  0.4166E-25  0.1200E+02
  -9.806  0.5994E-25  0.1200E+02
  -9.796  0.8613E-25  0.1200E+02
  -9.786  0.1236E-24  0.1200E+02
  -9.776  0.1772E-24  0.1200E+02
  -9.766  0.2538E-24  0.1200E+02
  -9.756  0.3629E-24  0.1200E+02
  -9.746  0.5184E-24  0.1200E+02
  -9.736  0.7396E-24  0.1200E+02
  -9.726  0.1054E-23  0.1200E+02
  -9.716  0.1500E-23  0.1200E+02
  -9.706  0.2132E-23  0.1200E+02
  -9.696  0.3028E-23  0.1200E+02
  -9.686  0.4294E-23  0.1200E+02
  -9.676  0.6082E-23  0.1200E+02
  -9.666  0.8605E-23  0.1200E+02
  -9.656  0.1216E-22  0.1200E+02
  -9.646  0.1716E-22  0.1200E+02
  -9.636  0.2419E-22  0.1200E+02
  -9.626  0.3406E-22  0.1200E+02
  -9.616  0.4790E-22  0.1200E+02
  -9.606  0.6728E-22  0.1200E+02
  -9.596  0.9440E-22  0.1200E+02
  -9.586  0.1323E-21  0.1200E+02
  -9.576  0.1851E-21  0.1200E+02
  -9.566  0.2588E-21  0.1200E+02
  -9.556  0.3613E-21  0.1200E+02
  -9.546  0.5039E-21  0.1200E+02
  -9.536  0.7018E-21  0.1200E+02
  -9.526  0.9763E-21  0.1200E+02
  -9.516  0.1357E-20  0.1200E+02
  -9.506  0.1883E-20  0.1200E+02
  -9.496  0.2610E-20  0.1200E+02
  -9.486  0.3614E-20  0.1200E+02
  -9.476  0.4997E-20  0.1200E+02
  -9.466  0.6902E-20  0.1200E+02
  -9.456  0.9522E-20  0.1200E+02
  -9.446  0.1312E-19  0.1200E+02
  -9.436  0.1806E-19  0.1200E+02
  -9.426  0.2482E-19  0.1200E+02
  -9.416  0.3408E-19  0.1200E+02
  -9.406  0.4673E-19  0.1200E+02
  -9.396  0.6400E-19  0.1200E+02
  -9.386  0.8756E-19  0.1200E+02
  -9.376  0.1196E-18  0.1200E+02
  -9.366  0.1633E-18  0.1200E+02
  -9.356  0.2225E-18  0.1200E+02
  -9.346  0.3030E-18  0.1200E+02
  -9.336  0.4120E-18  0.1200E+02
  -9.326  0.5596E-18  0.1200E+02
  -9.316  0.7591E-18  0.1200E+02
  -9.306  0.1029E-17  0.1200E+02
  -9.296  0.1392E-17  0.1200E+02
  -9.286  0.1881E-17  0.1200E+02
  -9.276  0.2540E-17  0.1200E+02
  -9.266  0.3425E-17  0.1200E+02
  -9.256  0.4613E-17  0.1200E+02
  -9.246  0.6206E-17  0.1200E+02
  -9.236  0.8338E-17  0.1200E+02
  -9.226  0.1119E-16  0.1200E+02
  -9.216  0.1500E-16  0.1200E+02
  -9.206  0.2008E-16  0.1200E+02
  -9.196  0.2685E-16  0.1200E+02
  -9.186  0.3586E-16  0.1200E+02
  -9.176  0.4783E-16  0.1200E+02
  -9.166  0.6373E-16  0.1200E+02
  -9.156  0.8481E-16  0.1200E+02
  -9.146  0.1127E-15  0.1200E+02
  -9.136  0.1497E-15  0.1200E+02
  -9.126  0.1984E-15  0.1200E+02
  -9.116  0.2628E-15  0.1200E+02
  -9.106  0.3476E-15  0.1200E+02
  -9.096  0.4593E-15  0.1200E+02
  -9.086  0.6061E-15  0.1200E+02
  -9.076  0.7989E-15  0.1200E+02
  -9.066  0.1052E-14  0.1200E+02
  -9.056  0.1383E-14  0.1200E+02
  -9.046  0.1816E-14  0.1200E+02
  -9.036  0.2382E-14  0.1200E+02
  -9.026  0.3121E-14  0.1200E+02
  -9.016  0.4084E-14  0.1200E+02
  -9.006  0.5338E-14  0.1200E+02
  -8.996  0.6969E-14  0.1200E+02
  -8.986  0.9086E-14  0.1200E+02
  -8.976  0.1183E-13  0.1200E+02
  -8.966  0.1539E-13  0.1200E+02
  -8.956  0.2000E-13  0.1200E+02
  -8.946  0.2595E-13  0.1200E+02
  -8.936  0.3363E-13  0.1200E+02
  -8.926  0.4354E-13  0.1200E+02
  -8.916  0.5630E-13  0.1200E+02
  -8.906  0.7270E-13  0.1200E+02
  -8.896  0.9378E-13  0.1200E+02
  -8.886  0.1208E-12  0.1200E+02
  -8.876  0.1555E-12  0.1200E+02
  -8.866  0.1998E-12  0.1200E+02
  -8.856  0.2565E-12  0.1200E+02
  -8.846  0.3289E-12  0.1200E+02
  -8.836  0.4212E-12  0.1200E+02
  -8.826  0.5387E-12  0.1200E+02
  -8.816  0.6882E-12  0.1200E+02
  -8.806  0.8782E-12  0.1200E+02
  -8.796  0.1119E-11  0.1200E+02
  -8.786  0.1425E-11  0.1200E+02
  -8.776  0.1812E-11  0.1200E+02
  -8.766  0.2301E-11  0.1200E+02
  -8.756  0.2918E-11  0.1200E+02
  -8.746  0.3697E-11  0.1200E+02
  -8.736  0.4678E-11  0.1200E+02
  -8.726  0.5912E-11  0.1200E+02
  -8.716  0.7463E-11  0.1200E+02
  -8.706  0.9410E-11  0.1200E+02
  -8.696  0.1185E-10  0.1200E+02
  -8.686  0.1490E-10  0.1200E+02
  -8.676  0.1872E-10  0.1200E+02
  -8.666  0.2350E-10  0.1200E+02
  -8.656  0.2945E-10  0.1200E+02
  -8.646  0.3686E-10  0.1200E+02
  -8.636  0.4609E-10  0.1200E+02
  -8.626  0.5755E-10  0.1200E+02
  -8.616  0.7179E-10  0.1200E+02
  -8.606  0.8943E-10  0.1200E+02
  -8.596  0.1113E-09  0.1200E+02
  -8.586  0.1383E-09  0.1200E+02
  -8.576  0.1717E-09  0.1200E+02
  -8.566  0.2129E-09  0.1200E+02
  -8.556  0.2636E-09  0.1200E+02
  -8.546  0.3260E-09  0.1200E+02
  -8.536  0.4028E-09  0.1200E+02
  -8.526  0.4970E-09  0.1200E+02
  -8.516  0.6125E-09  0.1200E+02
  -8.506  0.7540E-09  0.1200E+02
  -8.496  0.9271E-09  0.1200E+02
  -8.486  0.1138E-08  0.1200E+02
  -8.476  0.1396E-08  0.1200E+02
  -8.466  0.1711E-08  0.1200E+02
  -8.456  0.2093E-08  0.1200E+02
  -8.446  0.2558E-08  0.1200E+02
  -8.436  0.3123E-08  0.1200E+02
  -8.426  0.3808E-08  0.1200E+02
  -8.416  0.4637E-08  0.1200E+02
  -8.406  0.5640E-08  0.1200E+02
  -8.396  0.6852E-08  0.1200E+02
  -8.386  0.8315E-08  0.1200E+02
  -8.376  0.1008E-07  0.1200E+02
  -8.366  0.1220E-07  0.1200E+02
  -8.356  0.1475E-07  0.1200E+02
  -8.346  0.1781E-07  0.1200E+02
  -8.336  0.2149E-07  0.1200E+02
  -8.326  0.2588E-07  0.1200E+02
  -8.316  0.3115E-07  0.1200E+02
  -8.306  0.3744E-07  0.1200E+02
  -8.296  0.4494E-07  0.1200E+02
  -8.286  0.5389E-07  0.1200E+02
  -8.276  0.6454E-07  0.1200E+02
  -8.266  0.7720E-07  0.1200E+02
  -8.256  0.9223E-07  0.1200E+02
  -8.246  0.1101E-06  0.1200E+02
  -8.236  0.1312E-06  0.1200E+02
  -8.226  0.1562E-06  0.1200E+02
  -8.216  0.1857E-06  0.1200E+02
  -8.206  0.2206E-06  0.1200E+02
  -8.196  0.2616E-06  0.1200E+02
  -8.186  0.3100E-06  0.1200E+02
  -8.176  0.3669E-06  0.1200E+02
  -8.166  0.4337E-06  0.1200E+02
  -8.156  0.5120E-06  0.1200E+02
  -8.146  0.6038E-06  0.1200E+02
  -8.136  0.7111E-06  0.1200E+02
  -8.126  0.8366E-06  0.1200E+02
  -8.116  0.9831E-06  0.1200E+02
  -8.106  0.1154E-05  0.1200E+02
  -8.096  0.1353E-05  0.1200E+02
  -8.086  0.1584E-05  0.1200E+02
  -8.076  0.1852E-05  0.1200E+02
  -8.066  0.2164E-05  0.1200E+02
  -8.056  0.2524E-05  0.1200E+02
  -8.046  0.2942E-05  0.1200E+02
  -8.036  0.3424E-05  0.1200E+02
  -8.026  0.3981E-05  0.1200E+02
  -8.016  0.4623E-05  0.1200E+02
  -8.006  0.5363E-05  0.1200E+02
  -7.996  0.6213E-05  0.1200E+02
  -7.986  0.7190E-05  0.1200E+02
  -7.976  0.8310E-05  0.1200E+02
  -7.966  0.9594E-05  0.1200E+02
  -7.956  0.1106E-04  0.1200E+02
  -7.946  0.1274E-04  0.1200E+02
  -7.936  0.1466E-04  0.1200E+02
  -7.926  0.1684E-04  0.1200E+02
  -7.916  0.1933E-04  0.1200E+02
  -7.906  0.2216E-04  0.1200E+02
  -7.896  0.2538E-04  0.1200E+02
  -7.886  0.2903E-04  0.1200E+02
  -7.876  0.3317E-04  0.1200E+02
  -7.866  0.3785E-04  0.1200E+02
  -7.856  0.4314E-04  0.1200E+02
  -7.846  0.4911E-04  0.1200E+02
  -7.836  0.5585E-04  0.1200E+02
  -7.826  0.6344E-04  0.1200E+02
  -7.816  0.7198E-04  0.1200E+02
  -7.806  0.8157E-04  0.1200E+02
  -7.796  0.9234E-04  0.1200E+02
  -7.786  0.1044E-03  0.1200E+02
  -7.776  0.1179E-03  0.1200E+02
  -7.766  0.1330E-03  0.1200E+02
  -7.756  0.1499E-03  0.1200E+02
  -7.746  0.1687E-03  0.1200E+02
  -7.736  0.1897E-03  0.1200E+02
  -7.726  0.2131E-03  0.1200E+02
  -7.716  0.2390E-03  0.1200E+02
  -7.706  0.2679E-03  0.1200E+02
  -7.696  0.2998E-03  0.1200E+02
  -7.686  0.3353E-03  0.1200E+02
  -7.676  0.3744E-03  0.1200E+02
  -7.666  0.4177E-03  0.1200E+02
  -7.656  0.4655E-03  0.1200E+02
  -7.646  0.5182E-03  0.1200E+02
  -7.636  0.5763E-03  0.1200E+02
  -7.626  0.6401E-03  0.1200E+02
  -7.616  0.7103E-03  0.1200E+02
  -7.606  0.7873E-03  0.1200E+02
  -7.596  0.8717E-03  0.1200E+02
  -7.586  0.9641E-03  0.1200E+02
  -7.576  0.1065E-02  0.1200E+02
  -7.566  0.1176E-02  0.1200E+02
  -7.556  0.1296E-02  0.1200E+02
  -7.546  0.1428E-02  0.1200E+02
  -7.536  0.1571E-02  0.1200E+02
  -7.526  0.1727E-02  0.1200E+02
  -7.516  0.1896E-02  0.1200E+02
  -7.506  0.2080E-02  0.1200E+02
  -7.496  0.2279E-02  0.1200E+02
  -7.486  0.2496E-02  0.1200E+02
  -7.476  0.2729E-02  0.1200E+02
  -7.466  0.2982E-02  0.1200E+02
  -7.456  0.3255E-02  0.1200E+02
  -7.446  0.3550E-02  0.1200E+02
  -7.436  0.3867E-02  0.1200E+02
  -7.426  0.4209E-02  0.1200E+02
  -7.416  0.4577E-02  0.1200E+02
  -7.406  0.4973E-02  0.1200E+02
  -7.396  0.5398E-02  0.1200E+02
  -7.386  0.5854E-02  0.1200E+02
  -7.376  0.6342E-02  0.1200E+02
  -7.366  0.6866E-02  0.1200E+02
  -7.356  0.7426E-02  0.1200E+02
  -7.346  0.8025E-02  0.1200E+02
  -7.336  0.8665E-02  0.1200E+02
  -7.326  0.9348E-02  0.1200E+02
  -7.316  0.1008E-01  0.1200E+02
  -7.306  0.1085E-01  0.1200E+02
  -7.296  0.1168E-01  0.1200E+02
  -7.286  0.1256E-01  0.1200E+02
  -7.276  0.1350E-01  0.1200E+02
  -7.266  0.1449E-01  0.1200E+02
  -7.256  0.1555E-01  0.1200E+02
  -7.246  0.1667E-01  0.1200E+02
  -7.236  0.1786E-01  0.1200E+02
  -7.226  0.1912E-01  0.1200E+02
  -7.216  0.2045E-01  0.1200E+02
  -7.206  0.2186E-01  0.1200E+02
  -7.196  0.2336E-01  0.1200E+02
  -7.186  0.2494E-01  0.1200E+02
  -7.176  0.2661E-01  0.1200E+02
  -7.166  0.2837E-01  0.1200E+02
  -7.156  0.3023E-01  0.1200E+02
  -7.146  0.3220E-01  0.1200E+02
  -7.136  0.3427E-01  0.1200E+02
  -7.126  0.3645E-01  0.1201E+02
  -7.116  0.3875E-01  0.1201E+02
  -7.106  0.4117E-01  0.1201E+02
  -7.096  0.4372E-01  0.1201E+02
  -7.086  0.4640E-01  0.1201E+02
  -7.076  0.4922E-01  0.1201E+02
  -7.066  0.5218E-01  0.1201E+02
  -7.056  0.5529E-01  0.1201E+02
  -7.046  0.5856E-01  0.1201E+02
  -7.036  0.6199E-01  0.1201E+02
  -7.026  0.6559E-01  0.1201E+02
  -7.016  0.6936E-01  0.1201E+02
  -7.006  0.7332E-01  0.1201E+02
  -6.996  0.7746E-01  0.1201E+02
  -6.986  0.8181E-01  0.1201E+02
  -6.976  0.8635E-01  0.1201E+02
  -6.966  0.9111E-01  0.1202E+02
  -6.956  0.9608E-01  0.1202E+02
  -6.946  0.1013E+00  0.1202E+02
  -6.936  0.1067E+00  0.1202E+02
  -6.926  0.1124E+00  0.1202E+02
  -6.916  0.1183E+00  0.1202E+02
  -6.906  0.1245E+00  0.1202E+02
  -6.896  0.1309E+00  0.1202E+02
  -6.886  0.1377E+00  0.1202E+02
  -6.876  0.1447E+00  0.1203E+02
  -6.866  0.1520E+00  0.1203E+02
  -6.856  0.1595E+00  0.1203E+02
  -6.846  0.1674E+00  0.1203E+02
  -6.836  0.1756E+00  0.1203E+02
  -6.826  0.1841E+00  0.1203E+02
  -6.816  0.1930E+00  0.1204E+02
  -6.806  0.2022E+00  0.1204E+02
  -6.796  0.2117E+00  0.1204E+02
  -6.786  0.2215E+00  0.1204E+02
  -6.776  0.2317E+00  0.1204E+02
  -6.766  0.2423E+00  0.1205E+02
  -6.756  0.2532E+00  0.1205E+02
  -6.746  0.2645E+00  0.1205E+02
  -6.736  0.2762E+00  0.1206E+02
  -6.726  0.2882E+00  0.1206E+02
  -6.716  0.3006E+00  0.1206E+02
  -6.706  0.3134E+00  0.1206E+02
  -6.696  0.3266E+00  0.1207E+02
  -6.686  0.3402E+00  0.1207E+02
  -6.676  0.3542E+00  0.1207E+02
  -6.666  0.3685E+00  0.1208E+02
  -6.656  0.3832E+00  0.1208E+02
  -6.646  0.3984E+00  0.1209E+02
  -6.636  0.4139E+00  0.1209E+02
  -6.626  0.4298E+00  0.1209E+02
  -6.616  0.4461E+00  0.1210E+02
  -6.606  0.4628E+00  0.1210E+02
  -6.596  0.4799E+00  0.1211E+02
  -6.586  0.4973E+00  0.1211E+02
  -6.576  0.5151E+00  0.1212E+02
  -6.566  0.5333E+00  0.1212E+02
  -6.556  0.5519E+00  0.1213E+02
  -6.546  0.5709E+00  0.1214E+02
  -6.536  0.5902E+00  0.1214E+02
  -6.526  0.6099E+00  0.1215E+02
  -6.516  0.6299E+00  0.1215E+02
  -6.506  0.6503E+00  0.1216E+02
  -6.496  0.6710E+00  0.1217E+02
  -6.486  0.6921E+00  0.1217E+02
  -6.476  0.7135E+00  0.1218E+02
  -6.466  0.7352E+00  0.1219E+02
  -6.456  0.7572E+00  0.1220E+02
  -6.446  0.7796E+00  0.1220E+02
  -6.436  0.8023E+00  0.1221E+02
  -6.426  0.8253E+00  0.1222E+02
  -6.416  0.8486E+00  0.1223E+02
  -6.406  0.8723E+00  0.1224E+02
  -6.396  0.8962E+00  0.1225E+02
  -6.386  0.9204E+00  0.1226E+02
  -6.376  0.9449E+00  0.1226E+02
  -6.366  0.9696E+00  0.1227E+02
  -6.356  0.9947E+00  0.1228E+02
  -6.346  0.1020E+01  0.1229E+02
  -6.336  0.1046E+01  0.1230E+02
  -6.326  0.1071E+01  0.1232E+02
  -6.316  0.1098E+01  0.1233E+02
  -6.306  0.1124E+01  0.1234E+02
  -6.296  0.1150E+01  0.1235E+02
  -6.286  0.1177E+01  0.1236E+02
  -6.276  0.1204E+01  0.1237E+02
  -6.266  0.1232E+01  0.1239E+02
  -6.256  0.1259E+01  0.1240E+02
  -6.246  0.1287E+01  0.1241E+02
  -6.236  0.1314E+01  0.1242E+02
  -6.226  0.1342E+01  0.1244E+02
  -6.216  0.1371E+01  0.1245E+02
  -6.206  0.1399E+01  0.1247E+02
  -6.196  0.1427E+01  0.1248E+02
  -6.186  0.1456E+01  0.1249E+02
  -6.176  0.1484E+01  0.1251E+02
  -6.166  0.1513E+01  0.1252E+02
  -6.156  0.1542E+01  0.1254E+02
  -6.146  0.1570E+01  0.1255E+02
  -6.136  0.1599E+01  0.1257E+02
  -6.126  0.1627E+01  0.1259E+02
  -6.116  0.1656E+01  0.1260E+02
  -6.106  0.1684E+01  0.1262E+02
  -6.096  0.1712E+01  0.1264E+02
  -6.086  0.1740E+01  0.1266E+02
  -6.076  0.1767E+01  0.1267E+02
  -6.066  0.1795E+01  0.1269E+02
  -6.056  0.1821E+01  0.1271E+02
  -6.046  0.1848E+01  0.1273E+02
  -6.036  0.1874E+01  0.1275E+02
  -6.026  0.1899E+01  0.1277E+02
  -6.016  0.1924E+01  0.1278E+02
  -6.006  0.1948E+01  0.1280E+02
  -5.996  0.1972E+01  0.1282E+02
  -5.986  0.1995E+01  0.1284E+02
  -5.976  0.2017E+01  0.1286E+02
  -5.966  0.2038E+01  0.1288E+02
  -5.956  0.2058E+01  0.1290E+02
  -5.946  0.2077E+01  0.1293E+02
  -5.936  0.2095E+01  0.1295E+02
  -5.926  0.2112E+01  0.1297E+02
  -5.916  0.2128E+01  0.1299E+02
  -5.906  0.2143E+01  0.1301E+02
  -5.896  0.2156E+01  0.1303E+02
  -5.886  0.2168E+01  0.1305E+02
  -5.876  0.2179E+01  0.1308E+02
  -5.866  0.2188E+01  0.1310E+02
  -5.856  0.2196E+01  0.1312E+02
  -5.846  0.2202E+01  0.1314E+02
  -5.836  0.2207E+01  0.1316E+02
  -5.826  0.2210E+01  0.1319E+02
  -5.816  0.2212E+01  0.1321E+02
  -5.806  0.2212E+01  0.1323E+02
  -5.796  0.2210E+01  0.1325E+02
  -5.786  0.2207E+01  0.1327E+02
  -5.776  0.2202E+01  0.1330E+02
  -5.766  0.2196E+01  0.1332E+02
  -5.756  0.2188E+01  0.1334E+02
  -5.746  0.2178E+01  0.1336E+02
  -5.736  0.2167E+01  0.1338E+02
  -5.726  0.2154E+01  0.1340E+02
  -5.716  0.2140E+01  0.1343E+02
  -5.706  0.2124E+01  0.1345E+02
  -5.696  0.2106E+01  0.1347E+02
  -5.686  0.2088E+01  0.1349E+02
  -5.676  0.2068E+01  0.1351E+02
  -5.666  0.2046E+01  0.1353E+02
  -5.656  0.2023E+01  0.1355E+02
  -5.646  0.2000E+01  0.1357E+02
  -5.636  0.1975E+01  0.1359E+02
  -5.626  0.1949E+01  0.1361E+02
  -5.616  0.1922E+01  0.1363E+02
  -5.606  0.1894E+01  0.1365E+02
  -5.596  0.1865E+01  0.1367E+02
  -5.586  0.1836E+01  0.1368E+02
  -5.576  0.1806E+01  0.1370E+02
  -5.566  0.1775E+01  0.1372E+02
  -5.556  0.1744E+01  0.1374E+02
  -5.546  0.1713E+01  0.1376E+02
  -5.536  0.1681E+01  0.1377E+02
  -5.526  0.1650E+01  0.1379E+02
  -5.516  0.1618E+01  0.1380E+02
  -5.506  0.1586E+01  0.1382E+02
  -5.496  0.1555E+01  0.1384E+02
  -5.486  0.1523E+01  0.1385E+02
  -5.476  0.1492E+01  0.1387E+02
  -5.466  0.1462E+01  0.1388E+02
  -5.456  0.1431E+01  0.1390E+02
  -5.446  0.1402E+01  0.1391E+02
  -5.436  0.1373E+01  0.1392E+02
  -5.426  0.1345E+01  0.1394E+02
  -5.416  0.1318E+01  0.1395E+02
  -5.406  0.1292E+01  0.1396E+02
  -5.396  0.1267E+01  0.1398E+02
  -5.386  0.1243E+01  0.1399E+02
  -5.376  0.1220E+01  0.1400E+02
  -5.366  0.1198E+01  0.1401E+02
  -5.356  0.1178E+01  0.1402E+02
  -5.346  0.1159E+01  0.1404E+02
  -5.336  0.1142E+01  0.1405E+02
  -5.326  0.1126E+01  0.1406E+02
  -5.316  0.1112E+01  0.1407E+02
  -5.306  0.1099E+01  0.1408E+02
  -5.296  0.1088E+01  0.1409E+02
  -5.286  0.1079E+01  0.1410E+02
  -5.276  0.1071E+01  0.1411E+02
  -5.266  0.1065E+01  0.1412E+02
  -5.256  0.1061E+01  0.1413E+02
  -5.246  0.1059E+01  0.1414E+02
  -5.236  0.1058E+01  0.1415E+02
  -5.226  0.1059E+01  0.1417E+02
  -5.216  0.1062E+01  0.1418E+02
  -5.206  0.1067E+01  0.1419E+02
  -5.196  0.1074E+01  0.1420E+02
  -5.186  0.1083E+01  0.1421E+02
  -5.176  0.1093E+01  0.1422E+02
  -5.166  0.1105E+01  0.1423E+02
  -5.156  0.1119E+01  0.1424E+02
  -5.146  0.1135E+01  0.1425E+02
  -5.136  0.1152E+01  0.1426E+02
  -5.126  0.1171E+01  0.1428E+02
  -5.116  0.1192E+01  0.1429E+02
  -5.106  0.1214E+01  0.1430E+02
  -5.096  0.1237E+01  0.1431E+02
  -5.086  0.1262E+01  0.1433E+02
  -5.076  0.1288E+01  0.1434E+02
  -5.066  0.1315E+01  0.1435E+02
  -5.056  0.1344E+01  0.1436E+02
  -5.046  0.1373E+01  0.1438E+02
  -5.036  0.1404E+01  0.1439E+02
  -5.026  0.1435E+01  0.1441E+02
  -5.016  0.1468E+01  0.1442E+02
  -5.006  0.1500E+01  0.1444E+02
  -4.996  0.1534E+01  0.1445E+02
  -4.986  0.1568E+01  0.1447E+02
  -4.976  0.1602E+01  0.1448E+02
  -4.966  0.1636E+01  0.1450E+02
  -4.956  0.1671E+01  0.1452E+02
  -4.946  0.1705E+01  0.1453E+02
  -4.936  0.1739E+01  0.1455E+02
  -4.926  0.1773E+01  0.1457E+02
  -4.916  0.1806E+01  0.1459E+02
  -4.906  0.1839E+01  0.1461E+02
  -4.896  0.1872E+01  0.1462E+02
  -4.886  0.1903E+01  0.1464E+02
  -4.876  0.1934E+01  0.1466E+02
  -4.866  0.1963E+01  0.1468E+02
  -4.856  0.1992E+01  0.1470E+02
  -4.846  0.2019E+01  0.1472E+02
  -4.836  0.2045E+01  0.1474E+02
  -4.826  0.2069E+01  0.1476E+02
  -4.816  0.2092E+01  0.1478E+02
  -4.806  0.2113E+01  0.1481E+02
  -4.796  0.2133E+01  0.1483E+02
  -4.786  0.2151E+01  0.1485E+02
  -4.776  0.2167E+01  0.1487E+02
  -4.766  0.2181E+01  0.1489E+02
  -4.756  0.2193E+01  0.1491E+02
  -4.746  0.2203E+01  0.1494E+02
  -4.736  0.2211E+01  0.1496E+02
  -4.726  0.2217E+01  0.1498E+02
  -4.716  0.2221E+01  0.1500E+02
  -4.706  0.2223E+01  0.1502E+02
  -4.696  0.2223E+01  0.1505E+02
  -4.686  0.2220E+01  0.1507E+02
  -4.676  0.2216E+01  0.1509E+02
  -4.666  0.2210E+01  0.1511E+02
  -4.656  0.2202E+01  0.1513E+02
  -4.646  0.2192E+01  0.1516E+02
  -4.636  0.2180E+01  0.1518E+02
  -4.626  0.2167E+01  0.1520E+02
  -4.616  0.2151E+01  0.1522E+02
  -4.606  0.2134E+01  0.1524E+02
  -4.596  0.2116E+01  0.1526E+02
  -4.586  0.2096E+01  0.1529E+02
  -4.576  0.2075E+01  0.1531E+02
  -4.566  0.2053E+01  0.1533E+02
  -4.556  0.2029E+01  0.1535E+02
  -4.546  0.2005E+01  0.1537E+02
  -4.536  0.1980E+01  0.1539E+02
  -4.526  0.1954E+01  0.1541E+02
  -4.516  0.1927E+01  0.1543E+02
  -4.506  0.1900E+01  0.1544E+02
  -4.496  0.1872E+01  0.1546E+02
  -4.486  0.1845E+01  0.1548E+02
  -4.476  0.1817E+01  0.1550E+02
  -4.466  0.1789E+01  0.1552E+02
  -4.456  0.1761E+01  0.1554E+02
  -4.446  0.1734E+01  0.1555E+02
  -4.436  0.1707E+01  0.1557E+02
  -4.426  0.1681E+01  0.1559E+02
  -4.416  0.1655E+01  0.1560E+02
  -4.406  0.1630E+01  0.1562E+02
  -4.396  0.1606E+01  0.1564E+02
  -4.386  0.1582E+01  0.1565E+02
  -4.376  0.1560E+01  0.1567E+02
  -4.366  0.1539E+01  0.1568E+02
  -4.356  0.1519E+01  0.1570E+02
  -4.346  0.1501E+01  0.1571E+02
  -4.336  0.1483E+01  0.1573E+02
  -4.326  0.1467E+01  0.1574E+02
  -4.316  0.1453E+01  0.1576E+02
  -4.306  0.1440E+01  0.1577E+02
  -4.296  0.1429E+01  0.1579E+02
  -4.286  0.1419E+01  0.1580E+02
  -4.276  0.1411E+01  0.1581E+02
  -4.266  0.1404E+01  0.1583E+02
  -4.256  0.1400E+01  0.1584E+02
  -4.246  0.1396E+01  0.1586E+02
  -4.236  0.1395E+01  0.1587E+02
  -4.226  0.1395E+01  0.1588E+02
  -4.216  0.1396E+01  0.1590E+02
  -4.206  0.1400E+01  0.1591E+02
  -4.196  0.1404E+01  0.1593E+02
  -4.186  0.1411E+01  0.1594E+02
  -4.176  0.1418E+01  0.1595E+02
  -4.166  0.1428E+01  0.1597E+02
  -4.156  0.1438E+01  0.1598E+02
  -4.146  0.1450E+01  0.1600E+02
  -4.136  0.1463E+01  0.1601E+02
  -4.126  0.1477E+01  0.1603E+02
  -4.116  0.1493E+01  0.1604E+02
  -4.106  0.1509E+01  0.1606E+02
  -4.096  0.1527E+01  0.1607E+02
  -4.086  0.1545E+01  0.1609E+02
  -4.076  0.1564E+01  0.1610E+02
  -4.066  0.1584E+01  0.1612E+02
  -4.056  0.1605E+01  0.1613E+02
  -4.046  0.1626E+01  0.1615E+02
  -4.036  0.1648E+01  0.1617E+02
  -4.026  0.1670E+01  0.1618E+02
  -4.016  0.1692E+01  0.1620E+02
  -4.006  0.1714E+01  0.1622E+02
  -3.996  0.1737E+01  0.1624E+02
  -3.986  0.1760E+01  0.1625E+02
  -3.976  0.1783E+01  0.1627E+02
  -3.966  0.1805E+01  0.1629E+02
  -3.956  0.1828E+01  0.1631E+02
  -3.946  0.1850E+01  0.1633E+02
  -3.936  0.1872E+01  0.1634E+02
  -3.926  0.1893E+01  0.1636E+02
  -3.916  0.1914E+01  0.1638E+02
  -3.906  0.1934E+01  0.1640E+02
  -3.896  0.1954E+01  0.1642E+02
  -3.886  0.1974E+01  0.1644E+02
  -3.876  0.1992E+01  0.1646E+02
  -3.866  0.2010E+01  0.1648E+02
  -3.856  0.2027E+01  0.1650E+02
  -3.846  0.2043E+01  0.1652E+02
  -3.836  0.2059E+01  0.1654E+02
  -3.826  0.2073E+01  0.1656E+02
  -3.816  0.2087E+01  0.1658E+02
  -3.806  0.2100E+01  0.1660E+02
  -3.796  0.2112E+01  0.1663E+02
  -3.786  0.2123E+01  0.1665E+02
  -3.776  0.2133E+01  0.1667E+02
  -3.766  0.2143E+01  0.1669E+02
  -3.756  0.2151E+01  0.1671E+02
  -3.746  0.2159E+01  0.1673E+02
  -3.736  0.2166E+01  0.1675E+02
  -3.726  0.2172E+01  0.1678E+02
  -3.716  0.2177E+01  0.1680E+02
  -3.706  0.2182E+01  0.1682E+02
  -3.696  0.2186E+01  0.1684E+02
  -3.686  0.2189E+01  0.1686E+02
  -3.676  0.2192E+01  0.1689E+02
  -3.666  0.2194E+01  0.1691E+02
  -3.656  0.2196E+01  0.1693E+02
  -3.646  0.2198E+01  0.1695E+02
  -3.636  0.2199E+01  0.1697E+02
  -3.626  0.2201E+01  0.1700E+02
  -3.616  0.2202E+01  0.1702E+02
  -3.606  0.2203E+01  0.1704E+02
  -3.596  0.2204E+01  0.1706E+02
  -3.586  0.2206E+01  0.1708E+02
  -3.576  0.2208E+01  0.1711E+02
  -3.566  0.2210E+01  0.1713E+02
  -3.556  0.2212E+01  0.1715E+02
  -3.546  0.2216E+01  0.1717E+02
  -3.536  0.2220E+01  0.1719E+02
  -3.526  0.2224E+01  0.1722E+02
  -3.516  0.2230E+01  0.1724E+02
  -3.506  0.2237E+01  0.1726E+02
  -3.496  0.2245E+01  0.1728E+02
  -3.486  0.2254E+01  0.1731E+02
  -3.476  0.2264E+01  0.1733E+02
  -3.466  0.2276E+01  0.1735E+02
  -3.456  0.2290E+01  0.1737E+02
  -3.446  0.2305E+01  0.1740E+02
  -3.436  0.2322E+01  0.1742E+02
  -3.426  0.2340E+01  0.1744E+02
  -3.416  0.2361E+01  0.1747E+02
  -3.406  0.2383E+01  0.1749E+02
  -3.396  0.2408E+01  0.1752E+02
  -3.386  0.2435E+01  0.1754E+02
  -3.376  0.2464E+01  0.1756E+02
  -3.366  0.2495E+01  0.1759E+02
  -3.356  0.2528E+01  0.1761E+02
  -3.346  0.2564E+01  0.1764E+02
  -3.336  0.2602E+01  0.1767E+02
  -3.326  0.2643E+01  0.1769E+02
  -3.316  0.2686E+01  0.1772E+02
  -3.306  0.2732E+01  0.1775E+02
  -3.296  0.2780E+01  0.1778E+02
  -3.286  0.2830E+01  0.1780E+02
  -3.276  0.2883E+01  0.1783E+02
  -3.266  0.2938E+01  0.1786E+02
  -3.256  0.2996E+01  0.1789E+02
  -3.246  0.3056E+01  0.1792E+02
  -3.236  0.3118E+01  0.1795E+02
  -3.226  0.3182E+01  0.1799E+02
  -3.216  0.3249E+01  0.1802E+02
  -3.206  0.3317E+01  0.1805E+02
  -3.196  0.3388E+01  0.1808E+02
  -3.186  0.3460E+01  0.1812E+02
  -3.176  0.3534E+01  0.1815E+02
  -3.166  0.3610E+01  0.1819E+02
  -3.156  0.3688E+01  0.1823E+02
  -3.146  0.3766E+01  0.1827E+02
  -3.136  0.3846E+01  0.1830E+02
  -3.126  0.3927E+01  0.1834E+02
  -3.116  0.4009E+01  0.1838E+02
  -3.106  0.4092E+01  0.1842E+02
  -3.096  0.4175E+01  0.1847E+02
  -3.086  0.4259E+01  0.1851E+02
  -3.076  0.4343E+01  0.1855E+02
  -3.066  0.4427E+01  0.1860E+02
  -3.056  0.4511E+01  0.1864E+02
  -3.046  0.4595E+01  0.1869E+02
  -3.036  0.4679E+01  0.1873E+02
  -3.026  0.4761E+01  0.1878E+02
  -3.016  0.4843E+01  0.1883E+02
  -3.006  0.4924E+01  0.1888E+02
  -2.996  0.5004E+01  0.1893E+02
  -2.986  0.5083E+01  0.1898E+02
  -2.976  0.5160E+01  0.1903E+02
  -2.966  0.5236E+01  0.1908E+02
  -2.956  0.5310E+01  0.1914E+02
  -2.946  0.5381E+01  0.1919E+02
  -2.936  0.5451E+01  0.1925E+02
  -2.926  0.5519E+01  0.1930E+02
  -2.916  0.5584E+01  0.1936E+02
  -2.906  0.5646E+01  0.1941E+02
  -2.896  0.5707E+01  0.1947E+02
  -2.886  0.5764E+01  0.1953E+02
  -2.876  0.5818E+01  0.1959E+02
  -2.866  0.5870E+01  0.1964E+02
  -2.856  0.5918E+01  0.1970E+02
  -2.846  0.5964E+01  0.1976E+02
  -2.836  0.6006E+01  0.1982E+02
  -2.826  0.6045E+01  0.1988E+02
  -2.816  0.6081E+01  0.1994E+02
  -2.806  0.6114E+01  0.2001E+02
  -2.796  0.6143E+01  0.2007E+02
  -2.786  0.6169E+01  0.2013E+02
  -2.776  0.6191E+01  0.2019E+02
  -2.766  0.6210E+01  0.2025E+02
  -2.756  0.6226E+01  0.2032E+02
  -2.746  0.6238E+01  0.2038E+02
  -2.736  0.6247E+01  0.2044E+02
  -2.726  0.6253E+01  0.2050E+02
  -2.716  0.6255E+01  0.2057E+02
  -2.706  0.6254E+01  0.2063E+02
  -2.696  0.6250E+01  0.2069E+02
  -2.686  0.6242E+01  0.2075E+02
  -2.676  0.6232E+01  0.2081E+02
  -2.666  0.6218E+01  0.2088E+02
  -2.656  0.6201E+01  0.2094E+02
  -2.646  0.6181E+01  0.2100E+02
  -2.636  0.6158E+01  0.2106E+02
  -2.626  0.6132E+01  0.2112E+02
  -2.616  0.6104E+01  0.2118E+02
  -2.606  0.6073E+01  0.2125E+02
  -2.596  0.6039E+01  0.2131E+02
  -2.586  0.6002E+01  0.2137E+02
  -2.576  0.5963E+01  0.2143E+02
  -2.566  0.5921E+01  0.2148E+02
  -2.556  0.5877E+01  0.2154E+02
  -2.546  0.5830E+01  0.2160E+02
  -2.536  0.5782E+01  0.2166E+02
  -2.526  0.5731E+01  0.2172E+02
  -2.516  0.5678E+01  0.2177E+02
  -2.506  0.5623E+01  0.2183E+02
  -2.496  0.5565E+01  0.2189E+02
  -2.486  0.5506E+01  0.2194E+02
  -2.476  0.5446E+01  0.2200E+02
  -2.466  0.5383E+01  0.2205E+02
  -2.456  0.5318E+01  0.2210E+02
  -2.446  0.5252E+01  0.2215E+02
  -2.436  0.5185E+01  0.2221E+02
  -2.426  0.5115E+01  0.2226E+02
  -2.416  0.5045E+01  0.2231E+02
  -2.406  0.4973E+01  0.2236E+02
  -2.396  0.4899E+01  0.2241E+02
  -2.386  0.4824E+01  0.2246E+02
  -2.376  0.4748E+01  0.2250E+02
  -2.366  0.4671E+01  0.2255E+02
  -2.356  0.4593E+01  0.2260E+02
  -2.346  0.4514E+01  0.2264E+02
  -2.336  0.4434E+01  0.2268E+02
  -2.326  0.4353E+01  0.2273E+02
  -2.316  0.4272E+01  0.2277E+02
  -2.306  0.4189E+01  0.2281E+02
  -2.296  0.4106E+01  0.2285E+02
  -2.286  0.4023E+01  0.2289E+02
  -2.276  0.3938E+01  0.2293E+02
  -2.266  0.3854E+01  0.2297E+02
  -2.256  0.3769E+01  0.2301E+02
  -2.246  0.3684E+01  0.2305E+02
  -2.236  0.3598E+01  0.2308E+02
  -2.226  0.3513E+01  0.2312E+02
  -2.216  0.3427E+01  0.2315E+02
  -2.206  0.3341E+01  0.2319E+02
  -2.196  0.3256E+01  0.2322E+02
  -2.186  0.3171E+01  0.2325E+02
  -2.176  0.3085E+01  0.2328E+02
  -2.166  0.3001E+01  0.2331E+02
  -2.156  0.2916E+01  0.2334E+02
  -2.146  0.2832E+01  0.2337E+02
  -2.136  0.2749E+01  0.2340E+02
  -2.126  0.2666E+01  0.2342E+02
  -2.116  0.2584E+01  0.2345E+02
  -2.106  0.2503E+01  0.2347E+02
  -2.096  0.2422E+01  0.2350E+02
  -2.086  0.2343E+01  0.2352E+02
  -2.076  0.2264E+01  0.2354E+02
  -2.066  0.2187E+01  0.2357E+02
  -2.056  0.2110E+01  0.2359E+02
  -2.046  0.2035E+01  0.2361E+02
  -2.036  0.1961E+01  0.2363E+02
  -2.026  0.1888E+01  0.2365E+02
  -2.016  0.1816E+01  0.2366E+02
  -2.006  0.1746E+01  0.2368E+02
  -1.996  0.1677E+01  0.2370E+02
  -1.986  0.1610E+01  0.2371E+02
  -1.976  0.1544E+01  0.2373E+02
  -1.966  0.1480E+01  0.2374E+02
  -1.956  0.1417E+01  0.2376E+02
  -1.946  0.1356E+01  0.2377E+02
  -1.936  0.1296E+01  0.2378E+02
  -1.926  0.1238E+01  0.2380E+02
  -1.916  0.1181E+01  0.2381E+02
  -1.906  0.1127E+01  0.2382E+02
  -1.896  0.1073E+01  0.2383E+02
  -1.886  0.1022E+01  0.2384E+02
  -1.876  0.9718E+00  0.2385E+02
  -1.866  0.9236E+00  0.2386E+02
  -1.856  0.8769E+00  0.2387E+02
  -1.846  0.8319E+00  0.2388E+02
  -1.836  0.7886E+00  0.2388E+02
  -1.826  0.7468E+00  0.2389E+02
  -1.816  0.7066E+00  0.2390E+02
  -1.806  0.6680E+00  0.2391E+02
  -1.796  0.6310E+00  0.2391E+02
  -1.786  0.5955E+00  0.2392E+02
  -1.776  0.5615E+00  0.2392E+02
  -1.766  0.5289E+00  0.2393E+02
  -1.756  0.4979E+00  0.2393E+02
  -1.746  0.4682E+00  0.2394E+02
  -1.736  0.4399E+00  0.2394E+02
  -1.726  0.4130E+00  0.2395E+02
  -1.716  0.3874E+00  0.2395E+02
  -1.706  0.3631E+00  0.2395E+02
  -1.696  0.3400E+00  0.2396E+02
  -1.686  0.3182E+00  0.2396E+02
  -1.676  0.2975E+00  0.2396E+02
  -1.666  0.2780E+00  0.2397E+02
  -1.656  0.2596E+00  0.2397E+02
  -1.646  0.2423E+00  0.2397E+02
  -1.636  0.2260E+00  0.2397E+02
  -1.626  0.2107E+00  0.2398E+02
  -1.616  0.1963E+00  0.2398E+02
  -1.606  0.1829E+00  0.2398E+02
  -1.596  0.1705E+00  0.2398E+02
  -1.586  0.1588E+00  0.2398E+02
  -1.576  0.1481E+00  0.2399E+02
  -1.566  0.1381E+00  0.2399E+02
  -1.556  0.1290E+00  0.2399E+02
  -1.546  0.1205E+00  0.2399E+02
  -1.536  0.1129E+00  0.2399E+02
  -1.526  0.1059E+00  0.2399E+02
  -1.516  0.9969E-01  0.2399E+02
  -1.506  0.9413E-01  0.2399E+02
  -1.496  0.8923E-01  0.2399E+02
  -1.486  0.8498E-01  0.2399E+02
  -1.476  0.8137E-01  0.2400E+02
  -1.466  0.7839E-01  0.2400E+02
  -1.456  0.7604E-01  0.2400E+02
  -1.446  0.7430E-01  0.2400E+02
  -1.436  0.7319E-01  0.2400E+02
  -1.426  0.7269E-01  0.2400E+02
  -1.416  0.7282E-01  0.2400E+02
  -1.406  0.7357E-01  0.2400E+02
  -1.396  0.7496E-01  0.2400E+02
  -1.386  0.7700E-01  0.2400E+02
  -1.376  0.7970E-01  0.2400E+02
  -1.366  0.8308E-01  0.2400E+02
  -1.356  0.8716E-01  0.2401E+02
  -1.346  0.9195E-01  0.2401E+02
  -1.336  0.9750E-01  0.2401E+02
  -1.326  0.1038E+00  0.2401E+02
  -1.316  0.1109E+00  0.2401E+02
  -1.306  0.1189E+00  0.2401E+02
  -1.296  0.1277E+00  0.2401E+02
  -1.286  0.1374E+00  0.2401E+02
  -1.276  0.1481E+00  0.2401E+02
  -1.266  0.1597E+00  0.2402E+02
  -1.256  0.1724E+00  0.2402E+02
  -1.246  0.1861E+00  0.2402E+02
  -1.236  0.2010E+00  0.2402E+02
  -1.226  0.2171E+00  0.2402E+02
  -1.216  0.2343E+00  0.2403E+02
  -1.206  0.2529E+00  0.2403E+02
  -1.196  0.2728E+00  0.2403E+02
  -1.186  0.2940E+00  0.2403E+02
  -1.176  0.3167E+00  0.2404E+02
  -1.166  0.3409E+00  0.2404E+02
  -1.156  0.3666E+00  0.2404E+02
  -1.146  0.3940E+00  0.2405E+02
  -1.136  0.4230E+00  0.2405E+02
  -1.126  0.4537E+00  0.2406E+02
  -1.116  0.4862E+00  0.2406E+02
  -1.106  0.5206E+00  0.2407E+02
  -1.096  0.5568E+00  0.2407E+02
  -1.086  0.5949E+00  0.2408E+02
  -1.076  0.6350E+00  0.2409E+02
  -1.066  0.6771E+00  0.2409E+02
  -1.056  0.7213E+00  0.2410E+02
  -1.046  0.7676E+00  0.2411E+02
  -1.036  0.8160E+00  0.2411E+02
  -1.026  0.8666E+00  0.2412E+02
  -1.016  0.9193E+00  0.2413E+02
  -1.006  0.9743E+00  0.2414E+02
  -0.996  0.1032E+01  0.2415E+02
  -0.986  0.1091E+01  0.2416E+02
  -0.976  0.1153E+01  0.2418E+02
  -0.966  0.1217E+01  0.2419E+02
  -0.956  0.1283E+01  0.2420E+02
  -0.946  0.1352E+01  0.2421E+02
  -0.936  0.1422E+01  0.2423E+02
  -0.926  0.1495E+01  0.2424E+02
  -0.916  0.1570E+01  0.2426E+02
  -0.906  0.1648E+01  0.2428E+02
  -0.896  0.1727E+01  0.2429E+02
  -0.886  0.1808E+01  0.2431E+02
  -0.876  0.1892E+01  0.2433E+02
  -0.866  0.1977E+01  0.2435E+02
  -0.856  0.2064E+01  0.2437E+02
  -0.846  0.2153E+01  0.2439E+02
  -0.836  0.2244E+01  0.2441E+02
  -0.826  0.2336E+01  0.2444E+02
  -0.816  0.2430E+01  0.2446E+02
  -0.806  0.2525E+01  0.2449E+02
  -0.796  0.2622E+01  0.2451E+02
  -0.786  0.2719E+01  0.2454E+02
  -0.776  0.2818E+01  0.2457E+02
  -0.766  0.2918E+01  0.2460E+02
  -0.756  0.3018E+01  0.2463E+02
  -0.746  0.3119E+01  0.2466E+02
  -0.736  0.3221E+01  0.2469E+02
  -0.726  0.3323E+01  0.2472E+02
  -0.716  0.3426E+01  0.2476E+02
  -0.706  0.3528E+01  0.2479E+02
  -0.696  0.3631E+01  0.2483E+02
  -0.686  0.3733E+01  0.2487E+02
  -0.676  0.3835E+01  0.2491E+02
  -0.666  0.3937E+01  0.2495E+02
  -0.656  0.4038E+01  0.2499E+02
  -0.646  0.4138E+01  0.2503E+02
  -0.636  0.4238E+01  0.2507E+02
  -0.626  0.4336E+01  0.2511E+02
  -0.616  0.4434E+01  0.2516E+02
  -0.606  0.4530E+01  0.2520E+02
  -0.596  0.4624E+01  0.2525E+02
  -0.586  0.4718E+01  0.2530E+02
  -0.576  0.4809E+01  0.2534E+02
  -0.566  0.4899E+01  0.2539E+02
  -0.556  0.4988E+01  0.2544E+02
  -0.546  0.5074E+01  0.2549E+02
  -0.536  0.5158E+01  0.2555E+02
  -0.526  0.5240E+01  0.2560E+02
  -0.516  0.5320E+01  0.2565E+02
  -0.506  0.5398E+01  0.2570E+02
  -0.496  0.5474E+01  0.2576E+02
  -0.486  0.5547E+01  0.2581E+02
  -0.476  0.5618E+01  0.2587E+02
  -0.466  0.5686E+01  0.2593E+02
  -0.456  0.5752E+01  0.2599E+02
  -0.446  0.5815E+01  0.2604E+02
  -0.436  0.5876E+01  0.2610E+02
  -0.426  0.5934E+01  0.2616E+02
  -0.416  0.5990E+01  0.2622E+02
  -0.406  0.6043E+01  0.2628E+02
  -0.396  0.6094E+01  0.2634E+02
  -0.386  0.6142E+01  0.2640E+02
  -0.376  0.6188E+01  0.2647E+02
  -0.366  0.6231E+01  0.2653E+02
  -0.356  0.6272E+01  0.2659E+02
  -0.346  0.6310E+01  0.2665E+02
  -0.336  0.6346E+01  0.2672E+02
  -0.326  0.6380E+01  0.2678E+02
  -0.316  0.6412E+01  0.2685E+02
  -0.306  0.6441E+01  0.2691E+02
  -0.296  0.6468E+01  0.2697E+02
  -0.286  0.6493E+01  0.2704E+02
  -0.276  0.6516E+01  0.2710E+02
  -0.266  0.6536E+01  0.2717E+02
  -0.256  0.6555E+01  0.2724E+02
  -0.246  0.6573E+01  0.2730E+02
  -0.236  0.6588E+01  0.2737E+02
  -0.226  0.6602E+01  0.2743E+02
  -0.216  0.6614E+01  0.2750E+02
  -0.206  0.6624E+01  0.2757E+02
  -0.196  0.6633E+01  0.2763E+02
  -0.186  0.6641E+01  0.2770E+02
  -0.176  0.6647E+01  0.2777E+02
  -0.166  0.6652E+01  0.2783E+02
  -0.156  0.6656E+01  0.2790E+02
  -0.146  0.6659E+01  0.2796E+02
  -0.136  0.6661E+01  0.2803E+02
  -0.126  0.6663E+01  0.2810E+02
  -0.116  0.6663E+01  0.2816E+02
  -0.106  0.6663E+01  0.2823E+02
  -0.096  0.6662E+01  0.2830E+02
  -0.086  0.6660E+01  0.2836E+02
  -0.076  0.6658E+01  0.2843E+02
  -0.066  0.6656E+01  0.2850E+02
  -0.056  0.6653E+01  0.2856E+02
  -0.046  0.6650E+01  0.2863E+02
  -0.036  0.6647E+01  0.2870E+02
  -0.026  0.6643E+01  0.2876E+02
  -0.016  0.6640E+01  0.2883E+02
  -0.006  0.6637E+01  0.2890E+02
   0.004  0.6634E+01  0.2896E+02
   0.014  0.6631E+01  0.2903E+02
   0.024  0.6628E+01  0.2910E+02
   0.034  0.6625E+01  0.2916E+02
   0.044  0.6623E+01  0.2923E+02
   0.054  0.6621E+01  0.2929E+02
   0.064  0.6620E+01  0.2936E+02
   0.074  0.6619E+01  0.2943E+02
   0.084  0.6619E+01  0.2949E+02
   0.094  0.6619E+01  0.2956E+02
   0.104  0.6620E+01  0.2962E+02
   0.114  0.6621E+01  0.2969E+02
   0.124  0.6623E+01  0.2976E+02
   0.134  0.6625E+01  0.2982E+02
   0.144  0.6629E+01  0.2989E+02
   0.154  0.6632E+01  0.2996E+02
   0.164  0.6637E+01  0.3002E+02
   0.174  0.6642E+01  0.3009E+02
   0.184  0.6648E+01  0.3016E+02
   0.194  0.6654E+01  0.3022E+02
   0.204  0.6661E+01  0.3029E+02
   0.214  0.6669E+01  0.3036E+02
   0.224  0.6677E+01  0.3042E+02
   0.234  0.6686E+01  0.3049E+02
   0.244  0.6695E+01  0.3056E+02
   0.254  0.6705E+01  0.3062E+02
   0.264  0.6715E+01  0.3069E+02
   0.274  0.6726E+01  0.3076E+02
   0.284  0.6737E+01  0.3082E+02
   0.294  0.6749E+01  0.3089E+02
   0.304  0.6760E+01  0.3096E+02
   0.314  0.6772E+01  0.3103E+02
   0.324  0.6784E+01  0.3110E+02
   0.334  0.6797E+01  0.3116E+02
   0.344  0.6809E+01  0.3123E+02
   0.354  0.6822E+01  0.3130E+02
   0.364  0.6835E+01  0.3137E+02
   0.374  0.6847E+01  0.3144E+02
   0.384  0.6860E+01  0.3151E+02
   0.394  0.6872E+01  0.3157E+02
   0.404  0.6885E+01  0.3164E+02
   0.414  0.6897E+01  0.3171E+02
   0.424  0.6909E+01  0.3178E+02
   0.434  0.6921E+01  0.3185E+02
   0.444  0.6933E+01  0.3192E+02
   0.454  0.6945E+01  0.3199E+02
   0.464  0.6956E+01  0.3206E+02
   0.474  0.6967E+01  0.3213E+02
   0.484  0.6978E+01  0.3220E+02
   0.494  0.6989E+01  0.3227E+02
   0.504  0.6999E+01  0.3234E+02
   0.514  0.7009E+01  0.3241E+02
   0.524  0.7019E+01  0.3248E+02
   0.534  0.7029E+01  0.3255E+02
   0.544  0.7039E+01  0.3262E+02
   0.554  0.7048E+01  0.3269E+02
   0.564  0.7058E+01  0.3276E+02
   0.574  0.7067E+01  0.3283E+02
   0.584  0.7076E+01  0.3290E+02
   0.594  0.7085E+01  0.3297E+02
   0.604  0.7094E+01  0.3304E+02
   0.614  0.7103E+01  0.3311E+02
   0.624  0.7112E+01  0.3319E+02
   0.634  0.7122E+01  0.3326E+02
   0.644  0.7131E+01  0.3333E+02
   0.654  0.7141E+01  0.3340E+02
   0.664  0.7151E+01  0.3347E+02
   0.674  0.7161E+01  0.3354E+02
   0.684  0.7171E+01  0.3361E+02
   0.694  0.7182E+01  0.3369E+02
   0.704  0.7193E+01  0.3376E+02
   0.714  0.7205E+01  0.3383E+02
   0.724  0.7217E+01  0.3390E+02
   0.734  0.7229E+01  0.3397E+02
   0.744  0.7242E+01  0.3405E+02
   0.754  0.7256E+01  0.3412E+02
   0.764  0.7269E+01  0.3419E+02
   0.774  0.7284E+01  0.3426E+02
   0.784  0.7299E+01  0.3434E+02
   0.794  0.7315E+01  0.3441E+02
   0.804  0.7331E+01  0.3448E+02
   0.814  0.7347E+01  0.3456E+02
   0.824  0.7365E+01  0.3463E+02
   0.834  0.7382E+01  0.3470E+02
   0.844  0.7401E+01  0.3478E+02
   0.854  0.7420E+01  0.3485E+02
   0.864  0.7439E+01  0.3493E+02
   0.874  0.7459E+01  0.3500E+02
   0.884  0.7479E+01  0.3508E+02
   0.894  0.7499E+01  0.3515E+02
   0.904  0.7520E+01  0.3523E+02
   0.914  0.7542E+01  0.3530E+02
   0.924  0.7563E+01  0.3538E+02
   0.934  0.7585E+01  0.3545E+02
   0.944  0.7607E+01  0.3553E+02
   0.954  0.7629E+01  0.3561E+02
   0.964  0.7651E+01  0.3568E+02
   0.974  0.7674E+01  0.3576E+02
   0.984  0.7696E+01  0.3584E+02
   0.994  0.7718E+01  0.3591E+02
   1.004  0.7741E+01  0.3599E+02
   1.014  0.7763E+01  0.3607E+02
   1.024  0.7785E+01  0.3615E+02
   1.034  0.7807E+01  0.3622E+02
   1.044  0.7828E+01  0.3630E+02
   1.054  0.7849E+01  0.3638E+02
   1.064  0.7870E+01  0.3646E+02
   1.074  0.7891E+01  0.3654E+02
   1.084  0.7911E+01  0.3662E+02
   1.094  0.7930E+01  0.3670E+02
   1.104  0.7949E+01  0.3678E+02
   1.114  0.7968E+01  0.3686E+02
   1.124  0.7986E+01  0.3694E+02
   1.134  0.8003E+01  0.3702E+02
   1.144  0.8020E+01  0.3710E+02
   1.154  0.8036E+01  0.3718E+02
   1.164  0.8052E+01  0.3726E+02
   1.174  0.8066E+01  0.3734E+02
   1.184  0.8080E+01  0.3742E+02
   1.194  0.8094E+01  0.3750E+02
   1.204  0.8106E+01  0.3758E+02
   1.214  0.8118E+01  0.3766E+02
   1.224  0.8129E+01  0.3774E+02
   1.234  0.8139E+01  0.3782E+02
   1.244  0.8149E+01  0.3791E+02
   1.254  0.8157E+01  0.3799E+02
   1.264  0.8165E+01  0.3807E+02
   1.274  0.8172E+01  0.3815E+02
   1.284  0.8178E+01  0.3823E+02
   1.294  0.8183E+01  0.3832E+02
   1.304  0.8188E+01  0.3840E+02
   1.314  0.8191E+01  0.3848E+02
   1.324  0.8194E+01  0.3856E+02
   1.334  0.8196E+01  0.3864E+02
   1.344  0.8197E+01  0.3872E+02
   1.354  0.8197E+01  0.3881E+02
   1.364  0.8196E+01  0.3889E+02
   1.374  0.8194E+01  0.3897E+02
   1.384  0.8191E+01  0.3905E+02
   1.394  0.8188E+01  0.3913E+02
   1.404  0.8183E+01  0.3922E+02
   1.414  0.8178E+01  0.3930E+02
   1.424  0.8172E+01  0.3938E+02
   1.434  0.8165E+01  0.3946E+02
   1.444  0.8157E+01  0.3954E+02
   1.454  0.8148E+01  0.3962E+02
   1.464  0.8138E+01  0.3971E+02
   1.474  0.8127E+01  0.3979E+02
   1.484  0.8115E+01  0.3987E+02
   1.494  0.8102E+01  0.3995E+02
   1.504  0.8089E+01  0.4003E+02
   1.514  0.8074E+01  0.4011E+02
   1.524  0.8059E+01  0.4019E+02
   1.534  0.8042E+01  0.4027E+02
   1.544  0.8025E+01  0.4035E+02
   1.554  0.8007E+01  0.4043E+02
   1.564  0.7988E+01  0.4051E+02
   1.574  0.7968E+01  0.4059E+02
   1.584  0.7948E+01  0.4067E+02
   1.594  0.7927E+01  0.4075E+02
   1.604  0.7904E+01  0.4083E+02
   1.614  0.7882E+01  0.4091E+02
   1.624  0.7858E+01  0.4099E+02
   1.634  0.7834E+01  0.4107E+02
   1.644  0.7809E+01  0.4114E+02
   1.654  0.7784E+01  0.4122E+02
   1.664  0.7758E+01  0.4130E+02
   1.674  0.7732E+01  0.4138E+02
   1.684  0.7705E+01  0.4145E+02
   1.694  0.7678E+01  0.4153E+02
   1.704  0.7650E+01  0.4161E+02
   1.714  0.7622E+01  0.4168E+02
   1.724  0.7594E+01  0.4176E+02
   1.734  0.7566E+01  0.4183E+02
   1.744  0.7537E+01  0.4191E+02
   1.754  0.7509E+01  0.4198E+02
   1.764  0.7480E+01  0.4206E+02
   1.774  0.7451E+01  0.4213E+02
   1.784  0.7423E+01  0.4221E+02
   1.794  0.7394E+01  0.4228E+02
   1.804  0.7366E+01  0.4236E+02
   1.814  0.7338E+01  0.4243E+02
   1.824  0.7310E+01  0.4250E+02
   1.834  0.7282E+01  0.4258E+02
   1.844  0.7255E+01  0.4265E+02
   1.854  0.7228E+01  0.4272E+02
   1.864  0.7202E+01  0.4279E+02
   1.874  0.7176E+01  0.4286E+02
   1.884  0.7150E+01  0.4294E+02
   1.894  0.7125E+01  0.4301E+02
   1.904  0.7100E+01  0.4308E+02
   1.914  0.7076E+01  0.4315E+02
   1.924  0.7053E+01  0.4322E+02
   1.934  0.7029E+01  0.4329E+02
   1.944  0.7007E+01  0.4336E+02
   1.954  0.6984E+01  0.4343E+02
   1.964  0.6963E+01  0.4350E+02
   1.974  0.6941E+01  0.4357E+02
   1.984  0.6920E+01  0.4364E+02
   1.994  0.6900E+01  0.4371E+02
   2.004  0.6879E+01  0.4377E+02
   2.014  0.6859E+01  0.4384E+02
   2.024  0.6840E+01  0.4391E+02
   2.034  0.6820E+01  0.4398E+02
   2.044  0.6800E+01  0.4405E+02
   2.054  0.6781E+01  0.4412E+02
   2.064  0.6761E+01  0.4418E+02
   2.074  0.6741E+01  0.4425E+02
   2.084  0.6722E+01  0.4432E+02
   2.094  0.6701E+01  0.4439E+02
   2.104  0.6681E+01  0.4445E+02
   2.114  0.6660E+01  0.4452E+02
   2.124  0.6638E+01  0.4459E+02
   2.134  0.6615E+01  0.4465E+02
   2.144  0.6592E+01  0.4472E+02
   2.154  0.6568E+01  0.4478E+02
   2.164  0.6543E+01  0.4485E+02
   2.174  0.6517E+01  0.4491E+02
   2.184  0.6490E+01  0.4498E+02
   2.194  0.6461E+01  0.4504E+02
   2.204  0.6431E+01  0.4511E+02
   2.214  0.6400E+01  0.4517E+02
   2.224  0.6366E+01  0.4523E+02
   2.234  0.6332E+01  0.4530E+02
   2.244  0.6295E+01  0.4536E+02
   2.254  0.6257E+01  0.4542E+02
   2.264  0.6216E+01  0.4549E+02
   2.274  0.6174E+01  0.4555E+02
   2.284  0.6130E+01  0.4561E+02
   2.294  0.6083E+01  0.4567E+02
   2.304  0.6035E+01  0.4573E+02
   2.314  0.5984E+01  0.4579E+02
   2.324  0.5930E+01  0.4585E+02
   2.334  0.5875E+01  0.4591E+02
   2.344  0.5817E+01  0.4597E+02
   2.354  0.5757E+01  0.4602E+02
   2.364  0.5694E+01  0.4608E+02
   2.374  0.5630E+01  0.4614E+02
   2.384  0.5562E+01  0.4619E+02
   2.394  0.5493E+01  0.4625E+02
   2.404  0.5421E+01  0.4630E+02
   2.414  0.5347E+01  0.4636E+02
   2.424  0.5270E+01  0.4641E+02
   2.434  0.5192E+01  0.4646E+02
   2.444  0.5111E+01  0.4651E+02
   2.454  0.5028E+01  0.4656E+02
   2.464  0.4944E+01  0.4661E+02
   2.474  0.4857E+01  0.4666E+02
   2.484  0.4768E+01  0.4671E+02
   2.494  0.4678E+01  0.4675E+02
   2.504  0.4587E+01  0.4680E+02
   2.514  0.4493E+01  0.4684E+02
   2.524  0.4399E+01  0.4689E+02
   2.534  0.4303E+01  0.4693E+02
   2.544  0.4206E+01  0.4697E+02
   2.554  0.4108E+01  0.4701E+02
   2.564  0.4009E+01  0.4705E+02
   2.574  0.3910E+01  0.4709E+02
   2.584  0.3810E+01  0.4713E+02
   2.594  0.3709E+01  0.4717E+02
   2.604  0.3608E+01  0.4721E+02
   2.614  0.3507E+01  0.4724E+02
   2.624  0.3406E+01  0.4727E+02
   2.634  0.3305E+01  0.4731E+02
   2.644  0.3204E+01  0.4734E+02
   2.654  0.3104E+01  0.4737E+02
   2.664  0.3004E+01  0.4740E+02
   2.674  0.2905E+01  0.4743E+02
   2.684  0.2806E+01  0.4746E+02
   2.694  0.2709E+01  0.4748E+02
   2.704  0.2612E+01  0.4751E+02
   2.714  0.2517E+01  0.4754E+02
   2.724  0.2423E+01  0.4756E+02
   2.734  0.2330E+01  0.4758E+02
   2.744  0.2239E+01  0.4761E+02
   2.754  0.2149E+01  0.4763E+02
   2.764  0.2061E+01  0.4765E+02
   2.774  0.1975E+01  0.4767E+02
   2.784  0.1891E+01  0.4769E+02
   2.794  0.1808E+01  0.4770E+02
   2.804  0.1727E+01  0.4772E+02
   2.814  0.1649E+01  0.4774E+02
   2.824  0.1572E+01  0.4775E+02
   2.834  0.1498E+01  0.4777E+02
   2.844  0.1425E+01  0.4778E+02
   2.854  0.1355E+01  0.4780E+02
   2.864  0.1287E+01  0.4781E+02
   2.874  0.1222E+01  0.4782E+02
   2.884  0.1158E+01  0.4783E+02
   2.894  0.1097E+01  0.4784E+02
   2.904  0.1037E+01  0.4785E+02
   2.914  0.9804E+00  0.4786E+02
   2.924  0.9257E+00  0.4787E+02
   2.934  0.8731E+00  0.4788E+02
   2.944  0.8226E+00  0.4789E+02
   2.954  0.7743E+00  0.4790E+02
   2.964  0.7281E+00  0.4791E+02
   2.974  0.6839E+00  0.4791E+02
   2.984  0.6417E+00  0.4792E+02
   2.994  0.6015E+00  0.4793E+02
   3.004  0.5633E+00  0.4793E+02
   3.014  0.5269E+00  0.4794E+02
   3.024  0.4924E+00  0.4794E+02
   3.034  0.4596E+00  0.4795E+02
   3.044  0.4286E+00  0.4795E+02
   3.054  0.3992E+00  0.4795E+02
   3.064  0.3715E+00  0.4796E+02
   3.074  0.3453E+00  0.4796E+02
   3.084  0.3207E+00  0.4796E+02
   3.094  0.2974E+00  0.4797E+02
   3.104  0.2756E+00  0.4797E+02
   3.114  0.2551E+00  0.4797E+02
   3.124  0.2359E+00  0.4797E+02
   3.134  0.2179E+00  0.4798E+02
   3.144  0.2010E+00  0.4798E+02
   3.154  0.1852E+00  0.4798E+02
   3.164  0.1705E+00  0.4798E+02
   3.174  0.1568E+00  0.4798E+02
   3.184  0.1441E+00  0.4799E+02
   3.194  0.1322E+00  0.4799E+02
   3.204  0.1212E+00  0.4799E+02
   3.214  0.1110E+00  0.4799E+02
   3.224  0.1015E+00  0.4799E+02
   3.234  0.9274E-01  0.4799E+02
   3.244  0.8464E-01  0.4799E+02
   3.254  0.7717E-01  0.4799E+02
   3.264  0.7027E-01  0.4799E+02
   3.274  0.6393E-01  0.4799E+02
   3.284  0.5809E-01  0.4799E+02
   3.294  0.5272E-01  0.4800E+02
   3.304  0.4780E-01  0.4800E+02
   3.314  0.4329E-01  0.4800E+02
   3.324  0.3917E-01  0.4800E+02
   3.334  0.3539E-01  0.4800E+02
   3.344  0.3195E-01  0.4800E+02
   3.354  0.2881E-01  0.4800E+02
   3.364  0.2595E-01  0.4800E+02
   3.374  0.2334E-01  0.4800E+02
   3.384  0.2098E-01  0.4800E+02
   3.394  0.1883E-01  0.4800E+02
   3.404  0.1688E-01  0.4800E+02
   3.414  0.1512E-01  0.4800E+02
