#  E (eV)   dos(E)     Int dos(E) EFermi =   2.546 eV
 -17.588  0.6397E-04  0.6397E-06
 -17.578  0.7964E-04  0.1436E-05
 -17.568  0.9889E-04  0.2425E-05
 -17.558  0.1225E-03  0.3650E-05
 -17.548  0.1512E-03  0.5162E-05
 -17.538  0.1863E-03  0.7024E-05
 -17.528  0.2288E-03  0.9312E-05
 -17.518  0.2803E-03  0.1211E-04
 -17.508  0.3424E-03  0.1554E-04
 -17.498  0.4172E-03  0.1971E-04
 -17.488  0.5069E-03  0.2478E-04
 -17.478  0.6143E-03  0.3092E-04
 -17.468  0.7424E-03  0.3835E-04
 -17.458  0.8948E-03  0.4729E-04
 -17.448  0.1076E-02  0.5805E-04
 -17.438  0.1289E-02  0.7095E-04
 -17.428  0.1542E-02  0.8636E-04
 -17.418  0.1838E-02  0.1047E-03
 -17.408  0.2186E-02  0.1266E-03
 -17.398  0.2592E-02  0.1525E-03
 -17.388  0.3066E-02  0.1832E-03
 -17.378  0.3617E-02  0.2194E-03
 -17.368  0.4255E-02  0.2619E-03
 -17.358  0.4991E-02  0.3118E-03
 -17.348  0.5840E-02  0.3702E-03
 -17.338  0.6815E-02  0.4384E-03
 -17.328  0.7931E-02  0.5177E-03
 -17.318  0.9205E-02  0.6097E-03
 -17.308  0.1065E-01  0.7163E-03
 -17.298  0.1230E-01  0.8392E-03
 -17.288  0.1416E-01  0.9808E-03
 -17.278  0.1626E-01  0.1143E-02
 -17.268  0.1861E-01  0.1330E-02
 -17.258  0.2126E-01  0.1542E-02
 -17.248  0.2421E-01  0.1784E-02
 -17.238  0.2750E-01  0.2059E-02
 -17.228  0.3115E-01  0.2371E-02
 -17.218  0.3519E-01  0.2723E-02
 -17.208  0.3965E-01  0.3119E-02
 -17.198  0.4456E-01  0.3565E-02
 -17.188  0.4993E-01  0.4064E-02
 -17.178  0.5581E-01  0.4622E-02
 -17.168  0.6221E-01  0.5244E-02
 -17.158  0.6916E-01  0.5936E-02
 -17.148  0.7668E-01  0.6703E-02
 -17.138  0.8479E-01  0.7551E-02
 -17.128  0.9351E-01  0.8486E-02
 -17.118  0.1029E+00  0.9514E-02
 -17.108  0.1128E+00  0.1064E-01
 -17.098  0.1234E+00  0.1188E-01
 -17.088  0.1347E+00  0.1322E-01
 -17.078  0.1466E+00  0.1469E-01
 -17.068  0.1591E+00  0.1628E-01
 -17.058  0.1723E+00  0.1800E-01
 -17.048  0.1861E+00  0.1987E-01
 -17.038  0.2004E+00  0.2187E-01
 -17.028  0.2153E+00  0.2402E-01
 -17.018  0.2307E+00  0.2633E-01
 -17.008  0.2466E+00  0.2879E-01
 -16.998  0.2629E+00  0.3142E-01
 -16.988  0.2796E+00  0.3422E-01
 -16.978  0.2966E+00  0.3718E-01
 -16.968  0.3139E+00  0.4032E-01
 -16.958  0.3315E+00  0.4364E-01
 -16.948  0.3492E+00  0.4713E-01
 -16.938  0.3670E+00  0.5080E-01
 -16.928  0.3848E+00  0.5465E-01
 -16.918  0.4027E+00  0.5867E-01
 -16.908  0.4205E+00  0.6288E-01
 -16.898  0.4382E+00  0.6726E-01
 -16.888  0.4558E+00  0.7182E-01
 -16.878  0.4732E+00  0.7655E-01
 -16.868  0.4904E+00  0.8145E-01
 -16.858  0.5075E+00  0.8653E-01
 -16.848  0.5244E+00  0.9177E-01
 -16.838  0.5412E+00  0.9719E-01
 -16.828  0.5578E+00  0.1028E+00
 -16.818  0.5745E+00  0.1085E+00
 -16.808  0.5911E+00  0.1144E+00
 -16.798  0.6079E+00  0.1205E+00
 -16.788  0.6250E+00  0.1267E+00
 -16.778  0.6424E+00  0.1332E+00
 -16.768  0.6603E+00  0.1398E+00
 -16.758  0.6790E+00  0.1466E+00
 -16.748  0.6986E+00  0.1536E+00
 -16.738  0.7194E+00  0.1607E+00
 -16.728  0.7414E+00  0.1682E+00
 -16.718  0.7651E+00  0.1758E+00
 -16.708  0.7906E+00  0.1837E+00
 -16.698  0.8183E+00  0.1919E+00
 -16.688  0.8483E+00  0.2004E+00
 -16.678  0.8810E+00  0.2092E+00
 -16.668  0.9166E+00  0.2184E+00
 -16.658  0.9554E+00  0.2279E+00
 -16.648  0.9976E+00  0.2379E+00
 -16.638  0.1044E+01  0.2483E+00
 -16.628  0.1093E+01  0.2593E+00
 -16.618  0.1147E+01  0.2707E+00
 -16.608  0.1206E+01  0.2828E+00
 -16.598  0.1268E+01  0.2955E+00
 -16.588  0.1336E+01  0.3088E+00
 -16.578  0.1407E+01  0.3229E+00
 -16.568  0.1484E+01  0.3377E+00
 -16.558  0.1565E+01  0.3534E+00
 -16.548  0.1651E+01  0.3699E+00
 -16.538  0.1741E+01  0.3873E+00
 -16.528  0.1835E+01  0.4057E+00
 -16.518  0.1934E+01  0.4250E+00
 -16.508  0.2036E+01  0.4453E+00
 -16.498  0.2141E+01  0.4668E+00
 -16.488  0.2250E+01  0.4893E+00
 -16.478  0.2361E+01  0.5129E+00
 -16.468  0.2474E+01  0.5376E+00
 -16.458  0.2588E+01  0.5635E+00
 -16.448  0.2704E+01  0.5905E+00
 -16.438  0.2819E+01  0.6187E+00
 -16.428  0.2935E+01  0.6481E+00
 -16.418  0.3049E+01  0.6785E+00
 -16.408  0.3161E+01  0.7102E+00
 -16.398  0.3272E+01  0.7429E+00
 -16.388  0.3379E+01  0.7767E+00
 -16.378  0.3482E+01  0.8115E+00
 -16.368  0.3581E+01  0.8473E+00
 -16.358  0.3674E+01  0.8840E+00
 -16.348  0.3762E+01  0.9216E+00
 -16.338  0.3844E+01  0.9601E+00
 -16.328  0.3919E+01  0.9993E+00
 -16.318  0.3986E+01  0.1039E+01
 -16.308  0.4047E+01  0.1080E+01
 -16.298  0.4099E+01  0.1121E+01
 -16.288  0.4143E+01  0.1162E+01
 -16.278  0.4178E+01  0.1204E+01
 -16.268  0.4206E+01  0.1246E+01
 -16.258  0.4225E+01  0.1288E+01
 -16.248  0.4236E+01  0.1330E+01
 -16.238  0.4239E+01  0.1373E+01
 -16.228  0.4234E+01  0.1415E+01
 -16.218  0.4222E+01  0.1457E+01
 -16.208  0.4202E+01  0.1499E+01
 -16.198  0.4177E+01  0.1541E+01
 -16.188  0.4145E+01  0.1583E+01
 -16.178  0.4108E+01  0.1624E+01
 -16.168  0.4067E+01  0.1664E+01
 -16.158  0.4022E+01  0.1705E+01
 -16.148  0.3974E+01  0.1744E+01
 -16.138  0.3923E+01  0.1784E+01
 -16.128  0.3871E+01  0.1822E+01
 -16.118  0.3817E+01  0.1860E+01
 -16.108  0.3764E+01  0.1898E+01
 -16.098  0.3712E+01  0.1935E+01
 -16.088  0.3660E+01  0.1972E+01
 -16.078  0.3611E+01  0.2008E+01
 -16.068  0.3564E+01  0.2044E+01
 -16.058  0.3520E+01  0.2079E+01
 -16.048  0.3480E+01  0.2114E+01
 -16.038  0.3444E+01  0.2148E+01
 -16.028  0.3411E+01  0.2182E+01
 -16.018  0.3383E+01  0.2216E+01
 -16.008  0.3360E+01  0.2250E+01
 -15.998  0.3341E+01  0.2283E+01
 -15.988  0.3327E+01  0.2316E+01
 -15.978  0.3317E+01  0.2349E+01
 -15.968  0.3312E+01  0.2383E+01
 -15.958  0.3310E+01  0.2416E+01
 -15.948  0.3312E+01  0.2449E+01
 -15.938  0.3317E+01  0.2482E+01
 -15.928  0.3325E+01  0.2515E+01
 -15.918  0.3335E+01  0.2549E+01
 -15.908  0.3347E+01  0.2582E+01
 -15.898  0.3360E+01  0.2616E+01
 -15.888  0.3374E+01  0.2649E+01
 -15.878  0.3387E+01  0.2683E+01
 -15.868  0.3401E+01  0.2717E+01
 -15.858  0.3413E+01  0.2751E+01
 -15.848  0.3423E+01  0.2786E+01
 -15.838  0.3431E+01  0.2820E+01
 -15.828  0.3437E+01  0.2854E+01
 -15.818  0.3440E+01  0.2889E+01
 -15.808  0.3439E+01  0.2923E+01
 -15.798  0.3435E+01  0.2957E+01
 -15.788  0.3428E+01  0.2992E+01
 -15.778  0.3416E+01  0.3026E+01
 -15.768  0.3400E+01  0.3060E+01
 -15.758  0.3381E+01  0.3094E+01
 -15.748  0.3358E+01  0.3127E+01
 -15.738  0.3331E+01  0.3161E+01
 -15.728  0.3300E+01  0.3194E+01
 -15.718  0.3267E+01  0.3226E+01
 -15.708  0.3231E+01  0.3259E+01
 -15.698  0.3193E+01  0.3290E+01
 -15.688  0.3154E+01  0.3322E+01
 -15.678  0.3113E+01  0.3353E+01
 -15.668  0.3072E+01  0.3384E+01
 -15.658  0.3030E+01  0.3414E+01
 -15.648  0.2990E+01  0.3444E+01
 -15.638  0.2950E+01  0.3474E+01
 -15.628  0.2913E+01  0.3503E+01
 -15.618  0.2878E+01  0.3531E+01
 -15.608  0.2847E+01  0.3560E+01
 -15.598  0.2819E+01  0.3588E+01
 -15.588  0.2795E+01  0.3616E+01
 -15.578  0.2776E+01  0.3644E+01
 -15.568  0.2762E+01  0.3671E+01
 -15.558  0.2754E+01  0.3699E+01
 -15.548  0.2752E+01  0.3727E+01
 -15.538  0.2755E+01  0.3754E+01
 -15.528  0.2765E+01  0.3782E+01
 -15.518  0.2781E+01  0.3810E+01
 -15.508  0.2803E+01  0.3838E+01
 -15.498  0.2832E+01  0.3866E+01
 -15.488  0.2866E+01  0.3895E+01
 -15.478  0.2906E+01  0.3924E+01
 -15.468  0.2951E+01  0.3953E+01
 -15.458  0.3001E+01  0.3983E+01
 -15.448  0.3056E+01  0.4014E+01
 -15.438  0.3115E+01  0.4045E+01
 -15.428  0.3177E+01  0.4077E+01
 -15.418  0.3241E+01  0.4109E+01
 -15.408  0.3308E+01  0.4142E+01
 -15.398  0.3376E+01  0.4176E+01
 -15.388  0.3444E+01  0.4210E+01
 -15.378  0.3513E+01  0.4245E+01
 -15.368  0.3580E+01  0.4281E+01
 -15.358  0.3646E+01  0.4318E+01
 -15.348  0.3709E+01  0.4355E+01
 -15.338  0.3769E+01  0.4392E+01
 -15.328  0.3825E+01  0.4431E+01
 -15.318  0.3877E+01  0.4469E+01
 -15.308  0.3923E+01  0.4509E+01
 -15.298  0.3964E+01  0.4548E+01
 -15.288  0.3999E+01  0.4588E+01
 -15.278  0.4027E+01  0.4629E+01
 -15.268  0.4049E+01  0.4669E+01
 -15.258  0.4064E+01  0.4710E+01
 -15.248  0.4072E+01  0.4750E+01
 -15.238  0.4072E+01  0.4791E+01
 -15.228  0.4066E+01  0.4832E+01
 -15.218  0.4053E+01  0.4872E+01
 -15.208  0.4033E+01  0.4913E+01
 -15.198  0.4007E+01  0.4953E+01
 -15.188  0.3975E+01  0.4993E+01
 -15.178  0.3938E+01  0.5032E+01
 -15.168  0.3897E+01  0.5071E+01
 -15.158  0.3852E+01  0.5109E+01
 -15.148  0.3804E+01  0.5147E+01
 -15.138  0.3753E+01  0.5185E+01
 -15.128  0.3702E+01  0.5222E+01
 -15.118  0.3651E+01  0.5258E+01
 -15.108  0.3601E+01  0.5294E+01
 -15.098  0.3553E+01  0.5330E+01
 -15.088  0.3509E+01  0.5365E+01
 -15.078  0.3470E+01  0.5400E+01
 -15.068  0.3436E+01  0.5434E+01
 -15.058  0.3410E+01  0.5468E+01
 -15.048  0.3391E+01  0.5502E+01
 -15.038  0.3383E+01  0.5536E+01
 -15.028  0.3385E+01  0.5570E+01
 -15.018  0.3400E+01  0.5604E+01
 -15.008  0.3427E+01  0.5638E+01
 -14.998  0.3469E+01  0.5673E+01
 -14.988  0.3525E+01  0.5708E+01
 -14.978  0.3598E+01  0.5744E+01
 -14.968  0.3687E+01  0.5781E+01
 -14.958  0.3794E+01  0.5819E+01
 -14.948  0.3918E+01  0.5858E+01
 -14.938  0.4061E+01  0.5899E+01
 -14.928  0.4222E+01  0.5941E+01
 -14.918  0.4402E+01  0.5985E+01
 -14.908  0.4601E+01  0.6031E+01
 -14.898  0.4818E+01  0.6079E+01
 -14.888  0.5053E+01  0.6130E+01
 -14.878  0.5306E+01  0.6183E+01
 -14.868  0.5575E+01  0.6238E+01
 -14.858  0.5860E+01  0.6297E+01
 -14.848  0.6160E+01  0.6359E+01
 -14.838  0.6473E+01  0.6423E+01
 -14.828  0.6797E+01  0.6491E+01
 -14.818  0.7132E+01  0.6563E+01
 -14.808  0.7475E+01  0.6637E+01
 -14.798  0.7825E+01  0.6716E+01
 -14.788  0.8179E+01  0.6797E+01
 -14.778  0.8536E+01  0.6883E+01
 -14.768  0.8892E+01  0.6972E+01
 -14.758  0.9246E+01  0.7064E+01
 -14.748  0.9595E+01  0.7160E+01
 -14.738  0.9937E+01  0.7260E+01
 -14.728  0.1027E+02  0.7362E+01
 -14.718  0.1059E+02  0.7468E+01
 -14.708  0.1089E+02  0.7577E+01
 -14.698  0.1118E+02  0.7689E+01
 -14.688  0.1145E+02  0.7803E+01
 -14.678  0.1170E+02  0.7920E+01
 -14.668  0.1192E+02  0.8040E+01
 -14.658  0.1212E+02  0.8161E+01
 -14.648  0.1229E+02  0.8284E+01
 -14.638  0.1243E+02  0.8408E+01
 -14.628  0.1255E+02  0.8533E+01
 -14.618  0.1263E+02  0.8660E+01
 -14.608  0.1268E+02  0.8787E+01
 -14.598  0.1270E+02  0.8914E+01
 -14.588  0.1269E+02  0.9041E+01
 -14.578  0.1264E+02  0.9167E+01
 -14.568  0.1257E+02  0.9293E+01
 -14.558  0.1246E+02  0.9417E+01
 -14.548  0.1232E+02  0.9540E+01
 -14.538  0.1215E+02  0.9662E+01
 -14.528  0.1195E+02  0.9781E+01
 -14.518  0.1173E+02  0.9899E+01
 -14.508  0.1148E+02  0.1001E+02
 -14.498  0.1121E+02  0.1013E+02
 -14.488  0.1091E+02  0.1023E+02
 -14.478  0.1060E+02  0.1034E+02
 -14.468  0.1026E+02  0.1044E+02
 -14.458  0.9916E+01  0.1054E+02
 -14.448  0.9556E+01  0.1064E+02
 -14.438  0.9185E+01  0.1073E+02
 -14.428  0.8805E+01  0.1082E+02
 -14.418  0.8419E+01  0.1090E+02
 -14.408  0.8030E+01  0.1098E+02
 -14.398  0.7638E+01  0.1106E+02
 -14.388  0.7247E+01  0.1113E+02
 -14.378  0.6858E+01  0.1120E+02
 -14.368  0.6473E+01  0.1126E+02
 -14.358  0.6093E+01  0.1133E+02
 -14.348  0.5722E+01  0.1138E+02
 -14.338  0.5358E+01  0.1144E+02
 -14.328  0.5005E+01  0.1149E+02
 -14.318  0.4663E+01  0.1153E+02
 -14.308  0.4333E+01  0.1158E+02
 -14.298  0.4016E+01  0.1162E+02
 -14.288  0.3713E+01  0.1165E+02
 -14.278  0.3423E+01  0.1169E+02
 -14.268  0.3148E+01  0.1172E+02
 -14.258  0.2888E+01  0.1175E+02
 -14.248  0.2642E+01  0.1177E+02
 -14.238  0.2410E+01  0.1180E+02
 -14.228  0.2194E+01  0.1182E+02
 -14.218  0.1991E+01  0.1184E+02
 -14.208  0.1803E+01  0.1186E+02
 -14.198  0.1628E+01  0.1187E+02
 -14.188  0.1466E+01  0.1189E+02
 -14.178  0.1317E+01  0.1190E+02
 -14.168  0.1180E+01  0.1191E+02
 -14.158  0.1055E+01  0.1193E+02
 -14.148  0.9400E+00  0.1193E+02
 -14.138  0.8356E+00  0.1194E+02
 -14.128  0.7409E+00  0.1195E+02
 -14.118  0.6552E+00  0.1196E+02
 -14.108  0.5779E+00  0.1196E+02
 -14.098  0.5084E+00  0.1197E+02
 -14.088  0.4461E+00  0.1197E+02
 -14.078  0.3904E+00  0.1198E+02
 -14.068  0.3408E+00  0.1198E+02
 -14.058  0.2967E+00  0.1198E+02
 -14.048  0.2576E+00  0.1198E+02
 -14.038  0.2231E+00  0.1199E+02
 -14.028  0.1927E+00  0.1199E+02
 -14.018  0.1660E+00  0.1199E+02
 -14.008  0.1427E+00  0.1199E+02
 -13.998  0.1223E+00  0.1199E+02
 -13.988  0.1045E+00  0.1199E+02
 -13.978  0.8911E-01  0.1200E+02
 -13.968  0.7578E-01  0.1200E+02
 -13.958  0.6427E-01  0.1200E+02
 -13.948  0.5436E-01  0.1200E+02
 -13.938  0.4587E-01  0.1200E+02
 -13.928  0.3859E-01  0.1200E+02
 -13.918  0.3239E-01  0.1200E+02
 -13.908  0.2711E-01  0.1200E+02
 -13.898  0.2264E-01  0.1200E+02
 -13.888  0.1885E-01  0.1200E+02
 -13.878  0.1566E-01  0.1200E+02
 -13.868  0.1297E-01  0.1200E+02
 -13.858  0.1071E-01  0.1200E+02
 -13.848  0.8829E-02  0.1200E+02
 -13.838  0.7256E-02  0.1200E+02
 -13.828  0.5948E-02  0.1200E+02
 -13.818  0.4863E-02  0.1200E+02
 -13.808  0.3965E-02  0.1200E+02
 -13.798  0.3225E-02  0.1200E+02
 -13.788  0.2616E-02  0.1200E+02
 -13.778  0.2116E-02  0.1200E+02
 -13.768  0.1708E-02  0.1200E+02
 -13.758  0.1374E-02  0.1200E+02
 -13.748  0.1103E-02  0.1200E+02
 -13.738  0.8832E-03  0.1200E+02
 -13.728  0.7052E-03  0.1200E+02
 -13.718  0.5616E-03  0.1200E+02
 -13.708  0.4461E-03  0.1200E+02
 -13.698  0.3534E-03  0.1200E+02
 -13.688  0.2792E-03  0.1200E+02
 -13.678  0.2201E-03  0.1200E+02
 -13.668  0.1730E-03  0.1200E+02
 -13.658  0.1356E-03  0.1200E+02
 -13.648  0.1060E-03  0.1200E+02
 -13.638  0.8268E-04  0.1200E+02
 -13.628  0.6431E-04  0.1200E+02
 -13.618  0.4988E-04  0.1200E+02
 -13.608  0.3860E-04  0.1200E+02
 -13.598  0.2978E-04  0.1200E+02
 -13.588  0.2292E-04  0.1200E+02
 -13.578  0.1760E-04  0.1200E+02
 -13.568  0.1347E-04  0.1200E+02
 -13.558  0.1029E-04  0.1200E+02
 -13.548  0.7835E-05  0.1200E+02
 -13.538  0.5952E-05  0.1200E+02
 -13.528  0.4509E-05  0.1200E+02
 -13.518  0.3407E-05  0.1200E+02
 -13.508  0.2568E-05  0.1200E+02
 -13.498  0.1930E-05  0.1200E+02
 -13.488  0.1447E-05  0.1200E+02
 -13.478  0.1082E-05  0.1200E+02
 -13.468  0.8068E-06  0.1200E+02
 -13.458  0.6001E-06  0.1200E+02
 -13.448  0.4452E-06  0.1200E+02
 -13.438  0.3294E-06  0.1200E+02
 -13.428  0.2431E-06  0.1200E+02
 -13.418  0.1789E-06  0.1200E+02
 -13.408  0.1313E-06  0.1200E+02
 -13.398  0.9615E-07  0.1200E+02
 -13.388  0.7021E-07  0.1200E+02
 -13.378  0.5113E-07  0.1200E+02
 -13.368  0.3714E-07  0.1200E+02
 -13.358  0.2691E-07  0.1200E+02
 -13.348  0.1944E-07  0.1200E+02
 -13.338  0.1401E-07  0.1200E+02
 -13.328  0.1007E-07  0.1200E+02
 -13.318  0.7220E-08  0.1200E+02
 -13.308  0.5162E-08  0.1200E+02
 -13.298  0.3681E-08  0.1200E+02
 -13.288  0.2618E-08  0.1200E+02
 -13.278  0.1857E-08  0.1200E+02
 -13.268  0.1314E-08  0.1200E+02
 -13.258  0.9272E-09  0.1200E+02
 -13.248  0.6526E-09  0.1200E+02
 -13.238  0.4581E-09  0.1200E+02
 -13.228  0.3207E-09  0.1200E+02
 -13.218  0.2239E-09  0.1200E+02
 -13.208  0.1559E-09  0.1200E+02
 -13.198  0.1083E-09  0.1200E+02
 -13.188  0.7503E-10  0.1200E+02
 -13.178  0.5184E-10  0.1200E+02
 -13.168  0.3572E-10  0.1200E+02
 -13.158  0.2455E-10  0.1200E+02
 -13.148  0.1683E-10  0.1200E+02
 -13.138  0.1151E-10  0.1200E+02
 -13.128  0.7845E-11  0.1200E+02
 -13.118  0.5336E-11  0.1200E+02
 -13.108  0.3619E-11  0.1200E+02
 -13.098  0.2448E-11  0.1200E+02
 -13.088  0.1652E-11  0.1200E+02
 -13.078  0.1112E-11  0.1200E+02
 -13.068  0.7461E-12  0.1200E+02
 -13.058  0.4994E-12  0.1200E+02
 -13.048  0.3334E-12  0.1200E+02
 -13.038  0.2220E-12  0.1200E+02
 -13.028  0.1474E-12  0.1200E+02
 -13.018  0.9766E-13  0.1200E+02
 -13.008  0.6452E-13  0.1200E+02
 -12.998  0.4251E-13  0.1200E+02
 -12.988  0.2793E-13  0.1200E+02
 -12.978  0.1831E-13  0.1200E+02
 -12.968  0.1197E-13  0.1200E+02
 -12.958  0.7802E-14  0.1200E+02
 -12.948  0.5073E-14  0.1200E+02
 -12.938  0.3290E-14  0.1200E+02
 -12.928  0.2128E-14  0.1200E+02
 -12.918  0.1373E-14  0.1200E+02
 -12.908  0.8833E-15  0.1200E+02
 -12.898  0.5668E-15  0.1200E+02
 -12.888  0.3628E-15  0.1200E+02
 -12.878  0.2316E-15  0.1200E+02
 -12.868  0.1474E-15  0.1200E+02
 -12.858  0.9361E-16  0.1200E+02
 -12.848  0.5928E-16  0.1200E+02
 -12.838  0.3744E-16  0.1200E+02
 -12.828  0.2359E-16  0.1200E+02
 -12.818  0.1482E-16  0.1200E+02
 -12.808  0.9285E-17  0.1200E+02
 -12.798  0.5803E-17  0.1200E+02
 -12.788  0.3617E-17  0.1200E+02
 -12.778  0.2249E-17  0.1200E+02
 -12.768  0.1394E-17  0.1200E+02
 -12.758  0.8621E-18  0.1200E+02
 -12.748  0.5317E-18  0.1200E+02
 -12.738  0.3271E-18  0.1200E+02
 -12.728  0.2006E-18  0.1200E+02
 -12.718  0.1228E-18  0.1200E+02
 -12.708  0.7492E-19  0.1200E+02
 -12.698  0.4560E-19  0.1200E+02
 -12.688  0.2768E-19  0.1200E+02
 -12.678  0.1676E-19  0.1200E+02
 -12.668  0.1012E-19  0.1200E+02
 -12.658  0.6094E-20  0.1200E+02
 -12.648  0.3660E-20  0.1200E+02
 -12.638  0.2193E-20  0.1200E+02
 -12.628  0.1310E-20  0.1200E+02
 -12.618  0.7806E-21  0.1200E+02
 -12.608  0.4639E-21  0.1200E+02
 -12.598  0.2750E-21  0.1200E+02
 -12.588  0.1626E-21  0.1200E+02
 -12.578  0.9584E-22  0.1200E+02
 -12.568  0.5636E-22  0.1200E+02
 -12.558  0.3305E-22  0.1200E+02
 -12.548  0.1933E-22  0.1200E+02
 -12.538  0.1128E-22  0.1200E+02
 -12.528  0.6562E-23  0.1200E+02
 -12.518  0.3808E-23  0.1200E+02
 -12.508  0.2204E-23  0.1200E+02
 -12.498  0.1272E-23  0.1200E+02
 -12.488  0.7323E-24  0.1200E+02
 -12.478  0.4204E-24  0.1200E+02
 -12.468  0.2408E-24  0.1200E+02
 -12.458  0.1375E-24  0.1200E+02
 -12.448  0.7832E-25  0.1200E+02
 -12.438  0.4449E-25  0.1200E+02
 -12.428  0.2521E-25  0.1200E+02
 -12.418  0.1425E-25  0.1200E+02
 -12.408  0.8028E-26  0.1200E+02
 -12.398  0.4513E-26  0.1200E+02
 -12.388  0.2530E-26  0.1200E+02
 -12.378  0.1414E-26  0.1200E+02
 -12.368  0.7887E-27  0.1200E+02
 -12.358  0.4387E-27  0.1200E+02
 -12.348  0.2433E-27  0.1200E+02
 -12.338  0.1346E-27  0.1200E+02
 -12.328  0.7426E-28  0.1200E+02
 -12.318  0.4086E-28  0.1200E+02
 -12.308  0.2243E-28  0.1200E+02
 -12.298  0.1227E-28  0.1200E+02
 -12.288  0.6701E-29  0.1200E+02
 -12.278  0.3648E-29  0.1200E+02
 -12.268  0.1981E-29  0.1200E+02
 -12.258  0.1073E-29  0.1200E+02
 -12.248  0.5794E-30  0.1200E+02
 -12.238  0.3121E-30  0.1200E+02
 -12.228  0.1677E-30  0.1200E+02
 -12.218  0.8985E-31  0.1200E+02
 -12.208  0.4802E-31  0.1200E+02
 -12.198  0.2559E-31  0.1200E+02
 -12.188  0.1360E-31  0.1200E+02
 -12.178  0.7212E-32  0.1200E+02
 -12.168  0.3813E-32  0.1200E+02
 -12.158  0.2011E-32  0.1200E+02
 -12.148  0.1057E-32  0.1200E+02
 -12.138  0.5547E-33  0.1200E+02
 -12.128  0.2902E-33  0.1200E+02
 -12.118  0.1514E-33  0.1200E+02
 -12.108  0.7878E-34  0.1200E+02
 -12.098  0.4088E-34  0.1200E+02
 -12.088  0.2116E-34  0.1200E+02
 -12.078  0.1092E-34  0.1200E+02
 -12.068  0.5623E-35  0.1200E+02
 -12.058  0.2887E-35  0.1200E+02
 -12.048  0.1479E-35  0.1200E+02
 -12.038  0.7552E-36  0.1200E+02
 -12.028  0.3847E-36  0.1200E+02
 -12.018  0.1954E-36  0.1200E+02
 -12.008  0.9901E-37  0.1200E+02
 -11.998  0.5003E-37  0.1200E+02
 -11.988  0.2521E-37  0.1200E+02
 -11.978  0.1267E-37  0.1200E+02
 -11.968  0.6353E-38  0.1200E+02
 -11.958  0.3176E-38  0.1200E+02
 -11.948  0.1584E-38  0.1200E+02
 -11.938  0.7875E-39  0.1200E+02
 -11.928  0.3906E-39  0.1200E+02
 -11.918  0.1932E-39  0.1200E+02
 -11.908  0.9530E-40  0.1200E+02
 -11.898  0.4689E-40  0.1200E+02
 -11.888  0.2301E-40  0.1200E+02
 -11.878  0.1126E-40  0.1200E+02
 -11.868  0.5495E-41  0.1200E+02
 -11.858  0.2675E-41  0.1200E+02
 -11.848  0.1299E-41  0.1200E+02
 -11.838  0.6287E-42  0.1200E+02
 -11.828  0.3036E-42  0.1200E+02
 -11.818  0.1462E-42  0.1200E+02
 -11.808  0.7023E-43  0.1200E+02
 -11.798  0.3364E-43  0.1200E+02
 -11.788  0.1607E-43  0.1200E+02
 -11.778  0.7658E-44  0.1200E+02
 -11.768  0.3639E-44  0.1200E+02
 -11.758  0.1725E-44  0.1200E+02
 -11.748  0.8152E-45  0.1200E+02
 -11.738  0.3843E-45  0.1200E+02
 -11.728  0.1807E-45  0.1200E+02
 -11.718  0.8472E-46  0.1200E+02
 -11.708  0.3962E-46  0.1200E+02
 -11.698  0.1848E-46  0.1200E+02
 -11.688  0.8594E-47  0.1200E+02
 -11.678  0.3987E-47  0.1200E+02
 -11.668  0.1845E-47  0.1200E+02
 -11.658  0.8511E-48  0.1200E+02
 -11.648  0.3917E-48  0.1200E+02
 -11.638  0.1798E-48  0.1200E+02
 -11.628  0.8228E-49  0.1200E+02
 -11.618  0.3756E-49  0.1200E+02
 -11.608  0.1710E-49  0.1200E+02
 -11.598  0.7766E-50  0.1200E+02
 -11.588  0.3517E-50  0.1200E+02
 -11.578  0.1588E-50  0.1200E+02
 -11.568  0.7154E-51  0.1200E+02
 -11.558  0.3214E-51  0.1200E+02
 -11.548  0.1440E-51  0.1200E+02
 -11.538  0.6434E-52  0.1200E+02
 -11.528  0.2867E-52  0.1200E+02
 -11.518  0.1274E-52  0.1200E+02
 -11.508  0.5649E-53  0.1200E+02
 -11.498  0.2497E-53  0.1200E+02
 -11.488  0.1101E-53  0.1200E+02
 -11.478  0.4841E-54  0.1200E+02
 -11.468  0.2123E-54  0.1200E+02
 -11.458  0.9284E-55  0.1200E+02
 -11.448  0.4050E-55  0.1200E+02
 -11.438  0.1762E-55  0.1200E+02
 -11.428  0.7643E-56  0.1200E+02
 -11.418  0.3307E-56  0.1200E+02
 -11.408  0.1427E-56  0.1200E+02
 -11.398  0.6142E-57  0.1200E+02
 -11.388  0.2636E-57  0.1200E+02
 -11.378  0.1128E-57  0.1200E+02
 -11.368  0.4818E-58  0.1200E+02
 -11.358  0.2051E-58  0.1200E+02
 -11.348  0.8711E-59  0.1200E+02
 -11.338  0.3689E-59  0.1200E+02
 -11.328  0.1558E-59  0.1200E+02
 -11.318  0.6564E-60  0.1200E+02
 -11.308  0.2757E-60  0.1200E+02
 -11.298  0.1155E-60  0.1200E+02
 -11.288  0.4828E-61  0.1200E+02
 -11.278  0.2012E-61  0.1200E+02
 -11.268  0.8362E-62  0.1200E+02
 -11.258  0.3466E-62  0.1200E+02
 -11.248  0.1433E-62  0.1200E+02
 -11.238  0.5908E-63  0.1200E+02
 -11.228  0.2429E-63  0.1200E+02
 -11.218  0.9962E-64  0.1200E+02
 -11.208  0.4074E-64  0.1200E+02
 -11.198  0.1662E-64  0.1200E+02
 -11.188  0.6760E-65  0.1200E+02
 -11.178  0.2743E-65  0.1200E+02
 -11.168  0.1110E-65  0.1200E+02
 -11.158  0.4478E-66  0.1200E+02
 -11.148  0.1802E-66  0.1200E+02
 -11.138  0.7234E-67  0.1200E+02
 -11.128  0.2896E-67  0.1200E+02
 -11.118  0.1156E-67  0.1200E+02
 -11.108  0.4602E-68  0.1200E+02
 -11.098  0.1828E-68  0.1200E+02
 -11.088  0.7237E-69  0.1200E+02
 -11.078  0.2858E-69  0.1200E+02
 -11.068  0.1126E-69  0.1200E+02
 -11.058  0.4423E-70  0.1200E+02
 -11.048  0.1733E-70  0.1200E+02
 -11.038  0.6771E-71  0.1200E+02
 -11.028  0.2638E-71  0.1200E+02
 -11.018  0.1025E-71  0.1200E+02
 -11.008  0.3974E-72  0.1200E+02
 -10.998  0.1536E-72  0.1200E+02
 -10.988  0.5923E-73  0.1200E+02
 -10.978  0.2277E-73  0.1200E+02
 -10.968  0.8732E-74  0.1200E+02
 -10.958  0.3339E-74  0.1200E+02
 -10.948  0.1274E-74  0.1200E+02
 -10.938  0.4844E-75  0.1200E+02
 -10.928  0.1838E-75  0.1200E+02
 -10.918  0.6952E-76  0.1200E+02
 -10.908  0.2623E-76  0.1200E+02
 -10.898  0.9871E-77  0.1200E+02
 -10.888  0.3704E-77  0.1200E+02
 -10.878  0.1386E-77  0.1200E+02
 -10.868  0.5175E-78  0.1200E+02
 -10.858  0.1927E-78  0.1200E+02
 -10.848  0.7153E-79  0.1200E+02
 -10.838  0.2649E-79  0.1200E+02
 -10.828  0.9781E-80  0.1200E+02
 -10.818  0.3602E-80  0.1200E+02
 -10.808  0.1323E-80  0.1200E+02
 -10.798  0.4848E-81  0.1200E+02
 -10.788  0.1772E-81  0.1200E+02
 -10.778  0.6464E-82  0.1200E+02
 -10.768  0.2357E-82  0.1200E+02
 -10.758  0.8619E-83  0.1200E+02
 -10.748  0.3196E-83  0.1200E+02
 -10.738  0.1234E-83  0.1200E+02
 -10.728  0.5273E-84  0.1200E+02
 -10.718  0.2747E-84  0.1200E+02
 -10.708  0.1853E-84  0.1200E+02
 -10.698  0.1533E-84  0.1200E+02
 -10.688  0.1426E-84  0.1200E+02
 -10.678  0.1390E-84  0.1200E+02
 -10.668  0.1377E-84  0.1200E+02
 -10.658  0.1377E-84  0.1200E+02
 -10.648  0.1377E-84  0.1200E+02
 -10.638  0.1377E-84  0.1200E+02
 -10.628  0.1378E-84  0.1200E+02
 -10.618  0.1393E-84  0.1200E+02
 -10.608  0.1434E-84  0.1200E+02
 -10.598  0.1551E-84  0.1200E+02
 -10.588  0.1876E-84  0.1200E+02
 -10.578  0.2784E-84  0.1200E+02
 -10.568  0.5307E-84  0.1200E+02
 -10.558  0.1230E-83  0.1200E+02
 -10.548  0.3166E-83  0.1200E+02
 -10.538  0.8504E-83  0.1200E+02
 -10.528  0.2319E-82  0.1200E+02
 -10.518  0.6348E-82  0.1200E+02
 -10.508  0.1737E-81  0.1200E+02
 -10.498  0.4745E-81  0.1200E+02
 -10.488  0.1293E-80  0.1200E+02
 -10.478  0.3514E-80  0.1200E+02
 -10.468  0.9526E-80  0.1200E+02
 -10.458  0.2575E-79  0.1200E+02
 -10.448  0.6943E-79  0.1200E+02
 -10.438  0.1867E-78  0.1200E+02
 -10.428  0.5007E-78  0.1200E+02
 -10.418  0.1339E-77  0.1200E+02
 -10.408  0.3572E-77  0.1200E+02
 -10.398  0.9500E-77  0.1200E+02
 -10.388  0.2520E-76  0.1200E+02
 -10.378  0.6668E-76  0.1200E+02
 -10.368  0.1759E-75  0.1200E+02
 -10.358  0.4630E-75  0.1200E+02
 -10.348  0.1215E-74  0.1200E+02
 -10.338  0.3180E-74  0.1200E+02
 -10.328  0.8301E-74  0.1200E+02
 -10.318  0.2161E-73  0.1200E+02
 -10.308  0.5610E-73  0.1200E+02
 -10.298  0.1452E-72  0.1200E+02
 -10.288  0.3750E-72  0.1200E+02
 -10.278  0.9658E-72  0.1200E+02
 -10.268  0.2480E-71  0.1200E+02
 -10.258  0.6353E-71  0.1200E+02
 -10.248  0.1623E-70  0.1200E+02
 -10.238  0.4134E-70  0.1200E+02
 -10.228  0.1050E-69  0.1200E+02
 -10.218  0.2661E-69  0.1200E+02
 -10.208  0.6725E-69  0.1200E+02
 -10.198  0.1695E-68  0.1200E+02
 -10.188  0.4260E-68  0.1200E+02
 -10.178  0.1068E-67  0.1200E+02
 -10.168  0.2669E-67  0.1200E+02
 -10.158  0.6655E-67  0.1200E+02
 -10.148  0.1655E-66  0.1200E+02
 -10.138  0.4103E-66  0.1200E+02
 -10.128  0.1015E-65  0.1200E+02
 -10.118  0.2502E-65  0.1200E+02
 -10.108  0.6155E-65  0.1200E+02
 -10.098  0.1510E-64  0.1200E+02
 -10.088  0.3693E-64  0.1200E+02
 -10.078  0.9011E-64  0.1200E+02
 -10.068  0.2192E-63  0.1200E+02
 -10.058  0.5320E-63  0.1200E+02
 -10.048  0.1288E-62  0.1200E+02
 -10.038  0.3108E-62  0.1200E+02
 -10.028  0.7480E-62  0.1200E+02
 -10.018  0.1796E-61  0.1200E+02
 -10.008  0.4299E-61  0.1200E+02
  -9.998  0.1026E-60  0.1200E+02
  -9.988  0.2444E-60  0.1200E+02
  -9.978  0.5804E-60  0.1200E+02
  -9.968  0.1375E-59  0.1200E+02
  -9.958  0.3247E-59  0.1200E+02
  -9.948  0.7648E-59  0.1200E+02
  -9.938  0.1797E-58  0.1200E+02
  -9.928  0.4210E-58  0.1200E+02
  -9.918  0.9836E-58  0.1200E+02
  -9.908  0.2292E-57  0.1200E+02
  -9.898  0.5327E-57  0.1200E+02
  -9.888  0.1235E-56  0.1200E+02
  -9.878  0.2854E-56  0.1200E+02
  -9.868  0.6579E-56  0.1200E+02
  -9.858  0.1512E-55  0.1200E+02
  -9.848  0.3468E-55  0.1200E+02
  -9.838  0.7929E-55  0.1200E+02
  -9.828  0.1808E-54  0.1200E+02
  -9.818  0.4113E-54  0.1200E+02
  -9.808  0.9328E-54  0.1200E+02
  -9.798  0.2110E-53  0.1200E+02
  -9.788  0.4760E-53  0.1200E+02
  -9.778  0.1071E-52  0.1200E+02
  -9.768  0.2403E-52  0.1200E+02
  -9.758  0.5378E-52  0.1200E+02
  -9.748  0.1200E-51  0.1200E+02
  -9.738  0.2671E-51  0.1200E+02
  -9.728  0.5929E-51  0.1200E+02
  -9.718  0.1313E-50  0.1200E+02
  -9.708  0.2898E-50  0.1200E+02
  -9.698  0.6380E-50  0.1200E+02
  -9.688  0.1401E-49  0.1200E+02
  -9.678  0.3068E-49  0.1200E+02
  -9.668  0.6701E-49  0.1200E+02
  -9.658  0.1459E-48  0.1200E+02
  -9.648  0.3170E-48  0.1200E+02
  -9.638  0.6868E-48  0.1200E+02
  -9.628  0.1484E-47  0.1200E+02
  -9.618  0.3197E-47  0.1200E+02
  -9.608  0.6871E-47  0.1200E+02
  -9.598  0.1472E-46  0.1200E+02
  -9.588  0.3147E-46  0.1200E+02
  -9.578  0.6708E-46  0.1200E+02
  -9.568  0.1426E-45  0.1200E+02
  -9.558  0.3023E-45  0.1200E+02
  -9.548  0.6393E-45  0.1200E+02
  -9.538  0.1348E-44  0.1200E+02
  -9.528  0.2835E-44  0.1200E+02
  -9.518  0.5945E-44  0.1200E+02
  -9.508  0.1244E-43  0.1200E+02
  -9.498  0.2594E-43  0.1200E+02
  -9.488  0.5397E-43  0.1200E+02
  -9.478  0.1120E-42  0.1200E+02
  -9.468  0.2317E-42  0.1200E+02
  -9.458  0.4781E-42  0.1200E+02
  -9.448  0.9839E-42  0.1200E+02
  -9.438  0.2019E-41  0.1200E+02
  -9.428  0.4134E-41  0.1200E+02
  -9.418  0.8438E-41  0.1200E+02
  -9.408  0.1718E-40  0.1200E+02
  -9.398  0.3488E-40  0.1200E+02
  -9.388  0.7063E-40  0.1200E+02
  -9.378  0.1426E-39  0.1200E+02
  -9.368  0.2873E-39  0.1200E+02
  -9.358  0.5770E-39  0.1200E+02
  -9.348  0.1156E-38  0.1200E+02
  -9.338  0.2309E-38  0.1200E+02
  -9.328  0.4601E-38  0.1200E+02
  -9.318  0.9142E-38  0.1200E+02
  -9.308  0.1812E-37  0.1200E+02
  -9.298  0.3580E-37  0.1200E+02
  -9.288  0.7056E-37  0.1200E+02
  -9.278  0.1387E-36  0.1200E+02
  -9.268  0.2719E-36  0.1200E+02
  -9.258  0.5316E-36  0.1200E+02
  -9.248  0.1037E-35  0.1200E+02
  -9.238  0.2016E-35  0.1200E+02
  -9.228  0.3909E-35  0.1200E+02
  -9.218  0.7560E-35  0.1200E+02
  -9.208  0.1458E-34  0.1200E+02
  -9.198  0.2805E-34  0.1200E+02
  -9.188  0.5381E-34  0.1200E+02
  -9.178  0.1030E-33  0.1200E+02
  -9.168  0.1964E-33  0.1200E+02
  -9.158  0.3738E-33  0.1200E+02
  -9.148  0.7095E-33  0.1200E+02
  -9.138  0.1343E-32  0.1200E+02
  -9.128  0.2535E-32  0.1200E+02
  -9.118  0.4772E-32  0.1200E+02
  -9.108  0.8958E-32  0.1200E+02
  -9.098  0.1677E-31  0.1200E+02
  -9.088  0.3132E-31  0.1200E+02
  -9.078  0.5833E-31  0.1200E+02
  -9.068  0.1083E-30  0.1200E+02
  -9.058  0.2007E-30  0.1200E+02
  -9.048  0.3707E-30  0.1200E+02
  -9.038  0.6829E-30  0.1200E+02
  -9.028  0.1255E-29  0.1200E+02
  -9.018  0.2299E-29  0.1200E+02
  -9.008  0.4201E-29  0.1200E+02
  -8.998  0.7656E-29  0.1200E+02
  -8.988  0.1392E-28  0.1200E+02
  -8.978  0.2522E-28  0.1200E+02
  -8.968  0.4560E-28  0.1200E+02
  -8.958  0.8221E-28  0.1200E+02
  -8.948  0.1478E-27  0.1200E+02
  -8.938  0.2651E-27  0.1200E+02
  -8.928  0.4740E-27  0.1200E+02
  -8.918  0.8454E-27  0.1200E+02
  -8.908  0.1504E-26  0.1200E+02
  -8.898  0.2668E-26  0.1200E+02
  -8.888  0.4719E-26  0.1200E+02
  -8.878  0.8326E-26  0.1200E+02
  -8.868  0.1465E-25  0.1200E+02
  -8.858  0.2571E-25  0.1200E+02
  -8.848  0.4500E-25  0.1200E+02
  -8.838  0.7854E-25  0.1200E+02
  -8.828  0.1367E-24  0.1200E+02
  -8.818  0.2373E-24  0.1200E+02
  -8.808  0.4109E-24  0.1200E+02
  -8.798  0.7094E-24  0.1200E+02
  -8.788  0.1222E-23  0.1200E+02
  -8.778  0.2098E-23  0.1200E+02
  -8.768  0.3593E-23  0.1200E+02
  -8.758  0.6137E-23  0.1200E+02
  -8.748  0.1045E-22  0.1200E+02
  -8.738  0.1776E-22  0.1200E+02
  -8.728  0.3009E-22  0.1200E+02
  -8.718  0.5085E-22  0.1200E+02
  -8.708  0.8569E-22  0.1200E+02
  -8.698  0.1440E-21  0.1200E+02
  -8.688  0.2414E-21  0.1200E+02
  -8.678  0.4035E-21  0.1200E+02
  -8.668  0.6726E-21  0.1200E+02
  -8.658  0.1118E-20  0.1200E+02
  -8.648  0.1854E-20  0.1200E+02
  -8.638  0.3066E-20  0.1200E+02
  -8.628  0.5056E-20  0.1200E+02
  -8.618  0.8316E-20  0.1200E+02
  -8.608  0.1364E-19  0.1200E+02
  -8.598  0.2231E-19  0.1200E+02
  -8.588  0.3640E-19  0.1200E+02
  -8.578  0.5923E-19  0.1200E+02
  -8.568  0.9611E-19  0.1200E+02
  -8.558  0.1555E-18  0.1200E+02
  -8.548  0.2510E-18  0.1200E+02
  -8.538  0.4040E-18  0.1200E+02
  -8.528  0.6485E-18  0.1200E+02
  -8.518  0.1038E-17  0.1200E+02
  -8.508  0.1657E-17  0.1200E+02
  -8.498  0.2639E-17  0.1200E+02
  -8.488  0.4191E-17  0.1200E+02
  -8.478  0.6637E-17  0.1200E+02
  -8.468  0.1048E-16  0.1200E+02
  -8.458  0.1651E-16  0.1200E+02
  -8.448  0.2594E-16  0.1200E+02
  -8.438  0.4063E-16  0.1200E+02
  -8.428  0.6349E-16  0.1200E+02
  -8.418  0.9892E-16  0.1200E+02
  -8.408  0.1537E-15  0.1200E+02
  -8.398  0.2383E-15  0.1200E+02
  -8.388  0.3682E-15  0.1200E+02
  -8.378  0.5676E-15  0.1200E+02
  -8.368  0.8726E-15  0.1200E+02
  -8.358  0.1338E-14  0.1200E+02
  -8.348  0.2046E-14  0.1200E+02
  -8.338  0.3119E-14  0.1200E+02
  -8.328  0.4744E-14  0.1200E+02
  -8.318  0.7195E-14  0.1200E+02
  -8.308  0.1088E-13  0.1200E+02
  -8.298  0.1642E-13  0.1200E+02
  -8.288  0.2470E-13  0.1200E+02
  -8.278  0.3706E-13  0.1200E+02
  -8.268  0.5545E-13  0.1200E+02
  -8.258  0.8275E-13  0.1200E+02
  -8.248  0.1232E-12  0.1200E+02
  -8.238  0.1828E-12  0.1200E+02
  -8.228  0.2706E-12  0.1200E+02
  -8.218  0.3995E-12  0.1200E+02
  -8.208  0.5881E-12  0.1200E+02
  -8.198  0.8635E-12  0.1200E+02
  -8.188  0.1265E-11  0.1200E+02
  -8.178  0.1847E-11  0.1200E+02
  -8.168  0.2690E-11  0.1200E+02
  -8.158  0.3907E-11  0.1200E+02
  -8.148  0.5659E-11  0.1200E+02
  -8.138  0.8176E-11  0.1200E+02
  -8.128  0.1178E-10  0.1200E+02
  -8.118  0.1693E-10  0.1200E+02
  -8.108  0.2426E-10  0.1200E+02
  -8.098  0.3467E-10  0.1200E+02
  -8.088  0.4941E-10  0.1200E+02
  -8.078  0.7024E-10  0.1200E+02
  -8.068  0.9958E-10  0.1200E+02
  -8.058  0.1408E-09  0.1200E+02
  -8.048  0.1985E-09  0.1200E+02
  -8.038  0.2791E-09  0.1200E+02
  -8.028  0.3915E-09  0.1200E+02
  -8.018  0.5475E-09  0.1200E+02
  -8.008  0.7637E-09  0.1200E+02
  -7.998  0.1062E-08  0.1200E+02
  -7.988  0.1474E-08  0.1200E+02
  -7.978  0.2039E-08  0.1200E+02
  -7.968  0.2814E-08  0.1200E+02
  -7.958  0.3873E-08  0.1200E+02
  -7.948  0.5315E-08  0.1200E+02
  -7.938  0.7275E-08  0.1200E+02
  -7.928  0.9930E-08  0.1200E+02
  -7.918  0.1352E-07  0.1200E+02
  -7.908  0.1835E-07  0.1200E+02
  -7.898  0.2485E-07  0.1200E+02
  -7.888  0.3356E-07  0.1200E+02
  -7.878  0.4519E-07  0.1200E+02
  -7.868  0.6070E-07  0.1200E+02
  -7.858  0.8131E-07  0.1200E+02
  -7.848  0.1086E-06  0.1200E+02
  -7.838  0.1447E-06  0.1200E+02
  -7.828  0.1923E-06  0.1200E+02
  -7.818  0.2548E-06  0.1200E+02
  -7.808  0.3367E-06  0.1200E+02
  -7.798  0.4437E-06  0.1200E+02
  -7.788  0.5832E-06  0.1200E+02
  -7.778  0.7645E-06  0.1200E+02
  -7.768  0.9994E-06  0.1200E+02
  -7.758  0.1303E-05  0.1200E+02
  -7.748  0.1694E-05  0.1200E+02
  -7.738  0.2197E-05  0.1200E+02
  -7.728  0.2841E-05  0.1200E+02
  -7.718  0.3665E-05  0.1200E+02
  -7.708  0.4714E-05  0.1200E+02
  -7.698  0.6047E-05  0.1200E+02
  -7.688  0.7737E-05  0.1200E+02
  -7.678  0.9871E-05  0.1200E+02
  -7.668  0.1256E-04  0.1200E+02
  -7.658  0.1594E-04  0.1200E+02
  -7.648  0.2017E-04  0.1200E+02
  -7.638  0.2546E-04  0.1200E+02
  -7.628  0.3205E-04  0.1200E+02
  -7.618  0.4024E-04  0.1200E+02
  -7.608  0.5038E-04  0.1200E+02
  -7.598  0.6291E-04  0.1200E+02
  -7.588  0.7834E-04  0.1200E+02
  -7.578  0.9729E-04  0.1200E+02
  -7.568  0.1205E-03  0.1200E+02
  -7.558  0.1488E-03  0.1200E+02
  -7.548  0.1833E-03  0.1200E+02
  -7.538  0.2253E-03  0.1200E+02
  -7.528  0.2760E-03  0.1200E+02
  -7.518  0.3373E-03  0.1200E+02
  -7.508  0.4110E-03  0.1200E+02
  -7.498  0.4995E-03  0.1200E+02
  -7.488  0.6054E-03  0.1200E+02
  -7.478  0.7319E-03  0.1200E+02
  -7.468  0.8823E-03  0.1200E+02
  -7.458  0.1061E-02  0.1200E+02
  -7.448  0.1272E-02  0.1200E+02
  -7.438  0.1521E-02  0.1200E+02
  -7.428  0.1814E-02  0.1200E+02
  -7.418  0.2157E-02  0.1200E+02
  -7.408  0.2559E-02  0.1200E+02
  -7.398  0.3027E-02  0.1200E+02
  -7.388  0.3572E-02  0.1200E+02
  -7.378  0.4202E-02  0.1200E+02
  -7.368  0.4931E-02  0.1200E+02
  -7.358  0.5771E-02  0.1200E+02
  -7.348  0.6735E-02  0.1200E+02
  -7.338  0.7839E-02  0.1200E+02
  -7.328  0.9100E-02  0.1200E+02
  -7.318  0.1054E-01  0.1200E+02
  -7.308  0.1216E-01  0.1200E+02
  -7.298  0.1401E-01  0.1200E+02
  -7.288  0.1608E-01  0.1200E+02
  -7.278  0.1842E-01  0.1200E+02
  -7.268  0.2104E-01  0.1200E+02
  -7.258  0.2396E-01  0.1200E+02
  -7.248  0.2722E-01  0.1200E+02
  -7.238  0.3084E-01  0.1200E+02
  -7.228  0.3485E-01  0.1200E+02
  -7.218  0.3927E-01  0.1200E+02
  -7.208  0.4413E-01  0.1200E+02
  -7.198  0.4946E-01  0.1200E+02
  -7.188  0.5528E-01  0.1200E+02
  -7.178  0.6162E-01  0.1201E+02
  -7.168  0.6851E-01  0.1201E+02
  -7.158  0.7596E-01  0.1201E+02
  -7.148  0.8399E-01  0.1201E+02
  -7.138  0.9261E-01  0.1201E+02
  -7.128  0.1019E+00  0.1201E+02
  -7.118  0.1117E+00  0.1201E+02
  -7.108  0.1222E+00  0.1201E+02
  -7.098  0.1333E+00  0.1201E+02
  -7.088  0.1450E+00  0.1201E+02
  -7.078  0.1574E+00  0.1202E+02
  -7.068  0.1703E+00  0.1202E+02
  -7.058  0.1838E+00  0.1202E+02
  -7.048  0.1978E+00  0.1202E+02
  -7.038  0.2123E+00  0.1202E+02
  -7.028  0.2272E+00  0.1203E+02
  -7.018  0.2426E+00  0.1203E+02
  -7.008  0.2583E+00  0.1203E+02
  -6.998  0.2743E+00  0.1203E+02
  -6.988  0.2904E+00  0.1204E+02
  -6.978  0.3067E+00  0.1204E+02
  -6.968  0.3231E+00  0.1204E+02
  -6.958  0.3394E+00  0.1205E+02
  -6.948  0.3555E+00  0.1205E+02
  -6.938  0.3714E+00  0.1205E+02
  -6.928  0.3870E+00  0.1206E+02
  -6.918  0.4021E+00  0.1206E+02
  -6.908  0.4167E+00  0.1207E+02
  -6.898  0.4307E+00  0.1207E+02
  -6.888  0.4440E+00  0.1207E+02
  -6.878  0.4564E+00  0.1208E+02
  -6.868  0.4679E+00  0.1208E+02
  -6.858  0.4784E+00  0.1209E+02
  -6.848  0.4878E+00  0.1209E+02
  -6.838  0.4960E+00  0.1210E+02
  -6.828  0.5030E+00  0.1210E+02
  -6.818  0.5088E+00  0.1211E+02
  -6.808  0.5132E+00  0.1211E+02
  -6.798  0.5163E+00  0.1212E+02
  -6.788  0.5180E+00  0.1212E+02
  -6.778  0.5183E+00  0.1213E+02
  -6.768  0.5172E+00  0.1213E+02
  -6.758  0.5147E+00  0.1214E+02
  -6.748  0.5108E+00  0.1214E+02
  -6.738  0.5056E+00  0.1215E+02
  -6.728  0.4991E+00  0.1215E+02
  -6.718  0.4914E+00  0.1216E+02
  -6.708  0.4825E+00  0.1216E+02
  -6.698  0.4725E+00  0.1217E+02
  -6.688  0.4614E+00  0.1217E+02
  -6.678  0.4494E+00  0.1218E+02
  -6.668  0.4365E+00  0.1218E+02
  -6.658  0.4229E+00  0.1219E+02
  -6.648  0.4085E+00  0.1219E+02
  -6.638  0.3937E+00  0.1219E+02
  -6.628  0.3783E+00  0.1220E+02
  -6.618  0.3626E+00  0.1220E+02
  -6.608  0.3466E+00  0.1221E+02
  -6.598  0.3305E+00  0.1221E+02
  -6.588  0.3143E+00  0.1221E+02
  -6.578  0.2982E+00  0.1222E+02
  -6.568  0.2821E+00  0.1222E+02
  -6.558  0.2663E+00  0.1222E+02
  -6.548  0.2508E+00  0.1222E+02
  -6.538  0.2356E+00  0.1223E+02
  -6.528  0.2209E+00  0.1223E+02
  -6.518  0.2067E+00  0.1223E+02
  -6.508  0.1931E+00  0.1223E+02
  -6.498  0.1801E+00  0.1223E+02
  -6.488  0.1678E+00  0.1224E+02
  -6.478  0.1562E+00  0.1224E+02
  -6.468  0.1454E+00  0.1224E+02
  -6.458  0.1354E+00  0.1224E+02
  -6.448  0.1262E+00  0.1224E+02
  -6.438  0.1180E+00  0.1224E+02
  -6.428  0.1107E+00  0.1224E+02
  -6.418  0.1043E+00  0.1224E+02
  -6.408  0.9899E-01  0.1225E+02
  -6.398  0.9470E-01  0.1225E+02
  -6.388  0.9151E-01  0.1225E+02
  -6.378  0.8944E-01  0.1225E+02
  -6.368  0.8857E-01  0.1225E+02
  -6.358  0.8893E-01  0.1225E+02
  -6.348  0.9060E-01  0.1225E+02
  -6.338  0.9364E-01  0.1225E+02
  -6.328  0.9812E-01  0.1225E+02
  -6.318  0.1041E+00  0.1225E+02
  -6.308  0.1117E+00  0.1225E+02
  -6.298  0.1211E+00  0.1226E+02
  -6.288  0.1322E+00  0.1226E+02
  -6.278  0.1453E+00  0.1226E+02
  -6.268  0.1604E+00  0.1226E+02
  -6.258  0.1776E+00  0.1226E+02
  -6.248  0.1972E+00  0.1226E+02
  -6.238  0.2192E+00  0.1227E+02
  -6.228  0.2438E+00  0.1227E+02
  -6.218  0.2711E+00  0.1227E+02
  -6.208  0.3013E+00  0.1227E+02
  -6.198  0.3345E+00  0.1228E+02
  -6.188  0.3708E+00  0.1228E+02
  -6.178  0.4105E+00  0.1229E+02
  -6.168  0.4535E+00  0.1229E+02
  -6.158  0.5002E+00  0.1229E+02
  -6.148  0.5505E+00  0.1230E+02
  -6.138  0.6047E+00  0.1231E+02
  -6.128  0.6627E+00  0.1231E+02
  -6.118  0.7247E+00  0.1232E+02
  -6.108  0.7907E+00  0.1233E+02
  -6.098  0.8607E+00  0.1234E+02
  -6.088  0.9349E+00  0.1235E+02
  -6.078  0.1013E+01  0.1236E+02
  -6.068  0.1095E+01  0.1237E+02
  -6.058  0.1181E+01  0.1238E+02
  -6.048  0.1271E+01  0.1239E+02
  -6.038  0.1364E+01  0.1241E+02
  -6.028  0.1461E+01  0.1242E+02
  -6.018  0.1562E+01  0.1244E+02
  -6.008  0.1665E+01  0.1245E+02
  -5.998  0.1770E+01  0.1247E+02
  -5.988  0.1879E+01  0.1249E+02
  -5.978  0.1989E+01  0.1251E+02
  -5.968  0.2100E+01  0.1253E+02
  -5.958  0.2213E+01  0.1255E+02
  -5.948  0.2327E+01  0.1258E+02
  -5.938  0.2440E+01  0.1260E+02
  -5.928  0.2553E+01  0.1263E+02
  -5.918  0.2665E+01  0.1265E+02
  -5.908  0.2776E+01  0.1268E+02
  -5.898  0.2885E+01  0.1271E+02
  -5.888  0.2991E+01  0.1274E+02
  -5.878  0.3093E+01  0.1277E+02
  -5.868  0.3192E+01  0.1280E+02
  -5.858  0.3286E+01  0.1283E+02
  -5.848  0.3375E+01  0.1287E+02
  -5.838  0.3459E+01  0.1290E+02
  -5.828  0.3536E+01  0.1294E+02
  -5.818  0.3607E+01  0.1297E+02
  -5.808  0.3670E+01  0.1301E+02
  -5.798  0.3726E+01  0.1305E+02
  -5.788  0.3774E+01  0.1309E+02
  -5.778  0.3814E+01  0.1312E+02
  -5.768  0.3845E+01  0.1316E+02
  -5.758  0.3867E+01  0.1320E+02
  -5.748  0.3880E+01  0.1324E+02
  -5.738  0.3884E+01  0.1328E+02
  -5.728  0.3880E+01  0.1332E+02
  -5.718  0.3865E+01  0.1336E+02
  -5.708  0.3842E+01  0.1339E+02
  -5.698  0.3810E+01  0.1343E+02
  -5.688  0.3770E+01  0.1347E+02
  -5.678  0.3721E+01  0.1351E+02
  -5.668  0.3664E+01  0.1354E+02
  -5.658  0.3599E+01  0.1358E+02
  -5.648  0.3527E+01  0.1362E+02
  -5.638  0.3448E+01  0.1365E+02
  -5.628  0.3363E+01  0.1368E+02
  -5.618  0.3272E+01  0.1372E+02
  -5.608  0.3176E+01  0.1375E+02
  -5.598  0.3075E+01  0.1378E+02
  -5.588  0.2970E+01  0.1381E+02
  -5.578  0.2862E+01  0.1384E+02
  -5.568  0.2751E+01  0.1386E+02
  -5.558  0.2638E+01  0.1389E+02
  -5.548  0.2524E+01  0.1392E+02
  -5.538  0.2409E+01  0.1394E+02
  -5.528  0.2293E+01  0.1396E+02
  -5.518  0.2178E+01  0.1398E+02
  -5.508  0.2064E+01  0.1401E+02
  -5.498  0.1951E+01  0.1402E+02
  -5.488  0.1840E+01  0.1404E+02
  -5.478  0.1731E+01  0.1406E+02
  -5.468  0.1625E+01  0.1408E+02
  -5.458  0.1522E+01  0.1409E+02
  -5.448  0.1422E+01  0.1411E+02
  -5.438  0.1326E+01  0.1412E+02
  -5.428  0.1234E+01  0.1413E+02
  -5.418  0.1147E+01  0.1414E+02
  -5.408  0.1064E+01  0.1415E+02
  -5.398  0.9849E+00  0.1416E+02
  -5.388  0.9109E+00  0.1417E+02
  -5.378  0.8416E+00  0.1418E+02
  -5.368  0.7773E+00  0.1419E+02
  -5.358  0.7179E+00  0.1420E+02
  -5.348  0.6634E+00  0.1420E+02
  -5.338  0.6138E+00  0.1421E+02
  -5.328  0.5692E+00  0.1421E+02
  -5.318  0.5295E+00  0.1422E+02
  -5.308  0.4946E+00  0.1422E+02
  -5.298  0.4647E+00  0.1423E+02
  -5.288  0.4395E+00  0.1423E+02
  -5.278  0.4191E+00  0.1424E+02
  -5.268  0.4035E+00  0.1424E+02
  -5.258  0.3925E+00  0.1425E+02
  -5.248  0.3861E+00  0.1425E+02
  -5.238  0.3844E+00  0.1425E+02
  -5.228  0.3871E+00  0.1426E+02
  -5.218  0.3945E+00  0.1426E+02
  -5.208  0.4063E+00  0.1427E+02
  -5.198  0.4225E+00  0.1427E+02
  -5.188  0.4432E+00  0.1427E+02
  -5.178  0.4683E+00  0.1428E+02
  -5.168  0.4977E+00  0.1428E+02
  -5.158  0.5315E+00  0.1429E+02
  -5.148  0.5696E+00  0.1430E+02
  -5.138  0.6119E+00  0.1430E+02
  -5.128  0.6584E+00  0.1431E+02
  -5.118  0.7090E+00  0.1431E+02
  -5.108  0.7636E+00  0.1432E+02
  -5.098  0.8222E+00  0.1433E+02
  -5.088  0.8845E+00  0.1434E+02
  -5.078  0.9505E+00  0.1435E+02
  -5.068  0.1020E+01  0.1436E+02
  -5.058  0.1093E+01  0.1437E+02
  -5.048  0.1169E+01  0.1438E+02
  -5.038  0.1247E+01  0.1439E+02
  -5.028  0.1328E+01  0.1441E+02
  -5.018  0.1412E+01  0.1442E+02
  -5.008  0.1497E+01  0.1444E+02
  -4.998  0.1584E+01  0.1445E+02
  -4.988  0.1672E+01  0.1447E+02
  -4.978  0.1761E+01  0.1449E+02
  -4.968  0.1850E+01  0.1451E+02
  -4.958  0.1939E+01  0.1452E+02
  -4.948  0.2027E+01  0.1455E+02
  -4.938  0.2114E+01  0.1457E+02
  -4.928  0.2200E+01  0.1459E+02
  -4.918  0.2283E+01  0.1461E+02
  -4.908  0.2364E+01  0.1463E+02
  -4.898  0.2442E+01  0.1466E+02
  -4.888  0.2516E+01  0.1468E+02
  -4.878  0.2586E+01  0.1471E+02
  -4.868  0.2651E+01  0.1474E+02
  -4.858  0.2712E+01  0.1476E+02
  -4.848  0.2766E+01  0.1479E+02
  -4.838  0.2816E+01  0.1482E+02
  -4.828  0.2858E+01  0.1485E+02
  -4.818  0.2895E+01  0.1488E+02
  -4.808  0.2925E+01  0.1491E+02
  -4.798  0.2948E+01  0.1494E+02
  -4.788  0.2963E+01  0.1497E+02
  -4.778  0.2972E+01  0.1500E+02
  -4.768  0.2973E+01  0.1502E+02
  -4.758  0.2967E+01  0.1505E+02
  -4.748  0.2953E+01  0.1508E+02
  -4.738  0.2933E+01  0.1511E+02
  -4.728  0.2905E+01  0.1514E+02
  -4.718  0.2871E+01  0.1517E+02
  -4.708  0.2830E+01  0.1520E+02
  -4.698  0.2783E+01  0.1523E+02
  -4.688  0.2730E+01  0.1525E+02
  -4.678  0.2671E+01  0.1528E+02
  -4.668  0.2607E+01  0.1531E+02
  -4.658  0.2539E+01  0.1533E+02
  -4.648  0.2466E+01  0.1536E+02
  -4.638  0.2389E+01  0.1538E+02
  -4.628  0.2309E+01  0.1540E+02
  -4.618  0.2227E+01  0.1543E+02
  -4.608  0.2142E+01  0.1545E+02
  -4.598  0.2055E+01  0.1547E+02
  -4.588  0.1967E+01  0.1549E+02
  -4.578  0.1878E+01  0.1551E+02
  -4.568  0.1789E+01  0.1553E+02
  -4.558  0.1699E+01  0.1554E+02
  -4.548  0.1611E+01  0.1556E+02
  -4.538  0.1523E+01  0.1557E+02
  -4.528  0.1437E+01  0.1559E+02
  -4.518  0.1352E+01  0.1560E+02
  -4.508  0.1270E+01  0.1561E+02
  -4.498  0.1190E+01  0.1563E+02
  -4.488  0.1112E+01  0.1564E+02
  -4.478  0.1038E+01  0.1565E+02
  -4.468  0.9660E+00  0.1566E+02
  -4.458  0.8977E+00  0.1567E+02
  -4.448  0.8327E+00  0.1567E+02
  -4.438  0.7713E+00  0.1568E+02
  -4.428  0.7136E+00  0.1569E+02
  -4.418  0.6595E+00  0.1570E+02
  -4.408  0.6093E+00  0.1570E+02
  -4.398  0.5628E+00  0.1571E+02
  -4.388  0.5202E+00  0.1571E+02
  -4.378  0.4815E+00  0.1572E+02
  -4.368  0.4466E+00  0.1572E+02
  -4.358  0.4155E+00  0.1573E+02
  -4.348  0.3883E+00  0.1573E+02
  -4.338  0.3648E+00  0.1573E+02
  -4.328  0.3452E+00  0.1574E+02
  -4.318  0.3292E+00  0.1574E+02
  -4.308  0.3170E+00  0.1574E+02
  -4.298  0.3085E+00  0.1575E+02
  -4.288  0.3036E+00  0.1575E+02
  -4.278  0.3024E+00  0.1575E+02
  -4.268  0.3048E+00  0.1576E+02
  -4.258  0.3107E+00  0.1576E+02
  -4.248  0.3203E+00  0.1576E+02
  -4.238  0.3334E+00  0.1577E+02
  -4.228  0.3501E+00  0.1577E+02
  -4.218  0.3703E+00  0.1577E+02
  -4.208  0.3940E+00  0.1578E+02
  -4.198  0.4212E+00  0.1578E+02
  -4.188  0.4519E+00  0.1579E+02
  -4.178  0.4860E+00  0.1579E+02
  -4.168  0.5236E+00  0.1580E+02
  -4.158  0.5645E+00  0.1580E+02
  -4.148  0.6088E+00  0.1581E+02
  -4.138  0.6563E+00  0.1581E+02
  -4.128  0.7069E+00  0.1582E+02
  -4.118  0.7606E+00  0.1583E+02
  -4.108  0.8172E+00  0.1584E+02
  -4.098  0.8765E+00  0.1585E+02
  -4.088  0.9385E+00  0.1585E+02
  -4.078  0.1003E+01  0.1586E+02
  -4.068  0.1070E+01  0.1588E+02
  -4.058  0.1138E+01  0.1589E+02
  -4.048  0.1209E+01  0.1590E+02
  -4.038  0.1280E+01  0.1591E+02
  -4.028  0.1353E+01  0.1593E+02
  -4.018  0.1427E+01  0.1594E+02
  -4.008  0.1501E+01  0.1595E+02
  -3.998  0.1576E+01  0.1597E+02
  -3.988  0.1650E+01  0.1599E+02
  -3.978  0.1724E+01  0.1600E+02
  -3.968  0.1797E+01  0.1602E+02
  -3.958  0.1868E+01  0.1604E+02
  -3.948  0.1938E+01  0.1606E+02
  -3.938  0.2005E+01  0.1608E+02
  -3.928  0.2071E+01  0.1610E+02
  -3.918  0.2133E+01  0.1612E+02
  -3.908  0.2192E+01  0.1614E+02
  -3.898  0.2248E+01  0.1617E+02
  -3.888  0.2300E+01  0.1619E+02
  -3.878  0.2349E+01  0.1621E+02
  -3.868  0.2392E+01  0.1624E+02
  -3.858  0.2432E+01  0.1626E+02
  -3.848  0.2467E+01  0.1629E+02
  -3.838  0.2497E+01  0.1631E+02
  -3.828  0.2523E+01  0.1634E+02
  -3.818  0.2544E+01  0.1636E+02
  -3.808  0.2560E+01  0.1639E+02
  -3.798  0.2571E+01  0.1641E+02
  -3.788  0.2578E+01  0.1644E+02
  -3.778  0.2580E+01  0.1646E+02
  -3.768  0.2578E+01  0.1649E+02
  -3.758  0.2572E+01  0.1652E+02
  -3.748  0.2562E+01  0.1654E+02
  -3.738  0.2549E+01  0.1657E+02
  -3.728  0.2533E+01  0.1659E+02
  -3.718  0.2514E+01  0.1662E+02
  -3.708  0.2492E+01  0.1664E+02
  -3.698  0.2468E+01  0.1667E+02
  -3.688  0.2443E+01  0.1669E+02
  -3.678  0.2417E+01  0.1672E+02
  -3.668  0.2389E+01  0.1674E+02
  -3.658  0.2361E+01  0.1676E+02
  -3.648  0.2334E+01  0.1679E+02
  -3.638  0.2306E+01  0.1681E+02
  -3.628  0.2279E+01  0.1683E+02
  -3.618  0.2254E+01  0.1685E+02
  -3.608  0.2229E+01  0.1688E+02
  -3.598  0.2206E+01  0.1690E+02
  -3.588  0.2185E+01  0.1692E+02
  -3.578  0.2167E+01  0.1694E+02
  -3.568  0.2150E+01  0.1696E+02
  -3.558  0.2136E+01  0.1699E+02
  -3.548  0.2125E+01  0.1701E+02
  -3.538  0.2116E+01  0.1703E+02
  -3.528  0.2110E+01  0.1705E+02
  -3.518  0.2106E+01  0.1707E+02
  -3.508  0.2106E+01  0.1709E+02
  -3.498  0.2108E+01  0.1711E+02
  -3.488  0.2113E+01  0.1713E+02
  -3.478  0.2121E+01  0.1715E+02
  -3.468  0.2132E+01  0.1718E+02
  -3.458  0.2145E+01  0.1720E+02
  -3.448  0.2161E+01  0.1722E+02
  -3.438  0.2179E+01  0.1724E+02
  -3.428  0.2199E+01  0.1726E+02
  -3.418  0.2222E+01  0.1729E+02
  -3.408  0.2248E+01  0.1731E+02
  -3.398  0.2275E+01  0.1733E+02
  -3.388  0.2305E+01  0.1735E+02
  -3.378  0.2338E+01  0.1738E+02
  -3.368  0.2373E+01  0.1740E+02
  -3.358  0.2410E+01  0.1742E+02
  -3.348  0.2450E+01  0.1745E+02
  -3.338  0.2493E+01  0.1747E+02
  -3.328  0.2538E+01  0.1750E+02
  -3.318  0.2587E+01  0.1753E+02
  -3.308  0.2639E+01  0.1755E+02
  -3.298  0.2695E+01  0.1758E+02
  -3.288  0.2754E+01  0.1761E+02
  -3.278  0.2817E+01  0.1763E+02
  -3.268  0.2884E+01  0.1766E+02
  -3.258  0.2956E+01  0.1769E+02
  -3.248  0.3032E+01  0.1772E+02
  -3.238  0.3112E+01  0.1775E+02
  -3.228  0.3198E+01  0.1779E+02
  -3.218  0.3289E+01  0.1782E+02
  -3.208  0.3385E+01  0.1785E+02
  -3.198  0.3486E+01  0.1789E+02
  -3.188  0.3592E+01  0.1792E+02
  -3.178  0.3704E+01  0.1796E+02
  -3.168  0.3821E+01  0.1800E+02
  -3.158  0.3943E+01  0.1804E+02
  -3.148  0.4070E+01  0.1808E+02
  -3.138  0.4201E+01  0.1812E+02
  -3.128  0.4337E+01  0.1816E+02
  -3.118  0.4477E+01  0.1821E+02
  -3.108  0.4620E+01  0.1826E+02
  -3.098  0.4766E+01  0.1830E+02
  -3.088  0.4915E+01  0.1835E+02
  -3.078  0.5066E+01  0.1840E+02
  -3.068  0.5218E+01  0.1846E+02
  -3.058  0.5370E+01  0.1851E+02
  -3.048  0.5523E+01  0.1856E+02
  -3.038  0.5674E+01  0.1862E+02
  -3.028  0.5824E+01  0.1868E+02
  -3.018  0.5971E+01  0.1874E+02
  -3.008  0.6115E+01  0.1880E+02
  -2.998  0.6255E+01  0.1886E+02
  -2.988  0.6390E+01  0.1893E+02
  -2.978  0.6519E+01  0.1899E+02
  -2.968  0.6642E+01  0.1906E+02
  -2.958  0.6758E+01  0.1913E+02
  -2.948  0.6866E+01  0.1919E+02
  -2.938  0.6967E+01  0.1926E+02
  -2.928  0.7058E+01  0.1933E+02
  -2.918  0.7140E+01  0.1941E+02
  -2.908  0.7212E+01  0.1948E+02
  -2.898  0.7274E+01  0.1955E+02
  -2.888  0.7326E+01  0.1962E+02
  -2.878  0.7368E+01  0.1970E+02
  -2.868  0.7400E+01  0.1977E+02
  -2.858  0.7420E+01  0.1985E+02
  -2.848  0.7431E+01  0.1992E+02
  -2.838  0.7431E+01  0.1999E+02
  -2.828  0.7422E+01  0.2007E+02
  -2.818  0.7403E+01  0.2014E+02
  -2.808  0.7375E+01  0.2022E+02
  -2.798  0.7338E+01  0.2029E+02
  -2.788  0.7292E+01  0.2036E+02
  -2.778  0.7239E+01  0.2044E+02
  -2.768  0.7179E+01  0.2051E+02
  -2.758  0.7112E+01  0.2058E+02
  -2.748  0.7040E+01  0.2065E+02
  -2.738  0.6962E+01  0.2072E+02
  -2.728  0.6879E+01  0.2079E+02
  -2.718  0.6792E+01  0.2085E+02
  -2.708  0.6702E+01  0.2092E+02
  -2.698  0.6609E+01  0.2099E+02
  -2.688  0.6514E+01  0.2105E+02
  -2.678  0.6417E+01  0.2112E+02
  -2.668  0.6319E+01  0.2118E+02
  -2.658  0.6220E+01  0.2124E+02
  -2.648  0.6121E+01  0.2130E+02
  -2.638  0.6022E+01  0.2136E+02
  -2.628  0.5924E+01  0.2142E+02
  -2.618  0.5826E+01  0.2148E+02
  -2.608  0.5730E+01  0.2154E+02
  -2.598  0.5634E+01  0.2160E+02
  -2.588  0.5540E+01  0.2165E+02
  -2.578  0.5448E+01  0.2170E+02
  -2.568  0.5357E+01  0.2176E+02
  -2.558  0.5268E+01  0.2181E+02
  -2.548  0.5181E+01  0.2186E+02
  -2.538  0.5096E+01  0.2191E+02
  -2.528  0.5012E+01  0.2196E+02
  -2.518  0.4930E+01  0.2201E+02
  -2.508  0.4851E+01  0.2206E+02
  -2.498  0.4772E+01  0.2211E+02
  -2.488  0.4696E+01  0.2216E+02
  -2.478  0.4621E+01  0.2220E+02
  -2.468  0.4548E+01  0.2225E+02
  -2.458  0.4476E+01  0.2229E+02
  -2.448  0.4406E+01  0.2234E+02
  -2.438  0.4338E+01  0.2238E+02
  -2.428  0.4271E+01  0.2242E+02
  -2.418  0.4206E+01  0.2247E+02
  -2.408  0.4142E+01  0.2251E+02
  -2.398  0.4080E+01  0.2255E+02
  -2.388  0.4019E+01  0.2259E+02
  -2.378  0.3960E+01  0.2263E+02
  -2.368  0.3902E+01  0.2267E+02
  -2.358  0.3845E+01  0.2270E+02
  -2.348  0.3790E+01  0.2274E+02
  -2.338  0.3737E+01  0.2278E+02
  -2.328  0.3684E+01  0.2282E+02
  -2.318  0.3633E+01  0.2285E+02
  -2.308  0.3583E+01  0.2289E+02
  -2.298  0.3534E+01  0.2292E+02
  -2.288  0.3486E+01  0.2296E+02
  -2.278  0.3439E+01  0.2299E+02
  -2.268  0.3392E+01  0.2303E+02
  -2.258  0.3346E+01  0.2306E+02
  -2.248  0.3301E+01  0.2309E+02
  -2.238  0.3255E+01  0.2313E+02
  -2.228  0.3209E+01  0.2316E+02
  -2.218  0.3164E+01  0.2319E+02
  -2.208  0.3117E+01  0.2322E+02
  -2.198  0.3070E+01  0.2325E+02
  -2.188  0.3023E+01  0.2328E+02
  -2.178  0.2974E+01  0.2331E+02
  -2.168  0.2924E+01  0.2334E+02
  -2.158  0.2872E+01  0.2337E+02
  -2.148  0.2819E+01  0.2340E+02
  -2.138  0.2765E+01  0.2343E+02
  -2.128  0.2708E+01  0.2345E+02
  -2.118  0.2650E+01  0.2348E+02
  -2.108  0.2590E+01  0.2351E+02
  -2.098  0.2528E+01  0.2353E+02
  -2.088  0.2464E+01  0.2356E+02
  -2.078  0.2398E+01  0.2358E+02
  -2.068  0.2330E+01  0.2360E+02
  -2.058  0.2261E+01  0.2363E+02
  -2.048  0.2189E+01  0.2365E+02
  -2.038  0.2117E+01  0.2367E+02
  -2.028  0.2043E+01  0.2369E+02
  -2.018  0.1968E+01  0.2371E+02
  -2.008  0.1891E+01  0.2373E+02
  -1.998  0.1815E+01  0.2375E+02
  -1.988  0.1738E+01  0.2376E+02
  -1.978  0.1660E+01  0.2378E+02
  -1.968  0.1583E+01  0.2380E+02
  -1.958  0.1506E+01  0.2381E+02
  -1.948  0.1429E+01  0.2382E+02
  -1.938  0.1354E+01  0.2384E+02
  -1.928  0.1279E+01  0.2385E+02
  -1.918  0.1206E+01  0.2386E+02
  -1.908  0.1134E+01  0.2387E+02
  -1.898  0.1064E+01  0.2388E+02
  -1.888  0.9963E+00  0.2389E+02
  -1.878  0.9303E+00  0.2390E+02
  -1.868  0.8666E+00  0.2391E+02
  -1.858  0.8053E+00  0.2392E+02
  -1.848  0.7465E+00  0.2393E+02
  -1.838  0.6902E+00  0.2394E+02
  -1.828  0.6366E+00  0.2394E+02
  -1.818  0.5856E+00  0.2395E+02
  -1.808  0.5374E+00  0.2395E+02
  -1.798  0.4919E+00  0.2396E+02
  -1.788  0.4491E+00  0.2396E+02
  -1.778  0.4089E+00  0.2397E+02
  -1.768  0.3714E+00  0.2397E+02
  -1.758  0.3365E+00  0.2397E+02
  -1.748  0.3040E+00  0.2398E+02
  -1.738  0.2740E+00  0.2398E+02
  -1.728  0.2463E+00  0.2398E+02
  -1.718  0.2208E+00  0.2398E+02
  -1.708  0.1974E+00  0.2399E+02
  -1.698  0.1761E+00  0.2399E+02
  -1.688  0.1566E+00  0.2399E+02
  -1.678  0.1390E+00  0.2399E+02
  -1.668  0.1229E+00  0.2399E+02
  -1.658  0.1085E+00  0.2399E+02
  -1.648  0.9549E-01  0.2399E+02
  -1.638  0.8382E-01  0.2399E+02
  -1.628  0.7338E-01  0.2400E+02
  -1.618  0.6408E-01  0.2400E+02
  -1.608  0.5580E-01  0.2400E+02
  -1.598  0.4846E-01  0.2400E+02
  -1.588  0.4198E-01  0.2400E+02
  -1.578  0.3627E-01  0.2400E+02
  -1.568  0.3125E-01  0.2400E+02
  -1.558  0.2686E-01  0.2400E+02
  -1.548  0.2302E-01  0.2400E+02
  -1.538  0.1969E-01  0.2400E+02
  -1.528  0.1679E-01  0.2400E+02
  -1.518  0.1428E-01  0.2400E+02
  -1.508  0.1213E-01  0.2400E+02
  -1.498  0.1027E-01  0.2400E+02
  -1.488  0.8685E-02  0.2400E+02
  -1.478  0.7334E-02  0.2400E+02
  -1.468  0.6189E-02  0.2400E+02
  -1.458  0.5224E-02  0.2400E+02
  -1.448  0.4417E-02  0.2400E+02
  -1.438  0.3749E-02  0.2400E+02
  -1.428  0.3204E-02  0.2400E+02
  -1.418  0.2768E-02  0.2400E+02
  -1.408  0.2429E-02  0.2400E+02
  -1.398  0.2179E-02  0.2400E+02
  -1.388  0.2012E-02  0.2400E+02
  -1.378  0.1924E-02  0.2400E+02
  -1.368  0.1912E-02  0.2400E+02
  -1.358  0.1977E-02  0.2400E+02
  -1.348  0.2122E-02  0.2400E+02
  -1.338  0.2351E-02  0.2400E+02
  -1.328  0.2671E-02  0.2400E+02
  -1.318  0.3093E-02  0.2400E+02
  -1.308  0.3629E-02  0.2400E+02
  -1.298  0.4295E-02  0.2400E+02
  -1.288  0.5109E-02  0.2400E+02
  -1.278  0.6093E-02  0.2400E+02
  -1.268  0.7275E-02  0.2400E+02
  -1.258  0.8683E-02  0.2400E+02
  -1.248  0.1035E-01  0.2400E+02
  -1.238  0.1233E-01  0.2400E+02
  -1.228  0.1465E-01  0.2400E+02
  -1.218  0.1736E-01  0.2400E+02
  -1.208  0.2054E-01  0.2400E+02
  -1.198  0.2424E-01  0.2400E+02
  -1.188  0.2853E-01  0.2400E+02
  -1.178  0.3350E-01  0.2400E+02
  -1.168  0.3924E-01  0.2400E+02
  -1.158  0.4584E-01  0.2400E+02
  -1.148  0.5341E-01  0.2400E+02
  -1.138  0.6206E-01  0.2400E+02
  -1.128  0.7194E-01  0.2400E+02
  -1.118  0.8317E-01  0.2401E+02
  -1.108  0.9590E-01  0.2401E+02
  -1.098  0.1103E+00  0.2401E+02
  -1.088  0.1265E+00  0.2401E+02
  -1.078  0.1448E+00  0.2401E+02
  -1.068  0.1652E+00  0.2401E+02
  -1.058  0.1881E+00  0.2401E+02
  -1.048  0.2136E+00  0.2402E+02
  -1.038  0.2419E+00  0.2402E+02
  -1.028  0.2732E+00  0.2402E+02
  -1.018  0.3078E+00  0.2402E+02
  -1.008  0.3460E+00  0.2403E+02
  -0.998  0.3879E+00  0.2403E+02
  -0.988  0.4337E+00  0.2404E+02
  -0.978  0.4838E+00  0.2404E+02
  -0.968  0.5382E+00  0.2405E+02
  -0.958  0.5973E+00  0.2405E+02
  -0.948  0.6613E+00  0.2406E+02
  -0.938  0.7302E+00  0.2407E+02
  -0.928  0.8044E+00  0.2407E+02
  -0.918  0.8839E+00  0.2408E+02
  -0.908  0.9689E+00  0.2409E+02
  -0.898  0.1059E+01  0.2410E+02
  -0.888  0.1156E+01  0.2411E+02
  -0.878  0.1257E+01  0.2413E+02
  -0.868  0.1365E+01  0.2414E+02
  -0.858  0.1478E+01  0.2416E+02
  -0.848  0.1597E+01  0.2417E+02
  -0.838  0.1721E+01  0.2419E+02
  -0.828  0.1851E+01  0.2421E+02
  -0.818  0.1986E+01  0.2423E+02
  -0.808  0.2125E+01  0.2425E+02
  -0.798  0.2269E+01  0.2427E+02
  -0.788  0.2418E+01  0.2430E+02
  -0.778  0.2570E+01  0.2432E+02
  -0.768  0.2726E+01  0.2435E+02
  -0.758  0.2884E+01  0.2438E+02
  -0.748  0.3046E+01  0.2441E+02
  -0.738  0.3209E+01  0.2444E+02
  -0.728  0.3374E+01  0.2447E+02
  -0.718  0.3540E+01  0.2451E+02
  -0.708  0.3706E+01  0.2455E+02
  -0.698  0.3872E+01  0.2458E+02
  -0.688  0.4037E+01  0.2463E+02
  -0.678  0.4201E+01  0.2467E+02
  -0.668  0.4362E+01  0.2471E+02
  -0.658  0.4522E+01  0.2476E+02
  -0.648  0.4678E+01  0.2480E+02
  -0.638  0.4830E+01  0.2485E+02
  -0.628  0.4979E+01  0.2490E+02
  -0.618  0.5123E+01  0.2495E+02
  -0.608  0.5261E+01  0.2500E+02
  -0.598  0.5395E+01  0.2506E+02
  -0.588  0.5523E+01  0.2511E+02
  -0.578  0.5644E+01  0.2517E+02
  -0.568  0.5759E+01  0.2523E+02
  -0.558  0.5868E+01  0.2529E+02
  -0.548  0.5971E+01  0.2535E+02
  -0.538  0.6066E+01  0.2541E+02
  -0.528  0.6155E+01  0.2547E+02
  -0.518  0.6237E+01  0.2553E+02
  -0.508  0.6312E+01  0.2559E+02
  -0.498  0.6381E+01  0.2566E+02
  -0.488  0.6443E+01  0.2572E+02
  -0.478  0.6499E+01  0.2579E+02
  -0.468  0.6548E+01  0.2585E+02
  -0.458  0.6593E+01  0.2592E+02
  -0.448  0.6631E+01  0.2598E+02
  -0.438  0.6664E+01  0.2605E+02
  -0.428  0.6693E+01  0.2612E+02
  -0.418  0.6716E+01  0.2619E+02
  -0.408  0.6736E+01  0.2625E+02
  -0.398  0.6751E+01  0.2632E+02
  -0.388  0.6763E+01  0.2639E+02
  -0.378  0.6772E+01  0.2646E+02
  -0.368  0.6778E+01  0.2652E+02
  -0.358  0.6781E+01  0.2659E+02
  -0.348  0.6781E+01  0.2666E+02
  -0.338  0.6780E+01  0.2673E+02
  -0.328  0.6777E+01  0.2679E+02
  -0.318  0.6772E+01  0.2686E+02
  -0.308  0.6765E+01  0.2693E+02
  -0.298  0.6757E+01  0.2700E+02
  -0.288  0.6748E+01  0.2707E+02
  -0.278  0.6738E+01  0.2713E+02
  -0.268  0.6727E+01  0.2720E+02
  -0.258  0.6715E+01  0.2727E+02
  -0.248  0.6702E+01  0.2733E+02
  -0.238  0.6689E+01  0.2740E+02
  -0.228  0.6675E+01  0.2747E+02
  -0.218  0.6659E+01  0.2753E+02
  -0.208  0.6643E+01  0.2760E+02
  -0.198  0.6627E+01  0.2767E+02
  -0.188  0.6609E+01  0.2773E+02
  -0.178  0.6591E+01  0.2780E+02
  -0.168  0.6571E+01  0.2786E+02
  -0.158  0.6551E+01  0.2793E+02
  -0.148  0.6530E+01  0.2800E+02
  -0.138  0.6508E+01  0.2806E+02
  -0.128  0.6485E+01  0.2813E+02
  -0.118  0.6462E+01  0.2819E+02
  -0.108  0.6438E+01  0.2825E+02
  -0.098  0.6413E+01  0.2832E+02
  -0.088  0.6387E+01  0.2838E+02
  -0.078  0.6361E+01  0.2845E+02
  -0.068  0.6335E+01  0.2851E+02
  -0.058  0.6309E+01  0.2857E+02
  -0.048  0.6283E+01  0.2864E+02
  -0.038  0.6257E+01  0.2870E+02
  -0.028  0.6231E+01  0.2876E+02
  -0.018  0.6207E+01  0.2882E+02
  -0.008  0.6183E+01  0.2888E+02
   0.002  0.6160E+01  0.2895E+02
   0.012  0.6139E+01  0.2901E+02
   0.022  0.6119E+01  0.2907E+02
   0.032  0.6102E+01  0.2913E+02
   0.042  0.6086E+01  0.2919E+02
   0.052  0.6073E+01  0.2925E+02
   0.062  0.6063E+01  0.2931E+02
   0.072  0.6055E+01  0.2937E+02
   0.082  0.6051E+01  0.2943E+02
   0.092  0.6050E+01  0.2949E+02
   0.102  0.6053E+01  0.2955E+02
   0.112  0.6059E+01  0.2961E+02
   0.122  0.6069E+01  0.2967E+02
   0.132  0.6083E+01  0.2974E+02
   0.142  0.6101E+01  0.2980E+02
   0.152  0.6123E+01  0.2986E+02
   0.162  0.6149E+01  0.2992E+02
   0.172  0.6180E+01  0.2998E+02
   0.182  0.6214E+01  0.3004E+02
   0.192  0.6252E+01  0.3011E+02
   0.202  0.6295E+01  0.3017E+02
   0.212  0.6341E+01  0.3023E+02
   0.222  0.6391E+01  0.3030E+02
   0.232  0.6444E+01  0.3036E+02
   0.242  0.6501E+01  0.3043E+02
   0.252  0.6560E+01  0.3049E+02
   0.262  0.6622E+01  0.3056E+02
   0.272  0.6687E+01  0.3062E+02
   0.282  0.6753E+01  0.3069E+02
   0.292  0.6821E+01  0.3076E+02
   0.302  0.6890E+01  0.3083E+02
   0.312  0.6959E+01  0.3090E+02
   0.322  0.7029E+01  0.3097E+02
   0.332  0.7098E+01  0.3104E+02
   0.342  0.7167E+01  0.3111E+02
   0.352  0.7235E+01  0.3118E+02
   0.362  0.7300E+01  0.3126E+02
   0.372  0.7363E+01  0.3133E+02
   0.382  0.7424E+01  0.3140E+02
   0.392  0.7481E+01  0.3148E+02
   0.402  0.7535E+01  0.3155E+02
   0.412  0.7584E+01  0.3163E+02
   0.422  0.7629E+01  0.3171E+02
   0.432  0.7669E+01  0.3178E+02
   0.442  0.7704E+01  0.3186E+02
   0.452  0.7733E+01  0.3194E+02
   0.462  0.7758E+01  0.3202E+02
   0.472  0.7776E+01  0.3209E+02
   0.482  0.7789E+01  0.3217E+02
   0.492  0.7795E+01  0.3225E+02
   0.502  0.7797E+01  0.3233E+02
   0.512  0.7793E+01  0.3241E+02
   0.522  0.7783E+01  0.3248E+02
   0.532  0.7768E+01  0.3256E+02
   0.542  0.7749E+01  0.3264E+02
   0.552  0.7726E+01  0.3272E+02
   0.562  0.7698E+01  0.3279E+02
   0.572  0.7667E+01  0.3287E+02
   0.582  0.7634E+01  0.3295E+02
   0.592  0.7598E+01  0.3302E+02
   0.602  0.7560E+01  0.3310E+02
   0.612  0.7521E+01  0.3317E+02
   0.622  0.7481E+01  0.3325E+02
   0.632  0.7442E+01  0.3332E+02
   0.642  0.7403E+01  0.3340E+02
   0.652  0.7365E+01  0.3347E+02
   0.662  0.7329E+01  0.3354E+02
   0.672  0.7295E+01  0.3362E+02
   0.682  0.7263E+01  0.3369E+02
   0.692  0.7234E+01  0.3376E+02
   0.702  0.7209E+01  0.3383E+02
   0.712  0.7187E+01  0.3390E+02
   0.722  0.7169E+01  0.3398E+02
   0.732  0.7154E+01  0.3405E+02
   0.742  0.7144E+01  0.3412E+02
   0.752  0.7137E+01  0.3419E+02
   0.762  0.7135E+01  0.3426E+02
   0.772  0.7136E+01  0.3433E+02
   0.782  0.7140E+01  0.3440E+02
   0.792  0.7148E+01  0.3448E+02
   0.802  0.7159E+01  0.3455E+02
   0.812  0.7173E+01  0.3462E+02
   0.822  0.7189E+01  0.3469E+02
   0.832  0.7206E+01  0.3476E+02
   0.842  0.7225E+01  0.3484E+02
   0.852  0.7246E+01  0.3491E+02
   0.862  0.7266E+01  0.3498E+02
   0.872  0.7287E+01  0.3505E+02
   0.882  0.7307E+01  0.3513E+02
   0.892  0.7326E+01  0.3520E+02
   0.902  0.7344E+01  0.3527E+02
   0.912  0.7360E+01  0.3535E+02
   0.922  0.7374E+01  0.3542E+02
   0.932  0.7386E+01  0.3549E+02
   0.942  0.7395E+01  0.3557E+02
   0.952  0.7401E+01  0.3564E+02
   0.962  0.7404E+01  0.3572E+02
   0.972  0.7404E+01  0.3579E+02
   0.982  0.7401E+01  0.3586E+02
   0.992  0.7395E+01  0.3594E+02
   1.002  0.7386E+01  0.3601E+02
   1.012  0.7374E+01  0.3609E+02
   1.022  0.7359E+01  0.3616E+02
   1.032  0.7342E+01  0.3623E+02
   1.042  0.7323E+01  0.3631E+02
   1.052  0.7303E+01  0.3638E+02
   1.062  0.7281E+01  0.3645E+02
   1.072  0.7258E+01  0.3652E+02
   1.082  0.7235E+01  0.3660E+02
   1.092  0.7212E+01  0.3667E+02
   1.102  0.7191E+01  0.3674E+02
   1.112  0.7170E+01  0.3681E+02
   1.122  0.7152E+01  0.3688E+02
   1.132  0.7136E+01  0.3696E+02
   1.142  0.7123E+01  0.3703E+02
   1.152  0.7114E+01  0.3710E+02
   1.162  0.7109E+01  0.3717E+02
   1.172  0.7108E+01  0.3724E+02
   1.182  0.7112E+01  0.3731E+02
   1.192  0.7121E+01  0.3738E+02
   1.202  0.7137E+01  0.3745E+02
   1.212  0.7158E+01  0.3753E+02
   1.222  0.7184E+01  0.3760E+02
   1.232  0.7218E+01  0.3767E+02
   1.242  0.7257E+01  0.3774E+02
   1.252  0.7302E+01  0.3782E+02
   1.262  0.7354E+01  0.3789E+02
   1.272  0.7411E+01  0.3796E+02
   1.282  0.7474E+01  0.3804E+02
   1.292  0.7543E+01  0.3811E+02
   1.302  0.7616E+01  0.3819E+02
   1.312  0.7694E+01  0.3827E+02
   1.322  0.7776E+01  0.3834E+02
   1.332  0.7862E+01  0.3842E+02
   1.342  0.7951E+01  0.3850E+02
   1.352  0.8043E+01  0.3858E+02
   1.362  0.8136E+01  0.3866E+02
   1.372  0.8231E+01  0.3875E+02
   1.382  0.8327E+01  0.3883E+02
   1.392  0.8422E+01  0.3891E+02
   1.402  0.8517E+01  0.3900E+02
   1.412  0.8611E+01  0.3908E+02
   1.422  0.8703E+01  0.3917E+02
   1.432  0.8792E+01  0.3926E+02
   1.442  0.8879E+01  0.3935E+02
   1.452  0.8962E+01  0.3944E+02
   1.462  0.9041E+01  0.3953E+02
   1.472  0.9115E+01  0.3962E+02
   1.482  0.9185E+01  0.3971E+02
   1.492  0.9249E+01  0.3980E+02
   1.502  0.9308E+01  0.3990E+02
   1.512  0.9361E+01  0.3999E+02
   1.522  0.9407E+01  0.4008E+02
   1.532  0.9447E+01  0.4018E+02
   1.542  0.9481E+01  0.4027E+02
   1.552  0.9507E+01  0.4037E+02
   1.562  0.9527E+01  0.4046E+02
   1.572  0.9539E+01  0.4056E+02
   1.582  0.9545E+01  0.4066E+02
   1.592  0.9543E+01  0.4075E+02
   1.602  0.9534E+01  0.4085E+02
   1.612  0.9518E+01  0.4094E+02
   1.622  0.9495E+01  0.4104E+02
   1.632  0.9465E+01  0.4113E+02
   1.642  0.9428E+01  0.4123E+02
   1.652  0.9384E+01  0.4132E+02
   1.662  0.9333E+01  0.4141E+02
   1.672  0.9276E+01  0.4150E+02
   1.682  0.9212E+01  0.4160E+02
   1.692  0.9142E+01  0.4169E+02
   1.702  0.9065E+01  0.4178E+02
   1.712  0.8983E+01  0.4187E+02
   1.722  0.8894E+01  0.4196E+02
   1.732  0.8800E+01  0.4205E+02
   1.742  0.8701E+01  0.4213E+02
   1.752  0.8596E+01  0.4222E+02
   1.762  0.8487E+01  0.4230E+02
   1.772  0.8373E+01  0.4239E+02
   1.782  0.8255E+01  0.4247E+02
   1.792  0.8133E+01  0.4255E+02
   1.802  0.8008E+01  0.4263E+02
   1.812  0.7879E+01  0.4271E+02
   1.822  0.7748E+01  0.4279E+02
   1.832  0.7615E+01  0.4286E+02
   1.842  0.7480E+01  0.4294E+02
   1.852  0.7344E+01  0.4301E+02
   1.862  0.7208E+01  0.4308E+02
   1.872  0.7071E+01  0.4315E+02
   1.882  0.6935E+01  0.4322E+02
   1.892  0.6800E+01  0.4329E+02
   1.902  0.6667E+01  0.4336E+02
   1.912  0.6536E+01  0.4342E+02
   1.922  0.6408E+01  0.4349E+02
   1.932  0.6284E+01  0.4355E+02
   1.942  0.6164E+01  0.4361E+02
   1.952  0.6049E+01  0.4367E+02
   1.962  0.5939E+01  0.4373E+02
   1.972  0.5836E+01  0.4379E+02
   1.982  0.5739E+01  0.4385E+02
   1.992  0.5649E+01  0.4390E+02
   2.002  0.5567E+01  0.4396E+02
   2.012  0.5493E+01  0.4402E+02
   2.022  0.5428E+01  0.4407E+02
   2.032  0.5371E+01  0.4412E+02
   2.042  0.5324E+01  0.4418E+02
   2.052  0.5285E+01  0.4423E+02
   2.062  0.5257E+01  0.4428E+02
   2.072  0.5237E+01  0.4433E+02
   2.082  0.5228E+01  0.4439E+02
   2.092  0.5228E+01  0.4444E+02
   2.102  0.5237E+01  0.4449E+02
   2.112  0.5255E+01  0.4454E+02
   2.122  0.5282E+01  0.4460E+02
   2.132  0.5317E+01  0.4465E+02
   2.142  0.5361E+01  0.4470E+02
   2.152  0.5411E+01  0.4476E+02
   2.162  0.5468E+01  0.4481E+02
   2.172  0.5532E+01  0.4487E+02
   2.182  0.5600E+01  0.4492E+02
   2.192  0.5673E+01  0.4498E+02
   2.202  0.5750E+01  0.4504E+02
   2.212  0.5829E+01  0.4510E+02
   2.222  0.5910E+01  0.4516E+02
   2.232  0.5991E+01  0.4522E+02
   2.242  0.6073E+01  0.4528E+02
   2.252  0.6153E+01  0.4534E+02
   2.262  0.6231E+01  0.4540E+02
   2.272  0.6305E+01  0.4546E+02
   2.282  0.6376E+01  0.4553E+02
   2.292  0.6441E+01  0.4559E+02
   2.302  0.6501E+01  0.4566E+02
   2.312  0.6554E+01  0.4572E+02
   2.322  0.6599E+01  0.4579E+02
   2.332  0.6636E+01  0.4585E+02
   2.342  0.6664E+01  0.4592E+02
   2.352  0.6683E+01  0.4599E+02
   2.362  0.6692E+01  0.4605E+02
   2.372  0.6690E+01  0.4612E+02
   2.382  0.6678E+01  0.4619E+02
   2.392  0.6655E+01  0.4625E+02
   2.402  0.6621E+01  0.4632E+02
   2.412  0.6575E+01  0.4639E+02
   2.422  0.6519E+01  0.4645E+02
   2.432  0.6452E+01  0.4652E+02
   2.442  0.6374E+01  0.4658E+02
   2.452  0.6285E+01  0.4664E+02
   2.462  0.6186E+01  0.4670E+02
   2.472  0.6078E+01  0.4677E+02
   2.482  0.5960E+01  0.4683E+02
   2.492  0.5834E+01  0.4688E+02
   2.502  0.5699E+01  0.4694E+02
   2.512  0.5557E+01  0.4700E+02
   2.522  0.5409E+01  0.4705E+02
   2.532  0.5254E+01  0.4710E+02
   2.542  0.5093E+01  0.4715E+02
   2.552  0.4928E+01  0.4720E+02
   2.562  0.4759E+01  0.4725E+02
   2.572  0.4587E+01  0.4730E+02
   2.582  0.4412E+01  0.4734E+02
   2.592  0.4236E+01  0.4738E+02
   2.602  0.4059E+01  0.4742E+02
   2.612  0.3881E+01  0.4746E+02
   2.622  0.3704E+01  0.4750E+02
   2.632  0.3528E+01  0.4753E+02
   2.642  0.3353E+01  0.4757E+02
   2.652  0.3181E+01  0.4760E+02
   2.662  0.3011E+01  0.4763E+02
   2.672  0.2845E+01  0.4766E+02
   2.682  0.2682E+01  0.4769E+02
   2.692  0.2523E+01  0.4771E+02
   2.702  0.2369E+01  0.4773E+02
   2.712  0.2220E+01  0.4776E+02
   2.722  0.2076E+01  0.4778E+02
   2.732  0.1937E+01  0.4780E+02
   2.742  0.1803E+01  0.4781E+02
   2.752  0.1675E+01  0.4783E+02
   2.762  0.1553E+01  0.4785E+02
   2.772  0.1437E+01  0.4786E+02
   2.782  0.1327E+01  0.4787E+02
   2.792  0.1222E+01  0.4789E+02
   2.802  0.1123E+01  0.4790E+02
   2.812  0.1030E+01  0.4791E+02
   2.822  0.9429E+00  0.4792E+02
   2.832  0.8610E+00  0.4793E+02
   2.842  0.7844E+00  0.4793E+02
   2.852  0.7131E+00  0.4794E+02
   2.862  0.6468E+00  0.4795E+02
   2.872  0.5853E+00  0.4795E+02
   2.882  0.5285E+00  0.4796E+02
   2.892  0.4761E+00  0.4796E+02
   2.902  0.4279E+00  0.4797E+02
   2.912  0.3837E+00  0.4797E+02
   2.922  0.3433E+00  0.4798E+02
   2.932  0.3064E+00  0.4798E+02
   2.942  0.2728E+00  0.4798E+02
   2.952  0.2424E+00  0.4798E+02
   2.962  0.2148E+00  0.4799E+02
   2.972  0.1899E+00  0.4799E+02
   2.982  0.1675E+00  0.4799E+02
   2.992  0.1474E+00  0.4799E+02
   3.002  0.1294E+00  0.4799E+02
   3.012  0.1133E+00  0.4799E+02
   3.022  0.9899E-01  0.4799E+02
   3.032  0.8627E-01  0.4799E+02
   3.042  0.7499E-01  0.4800E+02
   3.052  0.6504E-01  0.4800E+02
   3.062  0.5626E-01  0.4800E+02
   3.072  0.4855E-01  0.4800E+02
   3.082  0.4179E-01  0.4800E+02
