#  E (eV)   dos(E)     Int dos(E) EFermi =   2.570 eV
 -17.588  0.7483E-05  0.7483E-07
 -17.578  0.9447E-05  0.1693E-06
 -17.568  0.1190E-04  0.2883E-06
 -17.558  0.1495E-04  0.4377E-06
 -17.548  0.1873E-04  0.6251E-06
 -17.538  0.2342E-04  0.8593E-06
 -17.528  0.2921E-04  0.1151E-05
 -17.518  0.3635E-04  0.1515E-05
 -17.508  0.4512E-04  0.1966E-05
 -17.498  0.5588E-04  0.2525E-05
 -17.488  0.6903E-04  0.3215E-05
 -17.478  0.8507E-04  0.4066E-05
 -17.468  0.1046E-03  0.5112E-05
 -17.458  0.1283E-03  0.6395E-05
 -17.448  0.1570E-03  0.7965E-05
 -17.438  0.1917E-03  0.9881E-05
 -17.428  0.2334E-03  0.1222E-04
 -17.418  0.2836E-03  0.1505E-04
 -17.408  0.3437E-03  0.1849E-04
 -17.398  0.4157E-03  0.2265E-04
 -17.388  0.5015E-03  0.2766E-04
 -17.378  0.6036E-03  0.3370E-04
 -17.368  0.7248E-03  0.4094E-04
 -17.358  0.8683E-03  0.4963E-04
 -17.348  0.1038E-02  0.6000E-04
 -17.338  0.1237E-02  0.7238E-04
 -17.328  0.1472E-02  0.8710E-04
 -17.318  0.1747E-02  0.1046E-03
 -17.308  0.2069E-02  0.1253E-03
 -17.298  0.2444E-02  0.1497E-03
 -17.288  0.2880E-02  0.1785E-03
 -17.278  0.3387E-02  0.2124E-03
 -17.268  0.3973E-02  0.2521E-03
 -17.258  0.4651E-02  0.2986E-03
 -17.248  0.5431E-02  0.3529E-03
 -17.238  0.6328E-02  0.4162E-03
 -17.228  0.7357E-02  0.4898E-03
 -17.218  0.8533E-02  0.5751E-03
 -17.208  0.9874E-02  0.6738E-03
 -17.198  0.1140E-01  0.7879E-03
 -17.188  0.1313E-01  0.9192E-03
 -17.178  0.1510E-01  0.1070E-02
 -17.168  0.1731E-01  0.1243E-02
 -17.158  0.1981E-01  0.1441E-02
 -17.148  0.2262E-01  0.1668E-02
 -17.138  0.2577E-01  0.1925E-02
 -17.128  0.2929E-01  0.2218E-02
 -17.118  0.3322E-01  0.2550E-02
 -17.108  0.3759E-01  0.2926E-02
 -17.098  0.4245E-01  0.3351E-02
 -17.088  0.4783E-01  0.3829E-02
 -17.078  0.5378E-01  0.4367E-02
 -17.068  0.6034E-01  0.4970E-02
 -17.058  0.6756E-01  0.5646E-02
 -17.048  0.7548E-01  0.6400E-02
 -17.038  0.8415E-01  0.7242E-02
 -17.028  0.9362E-01  0.8178E-02
 -17.018  0.1039E+00  0.9218E-02
 -17.008  0.1152E+00  0.1037E-01
 -16.998  0.1273E+00  0.1164E-01
 -16.988  0.1405E+00  0.1305E-01
 -16.978  0.1548E+00  0.1460E-01
 -16.968  0.1701E+00  0.1630E-01
 -16.958  0.1866E+00  0.1816E-01
 -16.948  0.2043E+00  0.2021E-01
 -16.938  0.2233E+00  0.2244E-01
 -16.928  0.2436E+00  0.2488E-01
 -16.918  0.2652E+00  0.2753E-01
 -16.908  0.2882E+00  0.3041E-01
 -16.898  0.3127E+00  0.3354E-01
 -16.888  0.3386E+00  0.3692E-01
 -16.878  0.3661E+00  0.4058E-01
 -16.868  0.3951E+00  0.4454E-01
 -16.858  0.4257E+00  0.4879E-01
 -16.848  0.4579E+00  0.5337E-01
 -16.838  0.4918E+00  0.5829E-01
 -16.828  0.5273E+00  0.6356E-01
 -16.818  0.5645E+00  0.6921E-01
 -16.808  0.6034E+00  0.7524E-01
 -16.798  0.6441E+00  0.8168E-01
 -16.788  0.6865E+00  0.8855E-01
 -16.778  0.7307E+00  0.9585E-01
 -16.768  0.7766E+00  0.1036E+00
 -16.758  0.8243E+00  0.1119E+00
 -16.748  0.8738E+00  0.1206E+00
 -16.738  0.9250E+00  0.1299E+00
 -16.728  0.9781E+00  0.1396E+00
 -16.718  0.1033E+01  0.1500E+00
 -16.708  0.1089E+01  0.1609E+00
 -16.698  0.1148E+01  0.1723E+00
 -16.688  0.1208E+01  0.1844E+00
 -16.678  0.1269E+01  0.1971E+00
 -16.668  0.1332E+01  0.2104E+00
 -16.658  0.1397E+01  0.2244E+00
 -16.648  0.1464E+01  0.2390E+00
 -16.638  0.1532E+01  0.2544E+00
 -16.628  0.1601E+01  0.2704E+00
 -16.618  0.1672E+01  0.2871E+00
 -16.608  0.1744E+01  0.3045E+00
 -16.598  0.1817E+01  0.3227E+00
 -16.588  0.1891E+01  0.3416E+00
 -16.578  0.1966E+01  0.3612E+00
 -16.568  0.2041E+01  0.3817E+00
 -16.558  0.2118E+01  0.4028E+00
 -16.548  0.2195E+01  0.4248E+00
 -16.538  0.2272E+01  0.4475E+00
 -16.528  0.2349E+01  0.4710E+00
 -16.518  0.2427E+01  0.4953E+00
 -16.508  0.2504E+01  0.5203E+00
 -16.498  0.2580E+01  0.5461E+00
 -16.488  0.2656E+01  0.5727E+00
 -16.478  0.2731E+01  0.6000E+00
 -16.468  0.2804E+01  0.6280E+00
 -16.458  0.2876E+01  0.6568E+00
 -16.448  0.2947E+01  0.6862E+00
 -16.438  0.3015E+01  0.7164E+00
 -16.428  0.3081E+01  0.7472E+00
 -16.418  0.3145E+01  0.7787E+00
 -16.408  0.3206E+01  0.8107E+00
 -16.398  0.3265E+01  0.8434E+00
 -16.388  0.3320E+01  0.8766E+00
 -16.378  0.3372E+01  0.9103E+00
 -16.368  0.3420E+01  0.9445E+00
 -16.358  0.3465E+01  0.9791E+00
 -16.348  0.3505E+01  0.1014E+01
 -16.338  0.3542E+01  0.1050E+01
 -16.328  0.3575E+01  0.1085E+01
 -16.318  0.3604E+01  0.1121E+01
 -16.308  0.3629E+01  0.1158E+01
 -16.298  0.3650E+01  0.1194E+01
 -16.288  0.3666E+01  0.1231E+01
 -16.278  0.3679E+01  0.1268E+01
 -16.268  0.3688E+01  0.1305E+01
 -16.258  0.3693E+01  0.1341E+01
 -16.248  0.3694E+01  0.1378E+01
 -16.238  0.3693E+01  0.1415E+01
 -16.228  0.3687E+01  0.1452E+01
 -16.218  0.3679E+01  0.1489E+01
 -16.208  0.3669E+01  0.1526E+01
 -16.198  0.3656E+01  0.1562E+01
 -16.188  0.3640E+01  0.1599E+01
 -16.178  0.3624E+01  0.1635E+01
 -16.168  0.3605E+01  0.1671E+01
 -16.158  0.3586E+01  0.1707E+01
 -16.148  0.3566E+01  0.1742E+01
 -16.138  0.3545E+01  0.1778E+01
 -16.128  0.3525E+01  0.1813E+01
 -16.118  0.3505E+01  0.1848E+01
 -16.108  0.3485E+01  0.1883E+01
 -16.098  0.3466E+01  0.1918E+01
 -16.088  0.3449E+01  0.1952E+01
 -16.078  0.3433E+01  0.1987E+01
 -16.068  0.3418E+01  0.2021E+01
 -16.058  0.3406E+01  0.2055E+01
 -16.048  0.3395E+01  0.2089E+01
 -16.038  0.3387E+01  0.2123E+01
 -16.028  0.3380E+01  0.2156E+01
 -16.018  0.3377E+01  0.2190E+01
 -16.008  0.3375E+01  0.2224E+01
 -15.998  0.3375E+01  0.2258E+01
 -15.988  0.3378E+01  0.2291E+01
 -15.978  0.3383E+01  0.2325E+01
 -15.968  0.3390E+01  0.2359E+01
 -15.958  0.3398E+01  0.2393E+01
 -15.948  0.3408E+01  0.2427E+01
 -15.938  0.3419E+01  0.2461E+01
 -15.928  0.3432E+01  0.2496E+01
 -15.918  0.3445E+01  0.2530E+01
 -15.908  0.3458E+01  0.2565E+01
 -15.898  0.3471E+01  0.2599E+01
 -15.888  0.3484E+01  0.2634E+01
 -15.878  0.3497E+01  0.2669E+01
 -15.868  0.3509E+01  0.2704E+01
 -15.858  0.3519E+01  0.2740E+01
 -15.848  0.3528E+01  0.2775E+01
 -15.838  0.3534E+01  0.2810E+01
 -15.828  0.3539E+01  0.2846E+01
 -15.818  0.3541E+01  0.2881E+01
 -15.808  0.3541E+01  0.2916E+01
 -15.798  0.3537E+01  0.2952E+01
 -15.788  0.3531E+01  0.2987E+01
 -15.778  0.3521E+01  0.3022E+01
 -15.768  0.3509E+01  0.3057E+01
 -15.758  0.3493E+01  0.3092E+01
 -15.748  0.3473E+01  0.3127E+01
 -15.738  0.3451E+01  0.3162E+01
 -15.728  0.3425E+01  0.3196E+01
 -15.718  0.3397E+01  0.3230E+01
 -15.708  0.3365E+01  0.3263E+01
 -15.698  0.3332E+01  0.3297E+01
 -15.688  0.3295E+01  0.3330E+01
 -15.678  0.3257E+01  0.3362E+01
 -15.668  0.3218E+01  0.3394E+01
 -15.658  0.3177E+01  0.3426E+01
 -15.648  0.3135E+01  0.3458E+01
 -15.638  0.3093E+01  0.3488E+01
 -15.628  0.3050E+01  0.3519E+01
 -15.618  0.3009E+01  0.3549E+01
 -15.608  0.2968E+01  0.3579E+01
 -15.598  0.2928E+01  0.3608E+01
 -15.588  0.2890E+01  0.3637E+01
 -15.578  0.2854E+01  0.3665E+01
 -15.568  0.2821E+01  0.3694E+01
 -15.558  0.2791E+01  0.3722E+01
 -15.548  0.2764E+01  0.3749E+01
 -15.538  0.2741E+01  0.3777E+01
 -15.528  0.2721E+01  0.3804E+01
 -15.518  0.2706E+01  0.3831E+01
 -15.508  0.2695E+01  0.3858E+01
 -15.498  0.2689E+01  0.3885E+01
 -15.488  0.2687E+01  0.3912E+01
 -15.478  0.2690E+01  0.3939E+01
 -15.468  0.2697E+01  0.3965E+01
 -15.458  0.2709E+01  0.3993E+01
 -15.448  0.2726E+01  0.4020E+01
 -15.438  0.2746E+01  0.4047E+01
 -15.428  0.2771E+01  0.4075E+01
 -15.418  0.2800E+01  0.4103E+01
 -15.408  0.2832E+01  0.4131E+01
 -15.398  0.2867E+01  0.4160E+01
 -15.388  0.2905E+01  0.4189E+01
 -15.378  0.2946E+01  0.4219E+01
 -15.368  0.2988E+01  0.4248E+01
 -15.358  0.3032E+01  0.4279E+01
 -15.348  0.3078E+01  0.4310E+01
 -15.338  0.3123E+01  0.4341E+01
 -15.328  0.3169E+01  0.4372E+01
 -15.318  0.3215E+01  0.4405E+01
 -15.308  0.3260E+01  0.4437E+01
 -15.298  0.3303E+01  0.4470E+01
 -15.288  0.3346E+01  0.4504E+01
 -15.278  0.3386E+01  0.4538E+01
 -15.268  0.3423E+01  0.4572E+01
 -15.258  0.3459E+01  0.4606E+01
 -15.248  0.3491E+01  0.4641E+01
 -15.238  0.3521E+01  0.4676E+01
 -15.228  0.3547E+01  0.4712E+01
 -15.218  0.3570E+01  0.4748E+01
 -15.208  0.3590E+01  0.4784E+01
 -15.198  0.3607E+01  0.4820E+01
 -15.188  0.3622E+01  0.4856E+01
 -15.178  0.3633E+01  0.4892E+01
 -15.168  0.3642E+01  0.4929E+01
 -15.158  0.3650E+01  0.4965E+01
 -15.148  0.3656E+01  0.5002E+01
 -15.138  0.3661E+01  0.5038E+01
 -15.128  0.3665E+01  0.5075E+01
 -15.118  0.3670E+01  0.5112E+01
 -15.108  0.3676E+01  0.5148E+01
 -15.098  0.3684E+01  0.5185E+01
 -15.088  0.3694E+01  0.5222E+01
 -15.078  0.3708E+01  0.5259E+01
 -15.068  0.3727E+01  0.5296E+01
 -15.058  0.3751E+01  0.5334E+01
 -15.048  0.3781E+01  0.5372E+01
 -15.038  0.3819E+01  0.5410E+01
 -15.028  0.3865E+01  0.5449E+01
 -15.018  0.3920E+01  0.5488E+01
 -15.008  0.3985E+01  0.5528E+01
 -14.998  0.4062E+01  0.5568E+01
 -14.988  0.4150E+01  0.5610E+01
 -14.978  0.4251E+01  0.5652E+01
 -14.968  0.4366E+01  0.5696E+01
 -14.958  0.4494E+01  0.5741E+01
 -14.948  0.4637E+01  0.5787E+01
 -14.938  0.4794E+01  0.5835E+01
 -14.928  0.4967E+01  0.5885E+01
 -14.918  0.5155E+01  0.5936E+01
 -14.908  0.5359E+01  0.5990E+01
 -14.898  0.5577E+01  0.6046E+01
 -14.888  0.5811E+01  0.6104E+01
 -14.878  0.6058E+01  0.6165E+01
 -14.868  0.6320E+01  0.6228E+01
 -14.858  0.6594E+01  0.6294E+01
 -14.848  0.6880E+01  0.6362E+01
 -14.838  0.7177E+01  0.6434E+01
 -14.828  0.7483E+01  0.6509E+01
 -14.818  0.7797E+01  0.6587E+01
 -14.808  0.8117E+01  0.6668E+01
 -14.798  0.8442E+01  0.6753E+01
 -14.788  0.8770E+01  0.6840E+01
 -14.778  0.9098E+01  0.6931E+01
 -14.768  0.9424E+01  0.7026E+01
 -14.758  0.9747E+01  0.7123E+01
 -14.748  0.1006E+02  0.7224E+01
 -14.738  0.1037E+02  0.7327E+01
 -14.728  0.1067E+02  0.7434E+01
 -14.718  0.1096E+02  0.7544E+01
 -14.708  0.1123E+02  0.7656E+01
 -14.698  0.1148E+02  0.7771E+01
 -14.688  0.1171E+02  0.7888E+01
 -14.678  0.1192E+02  0.8007E+01
 -14.668  0.1211E+02  0.8128E+01
 -14.658  0.1228E+02  0.8251E+01
 -14.648  0.1241E+02  0.8375E+01
 -14.638  0.1252E+02  0.8500E+01
 -14.628  0.1260E+02  0.8626E+01
 -14.618  0.1266E+02  0.8753E+01
 -14.608  0.1268E+02  0.8880E+01
 -14.598  0.1267E+02  0.9006E+01
 -14.588  0.1263E+02  0.9133E+01
 -14.578  0.1255E+02  0.9258E+01
 -14.568  0.1245E+02  0.9383E+01
 -14.558  0.1232E+02  0.9506E+01
 -14.548  0.1216E+02  0.9627E+01
 -14.538  0.1197E+02  0.9747E+01
 -14.528  0.1175E+02  0.9865E+01
 -14.518  0.1151E+02  0.9980E+01
 -14.508  0.1125E+02  0.1009E+02
 -14.498  0.1096E+02  0.1020E+02
 -14.488  0.1066E+02  0.1031E+02
 -14.478  0.1033E+02  0.1041E+02
 -14.468  0.9992E+01  0.1051E+02
 -14.458  0.9639E+01  0.1061E+02
 -14.448  0.9274E+01  0.1070E+02
 -14.438  0.8900E+01  0.1079E+02
 -14.428  0.8520E+01  0.1088E+02
 -14.418  0.8134E+01  0.1096E+02
 -14.408  0.7746E+01  0.1103E+02
 -14.398  0.7357E+01  0.1111E+02
 -14.388  0.6970E+01  0.1118E+02
 -14.378  0.6586E+01  0.1124E+02
 -14.368  0.6208E+01  0.1131E+02
 -14.358  0.5835E+01  0.1136E+02
 -14.348  0.5471E+01  0.1142E+02
 -14.338  0.5117E+01  0.1147E+02
 -14.328  0.4772E+01  0.1152E+02
 -14.318  0.4440E+01  0.1156E+02
 -14.308  0.4120E+01  0.1160E+02
 -14.298  0.3813E+01  0.1164E+02
 -14.288  0.3520E+01  0.1168E+02
 -14.278  0.3240E+01  0.1171E+02
 -14.268  0.2976E+01  0.1174E+02
 -14.258  0.2725E+01  0.1177E+02
 -14.248  0.2490E+01  0.1179E+02
 -14.238  0.2268E+01  0.1181E+02
 -14.228  0.2061E+01  0.1183E+02
 -14.218  0.1868E+01  0.1185E+02
 -14.208  0.1689E+01  0.1187E+02
 -14.198  0.1523E+01  0.1188E+02
 -14.188  0.1369E+01  0.1190E+02
 -14.178  0.1228E+01  0.1191E+02
 -14.168  0.1099E+01  0.1192E+02
 -14.158  0.9804E+00  0.1193E+02
 -14.148  0.8725E+00  0.1194E+02
 -14.138  0.7744E+00  0.1195E+02
 -14.128  0.6856E+00  0.1195E+02
 -14.118  0.6053E+00  0.1196E+02
 -14.108  0.5331E+00  0.1197E+02
 -14.098  0.4682E+00  0.1197E+02
 -14.088  0.4102E+00  0.1197E+02
 -14.078  0.3584E+00  0.1198E+02
 -14.068  0.3123E+00  0.1198E+02
 -14.058  0.2714E+00  0.1198E+02
 -14.048  0.2353E+00  0.1199E+02
 -14.038  0.2034E+00  0.1199E+02
 -14.028  0.1754E+00  0.1199E+02
 -14.018  0.1509E+00  0.1199E+02
 -14.008  0.1294E+00  0.1199E+02
 -13.998  0.1107E+00  0.1199E+02
 -13.988  0.9450E-01  0.1200E+02
 -13.978  0.8043E-01  0.1200E+02
 -13.968  0.6827E-01  0.1200E+02
 -13.958  0.5780E-01  0.1200E+02
 -13.948  0.4881E-01  0.1200E+02
 -13.938  0.4110E-01  0.1200E+02
 -13.928  0.3453E-01  0.1200E+02
 -13.918  0.2892E-01  0.1200E+02
 -13.908  0.2417E-01  0.1200E+02
 -13.898  0.2014E-01  0.1200E+02
 -13.888  0.1674E-01  0.1200E+02
 -13.878  0.1388E-01  0.1200E+02
 -13.868  0.1147E-01  0.1200E+02
 -13.858  0.9462E-02  0.1200E+02
 -13.848  0.7782E-02  0.1200E+02
 -13.838  0.6383E-02  0.1200E+02
 -13.828  0.5222E-02  0.1200E+02
 -13.818  0.4261E-02  0.1200E+02
 -13.808  0.3468E-02  0.1200E+02
 -13.798  0.2815E-02  0.1200E+02
 -13.788  0.2279E-02  0.1200E+02
 -13.778  0.1840E-02  0.1200E+02
 -13.768  0.1482E-02  0.1200E+02
 -13.758  0.1190E-02  0.1200E+02
 -13.748  0.9533E-03  0.1200E+02
 -13.738  0.7617E-03  0.1200E+02
 -13.728  0.6069E-03  0.1200E+02
 -13.718  0.4824E-03  0.1200E+02
 -13.708  0.3823E-03  0.1200E+02
 -13.698  0.3023E-03  0.1200E+02
 -13.688  0.2383E-03  0.1200E+02
 -13.678  0.1874E-03  0.1200E+02
 -13.668  0.1470E-03  0.1200E+02
 -13.658  0.1150E-03  0.1200E+02
 -13.648  0.8971E-04  0.1200E+02
 -13.638  0.6981E-04  0.1200E+02
 -13.628  0.5417E-04  0.1200E+02
 -13.618  0.4193E-04  0.1200E+02
 -13.608  0.3237E-04  0.1200E+02
 -13.598  0.2492E-04  0.1200E+02
 -13.588  0.1914E-04  0.1200E+02
 -13.578  0.1466E-04  0.1200E+02
 -13.568  0.1120E-04  0.1200E+02
 -13.558  0.8530E-05  0.1200E+02
 -13.548  0.6482E-05  0.1200E+02
 -13.538  0.4912E-05  0.1200E+02
 -13.528  0.3713E-05  0.1200E+02
 -13.518  0.2799E-05  0.1200E+02
 -13.508  0.2104E-05  0.1200E+02
 -13.498  0.1578E-05  0.1200E+02
 -13.488  0.1180E-05  0.1200E+02
 -13.478  0.8801E-06  0.1200E+02
 -13.468  0.6547E-06  0.1200E+02
 -13.458  0.4858E-06  0.1200E+02
 -13.448  0.3595E-06  0.1200E+02
 -13.438  0.2653E-06  0.1200E+02
 -13.428  0.1953E-06  0.1200E+02
 -13.418  0.1434E-06  0.1200E+02
 -13.408  0.1050E-06  0.1200E+02
 -13.398  0.7665E-07  0.1200E+02
 -13.388  0.5583E-07  0.1200E+02
 -13.378  0.4055E-07  0.1200E+02
 -13.368  0.2938E-07  0.1200E+02
 -13.358  0.2123E-07  0.1200E+02
 -13.348  0.1530E-07  0.1200E+02
 -13.338  0.1100E-07  0.1200E+02
 -13.328  0.7882E-08  0.1200E+02
 -13.318  0.5635E-08  0.1200E+02
 -13.308  0.4018E-08  0.1200E+02
 -13.298  0.2857E-08  0.1200E+02
 -13.288  0.2027E-08  0.1200E+02
 -13.278  0.1434E-08  0.1200E+02
 -13.268  0.1011E-08  0.1200E+02
 -13.258  0.7117E-09  0.1200E+02
 -13.248  0.4995E-09  0.1200E+02
 -13.238  0.3496E-09  0.1200E+02
 -13.228  0.2440E-09  0.1200E+02
 -13.218  0.1699E-09  0.1200E+02
 -13.208  0.1180E-09  0.1200E+02
 -13.198  0.8171E-10  0.1200E+02
 -13.188  0.5644E-10  0.1200E+02
 -13.178  0.3888E-10  0.1200E+02
 -13.168  0.2671E-10  0.1200E+02
 -13.158  0.1830E-10  0.1200E+02
 -13.148  0.1251E-10  0.1200E+02
 -13.138  0.8525E-11  0.1200E+02
 -13.128  0.5795E-11  0.1200E+02
 -13.118  0.3929E-11  0.1200E+02
 -13.108  0.2657E-11  0.1200E+02
 -13.098  0.1792E-11  0.1200E+02
 -13.088  0.1205E-11  0.1200E+02
 -13.078  0.8084E-12  0.1200E+02
 -13.068  0.5409E-12  0.1200E+02
 -13.058  0.3609E-12  0.1200E+02
 -13.048  0.2402E-12  0.1200E+02
 -13.038  0.1594E-12  0.1200E+02
 -13.028  0.1055E-12  0.1200E+02
 -13.018  0.6967E-13  0.1200E+02
 -13.008  0.4587E-13  0.1200E+02
 -12.998  0.3013E-13  0.1200E+02
 -12.988  0.1973E-13  0.1200E+02
 -12.978  0.1289E-13  0.1200E+02
 -12.968  0.8397E-14  0.1200E+02
 -12.958  0.5456E-14  0.1200E+02
 -12.948  0.3536E-14  0.1200E+02
 -12.938  0.2285E-14  0.1200E+02
 -12.928  0.1473E-14  0.1200E+02
 -12.918  0.9470E-15  0.1200E+02
 -12.908  0.6072E-15  0.1200E+02
 -12.898  0.3883E-15  0.1200E+02
 -12.888  0.2476E-15  0.1200E+02
 -12.878  0.1575E-15  0.1200E+02
 -12.868  0.9993E-16  0.1200E+02
 -12.858  0.6323E-16  0.1200E+02
 -12.848  0.3990E-16  0.1200E+02
 -12.838  0.2511E-16  0.1200E+02
 -12.828  0.1576E-16  0.1200E+02
 -12.818  0.9867E-17  0.1200E+02
 -12.808  0.6160E-17  0.1200E+02
 -12.798  0.3836E-17  0.1200E+02
 -12.788  0.2382E-17  0.1200E+02
 -12.778  0.1475E-17  0.1200E+02
 -12.768  0.9115E-18  0.1200E+02
 -12.758  0.5615E-18  0.1200E+02
 -12.748  0.3450E-18  0.1200E+02
 -12.738  0.2115E-18  0.1200E+02
 -12.728  0.1292E-18  0.1200E+02
 -12.718  0.7878E-19  0.1200E+02
 -12.708  0.4789E-19  0.1200E+02
 -12.698  0.2904E-19  0.1200E+02
 -12.688  0.1756E-19  0.1200E+02
 -12.678  0.1059E-19  0.1200E+02
 -12.668  0.6371E-20  0.1200E+02
 -12.658  0.3822E-20  0.1200E+02
 -12.648  0.2287E-20  0.1200E+02
 -12.638  0.1364E-20  0.1200E+02
 -12.628  0.8120E-21  0.1200E+02
 -12.618  0.4820E-21  0.1200E+02
 -12.608  0.2853E-21  0.1200E+02
 -12.598  0.1684E-21  0.1200E+02
 -12.588  0.9919E-22  0.1200E+02
 -12.578  0.5825E-22  0.1200E+02
 -12.568  0.3412E-22  0.1200E+02
 -12.558  0.1993E-22  0.1200E+02
 -12.548  0.1161E-22  0.1200E+02
 -12.538  0.6746E-23  0.1200E+02
 -12.528  0.3909E-23  0.1200E+02
 -12.518  0.2259E-23  0.1200E+02
 -12.508  0.1302E-23  0.1200E+02
 -12.498  0.7486E-24  0.1200E+02
 -12.488  0.4292E-24  0.1200E+02
 -12.478  0.2454E-24  0.1200E+02
 -12.468  0.1400E-24  0.1200E+02
 -12.458  0.7960E-25  0.1200E+02
 -12.448  0.4516E-25  0.1200E+02
 -12.438  0.2555E-25  0.1200E+02
 -12.428  0.1441E-25  0.1200E+02
 -12.418  0.8112E-26  0.1200E+02
 -12.408  0.4553E-26  0.1200E+02
 -12.398  0.2548E-26  0.1200E+02
 -12.388  0.1423E-26  0.1200E+02
 -12.378  0.7920E-27  0.1200E+02
 -12.368  0.4398E-27  0.1200E+02
 -12.358  0.2436E-27  0.1200E+02
 -12.348  0.1345E-27  0.1200E+02
 -12.338  0.7411E-28  0.1200E+02
 -12.328  0.4071E-28  0.1200E+02
 -12.318  0.2231E-28  0.1200E+02
 -12.308  0.1219E-28  0.1200E+02
 -12.298  0.6644E-29  0.1200E+02
 -12.288  0.3611E-29  0.1200E+02
 -12.278  0.1958E-29  0.1200E+02
 -12.268  0.1059E-29  0.1200E+02
 -12.258  0.5708E-30  0.1200E+02
 -12.248  0.3070E-30  0.1200E+02
 -12.238  0.1646E-30  0.1200E+02
 -12.228  0.8807E-31  0.1200E+02
 -12.218  0.4699E-31  0.1200E+02
 -12.208  0.2500E-31  0.1200E+02
 -12.198  0.1327E-31  0.1200E+02
 -12.188  0.7021E-32  0.1200E+02
 -12.178  0.3706E-32  0.1200E+02
 -12.168  0.1951E-32  0.1200E+02
 -12.158  0.1024E-32  0.1200E+02
 -12.148  0.5364E-33  0.1200E+02
 -12.138  0.2801E-33  0.1200E+02
 -12.128  0.1459E-33  0.1200E+02
 -12.118  0.7579E-34  0.1200E+02
 -12.108  0.3926E-34  0.1200E+02
 -12.098  0.2029E-34  0.1200E+02
 -12.088  0.1045E-34  0.1200E+02
 -12.078  0.5372E-35  0.1200E+02
 -12.068  0.2754E-35  0.1200E+02
 -12.058  0.1408E-35  0.1200E+02
 -12.048  0.7177E-36  0.1200E+02
 -12.038  0.3649E-36  0.1200E+02
 -12.028  0.1851E-36  0.1200E+02
 -12.018  0.9360E-37  0.1200E+02
 -12.008  0.4721E-37  0.1200E+02
 -11.998  0.2375E-37  0.1200E+02
 -11.988  0.1192E-37  0.1200E+02
 -11.978  0.5963E-38  0.1200E+02
 -11.968  0.2976E-38  0.1200E+02
 -11.958  0.1481E-38  0.1200E+02
 -11.948  0.7352E-39  0.1200E+02
 -11.938  0.3640E-39  0.1200E+02
 -11.928  0.1797E-39  0.1200E+02
 -11.918  0.8850E-40  0.1200E+02
 -11.908  0.4346E-40  0.1200E+02
 -11.898  0.2129E-40  0.1200E+02
 -11.888  0.1040E-40  0.1200E+02
 -11.878  0.5067E-41  0.1200E+02
 -11.868  0.2462E-41  0.1200E+02
 -11.858  0.1193E-41  0.1200E+02
 -11.848  0.5766E-42  0.1200E+02
 -11.838  0.2780E-42  0.1200E+02
 -11.828  0.1336E-42  0.1200E+02
 -11.818  0.6406E-43  0.1200E+02
 -11.808  0.3063E-43  0.1200E+02
 -11.798  0.1461E-43  0.1200E+02
 -11.788  0.6948E-44  0.1200E+02
 -11.778  0.3296E-44  0.1200E+02
 -11.768  0.1559E-44  0.1200E+02
 -11.758  0.7357E-45  0.1200E+02
 -11.748  0.3462E-45  0.1200E+02
 -11.738  0.1625E-45  0.1200E+02
 -11.728  0.7605E-46  0.1200E+02
 -11.718  0.3550E-46  0.1200E+02
 -11.708  0.1653E-46  0.1200E+02
 -11.698  0.7674E-47  0.1200E+02
 -11.688  0.3554E-47  0.1200E+02
 -11.678  0.1641E-47  0.1200E+02
 -11.668  0.7560E-48  0.1200E+02
 -11.658  0.3473E-48  0.1200E+02
 -11.648  0.1591E-48  0.1200E+02
 -11.638  0.7270E-49  0.1200E+02
 -11.628  0.3313E-49  0.1200E+02
 -11.618  0.1506E-49  0.1200E+02
 -11.608  0.6825E-50  0.1200E+02
 -11.598  0.3085E-50  0.1200E+02
 -11.588  0.1391E-50  0.1200E+02
 -11.578  0.6255E-51  0.1200E+02
 -11.568  0.2805E-51  0.1200E+02
 -11.558  0.1255E-51  0.1200E+02
 -11.548  0.5596E-52  0.1200E+02
 -11.538  0.2490E-52  0.1200E+02
 -11.528  0.1105E-52  0.1200E+02
 -11.518  0.4888E-53  0.1200E+02
 -11.508  0.2157E-53  0.1200E+02
 -11.498  0.9494E-54  0.1200E+02
 -11.488  0.4167E-54  0.1200E+02
 -11.478  0.1824E-54  0.1200E+02
 -11.468  0.7966E-55  0.1200E+02
 -11.458  0.3469E-55  0.1200E+02
 -11.448  0.1506E-55  0.1200E+02
 -11.438  0.6525E-56  0.1200E+02
 -11.428  0.2818E-56  0.1200E+02
 -11.418  0.1214E-56  0.1200E+02
 -11.408  0.5217E-57  0.1200E+02
 -11.398  0.2236E-57  0.1200E+02
 -11.388  0.9554E-58  0.1200E+02
 -11.378  0.4072E-58  0.1200E+02
 -11.368  0.1731E-58  0.1200E+02
 -11.358  0.7339E-59  0.1200E+02
 -11.348  0.3103E-59  0.1200E+02
 -11.338  0.1309E-59  0.1200E+02
 -11.328  0.5503E-60  0.1200E+02
 -11.318  0.2308E-60  0.1200E+02
 -11.308  0.9656E-61  0.1200E+02
 -11.298  0.4029E-61  0.1200E+02
 -11.288  0.1676E-61  0.1200E+02
 -11.278  0.6956E-62  0.1200E+02
 -11.268  0.2879E-62  0.1200E+02
 -11.258  0.1188E-62  0.1200E+02
 -11.248  0.4891E-63  0.1200E+02
 -11.238  0.2008E-63  0.1200E+02
 -11.228  0.8222E-64  0.1200E+02
 -11.218  0.3358E-64  0.1200E+02
 -11.208  0.1367E-64  0.1200E+02
 -11.198  0.5554E-65  0.1200E+02
 -11.188  0.2250E-65  0.1200E+02
 -11.178  0.9091E-66  0.1200E+02
 -11.168  0.3663E-66  0.1200E+02
 -11.158  0.1472E-66  0.1200E+02
 -11.148  0.5899E-67  0.1200E+02
 -11.138  0.2358E-67  0.1200E+02
 -11.128  0.9399E-68  0.1200E+02
 -11.118  0.3737E-68  0.1200E+02
 -11.108  0.1482E-68  0.1200E+02
 -11.098  0.5859E-69  0.1200E+02
 -11.088  0.2311E-69  0.1200E+02
 -11.078  0.9089E-70  0.1200E+02
 -11.068  0.3566E-70  0.1200E+02
 -11.058  0.1395E-70  0.1200E+02
 -11.048  0.5443E-71  0.1200E+02
 -11.038  0.2118E-71  0.1200E+02
 -11.028  0.8220E-72  0.1200E+02
 -11.018  0.3182E-72  0.1200E+02
 -11.008  0.1228E-72  0.1200E+02
 -10.998  0.4729E-73  0.1200E+02
 -10.988  0.1816E-73  0.1200E+02
 -10.978  0.6953E-74  0.1200E+02
 -10.968  0.2655E-74  0.1200E+02
 -10.958  0.1011E-74  0.1200E+02
 -10.948  0.3842E-75  0.1200E+02
 -10.938  0.1456E-75  0.1200E+02
 -10.928  0.5500E-76  0.1200E+02
 -10.918  0.2072E-76  0.1200E+02
 -10.908  0.7789E-77  0.1200E+02
 -10.898  0.2919E-77  0.1200E+02
 -10.888  0.1091E-77  0.1200E+02
 -10.878  0.4068E-78  0.1200E+02
 -10.868  0.1513E-78  0.1200E+02
 -10.858  0.5609E-79  0.1200E+02
 -10.848  0.2074E-79  0.1200E+02
 -10.838  0.7652E-80  0.1200E+02
 -10.828  0.2815E-80  0.1200E+02
 -10.818  0.1033E-80  0.1200E+02
 -10.808  0.3779E-81  0.1200E+02
 -10.798  0.1380E-81  0.1200E+02
 -10.788  0.5029E-82  0.1200E+02
 -10.778  0.1833E-82  0.1200E+02
 -10.768  0.6716E-83  0.1200E+02
 -10.758  0.2505E-83  0.1200E+02
 -10.748  0.9843E-84  0.1200E+02
 -10.738  0.4367E-84  0.1200E+02
 -10.728  0.2407E-84  0.1200E+02
 -10.718  0.1715E-84  0.1200E+02
 -10.708  0.1485E-84  0.1200E+02
 -10.698  0.1407E-84  0.1200E+02
 -10.688  0.1384E-84  0.1200E+02
 -10.678  0.1379E-84  0.1200E+02
 -10.668  0.1377E-84  0.1200E+02
 -10.658  0.1377E-84  0.1200E+02
 -10.648  0.1377E-84  0.1200E+02
 -10.638  0.1377E-84  0.1200E+02
 -10.628  0.1377E-84  0.1200E+02
 -10.618  0.1377E-84  0.1200E+02
 -10.608  0.1377E-84  0.1200E+02
 -10.598  0.1377E-84  0.1200E+02
 -10.588  0.1377E-84  0.1200E+02
 -10.578  0.1377E-84  0.1200E+02
 -10.568  0.1379E-84  0.1200E+02
 -10.558  0.1385E-84  0.1200E+02
 -10.548  0.1401E-84  0.1200E+02
 -10.538  0.1445E-84  0.1200E+02
 -10.528  0.1569E-84  0.1200E+02
 -10.518  0.1913E-84  0.1200E+02
 -10.508  0.2866E-84  0.1200E+02
 -10.498  0.5501E-84  0.1200E+02
 -10.488  0.1277E-83  0.1200E+02
 -10.478  0.3276E-83  0.1200E+02
 -10.468  0.8760E-83  0.1200E+02
 -10.458  0.2376E-82  0.1200E+02
 -10.448  0.6469E-82  0.1200E+02
 -10.438  0.1760E-81  0.1200E+02
 -10.428  0.4782E-81  0.1200E+02
 -10.418  0.1296E-80  0.1200E+02
 -10.408  0.3502E-80  0.1200E+02
 -10.398  0.9441E-80  0.1200E+02
 -10.388  0.2538E-79  0.1200E+02
 -10.378  0.6806E-79  0.1200E+02
 -10.368  0.1820E-78  0.1200E+02
 -10.358  0.4853E-78  0.1200E+02
 -10.348  0.1291E-77  0.1200E+02
 -10.338  0.3424E-77  0.1200E+02
 -10.328  0.9056E-77  0.1200E+02
 -10.318  0.2389E-76  0.1200E+02
 -10.308  0.6286E-76  0.1200E+02
 -10.298  0.1649E-75  0.1200E+02
 -10.288  0.4316E-75  0.1200E+02
 -10.278  0.1126E-74  0.1200E+02
 -10.268  0.2932E-74  0.1200E+02
 -10.258  0.7610E-74  0.1200E+02
 -10.248  0.1970E-73  0.1200E+02
 -10.238  0.5086E-73  0.1200E+02
 -10.228  0.1310E-72  0.1200E+02
 -10.218  0.3363E-72  0.1200E+02
 -10.208  0.8612E-72  0.1200E+02
 -10.198  0.2199E-71  0.1200E+02
 -10.188  0.5602E-71  0.1200E+02
 -10.178  0.1423E-70  0.1200E+02
 -10.168  0.3605E-70  0.1200E+02
 -10.158  0.9109E-70  0.1200E+02
 -10.148  0.2295E-69  0.1200E+02
 -10.138  0.5767E-69  0.1200E+02
 -10.128  0.1445E-68  0.1200E+02
 -10.118  0.3613E-68  0.1200E+02
 -10.108  0.9005E-68  0.1200E+02
 -10.098  0.2239E-67  0.1200E+02
 -10.088  0.5550E-67  0.1200E+02
 -10.078  0.1372E-66  0.1200E+02
 -10.068  0.3384E-66  0.1200E+02
 -10.058  0.8322E-66  0.1200E+02
 -10.048  0.2041E-65  0.1200E+02
 -10.038  0.4992E-65  0.1200E+02
 -10.028  0.1218E-64  0.1200E+02
 -10.018  0.2963E-64  0.1200E+02
 -10.008  0.7188E-64  0.1200E+02
  -9.998  0.1739E-63  0.1200E+02
  -9.988  0.4197E-63  0.1200E+02
  -9.978  0.1010E-62  0.1200E+02
  -9.968  0.2424E-62  0.1200E+02
  -9.958  0.5803E-62  0.1200E+02
  -9.948  0.1385E-61  0.1200E+02
  -9.938  0.3298E-61  0.1200E+02
  -9.928  0.7831E-61  0.1200E+02
  -9.918  0.1854E-60  0.1200E+02
  -9.908  0.4379E-60  0.1200E+02
  -9.898  0.1031E-59  0.1200E+02
  -9.888  0.2423E-59  0.1200E+02
  -9.878  0.5675E-59  0.1200E+02
  -9.868  0.1326E-58  0.1200E+02
  -9.858  0.3089E-58  0.1200E+02
  -9.848  0.7178E-58  0.1200E+02
  -9.838  0.1663E-57  0.1200E+02
  -9.828  0.3844E-57  0.1200E+02
  -9.818  0.8860E-57  0.1200E+02
  -9.808  0.2037E-56  0.1200E+02
  -9.798  0.4669E-56  0.1200E+02
  -9.788  0.1067E-55  0.1200E+02
  -9.778  0.2434E-55  0.1200E+02
  -9.768  0.5534E-55  0.1200E+02
  -9.758  0.1255E-54  0.1200E+02
  -9.748  0.2839E-54  0.1200E+02
  -9.738  0.6403E-54  0.1200E+02
  -9.728  0.1440E-53  0.1200E+02
  -9.718  0.3231E-53  0.1200E+02
  -9.708  0.7229E-53  0.1200E+02
  -9.698  0.1613E-52  0.1200E+02
  -9.688  0.3590E-52  0.1200E+02
  -9.678  0.7967E-52  0.1200E+02
  -9.668  0.1763E-51  0.1200E+02
  -9.658  0.3892E-51  0.1200E+02
  -9.648  0.8569E-51  0.1200E+02
  -9.638  0.1881E-50  0.1200E+02
  -9.628  0.4119E-50  0.1200E+02
  -9.618  0.8995E-50  0.1200E+02
  -9.608  0.1959E-49  0.1200E+02
  -9.598  0.4254E-49  0.1200E+02
  -9.588  0.9215E-49  0.1200E+02
  -9.578  0.1991E-48  0.1200E+02
  -9.568  0.4288E-48  0.1200E+02
  -9.558  0.9214E-48  0.1200E+02
  -9.548  0.1974E-47  0.1200E+02
  -9.538  0.4219E-47  0.1200E+02
  -9.528  0.8992E-47  0.1200E+02
  -9.518  0.1911E-46  0.1200E+02
  -9.508  0.4051E-46  0.1200E+02
  -9.498  0.8564E-46  0.1200E+02
  -9.488  0.1806E-45  0.1200E+02
  -9.478  0.3796E-45  0.1200E+02
  -9.468  0.7961E-45  0.1200E+02
  -9.458  0.1665E-44  0.1200E+02
  -9.448  0.3472E-44  0.1200E+02
  -9.438  0.7223E-44  0.1200E+02
  -9.428  0.1498E-43  0.1200E+02
  -9.418  0.3100E-43  0.1200E+02
  -9.408  0.6395E-43  0.1200E+02
  -9.398  0.1316E-42  0.1200E+02
  -9.388  0.2700E-42  0.1200E+02
  -9.378  0.5527E-42  0.1200E+02
  -9.368  0.1128E-41  0.1200E+02
  -9.358  0.2296E-41  0.1200E+02
  -9.348  0.4662E-41  0.1200E+02
  -9.338  0.9438E-41  0.1200E+02
  -9.328  0.1906E-40  0.1200E+02
  -9.318  0.3837E-40  0.1200E+02
  -9.308  0.7706E-40  0.1200E+02
  -9.298  0.1543E-39  0.1200E+02
  -9.288  0.3083E-39  0.1200E+02
  -9.278  0.6141E-39  0.1200E+02
  -9.268  0.1220E-38  0.1200E+02
  -9.258  0.2417E-38  0.1200E+02
  -9.248  0.4777E-38  0.1200E+02
  -9.238  0.9413E-38  0.1200E+02
  -9.228  0.1850E-37  0.1200E+02
  -9.218  0.3626E-37  0.1200E+02
  -9.208  0.7088E-37  0.1200E+02
  -9.198  0.1382E-36  0.1200E+02
  -9.188  0.2686E-36  0.1200E+02
  -9.178  0.5209E-36  0.1200E+02
  -9.168  0.1007E-35  0.1200E+02
  -9.158  0.1943E-35  0.1200E+02
  -9.148  0.3736E-35  0.1200E+02
  -9.138  0.7166E-35  0.1200E+02
  -9.128  0.1371E-34  0.1200E+02
  -9.118  0.2615E-34  0.1200E+02
  -9.108  0.4976E-34  0.1200E+02
  -9.098  0.9442E-34  0.1200E+02
  -9.088  0.1787E-33  0.1200E+02
  -9.078  0.3372E-33  0.1200E+02
  -9.068  0.6347E-33  0.1200E+02
  -9.058  0.1191E-32  0.1200E+02
  -9.048  0.2231E-32  0.1200E+02
  -9.038  0.4164E-32  0.1200E+02
  -9.028  0.7754E-32  0.1200E+02
  -9.018  0.1440E-31  0.1200E+02
  -9.008  0.2667E-31  0.1200E+02
  -8.998  0.4925E-31  0.1200E+02
  -8.988  0.9072E-31  0.1200E+02
  -8.978  0.1666E-30  0.1200E+02
  -8.968  0.3053E-30  0.1200E+02
  -8.958  0.5578E-30  0.1200E+02
  -8.948  0.1016E-29  0.1200E+02
  -8.938  0.1847E-29  0.1200E+02
  -8.928  0.3348E-29  0.1200E+02
  -8.918  0.6051E-29  0.1200E+02
  -8.908  0.1091E-28  0.1200E+02
  -8.898  0.1961E-28  0.1200E+02
  -8.888  0.3516E-28  0.1200E+02
  -8.878  0.6286E-28  0.1200E+02
  -8.868  0.1121E-27  0.1200E+02
  -8.858  0.1993E-27  0.1200E+02
  -8.848  0.3536E-27  0.1200E+02
  -8.838  0.6254E-27  0.1200E+02
  -8.828  0.1103E-26  0.1200E+02
  -8.818  0.1941E-26  0.1200E+02
  -8.808  0.3405E-26  0.1200E+02
  -8.798  0.5959E-26  0.1200E+02
  -8.788  0.1040E-25  0.1200E+02
  -8.778  0.1810E-25  0.1200E+02
  -8.768  0.3141E-25  0.1200E+02
  -8.758  0.5438E-25  0.1200E+02
  -8.748  0.9387E-25  0.1200E+02
  -8.738  0.1616E-24  0.1200E+02
  -8.728  0.2775E-24  0.1200E+02
  -8.718  0.4752E-24  0.1200E+02
  -8.708  0.8116E-24  0.1200E+02
  -8.698  0.1382E-23  0.1200E+02
  -8.688  0.2348E-23  0.1200E+02
  -8.678  0.3977E-23  0.1200E+02
  -8.668  0.6720E-23  0.1200E+02
  -8.658  0.1132E-22  0.1200E+02
  -8.648  0.1902E-22  0.1200E+02
  -8.638  0.3188E-22  0.1200E+02
  -8.628  0.5328E-22  0.1200E+02
  -8.618  0.8881E-22  0.1200E+02
  -8.608  0.1476E-21  0.1200E+02
  -8.598  0.2447E-21  0.1200E+02
  -8.588  0.4046E-21  0.1200E+02
  -8.578  0.6672E-21  0.1200E+02
  -8.568  0.1097E-20  0.1200E+02
  -8.558  0.1799E-20  0.1200E+02
  -8.548  0.2943E-20  0.1200E+02
  -8.538  0.4800E-20  0.1200E+02
  -8.528  0.7809E-20  0.1200E+02
  -8.518  0.1267E-19  0.1200E+02
  -8.508  0.2050E-19  0.1200E+02
  -8.498  0.3308E-19  0.1200E+02
  -8.488  0.5323E-19  0.1200E+02
  -8.478  0.8543E-19  0.1200E+02
  -8.468  0.1367E-18  0.1200E+02
  -8.458  0.2183E-18  0.1200E+02
  -8.448  0.3475E-18  0.1200E+02
  -8.438  0.5517E-18  0.1200E+02
  -8.428  0.8736E-18  0.1200E+02
  -8.418  0.1380E-17  0.1200E+02
  -8.408  0.2173E-17  0.1200E+02
  -8.398  0.3412E-17  0.1200E+02
  -8.388  0.5345E-17  0.1200E+02
  -8.378  0.8350E-17  0.1200E+02
  -8.368  0.1301E-16  0.1200E+02
  -8.358  0.2021E-16  0.1200E+02
  -8.348  0.3132E-16  0.1200E+02
  -8.338  0.4840E-16  0.1200E+02
  -8.328  0.7460E-16  0.1200E+02
  -8.318  0.1147E-15  0.1200E+02
  -8.308  0.1758E-15  0.1200E+02
  -8.298  0.2687E-15  0.1200E+02
  -8.288  0.4097E-15  0.1200E+02
  -8.278  0.6229E-15  0.1200E+02
  -8.268  0.9446E-15  0.1200E+02
  -8.258  0.1429E-14  0.1200E+02
  -8.248  0.2155E-14  0.1200E+02
  -8.238  0.3241E-14  0.1200E+02
  -8.228  0.4862E-14  0.1200E+02
  -8.218  0.7274E-14  0.1200E+02
  -8.208  0.1085E-13  0.1200E+02
  -8.198  0.1615E-13  0.1200E+02
  -8.188  0.2397E-13  0.1200E+02
  -8.178  0.3547E-13  0.1200E+02
  -8.168  0.5236E-13  0.1200E+02
  -8.158  0.7707E-13  0.1200E+02
  -8.148  0.1131E-12  0.1200E+02
  -8.138  0.1657E-12  0.1200E+02
  -8.128  0.2419E-12  0.1200E+02
  -8.118  0.3522E-12  0.1200E+02
  -8.108  0.5116E-12  0.1200E+02
  -8.098  0.7410E-12  0.1200E+02
  -8.088  0.1070E-11  0.1200E+02
  -8.078  0.1542E-11  0.1200E+02
  -8.068  0.2215E-11  0.1200E+02
  -8.058  0.3174E-11  0.1200E+02
  -8.048  0.4535E-11  0.1200E+02
  -8.038  0.6463E-11  0.1200E+02
  -8.028  0.9186E-11  0.1200E+02
  -8.018  0.1302E-10  0.1200E+02
  -8.008  0.1841E-10  0.1200E+02
  -7.998  0.2595E-10  0.1200E+02
  -7.988  0.3648E-10  0.1200E+02
  -7.978  0.5116E-10  0.1200E+02
  -7.968  0.7154E-10  0.1200E+02
  -7.958  0.9977E-10  0.1200E+02
  -7.948  0.1388E-09  0.1200E+02
  -7.938  0.1925E-09  0.1200E+02
  -7.928  0.2663E-09  0.1200E+02
  -7.918  0.3674E-09  0.1200E+02
  -7.908  0.5055E-09  0.1200E+02
  -7.898  0.6937E-09  0.1200E+02
  -7.888  0.9494E-09  0.1200E+02
  -7.878  0.1296E-08  0.1200E+02
  -7.868  0.1764E-08  0.1200E+02
  -7.858  0.2394E-08  0.1200E+02
  -7.848  0.3242E-08  0.1200E+02
  -7.838  0.4377E-08  0.1200E+02
  -7.828  0.5893E-08  0.1200E+02
  -7.818  0.7915E-08  0.1200E+02
  -7.808  0.1060E-07  0.1200E+02
  -7.798  0.1416E-07  0.1200E+02
  -7.788  0.1886E-07  0.1200E+02
  -7.778  0.2506E-07  0.1200E+02
  -7.768  0.3320E-07  0.1200E+02
  -7.758  0.4387E-07  0.1200E+02
  -7.748  0.5781E-07  0.1200E+02
  -7.738  0.7598E-07  0.1200E+02
  -7.728  0.9959E-07  0.1200E+02
  -7.718  0.1302E-06  0.1200E+02
  -7.708  0.1697E-06  0.1200E+02
  -7.698  0.2207E-06  0.1200E+02
  -7.688  0.2861E-06  0.1200E+02
  -7.678  0.3700E-06  0.1200E+02
  -7.668  0.4772E-06  0.1200E+02
  -7.658  0.6138E-06  0.1200E+02
  -7.648  0.7874E-06  0.1200E+02
  -7.638  0.1007E-05  0.1200E+02
  -7.628  0.1285E-05  0.1200E+02
  -7.618  0.1636E-05  0.1200E+02
  -7.608  0.2076E-05  0.1200E+02
  -7.598  0.2627E-05  0.1200E+02
  -7.588  0.3316E-05  0.1200E+02
  -7.578  0.4175E-05  0.1200E+02
  -7.568  0.5242E-05  0.1200E+02
  -7.558  0.6563E-05  0.1200E+02
  -7.548  0.8197E-05  0.1200E+02
  -7.538  0.1021E-04  0.1200E+02
  -7.528  0.1268E-04  0.1200E+02
  -7.518  0.1571E-04  0.1200E+02
  -7.508  0.1941E-04  0.1200E+02
  -7.498  0.2392E-04  0.1200E+02
  -7.488  0.2939E-04  0.1200E+02
  -7.478  0.3603E-04  0.1200E+02
  -7.468  0.4404E-04  0.1200E+02
  -7.458  0.5370E-04  0.1200E+02
  -7.448  0.6529E-04  0.1200E+02
  -7.438  0.7919E-04  0.1200E+02
  -7.428  0.9578E-04  0.1200E+02
  -7.418  0.1155E-03  0.1200E+02
  -7.408  0.1390E-03  0.1200E+02
  -7.398  0.1668E-03  0.1200E+02
  -7.388  0.1997E-03  0.1200E+02
  -7.378  0.2384E-03  0.1200E+02
  -7.368  0.2838E-03  0.1200E+02
  -7.358  0.3370E-03  0.1200E+02
  -7.348  0.3992E-03  0.1200E+02
  -7.338  0.4716E-03  0.1200E+02
  -7.328  0.5558E-03  0.1200E+02
  -7.318  0.6532E-03  0.1200E+02
  -7.308  0.7657E-03  0.1200E+02
  -7.298  0.8954E-03  0.1200E+02
  -7.288  0.1044E-02  0.1200E+02
  -7.278  0.1215E-02  0.1200E+02
  -7.268  0.1410E-02  0.1200E+02
  -7.258  0.1632E-02  0.1200E+02
  -7.248  0.1885E-02  0.1200E+02
  -7.238  0.2171E-02  0.1200E+02
  -7.228  0.2494E-02  0.1200E+02
  -7.218  0.2859E-02  0.1200E+02
  -7.208  0.3269E-02  0.1200E+02
  -7.198  0.3729E-02  0.1200E+02
  -7.188  0.4244E-02  0.1200E+02
  -7.178  0.4818E-02  0.1200E+02
  -7.168  0.5458E-02  0.1200E+02
  -7.158  0.6168E-02  0.1200E+02
  -7.148  0.6954E-02  0.1200E+02
  -7.138  0.7823E-02  0.1200E+02
  -7.128  0.8781E-02  0.1200E+02
  -7.118  0.9835E-02  0.1200E+02
  -7.108  0.1099E-01  0.1200E+02
  -7.098  0.1226E-01  0.1200E+02
  -7.088  0.1364E-01  0.1200E+02
  -7.078  0.1515E-01  0.1200E+02
  -7.068  0.1679E-01  0.1200E+02
  -7.058  0.1857E-01  0.1200E+02
  -7.048  0.2051E-01  0.1200E+02
  -7.038  0.2260E-01  0.1200E+02
  -7.028  0.2486E-01  0.1200E+02
  -7.018  0.2729E-01  0.1200E+02
  -7.008  0.2991E-01  0.1200E+02
  -6.998  0.3273E-01  0.1200E+02
  -6.988  0.3575E-01  0.1200E+02
  -6.978  0.3899E-01  0.1200E+02
  -6.968  0.4245E-01  0.1200E+02
  -6.958  0.4615E-01  0.1200E+02
  -6.948  0.5010E-01  0.1201E+02
  -6.938  0.5431E-01  0.1201E+02
  -6.928  0.5879E-01  0.1201E+02
  -6.918  0.6355E-01  0.1201E+02
  -6.908  0.6861E-01  0.1201E+02
  -6.898  0.7398E-01  0.1201E+02
  -6.888  0.7967E-01  0.1201E+02
  -6.878  0.8569E-01  0.1201E+02
  -6.868  0.9205E-01  0.1201E+02
  -6.858  0.9878E-01  0.1201E+02
  -6.848  0.1059E+00  0.1201E+02
  -6.838  0.1133E+00  0.1201E+02
  -6.828  0.1212E+00  0.1202E+02
  -6.818  0.1295E+00  0.1202E+02
  -6.808  0.1382E+00  0.1202E+02
  -6.798  0.1473E+00  0.1202E+02
  -6.788  0.1568E+00  0.1202E+02
  -6.778  0.1668E+00  0.1202E+02
  -6.768  0.1771E+00  0.1202E+02
  -6.758  0.1880E+00  0.1203E+02
  -6.748  0.1993E+00  0.1203E+02
  -6.738  0.2110E+00  0.1203E+02
  -6.728  0.2231E+00  0.1203E+02
  -6.718  0.2357E+00  0.1204E+02
  -6.708  0.2486E+00  0.1204E+02
  -6.698  0.2620E+00  0.1204E+02
  -6.688  0.2757E+00  0.1204E+02
  -6.678  0.2898E+00  0.1205E+02
  -6.668  0.3042E+00  0.1205E+02
  -6.658  0.3189E+00  0.1205E+02
  -6.648  0.3339E+00  0.1206E+02
  -6.638  0.3492E+00  0.1206E+02
  -6.628  0.3647E+00  0.1206E+02
  -6.618  0.3803E+00  0.1207E+02
  -6.608  0.3961E+00  0.1207E+02
  -6.598  0.4121E+00  0.1207E+02
  -6.588  0.4281E+00  0.1208E+02
  -6.578  0.4441E+00  0.1208E+02
  -6.568  0.4601E+00  0.1209E+02
  -6.558  0.4762E+00  0.1209E+02
  -6.548  0.4922E+00  0.1210E+02
  -6.538  0.5081E+00  0.1210E+02
  -6.528  0.5239E+00  0.1211E+02
  -6.518  0.5396E+00  0.1211E+02
  -6.508  0.5552E+00  0.1212E+02
  -6.498  0.5706E+00  0.1212E+02
  -6.488  0.5860E+00  0.1213E+02
  -6.478  0.6012E+00  0.1214E+02
  -6.468  0.6164E+00  0.1214E+02
  -6.458  0.6314E+00  0.1215E+02
  -6.448  0.6465E+00  0.1216E+02
  -6.438  0.6616E+00  0.1216E+02
  -6.428  0.6767E+00  0.1217E+02
  -6.418  0.6920E+00  0.1218E+02
  -6.408  0.7074E+00  0.1218E+02
  -6.398  0.7231E+00  0.1219E+02
  -6.388  0.7392E+00  0.1220E+02
  -6.378  0.7556E+00  0.1220E+02
  -6.368  0.7727E+00  0.1221E+02
  -6.358  0.7903E+00  0.1222E+02
  -6.348  0.8087E+00  0.1223E+02
  -6.338  0.8279E+00  0.1224E+02
  -6.328  0.8481E+00  0.1225E+02
  -6.318  0.8693E+00  0.1225E+02
  -6.308  0.8918E+00  0.1226E+02
  -6.298  0.9155E+00  0.1227E+02
  -6.288  0.9406E+00  0.1228E+02
  -6.278  0.9672E+00  0.1229E+02
  -6.268  0.9954E+00  0.1230E+02
  -6.258  0.1025E+01  0.1231E+02
  -6.248  0.1057E+01  0.1232E+02
  -6.238  0.1090E+01  0.1233E+02
  -6.228  0.1126E+01  0.1234E+02
  -6.218  0.1163E+01  0.1236E+02
  -6.208  0.1203E+01  0.1237E+02
  -6.198  0.1244E+01  0.1238E+02
  -6.188  0.1288E+01  0.1239E+02
  -6.178  0.1333E+01  0.1241E+02
  -6.168  0.1381E+01  0.1242E+02
  -6.158  0.1431E+01  0.1243E+02
  -6.148  0.1482E+01  0.1245E+02
  -6.138  0.1536E+01  0.1246E+02
  -6.128  0.1591E+01  0.1248E+02
  -6.118  0.1647E+01  0.1250E+02
  -6.108  0.1705E+01  0.1251E+02
  -6.098  0.1765E+01  0.1253E+02
  -6.088  0.1825E+01  0.1255E+02
  -6.078  0.1887E+01  0.1257E+02
  -6.068  0.1949E+01  0.1259E+02
  -6.058  0.2011E+01  0.1261E+02
  -6.048  0.2074E+01  0.1263E+02
  -6.038  0.2136E+01  0.1265E+02
  -6.028  0.2198E+01  0.1267E+02
  -6.018  0.2260E+01  0.1270E+02
  -6.008  0.2320E+01  0.1272E+02
  -5.998  0.2379E+01  0.1274E+02
  -5.988  0.2436E+01  0.1277E+02
  -5.978  0.2491E+01  0.1279E+02
  -5.968  0.2543E+01  0.1282E+02
  -5.958  0.2593E+01  0.1284E+02
  -5.948  0.2640E+01  0.1287E+02
  -5.938  0.2684E+01  0.1290E+02
  -5.928  0.2724E+01  0.1292E+02
  -5.918  0.2760E+01  0.1295E+02
  -5.908  0.2793E+01  0.1298E+02
  -5.898  0.2820E+01  0.1301E+02
  -5.888  0.2844E+01  0.1304E+02
  -5.878  0.2863E+01  0.1306E+02
  -5.868  0.2877E+01  0.1309E+02
  -5.858  0.2886E+01  0.1312E+02
  -5.848  0.2890E+01  0.1315E+02
  -5.838  0.2889E+01  0.1318E+02
  -5.828  0.2883E+01  0.1321E+02
  -5.818  0.2873E+01  0.1324E+02
  -5.808  0.2857E+01  0.1327E+02
  -5.798  0.2837E+01  0.1329E+02
  -5.788  0.2812E+01  0.1332E+02
  -5.778  0.2783E+01  0.1335E+02
  -5.768  0.2750E+01  0.1338E+02
  -5.758  0.2712E+01  0.1340E+02
  -5.748  0.2671E+01  0.1343E+02
  -5.738  0.2627E+01  0.1346E+02
  -5.728  0.2579E+01  0.1348E+02
  -5.718  0.2528E+01  0.1351E+02
  -5.708  0.2475E+01  0.1353E+02
  -5.698  0.2419E+01  0.1356E+02
  -5.688  0.2362E+01  0.1358E+02
  -5.678  0.2303E+01  0.1360E+02
  -5.668  0.2242E+01  0.1363E+02
  -5.658  0.2180E+01  0.1365E+02
  -5.648  0.2118E+01  0.1367E+02
  -5.638  0.2054E+01  0.1369E+02
  -5.628  0.1991E+01  0.1371E+02
  -5.618  0.1927E+01  0.1373E+02
  -5.608  0.1864E+01  0.1375E+02
  -5.598  0.1801E+01  0.1377E+02
  -5.588  0.1739E+01  0.1378E+02
  -5.578  0.1677E+01  0.1380E+02
  -5.568  0.1617E+01  0.1382E+02
  -5.558  0.1557E+01  0.1383E+02
  -5.548  0.1499E+01  0.1385E+02
  -5.538  0.1442E+01  0.1386E+02
  -5.528  0.1386E+01  0.1388E+02
  -5.518  0.1332E+01  0.1389E+02
  -5.508  0.1279E+01  0.1390E+02
  -5.498  0.1228E+01  0.1391E+02
  -5.488  0.1178E+01  0.1393E+02
  -5.478  0.1130E+01  0.1394E+02
  -5.468  0.1084E+01  0.1395E+02
  -5.458  0.1040E+01  0.1396E+02
  -5.448  0.9976E+00  0.1397E+02
  -5.438  0.9569E+00  0.1398E+02
  -5.428  0.9181E+00  0.1399E+02
  -5.418  0.8813E+00  0.1400E+02
  -5.408  0.8464E+00  0.1400E+02
  -5.398  0.8135E+00  0.1401E+02
  -5.388  0.7826E+00  0.1402E+02
  -5.378  0.7539E+00  0.1403E+02
  -5.368  0.7274E+00  0.1403E+02
  -5.358  0.7031E+00  0.1404E+02
  -5.348  0.6811E+00  0.1405E+02
  -5.338  0.6614E+00  0.1406E+02
  -5.328  0.6443E+00  0.1406E+02
  -5.318  0.6296E+00  0.1407E+02
  -5.308  0.6176E+00  0.1407E+02
  -5.298  0.6083E+00  0.1408E+02
  -5.288  0.6017E+00  0.1409E+02
  -5.278  0.5980E+00  0.1409E+02
  -5.268  0.5972E+00  0.1410E+02
  -5.258  0.5994E+00  0.1410E+02
  -5.248  0.6047E+00  0.1411E+02
  -5.238  0.6130E+00  0.1412E+02
  -5.228  0.6246E+00  0.1412E+02
  -5.218  0.6393E+00  0.1413E+02
  -5.208  0.6573E+00  0.1414E+02
  -5.198  0.6785E+00  0.1414E+02
  -5.188  0.7030E+00  0.1415E+02
  -5.178  0.7307E+00  0.1416E+02
  -5.168  0.7616E+00  0.1416E+02
  -5.158  0.7956E+00  0.1417E+02
  -5.148  0.8328E+00  0.1418E+02
  -5.138  0.8729E+00  0.1419E+02
  -5.128  0.9160E+00  0.1420E+02
  -5.118  0.9618E+00  0.1421E+02
  -5.108  0.1010E+01  0.1422E+02
  -5.098  0.1061E+01  0.1423E+02
  -5.088  0.1115E+01  0.1424E+02
  -5.078  0.1170E+01  0.1425E+02
  -5.068  0.1227E+01  0.1426E+02
  -5.058  0.1286E+01  0.1428E+02
  -5.048  0.1347E+01  0.1429E+02
  -5.038  0.1409E+01  0.1430E+02
  -5.028  0.1471E+01  0.1432E+02
  -5.018  0.1535E+01  0.1433E+02
  -5.008  0.1598E+01  0.1435E+02
  -4.998  0.1662E+01  0.1437E+02
  -4.988  0.1726E+01  0.1438E+02
  -4.978  0.1789E+01  0.1440E+02
  -4.968  0.1852E+01  0.1442E+02
  -4.958  0.1913E+01  0.1444E+02
  -4.948  0.1973E+01  0.1446E+02
  -4.938  0.2032E+01  0.1448E+02
  -4.928  0.2088E+01  0.1450E+02
  -4.918  0.2143E+01  0.1452E+02
  -4.908  0.2195E+01  0.1454E+02
  -4.898  0.2245E+01  0.1457E+02
  -4.888  0.2292E+01  0.1459E+02
  -4.878  0.2336E+01  0.1461E+02
  -4.868  0.2377E+01  0.1464E+02
  -4.858  0.2415E+01  0.1466E+02
  -4.848  0.2449E+01  0.1469E+02
  -4.838  0.2480E+01  0.1471E+02
  -4.828  0.2507E+01  0.1474E+02
  -4.818  0.2531E+01  0.1476E+02
  -4.808  0.2552E+01  0.1479E+02
  -4.798  0.2568E+01  0.1481E+02
  -4.788  0.2581E+01  0.1484E+02
  -4.778  0.2591E+01  0.1486E+02
  -4.768  0.2597E+01  0.1489E+02
  -4.758  0.2599E+01  0.1492E+02
  -4.748  0.2598E+01  0.1494E+02
  -4.738  0.2593E+01  0.1497E+02
  -4.728  0.2586E+01  0.1499E+02
  -4.718  0.2575E+01  0.1502E+02
  -4.708  0.2561E+01  0.1504E+02
  -4.698  0.2544E+01  0.1507E+02
  -4.688  0.2525E+01  0.1510E+02
  -4.678  0.2503E+01  0.1512E+02
  -4.668  0.2478E+01  0.1515E+02
  -4.658  0.2451E+01  0.1517E+02
  -4.648  0.2422E+01  0.1519E+02
  -4.638  0.2390E+01  0.1522E+02
  -4.628  0.2357E+01  0.1524E+02
  -4.618  0.2322E+01  0.1526E+02
  -4.608  0.2286E+01  0.1529E+02
  -4.598  0.2248E+01  0.1531E+02
  -4.588  0.2208E+01  0.1533E+02
  -4.578  0.2168E+01  0.1535E+02
  -4.568  0.2126E+01  0.1537E+02
  -4.558  0.2084E+01  0.1540E+02
  -4.548  0.2041E+01  0.1542E+02
  -4.538  0.1997E+01  0.1544E+02
  -4.528  0.1953E+01  0.1546E+02
  -4.518  0.1909E+01  0.1547E+02
  -4.508  0.1865E+01  0.1549E+02
  -4.498  0.1820E+01  0.1551E+02
  -4.488  0.1776E+01  0.1553E+02
  -4.478  0.1733E+01  0.1555E+02
  -4.468  0.1689E+01  0.1556E+02
  -4.458  0.1647E+01  0.1558E+02
  -4.448  0.1605E+01  0.1560E+02
  -4.438  0.1564E+01  0.1561E+02
  -4.428  0.1524E+01  0.1563E+02
  -4.418  0.1485E+01  0.1564E+02
  -4.408  0.1447E+01  0.1566E+02
  -4.398  0.1411E+01  0.1567E+02
  -4.388  0.1376E+01  0.1568E+02
  -4.378  0.1343E+01  0.1570E+02
  -4.368  0.1312E+01  0.1571E+02
  -4.358  0.1282E+01  0.1572E+02
  -4.348  0.1255E+01  0.1574E+02
  -4.338  0.1229E+01  0.1575E+02
  -4.328  0.1206E+01  0.1576E+02
  -4.318  0.1184E+01  0.1577E+02
  -4.308  0.1165E+01  0.1578E+02
  -4.298  0.1148E+01  0.1580E+02
  -4.288  0.1134E+01  0.1581E+02
  -4.278  0.1122E+01  0.1582E+02
  -4.268  0.1112E+01  0.1583E+02
  -4.258  0.1105E+01  0.1584E+02
  -4.248  0.1100E+01  0.1585E+02
  -4.238  0.1098E+01  0.1586E+02
  -4.228  0.1098E+01  0.1587E+02
  -4.218  0.1101E+01  0.1588E+02
  -4.208  0.1106E+01  0.1590E+02
  -4.198  0.1114E+01  0.1591E+02
  -4.188  0.1124E+01  0.1592E+02
  -4.178  0.1137E+01  0.1593E+02
  -4.168  0.1152E+01  0.1594E+02
  -4.158  0.1170E+01  0.1595E+02
  -4.148  0.1190E+01  0.1596E+02
  -4.138  0.1212E+01  0.1598E+02
  -4.128  0.1237E+01  0.1599E+02
  -4.118  0.1264E+01  0.1600E+02
  -4.108  0.1292E+01  0.1601E+02
  -4.098  0.1323E+01  0.1603E+02
  -4.088  0.1356E+01  0.1604E+02
  -4.078  0.1390E+01  0.1605E+02
  -4.068  0.1426E+01  0.1607E+02
  -4.058  0.1464E+01  0.1608E+02
  -4.048  0.1502E+01  0.1610E+02
  -4.038  0.1542E+01  0.1611E+02
  -4.028  0.1583E+01  0.1613E+02
  -4.018  0.1625E+01  0.1615E+02
  -4.008  0.1667E+01  0.1616E+02
  -3.998  0.1709E+01  0.1618E+02
  -3.988  0.1752E+01  0.1620E+02
  -3.978  0.1795E+01  0.1622E+02
  -3.968  0.1838E+01  0.1623E+02
  -3.958  0.1880E+01  0.1625E+02
  -3.948  0.1921E+01  0.1627E+02
  -3.938  0.1962E+01  0.1629E+02
  -3.928  0.2002E+01  0.1631E+02
  -3.918  0.2040E+01  0.1633E+02
  -3.908  0.2077E+01  0.1635E+02
  -3.898  0.2113E+01  0.1637E+02
  -3.888  0.2147E+01  0.1640E+02
  -3.878  0.2179E+01  0.1642E+02
  -3.868  0.2209E+01  0.1644E+02
  -3.858  0.2237E+01  0.1646E+02
  -3.848  0.2263E+01  0.1648E+02
  -3.838  0.2287E+01  0.1651E+02
  -3.828  0.2308E+01  0.1653E+02
  -3.818  0.2327E+01  0.1655E+02
  -3.808  0.2344E+01  0.1658E+02
  -3.798  0.2359E+01  0.1660E+02
  -3.788  0.2370E+01  0.1662E+02
  -3.778  0.2380E+01  0.1665E+02
  -3.768  0.2387E+01  0.1667E+02
  -3.758  0.2392E+01  0.1670E+02
  -3.748  0.2395E+01  0.1672E+02
  -3.738  0.2395E+01  0.1674E+02
  -3.728  0.2394E+01  0.1677E+02
  -3.718  0.2390E+01  0.1679E+02
  -3.708  0.2385E+01  0.1682E+02
  -3.698  0.2377E+01  0.1684E+02
  -3.688  0.2368E+01  0.1686E+02
  -3.678  0.2358E+01  0.1689E+02
  -3.668  0.2346E+01  0.1691E+02
  -3.658  0.2332E+01  0.1693E+02
  -3.648  0.2317E+01  0.1696E+02
  -3.638  0.2302E+01  0.1698E+02
  -3.628  0.2285E+01  0.1700E+02
  -3.618  0.2267E+01  0.1702E+02
  -3.608  0.2248E+01  0.1705E+02
  -3.598  0.2229E+01  0.1707E+02
  -3.588  0.2209E+01  0.1709E+02
  -3.578  0.2188E+01  0.1711E+02
  -3.568  0.2167E+01  0.1714E+02
  -3.558  0.2146E+01  0.1716E+02
  -3.548  0.2125E+01  0.1718E+02
  -3.538  0.2104E+01  0.1720E+02
  -3.528  0.2083E+01  0.1722E+02
  -3.518  0.2062E+01  0.1724E+02
  -3.508  0.2042E+01  0.1726E+02
  -3.498  0.2022E+01  0.1728E+02
  -3.488  0.2002E+01  0.1730E+02
  -3.478  0.1984E+01  0.1732E+02
  -3.468  0.1966E+01  0.1734E+02
  -3.458  0.1949E+01  0.1736E+02
  -3.448  0.1934E+01  0.1738E+02
  -3.438  0.1920E+01  0.1740E+02
  -3.428  0.1907E+01  0.1742E+02
  -3.418  0.1896E+01  0.1744E+02
  -3.408  0.1887E+01  0.1746E+02
  -3.398  0.1881E+01  0.1747E+02
  -3.388  0.1876E+01  0.1749E+02
  -3.378  0.1875E+01  0.1751E+02
  -3.368  0.1876E+01  0.1753E+02
  -3.358  0.1880E+01  0.1755E+02
  -3.348  0.1887E+01  0.1757E+02
  -3.338  0.1898E+01  0.1759E+02
  -3.328  0.1913E+01  0.1761E+02
  -3.318  0.1931E+01  0.1763E+02
  -3.308  0.1954E+01  0.1765E+02
  -3.298  0.1982E+01  0.1766E+02
  -3.288  0.2015E+01  0.1769E+02
  -3.278  0.2053E+01  0.1771E+02
  -3.268  0.2096E+01  0.1773E+02
  -3.258  0.2144E+01  0.1775E+02
  -3.248  0.2199E+01  0.1777E+02
  -3.238  0.2259E+01  0.1779E+02
  -3.228  0.2326E+01  0.1782E+02
  -3.218  0.2399E+01  0.1784E+02
  -3.208  0.2478E+01  0.1786E+02
  -3.198  0.2564E+01  0.1789E+02
  -3.188  0.2657E+01  0.1792E+02
  -3.178  0.2756E+01  0.1794E+02
  -3.168  0.2861E+01  0.1797E+02
  -3.158  0.2973E+01  0.1800E+02
  -3.148  0.3091E+01  0.1803E+02
  -3.138  0.3215E+01  0.1807E+02
  -3.128  0.3345E+01  0.1810E+02
  -3.118  0.3480E+01  0.1813E+02
  -3.108  0.3620E+01  0.1817E+02
  -3.098  0.3766E+01  0.1821E+02
  -3.088  0.3915E+01  0.1825E+02
  -3.078  0.4068E+01  0.1829E+02
  -3.068  0.4224E+01  0.1833E+02
  -3.058  0.4383E+01  0.1837E+02
  -3.048  0.4543E+01  0.1842E+02
  -3.038  0.4705E+01  0.1847E+02
  -3.028  0.4867E+01  0.1851E+02
  -3.018  0.5029E+01  0.1857E+02
  -3.008  0.5191E+01  0.1862E+02
  -2.998  0.5350E+01  0.1867E+02
  -2.988  0.5507E+01  0.1873E+02
  -2.978  0.5661E+01  0.1878E+02
  -2.968  0.5811E+01  0.1884E+02
  -2.958  0.5957E+01  0.1890E+02
  -2.948  0.6098E+01  0.1896E+02
  -2.938  0.6232E+01  0.1902E+02
  -2.928  0.6361E+01  0.1909E+02
  -2.918  0.6482E+01  0.1915E+02
  -2.908  0.6596E+01  0.1922E+02
  -2.898  0.6703E+01  0.1928E+02
  -2.888  0.6801E+01  0.1935E+02
  -2.878  0.6891E+01  0.1942E+02
  -2.868  0.6972E+01  0.1949E+02
  -2.858  0.7044E+01  0.1956E+02
  -2.848  0.7108E+01  0.1963E+02
  -2.838  0.7163E+01  0.1970E+02
  -2.828  0.7209E+01  0.1978E+02
  -2.818  0.7246E+01  0.1985E+02
  -2.808  0.7275E+01  0.1992E+02
  -2.798  0.7296E+01  0.1999E+02
  -2.788  0.7308E+01  0.2007E+02
  -2.778  0.7313E+01  0.2014E+02
  -2.768  0.7311E+01  0.2021E+02
  -2.758  0.7302E+01  0.2029E+02
  -2.748  0.7286E+01  0.2036E+02
  -2.738  0.7265E+01  0.2043E+02
  -2.728  0.7237E+01  0.2050E+02
  -2.718  0.7205E+01  0.2058E+02
  -2.708  0.7168E+01  0.2065E+02
  -2.698  0.7127E+01  0.2072E+02
  -2.688  0.7082E+01  0.2079E+02
  -2.678  0.7034E+01  0.2086E+02
  -2.668  0.6983E+01  0.2093E+02
  -2.658  0.6929E+01  0.2100E+02
  -2.648  0.6874E+01  0.2107E+02
  -2.638  0.6816E+01  0.2114E+02
  -2.628  0.6758E+01  0.2120E+02
  -2.618  0.6698E+01  0.2127E+02
  -2.608  0.6637E+01  0.2134E+02
  -2.598  0.6575E+01  0.2140E+02
  -2.588  0.6513E+01  0.2147E+02
  -2.578  0.6451E+01  0.2153E+02
  -2.568  0.6388E+01  0.2160E+02
  -2.558  0.6325E+01  0.2166E+02
  -2.548  0.6261E+01  0.2172E+02
  -2.538  0.6198E+01  0.2179E+02
  -2.528  0.6134E+01  0.2185E+02
  -2.518  0.6070E+01  0.2191E+02
  -2.508  0.6005E+01  0.2197E+02
  -2.498  0.5940E+01  0.2203E+02
  -2.488  0.5875E+01  0.2209E+02
  -2.478  0.5808E+01  0.2214E+02
  -2.468  0.5741E+01  0.2220E+02
  -2.458  0.5673E+01  0.2226E+02
  -2.448  0.5604E+01  0.2231E+02
  -2.438  0.5534E+01  0.2237E+02
  -2.428  0.5462E+01  0.2242E+02
  -2.418  0.5388E+01  0.2248E+02
  -2.408  0.5313E+01  0.2253E+02
  -2.398  0.5236E+01  0.2258E+02
  -2.388  0.5157E+01  0.2263E+02
  -2.378  0.5076E+01  0.2269E+02
  -2.368  0.4994E+01  0.2274E+02
  -2.358  0.4908E+01  0.2278E+02
  -2.348  0.4821E+01  0.2283E+02
  -2.338  0.4732E+01  0.2288E+02
  -2.328  0.4640E+01  0.2293E+02
  -2.318  0.4546E+01  0.2297E+02
  -2.308  0.4450E+01  0.2302E+02
  -2.298  0.4351E+01  0.2306E+02
  -2.288  0.4251E+01  0.2310E+02
  -2.278  0.4148E+01  0.2314E+02
  -2.268  0.4044E+01  0.2318E+02
  -2.258  0.3938E+01  0.2322E+02
  -2.248  0.3830E+01  0.2326E+02
  -2.238  0.3721E+01  0.2330E+02
  -2.228  0.3610E+01  0.2334E+02
  -2.218  0.3499E+01  0.2337E+02
  -2.208  0.3386E+01  0.2340E+02
  -2.198  0.3273E+01  0.2344E+02
  -2.188  0.3159E+01  0.2347E+02
  -2.178  0.3046E+01  0.2350E+02
  -2.168  0.2932E+01  0.2353E+02
  -2.158  0.2818E+01  0.2356E+02
  -2.148  0.2705E+01  0.2358E+02
  -2.138  0.2593E+01  0.2361E+02
  -2.128  0.2481E+01  0.2363E+02
  -2.118  0.2371E+01  0.2366E+02
  -2.108  0.2262E+01  0.2368E+02
  -2.098  0.2154E+01  0.2370E+02
  -2.088  0.2049E+01  0.2372E+02
  -2.078  0.1946E+01  0.2374E+02
  -2.068  0.1844E+01  0.2376E+02
  -2.058  0.1746E+01  0.2378E+02
  -2.048  0.1649E+01  0.2379E+02
  -2.038  0.1556E+01  0.2381E+02
  -2.028  0.1465E+01  0.2382E+02
  -2.018  0.1377E+01  0.2384E+02
  -2.008  0.1292E+01  0.2385E+02
  -1.998  0.1211E+01  0.2386E+02
  -1.988  0.1132E+01  0.2387E+02
  -1.978  0.1057E+01  0.2389E+02
  -1.968  0.9847E+00  0.2390E+02
  -1.958  0.9159E+00  0.2390E+02
  -1.948  0.8504E+00  0.2391E+02
  -1.938  0.7881E+00  0.2392E+02
  -1.928  0.7291E+00  0.2393E+02
  -1.918  0.6732E+00  0.2393E+02
  -1.908  0.6204E+00  0.2394E+02
  -1.898  0.5708E+00  0.2395E+02
  -1.888  0.5241E+00  0.2395E+02
  -1.878  0.4803E+00  0.2396E+02
  -1.868  0.4393E+00  0.2396E+02
  -1.858  0.4011E+00  0.2396E+02
  -1.848  0.3655E+00  0.2397E+02
  -1.838  0.3324E+00  0.2397E+02
  -1.828  0.3017E+00  0.2397E+02
  -1.818  0.2733E+00  0.2398E+02
  -1.808  0.2471E+00  0.2398E+02
  -1.798  0.2230E+00  0.2398E+02
  -1.788  0.2008E+00  0.2398E+02
  -1.778  0.1805E+00  0.2399E+02
  -1.768  0.1619E+00  0.2399E+02
  -1.758  0.1450E+00  0.2399E+02
  -1.748  0.1295E+00  0.2399E+02
  -1.738  0.1155E+00  0.2399E+02
  -1.728  0.1028E+00  0.2399E+02
  -1.718  0.9125E-01  0.2399E+02
  -1.708  0.8086E-01  0.2399E+02
  -1.698  0.7151E-01  0.2400E+02
  -1.688  0.6311E-01  0.2400E+02
  -1.678  0.5558E-01  0.2400E+02
  -1.668  0.4884E-01  0.2400E+02
  -1.658  0.4284E-01  0.2400E+02
  -1.648  0.3749E-01  0.2400E+02
  -1.638  0.3274E-01  0.2400E+02
  -1.628  0.2853E-01  0.2400E+02
  -1.618  0.2481E-01  0.2400E+02
  -1.608  0.2153E-01  0.2400E+02
  -1.598  0.1864E-01  0.2400E+02
  -1.588  0.1611E-01  0.2400E+02
  -1.578  0.1389E-01  0.2400E+02
  -1.568  0.1195E-01  0.2400E+02
  -1.558  0.1026E-01  0.2400E+02
  -1.548  0.8790E-02  0.2400E+02
  -1.538  0.7518E-02  0.2400E+02
  -1.528  0.6418E-02  0.2400E+02
  -1.518  0.5470E-02  0.2400E+02
  -1.508  0.4657E-02  0.2400E+02
  -1.498  0.3961E-02  0.2400E+02
  -1.488  0.3369E-02  0.2400E+02
  -1.478  0.2868E-02  0.2400E+02
  -1.468  0.2448E-02  0.2400E+02
  -1.458  0.2099E-02  0.2400E+02
  -1.448  0.1813E-02  0.2400E+02
  -1.438  0.1585E-02  0.2400E+02
  -1.428  0.1408E-02  0.2400E+02
  -1.418  0.1280E-02  0.2400E+02
  -1.408  0.1197E-02  0.2400E+02
  -1.398  0.1158E-02  0.2400E+02
  -1.388  0.1163E-02  0.2400E+02
  -1.378  0.1213E-02  0.2400E+02
  -1.368  0.1310E-02  0.2400E+02
  -1.358  0.1458E-02  0.2400E+02
  -1.348  0.1663E-02  0.2400E+02
  -1.338  0.1930E-02  0.2400E+02
  -1.328  0.2268E-02  0.2400E+02
  -1.318  0.2688E-02  0.2400E+02
  -1.308  0.3202E-02  0.2400E+02
  -1.298  0.3825E-02  0.2400E+02
  -1.288  0.4574E-02  0.2400E+02
  -1.278  0.5469E-02  0.2400E+02
  -1.268  0.6534E-02  0.2400E+02
  -1.258  0.7795E-02  0.2400E+02
  -1.248  0.9283E-02  0.2400E+02
  -1.238  0.1103E-01  0.2400E+02
  -1.228  0.1308E-01  0.2400E+02
  -1.218  0.1548E-01  0.2400E+02
  -1.208  0.1828E-01  0.2400E+02
  -1.198  0.2152E-01  0.2400E+02
  -1.188  0.2529E-01  0.2400E+02
  -1.178  0.2964E-01  0.2400E+02
  -1.168  0.3465E-01  0.2400E+02
  -1.158  0.4040E-01  0.2400E+02
  -1.148  0.4700E-01  0.2400E+02
  -1.138  0.5455E-01  0.2400E+02
  -1.128  0.6314E-01  0.2400E+02
  -1.118  0.7292E-01  0.2401E+02
  -1.108  0.8400E-01  0.2401E+02
  -1.098  0.9652E-01  0.2401E+02
  -1.088  0.1106E+00  0.2401E+02
  -1.078  0.1265E+00  0.2401E+02
  -1.068  0.1443E+00  0.2401E+02
  -1.058  0.1642E+00  0.2401E+02
  -1.048  0.1864E+00  0.2401E+02
  -1.038  0.2111E+00  0.2402E+02
  -1.028  0.2385E+00  0.2402E+02
  -1.018  0.2687E+00  0.2402E+02
  -1.008  0.3021E+00  0.2402E+02
  -0.998  0.3388E+00  0.2403E+02
  -0.988  0.3791E+00  0.2403E+02
  -0.978  0.4231E+00  0.2404E+02
  -0.968  0.4711E+00  0.2404E+02
  -0.958  0.5233E+00  0.2405E+02
  -0.948  0.5800E+00  0.2405E+02
  -0.938  0.6412E+00  0.2406E+02
  -0.928  0.7072E+00  0.2406E+02
  -0.918  0.7782E+00  0.2407E+02
  -0.908  0.8543E+00  0.2408E+02
  -0.898  0.9357E+00  0.2409E+02
  -0.888  0.1022E+01  0.2410E+02
  -0.878  0.1115E+01  0.2411E+02
  -0.868  0.1212E+01  0.2412E+02
  -0.858  0.1316E+01  0.2414E+02
  -0.848  0.1424E+01  0.2415E+02
  -0.838  0.1539E+01  0.2417E+02
  -0.828  0.1659E+01  0.2418E+02
  -0.818  0.1784E+01  0.2420E+02
  -0.808  0.1914E+01  0.2422E+02
  -0.798  0.2049E+01  0.2424E+02
  -0.788  0.2189E+01  0.2426E+02
  -0.778  0.2333E+01  0.2429E+02
  -0.768  0.2482E+01  0.2431E+02
  -0.758  0.2634E+01  0.2434E+02
  -0.748  0.2790E+01  0.2437E+02
  -0.738  0.2948E+01  0.2439E+02
  -0.728  0.3110E+01  0.2443E+02
  -0.718  0.3273E+01  0.2446E+02
  -0.708  0.3437E+01  0.2449E+02
  -0.698  0.3603E+01  0.2453E+02
  -0.688  0.3769E+01  0.2457E+02
  -0.678  0.3935E+01  0.2461E+02
  -0.668  0.4100E+01  0.2465E+02
  -0.658  0.4264E+01  0.2469E+02
  -0.648  0.4426E+01  0.2473E+02
  -0.638  0.4586E+01  0.2478E+02
  -0.628  0.4743E+01  0.2483E+02
  -0.618  0.4897E+01  0.2488E+02
  -0.608  0.5046E+01  0.2493E+02
  -0.598  0.5192E+01  0.2498E+02
  -0.588  0.5332E+01  0.2503E+02
  -0.578  0.5467E+01  0.2509E+02
  -0.568  0.5597E+01  0.2514E+02
  -0.558  0.5721E+01  0.2520E+02
  -0.548  0.5839E+01  0.2526E+02
  -0.538  0.5951E+01  0.2532E+02
  -0.528  0.6056E+01  0.2538E+02
  -0.518  0.6155E+01  0.2544E+02
  -0.508  0.6247E+01  0.2550E+02
  -0.498  0.6333E+01  0.2557E+02
  -0.488  0.6412E+01  0.2563E+02
  -0.478  0.6485E+01  0.2569E+02
  -0.468  0.6551E+01  0.2576E+02
  -0.458  0.6612E+01  0.2583E+02
  -0.448  0.6666E+01  0.2589E+02
  -0.438  0.6715E+01  0.2596E+02
  -0.428  0.6758E+01  0.2603E+02
  -0.418  0.6796E+01  0.2610E+02
  -0.408  0.6830E+01  0.2616E+02
  -0.398  0.6858E+01  0.2623E+02
  -0.388  0.6883E+01  0.2630E+02
  -0.378  0.6904E+01  0.2637E+02
  -0.368  0.6921E+01  0.2644E+02
  -0.358  0.6936E+01  0.2651E+02
  -0.348  0.6947E+01  0.2658E+02
  -0.338  0.6956E+01  0.2665E+02
  -0.328  0.6962E+01  0.2672E+02
  -0.318  0.6967E+01  0.2679E+02
  -0.308  0.6970E+01  0.2686E+02
  -0.298  0.6971E+01  0.2693E+02
  -0.288  0.6971E+01  0.2700E+02
  -0.278  0.6969E+01  0.2707E+02
  -0.268  0.6967E+01  0.2714E+02
  -0.258  0.6963E+01  0.2721E+02
  -0.248  0.6959E+01  0.2727E+02
  -0.238  0.6954E+01  0.2734E+02
  -0.228  0.6948E+01  0.2741E+02
  -0.218  0.6942E+01  0.2748E+02
  -0.208  0.6934E+01  0.2755E+02
  -0.198  0.6927E+01  0.2762E+02
  -0.188  0.6918E+01  0.2769E+02
  -0.178  0.6908E+01  0.2776E+02
  -0.168  0.6898E+01  0.2783E+02
  -0.158  0.6887E+01  0.2790E+02
  -0.148  0.6874E+01  0.2797E+02
  -0.138  0.6861E+01  0.2804E+02
  -0.128  0.6847E+01  0.2810E+02
  -0.118  0.6832E+01  0.2817E+02
  -0.108  0.6815E+01  0.2824E+02
  -0.098  0.6798E+01  0.2831E+02
  -0.088  0.6780E+01  0.2838E+02
  -0.078  0.6760E+01  0.2844E+02
  -0.068  0.6740E+01  0.2851E+02
  -0.058  0.6719E+01  0.2858E+02
  -0.048  0.6697E+01  0.2865E+02
  -0.038  0.6674E+01  0.2871E+02
  -0.028  0.6651E+01  0.2878E+02
  -0.018  0.6627E+01  0.2884E+02
  -0.008  0.6603E+01  0.2891E+02
   0.002  0.6579E+01  0.2898E+02
   0.012  0.6555E+01  0.2904E+02
   0.022  0.6532E+01  0.2911E+02
   0.032  0.6509E+01  0.2917E+02
   0.042  0.6487E+01  0.2924E+02
   0.052  0.6465E+01  0.2930E+02
   0.062  0.6445E+01  0.2937E+02
   0.072  0.6427E+01  0.2943E+02
   0.082  0.6410E+01  0.2949E+02
   0.092  0.6395E+01  0.2956E+02
   0.102  0.6381E+01  0.2962E+02
   0.112  0.6371E+01  0.2969E+02
   0.122  0.6362E+01  0.2975E+02
   0.132  0.6356E+01  0.2981E+02
   0.142  0.6352E+01  0.2988E+02
   0.152  0.6351E+01  0.2994E+02
   0.162  0.6353E+01  0.3000E+02
   0.172  0.6358E+01  0.3007E+02
   0.182  0.6365E+01  0.3013E+02
   0.192  0.6376E+01  0.3020E+02
   0.202  0.6389E+01  0.3026E+02
   0.212  0.6404E+01  0.3032E+02
   0.222  0.6423E+01  0.3039E+02
   0.232  0.6444E+01  0.3045E+02
   0.242  0.6467E+01  0.3052E+02
   0.252  0.6492E+01  0.3058E+02
   0.262  0.6520E+01  0.3065E+02
   0.272  0.6549E+01  0.3071E+02
   0.282  0.6580E+01  0.3078E+02
   0.292  0.6613E+01  0.3084E+02
   0.302  0.6646E+01  0.3091E+02
   0.312  0.6681E+01  0.3098E+02
   0.322  0.6716E+01  0.3104E+02
   0.332  0.6752E+01  0.3111E+02
   0.342  0.6788E+01  0.3118E+02
   0.352  0.6824E+01  0.3125E+02
   0.362  0.6859E+01  0.3132E+02
   0.372  0.6894E+01  0.3139E+02
   0.382  0.6928E+01  0.3145E+02
   0.392  0.6961E+01  0.3152E+02
   0.402  0.6992E+01  0.3159E+02
   0.412  0.7022E+01  0.3166E+02
   0.422  0.7050E+01  0.3174E+02
   0.432  0.7076E+01  0.3181E+02
   0.442  0.7100E+01  0.3188E+02
   0.452  0.7121E+01  0.3195E+02
   0.462  0.7140E+01  0.3202E+02
   0.472  0.7157E+01  0.3209E+02
   0.482  0.7170E+01  0.3216E+02
   0.492  0.7181E+01  0.3223E+02
   0.502  0.7189E+01  0.3231E+02
   0.512  0.7194E+01  0.3238E+02
   0.522  0.7197E+01  0.3245E+02
   0.532  0.7196E+01  0.3252E+02
   0.542  0.7193E+01  0.3259E+02
   0.552  0.7188E+01  0.3267E+02
   0.562  0.7180E+01  0.3274E+02
   0.572  0.7170E+01  0.3281E+02
   0.582  0.7157E+01  0.3288E+02
   0.592  0.7144E+01  0.3295E+02
   0.602  0.7128E+01  0.3302E+02
   0.612  0.7112E+01  0.3309E+02
   0.622  0.7094E+01  0.3317E+02
   0.632  0.7076E+01  0.3324E+02
   0.642  0.7058E+01  0.3331E+02
   0.652  0.7040E+01  0.3338E+02
   0.662  0.7023E+01  0.3345E+02
   0.672  0.7006E+01  0.3352E+02
   0.682  0.6991E+01  0.3359E+02
   0.692  0.6977E+01  0.3366E+02
   0.702  0.6965E+01  0.3373E+02
   0.712  0.6955E+01  0.3380E+02
   0.722  0.6948E+01  0.3387E+02
   0.732  0.6944E+01  0.3394E+02
   0.742  0.6942E+01  0.3401E+02
   0.752  0.6944E+01  0.3407E+02
   0.762  0.6949E+01  0.3414E+02
   0.772  0.6958E+01  0.3421E+02
   0.782  0.6970E+01  0.3428E+02
   0.792  0.6986E+01  0.3435E+02
   0.802  0.7006E+01  0.3442E+02
   0.812  0.7029E+01  0.3449E+02
   0.822  0.7056E+01  0.3456E+02
   0.832  0.7087E+01  0.3464E+02
   0.842  0.7120E+01  0.3471E+02
   0.852  0.7157E+01  0.3478E+02
   0.862  0.7197E+01  0.3485E+02
   0.872  0.7239E+01  0.3492E+02
   0.882  0.7284E+01  0.3499E+02
   0.892  0.7330E+01  0.3507E+02
   0.902  0.7378E+01  0.3514E+02
   0.912  0.7428E+01  0.3522E+02
   0.922  0.7479E+01  0.3529E+02
   0.932  0.7530E+01  0.3537E+02
   0.942  0.7581E+01  0.3544E+02
   0.952  0.7632E+01  0.3552E+02
   0.962  0.7683E+01  0.3560E+02
   0.972  0.7733E+01  0.3567E+02
   0.982  0.7782E+01  0.3575E+02
   0.992  0.7829E+01  0.3583E+02
   1.002  0.7875E+01  0.3591E+02
   1.012  0.7918E+01  0.3599E+02
   1.022  0.7960E+01  0.3607E+02
   1.032  0.7999E+01  0.3615E+02
   1.042  0.8035E+01  0.3623E+02
   1.052  0.8069E+01  0.3631E+02
   1.062  0.8100E+01  0.3639E+02
   1.072  0.8128E+01  0.3647E+02
   1.082  0.8153E+01  0.3655E+02
   1.092  0.8175E+01  0.3663E+02
   1.102  0.8195E+01  0.3671E+02
   1.112  0.8212E+01  0.3680E+02
   1.122  0.8227E+01  0.3688E+02
   1.132  0.8239E+01  0.3696E+02
   1.142  0.8249E+01  0.3704E+02
   1.152  0.8258E+01  0.3713E+02
   1.162  0.8264E+01  0.3721E+02
   1.172  0.8269E+01  0.3729E+02
   1.182  0.8272E+01  0.3737E+02
   1.192  0.8275E+01  0.3746E+02
   1.202  0.8276E+01  0.3754E+02
   1.212  0.8277E+01  0.3762E+02
   1.222  0.8278E+01  0.3771E+02
   1.232  0.8278E+01  0.3779E+02
   1.242  0.8279E+01  0.3787E+02
   1.252  0.8280E+01  0.3795E+02
   1.262  0.8281E+01  0.3804E+02
   1.272  0.8283E+01  0.3812E+02
   1.282  0.8286E+01  0.3820E+02
   1.292  0.8289E+01  0.3829E+02
   1.302  0.8294E+01  0.3837E+02
   1.312  0.8299E+01  0.3845E+02
   1.322  0.8305E+01  0.3853E+02
   1.332  0.8312E+01  0.3862E+02
   1.342  0.8320E+01  0.3870E+02
   1.352  0.8328E+01  0.3878E+02
   1.362  0.8338E+01  0.3887E+02
   1.372  0.8347E+01  0.3895E+02
   1.382  0.8357E+01  0.3903E+02
   1.392  0.8367E+01  0.3912E+02
   1.402  0.8377E+01  0.3920E+02
   1.412  0.8387E+01  0.3929E+02
   1.422  0.8397E+01  0.3937E+02
   1.432  0.8405E+01  0.3945E+02
   1.442  0.8413E+01  0.3954E+02
   1.452  0.8420E+01  0.3962E+02
   1.462  0.8425E+01  0.3971E+02
   1.472  0.8428E+01  0.3979E+02
   1.482  0.8430E+01  0.3988E+02
   1.492  0.8430E+01  0.3996E+02
   1.502  0.8428E+01  0.4004E+02
   1.512  0.8423E+01  0.4013E+02
   1.522  0.8415E+01  0.4021E+02
   1.532  0.8405E+01  0.4030E+02
   1.542  0.8393E+01  0.4038E+02
   1.552  0.8377E+01  0.4046E+02
   1.562  0.8359E+01  0.4055E+02
   1.572  0.8337E+01  0.4063E+02
   1.582  0.8313E+01  0.4071E+02
   1.592  0.8286E+01  0.4080E+02
   1.602  0.8256E+01  0.4088E+02
   1.612  0.8224E+01  0.4096E+02
   1.622  0.8188E+01  0.4104E+02
   1.632  0.8150E+01  0.4113E+02
   1.642  0.8110E+01  0.4121E+02
   1.652  0.8067E+01  0.4129E+02
   1.662  0.8022E+01  0.4137E+02
   1.672  0.7975E+01  0.4145E+02
   1.682  0.7926E+01  0.4153E+02
   1.692  0.7876E+01  0.4160E+02
   1.702  0.7824E+01  0.4168E+02
   1.712  0.7771E+01  0.4176E+02
   1.722  0.7717E+01  0.4184E+02
   1.732  0.7662E+01  0.4191E+02
   1.742  0.7606E+01  0.4199E+02
   1.752  0.7550E+01  0.4207E+02
   1.762  0.7493E+01  0.4214E+02
   1.772  0.7437E+01  0.4222E+02
   1.782  0.7381E+01  0.4229E+02
   1.792  0.7325E+01  0.4236E+02
   1.802  0.7269E+01  0.4244E+02
   1.812  0.7214E+01  0.4251E+02
   1.822  0.7160E+01  0.4258E+02
   1.832  0.7108E+01  0.4265E+02
   1.842  0.7056E+01  0.4272E+02
   1.852  0.7006E+01  0.4279E+02
   1.862  0.6958E+01  0.4286E+02
   1.872  0.6911E+01  0.4293E+02
   1.882  0.6866E+01  0.4300E+02
   1.892  0.6824E+01  0.4307E+02
   1.902  0.6783E+01  0.4313E+02
   1.912  0.6745E+01  0.4320E+02
   1.922  0.6710E+01  0.4327E+02
   1.932  0.6677E+01  0.4334E+02
   1.942  0.6647E+01  0.4340E+02
   1.952  0.6620E+01  0.4347E+02
   1.962  0.6596E+01  0.4353E+02
   1.972  0.6575E+01  0.4360E+02
   1.982  0.6557E+01  0.4367E+02
   1.992  0.6543E+01  0.4373E+02
   2.002  0.6531E+01  0.4380E+02
   2.012  0.6523E+01  0.4386E+02
   2.022  0.6518E+01  0.4393E+02
   2.032  0.6516E+01  0.4399E+02
   2.042  0.6518E+01  0.4406E+02
   2.052  0.6522E+01  0.4412E+02
   2.062  0.6529E+01  0.4419E+02
   2.072  0.6539E+01  0.4425E+02
   2.082  0.6552E+01  0.4432E+02
   2.092  0.6567E+01  0.4438E+02
   2.102  0.6584E+01  0.4445E+02
   2.112  0.6603E+01  0.4452E+02
   2.122  0.6624E+01  0.4458E+02
   2.132  0.6647E+01  0.4465E+02
   2.142  0.6670E+01  0.4472E+02
   2.152  0.6694E+01  0.4478E+02
   2.162  0.6718E+01  0.4485E+02
   2.172  0.6742E+01  0.4492E+02
   2.182  0.6766E+01  0.4498E+02
   2.192  0.6789E+01  0.4505E+02
   2.202  0.6811E+01  0.4512E+02
   2.212  0.6831E+01  0.4519E+02
   2.222  0.6849E+01  0.4526E+02
   2.232  0.6864E+01  0.4533E+02
   2.242  0.6877E+01  0.4539E+02
   2.252  0.6886E+01  0.4546E+02
   2.262  0.6891E+01  0.4553E+02
   2.272  0.6892E+01  0.4560E+02
   2.282  0.6888E+01  0.4567E+02
   2.292  0.6880E+01  0.4574E+02
   2.302  0.6866E+01  0.4581E+02
   2.312  0.6846E+01  0.4588E+02
   2.322  0.6821E+01  0.4594E+02
   2.332  0.6790E+01  0.4601E+02
   2.342  0.6752E+01  0.4608E+02
   2.352  0.6707E+01  0.4615E+02
   2.362  0.6656E+01  0.4621E+02
   2.372  0.6598E+01  0.4628E+02
   2.382  0.6532E+01  0.4634E+02
   2.392  0.6460E+01  0.4641E+02
   2.402  0.6381E+01  0.4647E+02
   2.412  0.6295E+01  0.4654E+02
   2.422  0.6201E+01  0.4660E+02
   2.432  0.6101E+01  0.4666E+02
   2.442  0.5995E+01  0.4672E+02
   2.452  0.5881E+01  0.4678E+02
   2.462  0.5762E+01  0.4684E+02
   2.472  0.5637E+01  0.4689E+02
   2.482  0.5506E+01  0.4695E+02
   2.492  0.5369E+01  0.4700E+02
   2.502  0.5228E+01  0.4705E+02
   2.512  0.5082E+01  0.4710E+02
   2.522  0.4933E+01  0.4715E+02
   2.532  0.4779E+01  0.4720E+02
   2.542  0.4623E+01  0.4725E+02
   2.552  0.4464E+01  0.4729E+02
   2.562  0.4302E+01  0.4733E+02
   2.572  0.4140E+01  0.4738E+02
   2.582  0.3976E+01  0.4742E+02
   2.592  0.3811E+01  0.4745E+02
   2.602  0.3647E+01  0.4749E+02
   2.612  0.3483E+01  0.4753E+02
   2.622  0.3320E+01  0.4756E+02
   2.632  0.3158E+01  0.4759E+02
   2.642  0.2999E+01  0.4762E+02
   2.652  0.2841E+01  0.4765E+02
   2.662  0.2687E+01  0.4768E+02
   2.672  0.2536E+01  0.4770E+02
   2.682  0.2388E+01  0.4772E+02
   2.692  0.2245E+01  0.4775E+02
   2.702  0.2105E+01  0.4777E+02
   2.712  0.1970E+01  0.4779E+02
   2.722  0.1840E+01  0.4781E+02
   2.732  0.1715E+01  0.4782E+02
   2.742  0.1594E+01  0.4784E+02
   2.752  0.1479E+01  0.4785E+02
   2.762  0.1370E+01  0.4787E+02
   2.772  0.1265E+01  0.4788E+02
   2.782  0.1166E+01  0.4789E+02
   2.792  0.1072E+01  0.4790E+02
   2.802  0.9839E+00  0.4791E+02
   2.812  0.9007E+00  0.4792E+02
   2.822  0.8227E+00  0.4793E+02
   2.832  0.7496E+00  0.4794E+02
   2.842  0.6815E+00  0.4794E+02
   2.852  0.6182E+00  0.4795E+02
   2.862  0.5594E+00  0.4796E+02
   2.872  0.5050E+00  0.4796E+02
   2.882  0.4548E+00  0.4797E+02
   2.892  0.4087E+00  0.4797E+02
   2.902  0.3663E+00  0.4797E+02
   2.912  0.3276E+00  0.4798E+02
   2.922  0.2922E+00  0.4798E+02
   2.932  0.2601E+00  0.4798E+02
   2.942  0.2309E+00  0.4798E+02
   2.952  0.2045E+00  0.4799E+02
   2.962  0.1807E+00  0.4799E+02
   2.972  0.1592E+00  0.4799E+02
   2.982  0.1400E+00  0.4799E+02
   2.992  0.1228E+00  0.4799E+02
   3.002  0.1074E+00  0.4799E+02
   3.012  0.9374E-01  0.4799E+02
   3.022  0.8160E-01  0.4800E+02
   3.032  0.7087E-01  0.4800E+02
   3.042  0.6139E-01  0.4800E+02
   3.052  0.5305E-01  0.4800E+02
   3.062  0.4572E-01  0.4800E+02
